/*--------------------------------*- C++ -*----------------------------------*\
| =========                 |                                                 |
| \\      /  F ield         | OpenFOAM: The Open Source CFD Toolbox           |
|  \\    /   O peration     | Version:  2412                                  |
|   \\  /    A nd           | Website:  www.openfoam.com                      |
|    \\/     M anipulation  |                                                 |
\*---------------------------------------------------------------------------*/
FoamFile
{
    version     2.0;
    format      ascii;
    arch        "LSB;label=32;scalar=64";
    class       volScalarField;
    location    "17.5";
    object      p;
}
// * * * * * * * * * * * * * * * * * * * * * * * * * * * * * * * * * * * * * //

dimensions      [0 2 -2 0 0 0 0];

internalField   nonuniform List<scalar> 
5285
(
-0.000634302
-0.000518521
-0.000414549
-0.000322094
-0.000240693
-0.000169766
-0.000108636
-5.65559e-05
-1.27414e-05
2.36079e-05
5.32858e-05
7.70635e-05
9.56766e-05
0.000109815
0.000120118
0.000127168
0.00013149
0.000133553
0.000133769
0.000132498
0.000130052
0.000126696
0.000122654
0.000118115
0.000113235
0.00010814
0.000102935
9.7702e-05
-0.000652259
-0.000535204
-0.000429982
-0.000336313
-0.000253744
-0.000181705
-0.000119526
-6.64627e-05
-2.17331e-05
1.54628e-05
4.59203e-05
7.04127e-05
8.96785e-05
0.000104412
0.000115254
0.000122793
0.000127557
0.000130019
0.000130594
0.000129648
0.000127492
0.000124398
0.00012059
0.000116262
0.00011157
0.000106645
0.000101591
9.64952e-05
-0.000687395
-0.000567886
-0.000460238
-0.000364213
-0.000279375
-0.00020517
-0.000140941
-8.59556e-05
-3.94346e-05
-5.78993e-07
3.14082e-05
5.73044e-05
7.78535e-05
9.37557e-05
0.000105661
0.000114162
0.000119797
0.000123045
0.00012433
0.000124021
0.000122439
0.00011986
0.000116515
0.000112601
0.000108281
0.000103689
9.89328e-05
9.4107e-05
-0.000737945
-0.000614963
-0.000503873
-0.000404484
-0.000316405
-0.0002391
-0.000171934
-0.000114189
-6.50918e-05
-2.38466e-05
1.03456e-05
3.82673e-05
6.06697e-05
7.8262e-05
9.17034e-05
0.000101598
0.000108494
0.000112881
0.000115193
0.000115809
0.000115059
0.000113226
0.000110552
0.000107239
0.000103457
9.93475e-05
9.50235e-05
9.05898e-05
-0.00067436
-0.000559125
-0.000455656
-0.000363607
-0.000282481
-0.000211672
-0.000150482
-9.81534e-05
-5.38944e-05
-1.69077e-05
1.35926e-05
3.83643e-05
5.81254e-05
7.35456e-05
8.52409e-05
9.37706e-05
9.96367e-05
0.000103285
0.000105106
0.000105441
0.000104584
0.000102785
0.000100257
9.71781e-05
9.36969e-05
8.99357e-05
8.60113e-05
-0.000747006
-0.000627341
-0.000519368
-0.000422832
-0.000337291
-0.00026219
-0.000196872
-0.000140608
-9.26275e-05
-5.21459e-05
-1.83832e-05
9.41752e-06
3.19775e-05
4.99726e-05
6.40274e-05
7.47114e-05
8.25376e-05
8.79634e-05
9.13923e-05
9.3177e-05
9.3623e-05
9.29929e-05
9.15104e-05
8.93646e-05
8.67139e-05
8.36923e-05
8.04259e-05
-0.000831315
-0.000706333
-0.000592968
-0.000491059
-0.000400254
-0.000320051
-0.000249842
-0.000188933
-0.00013658
-9.2009e-05
-5.44473e-05
-2.31372e-05
2.64805e-06
2.35936e-05
4.03361e-05
5.3459e-05
6.34905e-05
7.09039e-05
7.61187e-05
7.95037e-05
8.13798e-05
8.20246e-05
8.16761e-05
8.05367e-05
7.87771e-05
7.65435e-05
7.39642e-05
9.24944e-05
8.7279e-05
8.20855e-05
7.69649e-05
7.19468e-05
6.70552e-05
6.23107e-05
5.7729e-05
5.33216e-05
4.90969e-05
4.50602e-05
4.12145e-05
3.7561e-05
3.4099e-05
3.08264e-05
2.77402e-05
2.48361e-05
2.21095e-05
1.95549e-05
1.71669e-05
1.49395e-05
1.28667e-05
1.09427e-05
9.16168e-06
7.51798e-06
6.00605e-06
4.62045e-06
3.35574e-06
2.20648e-06
1.16715e-06
2.32094e-07
-6.04457e-07
-1.34833e-06
-2.00541e-06
-2.58152e-06
-3.08239e-06
-3.51357e-06
-3.88039e-06
-4.18793e-06
-4.44095e-06
-4.64399e-06
-4.80127e-06
-4.91687e-06
-4.99437e-06
9.14314e-05
8.63042e-05
8.11901e-05
7.61488e-05
7.1205e-05
6.63815e-05
6.16992e-05
5.71744e-05
5.28189e-05
4.86413e-05
4.46475e-05
4.08409e-05
3.72228e-05
3.37929e-05
3.05495e-05
2.74897e-05
2.46098e-05
2.1905e-05
1.93704e-05
1.70006e-05
1.47897e-05
1.2732e-05
1.08217e-05
9.05314e-06
7.4208e-06
5.91918e-06
4.54291e-06
3.28664e-06
2.14498e-06
1.11248e-06
1.83547e-07
-6.47527e-07
-1.38651e-06
-2.03922e-06
-2.61145e-06
-3.10884e-06
-3.53691e-06
-3.90097e-06
-4.20603e-06
-4.45683e-06
-4.65788e-06
-4.81339e-06
-4.9274e-06
-5.00349e-06
8.93173e-05
8.43662e-05
7.94115e-05
7.45281e-05
6.97316e-05
6.50429e-05
6.0484e-05
5.6072e-05
5.18193e-05
4.77354e-05
4.38267e-05
4.00974e-05
3.65496e-05
3.31835e-05
2.99981e-05
2.69911e-05
2.4159e-05
2.14979e-05
1.90029e-05
1.66692e-05
1.44912e-05
1.24634e-05
1.05804e-05
8.83678e-06
7.22705e-06
5.74594e-06
4.38827e-06
3.1488e-06
2.0223e-06
1.00341e-06
8.66826e-08
-7.33472e-07
-1.4627e-06
-2.10672e-06
-2.67118e-06
-3.16165e-06
-3.58354e-06
-3.94207e-06
-4.24217e-06
-4.48854e-06
-4.68562e-06
-4.83758e-06
-4.94842e-06
-5.02169e-06
8.6178e-05
8.14889e-05
7.67746e-05
7.21255e-05
6.75467e-05
6.30571e-05
5.86806e-05
5.44352e-05
5.03346e-05
4.6389e-05
4.26063e-05
3.89916e-05
3.55479e-05
3.22765e-05
2.91772e-05
2.62484e-05
2.34876e-05
2.08912e-05
1.84553e-05
1.61752e-05
1.40461e-05
1.2063e-05
1.02207e-05
8.51398e-06
6.93791e-06
5.48738e-06
4.1574e-06
2.94298e-06
1.83905e-06
8.40454e-07
-5.80764e-08
-8.61939e-07
-1.57662e-06
-2.20764e-06
-2.76051e-06
-3.24064e-06
-3.65328e-06
-4.00352e-06
-4.29622e-06
-4.53596e-06
-4.72712e-06
-4.87378e-06
-4.97987e-06
-5.0489e-06
8.20535e-05
7.77093e-05
7.33162e-05
6.89743e-05
6.46794e-05
6.04498e-05
5.63113e-05
5.22835e-05
4.83814e-05
4.46169e-05
4.0999e-05
3.75344e-05
3.42273e-05
3.10802e-05
2.8094e-05
2.52681e-05
2.26009e-05
2.00898e-05
1.77316e-05
1.55223e-05
1.34577e-05
1.15334e-05
9.7447e-06
8.08685e-06
6.55519e-06
5.14501e-06
3.85161e-06
2.67026e-06
1.59616e-06
6.24393e-07
-2.50065e-07
-1.03237e-06
-1.72778e-06
-2.34159e-06
-2.87909e-06
-3.34548e-06
-3.74585e-06
-4.08511e-06
-4.36798e-06
-4.59892e-06
-4.78221e-06
-4.92182e-06
-5.02163e-06
-5.08504e-06
7.69936e-05
7.3079e-05
6.90855e-05
6.51184e-05
6.11682e-05
5.72545e-05
5.34052e-05
4.9642e-05
4.59817e-05
4.24378e-05
3.90212e-05
3.574e-05
3.26001e-05
2.96053e-05
2.67578e-05
2.40583e-05
2.15062e-05
1.91e-05
1.68374e-05
1.47153e-05
1.27302e-05
1.08784e-05
9.15574e-06
7.55812e-06
6.08125e-06
4.72085e-06
3.4726e-06
2.3321e-06
1.29485e-06
3.56263e-07
-4.88412e-07
-1.24403e-06
-1.91557e-06
-2.50804e-06
-3.02646e-06
-3.47579e-06
-3.86091e-06
-4.18653e-06
-4.45717e-06
-4.67718e-06
-4.85069e-06
-4.98154e-06
-5.07352e-06
-5.12995e-06
7.107e-05
6.76628e-05
6.41448e-05
6.06105e-05
5.7058e-05
5.35099e-05
4.99959e-05
4.65398e-05
4.31605e-05
3.98736e-05
3.66917e-05
3.36248e-05
3.06805e-05
2.78642e-05
2.51794e-05
2.26283e-05
2.02116e-05
1.79289e-05
1.57789e-05
1.37595e-05
1.18682e-05
1.01019e-05
8.4573e-06
6.93079e-06
5.51866e-06
4.21712e-06
3.02226e-06
1.93009e-06
9.36473e-07
3.71878e-08
-7.72167e-07
-1.49612e-06
-2.1393e-06
-2.70639e-06
-3.20211e-06
-3.63115e-06
-3.9981e-06
-4.30745e-06
-4.56354e-06
-4.77051e-06
-4.93233e-06
-5.05274e-06
-5.13538e-06
-5.18348e-06
6.41648e-05
6.13711e-05
5.84227e-05
5.53846e-05
5.22855e-05
4.91556e-05
4.60261e-05
4.29228e-05
3.9867e-05
3.68766e-05
3.39662e-05
3.11477e-05
2.84304e-05
2.58216e-05
2.33264e-05
2.09484e-05
1.86898e-05
1.65514e-05
1.45332e-05
1.26341e-05
1.08527e-05
9.18675e-06
7.63365e-06
6.1906e-06
4.8545e-06
3.6221e-06
2.49e-06
1.45467e-06
5.12427e-07
-3.40559e-07
-1.10827e-06
-1.79484e-06
-2.40451e-06
-2.9416e-06
-3.41045e-06
-3.81544e-06
-4.16086e-06
-4.45093e-06
-4.68974e-06
-4.88124e-06
-5.02921e-06
-5.13723e-06
-5.20878e-06
-5.24701e-06
5.64367e-05
5.42967e-05
5.1952e-05
4.94619e-05
4.68671e-05
4.42035e-05
4.1504e-05
3.87966e-05
3.61048e-05
3.34487e-05
3.08451e-05
2.83079e-05
2.58484e-05
2.34755e-05
2.11963e-05
1.90157e-05
1.69377e-05
1.49644e-05
1.30971e-05
1.1336e-05
9.68058e-06
8.12975e-06
6.6818e-06
5.33466e-06
4.08597e-06
2.93312e-06
1.87329e-06
9.03441e-07
2.04229e-08
-7.79126e-07
-1.49874e-06
-2.14207e-06
-2.71293e-06
-3.21522e-06
-3.6529e-06
-4.02994e-06
-4.35032e-06
-4.61796e-06
-4.83667e-06
-5.01015e-06
-5.14199e-06
-5.23557e-06
-5.29422e-06
-5.32094e-06
4.81522e-05
4.66742e-05
4.49507e-05
4.30368e-05
4.09769e-05
3.88098e-05
3.65697e-05
3.42866e-05
3.19863e-05
2.96909e-05
2.74192e-05
2.51871e-05
2.30076e-05
2.08917e-05
1.8848e-05
1.68833e-05
1.50029e-05
1.32105e-05
1.15088e-05
9.89928e-06
8.38251e-06
6.95839e-06
5.62623e-06
4.38481e-06
3.23253e-06
2.16746e-06
1.18742e-06
2.89961e-07
-5.27546e-07
-1.26792e-06
-1.93418e-06
-2.52951e-06
-3.05724e-06
-3.5208e-06
-3.92373e-06
-4.26962e-06
-4.56206e-06
-4.80463e-06
-5.00088e-06
-5.15422e-06
-5.26802e-06
-5.34546e-06
-5.38969e-06
-5.40353e-06
3.93911e-05
3.85869e-05
3.75003e-05
3.61832e-05
3.46805e-05
3.30322e-05
3.12742e-05
2.94381e-05
2.75516e-05
2.56384e-05
2.37194e-05
2.18123e-05
1.9932e-05
1.80911e-05
1.63e-05
1.45673e-05
1.28996e-05
1.13024e-05
9.77948e-06
8.3337e-06
6.96689e-06
5.68002e-06
4.47337e-06
3.34661e-06
2.29899e-06
1.32928e-06
4.35994e-07
-3.8269e-07
-1.12882e-06
-1.80465e-06
-2.41266e-06
-2.95549e-06
-3.43598e-06
-3.85708e-06
-4.22187e-06
-4.53352e-06
-4.79523e-06
-5.01023e-06
-5.18174e-06
-5.31291e-06
-5.40683e-06
-5.46649e-06
-5.49482e-06
-5.49447e-06
3.02362e-05
3.01177e-05
2.968e-05
2.89732e-05
2.80424e-05
2.69288e-05
2.56695e-05
2.42973e-05
2.28415e-05
2.13276e-05
1.9778e-05
1.82121e-05
1.66467e-05
1.5096e-05
1.35721e-05
1.20851e-05
1.06433e-05
9.25342e-06
7.92085e-06
6.64967e-06
5.44291e-06
4.30267e-06
3.23023e-06
2.22621e-06
1.29068e-06
4.23224e-07
-3.76966e-07
-1.11104e-06
-1.7804e-06
-2.38673e-06
-2.93191e-06
-3.41806e-06
-3.84746e-06
-4.2226e-06
-4.54605e-06
-4.82055e-06
-5.04888e-06
-5.23392e-06
-5.37852e-06
-5.48556e-06
-5.55786e-06
-5.59816e-06
-5.60918e-06
-5.59339e-06
2.07811e-05
2.13518e-05
2.15673e-05
2.1477e-05
2.11262e-05
2.05568e-05
1.98068e-05
1.89101e-05
1.78971e-05
1.67949e-05
1.56273e-05
1.44153e-05
1.31773e-05
1.1929e-05
1.06842e-05
9.45439e-06
8.24941e-06
7.07743e-06
5.94514e-06
4.85793e-06
3.82002e-06
2.83463e-06
1.90408e-06
1.02996e-06
2.13168e-07
-5.4588e-07
-1.24726e-06
-1.89141e-06
-2.4791e-06
-3.01137e-06
-3.48953e-06
-3.91512e-06
-4.28989e-06
-4.61578e-06
-4.89488e-06
-5.12949e-06
-5.32195e-06
-5.47476e-06
-5.59041e-06
-5.67147e-06
-5.7205e-06
-5.73994e-06
-5.73232e-06
-5.69988e-06
1.11169e-05
1.23713e-05
1.32371e-05
1.37628e-05
1.39938e-05
1.39722e-05
1.37366e-05
1.33217e-05
1.2759e-05
1.20767e-05
1.12999e-05
1.0451e-05
9.54965e-06
8.61321e-06
7.65674e-06
6.69328e-06
5.73405e-06
4.78857e-06
3.86484e-06
2.96948e-06
2.1079e-06
1.28443e-06
5.02434e-07
-2.35573e-07
-9.27779e-07
-1.57297e-06
-2.17045e-06
-2.71995e-06
-3.22155e-06
-3.67565e-06
-4.08297e-06
-4.44446e-06
-4.76132e-06
-5.03493e-06
-5.26691e-06
-5.45906e-06
-5.61332e-06
-5.73176e-06
-5.81655e-06
-5.86989e-06
-5.89406e-06
-5.89124e-06
-5.86371e-06
-5.81349e-06
1.32913e-06
3.25476e-06
4.76139e-06
5.89645e-06
6.70501e-06
7.22932e-06
7.50812e-06
7.57676e-06
7.46737e-06
7.20908e-06
6.82811e-06
6.34795e-06
5.78955e-06
5.17149e-06
4.51019e-06
3.81998e-06
3.11338e-06
2.40118e-06
1.69264e-06
9.95558e-07
3.16494e-07
-3.39153e-07
-9.66989e-07
-1.56357e-06
-2.12618e-06
-2.6528e-06
-3.14195e-06
-3.59262e-06
-4.00421e-06
-4.37649e-06
-4.70954e-06
-5.00373e-06
-5.25968e-06
-5.47825e-06
-5.66054e-06
-5.80788e-06
-5.92178e-06
-6.00389e-06
-6.05601e-06
-6.08002e-06
-6.07786e-06
-6.05146e-06
-6.00283e-06
-5.93375e-06
-8.50119e-06
-5.92318e-06
-3.7912e-06
-2.05913e-06
-6.82465e-07
3.80745e-07
1.16923e-06
1.71856e-06
2.06136e-06
2.22741e-06
2.24376e-06
2.13484e-06
1.92263e-06
1.62686e-06
1.26506e-06
8.52768e-07
4.03673e-07
-7.02525e-08
-5.58596e-07
-1.05243e-06
-1.5441e-06
-2.02718e-06
-2.4963e-06
-2.94707e-06
-3.37591e-06
-3.77997e-06
-4.15698e-06
-4.50523e-06
-4.82341e-06
-5.11065e-06
-5.36639e-06
-5.59043e-06
-5.78279e-06
-5.94382e-06
-6.0741e-06
-6.17449e-06
-6.24605e-06
-6.29002e-06
-6.30783e-06
-6.301e-06
-6.27116e-06
-6.21994e-06
-6.1491e-06
-6.06019e-06
-1.82982e-05
-1.50923e-05
-1.23558e-05
-1.00442e-05
-8.11379e-06
-6.52327e-06
-5.23421e-06
-4.21107e-06
-3.42102e-06
-2.83389e-06
-2.42203e-06
-2.16029e-06
-2.02582e-06
-1.998e-06
-2.05831e-06
-2.19016e-06
-2.37883e-06
-2.61124e-06
-2.87596e-06
-3.163e-06
-3.46369e-06
-3.77062e-06
-4.07749e-06
-4.37898e-06
-4.67067e-06
-4.94891e-06
-5.21065e-06
-5.45344e-06
-5.67533e-06
-5.87476e-06
-6.05058e-06
-6.20195e-06
-6.32837e-06
-6.42964e-06
-6.50584e-06
-6.55734e-06
-6.58478e-06
-6.58897e-06
-6.57096e-06
-6.53192e-06
-6.47316e-06
-6.396e-06
-6.30193e-06
-6.19227e-06
-2.79918e-05
-2.41872e-05
-2.08717e-05
-1.80025e-05
-1.55371e-05
-1.3435e-05
-1.16584e-05
-1.01721e-05
-8.94324e-06
-7.94157e-06
-7.13907e-06
-6.51008e-06
-6.03111e-06
-5.68084e-06
-5.4399e-06
-5.29084e-06
-5.21799e-06
-5.20738e-06
-5.2466e-06
-5.3247e-06
-5.43208e-06
-5.5604e-06
-5.70247e-06
-5.85212e-06
-6.00411e-06
-6.15397e-06
-6.29793e-06
-6.43284e-06
-6.55604e-06
-6.66537e-06
-6.75903e-06
-6.83561e-06
-6.89405e-06
-6.93362e-06
-6.95392e-06
-6.95484e-06
-6.93657e-06
-6.89952e-06
-6.84434e-06
-6.77185e-06
-6.68303e-06
-6.57892e-06
-6.4607e-06
-6.32945e-06
-3.75177e-05
-3.31479e-05
-2.92829e-05
-2.58819e-05
-2.29039e-05
-2.03096e-05
-1.8062e-05
-1.61264e-05
-1.44704e-05
-1.30637e-05
-1.18783e-05
-1.08881e-05
-1.00693e-05
-9.39996e-06
-8.86012e-06
-8.43161e-06
-8.09797e-06
-7.84443e-06
-7.65775e-06
-7.5261e-06
-7.43905e-06
-7.38741e-06
-7.36314e-06
-7.35927e-06
-7.36978e-06
-7.38944e-06
-7.41376e-06
-7.4389e-06
-7.46156e-06
-7.47892e-06
-7.4886e-06
-7.48861e-06
-7.47737e-06
-7.45361e-06
-7.41645e-06
-7.36532e-06
-7.29996e-06
-7.22039e-06
-7.12685e-06
-7.01981e-06
-6.89993e-06
-6.76794e-06
-6.62475e-06
-6.47115e-06
-4.68181e-05
-4.19196e-05
-3.75378e-05
-3.36342e-05
-3.01693e-05
-2.71052e-05
-2.44061e-05
-2.20382e-05
-1.99695e-05
-1.817e-05
-1.66118e-05
-1.52689e-05
-1.41172e-05
-1.31343e-05
-1.22999e-05
-1.15953e-05
-1.10032e-05
-1.05084e-05
-1.00968e-05
-9.75593e-06
-9.47449e-06
-9.24257e-06
-9.05137e-06
-8.89318e-06
-8.76121e-06
-8.64954e-06
-8.55299e-06
-8.46706e-06
-8.38781e-06
-8.31181e-06
-8.2361e-06
-8.15815e-06
-8.07583e-06
-7.9874e-06
-7.89149e-06
-7.78707e-06
-7.67346e-06
-7.55026e-06
-7.41733e-06
-7.2748e-06
-7.12299e-06
-6.96231e-06
-6.79341e-06
-6.61681e-06
-5.58415e-05
-5.04534e-05
-4.55901e-05
-4.12155e-05
-3.7292e-05
-3.37833e-05
-3.06549e-05
-2.7874e-05
-2.54095e-05
-2.32318e-05
-2.13135e-05
-1.96285e-05
-1.81528e-05
-1.68639e-05
-1.5741e-05
-1.47651e-05
-1.39187e-05
-1.31857e-05
-1.25516e-05
-1.20031e-05
-1.15284e-05
-1.11169e-05
-1.07591e-05
-1.04466e-05
-1.0172e-05
-9.9285e-06
-9.71046e-06
-9.5127e-06
-9.33068e-06
-9.16037e-06
-8.99828e-06
-8.84134e-06
-8.6869e-06
-8.53276e-06
-8.37707e-06
-8.21836e-06
-8.05553e-06
-7.88777e-06
-7.71459e-06
-7.53576e-06
-7.35128e-06
-7.16123e-06
-6.96598e-06
-6.7658e-06
-6.45427e-05
-5.87058e-05
-5.33983e-05
-4.85863e-05
-4.42346e-05
-4.03086e-05
-3.67752e-05
-3.3603e-05
-3.07616e-05
-2.82225e-05
-2.59584e-05
-2.3944e-05
-2.2155e-05
-2.05693e-05
-1.91658e-05
-1.79253e-05
-1.68298e-05
-1.58631e-05
-1.50099e-05
-1.42567e-05
-1.35911e-05
-1.30017e-05
-1.24785e-05
-1.20125e-05
-1.15956e-05
-1.12206e-05
-1.0881e-05
-1.05712e-05
-1.02861e-05
-1.00209e-05
-9.77188e-06
-9.53527e-06
-9.308e-06
-9.0874e-06
-8.87117e-06
-8.65742e-06
-8.44462e-06
-8.23157e-06
-8.01746e-06
-7.80167e-06
-7.58388e-06
-7.3639e-06
-7.14177e-06
-6.91752e-06
-7.2883e-05
-6.66391e-05
-6.09259e-05
-5.57118e-05
-5.09639e-05
-4.66494e-05
-4.27371e-05
-3.91968e-05
-3.59994e-05
-3.31171e-05
-3.05237e-05
-2.81939e-05
-2.61042e-05
-2.42324e-05
-2.25575e-05
-2.10603e-05
-1.97226e-05
-1.85277e-05
-1.74604e-05
-1.65064e-05
-1.56529e-05
-1.48882e-05
-1.42017e-05
-1.35838e-05
-1.30258e-05
-1.25201e-05
-1.20596e-05
-1.16381e-05
-1.12498e-05
-1.08899e-05
-1.05536e-05
-1.0237e-05
-9.93656e-06
-9.64904e-06
-9.37177e-06
-9.10244e-06
-8.83914e-06
-8.58029e-06
-8.3247e-06
-8.07145e-06
-7.81987e-06
-7.56949e-06
-7.32006e-06
-7.07133e-06
-8.08295e-05
-7.42212e-05
-6.81415e-05
-6.25614e-05
-5.74503e-05
-5.27775e-05
-4.85136e-05
-4.46299e-05
-4.10986e-05
-3.78932e-05
-3.4988e-05
-3.23586e-05
-2.9982e-05
-2.78361e-05
-2.59005e-05
-2.41557e-05
-2.25837e-05
-2.11675e-05
-1.98917e-05
-1.87419e-05
-1.77047e-05
-1.67682e-05
-1.59212e-05
-1.51536e-05
-1.44565e-05
-1.38215e-05
-1.32411e-05
-1.27087e-05
-1.2218e-05
-1.17635e-05
-1.13403e-05
-1.09438e-05
-1.057e-05
-1.02154e-05
-9.87684e-06
-9.55164e-06
-9.2375e-06
-8.9325e-06
-8.63508e-06
-8.34401e-06
-8.05831e-06
-7.77718e-06
-7.50012e-06
-7.22661e-06
-8.83553e-05
-8.14251e-05
-7.50183e-05
-6.91088e-05
-6.36682e-05
-5.86681e-05
-5.40809e-05
-4.98795e-05
-4.60377e-05
-4.25301e-05
-3.9332e-05
-3.64198e-05
-3.37712e-05
-3.13647e-05
-2.918e-05
-2.71979e-05
-2.54005e-05
-2.37709e-05
-2.22935e-05
-2.09535e-05
-1.97377e-05
-1.86335e-05
-1.76295e-05
-1.67154e-05
-1.58815e-05
-1.51192e-05
-1.44207e-05
-1.37786e-05
-1.31865e-05
-1.26383e-05
-1.21286e-05
-1.16526e-05
-1.12057e-05
-1.07842e-05
-1.03843e-05
-1.00032e-05
-9.63812e-06
-9.28681e-06
-8.94738e-06
-8.61827e-06
-8.29822e-06
-7.98612e-06
-7.68121e-06
-7.38272e-06
-9.54393e-05
-8.8229e-05
-8.15345e-05
-7.53322e-05
-6.9596e-05
-6.42999e-05
-5.94182e-05
-5.49255e-05
-5.07973e-05
-4.70093e-05
-4.35381e-05
-4.0361e-05
-3.74564e-05
-3.48035e-05
-3.23824e-05
-3.01743e-05
-2.81614e-05
-2.63271e-05
-2.46555e-05
-2.31322e-05
-2.17433e-05
-2.04764e-05
-1.93197e-05
-1.82626e-05
-1.7295e-05
-1.64081e-05
-1.55935e-05
-1.48436e-05
-1.41515e-05
-1.35107e-05
-1.29155e-05
-1.23606e-05
-1.18413e-05
-1.13531e-05
-1.08923e-05
-1.04554e-05
-1.00394e-05
-9.64182e-06
-9.26036e-06
-8.89316e-06
-8.53865e-06
-8.19548e-06
-7.86259e-06
-7.53899e-06
-0.000102065
-9.4616e-05
-8.76724e-05
-8.12134e-05
-7.52156e-05
-6.96548e-05
-6.45077e-05
-5.97506e-05
-5.53605e-05
-5.13146e-05
-4.75907e-05
-4.41672e-05
-4.10234e-05
-3.81391e-05
-3.5495e-05
-3.3073e-05
-3.08554e-05
-2.88258e-05
-2.69685e-05
-2.5269e-05
-2.37137e-05
-2.22896e-05
-2.09851e-05
-1.97891e-05
-1.86915e-05
-1.7683e-05
-1.67549e-05
-1.58994e-05
-1.5109e-05
-1.43773e-05
-1.36978e-05
-1.30652e-05
-1.24741e-05
-1.192e-05
-1.13987e-05
-1.09064e-05
-1.04399e-05
-9.99615e-06
-9.57278e-06
-9.16757e-06
-8.77866e-06
-8.40441e-06
-8.04354e-06
-7.69479e-06
-0.000108222
-0.000100573
-9.34185e-05
-8.67384e-05
-8.05122e-05
-7.47181e-05
-6.93345e-05
-6.43399e-05
-5.97127e-05
-5.54317e-05
-5.1476e-05
-4.78252e-05
-4.44594e-05
-4.13594e-05
-3.85066e-05
-3.58833e-05
-3.34723e-05
-3.12575e-05
-2.92236e-05
-2.7356e-05
-2.56411e-05
-2.40661e-05
-2.26191e-05
-2.1289e-05
-2.00654e-05
-1.89389e-05
-1.79004e-05
-1.69418e-05
-1.60556e-05
-1.52346e-05
-1.44726e-05
-1.37634e-05
-1.31017e-05
-1.24826e-05
-1.19015e-05
-1.13545e-05
-1.08378e-05
-1.03484e-05
-9.88344e-06
-9.44043e-06
-9.01728e-06
-8.61208e-06
-8.2233e-06
-7.84947e-06
-0.000113903
-0.000106093
-9.87632e-05
-9.18967e-05
-8.54747e-05
-7.94779e-05
-7.38866e-05
-6.86811e-05
-6.38417e-05
-5.93486e-05
-5.51822e-05
-5.13234e-05
-4.77534e-05
-4.44538e-05
-4.14069e-05
-3.85954e-05
-3.6003e-05
-3.36138e-05
-3.14127e-05
-2.93855e-05
-2.75186e-05
-2.57994e-05
-2.42159e-05
-2.27568e-05
-2.14118e-05
-2.01711e-05
-1.90257e-05
-1.79671e-05
-1.69875e-05
-1.60796e-05
-1.52368e-05
-1.44528e-05
-1.37219e-05
-1.30389e-05
-1.2399e-05
-1.1798e-05
-1.12319e-05
-1.06973e-05
-1.01911e-05
-9.71069e-06
-9.25357e-06
-8.81765e-06
-8.40115e-06
-8.00238e-06
-0.000119104
-0.00011117
-0.000103701
-9.66808e-05
-9.00948e-05
-8.39252e-05
-7.81543e-05
-7.27644e-05
-6.77374e-05
-6.30549e-05
-5.86991e-05
-5.46518e-05
-5.08955e-05
-4.74127e-05
-4.41866e-05
-4.12007e-05
-3.84391e-05
-3.58866e-05
-3.35283e-05
-3.13505e-05
-2.93397e-05
-2.74834e-05
-2.57696e-05
-2.41872e-05
-2.27258e-05
-2.13754e-05
-2.01268e-05
-1.89715e-05
-1.79014e-05
-1.69092e-05
-1.59877e-05
-1.51307e-05
-1.43322e-05
-1.35867e-05
-1.28892e-05
-1.22352e-05
-1.16205e-05
-1.10414e-05
-1.04947e-05
-9.97728e-06
-9.48661e-06
-9.02031e-06
-8.57637e-06
-8.15288e-06
-0.000123828
-0.000115804
-0.000108227
-0.000101087
-9.43672e-05
-8.80537e-05
-8.21307e-05
-7.65822e-05
-7.13916e-05
-6.65425e-05
-6.20182e-05
-5.7802e-05
-5.38773e-05
-5.0228e-05
-4.68379e-05
-4.36914e-05
-4.07732e-05
-3.80688e-05
-3.55638e-05
-3.32446e-05
-3.10983e-05
-2.91124e-05
-2.72751e-05
-2.55754e-05
-2.40028e-05
-2.25473e-05
-2.11998e-05
-1.99514e-05
-1.87941e-05
-1.77202e-05
-1.67227e-05
-1.57948e-05
-1.49305e-05
-1.41241e-05
-1.33704e-05
-1.26645e-05
-1.20022e-05
-1.13795e-05
-1.07929e-05
-1.02392e-05
-9.71549e-06
-9.21924e-06
-8.74823e-06
-8.30035e-06
-0.000128076
-0.000119995
-0.000112344
-0.000105113
-9.82889e-05
-9.18596e-05
-8.58109e-05
-8.01288e-05
-7.47985e-05
-6.98049e-05
-6.51328e-05
-6.0767e-05
-5.66919e-05
-5.28925e-05
-4.93537e-05
-4.60606e-05
-4.29988e-05
-4.01541e-05
-3.7513e-05
-3.50621e-05
-3.27889e-05
-3.06813e-05
-2.87276e-05
-2.69168e-05
-2.52386e-05
-2.36831e-05
-2.2241e-05
-2.09035e-05
-1.96624e-05
-1.851e-05
-1.7439e-05
-1.64427e-05
-1.55146e-05
-1.46491e-05
-1.38407e-05
-1.30844e-05
-1.23757e-05
-1.17104e-05
-1.10847e-05
-1.04954e-05
-9.93931e-06
-9.41366e-06
-8.91605e-06
-8.44417e-06
-0.000131857
-0.000123749
-0.000116053
-0.00010876
-0.000101859
-9.53409e-05
-8.91921e-05
-8.34007e-05
-7.79536e-05
-7.28371e-05
-6.80377e-05
-6.35411e-05
-5.93334e-05
-5.54005e-05
-5.17281e-05
-4.83025e-05
-4.51099e-05
-4.21369e-05
-3.93704e-05
-3.67978e-05
-3.44067e-05
-3.21853e-05
-3.01224e-05
-2.82072e-05
-2.64294e-05
-2.47791e-05
-2.32471e-05
-2.18247e-05
-2.05036e-05
-1.92759e-05
-1.81344e-05
-1.70721e-05
-1.60826e-05
-1.51599e-05
-1.42985e-05
-1.34933e-05
-1.27394e-05
-1.20327e-05
-1.1369e-05
-1.07449e-05
-1.01572e-05
-9.60278e-06
-9.07912e-06
-8.58372e-06
-0.00013518
-0.000127074
-0.00011936
-0.000112032
-0.000105081
-9.84982e-05
-9.22736e-05
-8.63961e-05
-8.08543e-05
-7.5636e-05
-7.07289e-05
-6.61203e-05
-6.17974e-05
-5.77471e-05
-5.39564e-05
-5.04123e-05
-4.71019e-05
-4.40125e-05
-4.11316e-05
-3.8447e-05
-3.59471e-05
-3.36204e-05
-3.14558e-05
-2.94429e-05
-2.75714e-05
-2.58319e-05
-2.4215e-05
-2.27121e-05
-2.13148e-05
-2.00154e-05
-1.88064e-05
-1.7681e-05
-1.66325e-05
-1.56548e-05
-1.47423e-05
-1.38898e-05
-1.30923e-05
-1.23453e-05
-1.16448e-05
-1.09869e-05
-1.03683e-05
-9.78589e-06
-9.23681e-06
-8.71848e-06
-0.000138058
-0.000129981
-0.000122275
-0.000114937
-0.00010796
-0.000101336
-9.50578e-05
-8.91162e-05
-8.35008e-05
-7.82008e-05
-7.32052e-05
-6.85027e-05
-6.40816e-05
-5.99299e-05
-5.60357e-05
-5.23869e-05
-4.89715e-05
-4.57774e-05
-4.2793e-05
-4.00066e-05
-3.74071e-05
-3.49833e-05
-3.27247e-05
-3.06209e-05
-2.86622e-05
-2.6839e-05
-2.51422e-05
-2.35634e-05
-2.20941e-05
-2.07266e-05
-1.94535e-05
-1.82677e-05
-1.71628e-05
-1.61324e-05
-1.51709e-05
-1.42728e-05
-1.34332e-05
-1.26474e-05
-1.19111e-05
-1.12205e-05
-1.05721e-05
-9.96242e-06
-9.38861e-06
-8.84796e-06
-0.000140502
-0.000132476
-0.000124803
-0.000117479
-0.0001105
-0.000103861
-9.75493e-05
-9.15638e-05
-8.58947e-05
-8.05322e-05
-7.54664e-05
-7.06872e-05
-6.61843e-05
-6.19466e-05
-5.79634e-05
-5.42234e-05
-5.07156e-05
-4.74286e-05
-4.43515e-05
-4.14733e-05
-3.87832e-05
-3.62708e-05
-3.39258e-05
-3.17382e-05
-2.96985e-05
-2.77974e-05
-2.60261e-05
-2.43759e-05
-2.28389e-05
-2.14071e-05
-2.00732e-05
-1.88303e-05
-1.76716e-05
-1.65909e-05
-1.55825e-05
-1.46408e-05
-1.37608e-05
-1.29376e-05
-1.2167e-05
-1.14448e-05
-1.07675e-05
-1.01315e-05
-9.53374e-06
-8.97147e-06
-0.000142515
-0.000134563
-0.000126945
-0.000119658
-0.0001127
-0.000106064
-9.97463e-05
-9.37376e-05
-8.80342e-05
-8.26277e-05
-7.75095e-05
-7.26706e-05
-6.81018e-05
-6.37933e-05
-5.97353e-05
-5.59175e-05
-5.23297e-05
-4.89615e-05
-4.58025e-05
-4.28425e-05
-4.00712e-05
-3.74786e-05
-3.50551e-05
-3.27909e-05
-3.06768e-05
-2.87038e-05
-2.68632e-05
-2.51467e-05
-2.35463e-05
-2.20542e-05
-2.06632e-05
-1.93663e-05
-1.81568e-05
-1.70285e-05
-1.59755e-05
-1.49922e-05
-1.40736e-05
-1.32147e-05
-1.24111e-05
-1.16587e-05
-1.09535e-05
-1.02922e-05
-9.67142e-06
-9.0883e-06
-0.000114565
-0.000107953
-0.000101646
-9.56354e-05
-8.99169e-05
-8.44846e-05
-7.93313e-05
-7.44492e-05
-6.98304e-05
-6.5466e-05
-6.13474e-05
-5.74651e-05
-5.38098e-05
-5.0372e-05
-4.71421e-05
-4.41103e-05
-4.12672e-05
-3.86032e-05
-3.61091e-05
-3.37756e-05
-3.15938e-05
-2.9555e-05
-2.76509e-05
-2.58731e-05
-2.42139e-05
-2.26657e-05
-2.12214e-05
-1.98738e-05
-1.86166e-05
-1.74434e-05
-1.63482e-05
-1.53256e-05
-1.43703e-05
-1.34775e-05
-1.26425e-05
-1.18611e-05
-1.11295e-05
-1.04439e-05
-9.80098e-06
-9.19778e-06
-0.000760782
-0.000640176
-0.000531814
-0.000435311
-0.000350134
-0.00027563
-0.000211054
-0.000155607
-0.000108464
-6.87914e-05
-3.57769e-05
-8.63803e-06
1.33633e-05
3.0913e-05
4.464e-05
5.51133e-05
6.28423e-05
6.8278e-05
7.18155e-05
7.37983e-05
7.45218e-05
7.42379e-05
7.31599e-05
7.14659e-05
6.93015e-05
6.67919e-05
-0.000942591
-0.000808758
-0.000687031
-0.000577288
-0.000479185
-0.000392228
-0.000315804
-0.000249208
-0.000191677
-0.000142416
-0.000100625
-6.55135e-05
-3.63226e-05
-1.23319e-05
7.13008e-06
2.2681e-05
3.48821e-05
4.42375e-05
5.11957e-05
5.61513e-05
5.94489e-05
6.13866e-05
6.22201e-05
6.21673e-05
6.14123e-05
6.01086e-05
5.83875e-05
-0.000982143
-0.000848817
-0.000727227
-0.000617266
-0.000518624
-0.000430843
-0.000353351
-0.00028548
-0.000226506
-0.000175673
-0.000132214
-9.53751e-05
-6.44251e-05
-3.86704e-05
-1.74625e-05
-2.02682e-07
1.36545e-05
2.46009e-05
3.30756e-05
3.94668e-05
4.41149e-05
4.7316e-05
4.93257e-05
5.03632e-05
5.06152e-05
5.02392e-05
4.93681e-05
-0.00101889
-0.000886145
-0.000764792
-0.000654742
-0.000555712
-0.000467277
-0.000388895
-0.000319935
-0.000259708
-0.000207494
-0.000162558
-0.000124177
-9.16471e-05
-6.43e-05
-4.15079e-05
-2.26903e-05
-7.31635e-06
5.09404e-06
1.4971e-05
2.26962e-05
2.86059e-05
3.29939e-05
3.61149e-05
3.81887e-05
3.94034e-05
3.99192e-05
3.98716e-05
-0.00105097
-0.000919419
-0.000798871
-0.00068925
-0.000590303
-0.000501635
-0.000422738
-0.000353021
-0.000291834
-0.000238493
-0.000192301
-0.000152568
-0.000118621
-8.98195e-05
-6.55592e-05
-4.52802e-05
-2.84689e-05
-1.46588e-05
-3.43072e-06
5.58888e-06
1.27304e-05
1.82838e-05
2.2502e-05
2.56041e-05
2.77788e-05
2.91879e-05
2.99694e-05
-0.00107717
-0.000947557
-0.000828492
-0.000719923
-0.000621621
-0.000533226
-0.000454268
-0.000384197
-0.000322403
-0.000268245
-0.000221066
-0.000180213
-0.000145048
-0.000114961
-8.93748e-05
-6.7754e-05
-4.96041e-05
-3.44753e-05
-2.19616e-05
-1.16996e-05
-3.36665e-06
3.32173e-06
8.61495e-06
1.27302e-05
1.58559e-05
1.81541e-05
1.97643e-05
-0.0010971
-0.000970127
-0.000853208
-0.000746299
-0.0006492
-0.000561583
-0.000483021
-0.000413004
-0.000350969
-0.000296318
-0.000248439
-0.000206718
-0.000170555
-0.000139374
-0.000112629
-8.98086e-05
-7.0442e-05
-5.40978e-05
-4.03853e-05
-2.89536e-05
-1.94894e-05
-1.17151e-05
-5.3864e-06
-2.89172e-07
3.76314e-06
6.93235e-06
9.3584e-06
-0.00111058
-0.000986943
-0.000872802
-0.000768138
-0.000672778
-0.000586432
-0.000508713
-0.000439156
-0.000377245
-0.00032243
-0.000274144
-0.000231815
-0.000194885
-0.000162813
-0.000135086
-0.000111222
-9.07732e-05
-7.33303e-05
-5.85195e-05
-4.60037e-05
-3.54807e-05
-2.66818e-05
-1.93686e-05
-1.33316e-05
-8.38708e-06
-4.37459e-06
-1.15467e-06
-0.00111772
-0.00099803
-0.000887245
-0.000785365
-0.000692245
-0.000607631
-0.000531178
-0.000462469
-0.000401036
-0.000346377
-0.000297972
-0.000255297
-0.000217832
-0.000185078
-0.000156553
-0.000131808
-0.000110422
-9.20061e-05
-7.62066e-05
-6.27018e-05
-5.12024e-05
-4.14491e-05
-3.32116e-05
-2.62857e-05
-2.04916e-05
-1.56714e-05
-1.16871e-05
-0.00111883
-0.00100362
-0.00089669
-0.000798064
-0.000707626
-0.000625157
-0.000550354
-0.00048285
-0.000422224
-0.000368024
-0.000319778
-0.000277007
-0.000239238
-0.000206007
-0.000176872
-0.000151413
-0.000129236
-0.000109979
-9.33076e-05
-7.89162e-05
-6.65296e-05
-5.59e-05
-4.68055e-05
-3.90489e-05
-3.24551e-05
-2.68697e-05
-2.21568e-05
-0.0011144
-0.00100409
-0.000901427
-0.000806447
-0.000719062
-0.000639091
-0.000566275
-0.00050029
-0.000440767
-0.000387302
-0.000339472
-0.000296844
-0.000258988
-0.000225482
-0.000195918
-0.00016991
-0.000147093
-0.000127129
-0.000109704
-9.45328e-05
-8.13536e-05
-6.99309e-05
-6.00526e-05
-5.15291e-05
-4.41912e-05
-3.78887e-05
-3.24886e-05
-0.00110502
-0.000999929
-0.000901846
-0.000810815
-0.00072678
-0.000649596
-0.000579044
-0.000514848
-0.000456685
-0.000404201
-0.000357018
-0.000314751
-0.000277012
-0.000243419
-0.000213601
-0.000187204
-0.000163894
-0.000143356
-0.000125299
-0.000109456
-9.55815e-05
-8.34524e-05
-7.28673e-05
-6.36449e-05
-5.56227e-05
-4.86555e-05
-4.2614e-05
-0.00109135
-0.000991694
-0.000898398
-0.000811531
-0.000731065
-0.000656888
-0.000588822
-0.000526634
-0.000470048
-0.000418754
-0.000372422
-0.00033071
-0.000293274
-0.000259769
-0.000229861
-0.000203229
-0.000179566
-0.000158584
-0.000140015
-0.000123608
-0.000109136
-9.63889e-05
-8.51761e-05
-7.53255e-05
-6.66819e-05
-5.91057e-05
-5.2472e-05
-0.00107408
-0.000979948
-0.000891557
-0.000808987
-0.000732234
-0.00066122
-0.000595805
-0.000535796
-0.00048096
-0.000431031
-0.000385724
-0.000344739
-0.00030777
-0.000274512
-0.000244666
-0.000217941
-0.00019406
-0.000172759
-0.000153792
-0.000136928
-0.000121955
-0.000108678
-9.69175e-05
-8.65108e-05
-7.73103e-05
-6.91829e-05
-6.20085e-05
-0.00105384
-0.000965248
-0.000881795
-0.000803578
-0.000730617
-0.000662863
-0.000600211
-0.000542506
-0.000489554
-0.000441131
-0.000396993
-0.000356879
-0.000320522
-0.000287653
-0.000258006
-0.00023132
-0.000207345
-0.000185843
-0.000166588
-0.000149369
-0.000133991
-0.000120271
-0.000108041
-9.71506e-05
-8.74587e-05
-7.88389e-05
-7.11767e-05
-0.00103124
-0.000948113
-0.000869561
-0.000795689
-0.000726539
-0.00066209
-0.000602266
-0.000546947
-0.000495977
-0.000449169
-0.000406315
-0.000367194
-0.000331573
-0.000299217
-0.00026989
-0.000243362
-0.000219409
-0.000197815
-0.000178377
-0.000160901
-0.000145207
-0.000131128
-0.000118508
-0.000107205
-9.70863e-05
-8.80333e-05
-7.99369e-05
-0.0010068
-0.000929014
-0.000855267
-0.00078568
-0.000720312
-0.000659167
-0.000602196
-0.000549309
-0.000500385
-0.00045527
-0.000413792
-0.000375761
-0.00034098
-0.000309243
-0.000280345
-0.000254081
-0.000230254
-0.00020867
-0.000189144
-0.000171503
-0.000155581
-0.000141224
-0.000128289
-0.000116642
-0.000106161
-9.67333e-05
-8.82561e-05
-0.000980995
-0.000908365
-0.000839283
-0.000773877
-0.000712224
-0.000654345
-0.000600217
-0.000549779
-0.000502936
-0.000459568
-0.000419531
-0.000382669
-0.000348812
-0.000317784
-0.000289408
-0.000263504
-0.000239896
-0.000218413
-0.00019889
-0.000181169
-0.000165099
-0.000150541
-0.000137362
-0.000125439
-0.000114658
-0.000104913
-9.61076e-05
-0.000954209
-0.000886522
-0.000821932
-0.000760573
-0.000702535
-0.000647857
-0.000596537
-0.000548536
-0.000503787
-0.000462195
-0.000423647
-0.000388011
-0.000355147
-0.000324904
-0.000297128
-0.000271665
-0.000248361
-0.000227062
-0.000207622
-0.000189899
-0.000173759
-0.000159071
-0.000145717
-0.000133582
-0.00012256
-0.000112553
-0.000103471
-0.000926767
-0.000863788
-0.000803494
-0.000746026
-0.000691483
-0.000639918
-0.000591347
-0.000545753
-0.000503089
-0.000463286
-0.000426253
-0.000391886
-0.000360067
-0.000330669
-0.000303562
-0.000278611
-0.000255682
-0.000234641
-0.000215358
-0.000197706
-0.000181563
-0.000166814
-0.000153348
-0.000141061
-0.000129856
-0.000119641
-0.000110332
-0.000898934
-0.000840414
-0.000784208
-0.00073046
-0.000679275
-0.00063072
-0.000584825
-0.000541589
-0.000500987
-0.000462968
-0.000427465
-0.000394394
-0.000363659
-0.000335154
-0.00030877
-0.000284391
-0.0002619
-0.000241182
-0.000222121
-0.000204605
-0.000188525
-0.000173775
-0.000160257
-0.000147876
-0.000136541
-0.000126168
-0.00011668
-0.000870924
-0.00081661
-0.000764276
-0.000714068
-0.000666097
-0.000620438
-0.000577132
-0.000536196
-0.000497618
-0.000461367
-0.000427394
-0.000395634
-0.000366009
-0.000338435
-0.000312817
-0.00028906
-0.000267062
-0.000246723
-0.000227943
-0.000210621
-0.00019466
-0.000179968
-0.000166453
-0.000154029
-0.000142615
-0.000132133
-0.000122511
-0.000842907
-0.000792548
-0.00074387
-0.00069702
-0.000652111
-0.000609227
-0.000568418
-0.000529711
-0.000493111
-0.000458601
-0.000426148
-0.000395702
-0.000367205
-0.000340587
-0.000315772
-0.000292677
-0.000271217
-0.000251307
-0.000232857
-0.00021578
-0.000199992
-0.000185408
-0.000171946
-0.000159529
-0.000148083
-0.000137537
-0.000127823
-0.00081502
-0.000768369
-0.000723134
-0.000679459
-0.000637461
-0.000597226
-0.000558815
-0.000522263
-0.000487587
-0.000454783
-0.00042383
-0.000394695
-0.000367333
-0.000341689
-0.000317701
-0.000295301
-0.000274418
-0.000254977
-0.000236901
-0.000220116
-0.000204546
-0.000190116
-0.000176754
-0.000164389
-0.000152954
-0.000142385
-0.000132619
-0.000787371
-0.000744191
-0.00070219
-0.000661511
-0.000622272
-0.000584561
-0.000548446
-0.00051397
-0.000481158
-0.000450017
-0.00042054
-0.000392704
-0.000366477
-0.000341817
-0.000318675
-0.000296995
-0.000276717
-0.00025778
-0.000240117
-0.000223663
-0.000208352
-0.000194117
-0.000180896
-0.000168624
-0.00015724
-0.000146687
-0.000136907
-0.000760045
-0.000720108
-0.000681142
-0.000643285
-0.000606655
-0.000571344
-0.000537422
-0.000504939
-0.000473928
-0.000444405
-0.000416371
-0.000389815
-0.000364717
-0.000341044
-0.000318759
-0.000297818
-0.00027817
-0.000259765
-0.000242546
-0.000226457
-0.00021144
-0.000197438
-0.000184394
-0.000172251
-0.000160956
-0.000150453
-0.000140694
-0.000733111
-0.000696201
-0.000660077
-0.000624874
-0.000590709
-0.000557675
-0.000525844
-0.000495271
-0.000465995
-0.000438039
-0.000411413
-0.000386115
-0.000362132
-0.000339444
-0.000318023
-0.000297832
-0.000278833
-0.000260982
-0.000244234
-0.000228538
-0.000213847
-0.000200109
-0.000187275
-0.000175295
-0.00016412
-0.000153701
-0.000143993
-0.000706622
-0.000672534
-0.00063907
-0.000606362
-0.000574522
-0.000543645
-0.000513804
-0.000485058
-0.00045745
-0.000431009
-0.000405751
-0.000381684
-0.000358801
-0.00033709
-0.000316532
-0.000297099
-0.000278761
-0.000261483
-0.000245225
-0.000229948
-0.000215609
-0.000202163
-0.000189568
-0.00017778
-0.000166754
-0.000156448
-0.000146821
-0.00068062
-0.000649161
-0.000618185
-0.000587817
-0.000558168
-0.000529332
-0.000501382
-0.00047438
-0.000448372
-0.000423391
-0.000399461
-0.000376593
-0.000354789
-0.000334044
-0.000314345
-0.000295673
-0.000278005
-0.000261311
-0.000245562
-0.000230722
-0.000216756
-0.000203627
-0.000191296
-0.000179725
-0.000168875
-0.000158709
-0.000149189
-0.000655138
-0.000626126
-0.000597474
-0.000569301
-0.000541714
-0.000514806
-0.00048865
-0.000463309
-0.000438831
-0.000415256
-0.000392608
-0.000370906
-0.000350158
-0.000330362
-0.000311515
-0.000293601
-0.000276606
-0.000260506
-0.000245276
-0.000230889
-0.000217315
-0.000204522
-0.000192477
-0.000181146
-0.000170495
-0.000160492
-0.000151102
-0.000831305
-0.000706322
-0.000592953
-0.000491046
-0.000400242
-0.00032004
-0.000249832
-0.000188925
-0.000136572
-9.20014e-05
-5.44402e-05
-2.31306e-05
2.65406e-06
2.35991e-05
4.03412e-05
5.34635e-05
6.34946e-05
7.09075e-05
7.61219e-05
7.95065e-05
8.13823e-05
8.20268e-05
8.1678e-05
8.05384e-05
7.87786e-05
7.65449e-05
7.39656e-05
-0.000746996
-0.00062733
-0.000519353
-0.000422818
-0.000337278
-0.000262179
-0.000196862
-0.000140599
-9.26202e-05
-5.21396e-05
-1.83777e-05
9.42227e-06
3.19815e-05
4.9976e-05
6.40303e-05
7.47137e-05
8.25394e-05
8.79648e-05
9.13932e-05
9.31776e-05
9.36233e-05
9.2993e-05
9.15104e-05
8.93645e-05
8.67137e-05
8.36921e-05
8.04255e-05
-0.000674351
-0.000559114
-0.000455643
-0.000363594
-0.000282469
-0.000211662
-0.000150474
-9.81462e-05
-5.38886e-05
-1.69029e-05
1.35965e-05
3.83673e-05
5.81277e-05
7.35473e-05
8.52422e-05
9.37714e-05
9.96371e-05
0.000103285
0.000105106
0.000105441
0.000104583
0.000102784
0.000100256
9.7177e-05
9.36958e-05
8.99347e-05
8.60103e-05
-0.000737939
-0.000614956
-0.000503865
-0.000404475
-0.000316395
-0.000239091
-0.000171926
-0.000114182
-6.50859e-05
-2.38417e-05
1.03496e-05
3.82706e-05
6.06724e-05
7.82642e-05
9.17052e-05
0.0001016
0.000108496
0.000112882
0.000115193
0.000115809
0.000115059
0.000113226
0.000110551
0.000107238
0.000103457
9.9347e-05
9.5023e-05
9.05894e-05
-0.000687392
-0.000567882
-0.000460233
-0.000364207
-0.000279369
-0.000205163
-0.000140935
-8.59505e-05
-3.94301e-05
-5.7507e-07
3.14116e-05
5.73073e-05
7.7856e-05
9.3758e-05
0.000105663
0.000114164
0.000119799
0.000123046
0.000124331
0.000124022
0.00012244
0.00011986
0.000116515
0.000112601
0.000108281
0.000103689
9.8933e-05
9.41071e-05
-0.000652257
-0.000535202
-0.00042998
-0.00033631
-0.000253741
-0.000181702
-0.000119522
-6.64597e-05
-2.17305e-05
1.54652e-05
4.59223e-05
7.04145e-05
8.96801e-05
0.000104413
0.000115255
0.000122794
0.000127558
0.00013002
0.000130595
0.000129648
0.000127493
0.000124398
0.000120591
0.000116262
0.00011157
0.000106645
0.000101591
9.64952e-05
-0.000634301
-0.00051852
-0.000414549
-0.000322093
-0.000240692
-0.000169765
-0.000108634
-5.65549e-05
-1.27405e-05
2.36087e-05
5.32865e-05
7.70641e-05
9.5677e-05
0.000109816
0.000120118
0.000127168
0.00013149
0.000133553
0.000133769
0.000132498
0.000130052
0.000126696
0.000122654
0.000118115
0.000113235
0.00010814
0.000102935
9.77019e-05
7.1071e-05
6.76638e-05
6.41456e-05
6.06115e-05
5.7059e-05
5.35108e-05
4.99968e-05
4.65406e-05
4.31612e-05
3.98742e-05
3.66923e-05
3.36254e-05
3.0681e-05
2.78646e-05
2.51798e-05
2.26287e-05
2.02119e-05
1.79292e-05
1.57791e-05
1.37597e-05
1.18684e-05
1.01021e-05
8.45741e-06
6.93087e-06
5.51873e-06
4.21719e-06
3.02233e-06
1.93017e-06
9.36575e-07
3.72879e-08
-7.72087e-07
-1.49605e-06
-2.13925e-06
-2.70636e-06
-3.20208e-06
-3.63112e-06
-3.9981e-06
-4.30748e-06
-4.5636e-06
-4.7706e-06
-4.93243e-06
-5.05281e-06
-5.13544e-06
-5.18356e-06
7.69933e-05
7.30783e-05
6.90852e-05
6.51183e-05
6.11682e-05
5.72544e-05
5.34052e-05
4.96421e-05
4.59818e-05
4.24379e-05
3.90213e-05
3.57401e-05
3.26002e-05
2.96054e-05
2.67579e-05
2.40584e-05
2.15063e-05
1.91001e-05
1.68375e-05
1.47153e-05
1.27303e-05
1.08784e-05
9.15574e-06
7.5581e-06
6.08123e-06
4.72083e-06
3.47258e-06
2.33211e-06
1.29489e-06
3.56302e-07
-4.88369e-07
-1.244e-06
-1.91556e-06
-2.50803e-06
-3.02644e-06
-3.47578e-06
-3.86093e-06
-4.18656e-06
-4.45724e-06
-4.67728e-06
-4.85077e-06
-4.9816e-06
-5.07356e-06
-5.13001e-06
8.20523e-05
7.77082e-05
7.33153e-05
6.89737e-05
6.46788e-05
6.04493e-05
5.63108e-05
5.22831e-05
4.83811e-05
4.46166e-05
4.09988e-05
3.75342e-05
3.42272e-05
3.10801e-05
2.80939e-05
2.52681e-05
2.26009e-05
2.00898e-05
1.77316e-05
1.55223e-05
1.34577e-05
1.15334e-05
9.74463e-06
8.08679e-06
6.55512e-06
5.14493e-06
3.85154e-06
2.67022e-06
1.59614e-06
6.24404e-07
-2.50046e-07
-1.03236e-06
-1.72779e-06
-2.3416e-06
-2.8791e-06
-3.34549e-06
-3.74587e-06
-4.08515e-06
-4.36804e-06
-4.599e-06
-4.78228e-06
-4.92187e-06
-5.02166e-06
-5.0851e-06
8.61776e-05
8.14884e-05
7.67743e-05
7.21252e-05
6.75463e-05
6.30568e-05
5.86803e-05
5.4435e-05
5.03344e-05
4.63889e-05
4.26062e-05
3.89915e-05
3.55478e-05
3.22765e-05
2.91772e-05
2.62484e-05
2.34876e-05
2.08912e-05
1.84553e-05
1.61752e-05
1.40461e-05
1.20629e-05
1.02206e-05
8.51393e-06
6.93784e-06
5.48729e-06
4.15732e-06
2.94293e-06
1.83902e-06
8.4046e-07
-5.80625e-08
-8.61932e-07
-1.57663e-06
-2.20766e-06
-2.76053e-06
-3.24065e-06
-3.6533e-06
-4.00356e-06
-4.29627e-06
-4.53602e-06
-4.72717e-06
-4.87381e-06
-4.97991e-06
-5.04896e-06
8.93173e-05
8.43662e-05
7.94115e-05
7.45281e-05
6.97316e-05
6.50429e-05
6.0484e-05
5.6072e-05
5.18194e-05
4.77354e-05
4.38267e-05
4.00974e-05
3.65496e-05
3.31835e-05
2.99982e-05
2.69911e-05
2.41591e-05
2.14979e-05
1.9003e-05
1.66692e-05
1.44912e-05
1.24634e-05
1.05804e-05
8.83675e-06
7.227e-06
5.74588e-06
4.38821e-06
3.14877e-06
2.02228e-06
1.00342e-06
8.66939e-08
-7.33467e-07
-1.46272e-06
-2.10674e-06
-2.6712e-06
-3.16168e-06
-3.58357e-06
-3.9421e-06
-4.2422e-06
-4.48857e-06
-4.68566e-06
-4.83761e-06
-4.94845e-06
-5.02173e-06
9.14314e-05
8.63042e-05
8.119e-05
7.61488e-05
7.1205e-05
6.63815e-05
6.16992e-05
5.71744e-05
5.28189e-05
4.86414e-05
4.46475e-05
4.08409e-05
3.72228e-05
3.37929e-05
3.05495e-05
2.74898e-05
2.46098e-05
2.19051e-05
1.93705e-05
1.70006e-05
1.47897e-05
1.2732e-05
1.08217e-05
9.05314e-06
7.42078e-06
5.91914e-06
4.54287e-06
3.28661e-06
2.14498e-06
1.11249e-06
1.83558e-07
-6.47523e-07
-1.38652e-06
-2.03924e-06
-2.61146e-06
-3.10886e-06
-3.53694e-06
-3.90099e-06
-4.20605e-06
-4.45685e-06
-4.6579e-06
-4.8134e-06
-4.92741e-06
-5.00351e-06
9.24943e-05
8.72789e-05
8.20855e-05
7.69648e-05
7.19468e-05
6.70552e-05
6.23107e-05
5.7729e-05
5.33216e-05
4.90969e-05
4.50601e-05
4.12145e-05
3.7561e-05
3.4099e-05
3.08265e-05
2.77402e-05
2.48361e-05
2.21095e-05
1.95549e-05
1.71669e-05
1.49395e-05
1.28667e-05
1.09427e-05
9.16168e-06
7.51798e-06
6.00604e-06
4.62044e-06
3.35573e-06
2.20648e-06
1.16715e-06
2.32094e-07
-6.0446e-07
-1.34834e-06
-2.00541e-06
-2.58153e-06
-3.08239e-06
-3.51357e-06
-3.88039e-06
-4.18794e-06
-4.44096e-06
-4.64399e-06
-4.80127e-06
-4.91688e-06
-4.99438e-06
-0.000142513
-0.000134562
-0.000126943
-0.000119655
-0.000112696
-0.000106059
-9.97404e-05
-9.3733e-05
-8.803e-05
-8.26237e-05
-7.75056e-05
-7.26669e-05
-6.80983e-05
-6.379e-05
-5.97321e-05
-5.59146e-05
-5.23269e-05
-4.89588e-05
-4.58e-05
-4.28401e-05
-4.0069e-05
-3.74766e-05
-3.50532e-05
-3.27891e-05
-3.06752e-05
-2.87024e-05
-2.68619e-05
-2.51455e-05
-2.35452e-05
-2.20533e-05
-2.06624e-05
-1.93655e-05
-1.81561e-05
-1.7028e-05
-1.5975e-05
-1.49919e-05
-1.40733e-05
-1.32145e-05
-1.2411e-05
-1.16586e-05
-1.09536e-05
-1.02923e-05
-9.67159e-06
-9.08839e-06
-0.000140501
-0.000132476
-0.000124802
-0.000117479
-0.0001105
-0.000103859
-9.75506e-05
-9.15658e-05
-8.58967e-05
-8.05339e-05
-7.54679e-05
-7.06885e-05
-6.61854e-05
-6.19476e-05
-5.79641e-05
-5.4224e-05
-5.0716e-05
-4.74289e-05
-4.43517e-05
-4.14734e-05
-3.87833e-05
-3.62708e-05
-3.39258e-05
-3.17382e-05
-2.96985e-05
-2.77974e-05
-2.60261e-05
-2.43759e-05
-2.28389e-05
-2.14071e-05
-2.00732e-05
-1.88303e-05
-1.76717e-05
-1.65911e-05
-1.55827e-05
-1.4641e-05
-1.3761e-05
-1.29379e-05
-1.21673e-05
-1.14451e-05
-1.07678e-05
-1.01319e-05
-9.53415e-06
-8.97181e-06
-0.000138058
-0.00012998
-0.000122275
-0.000114937
-0.000107961
-0.000101338
-9.50609e-05
-8.91193e-05
-8.35036e-05
-7.82034e-05
-7.32076e-05
-6.85049e-05
-6.40836e-05
-5.99317e-05
-5.60374e-05
-5.23884e-05
-4.89728e-05
-4.57786e-05
-4.27941e-05
-4.00076e-05
-3.7408e-05
-3.49841e-05
-3.27254e-05
-3.06216e-05
-2.86628e-05
-2.68396e-05
-2.51428e-05
-2.35639e-05
-2.20946e-05
-2.07271e-05
-1.94539e-05
-1.82682e-05
-1.71632e-05
-1.61329e-05
-1.51714e-05
-1.42733e-05
-1.34337e-05
-1.26479e-05
-1.19116e-05
-1.12211e-05
-1.05726e-05
-9.96295e-06
-9.38914e-06
-8.84846e-06
-0.000135179
-0.000127073
-0.00011936
-0.000112032
-0.000105081
-9.84986e-05
-9.2274e-05
-8.63965e-05
-8.08545e-05
-7.56362e-05
-7.07291e-05
-6.61206e-05
-6.17977e-05
-5.77474e-05
-5.39567e-05
-5.04125e-05
-4.71021e-05
-4.40126e-05
-4.11317e-05
-3.84472e-05
-3.59473e-05
-3.36205e-05
-3.1456e-05
-2.94431e-05
-2.75716e-05
-2.58321e-05
-2.42152e-05
-2.27123e-05
-2.13151e-05
-2.00157e-05
-1.88067e-05
-1.76813e-05
-1.66328e-05
-1.56552e-05
-1.47427e-05
-1.38902e-05
-1.30927e-05
-1.23457e-05
-1.16452e-05
-1.09874e-05
-1.03688e-05
-9.7864e-06
-9.23731e-06
-8.71898e-06
-0.000131856
-0.000123749
-0.000116052
-0.000108759
-0.000101859
-9.53399e-05
-8.91912e-05
-8.33998e-05
-7.79526e-05
-7.28362e-05
-6.80367e-05
-6.35402e-05
-5.93326e-05
-5.53996e-05
-5.17273e-05
-4.83018e-05
-4.51092e-05
-4.21362e-05
-3.93698e-05
-3.67972e-05
-3.44061e-05
-3.21848e-05
-3.0122e-05
-2.82068e-05
-2.6429e-05
-2.47787e-05
-2.32468e-05
-2.18244e-05
-2.05034e-05
-1.92757e-05
-1.81342e-05
-1.7072e-05
-1.60826e-05
-1.516e-05
-1.42986e-05
-1.34934e-05
-1.27396e-05
-1.20328e-05
-1.13692e-05
-1.07452e-05
-1.01575e-05
-9.60308e-06
-9.07942e-06
-8.58406e-06
-0.000128075
-0.000119995
-0.000112343
-0.000105112
-9.8288e-05
-9.18586e-05
-8.581e-05
-8.01279e-05
-7.47975e-05
-6.9804e-05
-6.51319e-05
-6.0766e-05
-5.6691e-05
-5.28917e-05
-4.93529e-05
-4.60598e-05
-4.2998e-05
-4.01534e-05
-3.75123e-05
-3.50615e-05
-3.27884e-05
-3.06807e-05
-2.87271e-05
-2.69164e-05
-2.52382e-05
-2.36827e-05
-2.22407e-05
-2.09032e-05
-1.96622e-05
-1.85098e-05
-1.74389e-05
-1.64426e-05
-1.55146e-05
-1.46491e-05
-1.38407e-05
-1.30845e-05
-1.23758e-05
-1.17105e-05
-1.10849e-05
-1.04956e-05
-9.93954e-06
-9.41391e-06
-8.9163e-06
-8.44445e-06
-0.000123827
-0.000115803
-0.000108227
-0.000101086
-9.43662e-05
-8.80528e-05
-8.21298e-05
-7.65813e-05
-7.13907e-05
-6.65417e-05
-6.20173e-05
-5.78011e-05
-5.38765e-05
-5.02272e-05
-4.68371e-05
-4.36906e-05
-4.07726e-05
-3.80682e-05
-3.55632e-05
-3.32441e-05
-3.10978e-05
-2.91119e-05
-2.72747e-05
-2.5575e-05
-2.40024e-05
-2.2547e-05
-2.11995e-05
-1.99512e-05
-1.87939e-05
-1.77201e-05
-1.67226e-05
-1.57948e-05
-1.49305e-05
-1.41241e-05
-1.33704e-05
-1.26646e-05
-1.20023e-05
-1.13797e-05
-1.07931e-05
-1.02394e-05
-9.71573e-06
-9.21949e-06
-8.74848e-06
-8.30061e-06
-0.000119103
-0.000111169
-0.0001037
-9.66798e-05
-9.00938e-05
-8.39242e-05
-7.81534e-05
-7.27635e-05
-6.77364e-05
-6.3054e-05
-5.86982e-05
-5.4651e-05
-5.08947e-05
-4.7412e-05
-4.41859e-05
-4.12e-05
-3.84385e-05
-3.58859e-05
-3.35278e-05
-3.135e-05
-2.93392e-05
-2.74829e-05
-2.57692e-05
-2.41869e-05
-2.27255e-05
-2.13751e-05
-2.01265e-05
-1.89713e-05
-1.79012e-05
-1.6909e-05
-1.59876e-05
-1.51307e-05
-1.43322e-05
-1.35867e-05
-1.28893e-05
-1.22353e-05
-1.16206e-05
-1.10416e-05
-1.04949e-05
-9.9775e-06
-9.48685e-06
-9.02055e-06
-8.57661e-06
-8.15312e-06
-0.000113902
-0.000106092
-9.87621e-05
-9.18956e-05
-8.54737e-05
-7.94768e-05
-7.38856e-05
-6.86802e-05
-6.38407e-05
-5.93476e-05
-5.51813e-05
-5.13226e-05
-4.77526e-05
-4.4453e-05
-4.14061e-05
-3.85947e-05
-3.60023e-05
-3.36132e-05
-3.14121e-05
-2.9385e-05
-2.75182e-05
-2.5799e-05
-2.42155e-05
-2.27565e-05
-2.14115e-05
-2.01709e-05
-1.90255e-05
-1.79669e-05
-1.69873e-05
-1.60795e-05
-1.52367e-05
-1.44528e-05
-1.37219e-05
-1.30389e-05
-1.23991e-05
-1.17981e-05
-1.1232e-05
-1.06974e-05
-1.01913e-05
-9.7109e-06
-9.2538e-06
-8.81788e-06
-8.40138e-06
-8.0026e-06
-0.000108221
-0.000100572
-9.34173e-05
-8.67373e-05
-8.05111e-05
-7.4717e-05
-6.93335e-05
-6.43389e-05
-5.97117e-05
-5.54308e-05
-5.14751e-05
-4.78244e-05
-4.44586e-05
-4.13586e-05
-3.85059e-05
-3.58826e-05
-3.34717e-05
-3.12569e-05
-2.9223e-05
-2.73555e-05
-2.56406e-05
-2.40657e-05
-2.26188e-05
-2.12887e-05
-2.00652e-05
-1.89386e-05
-1.79002e-05
-1.69416e-05
-1.60554e-05
-1.52345e-05
-1.44725e-05
-1.37634e-05
-1.31018e-05
-1.24827e-05
-1.19016e-05
-1.13546e-05
-1.08379e-05
-1.03486e-05
-9.88363e-06
-9.44065e-06
-9.0175e-06
-8.6123e-06
-8.22352e-06
-7.84968e-06
-0.000102064
-9.46147e-05
-8.76712e-05
-8.12122e-05
-7.52143e-05
-6.96537e-05
-6.45066e-05
-5.97496e-05
-5.53595e-05
-5.13136e-05
-4.75898e-05
-4.41664e-05
-4.10225e-05
-3.81383e-05
-3.54943e-05
-3.30723e-05
-3.08547e-05
-2.88252e-05
-2.6968e-05
-2.52685e-05
-2.37132e-05
-2.22892e-05
-2.09847e-05
-1.97888e-05
-1.86912e-05
-1.76827e-05
-1.67547e-05
-1.58992e-05
-1.51089e-05
-1.43771e-05
-1.36978e-05
-1.30651e-05
-1.24741e-05
-1.192e-05
-1.13987e-05
-1.09064e-05
-1.04399e-05
-9.99628e-06
-9.57297e-06
-9.16779e-06
-8.77888e-06
-8.40463e-06
-8.04375e-06
-7.69499e-06
-9.5438e-05
-8.82277e-05
-8.15332e-05
-7.53309e-05
-6.95948e-05
-6.42987e-05
-5.9417e-05
-5.49245e-05
-5.07963e-05
-4.70083e-05
-4.35372e-05
-4.03602e-05
-3.74556e-05
-3.48027e-05
-3.23816e-05
-3.01736e-05
-2.81608e-05
-2.63265e-05
-2.4655e-05
-2.31317e-05
-2.17429e-05
-2.0476e-05
-1.93194e-05
-1.82623e-05
-1.72948e-05
-1.64079e-05
-1.55933e-05
-1.48434e-05
-1.41513e-05
-1.35106e-05
-1.29154e-05
-1.23606e-05
-1.18413e-05
-1.13531e-05
-1.08923e-05
-1.04554e-05
-1.00395e-05
-9.64195e-06
-9.26054e-06
-8.89338e-06
-8.53888e-06
-8.1957e-06
-7.86279e-06
-7.53918e-06
-8.83539e-05
-8.14237e-05
-7.5017e-05
-6.91076e-05
-6.3667e-05
-5.86669e-05
-5.40797e-05
-4.98784e-05
-4.60367e-05
-4.25291e-05
-3.93311e-05
-3.6419e-05
-3.37705e-05
-3.1364e-05
-2.91793e-05
-2.71973e-05
-2.53999e-05
-2.37704e-05
-2.2293e-05
-2.09531e-05
-1.97373e-05
-1.86331e-05
-1.76292e-05
-1.67151e-05
-1.58812e-05
-1.5119e-05
-1.44205e-05
-1.37785e-05
-1.31863e-05
-1.26382e-05
-1.21286e-05
-1.16526e-05
-1.12058e-05
-1.07842e-05
-1.03844e-05
-1.00032e-05
-9.63818e-06
-9.28692e-06
-8.94756e-06
-8.61849e-06
-8.29844e-06
-7.98633e-06
-7.6814e-06
-7.3829e-06
-8.0828e-05
-7.42198e-05
-6.81401e-05
-6.25601e-05
-5.7449e-05
-5.27763e-05
-4.85125e-05
-4.46288e-05
-4.10977e-05
-3.78923e-05
-3.49871e-05
-3.23578e-05
-2.99812e-05
-2.78354e-05
-2.58998e-05
-2.41551e-05
-2.25831e-05
-2.1167e-05
-1.98913e-05
-1.87414e-05
-1.77043e-05
-1.67678e-05
-1.59208e-05
-1.51533e-05
-1.44562e-05
-1.38212e-05
-1.32409e-05
-1.27085e-05
-1.22178e-05
-1.17634e-05
-1.13402e-05
-1.09438e-05
-1.057e-05
-1.02154e-05
-9.87684e-06
-9.55165e-06
-9.23755e-06
-8.9326e-06
-8.63525e-06
-8.34422e-06
-8.05853e-06
-7.7774e-06
-7.50032e-06
-7.2268e-06
-7.28815e-05
-6.66377e-05
-6.09245e-05
-5.57105e-05
-5.09626e-05
-4.66482e-05
-4.2736e-05
-3.91957e-05
-3.59984e-05
-3.31162e-05
-3.05228e-05
-2.81931e-05
-2.61035e-05
-2.42317e-05
-2.25569e-05
-2.10597e-05
-1.9722e-05
-1.85272e-05
-1.74599e-05
-1.65059e-05
-1.56525e-05
-1.48878e-05
-1.42014e-05
-1.35835e-05
-1.30256e-05
-1.25199e-05
-1.20594e-05
-1.16379e-05
-1.12497e-05
-1.08898e-05
-1.05536e-05
-1.0237e-05
-9.93655e-06
-9.64903e-06
-9.37177e-06
-9.10245e-06
-8.83918e-06
-8.58038e-06
-8.32485e-06
-8.07166e-06
-7.8201e-06
-7.56972e-06
-7.32026e-06
-7.07152e-06
-6.45412e-05
-5.87043e-05
-5.33969e-05
-4.85851e-05
-4.42334e-05
-4.03074e-05
-3.67741e-05
-3.36019e-05
-3.07606e-05
-2.82216e-05
-2.59576e-05
-2.39432e-05
-2.21543e-05
-2.05686e-05
-1.91651e-05
-1.79247e-05
-1.68293e-05
-1.58625e-05
-1.50095e-05
-1.42563e-05
-1.35907e-05
-1.30013e-05
-1.24782e-05
-1.20122e-05
-1.15953e-05
-1.12204e-05
-1.08808e-05
-1.0571e-05
-1.02859e-05
-1.00208e-05
-9.77179e-06
-9.53521e-06
-9.30797e-06
-9.08738e-06
-8.87117e-06
-8.65744e-06
-8.44466e-06
-8.23167e-06
-8.01761e-06
-7.80188e-06
-7.58411e-06
-7.36412e-06
-7.14198e-06
-6.91771e-06
-5.584e-05
-5.04519e-05
-4.55888e-05
-4.12142e-05
-3.72907e-05
-3.37821e-05
-3.06538e-05
-2.7873e-05
-2.54085e-05
-2.32309e-05
-2.13126e-05
-1.96277e-05
-1.81521e-05
-1.68632e-05
-1.57404e-05
-1.47646e-05
-1.39182e-05
-1.31852e-05
-1.25511e-05
-1.20027e-05
-1.1528e-05
-1.11166e-05
-1.07588e-05
-1.04463e-05
-1.01717e-05
-9.92828e-06
-9.71027e-06
-9.51252e-06
-9.33052e-06
-9.16023e-06
-8.99817e-06
-8.84125e-06
-8.68685e-06
-8.53273e-06
-8.37707e-06
-8.21839e-06
-8.05557e-06
-7.88785e-06
-7.71474e-06
-7.53596e-06
-7.3515e-06
-7.16145e-06
-6.96619e-06
-6.76599e-06
-4.68165e-05
-4.19181e-05
-3.75365e-05
-3.36329e-05
-3.01681e-05
-2.71041e-05
-2.44051e-05
-2.20372e-05
-1.99685e-05
-1.81691e-05
-1.6611e-05
-1.52682e-05
-1.41165e-05
-1.31337e-05
-1.22994e-05
-1.15947e-05
-1.10028e-05
-1.0508e-05
-1.00964e-05
-9.75553e-06
-9.47412e-06
-9.24223e-06
-9.05106e-06
-8.89291e-06
-8.76097e-06
-8.64932e-06
-8.55279e-06
-8.46688e-06
-8.38764e-06
-8.31165e-06
-8.23597e-06
-8.15806e-06
-8.07577e-06
-7.98737e-06
-7.89149e-06
-7.78709e-06
-7.67349e-06
-7.55032e-06
-7.41746e-06
-7.27498e-06
-7.1232e-06
-6.96253e-06
-6.79362e-06
-6.61701e-06
-3.75161e-05
-3.31463e-05
-2.92815e-05
-2.58806e-05
-2.29027e-05
-2.03085e-05
-1.80609e-05
-1.61254e-05
-1.44695e-05
-1.30629e-05
-1.18775e-05
-1.08874e-05
-1.00686e-05
-9.39935e-06
-8.85956e-06
-8.43109e-06
-8.0975e-06
-7.844e-06
-7.65734e-06
-7.52572e-06
-7.43869e-06
-7.38707e-06
-7.36284e-06
-7.35902e-06
-7.36955e-06
-7.38922e-06
-7.41356e-06
-7.43871e-06
-7.46138e-06
-7.47876e-06
-7.48847e-06
-7.48852e-06
-7.47729e-06
-7.45356e-06
-7.41643e-06
-7.36533e-06
-7.29999e-06
-7.22045e-06
-7.12697e-06
-7.01999e-06
-6.90014e-06
-6.76816e-06
-6.62496e-06
-6.47137e-06
-2.79901e-05
-2.41857e-05
-2.08703e-05
-1.80013e-05
-1.55359e-05
-1.34339e-05
-1.16574e-05
-1.01711e-05
-8.94236e-06
-7.94075e-06
-7.13833e-06
-6.5094e-06
-6.0305e-06
-5.68027e-06
-5.43937e-06
-5.29035e-06
-5.21754e-06
-5.20696e-06
-5.2462e-06
-5.32433e-06
-5.43173e-06
-5.56009e-06
-5.7022e-06
-5.85189e-06
-6.00389e-06
-6.15375e-06
-6.29772e-06
-6.43263e-06
-6.55586e-06
-6.66521e-06
-6.7589e-06
-6.8355e-06
-6.89396e-06
-6.93357e-06
-6.9539e-06
-6.95485e-06
-6.9366e-06
-6.89959e-06
-6.84446e-06
-6.77202e-06
-6.68323e-06
-6.57913e-06
-6.46092e-06
-6.32967e-06
-1.82965e-05
-1.50907e-05
-1.23544e-05
-1.00429e-05
-8.11262e-06
-6.52217e-06
-5.23319e-06
-4.21013e-06
-3.42018e-06
-2.83312e-06
-2.42134e-06
-2.15966e-06
-2.02524e-06
-1.99747e-06
-2.05782e-06
-2.18971e-06
-2.37839e-06
-2.61084e-06
-2.87559e-06
-3.16265e-06
-3.46337e-06
-3.77033e-06
-4.07723e-06
-4.37875e-06
-4.67045e-06
-4.94868e-06
-5.21042e-06
-5.45323e-06
-5.67514e-06
-5.87461e-06
-6.05045e-06
-6.20185e-06
-6.3283e-06
-6.4296e-06
-6.50583e-06
-6.55736e-06
-6.58482e-06
-6.58905e-06
-6.57108e-06
-6.53208e-06
-6.47335e-06
-6.39621e-06
-6.30215e-06
-6.19249e-06
-8.49951e-06
-5.92163e-06
-3.7898e-06
-2.05788e-06
-6.81311e-07
3.81814e-07
1.17022e-06
1.71946e-06
2.06218e-06
2.22814e-06
2.24441e-06
2.13543e-06
1.92319e-06
1.62737e-06
1.26552e-06
8.53198e-07
4.04078e-07
-6.98713e-08
-5.58249e-07
-1.0521e-06
-1.54379e-06
-2.02689e-06
-2.49604e-06
-2.94683e-06
-3.37569e-06
-3.77975e-06
-4.15676e-06
-4.50501e-06
-4.82323e-06
-5.1105e-06
-5.36628e-06
-5.59034e-06
-5.78273e-06
-5.94379e-06
-6.07411e-06
-6.17452e-06
-6.24609e-06
-6.2901e-06
-6.30794e-06
-6.30115e-06
-6.27134e-06
-6.22014e-06
-6.14931e-06
-6.06041e-06
1.33079e-06
3.25629e-06
4.76276e-06
5.89768e-06
6.70615e-06
7.23036e-06
7.50908e-06
7.57763e-06
7.46816e-06
7.20979e-06
6.82873e-06
6.34851e-06
5.79006e-06
5.17197e-06
4.51062e-06
3.82039e-06
3.11376e-06
2.40153e-06
1.69295e-06
9.95854e-07
3.1678e-07
-3.38872e-07
-9.66735e-07
-1.56334e-06
-2.12598e-06
-2.6526e-06
-3.14174e-06
-3.59242e-06
-4.00404e-06
-4.37635e-06
-4.70943e-06
-5.00366e-06
-5.25964e-06
-5.47823e-06
-5.66056e-06
-5.80791e-06
-5.92183e-06
-6.00397e-06
-6.05612e-06
-6.08017e-06
-6.07804e-06
-6.05166e-06
-6.00303e-06
-5.93397e-06
1.11185e-05
1.23728e-05
1.32384e-05
1.3764e-05
1.39949e-05
1.39732e-05
1.37375e-05
1.33225e-05
1.27598e-05
1.20774e-05
1.13005e-05
1.04515e-05
9.55014e-06
8.61365e-06
7.65714e-06
6.69366e-06
5.7344e-06
4.78889e-06
3.86513e-06
2.96975e-06
2.10816e-06
1.28469e-06
5.02671e-07
-2.35362e-07
-9.27582e-07
-1.57278e-06
-2.17026e-06
-2.71977e-06
-3.22139e-06
-3.67552e-06
-4.08287e-06
-4.4444e-06
-4.76128e-06
-5.03492e-06
-5.26694e-06
-5.4591e-06
-5.61337e-06
-5.73184e-06
-5.81666e-06
-5.87004e-06
-5.89423e-06
-5.89143e-06
-5.8639e-06
-5.81369e-06
2.07826e-05
2.13532e-05
2.15686e-05
2.14782e-05
2.11273e-05
2.05578e-05
1.98076e-05
1.89108e-05
1.78978e-05
1.67955e-05
1.56279e-05
1.44158e-05
1.31778e-05
1.19295e-05
1.06846e-05
9.45475e-06
8.24975e-06
7.07775e-06
5.94542e-06
4.85818e-06
3.82026e-06
2.83485e-06
1.90429e-06
1.03014e-06
2.13351e-07
-5.45702e-07
-1.24709e-06
-1.89126e-06
-2.47896e-06
-3.01124e-06
-3.48943e-06
-3.91506e-06
-4.28986e-06
-4.61578e-06
-4.89491e-06
-5.12952e-06
-5.32201e-06
-5.47483e-06
-5.59052e-06
-5.67161e-06
-5.72065e-06
-5.7401e-06
-5.73249e-06
-5.70007e-06
3.02376e-05
3.01191e-05
2.96812e-05
2.89743e-05
2.80434e-05
2.69297e-05
2.56703e-05
2.4298e-05
2.28421e-05
2.13282e-05
1.97785e-05
1.82126e-05
1.66471e-05
1.50964e-05
1.35724e-05
1.20854e-05
1.06436e-05
9.25372e-06
7.92112e-06
6.64991e-06
5.44313e-06
4.30287e-06
3.23041e-06
2.22638e-06
1.29085e-06
4.23381e-07
-3.76826e-07
-1.11091e-06
-1.78028e-06
-2.38661e-06
-2.93182e-06
-3.418e-06
-3.84743e-06
-4.22259e-06
-4.54606e-06
-4.82057e-06
-5.04893e-06
-5.23399e-06
-5.37862e-06
-5.48568e-06
-5.558e-06
-5.5983e-06
-5.60934e-06
-5.59356e-06
3.93925e-05
3.85881e-05
3.75014e-05
3.61841e-05
3.46813e-05
3.3033e-05
3.12749e-05
2.94388e-05
2.75522e-05
2.5639e-05
2.37199e-05
2.18127e-05
1.99324e-05
1.80914e-05
1.63004e-05
1.45676e-05
1.29e-05
1.13027e-05
9.77974e-06
8.33393e-06
6.96708e-06
5.68019e-06
4.47352e-06
3.34677e-06
2.29914e-06
1.32943e-06
4.36124e-07
-3.82576e-07
-1.12871e-06
-1.80455e-06
-2.41257e-06
-2.95543e-06
-3.43593e-06
-3.85705e-06
-4.22187e-06
-4.53353e-06
-4.79527e-06
-5.0103e-06
-5.18183e-06
-5.31301e-06
-5.40696e-06
-5.46661e-06
-5.49495e-06
-5.49462e-06
4.81534e-05
4.66756e-05
4.49519e-05
4.30377e-05
4.09778e-05
3.88105e-05
3.65704e-05
3.42873e-05
3.19869e-05
2.96915e-05
2.74197e-05
2.51875e-05
2.3008e-05
2.08921e-05
1.88483e-05
1.68836e-05
1.50032e-05
1.32108e-05
1.15091e-05
9.89949e-06
8.38268e-06
6.95854e-06
5.62637e-06
4.38495e-06
3.23267e-06
2.1676e-06
1.18755e-06
2.9008e-07
-5.2743e-07
-1.26781e-06
-1.93409e-06
-2.52944e-06
-3.05718e-06
-3.52076e-06
-3.92371e-06
-4.26961e-06
-4.56208e-06
-4.80469e-06
-5.00095e-06
-5.15432e-06
-5.26813e-06
-5.34556e-06
-5.3898e-06
-5.40366e-06
5.64385e-05
5.42981e-05
5.19537e-05
4.94632e-05
4.68682e-05
4.42046e-05
4.1505e-05
3.87974e-05
3.61056e-05
3.34494e-05
3.08457e-05
2.83085e-05
2.58489e-05
2.3476e-05
2.11967e-05
1.90162e-05
1.69381e-05
1.49647e-05
1.30974e-05
1.13362e-05
9.68078e-06
8.12992e-06
6.68195e-06
5.33481e-06
4.08613e-06
2.93327e-06
1.87342e-06
9.03579e-07
2.05584e-08
-7.79002e-07
-1.49863e-06
-2.14198e-06
-2.71286e-06
-3.21516e-06
-3.65285e-06
-4.02991e-06
-4.35033e-06
-4.61799e-06
-4.83673e-06
-5.01023e-06
-5.14208e-06
-5.23565e-06
-5.29431e-06
-5.32104e-06
6.41667e-05
6.13729e-05
5.84243e-05
5.53863e-05
5.2287e-05
4.91569e-05
4.60273e-05
4.29239e-05
3.9868e-05
3.68775e-05
3.3967e-05
3.11484e-05
2.84311e-05
2.58222e-05
2.33269e-05
2.09489e-05
1.86902e-05
1.65518e-05
1.45335e-05
1.26344e-05
1.08529e-05
9.18693e-06
7.6338e-06
6.19073e-06
4.85463e-06
3.62222e-06
2.49013e-06
1.45481e-06
5.12564e-07
-3.40429e-07
-1.10816e-06
-1.79475e-06
-2.40445e-06
-2.94154e-06
-3.4104e-06
-3.8154e-06
-4.16086e-06
-4.45095e-06
-4.6898e-06
-4.88133e-06
-5.02931e-06
-5.1373e-06
-5.20886e-06
-5.2471e-06
-0.000603464
-0.000576984
-0.00055087
-0.000525223
-0.000500133
-0.000475678
-0.000451918
-0.000428905
-0.000406679
-0.000385269
-0.000364698
-0.000344978
-0.000326114
-0.000308105
-0.000626121
-0.000597471
-0.000569301
-0.000541714
-0.000514805
-0.000488649
-0.000463309
-0.000438832
-0.000415257
-0.00039261
-0.000370908
-0.000350159
-0.000330364
-0.000311516
-0.000293603
-0.000276606
-0.000260507
-0.000245276
-0.000230888
-0.000217314
-0.000204521
-0.000192475
-0.000181144
-0.000170494
-0.00016049
-0.0001511
-0.000649154
-0.00061818
-0.000587814
-0.000558166
-0.000529328
-0.000501378
-0.000474375
-0.000448367
-0.000423386
-0.000399456
-0.000376588
-0.000354784
-0.000334039
-0.000314341
-0.00029567
-0.000278003
-0.00026131
-0.00024556
-0.000230721
-0.000216755
-0.000203626
-0.000191295
-0.000179724
-0.000168874
-0.000158708
-0.000149188
-0.000672526
-0.000639064
-0.000606358
-0.000574519
-0.000543641
-0.000513799
-0.000485053
-0.000457445
-0.000431004
-0.000405746
-0.000381679
-0.000358796
-0.000337085
-0.000316527
-0.000297096
-0.000278759
-0.000261481
-0.000245224
-0.000229947
-0.000215608
-0.000202162
-0.000189568
-0.000177779
-0.000166753
-0.000156448
-0.000146821
-0.000696193
-0.000660071
-0.000624872
-0.000590707
-0.000557672
-0.000525841
-0.000495268
-0.000465993
-0.000438037
-0.000411411
-0.000386113
-0.00036213
-0.000339442
-0.00031802
-0.00029783
-0.000278832
-0.000260981
-0.000244232
-0.000228537
-0.000213846
-0.000200108
-0.000187275
-0.000175294
-0.000164119
-0.0001537
-0.000143993
-0.000720101
-0.000681137
-0.000643283
-0.000606653
-0.000571341
-0.00053742
-0.000504937
-0.000473926
-0.000444403
-0.000416369
-0.000389814
-0.000364715
-0.000341043
-0.000318758
-0.000297817
-0.000278169
-0.000259764
-0.000242545
-0.000226456
-0.000211439
-0.000197437
-0.000184393
-0.00017225
-0.000160955
-0.000150452
-0.000140693
-0.000744183
-0.000702185
-0.000661509
-0.000622269
-0.000584558
-0.000548443
-0.000513968
-0.000481156
-0.000450016
-0.000420538
-0.000392702
-0.000366475
-0.000341816
-0.000318673
-0.000296994
-0.000276716
-0.000257779
-0.000240116
-0.000223662
-0.000208351
-0.000194116
-0.000180895
-0.000168623
-0.000157239
-0.000146686
-0.000136906
-0.000768361
-0.000723129
-0.000679457
-0.000637458
-0.000597223
-0.000558812
-0.000522261
-0.000487585
-0.000454781
-0.000423828
-0.000394694
-0.000367332
-0.000341688
-0.0003177
-0.0002953
-0.000274417
-0.000254975
-0.0002369
-0.000220115
-0.000204545
-0.000190115
-0.000176753
-0.000164388
-0.000152953
-0.000142384
-0.000132619
-0.00079254
-0.000743865
-0.000697017
-0.000652109
-0.000609223
-0.000568415
-0.000529709
-0.000493109
-0.000458599
-0.000426146
-0.000395701
-0.000367204
-0.000340586
-0.000315771
-0.000292676
-0.000271216
-0.000251306
-0.000232856
-0.000215779
-0.000199991
-0.000185406
-0.000171945
-0.000159528
-0.000148082
-0.000137536
-0.000127822
-0.000816601
-0.00076427
-0.000714065
-0.000666094
-0.000620434
-0.000577129
-0.000536193
-0.000497616
-0.000461365
-0.000427393
-0.000395632
-0.000366008
-0.000338433
-0.000312816
-0.000289059
-0.000267061
-0.000246722
-0.000227941
-0.000210619
-0.000194659
-0.000179966
-0.000166451
-0.000154028
-0.000142614
-0.000132132
-0.000122509
-0.000840405
-0.000784202
-0.000730456
-0.000679272
-0.000630717
-0.000584822
-0.000541586
-0.000500984
-0.000462966
-0.000427464
-0.000394393
-0.000363657
-0.000335153
-0.000308769
-0.000284389
-0.000261899
-0.000241181
-0.00022212
-0.000204604
-0.000188523
-0.000173774
-0.000160256
-0.000147874
-0.00013654
-0.000126167
-0.000116679
-0.000863778
-0.000803487
-0.000746023
-0.00069148
-0.000639914
-0.000591344
-0.00054575
-0.000503086
-0.000463284
-0.000426252
-0.000391885
-0.000360065
-0.000330668
-0.00030356
-0.00027861
-0.00025568
-0.000234639
-0.000215356
-0.000197704
-0.000181562
-0.000166813
-0.000153347
-0.00014106
-0.000129854
-0.00011964
-0.000110331
-0.000886512
-0.000821925
-0.00076057
-0.000702532
-0.000647853
-0.000596533
-0.000548533
-0.000503784
-0.000462193
-0.000423645
-0.000388009
-0.000355145
-0.000324902
-0.000297127
-0.000271664
-0.000248359
-0.00022706
-0.000207621
-0.000189898
-0.000173757
-0.00015907
-0.000145715
-0.00013358
-0.000122558
-0.000112552
-0.00010347
-0.000908354
-0.000839275
-0.000773873
-0.00071222
-0.00065434
-0.000600213
-0.000549776
-0.000502933
-0.000459565
-0.000419529
-0.000382667
-0.00034881
-0.000317783
-0.000289406
-0.000263502
-0.000239895
-0.000218412
-0.000198888
-0.000181167
-0.000165098
-0.00015054
-0.000137361
-0.000125437
-0.000114656
-0.000104912
-9.61062e-05
-0.000929003
-0.00085526
-0.000785675
-0.000720308
-0.000659162
-0.000602191
-0.000549306
-0.000500382
-0.000455267
-0.00041379
-0.000375759
-0.000340978
-0.000309241
-0.000280343
-0.00025408
-0.000230252
-0.000208668
-0.000189143
-0.000171501
-0.000155579
-0.000141222
-0.000128287
-0.00011664
-0.000106159
-9.67318e-05
-8.82546e-05
-0.000948102
-0.000869553
-0.000795684
-0.000726534
-0.000662085
-0.000602262
-0.000546943
-0.000495974
-0.000449166
-0.000406313
-0.000367192
-0.000331571
-0.000299215
-0.000269888
-0.00024336
-0.000219407
-0.000197813
-0.000178375
-0.000160899
-0.000145205
-0.000131126
-0.000118507
-0.000107203
-9.70846e-05
-8.80318e-05
-7.99354e-05
-0.000965237
-0.000881787
-0.000803572
-0.000730611
-0.000662858
-0.000600206
-0.000542502
-0.00048955
-0.000441128
-0.000396991
-0.000356877
-0.00032052
-0.000287652
-0.000258004
-0.000231318
-0.000207343
-0.000185841
-0.000166586
-0.000149367
-0.000133989
-0.000120269
-0.00010804
-9.71488e-05
-8.7457e-05
-7.88373e-05
-7.11752e-05
-0.000979937
-0.000891549
-0.00080898
-0.000732227
-0.000661214
-0.0005958
-0.000535792
-0.000480956
-0.000431028
-0.000385722
-0.000344737
-0.000307768
-0.00027451
-0.000244664
-0.000217939
-0.000194058
-0.000172757
-0.00015379
-0.000136926
-0.000121953
-0.000108676
-9.69157e-05
-8.65089e-05
-7.73086e-05
-6.91812e-05
-6.20069e-05
-0.000991682
-0.00089839
-0.000811524
-0.000731058
-0.000656881
-0.000588816
-0.000526629
-0.000470044
-0.00041875
-0.000372419
-0.000330708
-0.000293271
-0.000259767
-0.000229859
-0.000203227
-0.000179564
-0.000158582
-0.000140013
-0.000123606
-0.000109134
-9.63869e-05
-8.51741e-05
-7.53236e-05
-6.66801e-05
-5.91039e-05
-5.24704e-05
-0.000999918
-0.000901838
-0.000810808
-0.000726772
-0.000649589
-0.000579038
-0.000514843
-0.000456681
-0.000404197
-0.000357015
-0.000314748
-0.000277009
-0.000243416
-0.000213599
-0.000187202
-0.000163891
-0.000143353
-0.000125297
-0.000109454
-9.55793e-05
-8.34502e-05
-7.28652e-05
-6.36429e-05
-5.56208e-05
-4.86537e-05
-4.26124e-05
-0.00100407
-0.000901418
-0.000806438
-0.000719054
-0.000639084
-0.000566268
-0.000500285
-0.000440763
-0.000387299
-0.000339469
-0.000296842
-0.000258986
-0.000225479
-0.000195915
-0.000169907
-0.00014709
-0.000127126
-0.000109702
-9.45304e-05
-8.13512e-05
-6.99286e-05
-6.00505e-05
-5.1527e-05
-4.41892e-05
-3.78868e-05
-3.24869e-05
-0.00100361
-0.000896681
-0.000798055
-0.000707617
-0.000625149
-0.000550348
-0.000482844
-0.000422219
-0.00036802
-0.000319775
-0.000277004
-0.000239235
-0.000206005
-0.000176869
-0.00015141
-0.000129234
-0.000109977
-9.33051e-05
-7.89137e-05
-6.65272e-05
-5.58976e-05
-4.68033e-05
-3.90468e-05
-3.24531e-05
-2.68679e-05
-2.2155e-05
-0.000998019
-0.000887237
-0.000785355
-0.000692235
-0.000607623
-0.000531171
-0.000462463
-0.000401031
-0.000346373
-0.000297969
-0.000255293
-0.000217829
-0.000185075
-0.000156551
-0.000131806
-0.000110419
-9.20034e-05
-7.62039e-05
-6.26992e-05
-5.11998e-05
-4.14467e-05
-3.32093e-05
-2.62835e-05
-2.04896e-05
-1.56696e-05
-1.16853e-05
-0.000986933
-0.000872793
-0.000768127
-0.000672768
-0.000586424
-0.000508705
-0.000439149
-0.00037724
-0.000322426
-0.00027414
-0.000231812
-0.000194882
-0.00016281
-0.000135083
-0.000111219
-9.07704e-05
-7.33275e-05
-5.85167e-05
-4.6001e-05
-3.54781e-05
-2.66793e-05
-1.93663e-05
-1.33294e-05
-8.38505e-06
-4.37271e-06
-1.15293e-06
-0.000970118
-0.000853199
-0.000746288
-0.000649189
-0.000561575
-0.000483013
-0.000412997
-0.000350963
-0.000296314
-0.000248435
-0.000206714
-0.000170552
-0.000139371
-0.000112626
-8.98056e-05
-7.0439e-05
-5.40948e-05
-4.03825e-05
-2.89508e-05
-1.94867e-05
-1.17126e-05
-5.38406e-06
-2.87016e-07
3.76514e-06
6.93421e-06
9.36011e-06
-0.000947548
-0.000828483
-0.000719911
-0.00062161
-0.000533217
-0.00045426
-0.00038419
-0.000322397
-0.00026824
-0.000221061
-0.000180209
-0.000145044
-0.000114957
-8.93716e-05
-6.77509e-05
-4.96011e-05
-3.44723e-05
-2.19587e-05
-1.16968e-05
-3.36403e-06
3.3242e-06
8.61723e-06
1.27323e-05
1.58578e-05
1.81558e-05
1.9766e-05
-0.000919411
-0.000798861
-0.000689238
-0.000590292
-0.000501625
-0.00042273
-0.000353014
-0.000291828
-0.000238488
-0.000192297
-0.000152564
-0.000118618
-8.9816e-05
-6.55559e-05
-4.5277e-05
-2.84657e-05
-1.46557e-05
-3.42783e-06
5.59161e-06
1.27329e-05
1.82862e-05
2.25042e-05
2.5606e-05
2.77806e-05
2.91896e-05
2.99709e-05
-0.000886136
-0.000764781
-0.000654728
-0.000555701
-0.000467268
-0.000388887
-0.000319928
-0.000259702
-0.000207488
-0.000162553
-0.000124173
-9.16433e-05
-6.42964e-05
-4.15045e-05
-2.2687e-05
-7.31324e-06
5.09701e-06
1.49738e-05
2.26988e-05
2.86083e-05
3.29961e-05
3.61169e-05
3.81905e-05
3.94051e-05
3.99207e-05
3.98729e-05
-0.000848808
-0.000727216
-0.000617252
-0.000518612
-0.000430834
-0.000353342
-0.000285472
-0.000226499
-0.000175667
-0.000132209
-9.53707e-05
-6.4421e-05
-3.86666e-05
-1.74589e-05
-1.99267e-07
1.36577e-05
2.46039e-05
3.30784e-05
3.94694e-05
4.41172e-05
4.73181e-05
4.93276e-05
5.03649e-05
5.06168e-05
5.02406e-05
4.93695e-05
-0.00080875
-0.000687021
-0.000577275
-0.000479174
-0.000392219
-0.000315796
-0.000249201
-0.00019167
-0.00014241
-0.000100619
-6.55087e-05
-3.6318e-05
-1.23275e-05
7.13424e-06
2.2685e-05
3.48858e-05
4.42411e-05
5.1199e-05
5.61544e-05
5.94518e-05
6.13892e-05
6.22224e-05
6.21694e-05
6.14143e-05
6.01104e-05
5.83891e-05
-0.000760775
-0.000640168
-0.000531802
-0.000435301
-0.000350126
-0.000275622
-0.000211047
-0.000155601
-0.000108457
-6.87857e-05
-3.57716e-05
-8.63296e-06
1.33682e-05
3.09178e-05
4.46446e-05
5.51177e-05
6.28465e-05
6.82819e-05
7.18192e-05
7.38017e-05
7.45249e-05
7.42407e-05
7.31625e-05
7.14683e-05
6.93037e-05
6.6794e-05
)
;

boundaryField
{
    down
    {
        type            symmetryPlane;
    }
    right
    {
        type            fixedValue;
        value           nonuniform List<scalar> 0();
    }
    up
    {
        type            symmetryPlane;
    }
    left
    {
        type            zeroGradient;
    }
    cylinder
    {
        type            zeroGradient;
    }
    frontAndBack
    {
        type            empty;
    }
    procBoundary6to2
    {
        type            processor;
        value           nonuniform List<scalar> 
71
(
-0.000144112
-0.000136255
-0.000128712
-0.000121481
-0.000114561
-0.000107948
-0.000101639
-9.56276e-05
-8.99094e-05
-8.44773e-05
-7.93243e-05
-7.44426e-05
-6.98241e-05
-6.54602e-05
-6.13419e-05
-5.746e-05
-5.38051e-05
-5.03676e-05
-4.7138e-05
-4.41065e-05
-4.12637e-05
-3.86e-05
-3.61061e-05
-3.37728e-05
-3.15912e-05
-2.95526e-05
-2.76486e-05
-2.58711e-05
-2.42121e-05
-2.26642e-05
-2.122e-05
-1.98726e-05
-1.86154e-05
-1.74423e-05
-1.63473e-05
-1.53249e-05
-1.43697e-05
-1.3477e-05
-1.26421e-05
-1.18608e-05
-1.11293e-05
-1.04438e-05
-9.80092e-06
-9.19768e-06
-0.000581215
-0.000556759
-0.00053257
-0.000508745
-0.000485372
-0.000462526
-0.000440269
-0.000418652
-0.000397719
-0.000377502
-0.000358025
-0.000339305
-0.000321352
-0.000304169
-0.000290944
-0.000290944
-0.00027462
-0.000259116
-0.000244415
-0.000230492
-0.000217324
-0.000204883
-0.000193142
-0.00018207
-0.000171639
-0.00016182
-0.000152581
)
;
    }
    procBoundary6to5
    {
        type            processor;
        value           nonuniform List<scalar> 
80
(
-0.000761962
-0.000781192
-0.000818773
-0.000872768
-0.000801483
-0.000801483
-0.000878389
-0.000967837
-0.000893799
-0.000893799
-0.000893799
-0.00108841
-0.00112707
-0.00116289
-0.00119338
-0.0012172
-0.00123397
-0.00124358
-0.00124619
-0.00124219
-0.00123221
-0.00121696
-0.00119722
-0.00117378
-0.0011474
-0.00111876
-0.00108845
-0.00105699
-0.00102481
-0.000992248
-0.000959586
-0.000927038
-0.000894772
-0.000862916
-0.000831565
-0.000800794
-0.000770656
-0.00074119
-0.000712424
-0.000684377
-0.000967825
-0.000893785
-0.000878378
-0.000801473
-0.000801473
-0.00087276
-0.000818769
-0.00078119
-0.000761962
-0.0006302
-0.000655134
-0.000680615
-0.000706617
-0.000733106
-0.00076004
-0.000787365
-0.000815014
-0.0008429
-0.000870917
-0.000898926
-0.000926759
-0.0009542
-0.000980985
-0.00100679
-0.00103123
-0.00105383
-0.00107407
-0.00109134
-0.001105
-0.00111438
-0.00111882
-0.00111771
-0.00111057
-0.00109708
-0.00107716
-0.00105095
-0.00101887
-0.000982126
-0.000942576
-0.000893785
)
;
    }
    procBoundary6to7
    {
        type            processor;
        value           nonuniform List<scalar> 
74
(
-5.03774e-06
-5.04559e-06
-5.06127e-06
-5.08471e-06
-5.11583e-06
-5.1545e-06
-5.2006e-06
-5.25531e-06
-5.31898e-06
-5.39012e-06
-5.46843e-06
-5.55358e-06
-5.64523e-06
-5.74299e-06
-5.84646e-06
-5.95519e-06
-6.06875e-06
-6.18666e-06
-6.30843e-06
-6.43353e-06
-6.56145e-06
-6.69165e-06
-6.82358e-06
-6.95669e-06
-7.09042e-06
-7.2242e-06
-7.35746e-06
-7.48964e-06
-7.62017e-06
-7.74849e-06
-7.87404e-06
-7.99627e-06
-8.11468e-06
-8.22881e-06
-8.33799e-06
-8.44188e-06
-8.53976e-06
-5.2007e-06
-5.15459e-06
-5.11591e-06
-5.08478e-06
-5.06132e-06
-5.04562e-06
-5.03775e-06
-8.54004e-06
-8.4423e-06
-8.33848e-06
-8.22915e-06
-8.11494e-06
-7.99651e-06
-7.87426e-06
-7.7487e-06
-7.62037e-06
-7.48984e-06
-7.35766e-06
-7.22439e-06
-7.09061e-06
-6.95688e-06
-6.82378e-06
-6.69185e-06
-6.56165e-06
-6.43374e-06
-6.30864e-06
-6.18689e-06
-6.06898e-06
-5.95542e-06
-5.84668e-06
-5.74321e-06
-5.64544e-06
-5.55377e-06
-5.46859e-06
-5.39026e-06
-5.31911e-06
-5.25543e-06
)
;
    }
    procBoundary6to10
    {
        type            processor;
        value           nonuniform List<scalar> 
72
(
-0.000144114
-0.000136257
-0.000128713
-0.000121483
-0.000121483
-0.000116115
-0.000109545
-0.000103263
-9.72666e-05
-9.15499e-05
-8.61083e-05
-8.09359e-05
-7.60263e-05
-7.13723e-05
-6.69663e-05
-6.28005e-05
-5.88665e-05
-5.51559e-05
-5.16599e-05
-4.83695e-05
-4.5276e-05
-4.23702e-05
-3.96433e-05
-3.70864e-05
-3.46909e-05
-3.24481e-05
-3.03496e-05
-2.83874e-05
-2.65536e-05
-2.48403e-05
-2.32403e-05
-2.17463e-05
-2.03517e-05
-1.90498e-05
-1.78344e-05
-1.66996e-05
-1.564e-05
-1.46501e-05
-1.37251e-05
-1.28603e-05
-1.20515e-05
-1.12946e-05
-1.05859e-05
-9.92188e-06
-9.29952e-06
-0.000630203
-0.000603469
-0.000576987
-0.000550869
-0.000525221
-0.000500132
-0.000475676
-0.000451915
-0.000428901
-0.000406674
-0.000385265
-0.000364693
-0.000344973
-0.000326109
-0.000308101
-0.000290941
-0.000274618
-0.000259116
-0.000244415
-0.000230494
-0.000217326
-0.000204885
-0.000193143
-0.000182072
-0.000171641
-0.000161821
-0.000152582
)
;
    }
    procBoundary6to11
    {
        type            processor;
        value           uniform -8.63096e-06;
    }
}


// ************************************************************************* //
