/*--------------------------------*- C++ -*----------------------------------*\
| =========                 |                                                 |
| \\      /  F ield         | OpenFOAM: The Open Source CFD Toolbox           |
|  \\    /   O peration     | Version:  2412                                  |
|   \\  /    A nd           | Website:  www.openfoam.com                      |
|    \\/     M anipulation  |                                                 |
\*---------------------------------------------------------------------------*/
FoamFile
{
    version     2.0;
    format      ascii;
    arch        "LSB;label=32;scalar=64";
    class       volScalarField;
    location    "12.5";
    object      p;
}
// * * * * * * * * * * * * * * * * * * * * * * * * * * * * * * * * * * * * * //

dimensions      [0 2 -2 0 0 0 0];

internalField   nonuniform List<scalar> 
5285
(
-0.000126021
-0.000137743
-0.000148496
-0.000158391
-0.000167427
-0.000175595
-0.000182907
-0.000189381
-0.000195037
-0.000199898
-0.000203988
-0.000207338
-0.000209977
-0.000211938
-0.000213255
-0.000213964
-0.0002141
-0.0002137
-0.000212803
-0.000211444
-0.000209662
-0.000207493
-0.000204974
-0.000202139
-0.000144257
-0.000156324
-0.000167223
-0.000177239
-0.000186353
-0.000194538
-0.000201809
-0.000208188
-0.000213698
-0.000218365
-0.000222217
-0.000225286
-0.000227607
-0.000229216
-0.000230149
-0.000230447
-0.000230148
-0.000229294
-0.000227925
-0.000226082
-0.000223806
-0.000221135
-0.000218111
-0.00021477
-0.000163553
-0.000175983
-0.000187014
-0.000197142
-0.000206325
-0.000214513
-0.000221724
-0.000227985
-0.000233322
-0.000237764
-0.000241343
-0.000244096
-0.00024606
-0.000247275
-0.000247783
-0.000247627
-0.000246851
-0.000245499
-0.000243615
-0.000241245
-0.000238431
-0.000235218
-0.000231648
-0.000227761
-0.000183981
-0.000196792
-0.000207947
-0.000218178
-0.00022742
-0.000235595
-0.000242723
-0.000248839
-0.000253972
-0.000258155
-0.000261424
-0.00026382
-0.000265384
-0.000266161
-0.000266197
-0.000265541
-0.000264239
-0.00026234
-0.000259894
-0.000256949
-0.000253553
-0.000249752
-0.000245593
-0.000241119
-0.000205626
-0.000218839
-0.000230109
-0.000240435
-0.000249722
-0.000257864
-0.000264884
-0.000270824
-0.000275719
-0.000279604
-0.00028252
-0.000284513
-0.000285629
-0.000285918
-0.000285432
-0.000284222
-0.000282342
-0.000279845
-0.000276785
-0.000273214
-0.000269185
-0.000264748
-0.000259953
-0.000254847
-0.000228588
-0.000242224
-0.000253599
-0.000264006
-0.000273322
-0.000281409
-0.000288292
-0.000294022
-0.000298638
-0.000302181
-0.000304697
-0.000306235
-0.00030685
-0.000306596
-0.000305529
-0.000303709
-0.000301193
-0.00029804
-0.000294309
-0.000290057
-0.000285341
-0.000280216
-0.000274734
-0.000268947
-0.000252976
-0.000267055
-0.000278521
-0.000288995
-0.000298323
-0.000306327
-0.00031304
-0.00031852
-0.000322813
-0.000325964
-0.000328025
-0.000329052
-0.000329105
-0.000328246
-0.000326537
-0.000324042
-0.000320827
-0.000316955
-0.000312491
-0.000307497
-0.000302035
-0.000296164
-0.000289941
-0.000283422
-0.000278907
-0.000293453
-0.000304993
-0.000315517
-0.000324834
-0.000332726
-0.00033923
-0.000344415
-0.000348332
-0.000351035
-0.00035258
-0.000353032
-0.000352457
-0.000350924
-0.000348502
-0.000345263
-0.000341278
-0.000336618
-0.000331352
-0.00032555
-0.000319278
-0.000312601
-0.000305579
-0.000298272
-0.000306515
-0.000321551
-0.000333145
-0.000343698
-0.000352977
-0.000360721
-0.000366971
-0.000371809
-0.000375294
-0.000377484
-0.000378446
-0.000378251
-0.000376973
-0.000374689
-0.000371477
-0.000367415
-0.000362583
-0.000357059
-0.000350918
-0.000344236
-0.000337085
-0.000329534
-0.00032165
-0.000313495
-0.000335947
-0.000351496
-0.000363121
-0.000373677
-0.000382888
-0.000390442
-0.000396387
-0.000400819
-0.000403805
-0.000405411
-0.000405712
-0.000404788
-0.000402724
-0.000399604
-0.000395515
-0.000390546
-0.000384782
-0.000378309
-0.000371211
-0.00036357
-0.000355465
-0.000346969
-0.000338154
-0.000329087
-0.000367364
-0.000383453
-0.000395079
-0.000405607
-0.000414714
-0.00042203
-0.000427611
-0.000431569
-0.00043398
-0.00043492
-0.000434473
-0.000432731
-0.000429786
-0.000425736
-0.000420675
-0.000414702
-0.000407912
-0.0004004
-0.000392256
-0.000383571
-0.000374429
-0.00036491
-0.000355091
-0.000345044
-0.00040095
-0.000417604
-0.000429197
-0.000439661
-0.000448619
-0.000455641
-0.00046079
-0.000464195
-0.000465946
-0.000466127
-0.000464835
-0.000462172
-0.000458243
-0.000453155
-0.000447017
-0.000439935
-0.000432015
-0.000423362
-0.000414076
-0.000404253
-0.000393985
-0.00038336
-0.000372458
-0.000361357
-0.000436907
-0.000454154
-0.00046567
-0.000476026
-0.000484786
-0.000491447
-0.000496085
-0.000498849
-0.000499841
-0.000499159
-0.00049691
-0.000493211
-0.000488181
-0.000481938
-0.000474603
-0.000466296
-0.000457134
-0.00044723
-0.000436694
-0.000425631
-0.000414141
-0.000402318
-0.000390249
-0.000378015
-0.000475461
-0.000493329
-0.000504719
-0.000514915
-0.000523414
-0.000529639
-0.000533675
-0.000535696
-0.000535817
-0.000534151
-0.000530821
-0.000525957
-0.000519694
-0.000512164
-0.000503503
-0.000493841
-0.00048331
-0.000472033
-0.000460131
-0.000447718
-0.000434902
-0.000421783
-0.000408455
-0.000395004
-0.000516868
-0.000535384
-0.000546589
-0.000556563
-0.000564731
-0.000570429
-0.000573758
-0.000574917
-0.00057404
-0.000571255
-0.000566701
-0.000560528
-0.000552884
-0.00054392
-0.000533785
-0.000522627
-0.000510587
-0.000497804
-0.000484408
-0.000470524
-0.000456269
-0.000441748
-0.000427063
-0.000412305
-0.000561414
-0.00058061
-0.000591558
-0.000601234
-0.000608986
-0.000614053
-0.000616553
-0.000616714
-0.000614693
-0.000610634
-0.000604697
-0.000597048
-0.000587858
-0.000577295
-0.000565525
-0.000552711
-0.00053901
-0.000524574
-0.000509545
-0.000494059
-0.00047824
-0.000462204
-0.000446057
-0.000429895
-0.000609426
-0.000629328
-0.000639932
-0.000649221
-0.000656457
-0.000660771
-0.000662299
-0.000661307
-0.000657973
-0.000652464
-0.000644961
-0.000635654
-0.000624733
-0.000612386
-0.000598801
-0.000584154
-0.000568623
-0.000552373
-0.000535558
-0.000518326
-0.000500812
-0.000483137
-0.000465415
-0.000447746
-0.000661262
-0.000681893
-0.000692053
-0.000700847
-0.000707448
-0.000710864
-0.000711256
-0.000708931
-0.000704094
-0.000696934
-0.00068766
-0.000676486
-0.000663625
-0.000649291
-0.000633688
-0.000617018
-0.000599471
-0.000581229
-0.000562463
-0.000543329
-0.000523974
-0.000504528
-0.000485111
-0.000465826
-0.000688115
-0.000670273
-0.000651363
-0.000631595
-0.000611169
-0.000590269
-0.000569066
-0.000547716
-0.000526357
-0.000505115
-0.000484101
-2.611e-05
-4.23845e-05
-5.79988e-05
-7.29346e-05
-8.71786e-05
-0.000100716
-0.000113527
-4.02948e-05
-5.71503e-05
-7.33322e-05
-8.88193e-05
-0.000103599
-0.000117642
-0.000130913
-5.52553e-05
-7.27366e-05
-8.95262e-05
-0.000105603
-0.000120951
-0.000135528
-0.000149279
-7.1046e-05
-8.91895e-05
-0.000106624
-0.000123327
-0.000139283
-0.000154432
-0.000168698
-8.77277e-05
-0.000106576
-0.000124697
-0.000142067
-0.000158671
-0.000174429
-0.000189242
-0.000105369
-0.000124968
-0.000143821
-0.000161902
-0.000179197
-0.000195606
-0.000211003
-0.000124046
-0.000144445
-0.00016408
-0.000182921
-0.000200955
-0.00021806
-0.00023408
-0.000143838
-0.000165094
-0.000185565
-0.000205219
-0.000224045
-0.000241895
-0.00025858
-0.000164838
-0.00018701
-0.000208376
-0.000228902
-0.000248578
-0.000267227
-0.000284625
-0.000187144
-0.0002103
-0.000232626
-0.000254089
-0.000274677
-0.000294187
-0.000312348
-0.000210867
-0.000235079
-0.000258439
-0.000280908
-0.00030248
-0.000322916
-0.000341896
-0.000236128
-0.000261477
-0.00028595
-0.000309504
-0.000332136
-0.000353573
-0.000373433
-0.000263062
-0.000289638
-0.000315311
-0.000340037
-0.000363816
-0.000386336
-0.000407144
-0.00029182
-0.000319723
-0.000346694
-0.000372688
-0.000397708
-0.000421402
-0.000443233
-0.000322569
-0.000351908
-0.000380286
-0.000407655
-0.000434023
-0.000458993
-0.000481928
-0.000355496
-0.000386395
-0.000416302
-0.000445165
-0.000472999
-0.00049936
-0.00052349
-0.000390812
-0.000423409
-0.00045498
-0.000485472
-0.000514905
-0.000542786
-0.00056821
-0.000428751
-0.000463199
-0.000496586
-0.000528856
-0.000560036
-0.00058958
-0.00061641
-0.00046957
-0.000506039
-0.000541413
-0.000575624
-0.000608721
-0.000640093
-0.00066846
-0.00051355
-0.000552243
0.000103792
8.37517e-05
6.41782e-05
4.50534e-05
2.64173e-05
8.3201e-06
-9.19942e-06
9.39786e-05
7.32291e-05
5.30541e-05
3.33101e-05
1.40492e-05
-4.66453e-06
-2.27897e-05
8.36755e-05
6.21722e-05
4.13667e-05
2.09619e-05
1.03675e-06
-1.83355e-05
-3.71111e-05
7.2808e-05
5.05114e-05
2.90519e-05
7.96437e-06
-1.26907e-05
-3.27611e-05
-5.22247e-05
6.13614e-05
3.82103e-05
1.6053e-05
-5.77008e-06
-2.71604e-05
-4.79899e-05
-6.81873e-05
4.92934e-05
2.52245e-05
2.32793e-06
-2.02751e-05
-4.24709e-05
-6.40898e-05
-8.50632e-05
3.65607e-05
1.15056e-05
-1.21751e-05
-3.56053e-05
-5.86563e-05
-8.11239e-05
-0.000102923
2.31176e-05
-2.99901e-06
-2.75136e-05
-5.18234e-05
-7.5782e-05
-9.91366e-05
-0.00012184
8.91424e-06
-1.83471e-05
-4.37508e-05
-6.89999e-05
-9.39333e-05
-0.000118258
-0.000141906
-6.10334e-06
-3.46015e-05
-6.09553e-05
-8.72087e-05
-0.000113186
-0.000138546
-0.00016321
-2.19937e-05
-5.18308e-05
-7.92021e-05
-0.000106531
-0.000133629
-0.0001601
-0.000185856
-3.88204e-05
-7.01099e-05
-9.85735e-05
-0.000127058
-0.000155361
-0.000183028
-0.000209959
-5.66522e-05
-8.95208e-05
-0.00011916
-0.000148888
-0.000178491
-0.000207446
-0.000235645
-7.55639e-05
-0.000110153
-0.000141061
-0.000172131
-0.000203137
-0.000233485
-0.000263054
-9.56369e-05
-0.000132105
-0.000164387
-0.000196908
-0.000229434
-0.00026129
-0.000292341
-0.000116962
-0.000155486
-0.000189259
-0.000223353
-0.00025753
-0.000291022
-0.000323683
-0.00013963
-0.000180417
-0.000215812
-0.000251617
-0.00028759
-0.000322864
-0.000357273
-0.000163743
-0.000207013
-0.000244192
-0.00028186
-0.000319794
-0.000357011
-0.000393334
-0.000189405
-0.000235418
-0.000274544
-0.000314257
-0.000354335
-0.00039368
-0.00043209
-0.000433116
-0.000473814
0.000731644
0.000720466
0.000708784
0.00069659
0.000683874
0.000670631
0.000656854
0.000642538
0.000627683
0.000612287
0.000596351
0.000579879
0.000562878
0.000545355
0.000527323
0.000508794
0.000489786
0.000470319
0.000450415
0.000430102
0.000409408
0.000388366
0.000367013
0.000345386
0.000323529
0.000301487
0.000279307
0.00025704
0.000234738
0.000212457
0.000190253
0.000168181
0.000146307
0.000124713
0.000742423
0.000731157
0.000719363
0.00070703
0.000694149
0.00068071
0.000666708
0.000652135
0.00063699
0.000621269
0.000604973
0.000588104
0.000570669
0.000552675
0.000534132
0.000515054
0.000495459
0.000475366
0.000454798
0.000433784
0.000412353
0.00039054
0.000368383
0.000345922
0.000323204
0.000300276
0.000277188
0.000253996
0.000230756
0.000207527
0.00018437
0.000161345
0.00013853
0.000116021
0.000753688
0.000742344
0.000730448
0.000717985
0.000704944
0.000691316
0.000677091
0.000662264
0.000646827
0.000630779
0.000614118
0.000596846
0.000578967
0.000560488
0.000541418
0.000521772
0.000501567
0.000480821
0.00045956
0.000437811
0.000415607
0.000392982
0.000369977
0.000346636
0.000323005
0.000299136
0.000275085
0.000250908
0.000226668
0.000202427
0.000178252
0.000154208
0.000130385
0.000106902
0.000765461
0.000754052
0.000742063
0.000729479
0.000716288
0.000702477
0.000688036
0.000672955
0.000657229
0.000640853
0.000623823
0.00060614
0.000587808
0.000568831
0.000549219
0.000528985
0.000508146
0.000486721
0.000464736
0.000442218
0.000419201
0.000395722
0.000371823
0.000347549
0.000322952
0.000298086
0.000273009
0.000247784
0.000222476
0.000197156
0.000171892
0.000146756
0.000121852
9.73237e-05
0.000777766
0.000766305
0.000754236
0.000741543
0.00072821
0.000714224
0.000699573
0.000684245
0.000668231
0.000651526
0.000634125
0.000616026
0.000597231
0.000577744
0.000557574
0.000536733
0.000515237
0.000493105
0.000470364
0.00044704
0.00042317
0.000398792
0.000373948
0.000348689
0.000323068
0.000297141
0.000270974
0.000244631
0.000218185
0.000191709
0.00016528
0.000138973
0.00011291
8.7261e-05
0.000790627
0.000779128
0.000766993
0.000754203
0.000740741
0.000726591
0.000711737
0.000696168
0.000679871
0.000662839
0.000645064
0.000626545
0.000607279
0.000587271
0.000566528
0.00054506
0.000522883
0.000500016
0.000476485
0.000452319
0.000427553
0.000402227
0.000376388
0.000350085
0.000323377
0.000296324
0.000268995
0.00024146
0.000213797
0.000186085
0.000158408
0.000130844
0.000103537
7.66837e-05
0.000804067
0.000792548
0.000780363
0.000767492
0.000753914
0.000739611
0.000724565
0.000708762
0.000692188
0.000674832
0.000656684
0.000637741
0.000617998
0.000597459
0.000576127
0.000554013
0.000531131
0.000507501
0.000483147
0.000458098
0.000432391
0.000406068
0.000379177
0.00035177
0.000323909
0.000295659
0.000267091
0.000238284
0.000209318
0.000180282
0.000151266
0.000122353
9.37071e-05
6.55591e-05
0.000818111
0.000806591
0.000794375
0.000781439
0.000767761
0.00075332
0.000738095
0.000722069
0.000705225
0.000687549
0.000669031
0.000649662
0.000629437
0.000608356
0.000586422
0.000563644
0.000540034
0.00051561
0.000490398
0.000464426
0.000437732
0.000410359
0.000382357
0.000353781
0.000324696
0.000295171
0.000265283
0.000235116
0.000204757
0.000174301
0.000143846
0.000113482
8.33953e-05
5.38521e-05
0.000832784
0.000821285
0.000809058
0.000796077
0.000782318
0.000767755
0.000752366
0.000736129
0.000719025
0.000701038
0.000682153
0.000662359
0.000641648
0.000620018
0.000597469
0.000574008
0.000549646
0.0005244
0.000498294
0.000471358
0.000443628
0.000415149
0.000385973
0.00035616
0.000325775
0.000294893
0.000263596
0.000231974
0.000200122
0.000168142
0.00013614
0.000104214
7.25735e-05
4.1525e-05
0.000848114
0.000836658
0.000824444
0.000811441
0.00079762
0.000782955
0.000767419
0.000750987
0.000733637
0.000715348
0.000696102
0.000675886
0.000654688
0.000632502
0.000609327
0.000585166
0.000560029
0.000533932
0.000506896
0.000478951
0.000450135
0.000420493
0.000390079
0.000358953
0.000327187
0.00029486
0.000262059
0.00022888
0.000195425
0.000161807
0.00012814
9.45302e-05
6.12125e-05
2.85371e-05
0.000864124
0.00085274
0.000840564
0.000827563
0.000813706
0.000798961
0.000783299
0.000766691
0.000749109
0.000730531
0.000710934
0.000690301
0.000668616
0.000645871
0.00062206
0.000597185
0.000571251
0.000544272
0.00051627
0.000487273
0.000457319
0.000426452
0.000394729
0.000362214
0.00032898
0.000295113
0.000260704
0.000225857
0.000190683
0.000155302
0.000119841
8.44122e-05
4.92811e-05
1.48447e-05
0.000880843
0.000869559
0.00085745
0.00084448
0.000830614
0.000815815
0.000800051
0.000783287
0.000765494
0.000746643
0.000726708
0.000705666
0.000683499
0.000660192
0.000635738
0.000610134
0.000583382
0.000555495
0.00052649
0.000496396
0.000465248
0.000433094
0.00039999
0.000366002
0.000331208
0.000295698
0.00025957
0.000222935
0.000185913
0.000148635
0.000111236
7.38413e-05
3.67466e-05
4.00743e-07
0.000898296
0.000887144
0.000875135
0.000862228
0.000848383
0.00083356
0.000817721
0.000800829
0.000782847
0.000763743
0.000743485
0.000722047
0.000699404
0.000675538
0.000650437
0.000624091
0.000596503
0.000567679
0.000537636
0.000506398
0.000474002
0.000440495
0.000405932
0.000370384
0.000333932
0.000296669
0.000258702
0.000220149
0.000181139
0.000141813
0.000102322
6.27989e-05
2.35747e-05
-1.48453e-05
0.000916509
0.000905526
0.000893653
0.000880843
0.000867054
0.00085224
0.000836359
0.000819368
0.000801225
0.000781892
0.000761333
0.000739514
0.000716406
0.000691986
0.000666235
0.000639141
0.000610699
0.000580913
0.000549795
0.000517369
0.000483668
0.000448738
0.000412637
0.000375436
0.00033722
0.000298088
0.000258151
0.000217538
0.000176387
0.000134853
9.30967e-05
5.12665e-05
9.72917e-06
-3.09479e-05
0.000935508
0.000924734
0.000913035
0.000900363
0.000886668
0.000871902
0.000856015
0.000838959
0.000820687
0.000801154
0.000780319
0.00075814
0.000734584
0.000709619
0.000683221
0.000655373
0.000626063
0.000595291
0.000563065
0.000529404
0.00049434
0.000457917
0.000420194
0.000381242
0.00034115
0.000300022
0.000257976
0.000215149
0.000171691
0.00012777
8.35606e-05
3.92252e-05
-4.82855e-06
-4.7966e-05
0.000955318
0.000944795
0.000933315
0.000920824
0.000907268
0.000892591
0.000876739
0.000859659
0.000841295
0.000821598
0.000800516
0.000778004
0.00075402
0.000728525
0.000701488
0.000672884
0.000642696
0.000610917
0.00057755
0.00054261
0.000506125
0.000468137
0.000428703
0.000387898
0.000345811
0.000302551
0.000258245
0.000213038
0.000167091
0.000120586
7.37161e-05
2.66566e-05
-2.01393e-05
-6.5964e-05
0.000975965
0.000965741
0.000954527
0.000942265
0.000928895
0.000914356
0.000898587
0.000881527
0.000863116
0.000843294
0.000822003
0.000799191
0.000774805
0.0007488
0.000721136
0.000691781
0.000660709
0.000627906
0.000593369
0.000557106
0.000519142
0.000479515
0.000438281
0.000395513
0.000351305
0.00030577
0.000259041
0.000211272
0.000162638
0.000113335
6.35744e-05
1.35486e-05
-3.6241e-05
-8.50074e-05
0.00099747
0.000987598
0.000976703
0.000964724
0.000951595
0.000937247
0.000921614
0.000904627
0.000886218
0.000866319
0.000844864
0.00082179
0.000797037
0.00077055
0.000742279
0.000712182
0.000680226
0.000646386
0.000610653
0.000573027
0.000533527
0.000492187
0.000449059
0.000404216
0.000357754
0.000309788
0.00026046
0.000209933
0.000158395
0.00010606
5.31552e-05
-1.05738e-07
-5.31688e-05
-0.000105161
0.00048449
0.000479834
0.000475156
0.000470457
0.000465739
0.000461002
0.000456247
0.000451476
0.00044669
0.000441891
0.000437079
0.000432256
0.000427423
0.000422581
0.000417733
0.000412878
0.000408019
0.000403157
0.000398292
0.000393428
0.000388564
0.000383703
0.000378845
0.000373992
0.000369146
0.000364307
0.000359477
0.000354658
0.000349851
0.000345057
0.000340277
0.000335513
0.000330767
0.000326038
0.000484664
0.000479999
0.000475313
0.000470605
0.000465878
0.000461131
0.000456368
0.000451587
0.000446792
0.000441983
0.000437161
0.000432328
0.000427485
0.000422634
0.000417775
0.00041291
0.00040804
0.000403168
0.000398293
0.000393418
0.000388544
0.000383672
0.000378804
0.000373941
0.000369084
0.000364235
0.000359395
0.000354566
0.000349748
0.000344944
0.000340155
0.000335381
0.000330624
0.000325886
0.000485003
0.000480322
0.000475619
0.000470894
0.000466149
0.000461385
0.000456603
0.000451804
0.00044699
0.000442162
0.000437321
0.000432469
0.000427607
0.000422736
0.000417857
0.000412972
0.000408083
0.00040319
0.000398295
0.0003934
0.000388506
0.000383613
0.000378725
0.000373841
0.000368964
0.000364095
0.000359235
0.000354386
0.000349549
0.000344725
0.000339915
0.000335122
0.000330347
0.00032559
0.000485501
0.000480795
0.000476067
0.000471317
0.000466547
0.000461756
0.000456948
0.000452122
0.000447281
0.000442425
0.000437557
0.000432676
0.000427785
0.000422885
0.000417978
0.000413064
0.000408145
0.000403223
0.000398299
0.000393374
0.000388449
0.000383527
0.000378609
0.000373696
0.000368789
0.00036389
0.000359001
0.000354122
0.000349256
0.000344403
0.000339565
0.000334744
0.00032994
0.000325156
0.000486149
0.000481413
0.000476653
0.00047187
0.000467066
0.000462241
0.000457398
0.000452538
0.000447661
0.00044277
0.000437864
0.000432947
0.000428019
0.000423082
0.000418136
0.000413184
0.000408227
0.000403266
0.000398303
0.00039334
0.000388377
0.000383416
0.000378459
0.000373507
0.000368561
0.000363624
0.000358696
0.000353779
0.000348875
0.000343984
0.000339109
0.000334251
0.00032941
0.00032459
0.000486945
0.00048217
0.00047737
0.000472547
0.000467702
0.000462836
0.000457951
0.000453048
0.000448128
0.000443192
0.000438242
0.00043328
0.000428306
0.000423323
0.000418331
0.000413333
0.000408329
0.000403321
0.00039831
0.000393299
0.000388289
0.00038328
0.000378275
0.000373276
0.000368283
0.000363298
0.000358323
0.000353359
0.000348408
0.000343471
0.00033855
0.000333647
0.000328761
0.000323896
0.000487883
0.000483062
0.000478216
0.000473346
0.000468453
0.000463539
0.000458604
0.00045365
0.000448679
0.000443691
0.000438689
0.000433674
0.000428647
0.000423609
0.000418563
0.000413509
0.00040845
0.000403386
0.00039832
0.000393253
0.000388186
0.000383121
0.00037806
0.000373004
0.000367955
0.000362915
0.000357884
0.000352865
0.000347859
0.000342868
0.000337893
0.000332935
0.000327997
0.000323079
0.00048896
0.000484088
0.000479189
0.000474265
0.000469317
0.000464346
0.000459355
0.000454343
0.000449313
0.000444266
0.000439204
0.000434128
0.000429039
0.000423939
0.00041883
0.000413714
0.000408591
0.000403463
0.000398333
0.000393201
0.00038807
0.000382941
0.000377815
0.000372694
0.000367581
0.000362476
0.000357381
0.000352299
0.000347229
0.000342175
0.000337138
0.000332119
0.00032712
0.000322142
0.000490173
0.000485243
0.000480285
0.000475301
0.000470291
0.000465258
0.000460202
0.000455126
0.00045003
0.000444916
0.000439786
0.000434641
0.000429483
0.000424314
0.000419134
0.000413946
0.000408752
0.000403553
0.00039835
0.000393146
0.000387941
0.000382739
0.000377541
0.000372347
0.000367161
0.000361984
0.000356817
0.000351662
0.000346522
0.000341397
0.000336289
0.0003312
0.000326133
0.000321087
0.000491521
0.000486527
0.000481504
0.000476453
0.000471375
0.000466272
0.000461146
0.000455998
0.000450829
0.000445641
0.000440436
0.000435215
0.00042998
0.000424733
0.000419475
0.000414208
0.000408934
0.000403655
0.000398372
0.000393087
0.000387802
0.000382518
0.000377239
0.000371964
0.000366697
0.000361439
0.000356192
0.000350957
0.000345737
0.000340533
0.000335348
0.000330182
0.000325037
0.000319916
0.000493003
0.000487939
0.000482844
0.00047772
0.000472568
0.000467389
0.000462185
0.000456958
0.00045171
0.000446441
0.000441153
0.000435849
0.00043053
0.000425197
0.000419853
0.0004145
0.000409138
0.000403771
0.000398399
0.000393026
0.000387652
0.000382279
0.00037691
0.000371546
0.00036619
0.000360843
0.000355508
0.000350185
0.000344877
0.000339587
0.000334315
0.000329064
0.000323835
0.000318631
0.000494618
0.000489478
0.000484306
0.000479103
0.00047387
0.000468609
0.000463321
0.000458008
0.000452673
0.000447316
0.000441939
0.000436544
0.000431133
0.000425708
0.00042027
0.000414822
0.000409365
0.000403902
0.000398434
0.000392963
0.000387492
0.000382022
0.000376556
0.000371095
0.000365642
0.000360198
0.000354765
0.000349347
0.000343943
0.000338558
0.000333192
0.000327848
0.000322527
0.000317232
0.000496365
0.000491144
0.000485889
0.000480601
0.000475281
0.000469931
0.000464553
0.000459149
0.000453719
0.000448267
0.000442794
0.000437301
0.000431791
0.000426265
0.000420726
0.000415176
0.000409616
0.000404049
0.000398477
0.000392901
0.000387325
0.00038175
0.000376178
0.000370611
0.000365052
0.000359503
0.000353966
0.000348443
0.000342936
0.000337448
0.00033198
0.000326535
0.000321115
0.000315721
0.000498245
0.000492938
0.000487594
0.000482215
0.000476802
0.000471358
0.000465883
0.00046038
0.00045485
0.000449296
0.000443719
0.000438121
0.000432504
0.000426871
0.000421223
0.000415563
0.000409892
0.000404213
0.000398529
0.00039284
0.000387151
0.000381462
0.000375776
0.000370096
0.000364423
0.00035876
0.00035311
0.000347475
0.000341856
0.000336257
0.000330679
0.000325125
0.000319597
0.000314098
0.00050026
0.000494861
0.000489423
0.000483947
0.000478435
0.00047289
0.000467312
0.000461704
0.000456067
0.000450404
0.000444716
0.000439006
0.000433276
0.000427527
0.000421763
0.000415985
0.000410195
0.000404397
0.000398592
0.000392782
0.000386971
0.00038116
0.000375352
0.00036955
0.000363755
0.000357971
0.000352199
0.000346443
0.000340705
0.000334986
0.00032929
0.00032362
0.000317976
0.000312362
0.000502409
0.000496913
0.000491375
0.000485797
0.000480181
0.000474529
0.000468842
0.000463122
0.000457372
0.000451593
0.000445787
0.000439958
0.000434106
0.000428235
0.000422346
0.000416443
0.000410527
0.000404601
0.000398667
0.000392728
0.000386787
0.000380846
0.000374907
0.000368974
0.000363049
0.000357135
0.000351234
0.000345348
0.000339481
0.000333635
0.000327813
0.000322017
0.00031625
0.000310515
0.000504694
0.000499096
0.000493454
0.000487769
0.000482042
0.000476277
0.000470474
0.000464637
0.000458766
0.000452865
0.000446935
0.000440978
0.000434998
0.000428997
0.000422976
0.000416939
0.000410889
0.000404827
0.000398756
0.00039268
0.0003866
0.000380521
0.000374443
0.000368371
0.000362307
0.000356253
0.000350214
0.000344191
0.000338187
0.000332205
0.000326248
0.000320319
0.00031442
0.000308554
0.000507117
0.000501413
0.00049566
0.000489862
0.00048402
0.000478136
0.000472212
0.00046625
0.000460252
0.000454222
0.00044816
0.00044207
0.000435954
0.000429815
0.000423655
0.000417476
0.000411283
0.000405077
0.000398861
0.000392639
0.000386413
0.000380185
0.00037396
0.00036774
0.000361528
0.000355327
0.00034914
0.000342971
0.000336821
0.000330695
0.000324595
0.000318523
0.000312484
0.00030648
0.000509681
0.000503865
0.000497997
0.000492081
0.000486117
0.000480109
0.000474057
0.000467964
0.000461834
0.000455667
0.000449467
0.000443235
0.000436976
0.000430691
0.000424384
0.000418056
0.000411712
0.000405354
0.000398984
0.000392607
0.000386225
0.000379842
0.00037346
0.000367083
0.000360714
0.000354357
0.000348014
0.000341689
0.000335384
0.000329105
0.000322852
0.000316631
0.000310443
0.000304292
0.000512387
0.000506455
0.000500467
0.000494427
0.000488337
0.000482198
0.000476012
0.000469783
0.000463512
0.000457203
0.000450857
0.000444477
0.000438067
0.000431629
0.000425166
0.000418681
0.000412178
0.000405659
0.000399127
0.000392587
0.00038604
0.000379492
0.000372944
0.000366401
0.000359866
0.000353343
0.000346835
0.000340345
0.000333877
0.000327435
0.000321021
0.00031464
0.000308295
0.000301989
0.000515238
0.000509185
0.000503073
0.000496905
0.000490682
0.000484406
0.000478082
0.000471709
0.000465292
0.000458833
0.000452334
0.000445799
0.00043923
0.000432631
0.000426005
0.000419354
0.000412683
0.000405995
0.000399292
0.000392579
0.000385859
0.000379136
0.000372414
0.000365696
0.000358986
0.000352287
0.000345604
0.00033894
0.000332299
0.000325684
0.000319101
0.000312551
0.000306039
0.000299568
0.000518237
0.000512059
0.000505817
0.000499515
0.000493155
0.000486738
0.000480268
0.000473746
0.000467176
0.00046056
0.000453902
0.000447204
0.000440469
0.000433701
0.000426903
0.000420078
0.000413231
0.000406364
0.000399482
0.000392587
0.000385685
0.000378778
0.000371871
0.000364968
0.000358073
0.000351189
0.000344321
0.000337473
0.00033065
0.000323854
0.00031709
0.000310362
0.000303674
0.00029703
0.000521387
0.000515079
0.000508704
0.000502263
0.00049576
0.000489196
0.000482574
0.000475897
0.000469168
0.000462389
0.000455563
0.000448694
0.000441786
0.000434841
0.000427863
0.000420856
0.000413824
0.00040677
0.000399698
0.000392613
0.000385518
0.000378418
0.000371317
0.000364219
0.000357129
0.00035005
0.000342988
0.000335946
0.000328929
0.000321942
0.000314988
0.000308073
0.000301199
0.000294373
0.00052469
0.000518249
0.000511735
0.000505152
0.0004985
0.000491784
0.000485005
0.000478166
0.000471271
0.000464322
0.000457322
0.000450276
0.000443186
0.000436056
0.00042889
0.000421691
0.000414465
0.000407215
0.000399945
0.000392659
0.000385362
0.000378059
0.000370754
0.000363451
0.000356155
0.000348871
0.000341604
0.000334358
0.000327138
0.000319949
0.000312796
0.000305682
0.000298613
0.000291594
0.000528151
0.000521572
0.000514916
0.000508185
0.00050138
0.000494506
0.000487564
0.000480557
0.00047349
0.000466363
0.000459183
0.000451951
0.000444671
0.000437348
0.000429986
0.000422587
0.000415158
0.000407702
0.000400224
0.000392728
0.00038522
0.000377703
0.000370183
0.000362665
0.000355153
0.000347653
0.000340171
0.00033271
0.000325276
0.000317875
0.000310511
0.000303189
0.000295914
0.000288692
0.000531772
0.000525052
0.000518249
0.000511366
0.000504403
0.000497366
0.000490255
0.000483075
0.000475828
0.000468518
0.000461149
0.000453724
0.000446247
0.000438723
0.000431155
0.000423548
0.000415906
0.000408235
0.000400539
0.000392823
0.000385092
0.000377352
0.000369606
0.000361862
0.000354124
0.000346398
0.000338688
0.000331002
0.000323343
0.000315718
0.000308133
0.000300592
0.000293101
0.000285665
0.000535557
0.000528693
0.000521739
0.000514699
0.000507574
0.000500368
0.000493083
0.000485723
0.000478291
0.000470791
0.000463226
0.0004556
0.000447918
0.000440183
0.000432401
0.000424577
0.000416714
0.000408818
0.000400894
0.000392947
0.000384984
0.000377008
0.000369027
0.000361045
0.000353069
0.000345105
0.000337158
0.000329234
0.000321339
0.00031348
0.000305661
0.00029789
0.000290171
0.000282511
0.00053951
0.000532498
0.00052539
0.000518188
0.000510896
0.000503517
0.000496052
0.000488506
0.000480883
0.000473185
0.000465417
0.000457583
0.000449687
0.000441735
0.00043373
0.000425678
0.000417584
0.000409453
0.000401291
0.000393103
0.000384896
0.000376675
0.000368446
0.000360216
0.000351991
0.000343776
0.000335579
0.000327406
0.000319264
0.000311158
0.000303095
0.000295082
0.000287124
0.000279229
0.000543635
0.000536471
0.000529205
0.000521839
0.000514375
0.000506817
0.000499167
0.00049143
0.000483608
0.000475706
0.000467728
0.000459678
0.000451561
0.000443381
0.000435144
0.000426856
0.000418521
0.000410145
0.000401734
0.000393295
0.000384833
0.000376355
0.000367867
0.000359376
0.00035089
0.000342413
0.000333954
0.00032552
0.000317117
0.000308752
0.000300433
0.000292166
0.000283957
0.000275815
0.000547934
0.000540616
0.000533189
0.000525654
0.000518014
0.000510272
0.000502432
0.000494498
0.000486472
0.000478359
0.000470163
0.000461889
0.000453542
0.000445127
0.00043665
0.000428115
0.000419529
0.000410898
0.000402228
0.000393526
0.000384798
0.000376051
0.000367292
0.000358529
0.000349768
0.000341017
0.000332284
0.000323575
0.000314899
0.000306263
0.000297675
0.000289141
0.00028067
0.000272268
0.000552413
0.000544938
0.000537346
0.000529638
0.000521818
0.000513889
0.000505853
0.000497715
0.000489479
0.000481148
0.000472728
0.000464223
0.000455638
0.000446979
0.000438251
0.00042946
0.000420613
0.000411716
0.000402776
0.000393799
0.000384793
0.000375766
0.000366724
0.000357675
0.000348628
0.00033959
0.000330569
0.000321573
0.000312611
0.00030369
0.000294819
0.000286006
0.000277258
0.000268585
0.000557074
0.00054944
0.00054168
0.000533797
0.000525793
0.000517671
0.000509435
0.000501088
0.000492635
0.00048408
0.000475428
0.000466684
0.000457852
0.00044894
0.000439953
0.000430896
0.000421778
0.000412604
0.000403382
0.00039412
0.000384824
0.000375503
0.000366165
0.000356818
0.000347471
0.000338132
0.00032881
0.000319513
0.000310251
0.000301032
0.000291865
0.000282759
0.000273722
0.000264764
0.000561921
0.000554126
0.000546196
0.000538134
0.000529942
0.000521623
0.000513181
0.000504621
0.000495945
0.00048716
0.000478268
0.000469277
0.000460191
0.000451017
0.000441761
0.000432429
0.000423028
0.000413567
0.000404052
0.000394491
0.000384893
0.000375266
0.000365619
0.000355961
0.0003463
0.000336646
0.000327009
0.000317397
0.000307821
0.000298289
0.000288812
0.000279399
0.000270059
0.000260802
0.000566959
0.000559
0.000550898
0.000542653
0.00053427
0.000525751
0.000517099
0.000508319
0.000499415
0.000490392
0.000481255
0.000472009
0.00046266
0.000453215
0.00044368
0.000434062
0.000424369
0.000414609
0.000404789
0.000394918
0.000385005
0.000375059
0.000365089
0.000355106
0.000345117
0.000335134
0.000325167
0.000315226
0.00030532
0.000295462
0.00028566
0.000275925
0.000266267
0.000256697
0.00057219
0.000564067
0.00055579
0.00054736
0.000538782
0.000530059
0.000521192
0.000512188
0.00050305
0.000493783
0.000484393
0.000474885
0.000465265
0.000455539
0.000445716
0.000435803
0.000425806
0.000415735
0.000405599
0.000395405
0.000385164
0.000374886
0.000364579
0.000354256
0.000343925
0.000333598
0.000323286
0.000313
0.00030275
0.000292549
0.000282407
0.000272335
0.000262344
0.000252446
0.000577618
0.000569329
0.000560875
0.000552259
0.000543484
0.000534552
0.000525467
0.000516234
0.000506856
0.000497339
0.000487689
0.00047791
0.000468011
0.000457997
0.000447876
0.000437656
0.000427345
0.000416952
0.000406486
0.000395957
0.000385375
0.00037475
0.000364093
0.000353415
0.000342727
0.00033204
0.000321368
0.00031072
0.000300111
0.000289551
0.000279052
0.000268627
0.000258288
0.000248047
0.000583247
0.000574791
0.00056616
0.000557355
0.000548379
0.000539236
0.000529928
0.000520461
0.000510838
0.000501065
0.000491148
0.000481092
0.000470905
0.000460593
0.000450164
0.000439627
0.000428991
0.000418264
0.000407457
0.000396579
0.000385642
0.000374656
0.000363633
0.000352585
0.000341524
0.000330463
0.000319414
0.000308389
0.000297403
0.000286467
0.000275596
0.000264802
0.000254098
0.000243497
0.00058908
0.000580457
0.000571647
0.000562651
0.000553473
0.000544115
0.000534581
0.000524875
0.000515002
0.000504968
0.000494777
0.000484436
0.000473952
0.000463334
0.000452588
0.000441724
0.00043075
0.000419677
0.000408516
0.000397276
0.00038597
0.000374609
0.000363205
0.000351772
0.000340322
0.000328869
0.000317426
0.000306007
0.000294626
0.000283298
0.000272037
0.000260856
0.000249771
0.000238794
0.00059512
0.00058633
0.00057734
0.000568152
0.000558769
0.000549194
0.000539431
0.000529483
0.000519355
0.000509052
0.000498581
0.000487948
0.000477161
0.000466226
0.000455153
0.000443951
0.000432629
0.000421198
0.00040967
0.000398054
0.000386364
0.000374613
0.000362813
0.000350978
0.000339123
0.00032726
0.000315406
0.000303576
0.000291783
0.000280044
0.000268375
0.00025679
0.000245304
0.000233934
0.00060137
0.000592412
0.000583243
0.000573862
0.000564273
0.000554479
0.000544483
0.000534288
0.000523901
0.000513325
0.000502568
0.000491635
0.000480535
0.000469276
0.000457866
0.000446315
0.000434634
0.000422833
0.000410924
0.000398919
0.000386831
0.000374674
0.000362461
0.000350208
0.00033793
0.000325641
0.000313358
0.000301097
0.000288874
0.000276706
0.000264609
0.000252601
0.000240698
0.000228915
0.000607833
0.000598709
0.00058936
0.000579786
0.00056999
0.000559974
0.000549742
0.000539298
0.000528646
0.000517792
0.000506742
0.000495504
0.000484084
0.000472491
0.000460734
0.000448824
0.000436771
0.000424587
0.000412284
0.000399875
0.000387375
0.000374796
0.000362155
0.000349466
0.000336747
0.000324013
0.000311283
0.000298572
0.0002859
0.000273283
0.00026074
0.000248289
0.000235948
0.000223735
0.000614511
0.000605222
0.000595694
0.000585926
0.000575922
0.000565683
0.000555214
0.000544516
0.000533597
0.00052246
0.000511112
0.00049956
0.000487812
0.000475876
0.000463764
0.000451484
0.000439048
0.000426468
0.000413758
0.000400931
0.000388002
0.000374985
0.000361898
0.000348757
0.000335579
0.000322381
0.000309184
0.000296004
0.000282862
0.000269776
0.000256767
0.000243853
0.000231054
0.00021839
0.000621406
0.000611954
0.000602248
0.000592288
0.000582075
0.000571612
0.000560903
0.00054995
0.000538758
0.000527333
0.000515681
0.00050381
0.000491726
0.00047944
0.000466962
0.000454301
0.00044147
0.000428483
0.000415351
0.000402091
0.000388718
0.000375247
0.000361697
0.000348085
0.000334429
0.000320749
0.000307064
0.000293395
0.000279762
0.000266187
0.000252689
0.000239292
0.000226014
0.000212879
0.000628521
0.000618909
0.000609026
0.000598873
0.000588452
0.000577765
0.000566814
0.000555603
0.000544136
0.000532419
0.000520458
0.000508261
0.000495834
0.000483189
0.000470335
0.000457283
0.000444046
0.000430637
0.000417071
0.000403363
0.00038953
0.000375589
0.000361557
0.000347455
0.000333302
0.000319119
0.000304926
0.000290747
0.000276602
0.000262515
0.000248508
0.000234604
0.000220826
0.000207197
0.000635858
0.000626087
0.00061603
0.000605686
0.000595058
0.000584146
0.000572952
0.000561481
0.000549737
0.000537724
0.000525449
0.000512919
0.000500143
0.00048713
0.000473891
0.000460437
0.000446782
0.00043294
0.000418925
0.000404754
0.000390444
0.000376015
0.000361484
0.000346873
0.000332203
0.000317496
0.000302775
0.000288063
0.000273383
0.000258762
0.000244222
0.00022979
0.000215489
0.000201344
0.000643417
0.000633491
0.000623262
0.00061273
0.000601895
0.000590758
0.000579322
0.000567589
0.000555564
0.000543252
0.000530658
0.000517791
0.000504658
0.00049127
0.000477636
0.000463771
0.000449686
0.000435397
0.000420919
0.00040627
0.000391468
0.000376532
0.000361484
0.000346345
0.000331137
0.000315885
0.000300612
0.000285345
0.000270108
0.000254929
0.000239833
0.000224847
0.000209999
0.000195316
0.000651201
0.000641123
0.000630726
0.000620007
0.000608967
0.000597607
0.000585928
0.000573932
0.000561625
0.00054901
0.000536093
0.000522883
0.000509387
0.000495615
0.000481579
0.000467291
0.000452765
0.000438016
0.000423061
0.000407918
0.000392607
0.000377148
0.000361563
0.000345875
0.000330109
0.000314289
0.000298443
0.000282597
0.000266779
0.000251017
0.00023534
0.000219777
0.000204358
0.00018911
0.000659209
0.000648984
0.000638422
0.00062752
0.000616277
0.000604695
0.000592773
0.000580515
0.000567923
0.000555003
0.00054176
0.000528202
0.000514336
0.000500174
0.000485726
0.000471005
0.000456026
0.000440805
0.000425359
0.000409707
0.000393869
0.000377868
0.000361727
0.00034547
0.000329124
0.000312715
0.000296271
0.000279822
0.000263398
0.000247028
0.000230745
0.000214579
0.000198561
0.000182725
0.000667442
0.000657075
0.000646352
0.00063527
0.000623828
0.000612025
0.000599862
0.000587341
0.000574465
0.000561237
0.000547665
0.000533754
0.000519513
0.000504953
0.000490085
0.000474922
0.000459478
0.000443772
0.00042782
0.000411643
0.000395262
0.000378701
0.000361984
0.000345137
0.000328188
0.000311166
0.000294101
0.000277024
0.000259967
0.000242964
0.000226048
0.000209251
0.00019261
0.000176157
0.0006759
0.000665397
0.000654518
0.00064326
0.000631622
0.000619601
0.000607198
0.000594415
0.000581253
0.000567717
0.000553812
0.000539545
0.000524924
0.000509959
0.000494662
0.000479047
0.000463129
0.000446924
0.000430453
0.000413735
0.000396794
0.000379653
0.00036234
0.000344881
0.000327307
0.000309648
0.000291937
0.000274206
0.000256491
0.000238827
0.000221249
0.000203795
0.000186501
0.000169404
0.000684583
0.000673949
0.00066292
0.000651492
0.000639661
0.000627426
0.000614785
0.000601741
0.000588294
0.000574449
0.000560209
0.000545582
0.000530575
0.000515199
0.000499466
0.000483389
0.000466984
0.000450269
0.000433264
0.00041599
0.000398471
0.000380732
0.000362802
0.00034471
0.000326488
0.000308167
0.000289784
0.000271373
0.000252972
0.000234618
0.000216351
0.00019821
0.000180235
0.000162465
0.00069349
0.000682733
0.00067156
0.000659965
0.000647947
0.000635501
0.000622626
0.000609323
0.000595592
0.000581436
0.00056686
0.00055187
0.000536473
0.000520681
0.000504504
0.000487956
0.000471054
0.000453816
0.000436263
0.000418416
0.000400301
0.000381946
0.000363378
0.000344631
0.000325736
0.000306729
0.000287647
0.000268528
0.000249413
0.000230341
0.000211355
0.000192497
0.00017381
0.000155337
0.000702621
0.000691746
0.000680436
0.000668682
0.000656481
0.000643828
0.000630723
0.000617163
0.000603149
0.000588683
0.00057377
0.000558414
0.000542624
0.000526409
0.000509782
0.000492755
0.000475345
0.000457572
0.000439457
0.000421022
0.000402294
0.000383302
0.000364076
0.00034465
0.000325058
0.000305339
0.000285531
0.000265677
0.000245817
0.000225997
0.000206262
0.000186656
0.000167226
0.000148018
0.000711973
0.00070099
0.000689548
0.000677642
0.000665264
0.00065241
0.000639078
0.000625265
0.00061097
0.000596196
0.000580945
0.000565222
0.000549035
0.000532393
0.000515307
0.000497793
0.000479866
0.000461546
0.000442854
0.000423815
0.000404457
0.000384808
0.000364903
0.000344774
0.000324461
0.000304003
0.000283442
0.000262823
0.00024219
0.000221591
0.000201074
0.000180688
0.000160482
0.000140508
0.000721544
0.00071046
0.000698896
0.000686844
0.000674296
0.000661248
0.000647693
0.000633631
0.000619058
0.000603976
0.000588388
0.000572297
0.00055571
0.000538636
0.000521088
0.000503078
0.000484623
0.000465744
0.000446463
0.000426805
0.000406798
0.000386474
0.000365866
0.000345013
0.000323953
0.000302729
0.000281387
0.000259972
0.000238534
0.000217124
0.000195793
0.000174595
0.000153582
0.000132815
0.000321437
0.000316963
0.000312509
0.000308076
0.000303665
0.000299277
0.000294914
0.000321276
0.000316792
0.000312329
0.000307888
0.000303468
0.000299072
0.000294701
0.000320961
0.00031646
0.00031198
0.000307521
0.000303085
0.000298673
0.000294285
0.0003205
0.000315974
0.000311468
0.000306985
0.000302524
0.000298088
0.000293676
0.0003199
0.000315339
0.000310801
0.000306285
0.000301792
0.000297324
0.000292882
0.000319163
0.000314562
0.000309983
0.000305427
0.000300895
0.000296389
0.000291909
0.000318296
0.000313646
0.000309019
0.000304416
0.000299838
0.000295286
0.000290762
0.000317301
0.000312595
0.000307913
0.000303256
0.000298625
0.000294021
0.000289446
0.00031618
0.000311411
0.000306667
0.000301949
0.000297258
0.000292596
0.000287963
0.000314936
0.000310098
0.000305284
0.000300498
0.000295741
0.000291013
0.000286316
0.000313571
0.000308655
0.000303766
0.000298905
0.000294074
0.000289275
0.000284508
0.000312085
0.000307085
0.000302113
0.000297171
0.00029226
0.000287382
0.000282539
0.000310479
0.000305387
0.000300326
0.000295295
0.000290298
0.000285336
0.000280409
0.000308753
0.000303563
0.000298405
0.00029328
0.000288189
0.000283135
0.00027812
0.000306908
0.000301613
0.00029635
0.000291123
0.000285933
0.000280781
0.00027567
0.000304943
0.000299535
0.000294162
0.000288825
0.000283528
0.000278272
0.000273059
0.000302857
0.000297329
0.000291837
0.000286385
0.000280974
0.000275607
0.000270285
0.00030065
0.000294994
0.000289377
0.000283801
0.00027827
0.000272784
0.000267347
0.000298321
0.000292529
0.000286779
0.000281072
0.000275413
0.000269802
0.000264243
0.000295868
0.000289932
0.000284041
0.000278196
0.000272401
0.000266659
0.00026097
0.00029329
0.000287202
0.000281162
0.000275171
0.000269233
0.000263351
0.000257527
0.000290585
0.000284337
0.000278139
0.000271995
0.000265906
0.000259877
0.00025391
0.000287751
0.000281334
0.000274971
0.000268664
0.000262417
0.000256233
0.000250115
0.000284787
0.000278192
0.000271655
0.000265177
0.000258763
0.000252417
0.00024614
0.00028169
0.000274909
0.000268187
0.00026153
0.000254941
0.000248424
0.000241981
0.000278458
0.00027148
0.000264566
0.000257721
0.000250947
0.000244251
0.000237634
0.000275089
0.000267905
0.000260788
0.000253745
0.000246778
0.000239894
0.000233095
0.000271581
0.000264179
0.00025685
0.000249599
0.00024243
0.000235349
0.000228359
0.00026793
0.000260301
0.000252749
0.00024528
0.000237899
0.000230611
0.000223421
0.000264133
0.000256266
0.000248481
0.000240784
0.00023318
0.000225676
0.000218277
0.000260189
0.000252072
0.000244042
0.000236106
0.00022827
0.00022054
0.000212922
0.000256095
0.000247715
0.000239428
0.000231242
0.000223163
0.000215196
0.00020735
0.000251846
0.000243192
0.000234637
0.000226188
0.000217854
0.000209641
0.000201555
0.000247441
0.000238499
0.000229663
0.00022094
0.000212339
0.000203868
0.000195532
0.000242875
0.000233632
0.000224502
0.000215493
0.000206613
0.000197871
0.000189275
0.000238147
0.000228589
0.00021915
0.000209841
0.00020067
0.000191646
0.000182778
0.000233252
0.000223364
0.000213603
0.00020398
0.000194505
0.000185186
0.000176034
0.000228188
0.000217954
0.000207857
0.000197905
0.000188111
0.000178485
0.000169036
0.00022295
0.000212356
0.000201905
0.000191611
0.000181484
0.000171536
0.000161778
0.000217536
0.000206564
0.000195745
0.000185091
0.000174617
0.000164333
0.000154252
0.000211943
0.000200575
0.00018937
0.000178341
0.000167503
0.000156869
0.000146452
0.000206165
0.000194384
0.000182776
0.000171355
0.000160138
0.000149138
0.000138369
0.000200201
0.000187988
0.000175958
0.000164128
0.000152514
0.000141132
0.000129997
0.000194047
0.000181381
0.00016891
0.000156652
0.000144624
0.000132844
0.000121327
0.000187699
0.00017456
0.000161628
0.000148923
0.000136463
0.000124266
0.000112351
0.000181153
0.00016752
0.000154107
0.000140934
0.000128022
0.000115392
0.000103061
0.000174407
0.000160257
0.00014634
0.000132678
0.000119295
0.000106212
9.34489e-05
0.000167456
0.000152765
0.000138322
0.00012415
0.000110275
9.6719e-05
8.35051e-05
0.000160296
0.000145041
0.000130048
0.000115343
0.000100953
8.69047e-05
7.32209e-05
0.000152926
0.00013708
0.000121511
0.000106249
9.13229e-05
7.67602e-05
6.25869e-05
0.00014534
0.000128876
0.000112706
9.68617e-05
8.13754e-05
6.62765e-05
5.15933e-05
0.000137534
0.000120424
0.000103625
8.71728e-05
7.11017e-05
5.54439e-05
4.02299e-05
0.000129507
0.000111718
9.42608e-05
7.71737e-05
6.04923e-05
4.42519e-05
2.84854e-05
0.000121257
0.00010276
8.46163e-05
6.6866e-05
4.95464e-05
3.26963e-05
1.63519e-05
0.000112791
9.35493e-05
7.46901e-05
5.62459e-05
3.82573e-05
2.07686e-05
3.8197e-06
0.000290576
0.000286264
0.000281979
0.000277722
0.000273494
0.000269296
0.000265128
0.000290355
0.000286035
0.000281742
0.000277478
0.000273242
0.000269037
0.000264863
0.000289923
0.000285588
0.00028128
0.000277001
0.000272752
0.000268532
0.000264345
0.000289291
0.000284934
0.000280604
0.000276303
0.000272033
0.000267793
0.000263586
0.000288467
0.00028408
0.000279722
0.000275393
0.000271095
0.000266829
0.000262596
0.000287457
0.000283034
0.00027864
0.000274277
0.000269946
0.000265648
0.000261383
0.000286267
0.000281801
0.000277366
0.000272963
0.000268592
0.000264256
0.000259954
0.0002849
0.000280386
0.000275903
0.000271453
0.000267038
0.000262657
0.000258313
0.000283361
0.000278792
0.000274255
0.000269754
0.000265287
0.000260858
0.000256466
0.000281652
0.000277022
0.000272426
0.000267866
0.000263344
0.00025886
0.000254415
0.000279775
0.000275077
0.000270416
0.000265793
0.000261209
0.000256665
0.000252162
0.000277731
0.00027296
0.000268228
0.000263536
0.000258885
0.000254276
0.00024971
0.00027552
0.000270671
0.000265862
0.000261095
0.000256371
0.000251692
0.000247059
0.000273144
0.000268209
0.000263318
0.000258471
0.000253669
0.000248915
0.000244209
0.000270601
0.000265575
0.000260595
0.000255662
0.000250778
0.000245943
0.00024116
0.00026789
0.000262768
0.000257693
0.000252669
0.000247696
0.000242776
0.00023791
0.00026501
0.000259785
0.000254611
0.000249489
0.000244423
0.000239412
0.000234459
0.00026196
0.000256626
0.000251345
0.000246121
0.000240955
0.000235849
0.000230804
0.000258737
0.000253287
0.000247895
0.000242563
0.000237292
0.000232085
0.000226943
0.000255339
0.000249767
0.000244257
0.000238811
0.00023343
0.000228117
0.000222873
0.000251764
0.000246063
0.000240429
0.000234862
0.000229366
0.000223941
0.000218591
0.000248007
0.000242172
0.000236407
0.000230714
0.000225096
0.000219555
0.000214094
0.000244066
0.00023809
0.000232187
0.000226363
0.000220618
0.000214955
0.000209376
0.000239938
0.000233812
0.000227767
0.000221803
0.000215925
0.000210135
0.000204435
0.000235618
0.000229336
0.00022314
0.000217032
0.000211015
0.000205092
0.000199265
0.000231102
0.000224657
0.000218304
0.000212044
0.000205882
0.000199821
0.000193862
0.000226386
0.00021977
0.000213252
0.000206835
0.000200522
0.000194316
0.00018822
0.000221465
0.000214671
0.000207981
0.000201399
0.000194928
0.000188572
0.000182334
0.000216334
0.000209353
0.000202484
0.00019573
0.000189096
0.000182583
0.000176197
0.000210987
0.000203812
0.000196756
0.000189823
0.000183018
0.000176344
0.000169804
0.000205421
0.000198042
0.000190791
0.000183672
0.000176689
0.000169847
0.000163148
0.000199628
0.000192038
0.000184583
0.00017727
0.000170103
0.000163086
0.000156223
0.000193603
0.000185791
0.000178125
0.000170611
0.000163252
0.000156054
0.000149021
0.00018734
0.000179298
0.000171411
0.000163687
0.000156129
0.000148744
0.000141535
0.000180832
0.00017255
0.000164434
0.000156491
0.000148728
0.000141148
0.000133757
0.000174074
0.000165541
0.000157186
0.000149017
0.000141039
0.000133259
0.00012568
0.000167057
0.000158263
0.00014966
0.000141255
0.000133056
0.000125067
0.000117295
0.000159774
0.000150709
0.000141848
0.000133199
0.000124769
0.000116566
0.000108593
0.00015222
0.000142872
0.000133742
0.000124839
0.000116171
0.000107745
9.95669e-05
0.000144385
0.000134742
0.000125334
0.000116168
0.000107253
9.8597e-05
9.02061e-05
0.000136263
0.000126314
0.000116615
0.000107176
9.80053e-05
8.91117e-05
8.05018e-05
0.000127845
0.000117577
0.000107576
9.78537e-05
8.84188e-05
7.928e-05
7.04445e-05
0.000119123
0.000108523
9.82092e-05
8.81928e-05
7.84841e-05
6.90922e-05
6.0025e-05
0.000110089
9.91436e-05
8.85044e-05
7.81833e-05
6.81913e-05
5.85381e-05
4.92321e-05
0.000100734
8.94295e-05
7.84524e-05
6.78155e-05
5.75304e-05
4.76077e-05
3.80562e-05
9.10491e-05
7.93714e-05
6.80434e-05
5.70792e-05
4.64913e-05
3.62907e-05
2.64869e-05
8.10256e-05
6.89597e-05
5.72676e-05
4.59644e-05
3.50634e-05
2.45764e-05
1.45136e-05
7.06539e-05
5.81845e-05
4.61147e-05
3.44605e-05
2.32362e-05
1.24542e-05
2.12536e-06
5.99244e-05
4.70359e-05
3.45743e-05
2.25568e-05
1.09987e-05
-8.6954e-08
-1.06887e-05
4.88271e-05
3.55032e-05
2.26355e-05
1.02423e-05
-1.66029e-06
-1.30583e-05
-2.39398e-05
3.73518e-05
2.35759e-05
1.02875e-05
-2.49415e-06
-1.47519e-05
-2.64711e-05
-3.76393e-05
2.54877e-05
1.12432e-05
-2.4806e-06
-1.56631e-05
-2.82864e-05
-4.03355e-05
-5.17974e-05
1.32233e-05
-1.50715e-06
-1.56809e-05
-2.92766e-05
-4.22756e-05
-5.46625e-05
-6.64247e-05
5.45653e-07
-1.46918e-05
-2.93349e-05
-4.33593e-05
-5.6746e-05
-6.94792e-05
-8.15454e-05
-1.25537e-05
-2.83199e-05
-4.34491e-05
-5.79171e-05
-7.17036e-05
-8.4793e-05
-9.71689e-05
0.000260893
0.000256594
0.000252332
0.000248106
0.000243918
0.00023977
0.00023566
0.000231591
0.000227563
0.000223576
0.000219632
0.00021573
0.000211871
0.000208056
0.000204286
0.000200559
0.000196878
0.000193242
0.000189652
0.000186108
0.00018261
0.000179159
0.000175754
0.000172395
0.000260621
0.000256315
0.000252046
0.000247814
0.00024362
0.000239466
0.000235351
0.000231276
0.000227243
0.000223252
0.000219303
0.000215397
0.000211534
0.000207715
0.000203941
0.000200212
0.000196528
0.000192889
0.000189297
0.000185751
0.000182251
0.000178798
0.000175392
0.000172032
0.000260089
0.00025577
0.000251488
0.000247244
0.000243039
0.000238873
0.000234747
0.000230663
0.00022662
0.000222619
0.000218661
0.000214747
0.000210877
0.000207051
0.00020327
0.000199535
0.000195845
0.000192202
0.000188605
0.000185055
0.000181551
0.000178095
0.000174686
0.000171325
0.000259311
0.000254972
0.000250672
0.00024641
0.000242187
0.000238005
0.000233864
0.000229764
0.000225707
0.000221693
0.000217722
0.000213796
0.000209915
0.000206079
0.000202288
0.000198544
0.000194847
0.000191196
0.000187593
0.000184037
0.000180528
0.000177068
0.000173655
0.000170291
0.000258295
0.000253932
0.000249607
0.000245322
0.000241077
0.000236873
0.000232711
0.000228592
0.000224517
0.000220485
0.000216498
0.000212557
0.000208661
0.000204812
0.000201009
0.000197253
0.000193545
0.000189885
0.000186274
0.00018271
0.000179195
0.000175729
0.000172313
0.000168945
0.000257051
0.000252657
0.000248302
0.000243989
0.000239716
0.000235487
0.0002313
0.000227157
0.000223059
0.000219006
0.000215
0.000211039
0.000207126
0.000203261
0.000199443
0.000195674
0.000191953
0.000188282
0.00018466
0.000181088
0.000177565
0.000174093
0.000170671
0.000167299
0.000255585
0.000251155
0.000246765
0.000242418
0.000238114
0.000233853
0.000229637
0.000225467
0.000221343
0.000217265
0.000213235
0.000209253
0.000205319
0.000201435
0.0001976
0.000193815
0.00019008
0.000186396
0.000182762
0.00017918
0.000175649
0.000172169
0.000168741
0.000165365
0.000253903
0.000249431
0.000245002
0.000240616
0.000236275
0.00023198
0.00022773
0.000223528
0.000219374
0.000215269
0.000211212
0.000207205
0.000203249
0.000199343
0.000195488
0.000191685
0.000187934
0.000184235
0.000180589
0.000176996
0.000173455
0.000169967
0.000166533
0.000163152
0.000252008
0.00024749
0.000243016
0.000238587
0.000234205
0.000229871
0.000225584
0.000221347
0.000217159
0.000213022
0.000208936
0.000204902
0.00020092
0.000196991
0.000193114
0.000189292
0.000185523
0.000181808
0.000178148
0.000174543
0.000170992
0.000167496
0.000164055
0.000160668
0.000249905
0.000245335
0.000240811
0.000236336
0.000231908
0.000227531
0.000223203
0.000218927
0.000214703
0.000210531
0.000206413
0.000202349
0.000198339
0.000194384
0.000190484
0.00018664
0.000182852
0.000179121
0.000175446
0.000171827
0.000168266
0.000164761
0.000161313
0.000157922
0.000247595
0.000242969
0.000238391
0.000233864
0.000229387
0.000224962
0.00022059
0.000216272
0.000212008
0.000207799
0.000203646
0.000199549
0.000195509
0.000191527
0.000187602
0.000183735
0.000179927
0.000176178
0.000172487
0.000168855
0.000165283
0.00016177
0.000158315
0.00015492
0.000245081
0.000240394
0.000235758
0.000231174
0.000226644
0.000222168
0.000217748
0.000213384
0.000209077
0.000204828
0.000200638
0.000196507
0.000192435
0.000188423
0.000184472
0.000180581
0.000176752
0.000172984
0.000169277
0.000165632
0.000162048
0.000158526
0.000155066
0.000151667
0.000242363
0.00023761
0.000232911
0.000228267
0.000223679
0.000219149
0.000214678
0.000210265
0.000205913
0.000201621
0.000197391
0.000193223
0.000189117
0.000185075
0.000181096
0.00017718
0.000173329
0.000169542
0.000165819
0.00016216
0.000158566
0.000155036
0.00015157
0.000148168
0.000239441
0.000234618
0.000229851
0.000225143
0.000220495
0.000215907
0.00021138
0.000206916
0.000202516
0.000198179
0.000193907
0.0001897
0.000185559
0.000181485
0.000177477
0.000173536
0.000169662
0.000165855
0.000162116
0.000158444
0.000154839
0.000151302
0.000147831
0.000144428
0.000236316
0.000231417
0.000226579
0.000221803
0.000217089
0.00021244
0.000207856
0.000203337
0.000198886
0.000194502
0.000190186
0.000185939
0.000181762
0.000177654
0.000173616
0.000169649
0.000165752
0.000161926
0.000158171
0.000154486
0.000150871
0.000147327
0.000143854
0.000140449
0.000232985
0.000228007
0.000223093
0.000218245
0.000213463
0.000208749
0.000204104
0.000199528
0.000195023
0.00019059
0.000186229
0.00018194
0.000177725
0.000173583
0.000169515
0.000165521
0.000161601
0.000157756
0.000153985
0.000150288
0.000146665
0.000143115
0.000139639
0.000136236
0.000229448
0.000224386
0.000219392
0.000214468
0.000209614
0.000204832
0.000200123
0.000195488
0.000190928
0.000186443
0.000182035
0.000177703
0.000173449
0.000169272
0.000165173
0.000161152
0.00015721
0.000153346
0.00014956
0.000145851
0.000142221
0.000138667
0.000135191
0.000131791
0.000225703
0.000220553
0.000215474
0.00021047
0.000205541
0.000200688
0.000195912
0.000191215
0.000186597
0.00018206
0.000177603
0.000173227
0.000168933
0.000164721
0.000160591
0.000156544
0.000152579
0.000148696
0.000144896
0.000141178
0.000137541
0.000133986
0.000130511
0.000127116
0.000221747
0.000216504
0.000211337
0.00020625
0.000201242
0.000196315
0.00019147
0.000186708
0.000182031
0.000177438
0.000172931
0.00016851
0.000164176
0.000159929
0.000155768
0.000151694
0.000147708
0.000143808
0.000139995
0.000136269
0.000132628
0.000129072
0.000125601
0.000122213
0.000217577
0.000212237
0.000206978
0.000201803
0.000196713
0.000191709
0.000186793
0.000181964
0.000177226
0.000172577
0.000168019
0.000163552
0.000159177
0.000154894
0.000150703
0.000146604
0.000142597
0.000138681
0.000134857
0.000131124
0.00012748
0.000123927
0.000120462
0.000117085
0.000213191
0.000207749
0.000202394
0.000197128
0.000191953
0.000186869
0.000181878
0.000176981
0.00017218
0.000167474
0.000162864
0.000158351
0.000153935
0.000149617
0.000145396
0.000141272
0.000137245
0.000133315
0.000129482
0.000125744
0.000122101
0.000118552
0.000115096
0.000111733
0.000208584
0.000203036
0.000197581
0.000192221
0.000186957
0.000181791
0.000176723
0.000171756
0.00016689
0.000162125
0.000157463
0.000152903
0.000148447
0.000144094
0.000139844
0.000135696
0.000131652
0.000127709
0.000123868
0.000120128
0.000116488
0.000112948
0.000109505
0.000106159
0.000203753
0.000198094
0.000192535
0.000187077
0.000181722
0.00017647
0.000171324
0.000166285
0.000161353
0.000156529
0.000151814
0.000147208
0.000142711
0.000138324
0.000134045
0.000129876
0.000125816
0.000121863
0.000118017
0.000114278
0.000110644
0.000107115
0.000103688
0.000100363
0.000198693
0.00019292
0.000187253
0.000181693
0.000176243
0.000170904
0.000165677
0.000160564
0.000155565
0.000150681
0.000145913
0.00014126
0.000136724
0.000132304
0.000127999
0.00012381
0.000119735
0.000115775
0.000111928
0.000108192
0.000104568
0.000101053
9.76469e-05
9.4347e-05
0.0001934
0.000187507
0.000181728
0.000176064
0.000170516
0.000165087
0.000159778
0.00015459
0.000149523
0.000144579
0.000139757
0.000135059
0.000130484
0.000126032
0.000121703
0.000117495
0.00011341
0.000109444
0.000105599
0.000101871
9.82601e-05
9.47645e-05
9.13826e-05
8.81126e-05
0.000187868
0.000181852
0.000175957
0.000170185
0.000164537
0.000159016
0.000153622
0.000148357
0.000143222
0.000138217
0.000133343
0.0001286
0.000123987
0.000119505
0.000115153
0.000110931
0.000106837
0.00010287
9.90293e-05
9.53132e-05
9.17201e-05
8.82482e-05
8.48958e-05
8.16607e-05
0.000182093
0.000175949
0.000169934
0.000164051
0.0001583
0.000152684
0.000147205
0.000141862
0.000136658
0.000131593
0.000126666
0.000121879
0.000117231
0.000112721
0.000108349
0.000104114
0.000100015
9.60503e-05
9.22188e-05
8.85187e-05
8.49481e-05
8.15049e-05
7.81872e-05
7.49925e-05
0.000176069
0.000169793
0.000163654
0.000157656
0.0001518
0.000146088
0.000140521
0.0001351
0.000129827
0.000124701
0.000119723
0.000114894
0.000110211
0.000105676
0.000101287
9.70427e-05
9.29423e-05
8.89841e-05
8.51662e-05
8.14869e-05
7.79439e-05
7.45349e-05
7.12576e-05
6.81092e-05
0.00016979
0.000163377
0.000157111
0.000150995
0.000145031
0.00013922
0.000133565
0.000128065
0.000122723
0.000117537
0.00011251
0.000107639
0.000102925
9.8367e-05
9.3964e-05
8.97144e-05
8.56169e-05
8.16696e-05
7.78705e-05
7.42172e-05
7.07074e-05
6.73385e-05
6.41077e-05
6.1012e-05
0.000163249
0.000156695
0.000150298
0.000144061
0.000137987
0.000132076
0.000126331
0.000120753
0.000115341
0.000110097
0.000105021
0.000100111
9.53683e-05
9.07909e-05
8.63776e-05
8.21268e-05
7.80369e-05
7.41055e-05
7.03304e-05
6.67091e-05
6.32386e-05
5.99162e-05
5.67385e-05
5.37024e-05
0.000156441
0.000149741
0.000143209
0.000136849
0.000130662
0.00012465
0.000118814
0.000113156
0.000107677
0.000102375
9.72518e-05
9.23062e-05
8.75374e-05
8.2944e-05
7.85247e-05
7.42774e-05
7.02e-05
6.62902e-05
6.25451e-05
5.89619e-05
5.55374e-05
5.22683e-05
4.9151e-05
4.61818e-05
0.000149358
0.000142508
0.000135838
0.000129351
0.000123049
0.000116934
0.000111008
0.000105271
9.97236e-05
9.43662e-05
8.91984e-05
8.42195e-05
7.94282e-05
7.48231e-05
7.04022e-05
6.61635e-05
6.21044e-05
5.82221e-05
5.45135e-05
5.09753e-05
4.76039e-05
4.43955e-05
4.13462e-05
3.84517e-05
0.000141993
0.000134988
0.000128177
0.000121561
0.000115142
0.000108923
0.000102906
9.709e-05
9.14764e-05
8.60651e-05
8.08555e-05
7.58465e-05
7.10367e-05
6.64243e-05
6.20072e-05
5.77827e-05
5.3748e-05
4.98998e-05
4.62347e-05
4.27488e-05
3.94381e-05
3.62985e-05
3.33253e-05
3.05141e-05
0.000134339
0.000127176
0.000120219
0.00011347
0.000106934
0.00010061
9.45012e-05
8.86075e-05
8.29293e-05
7.74663e-05
7.22178e-05
6.71825e-05
6.23587e-05
5.77442e-05
5.33364e-05
4.91324e-05
4.51288e-05
4.13219e-05
3.77078e-05
3.42821e-05
3.10404e-05
2.7978e-05
2.50898e-05
2.23707e-05
0.000126388
0.000119062
0.000111956
0.000105073
9.84166e-05
9.19876e-05
8.57875e-05
7.98169e-05
7.40759e-05
6.85641e-05
6.32803e-05
5.8223e-05
5.33901e-05
4.87791e-05
4.43868e-05
4.021e-05
3.62447e-05
3.24869e-05
2.89319e-05
2.5575e-05
2.24112e-05
1.94351e-05
1.66411e-05
1.40237e-05
0.000118132
0.000110639
0.000103381
9.63613e-05
8.95833e-05
8.30483e-05
7.67576e-05
7.07116e-05
6.49103e-05
5.93527e-05
5.40376e-05
4.89631e-05
4.41266e-05
3.95251e-05
3.51552e-05
3.10129e-05
2.70939e-05
2.33935e-05
1.99065e-05
1.66275e-05
1.3551e-05
1.06709e-05
7.98111e-06
5.47531e-06
0.000109564
0.000101898
9.44847e-05
8.73264e-05
8.04259e-05
7.37849e-05
6.74044e-05
6.12849e-05
5.54258e-05
4.98262e-05
4.44843e-05
3.93978e-05
3.45637e-05
2.99786e-05
2.56385e-05
2.15388e-05
1.76745e-05
1.40405e-05
1.06309e-05
7.43962e-06
4.46044e-06
1.68672e-06
-8.88375e-07
-3.27183e-06
0.000100673
9.28318e-05
8.52597e-05
7.79604e-05
7.09365e-05
6.41895e-05
5.77205e-05
5.15296e-05
4.5616e-05
3.99785e-05
3.46148e-05
2.95222e-05
2.46973e-05
2.01359e-05
1.58336e-05
1.17851e-05
7.98484e-06
4.42685e-06
1.10469e-06
-1.9884e-06
-4.85948e-06
-7.51587e-06
-9.96513e-06
-1.2215e-05
9.14524e-05
8.34308e-05
7.5697e-05
6.82549e-05
6.11068e-05
5.42543e-05
4.76983e-05
4.14386e-05
3.54742e-05
2.98034e-05
2.44236e-05
1.93314e-05
1.45228e-05
9.99326e-06
5.73743e-06
1.74949e-06
-1.97686e-06
-5.44839e-06
-8.6723e-06
-1.16561e-05
-1.44077e-05
-1.69351e-05
-1.92467e-05
-2.13511e-05
8.18921e-05
7.36861e-05
6.57878e-05
5.8201e-05
5.09283e-05
4.39712e-05
3.73301e-05
3.10047e-05
2.49937e-05
1.92948e-05
1.39049e-05
8.82023e-06
4.03602e-06
-4.53031e-07
-4.65292e-06
-8.57024e-06
-1.22121e-05
-1.55861e-05
-1.87002e-05
-2.15629e-05
-2.41828e-05
-2.6569e-05
-2.87305e-05
-3.06769e-05
7.1983e-05
6.35884e-05
5.55228e-05
4.779e-05
4.03925e-05
3.33317e-05
2.66079e-05
2.02204e-05
1.41674e-05
8.44623e-06
3.05317e-06
-2.01629e-06
-6.76752e-06
-1.12066e-05
-1.53404e-05
-1.91763e-05
-2.27223e-05
-2.59868e-05
-2.8979e-05
-3.17079e-05
-3.41834e-05
-3.64152e-05
-3.84136e-05
-4.01888e-05
6.17152e-05
5.31283e-05
4.48927e-05
3.70126e-05
2.94904e-05
2.23274e-05
1.55237e-05
9.07812e-06
2.98843e-06
-2.74866e-06
-8.13747e-06
-1.31833e-05
-1.78922e-05
-2.22711e-05
-2.63279e-05
-3.00707e-05
-3.35087e-05
-3.66512e-05
-3.95082e-05
-4.20901e-05
-4.44075e-05
-4.64713e-05
-4.82927e-05
-4.98829e-05
5.1081e-05
4.22965e-05
3.3888e-05
2.58595e-05
1.82131e-05
1.09498e-05
4.0694e-06
-2.42972e-06
-8.55031e-06
-1.42963e-05
-1.96727e-05
-2.46857e-05
-2.93422e-05
-3.365e-05
-3.7618e-05
-4.12555e-05
-4.45724e-05
-4.75794e-05
-5.02875e-05
-5.27082e-05
-5.48531e-05
-5.67344e-05
-5.83643e-05
-5.9755e-05
4.00669e-05
3.10821e-05
2.24989e-05
1.43213e-05
6.55141e-06
-8.09909e-07
-7.76333e-06
-1.43109e-05
-2.04559e-05
-2.62031e-05
-3.15584e-05
-3.65286e-05
-4.11217e-05
-4.53467e-05
-4.92134e-05
-5.27322e-05
-5.59143e-05
-5.87715e-05
-6.1316e-05
-6.35605e-05
-6.55179e-05
-6.72014e-05
-6.86245e-05
-6.98006e-05
2.86647e-05
1.94756e-05
1.07154e-05
2.38817e-06
-5.504e-06
-1.29607e-05
-1.99828e-05
-2.65731e-05
-3.27355e-05
-3.84756e-05
-4.38e-05
-4.87167e-05
-5.32349e-05
-5.73644e-05
-6.11163e-05
-6.45024e-05
-6.7535e-05
-7.02273e-05
-7.25927e-05
-7.46452e-05
-7.63991e-05
-7.78689e-05
-7.90692e-05
-8.00148e-05
1.68638e-05
7.46666e-06
-1.47254e-06
-9.94955e-06
-1.79625e-05
-2.55113e-05
-3.25975e-05
-3.92241e-05
-4.53962e-05
-5.112e-05
-5.64032e-05
-6.1255e-05
-6.56855e-05
-6.97061e-05
-7.3329e-05
-7.65674e-05
-7.94349e-05
-8.19462e-05
-8.41162e-05
-8.59602e-05
-8.74938e-05
-8.87331e-05
-8.9694e-05
-9.03926e-05
4.65358e-06
-4.95525e-06
-1.40751e-05
-2.27018e-05
-3.08337e-05
-3.84709e-05
-4.56157e-05
-5.22718e-05
-5.8445e-05
-6.41426e-05
-6.93735e-05
-7.4148e-05
-7.84775e-05
-8.23747e-05
-8.58534e-05
-8.89281e-05
-9.16142e-05
-9.39276e-05
-9.58848e-05
-9.75028e-05
-9.87986e-05
-9.97898e-05
-0.000100494
-0.000100928
-7.97677e-06
-1.78007e-05
-2.71028e-05
-3.58787e-05
-4.41271e-05
-5.18486e-05
-5.90459e-05
-6.57239e-05
-7.1889e-05
-7.75497e-05
-8.27163e-05
-8.74001e-05
-9.16142e-05
-9.53728e-05
-9.86911e-05
-0.000101585
-0.000104072
-0.00010617
-0.000107896
-0.00010927
-0.00011031
-0.000111035
-0.000111464
-0.000111616
-2.10382e-05
-3.10806e-05
-4.05661e-05
-4.94904e-05
-5.78525e-05
-6.56535e-05
-7.28968e-05
-7.95881e-05
-8.57351e-05
-9.13474e-05
-9.64366e-05
-0.000101016
-0.000105099
-0.000108703
-0.000111843
-0.000114539
-0.000116809
-0.000118672
-0.000120149
-0.000121259
-0.000122023
-0.000122463
-0.000122598
-0.00012245
-3.45419e-05
-4.4806e-05
-5.4476e-05
-6.35475e-05
-7.20198e-05
-7.98949e-05
-8.71769e-05
-9.38723e-05
-9.99903e-05
-0.000105542
-0.00011054
-0.000114999
-0.000118935
-0.000122366
-0.000125311
-0.00012779
-0.000129823
-0.000131432
-0.000132639
-0.000133466
-0.000133935
-0.000134069
-0.000133891
-0.000133423
-4.84992e-05
-5.89883e-05
-6.88434e-05
-7.80604e-05
-8.66392e-05
-9.45823e-05
-0.000101895
-0.000108584
-0.000114662
-0.000120139
-0.00012503
-0.000129353
-0.000133125
-0.000136366
-0.000139096
-0.000141338
-0.000143114
-0.000144448
-0.000145364
-0.000145886
-0.000146039
-0.000145847
-0.000145335
-0.000144528
-6.2921e-05
-7.3639e-05
-8.368e-05
-9.30402e-05
-0.000101721
-0.000109725
-0.000117059
-0.000123732
-0.000129756
-0.000135144
-0.000139913
-0.000144083
-0.000147671
-0.000150702
-0.000153197
-0.000155181
-0.000156679
-0.000157716
-0.000158319
-0.000158515
-0.00015833
-0.000157791
-0.000156925
-0.000155758
-7.78178e-05
-8.87699e-05
-9.89973e-05
-0.000108498
-0.000117276
-0.000125334
-0.00013268
-0.000139324
-0.00014528
-0.000150564
-0.000155194
-0.000159191
-0.000162577
-0.000165377
-0.000167615
-0.000169319
-0.000170516
-0.000171234
-0.000171502
-0.000171348
-0.000170803
-0.000169895
-0.000168653
-0.000167105
-9.3206e-05
-0.000104395
-0.000114808
-0.000124445
-0.000133314
-0.000141417
-0.000148764
-0.000155367
-0.000161241
-0.000166403
-0.000170876
-0.000174681
-0.000177843
-0.00018039
-0.000182349
-0.00018375
-0.000184622
-0.000184997
-0.000184906
-0.00018438
-0.000183451
-0.000182152
-0.000180511
-0.000178562
-0.000109103
-0.000120533
-0.000131124
-0.000140892
-0.000149846
-0.000157986
-0.000165323
-0.00017187
-0.000177645
-0.000182668
-0.000186963
-0.000190555
-0.000193472
-0.000195743
-0.000197399
-0.000198472
-0.000198995
-0.000199002
-0.000198527
-0.000197604
-0.000196268
-0.000194553
-0.000192492
-0.000190118
)
;

boundaryField
{
    down
    {
        type            symmetryPlane;
    }
    right
    {
        type            fixedValue;
        value           nonuniform List<scalar> 0();
    }
    up
    {
        type            symmetryPlane;
    }
    left
    {
        type            zeroGradient;
    }
    cylinder
    {
        type            zeroGradient;
    }
    frontAndBack
    {
        type            empty;
    }
    procBoundary1to0
    {
        type            processor;
        value           nonuniform List<scalar> 
73
(
0.000742329
0.000753172
0.000764491
0.000776305
0.000788637
0.000801508
0.000814941
0.000828958
0.000843583
0.000858839
0.00087475
0.000891339
0.000908629
0.000926644
0.000945405
0.000964936
0.000985256
0.00100638
0.000489122
0.000489305
0.00048966
0.000490181
0.000490861
0.000491694
0.000492677
0.000493804
0.000495074
0.000496485
0.000498035
0.000499723
0.00050155
0.000503514
0.000505618
0.000507861
0.000510246
0.000512773
0.000515445
0.000518263
0.000521231
0.000524351
0.000527625
0.000531057
0.00053465
0.000538406
0.00054233
0.000546425
0.000550693
0.00055514
0.000559767
0.000564579
0.00056958
0.000574771
0.000580157
0.000585741
0.000591526
0.000597515
0.00060371
0.000610114
0.00061673
0.000623559
0.000630604
0.000637865
0.000645344
0.000653042
0.00066096
0.000669098
0.000677455
0.000686031
0.000694826
0.000703838
0.000713065
0.000722506
0.000732157
)
;
    }
    procBoundary1to2
    {
        type            processor;
        value           nonuniform List<scalar> 
74
(
-0.000199024
-0.000211148
-0.000223597
-0.000236372
-0.000249474
-0.000262903
-0.000276657
-0.000290734
-0.000305127
-0.000319831
-0.000334834
-0.000350126
-0.000365689
-0.000381506
-0.000397553
-0.000413802
-0.000430219
-0.000446768
-0.000463408
0.000169084
0.00016872
0.000168011
0.000166975
0.000165626
0.000163977
0.00016204
0.000159823
0.000157337
0.000154588
0.000151584
0.00014833
0.00014483
0.000141091
0.000137115
0.000132906
0.000128467
0.0001238
0.000118909
0.000113796
0.000108461
0.000102908
9.71379e-05
9.11522e-05
8.49526e-05
7.85408e-05
7.19184e-05
6.50871e-05
5.80485e-05
5.08045e-05
4.3357e-05
3.57081e-05
2.78601e-05
1.98155e-05
1.15769e-05
3.14715e-06
-5.47064e-06
-1.42731e-05
-2.32567e-05
-3.24174e-05
-4.1751e-05
-5.12531e-05
-6.09188e-05
-7.0743e-05
-8.07203e-05
-9.08447e-05
-0.00010111
-0.00011151
-0.000122038
-0.000132687
-0.000143448
-0.000154315
-0.000165279
-0.000176331
-0.000187463
)
;
    }
    procBoundary1to5
    {
        type            processor;
        value           nonuniform List<scalar> 
77
(
-0.00071733
-0.000738723
-0.00074831
-0.000756484
-0.000762307
-0.000764659
-0.000763724
-0.000759857
-0.000753296
-0.000744258
-0.000732978
-0.000719701
-0.000704668
-0.00071733
-0.000704668
-0.000728976
-0.000708645
-0.000687255
-0.000665041
-0.000642217
-0.000618985
-0.00059553
-0.000572016
-0.000548592
-0.00052539
-0.000502522
-0.000589794
-0.000626145
-0.000661349
-0.000694745
-0.000724799
-0.000561041
-0.000589794
-0.000602178
-0.000216751
-0.000126503
-0.000265796
-0.000307059
-0.00034901
-0.000391439
-0.000391439
-0.000475611
-0.000518828
0.00101986
0.00101039
0.000999876
0.000988238
0.000975409
0.000961313
0.000945875
0.00092902
0.00091067
0.000890748
0.00086918
0.000845893
0.000820814
0.00079388
0.000765029
0.000734208
0.000701373
0.000666491
0.00062954
0.000590515
0.000549423
0.000506295
0.000461178
0.000414143
0.000365285
0.000314724
0.000262608
0.00020911
0.000154431
9.88034e-05
4.24759e-05
-1.43184e-05
-7.09669e-05
-0.000126503
)
;
    }
}


// ************************************************************************* //
