/*--------------------------------*- C++ -*----------------------------------*\
| =========                 |                                                 |
| \\      /  F ield         | OpenFOAM: The Open Source CFD Toolbox           |
|  \\    /   O peration     | Version:  2412                                  |
|   \\  /    A nd           | Website:  www.openfoam.com                      |
|    \\/     M anipulation  |                                                 |
\*---------------------------------------------------------------------------*/
FoamFile
{
    version     2.0;
    format      ascii;
    arch        "LSB;label=32;scalar=64";
    class       volScalarField;
    location    "3";
    object      p;
}
// * * * * * * * * * * * * * * * * * * * * * * * * * * * * * * * * * * * * * //

dimensions      [0 2 -2 0 0 0 0];

internalField   nonuniform List<scalar> 
5285
(
-5.34012e-05
-5.07606e-05
-4.81982e-05
-4.57145e-05
-4.33093e-05
-4.09824e-05
-3.87335e-05
-3.65621e-05
-3.44677e-05
-3.24497e-05
-3.05074e-05
-2.864e-05
-2.68465e-05
-2.5126e-05
-2.34773e-05
-2.18993e-05
-2.03906e-05
-1.89502e-05
-1.75764e-05
-1.62679e-05
-1.50231e-05
-1.38405e-05
-1.27185e-05
-1.16553e-05
-1.06492e-05
-9.69864e-06
-8.80149e-06
-7.95617e-06
-7.16063e-06
-6.41316e-06
-5.71165e-06
-5.05456e-06
-4.43945e-06
-3.86505e-06
-3.32881e-06
-2.82936e-06
-2.36424e-06
-1.93229e-06
-1.53041e-06
-1.15848e-06
-8.12444e-07
-4.92427e-07
-1.95537e-07
8.05366e-08
3.35981e-07
5.74847e-07
7.97357e-07
1.00581e-06
1.20321e-06
1.3895e-06
1.56903e-06
1.74218e-06
1.91225e-06
2.0812e-06
2.25247e-06
2.42506e-06
2.61673e-06
2.77773e-06
3.09289e-06
2.98145e-06
4.20582e-06
1.87296e-06
8.50593e-06
-4.92963e-06
2.17412e-05
-2.04246e-05
3.50693e-05
-1.30284e-05
-3.70826e-06
5.6527e-05
-6.34622e-05
-5.33784e-05
-5.07388e-05
-4.81776e-05
-4.56949e-05
-4.32907e-05
-4.09648e-05
-3.87168e-05
-3.65463e-05
-3.44528e-05
-3.24356e-05
-3.04942e-05
-2.86275e-05
-2.68348e-05
-2.51149e-05
-2.34669e-05
-2.18896e-05
-2.03816e-05
-1.89417e-05
-1.75685e-05
-1.62605e-05
-1.50163e-05
-1.38341e-05
-1.27125e-05
-1.16498e-05
-1.06441e-05
-9.69394e-06
-8.79714e-06
-7.95216e-06
-7.15694e-06
-6.40978e-06
-5.70855e-06
-5.05171e-06
-4.43687e-06
-3.86268e-06
-3.32666e-06
-2.82741e-06
-2.36247e-06
-1.9307e-06
-1.52897e-06
-1.15718e-06
-8.11299e-07
-4.9139e-07
-1.94625e-07
8.13447e-08
3.36687e-07
5.75463e-07
7.97877e-07
1.00626e-06
1.20358e-06
1.38979e-06
1.56927e-06
1.74233e-06
1.91237e-06
2.08122e-06
2.25248e-06
2.425e-06
2.61656e-06
2.77762e-06
3.09251e-06
2.98148e-06
4.20477e-06
1.87401e-06
8.50307e-06
-4.92679e-06
2.17381e-05
-2.0426e-05
3.50761e-05
-1.30401e-05
-3.70251e-06
5.65354e-05
-6.34864e-05
-5.33328e-05
-5.06954e-05
-4.81363e-05
-4.56556e-05
-4.32535e-05
-4.09295e-05
-3.86833e-05
-3.65147e-05
-3.44229e-05
-3.24075e-05
-3.04676e-05
-2.86025e-05
-2.68113e-05
-2.50929e-05
-2.34462e-05
-2.18701e-05
-2.03634e-05
-1.89247e-05
-1.75526e-05
-1.62458e-05
-1.50025e-05
-1.38214e-05
-1.27007e-05
-1.16388e-05
-1.0634e-05
-9.68452e-06
-8.78845e-06
-7.94415e-06
-7.14957e-06
-6.403e-06
-5.70235e-06
-5.04602e-06
-4.4317e-06
-3.85794e-06
-3.32236e-06
-2.82351e-06
-2.35893e-06
-1.92751e-06
-1.52611e-06
-1.15459e-06
-8.09009e-07
-4.89319e-07
-1.92811e-07
8.29631e-08
3.38085e-07
5.76698e-07
7.98906e-07
1.00716e-06
1.20429e-06
1.39037e-06
1.56974e-06
1.74262e-06
1.91261e-06
2.08126e-06
2.25246e-06
2.42486e-06
2.61625e-06
2.77736e-06
3.09176e-06
2.98153e-06
4.20267e-06
1.87608e-06
8.49735e-06
-4.92116e-06
2.17319e-05
-2.04288e-05
3.50896e-05
-1.30634e-05
-3.69093e-06
5.65518e-05
-6.35343e-05
-5.32643e-05
-5.06302e-05
-4.80743e-05
-4.55968e-05
-4.31976e-05
-4.08765e-05
-3.86332e-05
-3.64673e-05
-3.43782e-05
-3.23652e-05
-3.04278e-05
-2.8565e-05
-2.6776e-05
-2.50598e-05
-2.34151e-05
-2.1841e-05
-2.03362e-05
-1.88993e-05
-1.75289e-05
-1.62236e-05
-1.49819e-05
-1.38022e-05
-1.26829e-05
-1.16223e-05
-1.06187e-05
-9.6704e-06
-8.77542e-06
-7.93213e-06
-7.13852e-06
-6.39284e-06
-5.69305e-06
-5.03749e-06
-4.42394e-06
-3.85083e-06
-3.31592e-06
-2.81765e-06
-2.35363e-06
-1.92273e-06
-1.5218e-06
-1.1507e-06
-8.05571e-07
-4.86221e-07
-1.9009e-07
8.53807e-08
3.40182e-07
5.78537e-07
8.00454e-07
1.00849e-06
1.20538e-06
1.39125e-06
1.57043e-06
1.74307e-06
1.91295e-06
2.08135e-06
2.25242e-06
2.42464e-06
2.61579e-06
2.77695e-06
3.09065e-06
2.98157e-06
4.19954e-06
1.87916e-06
8.48881e-06
-4.91284e-06
2.1723e-05
-2.04335e-05
3.51106e-05
-1.30989e-05
-3.67344e-06
5.65771e-05
-6.36064e-05
-5.31731e-05
-5.05434e-05
-4.79917e-05
-4.55183e-05
-4.31232e-05
-4.0806e-05
-3.85664e-05
-3.64041e-05
-3.43185e-05
-3.2309e-05
-3.03748e-05
-2.85151e-05
-2.67291e-05
-2.50156e-05
-2.33738e-05
-2.18023e-05
-2.02999e-05
-1.88654e-05
-1.74972e-05
-1.61941e-05
-1.49544e-05
-1.37767e-05
-1.26592e-05
-1.16004e-05
-1.05983e-05
-9.65158e-06
-8.75805e-06
-7.91612e-06
-7.12379e-06
-6.3793e-06
-5.68065e-06
-5.02612e-06
-4.41359e-06
-3.84136e-06
-3.30734e-06
-2.80985e-06
-2.34656e-06
-1.91635e-06
-1.51607e-06
-1.14553e-06
-8.00987e-07
-4.82098e-07
-1.86464e-07
8.85963e-08
3.42979e-07
5.80979e-07
8.02521e-07
1.01027e-06
1.20682e-06
1.39241e-06
1.57135e-06
1.74368e-06
1.91338e-06
2.08147e-06
2.25235e-06
2.42435e-06
2.61518e-06
2.77639e-06
3.08918e-06
2.98159e-06
4.19542e-06
1.88316e-06
8.47768e-06
-4.90232e-06
2.17121e-05
-2.04415e-05
3.51407e-05
-1.31481e-05
-3.65017e-06
5.66135e-05
-6.3705e-05
-5.30591e-05
-5.04349e-05
-4.78885e-05
-4.54203e-05
-4.30302e-05
-4.07179e-05
-3.8483e-05
-3.63252e-05
-3.4244e-05
-3.22386e-05
-3.03085e-05
-2.84527e-05
-2.66704e-05
-2.49605e-05
-2.33221e-05
-2.17538e-05
-2.02546e-05
-1.8823e-05
-1.74577e-05
-1.61572e-05
-1.49201e-05
-1.37448e-05
-1.26296e-05
-1.15729e-05
-1.05729e-05
-9.62808e-06
-8.73635e-06
-7.89611e-06
-7.1054e-06
-6.36238e-06
-5.66518e-06
-5.01192e-06
-4.40066e-06
-3.82954e-06
-3.29662e-06
-2.8001e-06
-2.33774e-06
-1.90837e-06
-1.50891e-06
-1.13907e-06
-7.95257e-07
-4.76952e-07
-1.81934e-07
9.26074e-08
3.46472e-07
5.84022e-07
8.05106e-07
1.01247e-06
1.20862e-06
1.39387e-06
1.57249e-06
1.74445e-06
1.91391e-06
2.08163e-06
2.25226e-06
2.42399e-06
2.61442e-06
2.77568e-06
3.08735e-06
2.98163e-06
4.19025e-06
1.88819e-06
8.4637e-06
-4.88908e-06
2.16984e-05
-2.04516e-05
3.51788e-05
-1.321e-05
-3.62074e-06
5.66593e-05
-6.38248e-05
-5.29225e-05
-5.03048e-05
-4.77648e-05
-4.53028e-05
-4.29187e-05
-4.06122e-05
-3.8383e-05
-3.62306e-05
-3.41546e-05
-3.21543e-05
-3.0229e-05
-2.83779e-05
-2.66e-05
-2.48945e-05
-2.32601e-05
-2.16957e-05
-2.02002e-05
-1.87722e-05
-1.74103e-05
-1.6113e-05
-1.4879e-05
-1.37065e-05
-1.2594e-05
-1.154e-05
-1.05424e-05
-9.59989e-06
-8.71034e-06
-7.87213e-06
-7.08334e-06
-6.34211e-06
-5.64661e-06
-4.9949e-06
-4.38516e-06
-3.81537e-06
-3.28376e-06
-2.78841e-06
-2.32717e-06
-1.89882e-06
-1.50033e-06
-1.13133e-06
-7.88384e-07
-4.70787e-07
-1.76502e-07
9.74121e-08
3.50662e-07
5.87666e-07
8.08209e-07
1.01512e-06
1.21079e-06
1.39561e-06
1.57385e-06
1.74537e-06
1.91453e-06
2.08182e-06
2.25215e-06
2.42356e-06
2.6135e-06
2.77484e-06
3.0851e-06
2.98184e-06
4.18352e-06
1.89553e-06
8.4439e-06
-4.86703e-06
2.16712e-05
-2.04478e-05
3.52069e-05
-1.32727e-05
-3.58046e-06
5.66893e-05
-6.3926e-05
-5.27593e-05
-5.01495e-05
-4.76171e-05
-4.51625e-05
-4.27856e-05
-4.0486e-05
-3.82635e-05
-3.61177e-05
-3.40479e-05
-3.20536e-05
-3.01341e-05
-2.82886e-05
-2.65161e-05
-2.48156e-05
-2.31861e-05
-2.16264e-05
-2.01353e-05
-1.87115e-05
-1.73537e-05
-1.60603e-05
-1.48298e-05
-1.36608e-05
-1.25516e-05
-1.15007e-05
-1.0506e-05
-9.56623e-06
-8.67928e-06
-7.84349e-06
-7.05701e-06
-6.3179e-06
-5.62445e-06
-4.97458e-06
-4.36664e-06
-3.79845e-06
-3.2684e-06
-2.77445e-06
-2.31454e-06
-1.8874e-06
-1.49008e-06
-1.12209e-06
-7.80175e-07
-4.6343e-07
-1.70016e-07
1.03143e-07
3.55666e-07
5.92011e-07
8.11917e-07
1.01827e-06
1.21338e-06
1.39769e-06
1.57548e-06
1.74648e-06
1.91527e-06
2.08206e-06
2.252e-06
2.42304e-06
2.6124e-06
2.77386e-06
3.08233e-06
2.98237e-06
4.17469e-06
1.90642e-06
8.41519e-06
-4.83002e-06
2.16189e-05
-2.04136e-05
3.52054e-05
-1.33239e-05
-3.52393e-06
5.66763e-05
-6.39685e-05
-5.25675e-05
-4.99669e-05
-4.74436e-05
-4.49977e-05
-4.26292e-05
-4.03378e-05
-3.81232e-05
-3.5985e-05
-3.39226e-05
-3.19354e-05
-3.00227e-05
-2.81836e-05
-2.64174e-05
-2.47229e-05
-2.30991e-05
-2.15449e-05
-2.00591e-05
-1.86403e-05
-1.72872e-05
-1.59983e-05
-1.47721e-05
-1.36072e-05
-1.25018e-05
-1.14545e-05
-1.04633e-05
-9.52668e-06
-8.64279e-06
-7.80984e-06
-7.02608e-06
-6.28946e-06
-5.59841e-06
-4.95071e-06
-4.34488e-06
-3.77858e-06
-3.25035e-06
-2.75805e-06
-2.29971e-06
-1.87399e-06
-1.47804e-06
-1.11124e-06
-7.70526e-07
-4.54789e-07
-1.62395e-07
1.09875e-07
3.61544e-07
5.97113e-07
8.16276e-07
1.02197e-06
1.21643e-06
1.40013e-06
1.57739e-06
1.74778e-06
1.91613e-06
2.08235e-06
2.25183e-06
2.42242e-06
2.61114e-06
2.7726e-06
3.07937e-06
2.98214e-06
4.16642e-06
1.91431e-06
8.39154e-06
-4.80479e-06
2.15857e-05
-2.04081e-05
3.52349e-05
-1.33954e-05
-3.47618e-06
5.67055e-05
-6.40755e-05
-5.23511e-05
-4.97609e-05
-4.72476e-05
-4.48116e-05
-4.24526e-05
-4.01704e-05
-3.79648e-05
-3.58351e-05
-3.3781e-05
-3.18018e-05
-2.98968e-05
-2.80652e-05
-2.6306e-05
-2.46183e-05
-2.3001e-05
-2.1453e-05
-1.9973e-05
-1.85598e-05
-1.72121e-05
-1.59283e-05
-1.4707e-05
-1.35466e-05
-1.24456e-05
-1.14023e-05
-1.0415e-05
-9.48204e-06
-8.60159e-06
-7.77186e-06
-6.99115e-06
-6.25736e-06
-5.56901e-06
-4.92377e-06
-4.32031e-06
-3.75615e-06
-3.22997e-06
-2.73954e-06
-2.28296e-06
-1.85886e-06
-1.46444e-06
-1.099e-06
-7.5963e-07
-4.45039e-07
-1.53791e-07
1.17473e-07
3.68181e-07
6.02869e-07
8.21199e-07
1.02614e-06
1.21987e-06
1.40288e-06
1.57954e-06
1.74925e-06
1.91709e-06
2.08267e-06
2.25163e-06
2.42171e-06
2.60974e-06
2.77109e-06
3.07625e-06
2.98131e-06
4.15848e-06
1.92014e-06
8.37078e-06
-4.78611e-06
2.15612e-05
-2.04145e-05
3.52742e-05
-1.34715e-05
-3.43365e-06
5.67474e-05
-6.42013e-05
-5.211e-05
-4.95313e-05
-4.70294e-05
-4.46043e-05
-4.22559e-05
-3.99841e-05
-3.77883e-05
-3.56683e-05
-3.36234e-05
-3.16531e-05
-2.97567e-05
-2.79332e-05
-2.61819e-05
-2.45018e-05
-2.28917e-05
-2.13506e-05
-1.98772e-05
-1.84703e-05
-1.71285e-05
-1.58503e-05
-1.46344e-05
-1.34791e-05
-1.23829e-05
-1.13442e-05
-1.03612e-05
-9.43232e-06
-8.55571e-06
-7.72956e-06
-6.95226e-06
-6.22161e-06
-5.53626e-06
-4.89377e-06
-4.29294e-06
-3.73117e-06
-3.20727e-06
-2.71892e-06
-2.26431e-06
-1.842e-06
-1.44929e-06
-1.08536e-06
-7.47491e-07
-4.34184e-07
-1.44207e-07
1.25931e-07
3.75572e-07
6.09277e-07
8.26685e-07
1.03078e-06
1.2237e-06
1.40594e-06
1.58193e-06
1.7509e-06
1.91816e-06
2.08304e-06
2.25141e-06
2.42091e-06
2.6082e-06
2.76935e-06
3.07289e-06
2.98004e-06
4.15036e-06
1.9252e-06
8.34989e-06
-4.76781e-06
2.15345e-05
-2.04166e-05
3.53048e-05
-1.35399e-05
-3.39172e-06
5.67762e-05
-6.43046e-05
-5.18443e-05
-4.92785e-05
-4.6789e-05
-4.43759e-05
-4.20393e-05
-3.97788e-05
-3.7594e-05
-3.54845e-05
-3.34498e-05
-3.14893e-05
-2.96023e-05
-2.77879e-05
-2.60453e-05
-2.43734e-05
-2.27713e-05
-2.12378e-05
-1.97716e-05
-1.83716e-05
-1.70364e-05
-1.57645e-05
-1.45544e-05
-1.34048e-05
-1.23139e-05
-1.12802e-05
-1.0302e-05
-9.37755e-06
-8.50517e-06
-7.68297e-06
-6.90941e-06
-6.18223e-06
-5.50018e-06
-4.86072e-06
-4.26278e-06
-3.70365e-06
-3.18227e-06
-2.69621e-06
-2.24377e-06
-1.82343e-06
-1.4326e-06
-1.07034e-06
-7.34115e-07
-4.22228e-07
-1.33649e-07
1.35248e-07
3.83716e-07
6.16333e-07
8.32731e-07
1.03588e-06
1.22792e-06
1.40932e-06
1.58455e-06
1.75271e-06
1.91932e-06
2.08344e-06
2.25116e-06
2.42002e-06
2.60651e-06
2.76739e-06
3.0693e-06
2.97837e-06
4.142e-06
1.9296e-06
8.32864e-06
-4.74944e-06
2.15048e-05
-2.04133e-05
3.53257e-05
-1.35997e-05
-3.35013e-06
5.67904e-05
-6.43808e-05
-5.15542e-05
-4.90024e-05
-4.65264e-05
-4.41266e-05
-4.18028e-05
-3.95546e-05
-3.73818e-05
-3.52838e-05
-3.32603e-05
-3.13105e-05
-2.94337e-05
-2.76292e-05
-2.58961e-05
-2.42333e-05
-2.26398e-05
-2.11146e-05
-1.96564e-05
-1.82639e-05
-1.69358e-05
-1.56707e-05
-1.44672e-05
-1.33237e-05
-1.22386e-05
-1.12104e-05
-1.02373e-05
-9.31775e-06
-8.44999e-06
-7.6321e-06
-6.86262e-06
-6.13923e-06
-5.46079e-06
-4.82464e-06
-4.22985e-06
-3.67361e-06
-3.15496e-06
-2.67142e-06
-2.22133e-06
-1.80315e-06
-1.41438e-06
-1.05395e-06
-7.19506e-07
-4.09179e-07
-1.22119e-07
1.45417e-07
3.92608e-07
6.24035e-07
8.39333e-07
1.04146e-06
1.23253e-06
1.413e-06
1.58742e-06
1.7547e-06
1.92058e-06
2.08389e-06
2.25088e-06
2.41904e-06
2.60467e-06
2.7652e-06
3.06547e-06
2.97627e-06
4.13343e-06
1.93327e-06
8.30722e-06
-4.7315e-06
2.14731e-05
-2.04064e-05
3.53391e-05
-1.36528e-05
-3.30888e-06
5.67926e-05
-6.44329e-05
-5.12398e-05
-4.87032e-05
-4.6242e-05
-4.38564e-05
-4.15464e-05
-3.93117e-05
-3.71518e-05
-3.50664e-05
-3.30549e-05
-3.11167e-05
-2.92511e-05
-2.74573e-05
-2.57344e-05
-2.40814e-05
-2.24974e-05
-2.09811e-05
-1.95315e-05
-1.81471e-05
-1.68268e-05
-1.55691e-05
-1.43726e-05
-1.32357e-05
-1.21569e-05
-1.11347e-05
-1.01672e-05
-9.25295e-06
-8.39019e-06
-7.57697e-06
-6.81192e-06
-6.09264e-06
-5.41809e-06
-4.78554e-06
-4.19416e-06
-3.64106e-06
-3.12536e-06
-2.64455e-06
-2.19701e-06
-1.78118e-06
-1.39463e-06
-1.03618e-06
-7.03672e-07
-3.9504e-07
-1.09623e-07
1.56436e-07
4.02245e-07
6.32379e-07
8.46489e-07
1.0475e-06
1.23753e-06
1.41699e-06
1.59052e-06
1.75685e-06
1.92194e-06
2.08437e-06
2.25057e-06
2.41797e-06
2.60269e-06
2.76278e-06
3.06141e-06
2.97375e-06
4.12465e-06
1.9362e-06
8.28568e-06
-4.7141e-06
2.14397e-05
-2.03964e-05
3.53458e-05
-1.37001e-05
-3.26773e-06
5.67836e-05
-6.44623e-05
-5.09013e-05
-4.83809e-05
-4.59356e-05
-4.35655e-05
-4.12705e-05
-3.90502e-05
-3.69042e-05
-3.48323e-05
-3.28338e-05
-3.09081e-05
-2.90545e-05
-2.72722e-05
-2.55603e-05
-2.3918e-05
-2.2344e-05
-2.08374e-05
-1.9397e-05
-1.80214e-05
-1.67095e-05
-1.54598e-05
-1.42708e-05
-1.3141e-05
-1.2069e-05
-1.10532e-05
-1.00918e-05
-9.18318e-06
-8.3258e-06
-7.51761e-06
-6.75733e-06
-6.04248e-06
-5.37212e-06
-4.74345e-06
-4.15573e-06
-3.60601e-06
-3.09349e-06
-2.61561e-06
-2.17083e-06
-1.75752e-06
-1.37336e-06
-1.01706e-06
-6.86618e-07
-3.7982e-07
-9.6166e-08
1.68299e-07
4.12622e-07
6.41361e-07
8.54196e-07
1.05399e-06
1.24291e-06
1.42129e-06
1.59386e-06
1.75918e-06
1.92339e-06
2.08489e-06
2.25023e-06
2.41681e-06
2.60056e-06
2.76014e-06
3.0571e-06
2.97082e-06
4.11564e-06
1.9384e-06
8.26396e-06
-4.69722e-06
2.14046e-05
-2.03835e-05
3.5346e-05
-1.37418e-05
-3.22648e-06
5.67635e-05
-6.44695e-05
-5.05388e-05
-4.80359e-05
-4.56076e-05
-4.3254e-05
-4.09749e-05
-3.87701e-05
-3.66392e-05
-3.45816e-05
-3.2597e-05
-3.06847e-05
-2.88439e-05
-2.7074e-05
-2.5374e-05
-2.37429e-05
-2.21798e-05
-2.06836e-05
-1.9253e-05
-1.78869e-05
-1.65839e-05
-1.53426e-05
-1.41617e-05
-1.30397e-05
-1.19749e-05
-1.09659e-05
-1.0011e-05
-9.10847e-06
-8.25685e-06
-7.45406e-06
-6.69887e-06
-5.98876e-06
-5.32289e-06
-4.69837e-06
-4.11457e-06
-3.56848e-06
-3.05936e-06
-2.58463e-06
-2.14279e-06
-1.73219e-06
-1.35058e-06
-9.96586e-07
-6.68352e-07
-3.63526e-07
-8.17543e-08
1.81001e-07
4.23734e-07
6.50977e-07
8.6245e-07
1.06095e-06
1.24867e-06
1.42589e-06
1.59742e-06
1.76167e-06
1.92494e-06
2.08545e-06
2.24986e-06
2.41555e-06
2.59828e-06
2.75726e-06
3.05256e-06
2.96748e-06
4.10639e-06
1.93991e-06
8.24203e-06
-4.68083e-06
2.13677e-05
-2.03676e-05
3.53399e-05
-1.37783e-05
-3.18496e-06
5.67325e-05
-6.4455e-05
-5.01524e-05
-4.76682e-05
-4.52581e-05
-4.29221e-05
-4.066e-05
-3.84717e-05
-3.63567e-05
-3.43145e-05
-3.23447e-05
-3.04467e-05
-2.86196e-05
-2.68628e-05
-2.51754e-05
-2.35564e-05
-2.20049e-05
-2.05196e-05
-1.90996e-05
-1.77435e-05
-1.645e-05
-1.52178e-05
-1.40455e-05
-1.29316e-05
-1.18746e-05
-1.08729e-05
-9.92485e-06
-9.02886e-06
-8.18338e-06
-7.38633e-06
-6.63657e-06
-5.93152e-06
-5.27042e-06
-4.65034e-06
-4.0707e-06
-3.52849e-06
-3.02299e-06
-2.55161e-06
-2.11291e-06
-1.70519e-06
-1.3263e-06
-9.74769e-07
-6.48883e-07
-3.46163e-07
-6.63938e-08
1.94536e-07
4.35577e-07
6.61223e-07
8.71247e-07
1.06836e-06
1.25481e-06
1.4308e-06
1.60121e-06
1.76432e-06
1.92658e-06
2.08605e-06
2.24946e-06
2.41421e-06
2.59586e-06
2.75415e-06
3.04777e-06
2.96373e-06
4.09688e-06
1.94073e-06
8.21986e-06
-4.6649e-06
2.13292e-05
-2.0349e-05
3.53279e-05
-1.38099e-05
-3.14302e-06
5.66906e-05
-6.44199e-05
-4.97423e-05
-4.7278e-05
-4.48871e-05
-4.25698e-05
-4.03259e-05
-3.81551e-05
-3.60569e-05
-3.40311e-05
-3.2077e-05
-3.01941e-05
-2.83816e-05
-2.66387e-05
-2.49647e-05
-2.33585e-05
-2.18192e-05
-2.03457e-05
-1.89368e-05
-1.75913e-05
-1.6308e-05
-1.50854e-05
-1.39222e-05
-1.2817e-05
-1.17681e-05
-1.07742e-05
-9.83348e-06
-8.94438e-06
-8.10541e-06
-7.31446e-06
-6.57046e-06
-5.87078e-06
-5.21474e-06
-4.59937e-06
-4.02415e-06
-3.48605e-06
-2.98438e-06
-2.51658e-06
-2.0812e-06
-1.67655e-06
-1.30053e-06
-9.5162e-07
-6.28218e-07
-3.27741e-07
-5.00913e-08
2.08897e-07
4.48145e-07
6.72094e-07
8.80583e-07
1.07622e-06
1.26132e-06
1.436e-06
1.60523e-06
1.76714e-06
1.92831e-06
2.08668e-06
2.24902e-06
2.41276e-06
2.59329e-06
2.75082e-06
3.04273e-06
2.95958e-06
4.0871e-06
1.9409e-06
8.19741e-06
-4.6494e-06
2.1289e-05
-2.03278e-05
3.53102e-05
-1.38369e-05
-3.10051e-06
5.66382e-05
-6.43648e-05
-4.93088e-05
-4.68654e-05
-4.44949e-05
-4.21974e-05
-3.99726e-05
-3.78203e-05
-3.57401e-05
-3.37315e-05
-3.17941e-05
-2.99271e-05
-2.813e-05
-2.64019e-05
-2.4742e-05
-2.31493e-05
-2.1623e-05
-2.01618e-05
-1.87647e-05
-1.74305e-05
-1.61578e-05
-1.49454e-05
-1.37919e-05
-1.26958e-05
-1.16556e-05
-1.06698e-05
-9.73688e-06
-8.85508e-06
-8.02298e-06
-7.23848e-06
-6.50056e-06
-5.80657e-06
-5.15587e-06
-4.54549e-06
-3.97493e-06
-3.44118e-06
-2.94357e-06
-2.47954e-06
-2.04767e-06
-1.64626e-06
-1.27328e-06
-9.27149e-07
-6.06367e-07
-3.08268e-07
-3.28536e-08
2.2408e-07
4.61433e-07
6.83586e-07
8.90453e-07
1.08453e-06
1.26821e-06
1.4415e-06
1.60947e-06
1.77013e-06
1.93013e-06
2.08734e-06
2.24855e-06
2.41122e-06
2.59057e-06
2.74725e-06
3.03744e-06
2.95503e-06
4.07704e-06
1.94042e-06
8.17463e-06
-4.63429e-06
2.1247e-05
-2.03041e-05
3.5287e-05
-1.38597e-05
-3.05727e-06
5.65753e-05
-6.42908e-05
-4.88519e-05
-4.64307e-05
-4.40817e-05
-4.18051e-05
-3.96005e-05
-3.74677e-05
-3.54063e-05
-3.34159e-05
-3.14959e-05
-2.96458e-05
-2.78649e-05
-2.61523e-05
-2.45073e-05
-2.29289e-05
-2.14162e-05
-1.99681e-05
-1.85834e-05
-1.7261e-05
-1.59996e-05
-1.4798e-05
-1.36546e-05
-1.25681e-05
-1.1537e-05
-1.05599e-05
-9.63511e-06
-8.76098e-06
-7.93613e-06
-7.15843e-06
-6.42692e-06
-5.73892e-06
-5.09384e-06
-4.48873e-06
-3.92306e-06
-3.39391e-06
-2.90057e-06
-2.44051e-06
-2.01234e-06
-1.61435e-06
-1.24457e-06
-9.01367e-07
-5.83339e-07
-2.87752e-07
-1.46884e-08
2.40075e-07
4.75435e-07
6.95693e-07
9.00853e-07
1.09328e-06
1.27546e-06
1.4473e-06
1.61393e-06
1.77328e-06
1.93203e-06
2.08804e-06
2.24805e-06
2.40959e-06
2.5877e-06
2.74346e-06
3.0319e-06
2.95009e-06
4.06669e-06
1.93933e-06
8.15149e-06
-4.61955e-06
2.12034e-05
-2.02779e-05
3.52584e-05
-1.38786e-05
-3.01317e-06
5.65021e-05
-6.41985e-05
-4.8372e-05
-4.59741e-05
-4.36477e-05
-4.13929e-05
-3.92095e-05
-3.70973e-05
-3.50557e-05
-3.30844e-05
-3.11828e-05
-2.93504e-05
-2.75865e-05
-2.58902e-05
-2.42609e-05
-2.26975e-05
-2.11991e-05
-1.97646e-05
-1.8393e-05
-1.7083e-05
-1.58335e-05
-1.46431e-05
-1.35103e-05
-1.2434e-05
-1.14125e-05
-1.04445e-05
-9.5282e-06
-8.66214e-06
-7.8449e-06
-7.07434e-06
-6.34955e-06
-5.66785e-06
-5.02867e-06
-4.42909e-06
-3.86858e-06
-3.34426e-06
-2.85539e-06
-2.3995e-06
-1.97523e-06
-1.58083e-06
-1.21441e-06
-8.74285e-07
-5.59144e-07
-2.66202e-07
4.3965e-09
2.56878e-07
4.90144e-07
7.0841e-07
9.11778e-07
1.10248e-06
1.28307e-06
1.45339e-06
1.61861e-06
1.77659e-06
1.93403e-06
2.08877e-06
2.24752e-06
2.40786e-06
2.58468e-06
2.73944e-06
3.0261e-06
2.94475e-06
4.05601e-06
1.93765e-06
8.12793e-06
-4.6051e-06
2.11579e-05
-2.02493e-05
3.52247e-05
-1.38938e-05
-2.96804e-06
5.64187e-05
-6.40884e-05
-4.78692e-05
-4.54957e-05
-4.3193e-05
-4.09612e-05
-3.88001e-05
-3.67093e-05
-3.46884e-05
-3.27371e-05
-3.08549e-05
-2.9041e-05
-2.72948e-05
-2.56157e-05
-2.40027e-05
-2.2455e-05
-2.09716e-05
-1.95515e-05
-1.81935e-05
-1.68966e-05
-1.56595e-05
-1.44808e-05
-1.33593e-05
-1.22936e-05
-1.12821e-05
-1.03235e-05
-9.41621e-06
-8.5586e-06
-7.74932e-06
-6.98625e-06
-6.26851e-06
-5.5934e-06
-4.96041e-06
-4.36662e-06
-3.8115e-06
-3.29223e-06
-2.80806e-06
-2.35655e-06
-1.93634e-06
-1.54572e-06
-1.18281e-06
-8.45916e-07
-5.33794e-07
-2.43629e-07
2.43927e-08
2.74479e-07
5.05553e-07
7.21732e-07
9.23223e-07
1.11211e-06
1.29105e-06
1.45978e-06
1.62351e-06
1.78005e-06
1.9361e-06
2.08954e-06
2.24695e-06
2.40603e-06
2.58151e-06
2.73518e-06
3.02004e-06
2.93903e-06
4.04501e-06
1.93539e-06
8.10389e-06
-4.59089e-06
2.11106e-05
-2.02183e-05
3.5186e-05
-1.39055e-05
-2.92176e-06
5.63253e-05
-6.39611e-05
-4.73438e-05
-4.49958e-05
-4.27179e-05
-4.05101e-05
-3.83722e-05
-3.63039e-05
-3.43047e-05
-3.23743e-05
-3.05122e-05
-2.87177e-05
-2.69902e-05
-2.53289e-05
-2.3733e-05
-2.22017e-05
-2.0734e-05
-1.93288e-05
-1.79851e-05
-1.67018e-05
-1.54776e-05
-1.43113e-05
-1.32014e-05
-1.21468e-05
-1.11458e-05
-1.01971e-05
-9.29919e-06
-8.45041e-06
-7.64945e-06
-6.8942e-06
-6.18382e-06
-5.5156e-06
-4.88907e-06
-4.30135e-06
-3.75185e-06
-3.23787e-06
-2.7586e-06
-2.31166e-06
-1.89571e-06
-1.50902e-06
-1.14978e-06
-8.16271e-07
-5.07298e-07
-2.20041e-07
4.52915e-08
2.92872e-07
5.21657e-07
7.35653e-07
9.35181e-07
1.12217e-06
1.29938e-06
1.46645e-06
1.62862e-06
1.78368e-06
1.93826e-06
2.09033e-06
2.24634e-06
2.4041e-06
2.57818e-06
2.7307e-06
3.01372e-06
2.93292e-06
4.03367e-06
1.9326e-06
8.07932e-06
-4.57684e-06
2.10613e-05
-2.01849e-05
3.51424e-05
-1.39141e-05
-2.87417e-06
5.62217e-05
-6.38169e-05
-4.6796e-05
-4.44746e-05
-4.22226e-05
-4.00399e-05
-3.79262e-05
-3.58813e-05
-3.39047e-05
-3.19962e-05
-3.0155e-05
-2.83807e-05
-2.66726e-05
-2.50299e-05
-2.34519e-05
-2.19376e-05
-2.04862e-05
-1.90967e-05
-1.77679e-05
-1.64987e-05
-1.5288e-05
-1.41345e-05
-1.30368e-05
-1.19937e-05
-1.10037e-05
-1.00654e-05
-9.17719e-06
-8.33762e-06
-7.54533e-06
-6.79824e-06
-6.09552e-06
-5.4345e-06
-4.81468e-06
-4.23329e-06
-3.68965e-06
-3.18119e-06
-2.70703e-06
-2.26486e-06
-1.85334e-06
-1.47076e-06
-1.11535e-06
-7.85364e-07
-4.79669e-07
-1.95451e-07
6.70837e-08
3.12049e-07
5.38446e-07
7.50166e-07
9.47648e-07
1.13266e-06
1.30806e-06
1.4734e-06
1.63393e-06
1.78745e-06
1.9405e-06
2.09115e-06
2.2457e-06
2.40207e-06
2.57471e-06
2.72598e-06
3.00713e-06
2.92644e-06
4.02196e-06
1.92928e-06
8.05416e-06
-4.56289e-06
2.10099e-05
-2.0149e-05
3.50938e-05
-1.39196e-05
-2.82514e-06
5.61082e-05
-6.3656e-05
-4.6226e-05
-4.39324e-05
-4.17073e-05
-3.95506e-05
-3.74622e-05
-3.54417e-05
-3.34887e-05
-3.16028e-05
-2.97834e-05
-2.80301e-05
-2.63422e-05
-2.47189e-05
-2.31594e-05
-2.16629e-05
-2.02285e-05
-1.88552e-05
-1.75419e-05
-1.62875e-05
-1.50908e-05
-1.39507e-05
-1.28656e-05
-1.18345e-05
-1.08558e-05
-9.92828e-06
-9.05026e-06
-8.22027e-06
-7.437e-06
-6.69839e-06
-6.00365e-06
-5.35011e-06
-4.73729e-06
-4.16248e-06
-3.62494e-06
-3.12222e-06
-2.65337e-06
-2.21617e-06
-1.80926e-06
-1.43095e-06
-1.07952e-06
-7.53209e-07
-4.50919e-07
-1.69867e-07
8.97597e-08
3.32e-07
5.55915e-07
7.65267e-07
9.60617e-07
1.14358e-06
1.31709e-06
1.48064e-06
1.63946e-06
1.79138e-06
1.94282e-06
2.09199e-06
2.24502e-06
2.39995e-06
2.57108e-06
2.72103e-06
3.00028e-06
2.91959e-06
4.00987e-06
1.92549e-06
8.02834e-06
-4.54894e-06
2.09564e-05
-2.01107e-05
3.50404e-05
-1.39223e-05
-2.77452e-06
5.59846e-05
-6.34787e-05
-4.56342e-05
-4.33694e-05
-4.11723e-05
-3.90427e-05
-3.69805e-05
-3.49853e-05
-3.30567e-05
-3.11943e-05
-2.93977e-05
-2.76662e-05
-2.59992e-05
-2.4396e-05
-2.28558e-05
-2.13778e-05
-1.9961e-05
-1.86045e-05
-1.73073e-05
-1.60682e-05
-1.48861e-05
-1.37598e-05
-1.26879e-05
-1.16693e-05
-1.07024e-05
-9.78595e-06
-8.91847e-06
-8.09843e-06
-7.32452e-06
-6.59472e-06
-5.90826e-06
-5.26249e-06
-4.65693e-06
-4.08896e-06
-3.55774e-06
-3.06099e-06
-2.59765e-06
-2.1656e-06
-1.76348e-06
-1.38961e-06
-1.0423e-06
-7.19819e-07
-4.2106e-07
-1.43302e-07
1.1331e-07
3.52717e-07
5.74054e-07
7.80948e-07
9.74082e-07
1.15491e-06
1.32646e-06
1.48816e-06
1.64519e-06
1.79546e-06
1.94522e-06
2.09286e-06
2.2443e-06
2.39772e-06
2.5673e-06
2.71586e-06
2.99314e-06
2.91237e-06
3.99738e-06
1.92124e-06
8.00178e-06
-4.5349e-06
2.09006e-05
-2.00698e-05
3.49821e-05
-1.39222e-05
-2.72216e-06
5.58509e-05
-6.32851e-05
-4.50207e-05
-4.27859e-05
-4.06178e-05
-3.85163e-05
-3.64812e-05
-3.45123e-05
-3.2609e-05
-3.07711e-05
-2.8998e-05
-2.72891e-05
-2.56438e-05
-2.40614e-05
-2.25412e-05
-2.10822e-05
-1.96838e-05
-1.83447e-05
-1.70641e-05
-1.58409e-05
-1.46739e-05
-1.35619e-05
-1.25036e-05
-1.1498e-05
-1.05433e-05
-9.63843e-06
-8.78188e-06
-7.97214e-06
-7.20794e-06
-6.48727e-06
-5.80939e-06
-5.17167e-06
-4.57363e-06
-4.01274e-06
-3.48809e-06
-2.99751e-06
-2.53989e-06
-2.11318e-06
-1.71602e-06
-1.34676e-06
-1.00373e-06
-6.85209e-07
-3.90106e-07
-1.15768e-07
1.37723e-07
3.74192e-07
5.92855e-07
7.97203e-07
9.88037e-07
1.16666e-06
1.33616e-06
1.49595e-06
1.65112e-06
1.79969e-06
1.9477e-06
2.09376e-06
2.24355e-06
2.39538e-06
2.56336e-06
2.71045e-06
2.98573e-06
2.90479e-06
3.98447e-06
1.91657e-06
7.97442e-06
-4.52065e-06
2.08423e-05
-2.00262e-05
3.49189e-05
-1.39196e-05
-2.66793e-06
5.5707e-05
-6.3075e-05
-4.4386e-05
-4.21822e-05
-4.00441e-05
-3.79717e-05
-3.59647e-05
-3.40229e-05
-3.21459e-05
-3.03332e-05
-2.85844e-05
-2.68989e-05
-2.52761e-05
-2.37152e-05
-2.22157e-05
-2.07765e-05
-1.93969e-05
-1.80759e-05
-1.68126e-05
-1.56058e-05
-1.44544e-05
-1.33572e-05
-1.2313e-05
-1.13207e-05
-1.03787e-05
-9.4858e-06
-8.64054e-06
-7.84147e-06
-7.0873e-06
-6.37608e-06
-5.70707e-06
-5.07769e-06
-4.48744e-06
-3.93388e-06
-3.41601e-06
-2.93183e-06
-2.48012e-06
-2.05894e-06
-1.66692e-06
-1.30242e-06
-9.63809e-07
-6.49395e-07
-3.5807e-07
-8.72758e-08
1.62989e-07
3.96414e-07
6.1231e-07
8.14026e-07
1.00247e-06
1.17882e-06
1.3462e-06
1.50401e-06
1.65724e-06
1.80405e-06
1.95025e-06
2.09467e-06
2.24275e-06
2.39295e-06
2.55927e-06
2.70481e-06
2.97804e-06
2.89685e-06
3.97112e-06
1.91151e-06
7.94617e-06
-4.50609e-06
2.07813e-05
-1.99798e-05
3.48506e-05
-1.39146e-05
-2.61166e-06
5.55528e-05
-6.28484e-05
-4.37303e-05
-4.15585e-05
-3.94515e-05
-3.74091e-05
-3.54312e-05
-3.35175e-05
-3.16675e-05
-2.9881e-05
-2.81573e-05
-2.64959e-05
-2.48963e-05
-2.33577e-05
-2.18794e-05
-2.04607e-05
-1.91006e-05
-1.77983e-05
-1.65527e-05
-1.53628e-05
-1.42276e-05
-1.31458e-05
-1.21161e-05
-1.11376e-05
-1.02086e-05
-9.32812e-06
-8.49452e-06
-7.70647e-06
-6.96267e-06
-6.26121e-06
-5.60137e-06
-4.98059e-06
-4.39838e-06
-3.8524e-06
-3.34153e-06
-2.86397e-06
-2.41837e-06
-2.0029e-06
-1.61618e-06
-1.25661e-06
-9.2256e-07
-6.12391e-07
-3.24967e-07
-5.78388e-08
1.89096e-07
4.19374e-07
6.32409e-07
8.31409e-07
1.01739e-06
1.19139e-06
1.35657e-06
1.51234e-06
1.66357e-06
1.80856e-06
1.95288e-06
2.0956e-06
2.24191e-06
2.39041e-06
2.55502e-06
2.69894e-06
2.97006e-06
2.88856e-06
3.95731e-06
1.9061e-06
7.91695e-06
-4.4911e-06
2.07176e-05
-1.99303e-05
3.47773e-05
-1.39071e-05
-2.55322e-06
5.53882e-05
-6.26053e-05
-4.30539e-05
-4.09152e-05
-3.88402e-05
-3.68289e-05
-3.48809e-05
-3.29962e-05
-3.11742e-05
-2.94145e-05
-2.77167e-05
-2.60802e-05
-2.45045e-05
-2.29889e-05
-2.15327e-05
-2.0135e-05
-1.87951e-05
-1.75119e-05
-1.62847e-05
-1.51123e-05
-1.39937e-05
-1.29276e-05
-1.1913e-05
-1.09487e-05
-1.00332e-05
-9.16546e-06
-8.34389e-06
-7.56721e-06
-6.83409e-06
-6.1427e-06
-5.49232e-06
-4.88042e-06
-4.3065e-06
-3.76834e-06
-3.2647e-06
-2.79396e-06
-2.35465e-06
-1.94509e-06
-1.56383e-06
-1.20934e-06
-8.80001e-07
-5.74214e-07
-2.90811e-07
-2.74698e-08
2.16034e-07
4.43062e-07
6.53144e-07
8.49345e-07
1.03277e-06
1.20435e-06
1.36726e-06
1.52094e-06
1.67008e-06
1.81321e-06
1.95558e-06
2.09655e-06
2.24103e-06
2.38776e-06
2.55061e-06
2.69285e-06
2.96179e-06
2.87993e-06
3.94302e-06
1.90037e-06
7.88667e-06
-4.47553e-06
2.06507e-05
-1.98777e-05
3.46987e-05
-1.38973e-05
-2.49244e-06
5.5213e-05
-6.23452e-05
-4.23571e-05
-4.02525e-05
-3.82105e-05
-3.62312e-05
-3.43142e-05
-3.24592e-05
-3.0666e-05
-2.89341e-05
-2.72629e-05
-2.56521e-05
-2.41011e-05
-2.26091e-05
-2.11755e-05
-1.97995e-05
-1.84803e-05
-1.7217e-05
-1.60086e-05
-1.48542e-05
-1.37527e-05
-1.2703e-05
-1.17038e-05
-1.07542e-05
-9.85252e-06
-8.9979e-06
-8.18872e-06
-7.42374e-06
-6.70164e-06
-6.02062e-06
-5.37997e-06
-4.77723e-06
-4.21184e-06
-3.68174e-06
-3.18554e-06
-2.72183e-06
-2.28901e-06
-1.88552e-06
-1.50989e-06
-1.16064e-06
-8.3615e-07
-5.34881e-07
-2.55616e-07
3.8181e-09
2.43789e-07
4.67468e-07
6.74506e-07
8.67826e-07
1.04861e-06
1.21771e-06
1.37827e-06
1.52979e-06
1.67678e-06
1.81799e-06
1.95834e-06
2.09751e-06
2.2401e-06
2.38501e-06
2.54603e-06
2.68652e-06
2.95322e-06
2.87095e-06
3.92822e-06
1.89436e-06
7.85523e-06
-4.45925e-06
2.05806e-05
-1.98217e-05
3.46148e-05
-1.38853e-05
-2.42919e-06
5.50271e-05
-6.20681e-05
-4.16403e-05
-3.95708e-05
-3.75629e-05
-3.56164e-05
-3.37312e-05
-3.19069e-05
-3.01433e-05
-2.84399e-05
-2.67962e-05
-2.52118e-05
-2.36861e-05
-2.22184e-05
-2.08081e-05
-1.94544e-05
-1.81565e-05
-1.69135e-05
-1.57246e-05
-1.45887e-05
-1.35048e-05
-1.24718e-05
-1.14886e-05
-1.0554e-05
-9.66663e-06
-8.82551e-06
-8.02908e-06
-7.27614e-06
-6.56536e-06
-5.89501e-06
-5.26438e-06
-4.67105e-06
-4.11445e-06
-3.59264e-06
-3.10409e-06
-2.64761e-06
-2.22147e-06
-1.82423e-06
-1.45439e-06
-1.11053e-06
-7.91028e-07
-4.94408e-07
-2.194e-07
3.60114e-08
2.7235e-07
4.92581e-07
6.96484e-07
8.86846e-07
1.06491e-06
1.23145e-06
1.38959e-06
1.5389e-06
1.68367e-06
1.8229e-06
1.96118e-06
2.09849e-06
2.23913e-06
2.38216e-06
2.5413e-06
2.67996e-06
2.94436e-06
2.86165e-06
3.91291e-06
1.88812e-06
7.82255e-06
-4.44211e-06
2.0507e-05
-1.9762e-05
3.45253e-05
-1.3871e-05
-2.36332e-06
5.48303e-05
-6.17736e-05
-4.09038e-05
-3.88704e-05
-3.68974e-05
-3.49848e-05
-3.31323e-05
-3.13395e-05
-2.96063e-05
-2.79322e-05
-2.63167e-05
-2.47594e-05
-2.32597e-05
-2.1817e-05
-2.04307e-05
-1.90999e-05
-1.78239e-05
-1.66018e-05
-1.54328e-05
-1.43159e-05
-1.32501e-05
-1.22343e-05
-1.12674e-05
-1.03483e-05
-9.47562e-06
-8.64838e-06
-7.86503e-06
-7.12447e-06
-6.42532e-06
-5.76594e-06
-5.14559e-06
-4.56194e-06
-4.01436e-06
-3.50106e-06
-3.02038e-06
-2.57133e-06
-2.15205e-06
-1.76124e-06
-1.39735e-06
-1.05903e-06
-7.44654e-07
-4.52814e-07
-1.82178e-07
6.90961e-08
3.01703e-07
5.1839e-07
7.19068e-07
9.06395e-07
1.08166e-06
1.24558e-06
1.40122e-06
1.54825e-06
1.69075e-06
1.82794e-06
1.96409e-06
2.09947e-06
2.23811e-06
2.37919e-06
2.5364e-06
2.67318e-06
2.93519e-06
2.85201e-06
3.89704e-06
1.88168e-06
7.78851e-06
-4.42396e-06
2.04296e-05
-1.96985e-05
3.443e-05
-1.38545e-05
-2.29466e-06
5.46224e-05
-6.14613e-05
-4.0148e-05
-3.81517e-05
-3.62146e-05
-3.43367e-05
-3.25177e-05
-3.07573e-05
-2.90553e-05
-2.74113e-05
-2.58247e-05
-2.42952e-05
-2.28223e-05
-2.14052e-05
-2.00433e-05
-1.8736e-05
-1.74825e-05
-1.62819e-05
-1.51334e-05
-1.4036e-05
-1.29888e-05
-1.19906e-05
-1.10404e-05
-1.01372e-05
-9.27958e-06
-8.46657e-06
-7.69667e-06
-6.9688e-06
-6.28158e-06
-5.63346e-06
-5.02367e-06
-4.44994e-06
-3.91163e-06
-3.40706e-06
-2.93447e-06
-2.49304e-06
-2.0808e-06
-1.69658e-06
-1.3388e-06
-1.00616e-06
-6.97048e-07
-4.10115e-07
-1.43967e-07
1.03058e-07
3.31837e-07
5.44885e-07
7.42249e-07
9.26465e-07
1.09884e-06
1.26008e-06
1.41315e-06
1.55786e-06
1.698e-06
1.8331e-06
1.96706e-06
2.10047e-06
2.23705e-06
2.37612e-06
2.53134e-06
2.66617e-06
2.92572e-06
2.84206e-06
3.8806e-06
1.87509e-06
7.75302e-06
-4.40462e-06
2.03482e-05
-1.96308e-05
3.43287e-05
-1.3836e-05
-2.22307e-06
5.44032e-05
-6.1131e-05
-3.93733e-05
-3.7415e-05
-3.55147e-05
-3.36724e-05
-3.18877e-05
-3.01606e-05
-2.84906e-05
-2.68773e-05
-2.53204e-05
-2.38195e-05
-2.23738e-05
-2.0983e-05
-1.96463e-05
-1.83631e-05
-1.71326e-05
-1.5954e-05
-1.48265e-05
-1.37491e-05
-1.27209e-05
-1.17408e-05
-1.08078e-05
-9.92084e-06
-9.0786e-06
-8.28019e-06
-7.52405e-06
-6.80919e-06
-6.13422e-06
-5.49763e-06
-4.89865e-06
-4.3351e-06
-3.80629e-06
-3.31068e-06
-2.84637e-06
-2.41275e-06
-2.00773e-06
-1.63028e-06
-1.27876e-06
-9.51949e-07
-6.48232e-07
-3.66331e-07
-1.04784e-07
1.37883e-07
3.62737e-07
5.72052e-07
7.66017e-07
9.47047e-07
1.11645e-06
1.27495e-06
1.42537e-06
1.5677e-06
1.70543e-06
1.83838e-06
1.97009e-06
2.10146e-06
2.23593e-06
2.37294e-06
2.52611e-06
2.65893e-06
2.91593e-06
2.8318e-06
3.86356e-06
1.8684e-06
7.71595e-06
-4.38393e-06
2.02624e-05
-1.95588e-05
3.42212e-05
-1.38152e-05
-2.14841e-06
5.41725e-05
-6.07822e-05
-3.858e-05
-3.66607e-05
-3.47981e-05
-3.29922e-05
-3.12428e-05
-2.95496e-05
-2.79123e-05
-2.63306e-05
-2.48041e-05
-2.33323e-05
-2.19147e-05
-2.05508e-05
-1.92398e-05
-1.79813e-05
-1.67744e-05
-1.56182e-05
-1.45122e-05
-1.34552e-05
-1.24465e-05
-1.14849e-05
-1.05695e-05
-9.69922e-06
-8.87278e-06
-8.0893e-06
-7.34727e-06
-6.64573e-06
-5.98328e-06
-5.35852e-06
-4.77061e-06
-4.21749e-06
-3.69841e-06
-3.21195e-06
-2.75614e-06
-2.33052e-06
-1.93289e-06
-1.56237e-06
-1.21727e-06
-8.96419e-07
-5.98228e-07
-3.2148e-07
-6.46471e-08
1.73555e-07
3.9439e-07
5.99881e-07
7.9036e-07
9.68133e-07
1.13449e-06
1.29018e-06
1.43789e-06
1.57778e-06
1.71303e-06
1.84378e-06
1.97319e-06
2.10247e-06
2.23477e-06
2.36965e-06
2.52072e-06
2.65146e-06
2.90582e-06
2.82123e-06
3.8459e-06
1.86165e-06
7.6772e-06
-4.3617e-06
2.01721e-05
-1.9482e-05
3.41073e-05
-1.37924e-05
-2.07052e-06
5.39302e-05
-6.04147e-05
-3.77686e-05
-3.58891e-05
-3.40651e-05
-3.22965e-05
-3.05831e-05
-2.89247e-05
-2.73209e-05
-2.57715e-05
-2.4276e-05
-2.28341e-05
-2.14451e-05
-2.01087e-05
-1.8824e-05
-1.75907e-05
-1.64079e-05
-1.52748e-05
-1.41907e-05
-1.31546e-05
-1.21658e-05
-1.12232e-05
-1.03257e-05
-9.4725e-06
-8.6622e-06
-7.894e-06
-7.1664e-06
-6.47848e-06
-5.82885e-06
-5.21618e-06
-4.63959e-06
-4.09714e-06
-3.58801e-06
-3.11093e-06
-2.66382e-06
-2.24637e-06
-1.85631e-06
-1.49287e-06
-1.15434e-06
-8.39594e-07
-5.47058e-07
-2.75581e-07
-2.35732e-08
2.10059e-07
4.26783e-07
6.28358e-07
8.15268e-07
9.89713e-07
1.15295e-06
1.30577e-06
1.4507e-06
1.58809e-06
1.7208e-06
1.84929e-06
1.97634e-06
2.10347e-06
2.23355e-06
2.36626e-06
2.51515e-06
2.64377e-06
2.89539e-06
2.81036e-06
3.82759e-06
1.85488e-06
7.63666e-06
-4.33775e-06
2.00768e-05
-1.94003e-05
3.39867e-05
-1.37676e-05
-1.98927e-06
5.3676e-05
-6.0028e-05
-3.00765e-06
-2.56944e-06
-2.16033e-06
-1.77802e-06
-1.42183e-06
-1.09e-06
-7.81499e-07
-4.94746e-07
-2.28656e-07
1.84191e-08
2.47381e-07
4.59902e-07
6.57472e-07
8.40732e-07
1.01178e-06
1.17181e-06
1.3217e-06
1.46378e-06
1.59863e-06
1.72874e-06
1.85491e-06
1.97955e-06
2.10447e-06
2.23228e-06
2.36275e-06
2.50942e-06
2.63585e-06
2.88463e-06
2.79921e-06
3.8086e-06
1.84817e-06
7.59418e-06
-4.31189e-06
1.99762e-05
-1.93133e-05
3.38592e-05
-1.37407e-05
-1.90452e-06
5.341e-05
-5.96221e-05
-5.29222e-05
-5.03045e-05
-4.77645e-05
-4.53025e-05
-4.29184e-05
-4.06119e-05
-3.83827e-05
-3.62303e-05
-3.41543e-05
-3.21541e-05
-3.02288e-05
-2.83777e-05
-2.65999e-05
-2.48943e-05
-2.32599e-05
-2.16957e-05
-2.02001e-05
-1.87721e-05
-1.74102e-05
-1.6113e-05
-1.48789e-05
-1.37064e-05
-1.2594e-05
-1.15398e-05
-1.05424e-05
-9.5998e-06
-8.71032e-06
-7.87209e-06
-7.08333e-06
-6.34211e-06
-5.64659e-06
-4.99493e-06
-4.38511e-06
-3.81538e-06
-3.28379e-06
-2.78832e-06
-2.32731e-06
-1.89875e-06
-1.50036e-06
-1.13144e-06
-7.88315e-07
-4.70945e-07
-1.76491e-07
9.72543e-08
3.50678e-07
5.87422e-07
8.0833e-07
1.01487e-06
1.21084e-06
1.39556e-06
1.57365e-06
1.74561e-06
1.91405e-06
2.08215e-06
2.25181e-06
2.42351e-06
2.6136e-06
2.77443e-06
3.0854e-06
2.98136e-06
4.18372e-06
1.89519e-06
8.44399e-06
-4.86734e-06
2.16712e-05
-2.04481e-05
3.52069e-05
-1.32728e-05
-3.5806e-06
5.66895e-05
-6.39264e-05
-5.30589e-05
-5.04346e-05
-4.78883e-05
-4.54201e-05
-4.30299e-05
-4.07176e-05
-3.84828e-05
-3.6325e-05
-3.42437e-05
-3.22384e-05
-3.03083e-05
-2.84525e-05
-2.66702e-05
-2.49604e-05
-2.33219e-05
-2.17538e-05
-2.02545e-05
-1.88229e-05
-1.74576e-05
-1.61572e-05
-1.492e-05
-1.37447e-05
-1.26295e-05
-1.15728e-05
-1.05729e-05
-9.628e-06
-8.73634e-06
-7.89608e-06
-7.1054e-06
-6.36239e-06
-5.66515e-06
-5.01195e-06
-4.40062e-06
-3.82956e-06
-3.29665e-06
-2.80003e-06
-2.33786e-06
-1.90831e-06
-1.50894e-06
-1.13916e-06
-7.95195e-07
-4.77091e-07
-1.81924e-07
9.24711e-08
3.4648e-07
5.83813e-07
8.05201e-07
1.01228e-06
1.20865e-06
1.39383e-06
1.57232e-06
1.74464e-06
1.91351e-06
2.08192e-06
2.25197e-06
2.42395e-06
2.6145e-06
2.77533e-06
3.08761e-06
2.98121e-06
4.19043e-06
1.8879e-06
8.46377e-06
-4.88934e-06
2.16984e-05
-2.04518e-05
3.51788e-05
-1.32101e-05
-3.62088e-06
5.66595e-05
-6.38252e-05
-5.31729e-05
-5.05432e-05
-4.79915e-05
-4.55181e-05
-4.3123e-05
-4.08058e-05
-3.85662e-05
-3.64039e-05
-3.43183e-05
-3.23088e-05
-3.03746e-05
-2.85149e-05
-2.67289e-05
-2.50155e-05
-2.33737e-05
-2.18022e-05
-2.02998e-05
-1.88653e-05
-1.74972e-05
-1.6194e-05
-1.49544e-05
-1.37766e-05
-1.26591e-05
-1.16003e-05
-1.05983e-05
-9.65152e-06
-8.75804e-06
-7.91609e-06
-7.12379e-06
-6.3793e-06
-5.68064e-06
-5.02615e-06
-4.41356e-06
-3.84138e-06
-3.30736e-06
-2.80979e-06
-2.34666e-06
-1.91629e-06
-1.5161e-06
-1.1456e-06
-8.00936e-07
-4.82212e-07
-1.86456e-07
8.84858e-08
3.42985e-07
5.80809e-07
8.02598e-07
1.01011e-06
1.20684e-06
1.39238e-06
1.57121e-06
1.74384e-06
1.91305e-06
2.08171e-06
2.25211e-06
2.42432e-06
2.61525e-06
2.77609e-06
3.0894e-06
2.98125e-06
4.19557e-06
1.88292e-06
8.47775e-06
-4.90255e-06
2.17121e-05
-2.04417e-05
3.51407e-05
-1.31482e-05
-3.65027e-06
5.66136e-05
-6.37053e-05
-5.32642e-05
-5.06301e-05
-4.80741e-05
-4.55966e-05
-4.31974e-05
-4.08764e-05
-3.86331e-05
-3.64671e-05
-3.4378e-05
-3.23651e-05
-3.04277e-05
-2.85649e-05
-2.67759e-05
-2.50597e-05
-2.34151e-05
-2.1841e-05
-2.03361e-05
-1.88992e-05
-1.75288e-05
-1.62236e-05
-1.49818e-05
-1.38021e-05
-1.26828e-05
-1.16223e-05
-1.06187e-05
-9.67035e-06
-8.77541e-06
-7.93211e-06
-7.13852e-06
-6.39284e-06
-5.69303e-06
-5.03751e-06
-4.42391e-06
-3.85085e-06
-3.31594e-06
-2.81761e-06
-2.3537e-06
-1.92268e-06
-1.52183e-06
-1.15076e-06
-8.05533e-07
-4.86308e-07
-1.90085e-07
8.52977e-08
3.40185e-07
5.78408e-07
8.00511e-07
1.00837e-06
1.20539e-06
1.39123e-06
1.57033e-06
1.74319e-06
1.9127e-06
2.08153e-06
2.25222e-06
2.42462e-06
2.61585e-06
2.77672e-06
3.09082e-06
2.9813e-06
4.19967e-06
1.87898e-06
8.48886e-06
-4.91303e-06
2.1723e-05
-2.04336e-05
3.51106e-05
-1.3099e-05
-3.67352e-06
5.65772e-05
-6.36066e-05
-5.33327e-05
-5.06953e-05
-4.81362e-05
-4.56555e-05
-4.32533e-05
-4.09294e-05
-3.86832e-05
-3.65146e-05
-3.44228e-05
-3.24074e-05
-3.04675e-05
-2.86024e-05
-2.68112e-05
-2.50928e-05
-2.34461e-05
-2.18701e-05
-2.03634e-05
-1.89247e-05
-1.75526e-05
-1.62457e-05
-1.50025e-05
-1.38213e-05
-1.27006e-05
-1.16388e-05
-1.0634e-05
-9.68448e-06
-8.78845e-06
-7.94413e-06
-7.14957e-06
-6.403e-06
-5.70234e-06
-5.04604e-06
-4.43168e-06
-3.85795e-06
-3.32237e-06
-2.82348e-06
-2.35899e-06
-1.92748e-06
-1.52612e-06
-1.15462e-06
-8.08983e-07
-4.89379e-07
-1.9281e-07
8.29085e-08
3.38083e-07
5.76612e-07
7.98941e-07
1.00708e-06
1.2043e-06
1.39036e-06
1.56967e-06
1.7427e-06
1.91244e-06
2.0814e-06
2.25232e-06
2.42483e-06
2.6163e-06
2.77719e-06
3.09188e-06
2.98134e-06
4.20276e-06
1.87596e-06
8.49738e-06
-4.92131e-06
2.17319e-05
-2.04289e-05
3.50896e-05
-1.30634e-05
-3.69098e-06
5.65519e-05
-6.35345e-05
-5.33783e-05
-5.07388e-05
-4.81775e-05
-4.56948e-05
-4.32906e-05
-4.09647e-05
-3.87167e-05
-3.65462e-05
-3.44527e-05
-3.24356e-05
-3.04941e-05
-2.86275e-05
-2.68347e-05
-2.51149e-05
-2.34669e-05
-2.18895e-05
-2.03815e-05
-1.89417e-05
-1.75685e-05
-1.62605e-05
-1.50162e-05
-1.38341e-05
-1.27125e-05
-1.16498e-05
-1.06441e-05
-9.69391e-06
-8.79714e-06
-7.95215e-06
-7.15694e-06
-6.40977e-06
-5.70854e-06
-5.05172e-06
-4.43686e-06
-3.86269e-06
-3.32666e-06
-2.82739e-06
-2.3625e-06
-1.93068e-06
-1.52899e-06
-1.1572e-06
-8.11286e-07
-4.91422e-07
-1.94628e-07
8.1319e-08
3.3668e-07
5.75421e-07
7.97889e-07
1.00622e-06
1.20357e-06
1.38978e-06
1.56923e-06
1.74237e-06
1.91228e-06
2.08129e-06
2.2524e-06
2.42498e-06
2.6166e-06
2.77751e-06
3.09258e-06
2.98137e-06
4.20482e-06
1.87394e-06
8.50309e-06
-4.92689e-06
2.17381e-05
-2.04261e-05
3.50761e-05
-1.30401e-05
-3.70253e-06
5.65354e-05
-6.34865e-05
-5.34012e-05
-5.07605e-05
-4.81982e-05
-4.57145e-05
-4.33093e-05
-4.09824e-05
-3.87334e-05
-3.6562e-05
-3.44677e-05
-3.24497e-05
-3.05074e-05
-2.864e-05
-2.68465e-05
-2.51259e-05
-2.34772e-05
-2.18992e-05
-2.03906e-05
-1.89502e-05
-1.75764e-05
-1.62679e-05
-1.50231e-05
-1.38405e-05
-1.27185e-05
-1.16553e-05
-1.06492e-05
-9.69863e-06
-8.80149e-06
-7.95616e-06
-7.16063e-06
-6.41316e-06
-5.71165e-06
-5.05457e-06
-4.43945e-06
-3.86505e-06
-3.32881e-06
-2.82935e-06
-2.36426e-06
-1.93229e-06
-1.53042e-06
-1.15848e-06
-8.12442e-07
-4.92437e-07
-1.9554e-07
8.05294e-08
3.35976e-07
5.74835e-07
7.97355e-07
1.0058e-06
1.2032e-06
1.3895e-06
1.56902e-06
1.74219e-06
1.91222e-06
2.08123e-06
2.25245e-06
2.42505e-06
2.61675e-06
2.77769e-06
3.09291e-06
2.98141e-06
4.20584e-06
1.87294e-06
8.50594e-06
-4.92966e-06
2.17412e-05
-2.04246e-05
3.50692e-05
-1.30284e-05
-3.70826e-06
5.6527e-05
-6.34622e-05
-3.77672e-05
-3.58877e-05
-3.40637e-05
-3.22952e-05
-3.05818e-05
-2.89234e-05
-2.73197e-05
-2.57703e-05
-2.42749e-05
-2.2833e-05
-2.14441e-05
-2.01077e-05
-1.88232e-05
-1.75898e-05
-1.6407e-05
-1.5274e-05
-1.419e-05
-1.3154e-05
-1.21652e-05
-1.12226e-05
-1.03252e-05
-9.47197e-06
-8.66172e-06
-7.8935e-06
-7.16598e-06
-6.47805e-06
-5.82845e-06
-5.2159e-06
-4.6392e-06
-4.0969e-06
-3.58781e-06
-3.11067e-06
-2.66374e-06
-2.2462e-06
-1.85631e-06
-1.49282e-06
-1.15439e-06
-8.39673e-07
-5.47126e-07
-2.75813e-07
-2.36834e-08
2.09818e-07
4.26652e-07
6.28143e-07
8.14994e-07
9.89557e-07
1.1526e-06
1.30552e-06
1.45018e-06
1.58787e-06
1.72024e-06
1.84886e-06
1.97582e-06
2.10304e-06
2.23295e-06
2.36578e-06
2.51459e-06
2.64296e-06
2.895e-06
2.80957e-06
3.82701e-06
1.85391e-06
-3.85786e-05
-3.66593e-05
-3.47967e-05
-3.29909e-05
-3.12415e-05
-2.95484e-05
-2.79111e-05
-2.63295e-05
-2.4803e-05
-2.33313e-05
-2.19137e-05
-2.05498e-05
-1.9239e-05
-1.79804e-05
-1.67736e-05
-1.56175e-05
-1.45115e-05
-1.34546e-05
-1.24459e-05
-1.14843e-05
-1.0569e-05
-9.69871e-06
-8.87231e-06
-8.08881e-06
-7.34687e-06
-6.64531e-06
-5.98289e-06
-5.35826e-06
-4.77022e-06
-4.21727e-06
-3.6982e-06
-3.21172e-06
-2.75605e-06
-2.33038e-06
-1.93287e-06
-1.56233e-06
-1.21732e-06
-8.96494e-07
-5.98293e-07
-3.21718e-07
-6.47275e-08
1.73282e-07
3.94291e-07
5.99648e-07
7.90096e-07
9.67969e-07
1.13417e-06
1.28992e-06
1.4374e-06
1.57757e-06
1.71246e-06
1.84339e-06
1.97265e-06
2.10209e-06
2.23415e-06
2.3692e-06
2.5202e-06
2.65066e-06
2.90546e-06
2.82044e-06
3.84533e-06
1.86073e-06
7.67674e-06
-4.36307e-06
2.01722e-05
-1.9484e-05
3.41079e-05
-1.37934e-05
-2.07261e-06
5.39337e-05
-6.04207e-05
-3.93719e-05
-3.74136e-05
-3.55134e-05
-3.36711e-05
-3.18865e-05
-3.01594e-05
-2.84894e-05
-2.68762e-05
-2.53194e-05
-2.38184e-05
-2.23729e-05
-2.09821e-05
-1.96455e-05
-1.83623e-05
-1.71319e-05
-1.59533e-05
-1.48258e-05
-1.37485e-05
-1.27203e-05
-1.17402e-05
-1.08073e-05
-9.92033e-06
-9.07815e-06
-8.27971e-06
-7.52367e-06
-6.80879e-06
-6.13383e-06
-5.49739e-06
-4.89827e-06
-4.3349e-06
-3.80608e-06
-3.31047e-06
-2.84627e-06
-2.41264e-06
-2.0077e-06
-1.63025e-06
-1.27882e-06
-9.52019e-07
-6.48295e-07
-3.66575e-07
-1.04837e-07
1.37581e-07
3.62668e-07
5.71803e-07
7.65766e-07
9.46874e-07
1.11616e-06
1.27467e-06
1.42491e-06
1.5675e-06
1.70485e-06
1.83804e-06
1.96953e-06
2.10114e-06
2.2353e-06
2.37251e-06
2.52564e-06
2.65812e-06
2.91561e-06
2.83101e-06
3.86301e-06
1.86754e-06
7.71547e-06
-4.38521e-06
2.02625e-05
-1.95607e-05
3.42218e-05
-1.38162e-05
-2.15038e-06
5.41758e-05
-6.07879e-05
-4.01467e-05
-3.81503e-05
-3.62133e-05
-3.43354e-05
-3.25164e-05
-3.07561e-05
-2.90542e-05
-2.74101e-05
-2.58237e-05
-2.42942e-05
-2.28213e-05
-2.14043e-05
-2.00425e-05
-1.87353e-05
-1.74818e-05
-1.62813e-05
-1.51328e-05
-1.40354e-05
-1.29882e-05
-1.19901e-05
-1.104e-05
-1.01367e-05
-9.27915e-06
-8.46611e-06
-7.6963e-06
-6.96841e-06
-6.28121e-06
-5.63324e-06
-5.02328e-06
-4.44975e-06
-3.91141e-06
-3.40688e-06
-2.93435e-06
-2.49296e-06
-2.08075e-06
-1.69656e-06
-1.33885e-06
-1.00622e-06
-6.97108e-07
-4.10364e-07
-1.43994e-07
1.0273e-07
3.31795e-07
5.44619e-07
7.42015e-07
9.26279e-07
1.09857e-06
1.25978e-06
1.41271e-06
1.55766e-06
1.69742e-06
1.8328e-06
1.96647e-06
2.10019e-06
2.2364e-06
2.37571e-06
2.5309e-06
2.66536e-06
2.92544e-06
2.84127e-06
3.88007e-06
1.87428e-06
7.75253e-06
-4.40582e-06
2.03482e-05
-1.96326e-05
3.43292e-05
-1.38369e-05
-2.22494e-06
5.44064e-05
-6.11364e-05
-4.09025e-05
-3.88691e-05
-3.68961e-05
-3.49835e-05
-3.3131e-05
-3.13384e-05
-2.96052e-05
-2.79311e-05
-2.63157e-05
-2.47584e-05
-2.32588e-05
-2.18162e-05
-2.04298e-05
-1.90991e-05
-1.78232e-05
-1.66012e-05
-1.54322e-05
-1.43154e-05
-1.32496e-05
-1.22338e-05
-1.12669e-05
-1.03478e-05
-9.47521e-06
-8.64793e-06
-7.86468e-06
-7.1241e-06
-6.42495e-06
-5.76573e-06
-5.14522e-06
-4.56177e-06
-4.01414e-06
-3.50091e-06
-3.02026e-06
-2.57128e-06
-2.152e-06
-1.76123e-06
-1.39741e-06
-1.05908e-06
-7.44714e-07
-4.53065e-07
-1.82184e-07
6.87469e-08
3.01686e-07
5.18109e-07
7.18851e-07
9.06195e-07
1.08142e-06
1.24526e-06
1.40081e-06
1.54806e-06
1.69017e-06
1.82768e-06
1.96347e-06
2.09926e-06
2.23745e-06
2.3788e-06
2.536e-06
2.67236e-06
2.93496e-06
2.85121e-06
3.89653e-06
1.8809e-06
7.78802e-06
-4.42507e-06
2.04296e-05
-1.97001e-05
3.44304e-05
-1.38555e-05
-2.29642e-06
5.46254e-05
-6.14665e-05
-4.1639e-05
-3.95695e-05
-3.75616e-05
-3.56152e-05
-3.373e-05
-3.19058e-05
-3.01422e-05
-2.84388e-05
-2.67952e-05
-2.52108e-05
-2.36852e-05
-2.22175e-05
-2.08073e-05
-1.94537e-05
-1.81558e-05
-1.69129e-05
-1.5724e-05
-1.45882e-05
-1.35043e-05
-1.24713e-05
-1.14881e-05
-1.05535e-05
-9.66623e-06
-8.82508e-06
-8.02873e-06
-7.2758e-06
-6.565e-06
-5.89482e-06
-5.26401e-06
-4.6709e-06
-4.11422e-06
-3.59251e-06
-3.10395e-06
-2.64757e-06
-2.2214e-06
-1.82423e-06
-1.45445e-06
-1.11058e-06
-7.91089e-07
-4.9466e-07
-2.19388e-07
3.56455e-08
2.72354e-07
4.92286e-07
6.96285e-07
8.86631e-07
1.0647e-06
1.23112e-06
1.38921e-06
1.53871e-06
1.68309e-06
1.82269e-06
1.96053e-06
2.09833e-06
2.23845e-06
2.38178e-06
2.54094e-06
2.67914e-06
2.94418e-06
2.86084e-06
3.91243e-06
1.88737e-06
7.82206e-06
-4.44316e-06
2.0507e-05
-1.97636e-05
3.45256e-05
-1.38719e-05
-2.36497e-06
5.48332e-05
-6.17785e-05
-4.23558e-05
-4.02512e-05
-3.82093e-05
-3.623e-05
-3.4313e-05
-3.24581e-05
-3.06649e-05
-2.8933e-05
-2.72619e-05
-2.56512e-05
-2.41002e-05
-2.26083e-05
-2.11747e-05
-1.97988e-05
-1.84796e-05
-1.72164e-05
-1.6008e-05
-1.48537e-05
-1.37522e-05
-1.27025e-05
-1.17034e-05
-1.07537e-05
-9.85214e-06
-8.99748e-06
-8.18838e-06
-7.42342e-06
-6.70128e-06
-6.02044e-06
-5.37961e-06
-4.7771e-06
-4.21161e-06
-3.68164e-06
-3.18539e-06
-2.72181e-06
-2.28894e-06
-1.88552e-06
-1.50995e-06
-1.16068e-06
-8.36213e-07
-5.35131e-07
-2.5559e-07
3.43986e-09
2.43812e-07
4.67161e-07
6.74327e-07
8.67595e-07
1.04843e-06
1.21735e-06
1.37792e-06
1.52961e-06
1.6762e-06
1.81783e-06
1.95766e-06
2.09742e-06
2.2394e-06
2.38466e-06
2.54571e-06
2.68569e-06
2.95309e-06
2.87014e-06
3.92778e-06
1.89364e-06
7.85475e-06
-4.46023e-06
2.05806e-05
-1.98231e-05
3.46151e-05
-1.38861e-05
-2.43075e-06
5.50298e-05
-6.20728e-05
-4.30526e-05
-4.09139e-05
-3.88389e-05
-3.68276e-05
-3.48798e-05
-3.2995e-05
-3.11731e-05
-2.94135e-05
-2.77157e-05
-2.60793e-05
-2.45037e-05
-2.29881e-05
-2.15319e-05
-2.01343e-05
-1.87944e-05
-1.75113e-05
-1.62841e-05
-1.51118e-05
-1.39932e-05
-1.29272e-05
-1.19126e-05
-1.09483e-05
-1.00329e-05
-9.16506e-06
-8.34357e-06
-7.5669e-06
-6.83375e-06
-6.14254e-06
-5.49196e-06
-4.88031e-06
-4.30626e-06
-3.76827e-06
-3.26454e-06
-2.79396e-06
-2.35459e-06
-1.94509e-06
-1.5639e-06
-1.20937e-06
-8.80067e-07
-5.7446e-07
-2.90774e-07
-2.78562e-08
2.16072e-07
4.42745e-07
6.52987e-07
8.49096e-07
1.03262e-06
1.20398e-06
1.36694e-06
1.52076e-06
1.66949e-06
1.8131e-06
1.95485e-06
2.09651e-06
2.24032e-06
2.38743e-06
2.55032e-06
2.69201e-06
2.9617e-06
2.8791e-06
3.94261e-06
1.89967e-06
7.8862e-06
-4.47645e-06
2.06506e-05
-1.9879e-05
3.4699e-05
-1.38981e-05
-2.49391e-06
5.52156e-05
-6.23497e-05
-4.3729e-05
-4.15573e-05
-3.94502e-05
-3.74079e-05
-3.54301e-05
-3.35164e-05
-3.16665e-05
-2.98799e-05
-2.81563e-05
-2.6495e-05
-2.48954e-05
-2.33569e-05
-2.18787e-05
-2.046e-05
-1.91e-05
-1.77977e-05
-1.65522e-05
-1.53623e-05
-1.42271e-05
-1.31453e-05
-1.21157e-05
-1.11372e-05
-1.02083e-05
-9.32774e-06
-8.49421e-06
-7.70619e-06
-6.96233e-06
-6.26106e-06
-5.60102e-06
-4.9805e-06
-4.39814e-06
-3.85235e-06
-3.34137e-06
-2.86399e-06
-2.4183e-06
-2.0029e-06
-1.61625e-06
-1.25663e-06
-9.22631e-07
-6.12632e-07
-3.24923e-07
-5.82295e-08
1.89146e-07
4.19048e-07
6.32272e-07
8.31142e-07
1.01727e-06
1.191e-06
1.35627e-06
1.51218e-06
1.66297e-06
1.8085e-06
1.95212e-06
2.09562e-06
2.24119e-06
2.39009e-06
2.55476e-06
2.69809e-06
2.97002e-06
2.88772e-06
3.95694e-06
1.90542e-06
7.91649e-06
-4.49196e-06
2.07174e-05
-1.99316e-05
3.47776e-05
-1.39078e-05
-2.55459e-06
5.53906e-05
-6.26094e-05
-4.43848e-05
-4.2181e-05
-4.00429e-05
-3.79705e-05
-3.59636e-05
-3.40219e-05
-3.21449e-05
-3.03322e-05
-2.85835e-05
-2.6898e-05
-2.52753e-05
-2.37145e-05
-2.2215e-05
-2.07759e-05
-1.93963e-05
-1.80754e-05
-1.68121e-05
-1.56053e-05
-1.44539e-05
-1.33568e-05
-1.23127e-05
-1.13203e-05
-1.03783e-05
-9.48544e-06
-8.64023e-06
-7.8412e-06
-7.08697e-06
-6.37595e-06
-5.70673e-06
-5.07761e-06
-4.48719e-06
-3.93385e-06
-3.41584e-06
-2.93186e-06
-2.48006e-06
-2.05894e-06
-1.667e-06
-1.30243e-06
-9.63885e-07
-6.4963e-07
-3.58022e-07
-8.76672e-08
1.63048e-07
3.96081e-07
6.12194e-07
8.13742e-07
1.00238e-06
1.17842e-06
1.34593e-06
1.50385e-06
1.65664e-06
1.80404e-06
1.94946e-06
2.09475e-06
2.24201e-06
2.39265e-06
2.55905e-06
2.70395e-06
2.97805e-06
2.896e-06
3.97079e-06
1.91085e-06
7.94573e-06
-4.50691e-06
2.07812e-05
-1.99809e-05
3.48508e-05
-1.39153e-05
-2.61294e-06
5.5555e-05
-6.28523e-05
-4.50195e-05
-4.27847e-05
-4.06166e-05
-3.85152e-05
-3.64801e-05
-3.45112e-05
-3.2608e-05
-3.07701e-05
-2.89971e-05
-2.72882e-05
-2.5643e-05
-2.40607e-05
-2.25405e-05
-2.10816e-05
-1.96832e-05
-1.83442e-05
-1.70636e-05
-1.58404e-05
-1.46735e-05
-1.35615e-05
-1.25033e-05
-1.14975e-05
-1.05429e-05
-9.63809e-06
-8.78158e-06
-7.97189e-06
-7.20762e-06
-6.48715e-06
-5.80905e-06
-5.17161e-06
-4.57338e-06
-4.01273e-06
-3.48791e-06
-2.99755e-06
-2.53983e-06
-2.11317e-06
-1.71612e-06
-1.34676e-06
-1.00381e-06
-6.85438e-07
-3.90056e-07
-1.16157e-07
1.37789e-07
3.73854e-07
5.92759e-07
7.96902e-07
9.87975e-07
1.16625e-06
1.33592e-06
1.4958e-06
1.65051e-06
1.79972e-06
1.94688e-06
2.0939e-06
2.2428e-06
2.39511e-06
2.56318e-06
2.70958e-06
2.98579e-06
2.90393e-06
3.98418e-06
1.91591e-06
7.974e-06
-4.52143e-06
2.08421e-05
-2.00273e-05
3.4919e-05
-1.39203e-05
-2.66912e-06
5.57091e-05
-6.30786e-05
-4.5633e-05
-4.33683e-05
-4.11712e-05
-3.90416e-05
-3.69794e-05
-3.49842e-05
-3.30557e-05
-3.11934e-05
-2.93968e-05
-2.76654e-05
-2.59984e-05
-2.43953e-05
-2.28551e-05
-2.13772e-05
-1.99605e-05
-1.8604e-05
-1.73068e-05
-1.60677e-05
-1.48857e-05
-1.37593e-05
-1.26875e-05
-1.16689e-05
-1.0702e-05
-9.78562e-06
-8.91819e-06
-8.0982e-06
-7.32421e-06
-6.59462e-06
-5.90793e-06
-5.26245e-06
-4.65668e-06
-4.08896e-06
-3.55757e-06
-3.06103e-06
-2.5976e-06
-2.16557e-06
-1.76359e-06
-1.3896e-06
-1.04239e-06
-7.2004e-07
-4.21009e-07
-1.43686e-07
1.1338e-07
3.52377e-07
5.73978e-07
7.8063e-07
9.74048e-07
1.15449e-06
1.32623e-06
1.48801e-06
1.64458e-06
1.79554e-06
1.94437e-06
2.09306e-06
2.24355e-06
2.39746e-06
2.56715e-06
2.71498e-06
2.99324e-06
2.9115e-06
3.99714e-06
1.92059e-06
8.00139e-06
-4.53563e-06
2.09004e-05
-2.00708e-05
3.49822e-05
-1.39229e-05
-2.72328e-06
5.58528e-05
-6.32885e-05
-4.62248e-05
-4.39313e-05
-4.17062e-05
-3.95496e-05
-3.74611e-05
-3.54407e-05
-3.34877e-05
-3.16018e-05
-2.97826e-05
-2.80293e-05
-2.63414e-05
-2.47182e-05
-2.31588e-05
-2.16624e-05
-2.0228e-05
-1.88547e-05
-1.75415e-05
-1.62871e-05
-1.50904e-05
-1.39503e-05
-1.28653e-05
-1.18342e-05
-1.08555e-05
-9.92796e-06
-9.04999e-06
-8.22006e-06
-7.4367e-06
-6.6983e-06
-6.00333e-06
-5.35008e-06
-4.73704e-06
-4.1625e-06
-3.62477e-06
-3.12226e-06
-2.65333e-06
-2.21613e-06
-1.80937e-06
-1.43093e-06
-1.07961e-06
-7.53423e-07
-4.50868e-07
-1.70244e-07
8.98322e-08
3.31658e-07
5.55858e-07
7.64934e-07
9.60609e-07
1.14315e-06
1.31689e-06
1.4805e-06
1.63885e-06
1.79151e-06
1.94194e-06
2.09224e-06
2.24426e-06
2.39971e-06
2.57096e-06
2.72015e-06
3.00042e-06
2.9187e-06
4.00968e-06
1.92485e-06
8.02797e-06
-4.54964e-06
2.09562e-05
-2.01117e-05
3.50405e-05
-1.39229e-05
-2.77556e-06
5.59864e-05
-6.34819e-05
-4.67948e-05
-4.44735e-05
-4.22215e-05
-4.00388e-05
-3.79252e-05
-3.58803e-05
-3.39038e-05
-3.19953e-05
-3.01542e-05
-2.83799e-05
-2.66718e-05
-2.50292e-05
-2.34512e-05
-2.19371e-05
-2.04857e-05
-1.90962e-05
-1.77675e-05
-1.64983e-05
-1.52877e-05
-1.41341e-05
-1.30365e-05
-1.19934e-05
-1.10034e-05
-1.00651e-05
-9.17692e-06
-8.33742e-06
-7.54504e-06
-6.79815e-06
-6.09521e-06
-5.43448e-06
-4.81444e-06
-4.23332e-06
-3.68948e-06
-3.18123e-06
-2.70699e-06
-2.26481e-06
-1.85347e-06
-1.47073e-06
-1.11544e-06
-7.85572e-07
-4.79619e-07
-1.9582e-07
6.71566e-08
3.11708e-07
5.38407e-07
7.4982e-07
9.47664e-07
1.13222e-06
1.30788e-06
1.47327e-06
1.63333e-06
1.78763e-06
1.93959e-06
2.09144e-06
2.24494e-06
2.40185e-06
2.57462e-06
2.7251e-06
3.00733e-06
2.92555e-06
4.02181e-06
1.92864e-06
8.05383e-06
-4.56357e-06
2.10098e-05
-2.01499e-05
3.50939e-05
-1.39202e-05
-2.8261e-06
5.61099e-05
-6.3659e-05
-4.73427e-05
-4.49947e-05
-4.27169e-05
-4.05091e-05
-3.83712e-05
-3.63029e-05
-3.43038e-05
-3.23735e-05
-3.05114e-05
-2.87169e-05
-2.69895e-05
-2.53282e-05
-2.37324e-05
-2.22011e-05
-2.07335e-05
-1.93283e-05
-1.79847e-05
-1.67014e-05
-1.54772e-05
-1.43109e-05
-1.32011e-05
-1.21464e-05
-1.11455e-05
-1.01968e-05
-9.29894e-06
-8.45023e-06
-7.64917e-06
-6.89413e-06
-6.18352e-06
-5.5156e-06
-4.88882e-06
-4.30139e-06
-3.75168e-06
-3.23791e-06
-2.75857e-06
-2.3116e-06
-1.89585e-06
-1.50898e-06
-1.14988e-06
-8.16472e-07
-5.07249e-07
-2.20401e-07
4.53632e-08
2.92534e-07
5.21634e-07
7.35295e-07
9.3522e-07
1.12173e-06
1.29922e-06
1.46633e-06
1.62801e-06
1.78389e-06
1.93733e-06
2.09067e-06
2.24558e-06
2.40389e-06
2.57812e-06
2.72981e-06
3.01396e-06
2.93202e-06
4.03357e-06
1.93196e-06
8.07902e-06
-4.57749e-06
2.10611e-05
-2.01857e-05
3.51424e-05
-1.39146e-05
-2.87506e-06
5.62233e-05
-6.38196e-05
-4.78682e-05
-4.54947e-05
-4.3192e-05
-4.09602e-05
-3.87991e-05
-3.67084e-05
-3.46876e-05
-3.27363e-05
-3.08541e-05
-2.90403e-05
-2.72942e-05
-2.56151e-05
-2.40021e-05
-2.24545e-05
-2.09711e-05
-1.9551e-05
-1.81931e-05
-1.68962e-05
-1.56591e-05
-1.44805e-05
-1.3359e-05
-1.22932e-05
-1.12818e-05
-1.03232e-05
-9.41597e-06
-8.55843e-06
-7.74905e-06
-6.98619e-06
-6.26822e-06
-5.5934e-06
-4.96017e-06
-4.36668e-06
-3.81133e-06
-3.29227e-06
-2.80805e-06
-2.35647e-06
-1.93649e-06
-1.54567e-06
-1.18291e-06
-8.46111e-07
-5.33745e-07
-2.43978e-07
2.44621e-08
2.74145e-07
5.05545e-07
7.21365e-07
9.23283e-07
1.11166e-06
1.29091e-06
1.45966e-06
1.62291e-06
1.7803e-06
1.93516e-06
2.08992e-06
2.24619e-06
2.40584e-06
2.58147e-06
2.7343e-06
3.02032e-06
2.93812e-06
4.04496e-06
1.93475e-06
8.10362e-06
-4.59151e-06
2.11104e-05
-2.0219e-05
3.51861e-05
-1.3906e-05
-2.92258e-06
5.63267e-05
-6.39636e-05
-4.8371e-05
-4.59731e-05
-4.36467e-05
-4.1392e-05
-3.92086e-05
-3.70964e-05
-3.50549e-05
-3.30836e-05
-3.11821e-05
-2.93497e-05
-2.75858e-05
-2.58896e-05
-2.42603e-05
-2.2697e-05
-2.11986e-05
-1.97642e-05
-1.83926e-05
-1.70827e-05
-1.58332e-05
-1.46427e-05
-1.35101e-05
-1.24337e-05
-1.14123e-05
-1.04442e-05
-9.52797e-06
-8.66198e-06
-7.84464e-06
-7.07428e-06
-6.34928e-06
-5.66786e-06
-5.02844e-06
-4.42915e-06
-3.86842e-06
-3.34428e-06
-2.85539e-06
-2.39942e-06
-1.97538e-06
-1.58078e-06
-1.21451e-06
-8.74476e-07
-5.59096e-07
-2.66541e-07
4.46247e-09
2.56549e-07
4.90148e-07
7.08036e-07
9.11858e-07
1.10203e-06
1.28296e-06
1.45329e-06
1.61802e-06
1.77687e-06
1.93307e-06
2.08919e-06
2.24676e-06
2.40768e-06
2.58466e-06
2.73856e-06
3.02641e-06
2.94384e-06
4.056e-06
1.93701e-06
8.1277e-06
-4.60571e-06
2.11577e-05
-2.025e-05
3.52248e-05
-1.38942e-05
-2.9688e-06
5.642e-05
-6.40907e-05
-4.8851e-05
-4.64298e-05
-4.40808e-05
-4.18042e-05
-3.95996e-05
-3.74668e-05
-3.54055e-05
-3.34151e-05
-3.14952e-05
-2.96452e-05
-2.78643e-05
-2.61517e-05
-2.45068e-05
-2.29285e-05
-2.14158e-05
-1.99677e-05
-1.85831e-05
-1.72607e-05
-1.59993e-05
-1.47977e-05
-1.36543e-05
-1.25678e-05
-1.15368e-05
-1.05597e-05
-9.63489e-06
-8.76083e-06
-7.93588e-06
-7.15838e-06
-6.42666e-06
-5.73893e-06
-5.09362e-06
-4.48879e-06
-3.92291e-06
-3.39393e-06
-2.90057e-06
-2.44041e-06
-2.01251e-06
-1.61429e-06
-1.24467e-06
-9.01554e-07
-5.8329e-07
-2.8808e-07
-1.46265e-08
2.39753e-07
4.7545e-07
6.95314e-07
9.00951e-07
1.09283e-06
1.27536e-06
1.4472e-06
1.61335e-06
1.77359e-06
1.93107e-06
2.08849e-06
2.24731e-06
2.40942e-06
2.5877e-06
2.74259e-06
3.03224e-06
2.94917e-06
4.06672e-06
1.93869e-06
8.1513e-06
-4.62014e-06
2.12032e-05
-2.02785e-05
3.52584e-05
-1.3879e-05
-3.01386e-06
5.65033e-05
-6.42006e-05
-4.93078e-05
-4.68645e-05
-4.44941e-05
-4.21966e-05
-3.99718e-05
-3.78195e-05
-3.57393e-05
-3.37308e-05
-3.17934e-05
-2.99265e-05
-2.81294e-05
-2.64013e-05
-2.47414e-05
-2.31489e-05
-2.16225e-05
-2.01614e-05
-1.87644e-05
-1.74302e-05
-1.61575e-05
-1.49451e-05
-1.37916e-05
-1.26955e-05
-1.16554e-05
-1.06696e-05
-9.73668e-06
-8.85493e-06
-8.02275e-06
-7.23844e-06
-6.50032e-06
-5.80659e-06
-5.15566e-06
-4.54556e-06
-3.97478e-06
-3.4412e-06
-2.94359e-06
-2.47942e-06
-2.04784e-06
-1.64619e-06
-1.27338e-06
-9.27333e-07
-6.06316e-07
-3.08585e-07
-3.27964e-08
2.23766e-07
4.61457e-07
6.83205e-07
8.90567e-07
1.08408e-06
1.26813e-06
1.44141e-06
1.6089e-06
1.77046e-06
1.92916e-06
2.08781e-06
2.24782e-06
2.41107e-06
2.5906e-06
2.74639e-06
3.03781e-06
2.95412e-06
4.07711e-06
1.93979e-06
8.17448e-06
-4.63487e-06
2.12469e-05
-2.03047e-05
3.5287e-05
-1.38601e-05
-3.05791e-06
5.65764e-05
-6.42928e-05
-4.97414e-05
-4.72771e-05
-4.48863e-05
-4.2569e-05
-4.03251e-05
-3.81543e-05
-3.60562e-05
-3.40304e-05
-3.20764e-05
-3.01935e-05
-2.8381e-05
-2.66382e-05
-2.49642e-05
-2.33581e-05
-2.18188e-05
-2.03453e-05
-1.89365e-05
-1.7591e-05
-1.63077e-05
-1.50851e-05
-1.3922e-05
-1.28167e-05
-1.17679e-05
-1.07739e-05
-9.83329e-06
-8.94425e-06
-8.10519e-06
-7.31442e-06
-6.57023e-06
-5.87081e-06
-5.21454e-06
-4.59944e-06
-4.02401e-06
-3.48606e-06
-2.98441e-06
-2.51646e-06
-2.08138e-06
-1.67648e-06
-1.30062e-06
-9.51802e-07
-6.28165e-07
-3.28047e-07
-5.00391e-08
2.08593e-07
4.48176e-07
6.71713e-07
8.8071e-07
1.07578e-06
1.26127e-06
1.43591e-06
1.60468e-06
1.7675e-06
1.92735e-06
2.08717e-06
2.2483e-06
2.41262e-06
2.59334e-06
2.74997e-06
3.04312e-06
2.95868e-06
4.08721e-06
1.94026e-06
8.19729e-06
-4.64996e-06
2.12889e-05
-2.03284e-05
3.53102e-05
-1.38373e-05
-3.10109e-06
5.66392e-05
-6.43667e-05
-5.01516e-05
-4.76674e-05
-4.52573e-05
-4.29213e-05
-4.06593e-05
-3.8471e-05
-3.6356e-05
-3.43139e-05
-3.23441e-05
-3.04461e-05
-2.86191e-05
-2.68623e-05
-2.51749e-05
-2.3556e-05
-2.20045e-05
-2.05193e-05
-1.90993e-05
-1.77432e-05
-1.64498e-05
-1.52176e-05
-1.40453e-05
-1.29314e-05
-1.18744e-05
-1.08727e-05
-9.92467e-06
-9.02873e-06
-8.18318e-06
-7.38629e-06
-6.63637e-06
-5.93155e-06
-5.27024e-06
-4.6504e-06
-4.07058e-06
-3.52849e-06
-3.02302e-06
-2.55148e-06
-2.11309e-06
-1.70512e-06
-1.32638e-06
-9.74949e-07
-6.48826e-07
-3.46458e-07
-6.63469e-08
1.94242e-07
4.35612e-07
6.60844e-07
8.71387e-07
1.06792e-06
1.25477e-06
1.43071e-06
1.60068e-06
1.76469e-06
1.92563e-06
2.08655e-06
2.24875e-06
2.41407e-06
2.59592e-06
2.75332e-06
3.04818e-06
2.96284e-06
4.09702e-06
1.94011e-06
8.21977e-06
-4.66545e-06
2.13291e-05
-2.03496e-05
3.53279e-05
-1.38103e-05
-3.14354e-06
5.66915e-05
-6.44215e-05
-5.0538e-05
-4.80352e-05
-4.56069e-05
-4.32533e-05
-4.09743e-05
-3.87694e-05
-3.66385e-05
-3.4581e-05
-3.25964e-05
-3.06841e-05
-2.88434e-05
-2.70735e-05
-2.53735e-05
-2.37425e-05
-2.21795e-05
-2.06833e-05
-1.92527e-05
-1.78866e-05
-1.65836e-05
-1.53424e-05
-1.41615e-05
-1.30394e-05
-1.19747e-05
-1.09657e-05
-1.00108e-05
-9.10835e-06
-8.25668e-06
-7.45403e-06
-6.69869e-06
-5.98879e-06
-5.32273e-06
-4.69843e-06
-4.11445e-06
-3.56848e-06
-3.05941e-06
-2.58449e-06
-2.14298e-06
-1.73211e-06
-1.35065e-06
-9.96764e-07
-6.68292e-07
-3.63809e-07
-8.17126e-08
1.80719e-07
4.23773e-07
6.50603e-07
8.626e-07
1.06052e-06
1.24865e-06
1.42581e-06
1.59691e-06
1.76204e-06
1.92401e-06
2.08597e-06
2.24918e-06
2.41543e-06
2.59836e-06
2.75645e-06
3.05298e-06
2.96661e-06
4.10655e-06
1.93929e-06
8.24198e-06
-4.68137e-06
2.13676e-05
-2.03681e-05
3.53399e-05
-1.37786e-05
-3.18543e-06
5.67333e-05
-6.44565e-05
-5.09006e-05
-4.83803e-05
-4.5935e-05
-4.35649e-05
-4.12698e-05
-3.90495e-05
-3.69036e-05
-3.48317e-05
-3.28332e-05
-3.09076e-05
-2.9054e-05
-2.72718e-05
-2.55599e-05
-2.39176e-05
-2.23437e-05
-2.08371e-05
-1.93967e-05
-1.80212e-05
-1.67093e-05
-1.54595e-05
-1.42705e-05
-1.31408e-05
-1.20688e-05
-1.1053e-05
-1.00916e-05
-9.18306e-06
-8.32564e-06
-7.51758e-06
-6.75717e-06
-6.0425e-06
-5.37198e-06
-4.7435e-06
-4.15562e-06
-3.606e-06
-3.09354e-06
-2.61547e-06
-2.17102e-06
-1.75744e-06
-1.37342e-06
-1.01724e-06
-6.86553e-07
-3.80093e-07
-9.61295e-08
1.68029e-07
4.12663e-07
6.40993e-07
8.54354e-07
1.05358e-06
1.2429e-06
1.42121e-06
1.59337e-06
1.75956e-06
1.92249e-06
2.08541e-06
2.24957e-06
2.41669e-06
2.60065e-06
2.75935e-06
3.05754e-06
2.96997e-06
4.11583e-06
1.9378e-06
8.26394e-06
-4.69775e-06
2.14045e-05
-2.03839e-05
3.5346e-05
-1.37421e-05
-3.2269e-06
5.67643e-05
-6.44709e-05
-5.12392e-05
-4.87025e-05
-4.62413e-05
-4.38558e-05
-4.15458e-05
-3.93111e-05
-3.71513e-05
-3.50659e-05
-3.30544e-05
-3.11162e-05
-2.92507e-05
-2.74569e-05
-2.5734e-05
-2.40811e-05
-2.24971e-05
-2.09809e-05
-1.95312e-05
-1.81469e-05
-1.68266e-05
-1.55689e-05
-1.43724e-05
-1.32355e-05
-1.21568e-05
-1.11345e-05
-1.01671e-05
-9.25284e-06
-8.39005e-06
-7.57694e-06
-6.81178e-06
-6.09266e-06
-5.41797e-06
-4.78559e-06
-4.19407e-06
-3.64105e-06
-3.12542e-06
-2.6444e-06
-2.1972e-06
-1.7811e-06
-1.39469e-06
-1.03636e-06
-7.03602e-07
-3.95301e-07
-1.09591e-07
1.56179e-07
4.02286e-07
6.32019e-07
8.46652e-07
1.04709e-06
1.23754e-06
1.41691e-06
1.59007e-06
1.75723e-06
1.92107e-06
2.08488e-06
2.24994e-06
2.41787e-06
2.60279e-06
2.76203e-06
3.06184e-06
2.97293e-06
4.12486e-06
1.93561e-06
8.28568e-06
-4.71461e-06
2.14396e-05
-2.03969e-05
3.53457e-05
-1.37004e-05
-3.26811e-06
5.67842e-05
-6.44636e-05
-5.15536e-05
-4.90018e-05
-4.65259e-05
-4.4126e-05
-4.18022e-05
-3.9554e-05
-3.73812e-05
-3.52833e-05
-3.32598e-05
-3.13101e-05
-2.94333e-05
-2.76288e-05
-2.58957e-05
-2.4233e-05
-2.26395e-05
-2.11144e-05
-1.96561e-05
-1.82637e-05
-1.69356e-05
-1.56705e-05
-1.4467e-05
-1.33234e-05
-1.22384e-05
-1.12102e-05
-1.02372e-05
-9.31764e-06
-8.44987e-06
-7.63207e-06
-6.86251e-06
-6.13925e-06
-5.46068e-06
-4.82468e-06
-4.22977e-06
-3.6736e-06
-3.15502e-06
-2.67127e-06
-2.22152e-06
-1.80307e-06
-1.41443e-06
-1.05411e-06
-7.19433e-07
-4.09427e-07
-1.22091e-07
1.45173e-07
3.92649e-07
6.23685e-07
8.395e-07
1.04107e-06
1.23255e-06
1.41292e-06
1.587e-06
1.75507e-06
1.91975e-06
2.08439e-06
2.25029e-06
2.41894e-06
2.60478e-06
2.76448e-06
3.06591e-06
2.97548e-06
4.13365e-06
1.9327e-06
8.30726e-06
-4.73198e-06
2.14731e-05
-2.04068e-05
3.53391e-05
-1.36531e-05
-3.30921e-06
5.67931e-05
-6.4434e-05
-5.18438e-05
-4.92779e-05
-4.67884e-05
-4.43754e-05
-4.20388e-05
-3.97782e-05
-3.75935e-05
-3.5484e-05
-3.34494e-05
-3.14889e-05
-2.96019e-05
-2.77875e-05
-2.60449e-05
-2.43731e-05
-2.2771e-05
-2.12375e-05
-1.97714e-05
-1.83714e-05
-1.70362e-05
-1.57643e-05
-1.45543e-05
-1.34046e-05
-1.23138e-05
-1.12801e-05
-1.03019e-05
-9.37744e-06
-8.50507e-06
-7.68294e-06
-6.90931e-06
-6.18224e-06
-5.50009e-06
-4.86076e-06
-4.2627e-06
-3.70364e-06
-3.18233e-06
-2.69607e-06
-2.24395e-06
-1.82334e-06
-1.43265e-06
-1.0705e-06
-7.34038e-07
-4.22465e-07
-1.33625e-07
1.35016e-07
3.83755e-07
6.15994e-07
8.32899e-07
1.03551e-06
1.22796e-06
1.40924e-06
1.58416e-06
1.75307e-06
1.91853e-06
2.08393e-06
2.2506e-06
2.41993e-06
2.60662e-06
2.76671e-06
3.06972e-06
2.97762e-06
4.14223e-06
1.92906e-06
8.32869e-06
-4.7499e-06
2.15048e-05
-2.04137e-05
3.53257e-05
-1.36e-05
-3.35042e-06
5.67908e-05
-6.43818e-05
-5.21095e-05
-4.95308e-05
-4.70289e-05
-4.46038e-05
-4.22555e-05
-3.99836e-05
-3.77879e-05
-3.56679e-05
-3.3623e-05
-3.16528e-05
-2.97563e-05
-2.79329e-05
-2.61816e-05
-2.45015e-05
-2.28915e-05
-2.13504e-05
-1.9877e-05
-1.84701e-05
-1.71283e-05
-1.58502e-05
-1.46342e-05
-1.34789e-05
-1.23828e-05
-1.13441e-05
-1.03611e-05
-9.43221e-06
-8.55563e-06
-7.72953e-06
-6.95219e-06
-6.22162e-06
-5.53619e-06
-4.89381e-06
-4.29287e-06
-3.73115e-06
-3.20733e-06
-2.71879e-06
-2.2645e-06
-1.84191e-06
-1.44933e-06
-1.08551e-06
-7.47413e-07
-4.34407e-07
-1.44188e-07
1.25713e-07
3.75609e-07
6.08951e-07
8.26852e-07
1.03042e-06
1.22374e-06
1.40587e-06
1.58157e-06
1.75124e-06
1.91742e-06
2.0835e-06
2.2509e-06
2.42083e-06
2.60831e-06
2.76872e-06
3.0733e-06
2.97934e-06
4.15059e-06
1.92469e-06
8.34996e-06
-4.76825e-06
2.15345e-05
-2.04169e-05
3.53048e-05
-1.35401e-05
-3.39197e-06
5.67766e-05
-6.43055e-05
-5.23506e-05
-4.97604e-05
-4.72472e-05
-4.48111e-05
-4.24522e-05
-4.017e-05
-3.79644e-05
-3.58348e-05
-3.37807e-05
-3.18015e-05
-2.98965e-05
-2.80649e-05
-2.63057e-05
-2.46181e-05
-2.30008e-05
-2.14528e-05
-1.99729e-05
-1.85597e-05
-1.72119e-05
-1.59281e-05
-1.47068e-05
-1.35464e-05
-1.24454e-05
-1.14021e-05
-1.04149e-05
-9.48193e-06
-8.60153e-06
-7.77183e-06
-6.9911e-06
-6.25737e-06
-5.56895e-06
-4.92381e-06
-4.32025e-06
-3.75614e-06
-3.23003e-06
-2.73941e-06
-2.28314e-06
-1.85877e-06
-1.46448e-06
-1.09914e-06
-7.59552e-07
-4.45247e-07
-1.53774e-07
1.17267e-07
3.68213e-07
6.02557e-07
8.21362e-07
1.0258e-06
1.21992e-06
1.40281e-06
1.57922e-06
1.74958e-06
1.91641e-06
2.08311e-06
2.25116e-06
2.42163e-06
2.60986e-06
2.7705e-06
3.07664e-06
2.98066e-06
4.15871e-06
1.91967e-06
8.37086e-06
-4.78652e-06
2.15612e-05
-2.04148e-05
3.52742e-05
-1.34717e-05
-3.43386e-06
5.67477e-05
-6.42021e-05
-5.25672e-05
-4.99665e-05
-4.74432e-05
-4.49973e-05
-4.26288e-05
-4.03374e-05
-3.81228e-05
-3.59846e-05
-3.39222e-05
-3.1935e-05
-3.00224e-05
-2.81834e-05
-2.64171e-05
-2.47227e-05
-2.30989e-05
-2.15448e-05
-2.00589e-05
-1.86402e-05
-1.7287e-05
-1.59981e-05
-1.4772e-05
-1.3607e-05
-1.25017e-05
-1.14543e-05
-1.04632e-05
-9.52658e-06
-8.64274e-06
-7.80981e-06
-7.02604e-06
-6.28947e-06
-5.59836e-06
-4.95075e-06
-4.34482e-06
-3.77858e-06
-3.2504e-06
-2.75794e-06
-2.29988e-06
-1.87391e-06
-1.47807e-06
-1.11137e-06
-7.7045e-07
-4.54982e-07
-1.6238e-07
1.09683e-07
3.61572e-07
5.96818e-07
8.16431e-07
1.02165e-06
1.21648e-06
1.40006e-06
1.57711e-06
1.74808e-06
1.91551e-06
2.08275e-06
2.25141e-06
2.42235e-06
2.61125e-06
2.77207e-06
3.07974e-06
2.98155e-06
4.16664e-06
1.91388e-06
8.39163e-06
-4.80517e-06
2.15857e-05
-2.04084e-05
3.52349e-05
-1.33955e-05
-3.47636e-06
5.67058e-05
-6.40762e-05
-5.2759e-05
-5.01491e-05
-4.76168e-05
-4.51622e-05
-4.27852e-05
-4.04857e-05
-3.82632e-05
-3.61174e-05
-3.40476e-05
-3.20534e-05
-3.01339e-05
-2.82883e-05
-2.65159e-05
-2.48154e-05
-2.31859e-05
-2.16263e-05
-2.01352e-05
-1.87115e-05
-1.73535e-05
-1.60602e-05
-1.48297e-05
-1.36607e-05
-1.25515e-05
-1.15005e-05
-1.0506e-05
-9.56613e-06
-8.67925e-06
-7.84346e-06
-7.057e-06
-6.31791e-06
-5.62442e-06
-4.97462e-06
-4.36659e-06
-3.79846e-06
-3.26844e-06
-2.77435e-06
-2.3147e-06
-1.88733e-06
-1.49012e-06
-1.12221e-06
-7.80103e-07
-4.63606e-07
-1.70004e-07
1.02966e-07
3.55688e-07
5.91734e-07
8.12061e-07
1.01798e-06
1.21344e-06
1.39762e-06
1.57524e-06
1.74675e-06
1.91472e-06
2.08243e-06
2.25163e-06
2.42297e-06
2.61251e-06
2.77339e-06
3.08267e-06
2.98183e-06
4.17489e-06
1.90603e-06
8.41529e-06
-4.83037e-06
2.1619e-05
-2.04139e-05
3.52054e-05
-1.33241e-05
-3.52408e-06
5.66765e-05
-6.3969e-05
)
;

boundaryField
{
    down
    {
        type            symmetryPlane;
    }
    right
    {
        type            fixedValue;
        value           uniform 0;
    }
    up
    {
        type            symmetryPlane;
    }
    left
    {
        type            zeroGradient;
    }
    cylinder
    {
        type            zeroGradient;
    }
    frontAndBack
    {
        type            empty;
    }
    procBoundary7to3
    {
        type            processor;
        value           nonuniform List<scalar> 
72
(
-3.69379e-05
-3.50992e-05
-3.33147e-05
-3.15843e-05
-2.99077e-05
-2.82849e-05
-2.67154e-05
-2.5199e-05
-2.37352e-05
-2.23238e-05
-2.09642e-05
-1.96558e-05
-1.83982e-05
-1.71907e-05
-1.60325e-05
-1.4923e-05
-1.38614e-05
-1.28468e-05
-1.18783e-05
-1.0955e-05
-1.0076e-05
-9.24024e-06
-8.44649e-06
-7.69386e-06
-6.9811e-06
-6.3071e-06
-5.67058e-06
-5.07038e-06
-4.50527e-06
-3.97387e-06
-3.47497e-06
-3.00736e-06
-2.56937e-06
-2.16017e-06
-1.77802e-06
-1.42173e-06
-1.09004e-06
-7.81576e-07
-4.94827e-07
-2.28879e-07
1.82647e-08
2.47199e-07
4.59719e-07
6.57283e-07
8.40474e-07
1.01156e-06
1.17152e-06
1.32141e-06
1.46329e-06
1.59842e-06
1.72807e-06
1.85453e-06
1.97916e-06
2.10393e-06
2.23174e-06
2.36221e-06
2.50882e-06
2.63526e-06
2.88427e-06
2.79831e-06
3.80805e-06
1.84726e-06
7.63623e-06
7.63623e-06
-4.3392e-06
2.0077e-05
-1.94024e-05
3.39874e-05
-1.37686e-05
-1.99145e-06
5.36797e-05
-6.00343e-05
)
;
    }
    procBoundary7to6
    {
        type            processor;
        value           nonuniform List<scalar> 
74
(
-5.61204e-05
-5.60965e-05
-5.60486e-05
-5.59768e-05
-5.5881e-05
-5.57615e-05
-5.56181e-05
-5.54469e-05
-5.52457e-05
-5.50185e-05
-5.47655e-05
-5.44867e-05
-5.41822e-05
-5.38523e-05
-5.3497e-05
-5.31164e-05
-5.27108e-05
-5.22804e-05
-5.18252e-05
-5.13456e-05
-5.08418e-05
-5.03138e-05
-4.97621e-05
-4.91869e-05
-4.85883e-05
-4.79668e-05
-4.73225e-05
-4.66559e-05
-4.59671e-05
-4.52566e-05
-4.45246e-05
-4.37716e-05
-4.29979e-05
-4.22038e-05
-4.13899e-05
-4.05563e-05
-3.97037e-05
-5.56178e-05
-5.57612e-05
-5.58809e-05
-5.59766e-05
-5.60485e-05
-5.60964e-05
-5.61204e-05
-3.97022e-05
-4.05548e-05
-4.13884e-05
-4.22024e-05
-4.29964e-05
-4.37702e-05
-4.45232e-05
-4.52552e-05
-4.59658e-05
-4.66546e-05
-4.73213e-05
-4.79656e-05
-4.85872e-05
-4.91857e-05
-4.9761e-05
-5.03128e-05
-5.08407e-05
-5.13447e-05
-5.18243e-05
-5.22795e-05
-5.271e-05
-5.31157e-05
-5.34963e-05
-5.38516e-05
-5.41816e-05
-5.44861e-05
-5.4765e-05
-5.5018e-05
-5.52453e-05
-5.54465e-05
)
;
    }
    procBoundary7to11
    {
        type            processor;
        value           nonuniform List<scalar> 
72
(
-3.69394e-05
-3.51007e-05
-3.33161e-05
-3.15856e-05
-2.9909e-05
-2.82861e-05
-2.67166e-05
-2.52001e-05
-2.37364e-05
-2.23249e-05
-2.09652e-05
-1.96569e-05
-1.83992e-05
-1.71915e-05
-1.60333e-05
-1.49238e-05
-1.38621e-05
-1.28474e-05
-1.1879e-05
-1.09556e-05
-1.00766e-05
-9.24078e-06
-8.44699e-06
-7.69436e-06
-6.98153e-06
-6.30753e-06
-5.67099e-06
-5.07067e-06
-4.50567e-06
-3.97412e-06
-3.47517e-06
-3.47517e-06
-2.90216e-06
-2.47303e-06
-2.07249e-06
-1.69806e-06
-1.34922e-06
-1.02426e-06
-7.22137e-07
-4.41333e-07
-1.8071e-07
6.12654e-08
2.85564e-07
4.9367e-07
6.87251e-07
8.66743e-07
1.0343e-06
1.19106e-06
1.33802e-06
1.47716e-06
1.60929e-06
1.73688e-06
1.86062e-06
1.98295e-06
2.10546e-06
2.23107e-06
2.35914e-06
2.5034e-06
2.62784e-06
2.87363e-06
2.78782e-06
3.78886e-06
1.8417e-06
7.54938e-06
-4.28372e-06
1.98698e-05
-1.92203e-05
3.37243e-05
-1.3712e-05
-1.81598e-06
5.31317e-05
-5.91965e-05
)
;
    }
}


// ************************************************************************* //
