/*--------------------------------*- C++ -*----------------------------------*\
| =========                 |                                                 |
| \\      /  F ield         | OpenFOAM: The Open Source CFD Toolbox           |
|  \\    /   O peration     | Version:  2412                                  |
|   \\  /    A nd           | Website:  www.openfoam.com                      |
|    \\/     M anipulation  |                                                 |
\*---------------------------------------------------------------------------*/
FoamFile
{
    version     2.0;
    format      ascii;
    arch        "LSB;label=32;scalar=64";
    class       volScalarField;
    location    "18.5";
    object      p;
}
// * * * * * * * * * * * * * * * * * * * * * * * * * * * * * * * * * * * * * //

dimensions      [0 2 -2 0 0 0 0];

internalField   nonuniform List<scalar> 
5285
(
-0.000835445
-0.000776354
-0.000801775
-0.000816544
-0.000829831
-0.000840787
-0.000848363
-0.00085266
-0.000853943
-0.000852374
-0.000848101
-0.000841294
-0.000832135
-0.000820813
-0.000807518
-0.000792441
-0.000775775
-0.000757708
-0.000738428
-0.000718116
-0.000696945
-0.000675084
-0.000652692
-0.000629919
-0.000721557
-0.000745827
-0.0007606
-0.000773944
-0.000785107
-0.000793157
-0.000798184
-0.000800414
-0.000799989
-0.000797038
-0.000791713
-0.000784174
-0.00077459
-0.00076313
-0.00074997
-0.000735281
-0.000719236
-0.000702004
-0.000683752
-0.00066464
-0.000644821
-0.000624444
-0.000603647
-0.000670657
-0.000693839
-0.000708556
-0.000721897
-0.000733192
-0.00074162
-0.000747255
-0.000750297
-0.000750866
-0.000749077
-0.000745061
-0.000738964
-0.000730935
-0.000721125
-0.000709693
-0.000696794
-0.000682585
-0.00066722
-0.000650851
-0.000633625
-0.000615684
-0.000597163
-0.000578192
-0.000623304
-0.00064546
-0.000660076
-0.000673364
-0.00068473
-0.000693453
-0.000699597
-0.000703332
-0.000704764
-0.000703994
-0.000701138
-0.000696324
-0.000689685
-0.000681358
-0.000671485
-0.000660206
-0.000647664
-0.000634
-0.000619352
-0.000603854
-0.000587637
-0.000570827
-0.000553543
-0.000579181
-0.000600369
-0.00061485
-0.000628047
-0.000639437
-0.000648386
-0.000654951
-0.000659278
-0.000661459
-0.000661583
-0.000659752
-0.000656079
-0.000650684
-0.000643689
-0.000635222
-0.000625411
-0.000614383
-0.000602268
-0.000589191
-0.000575277
-0.000560644
-0.00054541
-0.000529683
-0.000538001
-0.00055828
-0.000572599
-0.000585675
-0.000597047
-0.000606166
-0.000613077
-0.000617908
-0.000620739
-0.000621646
-0.000620721
-0.000618064
-0.000613782
-0.000607985
-0.000600786
-0.000592303
-0.000582651
-0.000571947
-0.000560307
-0.000547843
-0.000534666
-0.000520883
-0.000506595
-0.000499514
-0.000518935
-0.000533071
-0.000546002
-0.000557326
-0.000566565
-0.000573759
-0.000579018
-0.00058241
-0.000584004
-0.00058388
-0.000582127
-0.000578841
-0.00057412
-0.000568066
-0.000560786
-0.000552384
-0.000542966
-0.000532639
-0.000521505
-0.000509666
-0.000497219
-0.00048426
-0.000463491
-0.000482105
-0.000496044
-0.000508811
-0.000520059
-0.000529378
-0.0005368
-0.00054242
-0.000546298
-0.000548493
-0.000549077
-0.000548129
-0.000545734
-0.00054198
-0.00053696
-0.000530769
-0.000523503
-0.000515258
-0.000506131
-0.000496215
-0.000485605
-0.000474391
-0.00046266
-0.00042973
-0.000447585
-0.000461313
-0.000473903
-0.000485055
-0.000494419
-0.000502022
-0.000507946
-0.000512242
-0.000514964
-0.000516173
-0.000515941
-0.000514343
-0.000511459
-0.000507372
-0.000502168
-0.000495935
-0.000488759
-0.000480728
-0.00047193
-0.00046245
-0.000452372
-0.000441775
-0.000398049
-0.000415188
-0.000428698
-0.000441099
-0.000452138
-0.000461518
-0.000469262
-0.00047544
-0.000480096
-0.000483277
-0.000485038
-0.000485443
-0.000484559
-0.000482457
-0.000479213
-0.000474903
-0.000469608
-0.000463407
-0.00045638
-0.000448607
-0.000440166
-0.000431134
-0.000421585
-0.000368282
-0.000384748
-0.000398033
-0.000410238
-0.000421151
-0.000430522
-0.000438373
-0.000444761
-0.000449725
-0.000453307
-0.000455555
-0.000456526
-0.000456281
-0.000454882
-0.000452399
-0.0004489
-0.000444459
-0.000439147
-0.000433038
-0.000426204
-0.000418718
-0.00041065
-0.00040207
-0.00034028
-0.000356111
-0.000369169
-0.000381173
-0.000391948
-0.000401291
-0.000409218
-0.000415779
-0.000421006
-0.000424937
-0.000427615
-0.000429089
-0.000429415
-0.000428648
-0.000426852
-0.000424089
-0.000420423
-0.000415923
-0.000410653
-0.000404681
-0.000398074
-0.000390895
-0.00038321
-0.00031391
-0.000329142
-0.00034197
-0.000353769
-0.0003644
-0.000373697
-0.000381675
-0.000388375
-0.000393826
-0.00039806
-0.000401116
-0.000403037
-0.000403874
-0.000403676
-0.0004025
-0.000400403
-0.000397444
-0.000393683
-0.000389182
-0.000384001
-0.000378201
-0.000371843
-0.000364985
-0.000289047
-0.000303715
-0.000316313
-0.000327906
-0.000338386
-0.000347623
-0.000355631
-0.000362442
-0.000368081
-0.000372577
-0.000375965
-0.000378284
-0.000379577
-0.000379891
-0.000379275
-0.000377782
-0.000375466
-0.00037238
-0.000368582
-0.000364127
-0.000359071
-0.000353468
-0.000347375
-0.000265581
-0.000279717
-0.000292086
-0.000303473
-0.000313797
-0.000322963
-0.000330981
-0.000337878
-0.000343675
-0.000348398
-0.000352077
-0.000354748
-0.000356449
-0.000357223
-0.000357113
-0.000356168
-0.000354436
-0.000351968
-0.000348813
-0.000345024
-0.000340651
-0.000335747
-0.00033036
-0.000243411
-0.000257047
-0.000269188
-0.000280369
-0.000290534
-0.000299619
-0.000307632
-0.000314592
-0.00032052
-0.000325438
-0.000329373
-0.000332355
-0.000334421
-0.000335607
-0.000335955
-0.000335507
-0.000334307
-0.000332401
-0.000329836
-0.000326658
-0.000322915
-0.000318654
-0.000313921
-0.000222446
-0.00023561
-0.000247526
-0.000258502
-0.000268506
-0.000277502
-0.000285495
-0.000292501
-0.000298536
-0.00030362
-0.000307778
-0.000311036
-0.000313427
-0.000314985
-0.000315746
-0.000315748
-0.000315032
-0.00031364
-0.000311614
-0.000308998
-0.000305835
-0.000302167
-0.000298039
-0.000202612
-0.000215331
-0.000227016
-0.000237786
-0.000247629
-0.00025653
-0.000264491
-0.000271526
-0.000277647
-0.000282873
-0.000287224
-0.000290727
-0.000293408
-0.000295299
-0.000296432
-0.000296843
-0.000296568
-0.000295645
-0.000294113
-0.000292013
-0.000289383
-0.000286264
-0.000282695
-0.000599835
-0.000643002
-0.000555435
-0.000596054
-0.000635764
-0.000674499
-0.00071231
-0.000748649
-0.000781895
-0.000514052
-0.000552345
-0.000589742
-0.000626182
-0.000661695
-0.000695781
-0.000727065
-0.000475432
-0.000511592
-0.000546871
-0.000581207
-0.000614624
-0.000646659
-0.000676152
-0.000439346
-0.000473545
-0.000506878
-0.000539285
-0.000570781
-0.000600944
-0.000628796
-0.00040558
-0.000437974
-0.000469516
-0.000500151
-0.000529886
-0.000558337
-0.000584679
-0.000373913
-0.000404655
-0.000434555
-0.000463561
-0.000491678
-0.000518561
-0.000543513
-0.000344197
-0.000373411
-0.000401794
-0.000429299
-0.000455927
-0.000481368
-0.000505038
-0.000316279
-0.000344074
-0.000371054
-0.000397173
-0.000422427
-0.000446542
-0.000469026
-0.000290014
-0.000316494
-0.000342174
-0.00036701
-0.000390995
-0.000413886
-0.000435272
-0.000265273
-0.000290533
-0.000315007
-0.000338654
-0.000361464
-0.000383224
-0.000403591
-0.000241942
-0.000266067
-0.000289421
-0.000311965
-0.000333685
-0.000354398
-0.00037382
-0.000219917
-0.000242986
-0.000265297
-0.000286814
-0.000307522
-0.000327265
-0.000345807
-0.000199103
-0.000221186
-0.000242526
-0.000263087
-0.000282854
-0.000301695
-0.000319418
-0.000179414
-0.000200576
-0.000221009
-0.000240679
-0.000259569
-0.000277572
-0.000294531
-0.000160771
-0.000181072
-0.000200657
-0.000219494
-0.000237567
-0.000254788
-0.000271035
-0.000143102
-0.000162596
-0.000181387
-0.000199446
-0.000216755
-0.000233247
-0.000248827
-0.000126341
-0.000145078
-0.000163124
-0.000180454
-0.000197048
-0.000212858
-0.000227815
-0.000110427
-0.00012845
-0.000145797
-0.000162442
-0.00017837
-0.000193545
-0.000207923
-9.53081e-05
-0.000112669
-0.000129364
-0.00014537
-0.000160672
-0.000175249
-0.000189076
-0.000511175
-0.000555854
-0.000251491
-0.000300187
-0.000342581
-0.000385522
-0.000428947
-0.000471856
-0.000514005
-0.000226766
-0.00027259
-0.000312817
-0.000353516
-0.000394585
-0.000435125
-0.000474955
-0.000203392
-0.000246601
-0.000284848
-0.000323489
-0.000362392
-0.00040074
-0.000438467
-0.000181288
-0.000222114
-0.000258548
-0.000295302
-0.000332212
-0.000368463
-0.000404334
-0.000160373
-0.000199023
-0.000233795
-0.000268827
-0.000303987
-0.000338752
-0.000372442
-0.000140569
-0.000177225
-0.000210461
-0.000243883
-0.000277337
-0.00031028
-0.000342419
-0.000121805
-0.000156628
-0.000188441
-0.000220371
-0.000252251
-0.00028359
-0.00031423
-0.000104015
-0.000137151
-0.000167647
-0.000198194
-0.000228628
-0.000258516
-0.000287737
-8.71384e-05
-0.000118722
-0.000147994
-0.000177257
-0.000206352
-0.000234901
-0.000262796
-7.112e-05
-0.000101269
-0.000129403
-0.000157471
-0.000185322
-0.000212624
-0.000239285
-5.59066e-05
-8.47283e-05
-0.000111801
-0.000138754
-0.000165445
-0.000191589
-0.000217099
-4.14494e-05
-6.90413e-05
-9.5122e-05
-0.000121033
-0.00014664
-0.000171705
-0.000196141
-2.77029e-05
-5.41531e-05
-7.9305e-05
-0.000104239
-0.000128833
-0.000152888
-0.000176322
-1.46246e-05
-4.00133e-05
-6.42943e-05
-8.83145e-05
-0.000111973
-0.000135067
-0.000157562
-2.17177e-06
-2.65634e-05
-5.00364e-05
-7.31985e-05
-9.59589e-05
-0.000118172
-0.00013979
9.69041e-06
-1.37296e-05
-3.64845e-05
-5.88435e-05
-8.07631e-05
-0.000102146
-0.000122939
2.09372e-05
-1.7433e-06
-2.3632e-05
-4.51969e-05
-6.63308e-05
-8.69308e-05
-0.000106947
3.17204e-05
9.89279e-06
-1.13607e-05
-3.22142e-05
-5.26096e-05
-7.24722e-05
-9.17566e-05
4.20004e-05
2.09479e-05
3.44577e-07
-1.98291e-05
-3.9531e-05
-5.87055e-05
-7.73098e-05
0.000978519
0.000968959
0.000958341
0.000946595
0.00093365
0.00091943
0.000903859
0.00088686
0.000868355
0.000848267
0.000826517
0.000803032
0.000777738
0.000750568
0.000721458
0.000690352
0.000657202
0.000621971
0.000584631
0.000545172
0.000503596
0.000459924
0.000414197
0.000366477
0.000316848
0.00026542
0.000212328
0.000157732
0.000101821
4.48108e-05
-1.30636e-05
-7.15759e-05
-0.000130182
-0.000188052
0.000956017
0.000946042
0.000935039
0.000922943
0.000909688
0.000895205
0.000879427
0.000862283
0.000843704
0.000823622
0.000801967
0.000778676
0.000753687
0.00072694
0.000698385
0.000667975
0.000635673
0.000601452
0.000565296
0.0005272
0.000487177
0.000445254
0.000401476
0.000355908
0.000308635
0.000259763
0.000209423
0.000157767
0.000104971
5.12343e-05
-3.22554e-06
-5.82025e-05
-0.000113201
-0.000167461
0.000934392
0.000924059
0.000912728
0.000900341
0.000886835
0.000872151
0.000856225
0.000838996
0.000820401
0.00080038
0.000778873
0.000755825
0.000731183
0.000704897
0.000676925
0.000647232
0.000615788
0.000582575
0.000547585
0.000510822
0.000472303
0.000432061
0.000390144
0.000346619
0.00030157
0.0002551
0.000207334
0.000158416
0.00010851
5.78007e-05
6.4884e-06
-4.52387e-05
-9.69295e-05
-0.000147891
0.000913623
0.000902983
0.000891378
0.000878752
0.000865051
0.000850218
0.000834198
0.000816936
0.000798375
0.000778464
0.000757151
0.000734387
0.000710127
0.000684331
0.000656965
0.000628001
0.000597418
0.000565204
0.000531359
0.000495892
0.000458826
0.000420197
0.000380055
0.000338467
0.000295516
0.000251303
0.000205945
0.000159578
0.000112356
6.44487e-05
1.60411e-05
-3.26946e-05
-8.13488e-05
-0.000129291
0.000893687
0.000882788
0.000870956
0.000858141
0.000844292
0.000829359
0.000813293
0.000796043
0.000777562
0.000757802
0.00073672
0.000714273
0.000690425
0.000665142
0.000638397
0.000610169
0.000580443
0.000549216
0.00051649
0.000482281
0.000446614
0.000409529
0.000371078
0.000331326
0.000290355
0.000248261
0.000205156
0.000161168
0.000116439
7.11286e-05
2.54049e-05
-2.05737e-05
-6.64355e-05
-0.000111609
0.000874561
0.000863447
0.000851432
0.000838471
0.000824519
0.000809529
0.000793459
0.000776263
0.000757899
0.000738326
0.000717507
0.000695406
0.000671991
0.000647238
0.000621123
0.000593632
0.000564757
0.000534498
0.000502863
0.000469871
0.000435551
0.000399943
0.0003631
0.000325087
0.000285983
0.000245881
0.000204885
0.000163116
0.000120706
7.78031e-05
3.45622e-05
-8.87148e-06
-5.21614e-05
-9.47912e-05
0.000856221
0.000844932
0.000832774
0.000819707
0.00080569
0.000790683
0.000774645
0.000757538
0.000739324
0.000719969
0.00069944
0.000677706
0.000654744
0.000630531
0.000605051
0.000578295
0.000550259
0.000520948
0.000490373
0.000458557
0.00042553
0.000391333
0.00035602
0.000319654
0.000282311
0.000244079
0.000205058
0.00016536
0.000125109
8.44417e-05
4.35003e-05
2.41875e-06
-3.84989e-05
-7.87873e-05
0.000838643
0.000827213
0.000814949
0.000801813
0.000787767
0.000772775
0.000756803
0.000739816
0.000721781
0.000702668
0.00068245
0.000661103
0.000638604
0.000614939
0.000590096
0.000564068
0.000536858
0.000508471
0.000478925
0.000448242
0.000416455
0.000383605
0.000349746
0.000314938
0.000279256
0.000242782
0.000205611
0.000167848
0.000129609
9.10184e-05
5.22093e-05
1.33045e-05
-2.54218e-05
-6.35517e-05
0.0008218
0.000810264
0.000797926
0.000784752
0.000770708
0.000755763
0.000739885
0.000723044
0.000705212
0.000686363
0.000666475
0.000645526
0.0006235
0.000600386
0.000576176
0.000550868
0.000524467
0.000496981
0.00046843
0.000438838
0.000408238
0.000376674
0.000344195
0.000310863
0.000276746
0.000241925
0.000206488
0.000170534
0.00013417
9.75122e-05
6.06825e-05
2.37947e-05
-1.29046e-05
-4.90417e-05
0.000805667
0.000794055
0.000781672
0.000768489
0.000754475
0.000739603
0.000723844
0.000707172
0.000689563
0.000670996
0.00065145
0.00063091
0.000609364
0.000586801
0.000563219
0.000538619
0.000513007
0.000486397
0.000458807
0.000430264
0.000400801
0.000370462
0.000339294
0.000307358
0.000274718
0.000241451
0.000207641
0.000173379
0.000138764
0.000103906
6.89158e-05
3.38994e-05
-9.22378e-07
-3.52168e-05
0.000790219
0.000778557
0.000766156
0.00075299
0.000739031
0.000724254
0.000708636
0.000692153
0.000674784
0.000656512
0.00063732
0.000617196
0.00059613
0.000574117
0.000551155
0.000527249
0.000502408
0.000476645
0.000449983
0.000422447
0.000394072
0.000364899
0.000334977
0.000304361
0.000273115
0.000241311
0.000209026
0.000176347
0.000143367
0.000110186
7.69077e-05
4.36294e-05
1.0549e-05
-2.2039e-05
0.000775429
0.000763742
0.000751347
0.00073822
0.000724338
0.000709677
0.000694218
0.00067794
0.000660825
0.000642859
0.000624028
0.000604324
0.000583739
0.00056227
0.00053992
0.000516693
0.000492601
0.00046766
0.000441891
0.000415321
0.000387986
0.000359925
0.000331184
0.000301818
0.000271887
0.000241458
0.000210606
0.000179411
0.000147959
0.000116343
8.4658e-05
5.29961e-05
2.1533e-05
-9.47228e-06
0.000761273
0.000749583
0.000737215
0.000724148
0.000710361
0.000695834
0.000680549
0.000664489
0.000647639
0.000629988
0.000611524
0.000592241
0.000572134
0.000551204
0.000529453
0.000506889
0.000483525
0.000459378
0.000434469
0.000408826
0.000382484
0.00035548
0.000327861
0.000299678
0.000270989
0.000241856
0.000212349
0.000182544
0.000152522
0.000122367
9.21682e-05
6.20114e-05
3.2052e-05
2.51671e-06
0.000747726
0.000736052
0.00072373
0.00071074
0.000697065
0.000682686
0.000667589
0.000651759
0.000635183
0.000617852
0.000599758
0.000580896
0.000561264
0.000540864
0.0005197
0.000497783
0.000475124
0.000451743
0.000427661
0.000402906
0.000377512
0.000351516
0.000324962
0.000297898
0.000270381
0.000242468
0.000214227
0.000185726
0.000157041
0.000128252
9.9441e-05
7.06868e-05
4.21275e-05
1.39596e-05
0.000734763
0.000723123
0.000710863
0.000697966
0.000684417
0.0006702
0.000655301
0.00063971
0.000623415
0.000606408
0.000588685
0.000570242
0.000551079
0.0005312
0.00051061
0.000489321
0.000467345
0.000444703
0.000421416
0.000397512
0.000373022
0.000347985
0.000322442
0.000296439
0.000270028
0.000243266
0.000216214
0.000188937
0.000161507
0.000133995
0.00010648
7.90343e-05
5.17799e-05
2.48862e-05
0.00072236
0.000710769
0.000698586
0.000685796
0.000672385
0.00065834
0.00064365
0.000628303
0.000612294
0.000595614
0.000578261
0.000560234
0.000541534
0.000522165
0.000502135
0.000481455
0.000460141
0.000438211
0.000415687
0.000392597
0.000368971
0.000344847
0.000320262
0.000295263
0.000269899
0.000244221
0.000218289
0.000192163
0.000165908
0.000139593
0.000113289
8.7065e-05
6.10271e-05
3.53201e-05
0.000710494
0.000698966
0.000686873
0.000674202
0.000660939
0.000647075
0.0006326
0.000617504
0.000601783
0.000585431
0.000568447
0.000550831
0.000532585
0.000513715
0.000494231
0.000474143
0.000453467
0.000432222
0.000410431
0.00038812
0.000365319
0.000342063
0.000318389
0.000294342
0.000269966
0.000245312
0.000220433
0.000195388
0.000170237
0.000145043
0.000119873
9.47908e-05
6.98871e-05
4.528e-05
0.000699142
0.00068769
0.000675698
0.000663155
0.00065005
0.000636374
0.000622119
0.000607278
0.000591847
0.000575823
0.000559204
0.000541993
0.000524193
0.000505811
0.000486857
0.000467342
0.000447283
0.000426698
0.00040561
0.000384044
0.000362029
0.0003396
0.000316792
0.000293645
0.000270204
0.000246516
0.000222631
0.000198603
0.000174489
0.000150347
0.000126239
0.000102225
7.83836e-05
5.48137e-05
0.000688282
0.000676916
0.000665035
0.000652629
0.000639689
0.000626207
0.000612177
0.000597593
0.000582453
0.000566754
0.000550497
0.000533684
0.000516321
0.000498415
0.000479976
0.000461016
0.000441551
0.000421601
0.000401186
0.000380333
0.000359069
0.000337427
0.00031544
0.000293148
0.000270592
0.000247816
0.000224868
0.000201798
0.000178658
0.000155504
0.000132391
0.000109378
8.65298e-05
6.39306e-05
0.000678106
0.000666833
0.000655068
0.000642804
0.000630031
0.000616744
0.000602937
0.000588607
0.00057375
0.000558367
0.00054246
0.000526031
0.000509086
0.000491633
0.000473683
0.000455248
0.000436345
0.000416992
0.000397211
0.000377025
0.000356462
0.000335554
0.000314332
0.000292834
0.000271098
0.000249166
0.000227084
0.000204898
0.000182656
0.000160411
0.000138214
0.000116119
9.41801e-05
7.2458e-05
0.000668462
0.000657289
0.000645647
0.000633528
0.000620925
0.000607834
0.00059425
0.00058017
0.000565593
0.000550519
0.000534952
0.000518895
0.000502354
0.000485338
0.000467857
0.000449925
0.000431558
0.000412774
0.000393593
0.00037404
0.000354141
0.000333924
0.000313423
0.00029267
0.000271704
0.000250564
0.000229292
0.000207932
0.000186529
0.000165132
0.000143789
0.00012255
0.000101465
8.05859e-05
0.000659043
0.000647978
0.000636467
0.000624501
0.000612075
0.000599186
0.000585829
0.000572004
0.00055771
0.000542949
0.000527722
0.000512037
0.000495898
0.000479315
0.000462298
0.000444862
0.000427022
0.000408795
0.000390203
0.000371267
0.000352014
0.000332471
0.000312668
0.000292639
0.000272418
0.000252043
0.000231552
0.000210988
0.000190393
0.000169812
0.00014929
0.000128873
0.00010861
8.85468e-05
0.00064985
0.000638902
0.000627528
0.000615723
0.000603481
0.000590799
0.000577675
0.000564109
0.000550101
0.000535652
0.000520767
0.000505451
0.000489712
0.000473558
0.000457
0.000440052
0.000422729
0.000405049
0.000387031
0.000368698
0.000350073
0.000331185
0.00031206
0.000292731
0.000273231
0.000253594
0.000233858
0.00021406
0.000194243
0.000174446
0.000154713
0.000135086
0.00011561
9.633e-05
0.000640886
0.000630062
0.000618833
0.000607194
0.000595141
0.000582672
0.000569785
0.000556481
0.00054276
0.000528625
0.000514082
0.000499134
0.000483791
0.000468061
0.000451955
0.000435487
0.000418671
0.000401526
0.000384069
0.000366323
0.000348311
0.000330057
0.00031159
0.000292939
0.000274135
0.000255211
0.000236201
0.000217143
0.000198073
0.00017903
0.000160054
0.000141185
0.000122465
0.000103934
0.000632151
0.000621459
0.000610381
0.000598915
0.000587056
0.000574803
0.000562157
0.000549117
0.000535685
0.000521864
0.00050766
0.000493079
0.000478128
0.000462816
0.000447156
0.000431159
0.000414841
0.000398219
0.00038131
0.000364135
0.000346718
0.000329081
0.00031125
0.000293255
0.000275123
0.000256887
0.000238578
0.00022023
0.000201879
0.00018356
0.000165311
0.00014717
0.000129173
0.00011136
0.000633838
0.000623646
0.000613092
0.000602172
0.000590883
0.000579223
0.000567191
0.000554787
0.000542013
0.000528871
0.000515364
0.000501498
0.00048728
0.000472717
0.000457818
0.000442595
0.000427061
0.00041123
0.000395118
0.000378744
0.000362125
0.000345285
0.000328246
0.000311033
0.000293671
0.000276188
0.000258615
0.00024098
0.000223317
0.000205657
0.000188034
0.000170482
0.000153037
0.000135734
0.000118608
0.000625439
0.000615373
0.000604962
0.000594205
0.000583099
0.000571641
0.000559832
0.000547674
0.000535167
0.000522314
0.00050912
0.00049559
0.000481731
0.000467551
0.000453059
0.000438266
0.000423185
0.000407831
0.000392217
0.000376363
0.000360285
0.000344006
0.000327546
0.000310929
0.000294179
0.000277324
0.000260389
0.000243404
0.000226398
0.000209401
0.000192446
0.000175563
0.000158786
0.000142147
0.000125679
0.000617266
0.000607331
0.00059707
0.00058648
0.000575559
0.000564307
0.000552725
0.000540812
0.000528573
0.000516009
0.000503127
0.00048993
0.000476426
0.000462623
0.000448531
0.000434161
0.000419524
0.000404634
0.000389507
0.000374158
0.000358607
0.000342871
0.000326972
0.000310932
0.000294774
0.000278522
0.000262203
0.000245842
0.000229468
0.000213109
0.000196794
0.000180553
0.000164416
0.000148413
0.000132575
0.000609319
0.000599521
0.000589413
0.000578994
0.000568263
0.000557219
0.000545864
0.0005342
0.000522228
0.000509952
0.000497378
0.000484511
0.000471359
0.000457928
0.000444229
0.000430272
0.000416069
0.000401633
0.00038698
0.000372123
0.000357082
0.000341873
0.000326517
0.000311034
0.000295446
0.000279777
0.00026405
0.000248291
0.000232524
0.000216777
0.000201076
0.00018545
0.000169926
0.000154531
0.000139296
0.000601598
0.000591941
0.000581991
0.000571747
0.000561208
0.000550374
0.000539248
0.000527831
0.000516126
0.000504138
0.00049187
0.000479329
0.000466522
0.000453457
0.000440144
0.000426592
0.000412813
0.00039882
0.000384627
0.000370249
0.000355702
0.000341004
0.000326172
0.000311228
0.000296191
0.000281083
0.000265926
0.000250744
0.00023556
0.0002204
0.000205289
0.000190252
0.000175314
0.000160503
0.000145843
0.000594102
0.00058459
0.000574802
0.000564735
0.000554391
0.000543769
0.000532873
0.000521703
0.000510264
0.00049856
0.000486595
0.000474376
0.00046191
0.000449205
0.000436269
0.000423113
0.000409748
0.000396186
0.000382441
0.000368527
0.00035446
0.000340256
0.000325932
0.000311507
0.000297
0.000282432
0.000267824
0.000253197
0.000238573
0.000223977
0.00020943
0.000194957
0.000180581
0.000166328
0.00015222
0.00058683
0.000577468
0.000567844
0.000557957
0.000547809
0.0005374
0.000526734
0.000515811
0.000504636
0.000493214
0.000481549
0.000469647
0.000457516
0.000445163
0.000432597
0.000419828
0.000406866
0.000393724
0.000380415
0.000366951
0.000353348
0.000339622
0.000325788
0.000311864
0.000297869
0.000283821
0.000269739
0.000255645
0.000241559
0.000227503
0.000213497
0.000199564
0.000185727
0.000172006
0.000158426
0.000579782
0.000570572
0.000561114
0.00055141
0.000541459
0.000531264
0.000520827
0.00051015
0.000499237
0.000488094
0.000476724
0.000465135
0.000453332
0.000441325
0.00042912
0.000416729
0.000404161
0.000391427
0.00037854
0.000365513
0.000352359
0.000339095
0.000325734
0.000312293
0.00029879
0.000285242
0.000271667
0.000258085
0.000244514
0.000230975
0.000217488
0.000204072
0.00019075
0.00017754
0.000164464
0.000572956
0.0005639
0.000554612
0.00054509
0.000535338
0.000525356
0.000515147
0.000504715
0.000494062
0.000483194
0.000472116
0.000460833
0.000449353
0.000437683
0.000425832
0.000413809
0.000401623
0.000389286
0.000376809
0.000364205
0.000351486
0.000338667
0.000325762
0.000312787
0.000299758
0.00028669
0.000273602
0.000260511
0.000247435
0.000234392
0.000221401
0.000208481
0.00019565
0.000182928
0.000170334
0.000566349
0.000557451
0.000548332
0.000538996
0.000529442
0.000519672
0.000509691
0.0004995
0.000489105
0.000478508
0.000467716
0.000456735
0.000445571
0.000434232
0.000422725
0.000411061
0.000399247
0.000387295
0.000375215
0.00036302
0.000350721
0.000338333
0.000325868
0.000313341
0.000300767
0.000288161
0.000275541
0.000262921
0.000250318
0.00023775
0.000225234
0.000212788
0.000200428
0.000188173
0.00017604
0.000559961
0.000551221
0.000542274
0.000533122
0.000523766
0.000514209
0.000504453
0.000494502
0.00048436
0.000474031
0.00046352
0.000452835
0.00044198
0.000430963
0.000419793
0.000408477
0.000397024
0.000385445
0.00037375
0.000361951
0.000350058
0.000338084
0.000326043
0.000313948
0.000301812
0.00028965
0.000277478
0.000265309
0.000253161
0.000241048
0.000228987
0.000216993
0.000205084
0.000193275
0.000181583
0.000553788
0.000545208
0.000536433
0.000527466
0.000518307
0.00050896
0.000499428
0.000489714
0.000479821
0.000469756
0.000459522
0.000449125
0.000438572
0.00042787
0.000417027
0.00040605
0.000394948
0.000383731
0.000372408
0.000360991
0.00034949
0.000337916
0.000326283
0.000314602
0.000302888
0.000291152
0.000279409
0.000267674
0.00025596
0.000244283
0.000232657
0.000221097
0.000209618
0.000198235
0.000186964
0.000547829
0.000539409
0.000530806
0.000522023
0.000513061
0.000503923
0.000494611
0.000485131
0.000475484
0.000465677
0.000455713
0.000445599
0.000435342
0.000424946
0.000414421
0.000403773
0.000393011
0.000382144
0.000371182
0.000360133
0.00034901
0.000337822
0.000326581
0.0003153
0.000303989
0.000292662
0.000281332
0.000270011
0.000258714
0.000247453
0.000236243
0.000225098
0.00021403
0.000203055
0.000192185
0.00054208
0.00053382
0.00052539
0.00051679
0.000508022
0.000499091
0.000489998
0.000480747
0.000471342
0.000461788
0.000452089
0.000442252
0.000432281
0.000422184
0.000411968
0.000401639
0.000391207
0.000380679
0.000370064
0.000359372
0.000348612
0.000337796
0.000326933
0.000316034
0.000305111
0.000294176
0.000283241
0.000272318
0.000261419
0.000250557
0.000239745
0.000228995
0.000218321
0.000207734
0.000197249
0.000536538
0.000528439
0.000520179
0.000511761
0.000503187
0.00049446
0.000485582
0.000476557
0.000467389
0.000458083
0.000448643
0.000439075
0.000429385
0.000419578
0.000409661
0.000399643
0.000389529
0.000379328
0.000369049
0.0003587
0.000348291
0.000337832
0.000327331
0.000316801
0.00030625
0.000295691
0.000285134
0.000274591
0.000264074
0.000253593
0.000243161
0.000232789
0.00022249
0.000212275
0.000202156
0.0005312
0.000523261
0.000515172
0.000506934
0.000498551
0.000490025
0.000481358
0.000472555
0.00046362
0.000454556
0.000445369
0.000436063
0.000426645
0.00041712
0.000407495
0.000397775
0.00038797
0.000378086
0.00036813
0.000358112
0.000348041
0.000337925
0.000327773
0.000317595
0.000307402
0.000297203
0.000287008
0.000276829
0.000266676
0.000256559
0.00024649
0.00023648
0.000226539
0.000216679
0.00020691
0.000526062
0.000518283
0.000510362
0.000502304
0.000494108
0.00048578
0.000477321
0.000468736
0.000460028
0.000451201
0.00044226
0.00043321
0.000424056
0.000414805
0.000405461
0.000396032
0.000386524
0.000376945
0.000367302
0.000357602
0.000347855
0.000338069
0.000328251
0.000318413
0.000308561
0.000298707
0.000288859
0.000279028
0.000269223
0.000259454
0.000249732
0.000240067
0.000230468
0.000220946
0.000211511
0.000521122
0.0005135
0.000505747
0.000497865
0.000489855
0.000481721
0.000473467
0.000465094
0.000456608
0.000448012
0.000439311
0.000430509
0.000421612
0.000412625
0.000403554
0.000394405
0.000385185
0.0003759
0.000366558
0.000357165
0.000347729
0.000338259
0.000328763
0.000319249
0.000309725
0.000300201
0.000290685
0.000281186
0.000271714
0.000262278
0.000252887
0.000243551
0.000234278
0.000225079
0.000215962
0.000516376
0.00050891
0.000501322
0.000493613
0.000485786
0.000477843
0.000469788
0.000461624
0.000453354
0.000444983
0.000436515
0.000427954
0.000419306
0.000410576
0.000401768
0.00039289
0.000383947
0.000374945
0.000365892
0.000356794
0.000347658
0.000338492
0.000329303
0.0003201
0.00031089
0.000301681
0.000292482
0.000283301
0.000274147
0.000265028
0.000255953
0.000246931
0.000237969
0.000229078
0.000220265
0.000511819
0.000504508
0.000497083
0.000489544
0.000481896
0.00047414
0.00046628
0.000458319
0.00045026
0.000442108
0.000433866
0.000425539
0.000417132
0.00040865
0.000400097
0.00039148
0.000382804
0.000374075
0.0003653
0.000356485
0.000347636
0.000338761
0.000329867
0.000320961
0.000312051
0.000303144
0.000294248
0.000285371
0.00027652
0.000267704
0.00025893
0.000250207
0.000241543
0.000232945
0.000224421
0.000507448
0.00050029
0.000493024
0.000485654
0.000478181
0.000470608
0.000462938
0.000455175
0.000447321
0.000439381
0.000431359
0.000423259
0.000415085
0.000406842
0.000398535
0.000390169
0.00038175
0.000373284
0.000364776
0.000356232
0.000347659
0.000339063
0.000330451
0.00032183
0.000313207
0.000304588
0.000295981
0.000287393
0.000278832
0.000270305
0.000261818
0.000253381
0.000244999
0.000236681
0.000228433
0.00050326
0.000496252
0.000489143
0.000481937
0.000474635
0.000467241
0.000459756
0.000452186
0.000444532
0.000436798
0.000428988
0.000421107
0.000413158
0.000405146
0.000397076
0.000388952
0.000380781
0.000372566
0.000364314
0.000356031
0.000347722
0.000339394
0.000331052
0.000322703
0.000314353
0.00030601
0.000297679
0.000289367
0.000281082
0.00027283
0.000264617
0.000256451
0.000248339
0.000240287
0.000232301
0.00049925
0.000492389
0.000485434
0.000478388
0.000471254
0.000464034
0.00045673
0.000449346
0.000441886
0.000434351
0.000426748
0.000419078
0.000411346
0.000403557
0.000395715
0.000387824
0.00037989
0.000371917
0.000363911
0.000355878
0.000347821
0.000339748
0.000331664
0.000323575
0.000315487
0.000307407
0.000299339
0.000291291
0.000283268
0.000275278
0.000267326
0.000259419
0.000251563
0.000243764
0.000236029
0.000495415
0.000488698
0.000481894
0.000475005
0.000468033
0.000460982
0.000453854
0.000446652
0.000439378
0.000432037
0.000424632
0.000417166
0.000409644
0.000402069
0.000394446
0.000386779
0.000379073
0.000371332
0.000363562
0.000355767
0.000347952
0.000340124
0.000332286
0.000324445
0.000316607
0.000308776
0.000300959
0.000293162
0.00028539
0.00027765
0.000269946
0.000262285
0.000254673
0.000247115
0.000239617
0.000491751
0.000485174
0.000478517
0.000471781
0.000464968
0.000458081
0.000451123
0.000444097
0.000437004
0.00042985
0.000422636
0.000415367
0.000408047
0.000400678
0.000393265
0.000385813
0.000378325
0.000370807
0.000363262
0.000355695
0.000348111
0.000340516
0.000332913
0.000325309
0.000317708
0.000310116
0.000302539
0.00029498
0.000287446
0.000279943
0.000272475
0.000265048
0.000257668
0.000250339
0.000243067
0.000488253
0.000481815
0.0004753
0.000468713
0.000462054
0.000455327
0.000448533
0.000441676
0.000434759
0.000427784
0.000420755
0.000413676
0.000406549
0.000399378
0.000392167
0.000384921
0.000377642
0.000370336
0.000363006
0.000355657
0.000348294
0.000340921
0.000333543
0.000326164
0.00031879
0.000311425
0.000304074
0.000296743
0.000289436
0.000282158
0.000274914
0.00026771
0.00026055
0.000253439
0.000246382
0.00048492
0.000478615
0.000472239
0.000465796
0.000459286
0.000452713
0.000446079
0.000439386
0.000432637
0.000425836
0.000418984
0.000412086
0.000405145
0.000398164
0.000391147
0.000384097
0.000377019
0.000369916
0.000362792
0.000355651
0.000348498
0.000341337
0.000334172
0.000327008
0.000319849
0.0003127
0.000305565
0.00029845
0.000291358
0.000284294
0.000277263
0.00027027
0.000263319
0.000256414
0.000249561
0.000481746
0.000475571
0.00046933
0.000463026
0.000456661
0.000450237
0.000443756
0.000437221
0.000430634
0.000423999
0.000417319
0.000410595
0.000403832
0.000397033
0.000390201
0.000383339
0.000376451
0.000369542
0.000362614
0.000355672
0.000348719
0.000341759
0.000334798
0.000327837
0.000320883
0.000313939
0.00030701
0.000300099
0.000293211
0.000286351
0.000279522
0.000272729
0.000265976
0.000259267
0.000252607
0.000478728
0.000472679
0.000466569
0.0004604
0.000454174
0.000447893
0.00044156
0.000435177
0.000428747
0.000422271
0.000415754
0.000409197
0.000402605
0.000395979
0.000389323
0.000382641
0.000375936
0.000369211
0.00036247
0.000355716
0.000348954
0.000342186
0.000335417
0.000328651
0.000321891
0.000315141
0.000308406
0.00030169
0.000294995
0.000288327
0.00028169
0.000275086
0.000268521
0.000261998
0.000255521
0.000475863
0.000469936
0.000463952
0.000457913
0.000451821
0.000445679
0.000439488
0.00043325
0.000426969
0.000420647
0.000414286
0.000407889
0.000401459
0.000394999
0.000388512
0.000382001
0.000375469
0.000368919
0.000362356
0.000355781
0.000349199
0.000342614
0.000336028
0.000329445
0.000322869
0.000316304
0.000309753
0.000303221
0.000296709
0.000290224
0.000283767
0.000277343
0.000270956
0.000264608
0.000258304
0.000473149
0.000467339
0.000461476
0.000455562
0.000449599
0.000443589
0.000437534
0.000431436
0.000425298
0.000419122
0.00041291
0.000406665
0.000400391
0.000394088
0.000387762
0.000381413
0.000375046
0.000368664
0.000362268
0.000355864
0.000349453
0.00034304
0.000336627
0.000330219
0.000323817
0.000317426
0.00031105
0.000304691
0.000298353
0.000292039
0.000285753
0.000279499
0.00027328
0.000267098
0.000260958
0.000470581
0.000464884
0.000459138
0.000453344
0.000447504
0.000441621
0.000435696
0.000429732
0.00042373
0.000417693
0.000411623
0.000405524
0.000399396
0.000393244
0.00038707
0.000380876
0.000374665
0.00036844
0.000362205
0.000355961
0.000349713
0.000343463
0.000337214
0.000330969
0.000324732
0.000318506
0.000312294
0.000306099
0.000299924
0.000293773
0.000287649
0.000281554
0.000275493
0.000269468
0.000263482
0.000468157
0.000462569
0.000456934
0.000451255
0.000445533
0.000439771
0.00043397
0.000428133
0.000422261
0.000416356
0.000410422
0.00040446
0.000398473
0.000392463
0.000386432
0.000380384
0.000374321
0.000368246
0.000362161
0.00035607
0.000349975
0.000343878
0.000337784
0.000331695
0.000325613
0.000319542
0.000313485
0.000307444
0.000301423
0.000295425
0.000289453
0.000283509
0.000277596
0.000271719
0.000265878
0.000465876
0.00046039
0.000454862
0.000449293
0.000443683
0.000438036
0.000432353
0.000426636
0.000420887
0.000415109
0.000409302
0.000403471
0.000397616
0.00039174
0.000385846
0.000379936
0.000374013
0.000368079
0.000362136
0.000356188
0.000350237
0.000344286
0.000338337
0.000332393
0.000326457
0.000320532
0.00031462
0.000308725
0.000302849
0.000296994
0.000291165
0.000285362
0.00027959
0.00027385
0.000268146
0.000463733
0.000458347
0.00045292
0.000447454
0.000441951
0.000436414
0.000430842
0.00042524
0.000419607
0.000413947
0.000408262
0.000402553
0.000396823
0.000391074
0.000385309
0.000379529
0.000373737
0.000367935
0.000362126
0.000356313
0.000350497
0.000344682
0.000338869
0.000333062
0.000327263
0.000321475
0.0003157
0.000309941
0.0003042
0.00029848
0.000292784
0.000287114
0.000281473
0.000275863
0.000270287
0.000461729
0.000456436
0.000451104
0.000445737
0.000440335
0.000434901
0.000429435
0.00042394
0.000418417
0.000412869
0.000407298
0.000401705
0.000396092
0.000390462
0.000384817
0.000379159
0.00037349
0.000367813
0.000362129
0.000356442
0.000350753
0.000345065
0.00033938
0.000333701
0.00032803
0.00032237
0.000316722
0.00031109
0.000305476
0.000299882
0.000294311
0.000288764
0.000283246
0.000277757
0.0002723
0.000459861
0.000454655
0.000449414
0.00044414
0.000438833
0.000433495
0.000428128
0.000422734
0.000417315
0.000411872
0.000406407
0.000400922
0.00039542
0.000389901
0.000384369
0.000378825
0.000373271
0.00036771
0.000362143
0.000356573
0.000351002
0.000345433
0.000339867
0.000334307
0.000328755
0.000323214
0.000317685
0.000312172
0.000306675
0.000301198
0.000295743
0.000290312
0.000284907
0.000279531
0.000274185
0.000458127
0.000453004
0.000447848
0.00044266
0.000437442
0.000432195
0.000426921
0.000421622
0.000416299
0.000410953
0.000405588
0.000400204
0.000394804
0.000389389
0.000383961
0.000378523
0.000373076
0.000367623
0.000362165
0.000356704
0.000351243
0.000345784
0.000340329
0.000334879
0.000329438
0.000324007
0.000318588
0.000313184
0.000307797
0.000302428
0.000297081
0.000291756
0.000286457
0.000281185
0.000275942
0.000456527
0.000451482
0.000446405
0.000441298
0.000436162
0.000431
0.000425812
0.0004206
0.000415366
0.000410112
0.000404838
0.000399548
0.000394243
0.000388924
0.000383593
0.000378253
0.000372905
0.000367551
0.000362193
0.000356834
0.000351474
0.000346116
0.000340763
0.000335415
0.000330076
0.000324746
0.000319429
0.000314126
0.000308839
0.000303571
0.000298322
0.000293096
0.000287894
0.000282718
0.00027757
0.000455062
0.000450087
0.000445083
0.000440051
0.000434992
0.000429907
0.000424798
0.000419668
0.000414516
0.000409345
0.000404157
0.000398952
0.000393734
0.000388503
0.000383262
0.000378012
0.000372754
0.000367492
0.000362226
0.000356959
0.000351692
0.000346428
0.000341167
0.000335913
0.000330667
0.000325431
0.000320206
0.000314996
0.000309801
0.000304624
0.000299466
0.00029433
0.000289217
0.000284129
0.000279068
0.00045373
0.000448821
0.000443884
0.00043892
0.00043393
0.000428917
0.000423881
0.000418824
0.000413747
0.000408653
0.000403542
0.000398416
0.000393277
0.000388126
0.000382966
0.000377798
0.000372623
0.000367444
0.000362262
0.000357079
0.000351896
0.000346716
0.000341541
0.000336371
0.00033121
0.000326058
0.000320918
0.000315792
0.000310681
0.000305586
0.000300511
0.000295456
0.000290424
0.000285416
0.000280434
0.000452533
0.000447683
0.000442806
0.000437904
0.000432978
0.000428029
0.000423058
0.000418068
0.000413059
0.000408034
0.000402992
0.000397937
0.00039287
0.000387792
0.000382705
0.00037761
0.00037251
0.000367405
0.000362299
0.000357191
0.000352084
0.000346981
0.000341881
0.000336788
0.000331703
0.000326627
0.000321563
0.000316512
0.000311476
0.000306456
0.000301455
0.000296473
0.000291513
0.000286577
0.000281665
0.000451471
0.000446675
0.000441852
0.000437005
0.000432135
0.000427243
0.000422331
0.0004174
0.000412452
0.000407487
0.000402508
0.000397516
0.000392512
0.000387499
0.000382477
0.000377447
0.000372413
0.000367375
0.000362335
0.000357294
0.000352255
0.000347219
0.000342187
0.000337161
0.000332143
0.000327135
0.000322138
0.000317154
0.000312184
0.00030723
0.000302294
0.000297378
0.000292482
0.000287609
0.00028276
0.000450548
0.000445798
0.000441022
0.000436224
0.000431403
0.000426561
0.0004217
0.000416821
0.000411926
0.000407015
0.00040209
0.000397152
0.000392204
0.000387246
0.000382281
0.000377309
0.000372332
0.000367351
0.000362369
0.000357387
0.000352406
0.000347429
0.000342456
0.000337489
0.000332529
0.00032758
0.000322641
0.000317715
0.000312803
0.000307906
0.000303027
0.000298167
0.000293328
0.00028851
0.000283715
0.000449766
0.000445055
0.00044032
0.000435562
0.000430783
0.000425985
0.000421167
0.000416332
0.000411481
0.000406615
0.000401736
0.000396846
0.000391944
0.000387034
0.000382117
0.000377193
0.000372265
0.000367333
0.000362401
0.000357468
0.000352537
0.000347609
0.000342685
0.000337768
0.000332859
0.000327958
0.000323069
0.000318192
0.000313329
0.000308481
0.000303651
0.000298838
0.000294046
0.000289275
0.000284527
0.000449128
0.000444449
0.000439747
0.000435023
0.000430279
0.000425515
0.000420733
0.000415934
0.000411119
0.000406291
0.000401449
0.000396597
0.000391734
0.000386863
0.000381984
0.0003771
0.000372211
0.00036732
0.000362428
0.000357535
0.000352645
0.000347757
0.000342874
0.000337998
0.000333129
0.000328269
0.00032342
0.000318583
0.00031376
0.000308951
0.00030416
0.000299386
0.000294633
0.0002899
0.000285189
0.00044864
0.000443986
0.000439309
0.000434611
0.000429893
0.000425156
0.000420401
0.00041563
0.000410843
0.000406043
0.00040123
0.000396407
0.000391574
0.000386732
0.000381883
0.000377029
0.000372171
0.000367311
0.000362449
0.000357588
0.000352728
0.000347871
0.00034302
0.000338174
0.000333336
0.000328507
0.000323689
0.000318883
0.00031409
0.000309312
0.000304551
0.000299807
0.000295083
0.000290379
0.000285697
0.000448307
0.00044367
0.00043901
0.00043433
0.00042963
0.000424911
0.000420174
0.000415422
0.000410655
0.000405874
0.000401081
0.000396278
0.000391465
0.000386643
0.000381815
0.000376982
0.000372145
0.000367305
0.000362464
0.000357624
0.000352785
0.00034795
0.00034312
0.000338295
0.000333478
0.000328671
0.000323873
0.000319088
0.000314316
0.000309559
0.000304818
0.000300095
0.00029539
0.000290707
0.000286044
0.000448136
0.000443508
0.000438857
0.000434186
0.000429495
0.000424785
0.000420059
0.000415316
0.000410559
0.000405788
0.000401005
0.000396212
0.000391409
0.000386598
0.00038178
0.000376958
0.000372131
0.000367302
0.000362472
0.000357643
0.000352815
0.000347991
0.000343171
0.000338357
0.000333551
0.000328754
0.000323968
0.000319193
0.000314432
0.000309686
0.000304955
0.000300242
0.000295548
0.000290875
0.000286223
5.14696e-05
3.12724e-05
1.14417e-05
-7.98896e-06
-2.6977e-05
-4.54744e-05
-6.34372e-05
6.04277e-05
4.10288e-05
2.19699e-05
3.29165e-06
-1.49658e-05
-3.27606e-05
-5.0053e-05
6.91813e-05
5.05433e-05
3.22253e-05
1.42668e-05
-3.29355e-06
-2.04176e-05
-3.70692e-05
7.77232e-05
5.9814e-05
4.22065e-05
2.4938e-05
8.04465e-06
-8.43822e-06
-2.44772e-05
8.60522e-05
6.88387e-05
5.19108e-05
3.53028e-05
1.90486e-05
3.18058e-06
-1.22703e-05
9.41708e-05
7.76221e-05
6.13442e-05
4.53685e-05
2.97264e-05
1.44479e-05
-4.38437e-07
0.000102081
8.61686e-05
7.05125e-05
5.5142e-05
4.00861e-05
2.53726e-05
1.10277e-05
0.000109787
9.44819e-05
7.94206e-05
6.46294e-05
5.01348e-05
3.59625e-05
2.21369e-05
0.000117288
0.000102566
8.80733e-05
7.38364e-05
5.98792e-05
4.62254e-05
3.28977e-05
0.00012459
0.000110423
9.64753e-05
8.27687e-05
6.93259e-05
5.61688e-05
4.33183e-05
0.000131692
0.000118058
0.000104631
9.1432e-05
7.84815e-05
6.58001e-05
5.34068e-05
0.000138599
0.000125474
0.000112545
9.98315e-05
8.73523e-05
7.51261e-05
6.31709e-05
0.000145313
0.000132675
0.000120222
0.000107973
9.59442e-05
8.4154e-05
7.26184e-05
0.000151836
0.000139663
0.000127666
0.000115861
0.000104263
9.28904e-05
8.17567e-05
0.000158171
0.000146443
0.000134881
0.0001235
0.000112316
0.000101342
9.0593e-05
0.00016432
0.000153018
0.000141872
0.000130897
0.000120107
0.000109515
9.91344e-05
0.000170287
0.00015939
0.000148642
0.000138055
0.000127642
0.000117416
0.000107388
0.000176072
0.000165564
0.000155196
0.00014498
0.000134928
0.000125051
0.00011536
0.000181681
0.000171543
0.000161538
0.000151676
0.000141969
0.000132426
0.000123058
0.000187113
0.00017733
0.000167672
0.000158148
0.00014877
0.000139547
0.000130488
0.000192373
0.000182928
0.000173601
0.000164401
0.000155337
0.000146419
0.000137655
0.000197463
0.000188341
0.000179329
0.000170438
0.000161675
0.000153049
0.000144567
0.000202386
0.000193571
0.000184861
0.000176264
0.000167788
0.000159441
0.000151229
0.000207143
0.000198622
0.0001902
0.000181884
0.000173682
0.000165601
0.000157647
0.000211738
0.000203497
0.000195349
0.000187302
0.000179361
0.000171534
0.000163826
0.000216172
0.000208198
0.000200312
0.00019252
0.000184829
0.000177244
0.000169772
0.000220449
0.000212729
0.000205093
0.000197545
0.000190091
0.000182738
0.00017549
0.00022457
0.000217093
0.000209694
0.000202378
0.000195151
0.000188019
0.000180985
0.000228538
0.000221291
0.000214118
0.000207024
0.000200013
0.000193091
0.000186261
0.000232355
0.000225327
0.00021837
0.000211486
0.000204681
0.000197959
0.000191324
0.000236022
0.000229204
0.000222451
0.000215768
0.000209158
0.000202627
0.000196177
0.000239543
0.000232923
0.000226364
0.000219871
0.000213448
0.000207098
0.000200825
0.000242919
0.000236487
0.000230113
0.000223801
0.000217554
0.000211377
0.000205271
0.000246151
0.000239897
0.000233699
0.000227558
0.000221479
0.000215466
0.00020952
0.000249241
0.000243156
0.000237124
0.000231146
0.000225227
0.000219368
0.000213573
0.000252191
0.000246266
0.000240391
0.000234567
0.000228799
0.000223087
0.000217436
0.000255001
0.000249228
0.000243502
0.000237824
0.000232197
0.000226625
0.000221109
0.000257674
0.000252044
0.000246457
0.000240917
0.000235425
0.000229984
0.000224597
0.00026021
0.000254714
0.000249259
0.000243848
0.000238483
0.000233167
0.0002279
0.00026261
0.00025724
0.000251909
0.00024662
0.000241374
0.000236174
0.000231021
0.000264873
0.000259622
0.000254408
0.000249232
0.000244098
0.000239008
0.000233962
0.000267001
0.00026186
0.000256755
0.000251686
0.000246657
0.000241668
0.000236722
0.000268994
0.000263956
0.000258951
0.000253982
0.00024905
0.000244157
0.000239304
0.00027085
0.000265907
0.000260997
0.000256119
0.000251278
0.000246473
0.000241706
0.000272569
0.000267714
0.00026289
0.000258098
0.000253339
0.000248616
0.000243929
0.000274151
0.000269376
0.000264631
0.000259917
0.000255234
0.000250585
0.000245972
0.000275592
0.000270891
0.000266218
0.000261574
0.000256961
0.00025238
0.000247832
0.000276892
0.000272256
0.000267648
0.000263067
0.000258516
0.000253996
0.000249508
0.000278048
0.00027347
0.000268918
0.000264394
0.000259898
0.000255432
0.000250997
0.000279055
0.000274528
0.000270026
0.000265551
0.000261103
0.000256684
0.000252295
0.000279911
0.000275426
0.000270967
0.000266532
0.000262125
0.000257746
0.000253396
0.000280609
0.00027616
0.000271734
0.000267334
0.00026296
0.000258614
0.000254295
0.000281145
0.000276722
0.000272323
0.000267949
0.0002636
0.000259278
0.000254985
0.000281511
0.000277107
0.000272725
0.000268369
0.000264037
0.000259732
0.000255455
0.000281699
0.000277304
0.000272932
0.000268584
0.000264261
0.000259965
0.000255697
-8.08261e-05
-9.76047e-05
-0.00011374
-0.000129202
-0.000143967
-0.000158016
-0.000171327
-6.68067e-05
-8.2988e-05
-9.85664e-05
-0.000113514
-0.000127808
-0.000141428
-0.000154357
-5.32145e-05
-6.88227e-05
-8.3865e-05
-9.83164e-05
-0.000112154
-0.000125359
-0.000137914
-4.0041e-05
-5.51007e-05
-6.96296e-05
-8.36036e-05
-9.70011e-05
-0.000109803
-0.000121993
-2.7275e-05
-4.18064e-05
-5.58397e-05
-6.93519e-05
-8.23227e-05
-9.47335e-05
-0.000106568
-1.49057e-05
-2.89287e-05
-4.2484e-05
-5.55502e-05
-6.8108e-05
-8.014e-05
-9.16306e-05
-2.92342e-06
-1.64574e-05
-2.95525e-05
-4.21886e-05
-5.43475e-05
-6.60128e-05
-7.71699e-05
8.68123e-06
-4.38286e-06
-1.7035e-05
-2.92566e-05
-4.10304e-05
-5.2341e-05
-6.31747e-05
1.99174e-05
7.30481e-06
-4.92131e-06
-1.67434e-05
-2.81456e-05
-3.91134e-05
-4.96339e-05
3.07941e-05
1.86151e-05
6.79863e-06
-4.63894e-06
-1.56827e-05
-2.63192e-05
-3.65364e-05
4.132e-05
2.95572e-05
1.81345e-05
7.06709e-06
-3.63119e-06
-1.39477e-05
-2.38712e-05
5.15036e-05
4.01403e-05
2.90959e-05
1.83846e-05
8.01935e-06
-1.98822e-06
-1.16275e-05
6.13532e-05
5.03731e-05
3.96922e-05
2.93235e-05
1.9279e-05
9.56962e-06
2.05225e-07
7.08768e-05
6.02644e-05
4.99325e-05
3.98932e-05
3.01576e-05
2.0736e-05
1.16374e-05
8.00823e-05
6.98226e-05
5.98258e-05
5.01031e-05
4.0665e-05
3.15209e-05
2.26793e-05
8.89774e-05
7.90558e-05
6.93807e-05
5.99624e-05
5.08105e-05
4.1934e-05
3.33407e-05
9.75697e-05
8.79723e-05
7.86058e-05
6.94799e-05
6.06035e-05
5.19848e-05
4.36314e-05
0.000105866
9.65797e-05
8.75093e-05
7.86643e-05
7.00529e-05
6.16828e-05
5.35609e-05
0.000113875
0.000104886
9.60993e-05
8.7524e-05
7.91675e-05
7.10368e-05
6.31384e-05
0.000121602
0.000112898
0.000104384
9.60674e-05
8.79558e-05
8.00556e-05
7.23728e-05
0.000129054
0.000120623
0.00011237
0.000104302
9.64262e-05
8.87479e-05
8.1273e-05
0.000136238
0.000128069
0.000120066
0.000112237
0.000104587
9.71219e-05
8.98474e-05
0.00014316
0.000135241
0.000127478
0.000119878
0.000112445
0.000105186
9.81043e-05
0.000149827
0.000142147
0.000134614
0.000127233
0.000120009
0.000112947
0.000106051
0.000156244
0.000148794
0.00014148
0.000134309
0.000127285
0.000120413
0.000113697
0.000162417
0.000155186
0.000148083
0.000141113
0.000134281
0.000127591
0.000121047
0.000168353
0.000161331
0.000154429
0.000147652
0.000141004
0.000134489
0.000128111
0.000174055
0.000167233
0.000160524
0.000153931
0.00014746
0.000141113
0.000134893
0.000179529
0.000172898
0.000166373
0.000159957
0.000153654
0.000147468
0.000141402
0.00018478
0.000178332
0.000171982
0.000165735
0.000159594
0.000153562
0.000147642
0.000189813
0.000183539
0.000177357
0.000171271
0.000165284
0.0001594
0.000153621
0.000194632
0.000188523
0.000182501
0.000176569
0.00017073
0.000164987
0.000159343
0.000199241
0.00019329
0.00018742
0.000181635
0.000175937
0.000170329
0.000164814
0.000203645
0.000197843
0.000192119
0.000186473
0.00018091
0.000175431
0.000170038
0.000207845
0.000202187
0.0001966
0.000191088
0.000185652
0.000180296
0.000175021
0.000211847
0.000206324
0.000200868
0.000195482
0.000190169
0.000184929
0.000179766
0.000215653
0.000210258
0.000204926
0.00019966
0.000194462
0.000189334
0.000184278
0.000219265
0.000213991
0.000208777
0.000203625
0.000198536
0.000193514
0.000188559
0.000222686
0.000217527
0.000212424
0.000207379
0.000202394
0.000197471
0.000192612
0.000225918
0.000220866
0.000215868
0.000210924
0.000206038
0.000201209
0.000196441
0.000228963
0.000224012
0.000219112
0.000214264
0.000209469
0.000204729
0.000200046
0.000231821
0.000226965
0.000222157
0.000217398
0.00021269
0.000208033
0.000203431
0.000234493
0.000229726
0.000225003
0.000220328
0.0002157
0.000211122
0.000206594
0.00023698
0.000232294
0.000227652
0.000223054
0.000218501
0.000213996
0.000209538
0.00023928
0.000234671
0.000230102
0.000225576
0.000221093
0.000216654
0.000212261
0.000241394
0.000236854
0.000232353
0.000227893
0.000223473
0.000219096
0.000214763
0.000243319
0.000238843
0.000234403
0.000230003
0.000225641
0.000221321
0.000217042
0.000245054
0.000240634
0.00023625
0.000231903
0.000227594
0.000223324
0.000219094
0.000246595
0.000242225
0.000237891
0.000233591
0.000229329
0.000225104
0.000220917
0.000247937
0.000243612
0.00023932
0.000235062
0.00023084
0.000226654
0.000222506
0.000249077
0.000244789
0.000240533
0.000236311
0.000232123
0.00022797
0.000223854
0.000250007
0.000245749
0.000241523
0.00023733
0.00023317
0.000229044
0.000224954
0.00025072
0.000246486
0.000242282
0.000238111
0.000233972
0.000229868
0.000225798
0.000251207
0.000246988
0.0002428
0.000238644
0.00023452
0.00023043
0.000226374
0.000251457
0.000247246
0.000243066
0.000238918
0.000234801
0.000230718
0.000226669
-0.000184196
-0.000196534
-0.000207978
-0.000218544
-0.000228231
-0.000237034
-0.000244955
-0.000252003
-0.000258191
-0.000263533
-0.00026805
-0.000271763
-0.000274697
-0.00027688
-0.000278343
-0.000279117
-0.000279234
-0.000278732
-0.000277644
-0.000276007
-0.000273859
-0.000271235
-0.000268173
-0.000166871
-0.000178891
-0.000190086
-0.00020045
-0.000209985
-0.000218688
-0.000226561
-0.000233612
-0.00023985
-0.00024529
-0.000249949
-0.000253846
-0.000257004
-0.000259448
-0.000261206
-0.000262306
-0.000262779
-0.000262656
-0.000261972
-0.000260758
-0.000259049
-0.00025688
-0.000254283
-0.000150089
-0.000161801
-0.000172742
-0.000182903
-0.000192284
-0.000200883
-0.000208701
-0.000215743
-0.000222019
-0.000227542
-0.000232325
-0.000236387
-0.000239749
-0.000242432
-0.000244462
-0.000245864
-0.000246667
-0.0002469
-0.000246593
-0.000245777
-0.000244482
-0.000242741
-0.000240584
-0.000133831
-0.000145242
-0.000155932
-0.000165892
-0.000175117
-0.000183607
-0.000191362
-0.000198387
-0.000204689
-0.00021028
-0.000215172
-0.000219382
-0.000222928
-0.000225829
-0.000228109
-0.000229791
-0.000230901
-0.000231465
-0.000231511
-0.000231067
-0.000230161
-0.000228823
-0.000227083
-0.00011808
-0.0001292
-0.000139644
-0.000149403
-0.000158472
-0.00016685
-0.000174536
-0.000181534
-0.000187852
-0.000193498
-0.000198484
-0.000202825
-0.000206536
-0.000209636
-0.000212146
-0.000214086
-0.000215479
-0.000216351
-0.000216726
-0.000216631
-0.00021609
-0.000215132
-0.000213784
-0.000102827
-0.000113664
-0.000123867
-0.000133426
-0.000142338
-0.000150599
-0.000158211
-0.000165175
-0.000171498
-0.000177187
-0.000182254
-0.000186709
-0.000190569
-0.00019385
-0.000196569
-0.000198746
-0.000200402
-0.00020156
-0.000202242
-0.000202472
-0.000202274
-0.000201672
-0.000200693
-8.80595e-05
-9.86205e-05
-0.000108586
-0.000117949
-0.000126703
-0.000134845
-0.000142377
-0.0001493
-0.000155619
-0.00016134
-0.000166474
-0.00017103
-0.000175022
-0.000178465
-0.000181375
-0.00018377
-0.000185669
-0.000187091
-0.000188059
-0.000188592
-0.000188714
-0.000188447
-0.000187815
-7.37662e-05
-8.40582e-05
-9.37918e-05
-0.000102959
-0.000111555
-0.000119577
-0.000127025
-0.000133899
-0.000140205
-0.000145949
-0.000151137
-0.00015578
-0.00015989
-0.000163479
-0.000166563
-0.000169157
-0.000171278
-0.000172945
-0.000174177
-0.000174994
-0.000175415
-0.000175461
-0.000175154
-5.99359e-05
-6.99655e-05
-7.94712e-05
-8.84457e-05
-9.68839e-05
-0.000104783
-0.000112143
-0.000118964
-0.000125249
-0.000131005
-0.000136237
-0.000140954
-0.000145167
-0.000148887
-0.000152128
-0.000154903
-0.000157229
-0.000159122
-0.000160599
-0.000161678
-0.000162378
-0.000162718
-0.000162716
-4.65571e-05
-5.63309e-05
-6.56135e-05
-7.43977e-05
-8.26788e-05
-9.04539e-05
-9.7722e-05
-0.000104484
-0.000110742
-0.0001165
-0.000121766
-0.000126545
-0.000130848
-0.000134684
-0.000138066
-0.000141007
-0.00014352
-0.00014562
-0.000147324
-0.000148647
-0.000149606
-0.000150219
-0.000150504
-3.36189e-05
-4.31435e-05
-5.22075e-05
-6.08042e-05
-6.89289e-05
-7.65787e-05
-8.37523e-05
-9.045e-05
-9.6674e-05
-0.000102428
-0.000107717
-0.000112547
-0.000116927
-0.000120867
-0.000124376
-0.000127466
-0.000130149
-0.00013244
-0.000134352
-0.000135901
-0.000137101
-0.000137969
-0.000138521
-2.11103e-05
-3.03921e-05
-3.92423e-05
-4.76542e-05
-5.56236e-05
-6.31473e-05
-7.02239e-05
-7.68535e-05
-8.30375e-05
-8.87791e-05
-9.40827e-05
-9.89541e-05
-0.0001034
-0.00010743
-0.000111051
-0.000114276
-0.000117115
-0.00011958
-0.000121684
-0.000123441
-0.000124865
-0.00012597
-0.00012677
-9.02051e-06
-1.8066e-05
-2.6707e-05
-3.49373e-05
-4.27526e-05
-5.01498e-05
-5.71273e-05
-6.3685e-05
-6.98239e-05
-7.55465e-05
-8.08566e-05
-8.57593e-05
-9.02607e-05
-9.43682e-05
-9.80901e-05
-0.000101436
-0.000104415
-0.000107039
-0.000109319
-0.000111268
-0.000112898
-0.000114223
-0.000115255
2.66089e-06
-6.15466e-06
-1.45913e-05
-2.26431e-05
-3.03057e-05
-3.75763e-05
-4.44531e-05
-5.09356e-05
-5.70245e-05
-6.2722e-05
-6.80312e-05
-7.29564e-05
-7.7503e-05
-8.16776e-05
-8.54875e-05
-8.89409e-05
-9.20469e-05
-9.48153e-05
-9.72566e-05
-9.93818e-05
-0.000101203
-0.000102731
-0.000103978
1.39442e-05
5.35228e-06
-2.88479e-06
-1.07613e-05
-1.82731e-05
-2.54172e-05
-3.21919e-05
-3.85964e-05
-4.46312e-05
-5.02979e-05
-5.55993e-05
-6.05389e-05
-6.51216e-05
-6.93529e-05
-7.32394e-05
-7.67885e-05
-8.00082e-05
-8.29074e-05
-8.54955e-05
-8.77823e-05
-8.97784e-05
-9.14945e-05
-9.29419e-05
2.48396e-05
1.64649e-05
8.42262e-06
7.18074e-07
-6.64475e-06
-1.36629e-05
-2.03345e-05
-2.66587e-05
-3.26356e-05
-3.82666e-05
-4.35538e-05
-4.85004e-05
-5.31105e-05
-5.7389e-05
-6.13417e-05
-6.49751e-05
-6.82964e-05
-7.13134e-05
-7.40347e-05
-7.64692e-05
-7.86263e-05
-8.05158e-05
-8.21478e-05
3.53568e-05
2.71932e-05
1.93408e-05
1.18047e-05
4.58881e-06
-2.30407e-06
-8.87194e-06
-1.51138e-05
-2.10297e-05
-2.66204e-05
-3.18878e-05
-3.68345e-05
-4.14641e-05
-4.57809e-05
-4.97899e-05
-5.34969e-05
-5.69084e-05
-6.00313e-05
-6.28732e-05
-6.54421e-05
-6.77466e-05
-6.97954e-05
-7.15978e-05
4.55056e-05
3.75468e-05
2.98794e-05
2.25083e-05
1.5437e-05
8.6685e-06
2.2047e-06
-3.95326e-06
-9.80515e-06
-1.53516e-05
-2.0594e-05
-2.55346e-05
-3.01765e-05
-3.45234e-05
-3.85796e-05
-4.23504e-05
-4.58413e-05
-4.90586e-05
-5.20092e-05
-5.47001e-05
-5.71391e-05
-5.93341e-05
-6.12934e-05
5.52951e-05
4.75352e-05
4.0048e-05
3.28381e-05
2.59091e-05
1.92638e-05
1.29041e-05
6.83134e-06
1.04584e-06
-4.45275e-06
-9.66555e-06
-1.45944e-05
-1.92419e-05
-2.36112e-05
-2.77063e-05
-3.15315e-05
-3.50919e-05
-3.83931e-05
-4.14411e-05
-4.42423e-05
-4.68037e-05
-4.91323e-05
-5.12356e-05
6.47347e-05
5.71675e-05
4.98556e-05
4.28033e-05
3.60141e-05
2.94906e-05
2.32349e-05
1.72482e-05
1.15311e-05
6.08351e-06
9.04476e-07
-4.00747e-06
-8.65449e-06
-1.30393e-05
-1.71654e-05
-2.10365e-05
-2.46571e-05
-2.80322e-05
-3.11672e-05
-3.40677e-05
-3.67399e-05
-3.91903e-05
-4.14256e-05
7.38331e-05
6.64527e-05
5.93112e-05
5.24128e-05
4.57607e-05
3.93575e-05
3.32053e-05
2.73054e-05
2.16585e-05
1.62645e-05
1.11229e-05
6.23251e-06
1.59152e-06
-2.80243e-06
-6.95224e-06
-1.08613e-05
-1.45336e-05
-1.79734e-05
-2.11854e-05
-2.41749e-05
-2.69472e-05
-2.95082e-05
-3.1864e-05
8.25989e-05
7.53995e-05
6.84236e-05
6.16752e-05
5.51575e-05
4.8873e-05
4.28236e-05
3.70108e-05
3.14353e-05
2.60973e-05
2.09964e-05
1.61318e-05
1.15018e-05
7.1046e-06
2.93761e-06
-1.00211e-06
-4.71798e-06
-8.2138e-06
-1.14938e-05
-1.45625e-05
-1.74249e-05
-2.00861e-05
-2.25516e-05
9.10406e-05
8.40163e-05
7.72012e-05
7.0599e-05
6.42129e-05
5.80451e-05
5.20977e-05
4.63721e-05
4.0869e-05
3.5589e-05
3.05317e-05
2.56964e-05
2.10821e-05
1.66869e-05
1.25088e-05
8.54516e-06
4.79309e-06
1.24921e-06
-2.0902e-06
-5.22919e-06
-8.17213e-06
-1.09236e-05
-1.34886e-05
9.91662e-05
9.23113e-05
8.56522e-05
7.91924e-05
7.29348e-05
6.68818e-05
6.10353e-05
5.53967e-05
4.99669e-05
4.47464e-05
3.97351e-05
3.49325e-05
3.03378e-05
2.59495e-05
2.17657e-05
1.77844e-05
1.4003e-05
1.04185e-05
7.02755e-06
3.8267e-06
8.12032e-07
-2.02058e-06
-4.6755e-06
0.000106984
0.000100292
9.37845e-05
8.74632e-05
8.13312e-05
7.53908e-05
6.96439e-05
6.40919e-05
5.87358e-05
5.35761e-05
4.86129e-05
4.38459e-05
3.92744e-05
3.48973e-05
3.0713e-05
2.67197e-05
2.29151e-05
1.92967e-05
1.58617e-05
1.26068e-05
9.5286e-06
6.6235e-06
3.8876e-06
0.0001145
0.000107967
0.000101606
9.5419e-05
8.94095e-05
8.35794e-05
7.79307e-05
7.24647e-05
6.71824e-05
6.20845e-05
5.71712e-05
5.24422e-05
4.78972e-05
4.35352e-05
3.93548e-05
3.53546e-05
3.15327e-05
2.78868e-05
2.44143e-05
2.11126e-05
1.79786e-05
1.50091e-05
1.22006e-05
0.000121723
0.000115343
0.000109123
0.000103067
9.71768e-05
9.14548e-05
8.59027e-05
8.05218e-05
7.53134e-05
7.02779e-05
6.54159e-05
6.07271e-05
5.62113e-05
5.18678e-05
4.76956e-05
4.36932e-05
3.98591e-05
3.61913e-05
3.26878e-05
2.9346e-05
2.61633e-05
2.31369e-05
2.02636e-05
0.000128659
0.000122426
0.000116344
0.000110414
0.00010464
9.90238e-05
9.35665e-05
8.82699e-05
8.31349e-05
7.81624e-05
7.33527e-05
6.87059e-05
6.42218e-05
5.98999e-05
5.57393e-05
5.17389e-05
4.78974e-05
4.42131e-05
4.06842e-05
3.73085e-05
3.40837e-05
3.10073e-05
2.80765e-05
0.000135316
0.000129225
0.000123275
0.000117468
0.000111807
0.000106293
0.000100929
9.57151e-05
9.06531e-05
8.57436e-05
8.09871e-05
7.63837e-05
7.19333e-05
6.76356e-05
6.349e-05
5.94954e-05
5.56508e-05
5.19548e-05
4.84058e-05
4.50019e-05
4.1741e-05
3.8621e-05
3.56395e-05
0.000141698
0.000135744
0.000129922
0.000124234
0.000118682
0.000113269
0.000107995
0.000102863
9.78737e-05
9.30271e-05
8.83243e-05
8.37654e-05
7.93505e-05
7.50794e-05
7.09515e-05
6.69661e-05
6.31223e-05
5.94189e-05
5.58546e-05
5.24276e-05
4.91363e-05
4.59787e-05
4.29527e-05
0.000147813
0.000141991
0.000136291
0.000130718
0.000125273
0.000119957
0.000114772
0.00010972
0.000104802
0.000100018
9.53693e-05
9.08558e-05
8.64778e-05
8.22352e-05
7.81275e-05
7.41543e-05
7.03147e-05
6.66079e-05
6.30325e-05
5.95872e-05
5.62706e-05
5.30809e-05
5.00163e-05
0.000153666
0.00014797
0.00014239
0.000136927
0.000131584
0.000126363
0.000121265
0.000116292
0.000111443
0.000106722
0.000102127
9.76593e-05
9.33193e-05
8.91067e-05
8.50215e-05
8.1063e-05
7.72308e-05
7.35239e-05
6.99414e-05
6.64822e-05
6.3145e-05
5.99281e-05
5.68302e-05
0.000159263
0.000153688
0.000148221
0.000142865
0.000137622
0.000132493
0.000127479
0.000122582
0.000117803
0.000113142
0.000108601
0.00010418
9.98789e-05
9.56978e-05
9.16367e-05
8.76952e-05
8.38729e-05
8.01692e-05
7.65832e-05
7.31139e-05
6.97602e-05
6.65209e-05
6.33945e-05
0.000164607
0.000159149
0.000153792
0.000148539
0.000143391
0.00013835
0.000133418
0.000128596
0.000123885
0.000119285
0.000114797
0.000110422
0.00010616
0.000102012
9.79761e-05
9.40535e-05
9.02436e-05
8.65458e-05
8.29593e-05
7.94834e-05
7.61172e-05
7.28595e-05
6.97091e-05
0.000169705
0.000164358
0.000159106
0.000153951
0.000148896
0.000143941
0.000139088
0.000134339
0.000129693
0.000125152
0.000120718
0.000116389
0.000112167
0.000108051
0.000104042
0.00010014
9.63448e-05
9.26553e-05
8.90711e-05
8.55918e-05
8.22164e-05
7.89441e-05
7.57738e-05
0.00017456
0.000169319
0.000164167
0.000159108
0.000154141
0.000149269
0.000144493
0.000139813
0.000135232
0.000130749
0.000126366
0.000122084
0.000117901
0.000113819
0.000109838
0.000105958
0.000102178
9.84992e-05
9.49198e-05
9.14398e-05
8.80584e-05
8.47749e-05
8.15884e-05
0.000179175
0.000174036
0.000168981
0.000164012
0.00015913
0.000154337
0.000149635
0.000145024
0.000140505
0.000136079
0.000131747
0.000127509
0.000123366
0.000119318
0.000115366
0.000111508
0.000107746
0.000104079
0.000100506
9.70279e-05
9.36432e-05
9.03516e-05
8.71522e-05
0.000183555
0.000178513
0.000173549
0.000168667
0.000163867
0.00015915
0.000154519
0.000149973
0.000145515
0.000141144
0.000136861
0.000132668
0.000128564
0.00012455
0.000120626
0.000116792
0.000113049
0.000109395
0.000105831
0.000102356
9.89708e-05
9.56737e-05
9.24644e-05
0.000187703
0.000182752
0.000177876
0.000173076
0.000168354
0.00016371
0.000159147
0.000154664
0.000150264
0.000145946
0.000141712
0.000137562
0.000133497
0.000129517
0.000125621
0.000121812
0.000118087
0.000114448
0.000110894
0.000107425
0.000104041
0.000100741
9.7524e-05
0.000191621
0.000186757
0.000181963
0.000177242
0.000172593
0.000168019
0.000163521
0.000159099
0.000154755
0.000150489
0.000146301
0.000142194
0.000138166
0.000134219
0.000130352
0.000126567
0.000122862
0.000119238
0.000115696
0.000112234
0.000108852
0.000105551
0.00010233
0.00019531
0.000190529
0.000185813
0.000181166
0.000176588
0.00017208
0.000167644
0.00016328
0.000158989
0.000154772
0.00015063
0.000146563
0.000142572
0.000138657
0.000134819
0.000131058
0.000127373
0.000123766
0.000120235
0.000116782
0.000113405
0.000110104
0.00010688
0.000198774
0.000194069
0.000189428
0.000184851
0.000180339
0.000175893
0.000171516
0.000167207
0.000162967
0.000158797
0.000154698
0.000150671
0.000146715
0.000142832
0.000139022
0.000135284
0.00013162
0.000128029
0.000124511
0.000121067
0.000117696
0.000114397
0.000111172
0.000202012
0.00019738
0.000192807
0.000188296
0.000183847
0.00017946
0.000175138
0.000170881
0.000166689
0.000162564
0.000158507
0.000154517
0.000150596
0.000146743
0.00014296
0.000139246
0.000135602
0.000132027
0.000128523
0.000125088
0.000121724
0.000118429
0.000115203
0.000205024
0.00020046
0.000195952
0.000191502
0.000187111
0.00018278
0.00017851
0.000174302
0.000170156
0.000166073
0.000162055
0.000158101
0.000154212
0.000150389
0.000146632
0.000142941
0.000139316
0.000135758
0.000132267
0.000128843
0.000125486
0.000122195
0.000118971
0.000207811
0.00020331
0.000198862
0.00019447
0.000190133
0.000185853
0.000181632
0.000177469
0.000173366
0.000169323
0.000165342
0.000161421
0.000157563
0.000153768
0.000150036
0.000146367
0.000142761
0.00013922
0.000135742
0.000132328
0.000128979
0.000125693
0.000122471
0.000210372
0.000205928
0.000201536
0.000197196
0.00019291
0.000188678
0.000184501
0.000180381
0.000176317
0.000172312
0.000168364
0.000164476
0.000160647
0.000156878
0.000153169
0.000149521
0.000145933
0.000142407
0.000138943
0.00013554
0.000132198
0.000128918
0.000125699
0.000212704
0.000208313
0.000203971
0.00019968
0.000195439
0.000191251
0.000187116
0.000183034
0.000179007
0.000175036
0.00017112
0.000167261
0.000163459
0.000159714
0.000156027
0.000152399
0.000148829
0.000145318
0.000141865
0.000138473
0.000135139
0.000131865
0.00012865
0.000214805
0.000210462
0.000206165
0.000201917
0.000197719
0.00019357
0.000189472
0.000185426
0.000181432
0.000177492
0.000173605
0.000169772
0.000165995
0.000162272
0.000158606
0.000154996
0.000151442
0.000147945
0.000144505
0.000141122
0.000137796
0.000134527
0.000131316
0.000216671
0.00021237
0.000208114
0.000203905
0.000199743
0.00019563
0.000191565
0.000187551
0.000183587
0.000179674
0.000175813
0.000172005
0.00016825
0.000164548
0.0001609
0.000157306
0.000153767
0.000150283
0.000146853
0.000143479
0.000140161
0.000136898
0.000133691
0.000218297
0.000214033
0.000209813
0.000205638
0.000201508
0.000197426
0.000193391
0.000189404
0.000185466
0.000181578
0.00017774
0.000173952
0.000170217
0.000166533
0.000162901
0.000159322
0.000155796
0.000152323
0.000148904
0.000145538
0.000142227
0.000138969
0.000135766
0.000219677
0.000215444
0.000211254
0.000207108
0.000203006
0.00019895
0.00019494
0.000190977
0.000187061
0.000183194
0.000179375
0.000175606
0.000171887
0.000168219
0.000164601
0.000161035
0.00015752
0.000154058
0.000150647
0.000147289
0.000143983
0.00014073
0.00013753
0.000220804
0.000216596
0.000212431
0.000208308
0.000204229
0.000200194
0.000196205
0.000192261
0.000188364
0.000184513
0.000180711
0.000176957
0.000173252
0.000169596
0.00016599
0.000162434
0.000158929
0.000155475
0.000152072
0.00014872
0.000145419
0.000142171
0.000138974
0.000221667
0.00021748
0.000213333
0.000209229
0.000205167
0.000201149
0.000197175
0.000193246
0.000189362
0.000185526
0.000181736
0.000177993
0.000174299
0.000170653
0.000167056
0.000163508
0.00016001
0.000156562
0.000153165
0.000149818
0.000146521
0.000143276
0.000140082
0.000222257
0.000218083
0.000213949
0.000209857
0.000205807
0.0002018
0.000197837
0.000193918
0.000190045
0.000186217
0.000182435
0.000178701
0.000175014
0.000171375
0.000167784
0.000164242
0.000160749
0.000157306
0.000153912
0.000150568
0.000147275
0.000144032
0.000140839
0.000222559
0.000218392
0.000214265
0.00021018
0.000206136
0.000202135
0.000198177
0.000194263
0.000190395
0.000186572
0.000182795
0.000179064
0.000175381
0.000171745
0.000168158
0.000164619
0.000161128
0.000157687
0.000154296
0.000150954
0.000147662
0.00014442
0.000141228
)
;

boundaryField
{
    down
    {
        type            symmetryPlane;
    }
    right
    {
        type            fixedValue;
        value           nonuniform List<scalar> 0();
    }
    up
    {
        type            symmetryPlane;
    }
    left
    {
        type            zeroGradient;
    }
    cylinder
    {
        type            zeroGradient;
    }
    frontAndBack
    {
        type            empty;
    }
    procBoundary9to5
    {
        type            processor;
        value           nonuniform List<scalar> 
74
(
-0.000899296
-0.000862078
-0.000862078
-0.000876778
-0.000889928
-0.000900589
-0.000907574
-0.000911005
-0.000911183
-0.000908298
-0.000902518
-0.000894036
-0.000883057
-0.000869792
-0.000854453
-0.000837252
-0.000818401
-0.000798109
-0.00077658
-0.000754011
-0.000730594
-0.000706511
-0.000681932
-0.000657021
-0.000647558
-0.000693527
-0.000685245
-0.000685245
-0.000726502
-0.000766836
-0.000805664
-0.000841071
-0.00055336
-0.000600779
-0.000277664
-0.000329523
-0.00037429
-0.00041968
-0.000465677
-0.000465677
0.00100192
0.000992832
0.000982662
0.000971331
0.00095876
0.000944869
0.000929573
0.000912785
0.00089442
0.000874389
0.000852606
0.000828984
0.000803439
0.000775891
0.000746264
0.000714491
0.00068051
0.000644273
0.00060574
0.000564889
0.000521714
0.000476227
0.000428463
0.000378478
0.000326356
0.000272207
0.000216172
0.000158419
9.91493e-05
3.85947e-05
-2.29885e-05
-8.53526e-05
-0.000147901
-0.00020973
)
;
    }
    procBoundary9to8
    {
        type            processor;
        value           nonuniform List<scalar> 
75
(
0.000987091
0.000965027
0.000943786
0.000923349
0.0009037
0.000884818
0.000866683
0.000849274
0.000832566
0.000816539
0.000801169
0.000786433
0.000772308
0.000758772
0.000745801
0.000733375
0.00072147
0.000710067
0.000699144
0.000688897
0.000679174
0.000669667
0.000660377
0.000651309
0.000642462
0.000642462
0.000643671
0.000635164
0.000626877
0.00061881
0.000610963
0.000603337
0.000595931
0.000588745
0.000581778
0.000575028
0.000568494
0.000562174
0.000556065
0.000550166
0.000544474
0.000538986
0.000533699
0.00052861
0.000523716
0.000519013
0.000514498
0.000510167
0.000506016
0.000502043
0.000498244
0.000494615
0.000491152
0.000487853
0.000484714
0.000481732
0.000478904
0.000476227
0.000473698
0.000471316
0.000469078
0.000466983
0.000465029
0.000463215
0.00046154
0.000460005
0.000458609
0.000457354
0.000456242
0.000455273
0.000454452
0.000453783
0.000453271
0.000452921
0.000452741
)
;
    }
    procBoundary9to10
    {
        type            processor;
        value           nonuniform List<scalar> 
73
(
-0.000606906
-0.000582562
-0.000558893
-0.000535898
-0.00051357
-0.000491901
-0.00047088
-0.000450497
-0.000430738
-0.000411592
-0.000393044
-0.00037508
-0.000357684
-0.000340843
-0.000324541
-0.000308762
-0.000293492
-0.000278716
-0.000264709
-0.000251294
-0.000238044
-0.000224968
-0.000212071
-0.000199359
-0.000186839
-0.000174515
-0.000162393
-0.000150477
-0.000138772
-0.000127281
-0.000116009
-0.000104958
-9.41318e-05
-8.35327e-05
-7.31633e-05
-6.30256e-05
-5.31216e-05
-4.34529e-05
-3.40209e-05
-2.4827e-05
-1.58722e-05
-7.15732e-06
1.31677e-06
9.54947e-06
1.75402e-05
2.52885e-05
3.27939e-05
4.00561e-05
4.70747e-05
5.38493e-05
6.03794e-05
6.66647e-05
7.27044e-05
7.84979e-05
8.40442e-05
8.93422e-05
9.43904e-05
9.91873e-05
0.000103731
0.000108018
0.000112047
0.000115814
0.000119313
0.000122542
0.000125494
0.000128162
0.000130539
0.000132616
0.000134383
0.000135829
0.000136938
0.000137697
0.000138086
)
;
    }
}


// ************************************************************************* //
