/*--------------------------------*- C++ -*----------------------------------*\
| =========                 |                                                 |
| \\      /  F ield         | OpenFOAM: The Open Source CFD Toolbox           |
|  \\    /   O peration     | Version:  2412                                  |
|   \\  /    A nd           | Website:  www.openfoam.com                      |
|    \\/     M anipulation  |                                                 |
\*---------------------------------------------------------------------------*/
FoamFile
{
    version     2.0;
    format      ascii;
    arch        "LSB;label=32;scalar=64";
    class       volScalarField;
    location    "25";
    object      p;
}
// * * * * * * * * * * * * * * * * * * * * * * * * * * * * * * * * * * * * * //

dimensions      [0 2 -2 0 0 0 0];

internalField   nonuniform List<scalar> 
5285
(
-0.00139607
-0.00126292
-0.00113463
-0.00101172
-0.000894633
-0.000783758
-0.000679395
-0.000581748
-0.000490931
-0.000406982
-0.000329863
-0.000259468
-0.000195635
-0.000138147
-8.67461e-05
-4.11367e-05
-9.96165e-07
3.40184e-05
6.42638e-05
9.01034e-05
0.000111902
0.000130021
0.000144812
0.000156615
0.000165755
0.000172537
0.000177248
0.000180154
-0.00141189
-0.00127821
-0.00114936
-0.00102585
-0.000908126
-0.000796595
-0.000691563
-0.000593241
-0.00050175
-0.000417135
-0.000339362
-0.000268331
-0.000203883
-0.000145804
-9.3838e-05
-4.76917e-05
-7.0433e-06
2.84497e-05
5.9144e-05
8.54036e-05
0.000107594
0.000126077
0.000141206
0.000153322
0.000162752
0.000169803
0.000174761
0.0001779
-0.00144264
-0.00130797
-0.00117803
-0.00105337
-0.000934447
-0.000821658
-0.000715338
-0.000615713
-0.00052292
-0.000437013
-0.000357972
-0.000285705
-0.000220059
-0.000160829
-0.000107762
-6.05683e-05
-1.8928e-05
1.75002e-05
4.90726e-05
7.61537e-05
9.91105e-05
0.000118306
0.000134097
0.000146827
0.000156826
0.000164403
0.000169847
0.000173445
-0.00148657
-0.00135055
-0.00121911
-0.00109285
-0.000972233
-0.000857679
-0.000749543
-0.000648077
-0.000553439
-0.000465699
-0.000384854
-0.000310825
-0.000243471
-0.000182594
-0.00012795
-7.9254e-05
-3.61898e-05
1.58212e-06
3.44175e-05
6.26816e-05
8.67426e-05
0.000106967
0.000123712
0.000137328
0.000148146
0.000156482
0.00016263
0.000166892
-0.00140344
-0.00127029
-0.00114218
-0.00101959
-0.000902947
-0.000792648
-0.00068897
-0.000592098
-0.000502127
-0.00041907
-0.000342869
-0.000273398
-0.000210473
-0.000153857
-0.000103274
-5.84149e-05
-1.89423e-05
1.54974e-05
4.52688e-05
7.07412e-05
9.22825e-05
0.000110254
0.000125009
0.000136883
0.000146198
0.000153256
0.000158379
-0.00146468
-0.00133002
-0.00120014
-0.00107559
-0.000956816
-0.000844234
-0.000738167
-0.000638833
-0.000546356
-0.000460781
-0.000382073
-0.000310129
-0.000244781
-0.000185813
-0.000132959
-8.59192e-05
-4.43651e-05
-7.94812e-06
2.36934e-05
5.09271e-05
7.41212e-05
9.36385e-05
0.000109833
0.000123046
0.000133603
0.000141819
0.000148029
-0.0015348
-0.0013983
-0.00126626
-0.00113932
-0.00101797
-0.000902661
-0.000793757
-0.000691517
-0.000596102
-0.000507588
-0.000425972
-0.000351174
-0.00028305
-0.0002214
-0.000165972
-0.000116478
-7.25953e-05
-3.39813e-05
-2.76227e-07
2.88875e-05
5.38796e-05
7.50659e-05
9.28044e-05
0.000107441
0.000119306
0.000128726
0.000136036
0.000181502
0.000181428
0.000180163
0.000177887
0.000174736
0.000170838
0.000166317
0.000161287
0.000155852
0.000150108
0.00014414
0.000138025
0.000131834
0.000125624
0.000119449
0.000113351
0.000107367
0.000101527
9.58543e-05
9.03669e-05
8.50786e-05
7.99984e-05
7.51323e-05
7.0483e-05
6.60509e-05
6.18343e-05
5.78301e-05
5.40338e-05
5.04401e-05
4.70431e-05
4.38363e-05
4.08132e-05
3.7967e-05
3.52908e-05
3.27779e-05
3.04213e-05
2.82141e-05
2.61495e-05
2.42206e-05
2.24202e-05
2.07418e-05
1.91779e-05
1.77234e-05
1.63676e-05
0.000179497
0.000179544
0.000178397
0.000176252
0.000173231
0.000169456
0.000165052
0.000160131
0.000154797
0.000149147
0.000143265
0.000137231
0.000131113
0.00012497
0.000118856
0.000112814
0.000106882
0.000101088
9.54572e-05
9.00082e-05
8.47546e-05
7.97059e-05
7.48683e-05
7.02448e-05
6.5836e-05
6.16406e-05
5.76555e-05
5.38766e-05
5.02985e-05
4.69157e-05
4.37218e-05
4.07103e-05
3.78746e-05
3.5208e-05
3.27036e-05
3.03547e-05
2.81545e-05
2.60962e-05
2.41728e-05
2.23775e-05
2.07035e-05
1.91437e-05
1.76928e-05
1.63402e-05
0.000175508
0.000175799
0.000174893
0.000173011
0.000170246
0.000166715
0.000162541
0.000157835
0.000152702
0.000147238
0.000141528
0.000135652
0.000129679
0.000123669
0.000117677
0.000111746
0.000105915
0.000100213
9.46664e-05
8.92935e-05
8.4109e-05
7.91229e-05
7.4342e-05
6.97699e-05
6.54077e-05
6.12543e-05
5.73074e-05
5.35629e-05
5.00162e-05
4.66616e-05
4.34933e-05
4.0505e-05
3.76903e-05
3.50426e-05
3.25553e-05
3.02218e-05
2.80355e-05
2.59896e-05
2.40774e-05
2.22921e-05
2.06271e-05
1.90752e-05
1.76316e-05
1.62854e-05
0.000169585
0.000170246
0.00016971
0.000168217
0.000165832
0.00016266
0.000158824
0.000154436
0.000149598
0.000144407
0.00013895
0.000133307
0.000127548
0.000121736
0.000115923
0.000110157
0.000104476
9.89109e-05
9.34885e-05
8.82286e-05
8.31467e-05
7.82537e-05
7.35572e-05
6.90615e-05
6.47685e-05
6.06779e-05
5.67877e-05
5.30946e-05
4.95945e-05
4.62821e-05
4.3152e-05
4.01983e-05
3.74148e-05
3.47953e-05
3.23336e-05
3.00231e-05
2.78574e-05
2.58301e-05
2.39346e-05
2.21643e-05
2.05127e-05
1.89729e-05
1.75399e-05
1.62035e-05
0.000161803
0.000162966
0.000162933
0.000161954
0.000160062
0.000157357
0.00015396
0.000149982
0.000145528
0.000140692
0.000135564
0.000130225
0.000124746
0.00011919
0.000113613
0.000108062
0.000102577
9.71922e-05
9.19332e-05
8.68219e-05
8.18749e-05
7.71045e-05
7.25191e-05
6.81242e-05
6.39225e-05
5.99146e-05
5.60994e-05
5.24743e-05
4.90357e-05
4.57791e-05
4.26995e-05
3.97915e-05
3.70494e-05
3.44673e-05
3.20393e-05
2.97593e-05
2.76211e-05
2.56184e-05
2.3745e-05
2.19945e-05
2.03607e-05
1.88368e-05
1.74181e-05
1.60945e-05
0.000152263
0.00015407
0.000154679
0.000154327
0.000153032
0.00015089
0.000148022
0.00014454
0.000140547
0.000136141
0.000131412
0.000126441
0.000121302
0.000116059
0.000110769
0.000105481
0.000100237
9.50717e-05
9.00131e-05
8.50842e-05
8.03032e-05
7.56834e-05
7.12349e-05
6.69641e-05
6.2875e-05
5.89693e-05
5.52466e-05
5.17054e-05
4.83429e-05
4.51552e-05
4.21381e-05
3.92866e-05
3.65957e-05
3.406e-05
3.16738e-05
2.94315e-05
2.73272e-05
2.53551e-05
2.35091e-05
2.17832e-05
2.01715e-05
1.86674e-05
1.72665e-05
1.59587e-05
0.000141073
0.000143691
0.000145085
0.000145461
0.000144851
0.000143354
0.000141094
0.000138181
0.00013472
0.00013081
0.000126541
0.000121996
0.000117251
0.000112372
0.000107417
0.000102437
9.74743e-05
9.25662e-05
8.77425e-05
8.30279e-05
7.84419e-05
7.39996e-05
6.97123e-05
6.5588e-05
6.16319e-05
5.78468e-05
5.42336e-05
5.07917e-05
4.75191e-05
4.44131e-05
4.147e-05
3.86857e-05
3.60555e-05
3.35747e-05
3.12382e-05
2.90406e-05
2.69768e-05
2.5041e-05
2.32277e-05
2.15311e-05
1.99457e-05
1.84652e-05
1.70853e-05
1.57966e-05
0.000128003
0.000131686
0.000134045
0.000135253
0.000135417
0.000134651
0.000133077
0.00013081
0.000127954
0.000124608
0.000120866
0.000116812
0.000112521
0.000108061
0.000103493
9.88684e-05
9.42326e-05
8.96237e-05
8.50737e-05
8.06089e-05
7.62507e-05
7.2016e-05
6.79175e-05
6.39648e-05
6.01646e-05
5.65212e-05
5.30367e-05
4.97115e-05
4.6545e-05
4.35352e-05
4.06793e-05
3.7974e-05
3.54155e-05
3.29996e-05
3.07217e-05
2.85771e-05
2.65609e-05
2.46681e-05
2.28934e-05
2.12316e-05
1.96773e-05
1.82248e-05
1.687e-05
1.56039e-05
0.000113714
0.000118397
0.00012171
0.000123806
0.000124807
0.000124838
0.000124019
0.000122463
0.000120277
0.00011756
0.000114406
0.000110899
0.000107118
0.00010313
9.8998e-05
9.47758e-05
9.05101e-05
8.62409e-05
8.20022e-05
7.78222e-05
7.37242e-05
6.97266e-05
6.58443e-05
6.20885e-05
5.84674e-05
5.49868e-05
5.16503e-05
4.84597e-05
4.54153e-05
4.25164e-05
3.97612e-05
3.71473e-05
3.46717e-05
3.23307e-05
3.01206e-05
2.80373e-05
2.60765e-05
2.42335e-05
2.25037e-05
2.08822e-05
1.93641e-05
1.79441e-05
1.66185e-05
1.53787e-05
9.86239e-05
0.000104265
0.000108518
0.000111517
0.000113385
0.000114246
0.000114218
0.000113412
0.000111934
0.000109885
0.000107358
0.000104437
0.000101202
9.77228e-05
9.4062e-05
9.02753e-05
8.64111e-05
8.25115e-05
7.86121e-05
7.4743e-05
7.09295e-05
6.71919e-05
6.35469e-05
6.00075e-05
5.65835e-05
5.32824e-05
5.01092e-05
4.70672e-05
4.41579e-05
4.13818e-05
3.87381e-05
3.62255e-05
3.38416e-05
3.15839e-05
2.94492e-05
2.74341e-05
2.55347e-05
2.37472e-05
2.20674e-05
2.04908e-05
1.90132e-05
1.76296e-05
1.63366e-05
1.51262e-05
8.28691e-05
8.94542e-05
9.46424e-05
9.85517e-05
0.0001013
0.000103008
0.000103793
0.000103762
0.00010302
0.000101667
9.97956e-05
9.74911e-05
9.48323e-05
9.18902e-05
8.8729e-05
8.54054e-05
8.19694e-05
7.84647e-05
7.49287e-05
7.13935e-05
6.7886e-05
6.44287e-05
6.104e-05
5.77345e-05
5.45241e-05
5.14176e-05
4.84218e-05
4.55413e-05
4.27791e-05
4.01367e-05
3.76147e-05
3.52125e-05
3.2929e-05
3.07623e-05
2.871e-05
2.67695e-05
2.49375e-05
2.32109e-05
2.15859e-05
2.00587e-05
1.86256e-05
1.72819e-05
1.60249e-05
1.48469e-05
6.66287e-05
7.41435e-05
8.02533e-05
8.50666e-05
8.86955e-05
9.12571e-05
9.28632e-05
9.362e-05
9.36302e-05
9.29916e-05
9.17958e-05
9.01283e-05
8.80674e-05
8.56849e-05
8.30455e-05
8.0207e-05
7.72208e-05
7.41319e-05
7.09797e-05
6.77977e-05
6.46149e-05
6.14553e-05
5.83394e-05
5.52835e-05
5.23012e-05
4.94031e-05
4.65973e-05
4.38901e-05
4.12858e-05
3.87873e-05
3.63961e-05
3.4113e-05
3.19377e-05
2.98692e-05
2.79059e-05
2.6046e-05
2.42871e-05
2.26263e-05
2.10608e-05
1.95873e-05
1.82025e-05
1.69023e-05
1.56845e-05
1.45417e-05
5.00886e-05
5.85051e-05
6.55124e-05
7.12116e-05
7.57093e-05
7.91173e-05
8.15433e-05
8.30902e-05
8.3858e-05
8.39423e-05
8.34335e-05
8.24157e-05
8.09673e-05
7.91597e-05
7.70581e-05
7.47213e-05
7.22015e-05
6.95452e-05
6.6793e-05
6.39803e-05
6.11375e-05
5.82907e-05
5.54617e-05
5.2669e-05
4.99276e-05
4.72497e-05
4.46453e-05
4.2122e-05
3.96854e-05
3.73398e-05
3.5088e-05
3.29318e-05
3.08718e-05
2.89082e-05
2.70401e-05
2.52665e-05
2.35857e-05
2.19956e-05
2.04939e-05
1.9078e-05
1.77452e-05
1.64918e-05
1.53161e-05
1.42114e-05
3.3423e-05
4.27009e-05
5.05707e-05
5.71272e-05
6.24711e-05
6.67085e-05
6.99424e-05
7.22718e-05
7.37937e-05
7.46009e-05
7.47818e-05
7.44193e-05
7.35906e-05
7.2367e-05
7.08136e-05
6.89897e-05
6.69483e-05
6.47368e-05
6.23973e-05
5.99663e-05
5.74761e-05
5.49541e-05
5.2424e-05
4.99057e-05
4.74161e-05
4.4969e-05
4.25758e-05
4.02456e-05
3.79854e-05
3.58009e-05
3.36961e-05
3.16738e-05
2.97358e-05
2.78831e-05
2.61158e-05
2.44337e-05
2.28358e-05
2.13208e-05
1.9887e-05
1.85325e-05
1.7255e-05
1.60516e-05
1.4921e-05
1.38569e-05
1.67914e-05
2.68806e-05
3.55688e-05
4.29446e-05
4.91027e-05
5.41432e-05
5.81639e-05
6.12597e-05
6.35237e-05
6.50458e-05
6.59119e-05
6.62029e-05
6.59949e-05
6.53582e-05
6.43579e-05
6.30531e-05
6.14974e-05
5.97391e-05
5.7821e-05
5.57811e-05
5.36528e-05
5.14652e-05
4.92434e-05
4.7009e-05
4.47802e-05
4.25726e-05
4.0399e-05
3.82699e-05
3.61938e-05
3.41775e-05
3.22264e-05
3.03443e-05
2.85341e-05
2.67978e-05
2.51365e-05
2.35506e-05
2.204e-05
2.06041e-05
1.92421e-05
1.79523e-05
1.67334e-05
1.5583e-05
1.45002e-05
1.34792e-05
3.38367e-07
1.11805e-05
2.06349e-05
2.87841e-05
3.57164e-05
4.15258e-05
4.63044e-05
5.01428e-05
5.31297e-05
5.53516e-05
5.68915e-05
5.78282e-05
5.82357e-05
5.81836e-05
5.7736e-05
5.69519e-05
5.5885e-05
5.4584e-05
5.30926e-05
5.14498e-05
4.969e-05
4.78437e-05
4.59374e-05
4.39941e-05
4.20335e-05
4.00725e-05
3.81254e-05
3.62041e-05
3.43185e-05
3.24766e-05
3.0685e-05
2.89486e-05
2.72715e-05
2.56565e-05
2.41057e-05
2.26202e-05
2.1201e-05
1.9848e-05
1.85611e-05
1.73394e-05
1.61821e-05
1.50874e-05
1.40548e-05
1.30793e-05
-1.58078e-05
-4.2775e-06
5.88467e-06
1.47547e-05
2.24147e-05
2.89521e-05
3.44533e-05
3.90038e-05
4.2688e-05
4.55885e-05
4.7785e-05
4.93536e-05
5.03665e-05
5.08913e-05
5.09914e-05
5.07251e-05
5.01461e-05
4.9303e-05
4.82402e-05
4.69974e-05
4.561e-05
4.41095e-05
4.25235e-05
4.08765e-05
3.91894e-05
3.74805e-05
3.57654e-05
3.40574e-05
3.23677e-05
3.07054e-05
2.90782e-05
2.74924e-05
2.59528e-05
2.44634e-05
2.30271e-05
2.1646e-05
2.03216e-05
1.90549e-05
1.78462e-05
1.66956e-05
1.56026e-05
1.4566e-05
1.35861e-05
1.26582e-05
-3.15359e-05
-1.93865e-05
-8.57976e-06
9.53737e-07
9.28979e-06
1.65089e-05
2.26919e-05
2.79187e-05
3.22692e-05
3.58218e-05
3.86526e-05
4.08345e-05
4.24375e-05
4.35273e-05
4.41658e-05
4.44106e-05
4.43146e-05
4.39267e-05
4.32913e-05
4.24485e-05
4.14346e-05
4.02819e-05
3.9019e-05
3.76715e-05
3.62616e-05
3.48088e-05
3.33299e-05
3.18394e-05
3.03496e-05
2.88711e-05
2.74125e-05
2.59811e-05
2.45829e-05
2.32228e-05
2.19045e-05
2.0631e-05
1.94048e-05
1.82273e-05
1.70997e-05
1.60227e-05
1.49965e-05
1.40205e-05
1.30954e-05
1.22171e-05
-4.67514e-05
-3.40545e-05
-2.26695e-05
-1.25334e-05
-3.57679e-06
4.27398e-06
1.10935e-05
1.69566e-05
2.1938e-05
2.61118e-05
2.95499e-05
3.23224e-05
3.44962e-05
3.61349e-05
3.72989e-05
3.80442e-05
3.84233e-05
3.84846e-05
3.82724e-05
3.7827e-05
3.71853e-05
3.638e-05
3.5441e-05
3.43944e-05
3.32637e-05
3.20694e-05
3.08294e-05
2.95593e-05
2.82727e-05
2.6981e-05
2.56942e-05
2.44205e-05
2.31669e-05
2.19391e-05
2.07418e-05
1.95789e-05
1.84534e-05
1.73678e-05
1.63239e-05
1.53229e-05
1.43657e-05
1.34524e-05
1.2584e-05
1.17572e-05
-6.13761e-05
-4.82044e-05
-3.63089e-05
-2.56329e-05
-1.61138e-05
-7.68442e-06
-2.76451e-07
6.17941e-06
1.17528e-05
1.65131e-05
2.05284e-05
2.38649e-05
2.65867e-05
2.87549e-05
3.04278e-05
3.16602e-05
3.25034e-05
3.3005e-05
3.3209e-05
3.3156e-05
3.28827e-05
3.24227e-05
3.18062e-05
3.10602e-05
3.0209e-05
2.92741e-05
2.82744e-05
2.72266e-05
2.61451e-05
2.50427e-05
2.393e-05
2.28164e-05
2.17097e-05
2.06167e-05
1.95429e-05
1.84929e-05
1.74706e-05
1.64792e-05
1.55211e-05
1.45981e-05
1.3712e-05
1.28632e-05
1.20534e-05
1.12797e-05
-7.53468e-05
-6.17725e-05
-4.94345e-05
-3.82825e-05
-2.826e-05
-1.93069e-05
-1.13608e-05
-4.358e-06
1.76592e-06
7.07549e-06
1.16346e-05
1.55057e-05
1.87496e-05
2.1425e-05
2.35876e-05
2.52907e-05
2.65841e-05
2.75146e-05
2.81257e-05
2.84576e-05
2.85471e-05
2.8428e-05
2.81308e-05
2.76834e-05
2.71105e-05
2.64346e-05
2.56754e-05
2.48504e-05
2.39752e-05
2.30632e-05
2.21262e-05
2.11744e-05
2.02166e-05
1.92603e-05
1.83118e-05
1.73767e-05
1.64595e-05
1.55641e-05
1.46936e-05
1.38506e-05
1.30372e-05
1.22546e-05
1.15049e-05
1.07858e-05
-8.86145e-05
-7.47083e-05
-6.1995e-05
-5.04303e-05
-3.99641e-05
-3.05427e-05
-2.21099e-05
-1.46077e-05
-7.97659e-06
-2.1571e-06
2.9103e-06
7.28429e-06
1.10223e-05
1.41798e-05
1.68106e-05
1.89655e-05
2.06931e-05
2.2039e-05
2.30457e-05
2.3753e-05
2.41976e-05
2.44132e-05
2.44307e-05
2.42782e-05
2.39811e-05
2.35624e-05
2.30426e-05
2.24401e-05
2.17711e-05
2.105e-05
2.02894e-05
1.95004e-05
1.86926e-05
1.78742e-05
1.70525e-05
1.62338e-05
1.54232e-05
1.46253e-05
1.3844e-05
1.30824e-05
1.23432e-05
1.16282e-05
1.094e-05
1.02768e-05
-0.000101143
-8.69729e-05
-7.39496e-05
-6.20345e-05
-5.11836e-05
-4.13495e-05
-3.24819e-05
-2.45283e-05
-1.74345e-05
-1.11458e-05
-5.60712e-06
-7.63754e-07
3.43817e-06
7.05124e-06
1.01264e-05
1.27124e-05
1.48562e-05
1.66017e-05
1.79908e-05
1.90623e-05
1.98526e-05
2.03952e-05
2.0721e-05
2.08583e-05
2.08331e-05
2.06686e-05
2.03861e-05
2.00045e-05
1.95408e-05
1.90102e-05
1.8426e-05
1.78001e-05
1.71427e-05
1.64631e-05
1.57691e-05
1.50677e-05
1.43648e-05
1.36656e-05
1.29747e-05
1.22957e-05
1.16319e-05
1.09857e-05
1.03601e-05
9.75403e-06
-0.000112906
-9.8538e-05
-8.52677e-05
-7.30626e-05
-6.18847e-05
-5.16925e-05
-4.24417e-05
-3.4085e-05
-2.65734e-05
-1.98569e-05
-1.3885e-05
-8.60697e-06
-3.97252e-06
6.77533e-08
3.56201e-06
6.55682e-06
9.09693e-06
1.1225e-05
1.29814e-05
1.44043e-05
1.55293e-05
1.63897e-05
1.70161e-05
1.7437e-05
1.76783e-05
1.7764e-05
1.77155e-05
1.75524e-05
1.72923e-05
1.69509e-05
1.65423e-05
1.6079e-05
1.55721e-05
1.50314e-05
1.44655e-05
1.38819e-05
1.32875e-05
1.26879e-05
1.20882e-05
1.14927e-05
1.09053e-05
1.03289e-05
9.76688e-06
9.21876e-06
-0.000123891
-0.000109385
-9.59275e-05
-8.34904e-05
-7.20412e-05
-6.15444e-05
-5.19609e-05
-4.32488e-05
-3.53642e-05
-2.82616e-05
-2.18951e-05
-1.62178e-05
-1.11832e-05
-6.74506e-06
-2.85813e-06
5.21729e-07
3.43717e-06
5.92912e-06
8.03662e-06
9.79667e-06
1.12441e-05
1.24117e-05
1.33298e-05
1.40266e-05
1.45284e-05
1.4859e-05
1.50403e-05
1.50923e-05
1.50331e-05
1.48789e-05
1.46444e-05
1.43428e-05
1.39857e-05
1.35835e-05
1.31456e-05
1.26802e-05
1.21944e-05
1.16948e-05
1.11869e-05
1.06756e-05
1.01653e-05
9.65934e-06
9.16172e-06
8.67235e-06
-0.000134089
-0.000119503
-0.000105915
-9.33011e-05
-8.16341e-05
-7.08841e-05
-6.10173e-05
-5.19966e-05
-4.3783e-05
-3.63359e-05
-2.96132e-05
-2.35725e-05
-1.81706e-05
-1.33646e-05
-9.11234e-06
-5.37208e-06
-2.10342e-06
7.32717e-07
3.17382e-06
5.25567e-06
7.01216e-06
8.47526e-06
9.67497e-06
1.06393e-05
1.13941e-05
1.19635e-05
1.23696e-05
1.26325e-05
1.27707e-05
1.2801e-05
1.27385e-05
1.25968e-05
1.23883e-05
1.21239e-05
1.18135e-05
1.14659e-05
1.10888e-05
1.06892e-05
1.02734e-05
9.84665e-06
9.41389e-06
8.97889e-06
8.54618e-06
8.11613e-06
-0.000143502
-0.00012889
-0.000115223
-0.000102485
-9.06507e-05
-7.96967e-05
-6.9594e-05
-6.03102e-05
-5.18109e-05
-4.40599e-05
-3.70194e-05
-3.06508e-05
-2.49146e-05
-1.97713e-05
-1.51815e-05
-1.11061e-05
-7.50711e-06
-4.34735e-06
-1.59101e-06
7.96333e-07
2.84747e-06
4.59353e-06
6.06386e-06
7.28604e-06
8.28578e-06
9.08701e-06
9.71187e-06
1.01807e-05
1.05123e-05
1.07237e-05
1.08304e-05
1.08465e-05
1.07849e-05
1.06569e-05
1.0473e-05
1.02424e-05
9.97358e-06
9.6739e-06
9.35007e-06
9.00797e-06
8.65294e-06
8.28923e-06
7.92178e-06
7.55146e-06
-0.000152137
-0.000137547
-0.000123852
-0.000111037
-9.90838e-05
-8.79727e-05
-7.76795e-05
-6.81763e-05
-5.94331e-05
-5.1418e-05
-4.40973e-05
-3.7436e-05
-3.13985e-05
-2.59482e-05
-2.10489e-05
-1.66641e-05
-1.27582e-05
-9.29596e-06
-6.24342e-06
-3.56763e-06
-1.23701e-06
7.78574e-07
2.50774e-06
3.97748e-06
5.21315e-06
6.23847e-06
7.07548e-06
7.74463e-06
8.26476e-06
8.65319e-06
8.92577e-06
9.09696e-06
9.17993e-06
9.18661e-06
9.12781e-06
9.0133e-06
8.85191e-06
8.65156e-06
8.4194e-06
8.16176e-06
7.88442e-06
7.59207e-06
7.29004e-06
6.97968e-06
-0.000160006
-0.000145484
-0.000131805
-0.000118958
-0.000106931
-9.57071e-05
-8.52665e-05
-7.55857e-05
-6.66389e-05
-5.83983e-05
-5.08339e-05
-4.39146e-05
-3.76081e-05
-3.18812e-05
-2.67003e-05
-2.2032e-05
-1.78428e-05
-1.40997e-05
-1.07705e-05
-7.82384e-06
-5.22952e-06
-2.95847e-06
-9.82952e-07
7.23354e-07
2.18531e-06
3.4263e-06
4.46817e-06
5.33131e-06
6.03461e-06
6.59551e-06
7.0301e-06
7.35311e-06
7.57802e-06
7.71714e-06
7.78166e-06
7.78178e-06
7.72673e-06
7.62487e-06
7.48376e-06
7.31015e-06
7.11024e-06
6.88911e-06
6.65247e-06
6.40213e-06
-0.000167127
-0.000152713
-0.000139091
-0.000126255
-0.000114195
-0.000102899
-9.23521e-05
-8.25334e-05
-7.34215e-05
-6.49923e-05
-5.72197e-05
-5.0076e-05
-4.35322e-05
-3.75584e-05
-3.21239e-05
-2.71977e-05
-2.27489e-05
-1.87467e-05
-1.51607e-05
-1.19612e-05
-9.11942e-06
-6.60748e-06
-4.39862e-06
-2.46731e-06
-7.89285e-07
6.58379e-07
1.89725e-06
2.94754e-06
3.82809e-06
4.55638e-06
5.14862e-06
5.61974e-06
5.98348e-06
6.25244e-06
6.43813e-06
6.55111e-06
6.60098e-06
6.59646e-06
6.54551e-06
6.45526e-06
6.33227e-06
6.18203e-06
6.01056e-06
5.82013e-06
-0.00017352
-0.000159249
-0.000145722
-0.000132935
-0.000120882
-0.000109553
-9.89367e-05
-8.90176e-05
-7.97771e-05
-7.11947e-05
-6.32479e-05
-5.59123e-05
-4.91622e-05
-4.29706e-05
-3.73097e-05
-3.21512e-05
-2.74664e-05
-2.32268e-05
-1.9404e-05
-1.59699e-05
-1.28972e-05
-1.01593e-05
-7.73054e-06
-5.58624e-06
-3.70285e-06
-2.05797e-06
-6.30445e-07
5.99675e-07
1.65108e-06
2.54121e-06
3.28632e-06
3.90144e-06
4.4005e-06
4.79631e-06
5.10067e-06
5.32441e-06
5.47746e-06
5.56888e-06
5.60695e-06
5.59915e-06
5.55237e-06
5.47247e-06
5.36579e-06
5.23499e-06
-0.000179207
-0.000165113
-0.000151715
-0.000139012
-0.000126999
-0.000115673
-0.000105024
-9.50395e-05
-8.57049e-05
-7.7003e-05
-6.89145e-05
-6.14183e-05
-5.44917e-05
-4.81105e-05
-4.22499e-05
-3.68841e-05
-3.19867e-05
-2.75314e-05
-2.34917e-05
-1.98413e-05
-1.65544e-05
-1.36058e-05
-1.09708e-05
-8.62591e-06
-6.54821e-06
-4.716e-06
-3.10857e-06
-1.70636e-06
-4.90899e-07
5.55128e-07
1.44791e-06
2.20255e-06
2.83305e-06
3.35241e-06
3.77261e-06
4.10472e-06
4.35895e-06
4.54462e-06
4.67031e-06
4.74382e-06
4.77236e-06
4.76207e-06
4.7196e-06
4.64801e-06
-0.000184215
-0.000170326
-0.000157087
-0.000144499
-0.00013256
-0.000121269
-0.00011062
-0.000100603
-9.12067e-05
-8.24171e-05
-7.42178e-05
-6.65908e-05
-5.95163e-05
-5.2973e-05
-4.69387e-05
-4.13899e-05
-3.63029e-05
-3.16532e-05
-2.74164e-05
-2.3568e-05
-2.00837e-05
-1.69396e-05
-1.41124e-05
-1.15795e-05
-9.31885e-06
-7.30948e-06
-5.53125e-06
-3.96503e-06
-2.59266e-06
-1.39705e-06
-3.6211e-07
5.27212e-07
1.28496e-06
1.92423e-06
2.45714e-06
2.89496e-06
3.24808e-06
3.52608e-06
3.73779e-06
3.89126e-06
3.99399e-06
4.05241e-06
4.07343e-06
4.06046e-06
-0.00018857
-0.000174912
-0.000161859
-0.000149414
-0.000137578
-0.000126352
-0.000115733
-0.000105714
-9.62867e-05
-8.74391e-05
-7.91583e-05
-7.14289e-05
-6.42339e-05
-5.75548e-05
-5.13717e-05
-4.56639e-05
-4.04095e-05
-3.55865e-05
-3.11721e-05
-2.71438e-05
-2.34788e-05
-2.01546e-05
-1.71492e-05
-1.4441e-05
-1.2009e-05
-9.8329e-06
-7.89324e-06
-6.17137e-06
-4.64954e-06
-3.31094e-06
-2.13968e-06
-1.12079e-06
-2.40271e-07
5.14996e-07
1.15724e-06
1.69782e-06
2.14732e-06
2.5155e-06
2.8114e-06
3.0433e-06
3.21893e-06
3.34499e-06
3.42861e-06
3.4735e-06
-0.000192303
-0.000178899
-0.000166056
-0.000153779
-0.000142073
-0.000130938
-0.000120376
-0.000110383
-0.000100952
-9.20745e-05
-8.37396e-05
-7.59346e-05
-6.86453e-05
-6.18554e-05
-5.55477e-05
-4.97036e-05
-4.43036e-05
-3.93276e-05
-3.47549e-05
-3.05644e-05
-2.67352e-05
-2.32462e-05
-2.00766e-05
-1.72059e-05
-1.46142e-05
-1.22819e-05
-1.01903e-05
-8.32132e-06
-6.65769e-06
-5.18292e-06
-3.88137e-06
-2.73827e-06
-1.73969e-06
-8.72551e-07
-1.24592e-07
5.15634e-07
1.0588e-06
1.51482e-06
1.8929e-06
2.20153e-06
2.44861e-06
2.64109e-06
2.7863e-06
2.88818e-06
-0.000195439
-0.000182309
-0.000169698
-0.000157613
-0.00014606
-0.000135045
-0.000124564
-0.000114621
-0.000105212
-9.63304e-05
-8.79669e-05
-8.01115e-05
-7.27523e-05
-6.58755e-05
-5.94661e-05
-5.35077e-05
-4.79829e-05
-4.28736e-05
-3.8161e-05
-3.38259e-05
-2.98487e-05
-2.62098e-05
-2.28899e-05
-1.98694e-05
-1.71296e-05
-1.46517e-05
-1.24178e-05
-1.04105e-05
-8.61284e-06
-7.00891e-06
-5.58334e-06
-4.32159e-06
-3.20988e-06
-2.2352e-06
-1.38535e-06
-6.4883e-07
-1.49192e-08
5.2641e-07
9.84488e-07
1.36794e-06
1.68487e-06
1.94239e-06
2.14803e-06
2.30595e-06
-0.000197999
-0.000185159
-0.000172797
-0.000160925
-0.000149548
-0.000138674
-0.000128304
-0.000118435
-0.000109072
-0.000100211
-9.18425e-05
-8.39604e-05
-7.65546e-05
-6.96135e-05
-6.31242e-05
-5.70726e-05
-5.14432e-05
-4.62199e-05
-4.13856e-05
-3.69228e-05
-3.28136e-05
-2.90399e-05
-2.55834e-05
-2.24261e-05
-1.95499e-05
-1.69372e-05
-1.45708e-05
-1.24339e-05
-1.05104e-05
-8.78452e-06
-7.24144e-06
-5.86685e-06
-4.64719e-06
-3.5696e-06
-2.62191e-06
-1.79269e-06
-1.07119e-06
-4.4731e-07
8.83573e-08
5.44561e-07
9.29526e-07
1.25054e-06
1.51527e-06
1.72807e-06
-0.000152554
-0.000141839
-0.000131598
-0.000121831
-0.000112537
-0.000103718
-9.53681e-05
-8.74819e-05
-8.00516e-05
-7.30679e-05
-6.652e-05
-6.03955e-05
-5.46812e-05
-4.93626e-05
-4.44244e-05
-3.98509e-05
-3.56256e-05
-3.17318e-05
-2.81526e-05
-2.48711e-05
-2.18704e-05
-1.91337e-05
-1.66448e-05
-1.43875e-05
-1.23462e-05
-1.05059e-05
-8.85206e-06
-7.37068e-06
-6.04848e-06
-4.87277e-06
-3.83155e-06
-2.91342e-06
-2.10766e-06
-1.40418e-06
-7.93514e-07
-2.66817e-07
1.8422e-07
5.67029e-07
8.89363e-07
1.1559e-06
-0.00146873
-0.00133195
-0.00120041
-0.00107463
-0.000955074
-0.000842123
-0.000736053
-0.000637042
-0.000545176
-0.000460457
-0.000382811
-0.000312093
-0.000248098
-0.00019057
-0.000139209
-9.36825e-05
-5.36325e-05
-1.86845e-05
1.15455e-05
3.7444e-05
5.93946e-05
7.77722e-05
9.29393e-05
0.00010524
0.000114997
0.000122521
-0.00164429
-0.00150377
-0.00136761
-0.00123649
-0.00111093
-0.000991403
-0.000878292
-0.000771887
-0.000672377
-0.000579863
-0.000494363
-0.000415817
-0.000344097
-0.000279015
-0.00022033
-0.000167759
-0.000120984
-7.96604e-05
-4.34279e-05
-1.1914e-05
1.52575e-05
3.84603e-05
5.80612e-05
7.44151e-05
8.78611e-05
9.87176e-05
0.000107286
-0.00166783
-0.00152902
-0.00139439
-0.00126458
-0.00114012
-0.00102146
-0.000909008
-0.000803048
-0.000703776
-0.000611302
-0.000525655
-0.000446789
-0.000374591
-0.000308888
-0.000249457
-0.00019603
-0.000148308
-0.000105963
-6.86504e-05
-3.60126e-05
-7.68839e-06
1.66827e-05
3.7455e-05
5.49725e-05
6.95647e-05
8.1543e-05
9.12e-05
-0.00169011
-0.00155298
-0.00141986
-0.00129137
-0.00116803
-0.0010503
-0.000938571
-0.000833132
-0.000734182
-0.00064184
-0.000556144
-0.00047706
-0.000404488
-0.000338271
-0.000278201
-0.000224026
-0.000175462
-0.000132199
-9.3905e-05
-6.02393e-05
-3.08539e-05
-5.40103e-06
1.64619e-05
3.50683e-05
5.07384e-05
6.37762e-05
7.44678e-05
-0.00170734
-0.00157228
-0.00144105
-0.00131426
-0.00119242
-0.00107599
-0.000965332
-0.000860749
-0.000762441
-0.000670531
-0.000585066
-0.000506024
-0.000433318
-0.000366806
-0.000306295
-0.00025155
-0.000202305
-0.000158264
-0.000119115
-8.45305e-05
-5.41781e-05
-2.7724e-05
-4.83833e-06
1.48008e-05
3.15035e-05
4.55651e-05
5.72649e-05
-0.001718
-0.00158548
-0.00145662
-0.00133201
-0.00121213
-0.00109744
-0.000988287
-0.000884972
-0.000787696
-0.000696585
-0.000611696
-0.000533015
-0.00046047
-0.000393933
-0.000333227
-0.000278135
-0.000228408
-0.000183769
-0.000143921
-0.000108556
-7.73561e-05
-5.0004e-05
-2.61833e-05
-5.58526e-06
1.2089e-05
2.7125e-05
3.97934e-05
-0.00172168
-0.00159218
-0.00146616
-0.00134419
-0.00122673
-0.00111421
-0.001007
-0.000905359
-0.000809505
-0.000719563
-0.000635597
-0.000557604
-0.000485524
-0.000419242
-0.0003586
-0.000303397
-0.000253403
-0.000208359
-0.000167987
-0.000131996
-0.000100088
-7.19595e-05
-4.73104e-05
-2.58456e-05
-7.27901e-06
8.66361e-06
2.22434e-05
-0.00171816
-0.00159214
-0.00146943
-0.00135055
-0.00123595
-0.00112605
-0.00102118
-0.000921618
-0.000827568
-0.000739161
-0.000656464
-0.000579483
-0.000508172
-0.00044243
-0.000382114
-0.000327043
-0.000277004
-0.000231758
-0.000191047
-0.000154598
-0.00012213
-9.33584e-05
-6.79992e-05
-4.57723e-05
-2.64052e-05
-9.63591e-06
4.78583e-06
-0.00170744
-0.00158536
-0.00146639
-0.00135104
-0.00123972
-0.00113284
-0.00103071
-0.000933609
-0.00084173
-0.000755205
-0.000674109
-0.000598455
-0.000528208
-0.000463283
-0.000403553
-0.000348855
-0.000298994
-0.000253751
-0.000212888
-0.000176152
-0.000143279
-0.000114005
-8.80622e-05
-6.51858e-05
-4.51185e-05
-2.76114e-05
-1.2426e-05
-0.00168981
-0.00157209
-0.00145726
-0.00134582
-0.00123817
-0.00113467
-0.00103564
-0.000941349
-0.000851974
-0.000767653
-0.000688463
-0.000614429
-0.000545524
-0.000481677
-0.00042278
-0.000368685
-0.000319217
-0.000274178
-0.000233348
-0.000196494
-0.000163374
-0.00013374
-0.000107342
-8.39339e-05
-6.32721e-05
-4.51219e-05
-2.92576e-05
-0.00166577
-0.00155276
-0.00144243
-0.00133524
-0.00123158
-0.00113179
-0.00103618
-0.000944989
-0.00085841
-0.000776574
-0.000699563
-0.000627409
-0.000560095
-0.000497566
-0.000439727
-0.000386449
-0.000337577
-0.000292931
-0.000252311
-0.000215505
-0.00018229
-0.000152437
-0.000125714
-0.000101892
-8.07434e-05
-6.20481e-05
-4.55934e-05
-0.001636
-0.00152799
-0.00142244
-0.00131978
-0.00122037
-0.00112455
-0.00103261
-0.00094478
-0.000861241
-0.000782129
-0.000707528
-0.000637477
-0.000571973
-0.000510971
-0.000454391
-0.000402124
-0.000354031
-0.000309952
-0.000269708
-0.000233105
-0.00019994
-0.000170003
-0.000143081
-0.000118962
-9.7434e-05
-7.82919e-05
-6.13368e-05
-0.00160129
-0.00149849
-0.00139793
-0.0013
-0.00120506
-0.00111341
-0.00102533
-0.000941048
-0.000860741
-0.000784542
-0.000712539
-0.000644777
-0.000581263
-0.000521966
-0.00046682
-0.000415731
-0.00036858
-0.000325224
-0.000285504
-0.000249247
-0.000216268
-0.000186375
-0.000159374
-0.00013507
-0.000113267
-9.37753e-05
-7.64092e-05
-0.00156247
-0.00146504
-0.0013696
-0.00127654
-0.00118619
-0.00109884
-0.00101476
-0.000934167
-0.000857231
-0.000784085
-0.000714822
-0.000649494
-0.000588115
-0.000530666
-0.000477096
-0.000427328
-0.000381258
-0.000338763
-0.0002997
-0.000263917
-0.000231246
-0.000201515
-0.000174548
-0.000150164
-0.000128186
-0.000108438
-9.07486e-05
-0.0015204
-0.00142839
-0.00133815
-0.00125002
-0.00116433
-0.00108136
-0.00100135
-0.000924529
-0.000851051
-0.000781054
-0.00071463
-0.000651838
-0.000592702
-0.000537213
-0.000485334
-0.000437002
-0.000392129
-0.000350609
-0.000312319
-0.000277121
-0.000244869
-0.000215408
-0.000188576
-0.000164212
-0.000142153
-0.000122238
-0.000104308
-0.00147591
-0.00138932
-0.00130426
-0.00122106
-0.00114004
-0.00106146
-0.000985552
-0.000912528
-0.00084255
-0.00077575
-0.000712224
-0.000652035
-0.000595215
-0.000541767
-0.000491664
-0.000444856
-0.000401274
-0.000360825
-0.000323403
-0.000288889
-0.000257152
-0.000228054
-0.000201451
-0.000177197
-0.000155144
-0.000135145
-0.000117055
-0.00142975
-0.0013485
-0.00126856
-0.00119024
-0.00111384
-0.00103961
-0.000967777
-0.000898541
-0.000832062
-0.00076847
-0.000707864
-0.000650311
-0.00059585
-0.000544492
-0.000496224
-0.000451008
-0.000408787
-0.000369485
-0.000333011
-0.000299262
-0.000268123
-0.000239472
-0.00021318
-0.000189117
-0.00016715
-0.000147144
-0.000128969
-0.00138259
-0.00130656
-0.00123162
-0.00115808
-0.0010862
-0.00101624
-0.00094842
-0.000882921
-0.000819903
-0.000759496
-0.000701799
-0.000646884
-0.000594797
-0.000545557
-0.000499159
-0.000455578
-0.00041477
-0.000376673
-0.00034121
-0.000308292
-0.000277821
-0.000249688
-0.000223781
-0.000199982
-0.000178172
-0.00015823
-0.000140037
-0.00133502
-0.00126404
-0.00119394
-0.00112502
-0.00105754
-0.000991741
-0.000927829
-0.000865983
-0.00080636
-0.000749086
-0.000694263
-0.000641964
-0.000592242
-0.000545122
-0.000500609
-0.000458689
-0.000419328
-0.000382477
-0.000348073
-0.00031604
-0.000286294
-0.00025874
-0.00023328
-0.000209808
-0.00018822
-0.000168407
-0.00015026
-0.00128751
-0.00122136
-0.00115592
-0.00109145
-0.00102821
-0.000966434
-0.000906307
-0.000848009
-0.000791689
-0.000737475
-0.000685467
-0.000635742
-0.000588356
-0.000543341
-0.000500711
-0.00046046
-0.000422564
-0.000386987
-0.000353677
-0.00032257
-0.000293595
-0.000266671
-0.000241711
-0.000218623
-0.000197314
-0.000177686
-0.000159642
-0.00124044
-0.00117891
-0.00111791
-0.0010577
-0.000998524
-0.000940601
-0.000884117
-0.000829239
-0.000776116
-0.00072487
-0.000675602
-0.000628392
-0.000583298
-0.000540359
-0.000499594
-0.000461006
-0.000424582
-0.000390294
-0.0003581
-0.00032795
-0.000299782
-0.000273529
-0.000249114
-0.000226457
-0.000205476
-0.000186085
-0.000168196
-0.00119411
-0.00113695
-0.00108018
-0.00102402
-0.000968712
-0.000914473
-0.000861475
-0.000809881
-0.000759833
-0.000711451
-0.000664836
-0.00062007
-0.000577212
-0.000536306
-0.000497379
-0.000460438
-0.000425479
-0.000392483
-0.00036142
-0.000332247
-0.000304914
-0.000279364
-0.000255531
-0.000233346
-0.000212737
-0.000193627
-0.00017594
-0.00114875
-0.00109572
-0.00104293
-0.000990603
-0.000938974
-0.000888239
-0.000838565
-0.000790108
-0.000743005
-0.000697376
-0.000653319
-0.000610915
-0.000570228
-0.000531305
-0.000494176
-0.000458857
-0.000425349
-0.000393642
-0.000363712
-0.000335529
-0.00030905
-0.000284228
-0.000261007
-0.000239328
-0.000219128
-0.000200339
-0.000182894
-0.00110451
-0.00105535
-0.00100632
-0.00095762
-0.000909466
-0.000862051
-0.000815534
-0.000770064
-0.000725774
-0.000682779
-0.000641178
-0.000601051
-0.000562463
-0.000525465
-0.00049009
-0.000456359
-0.00042428
-0.000393849
-0.000365052
-0.000337863
-0.000312251
-0.000288175
-0.00026559
-0.000244445
-0.000224684
-0.00020625
-0.000189083
-0.00106149
-0.00101598
-0.000970475
-0.000925182
-0.000880306
-0.000836029
-0.000792502
-0.000749868
-0.000708255
-0.000667776
-0.000628525
-0.000590585
-0.000554021
-0.000518884
-0.000485213
-0.000453032
-0.000422355
-0.000393183
-0.000365509
-0.000339314
-0.000314575
-0.000291259
-0.000269327
-0.000248738
-0.000229443
-0.000211393
-0.000194535
-0.00101978
-0.000977664
-0.000935469
-0.000893377
-0.000851586
-0.000810267
-0.000769566
-0.000729619
-0.000690549
-0.000652464
-0.000615459
-0.000579614
-0.000544994
-0.000511653
-0.000479632
-0.000448959
-0.000419651
-0.000391716
-0.000365151
-0.000339945
-0.00031608
-0.000293531
-0.000272266
-0.00025225
-0.000233442
-0.0002158
-0.000199278
-0.000979393
-0.000940457
-0.000901356
-0.000862265
-0.000823371
-0.000784837
-0.000746803
-0.000709396
-0.000672736
-0.000636928
-0.000602063
-0.00056822
-0.000535466
-0.000503854
-0.000473427
-0.000444216
-0.000416242
-0.000389517
-0.000364044
-0.000339817
-0.000316823
-0.000295044
-0.000274454
-0.000255024
-0.000236721
-0.000219508
-0.000203345
-0.000940353
-0.000904378
-0.000868168
-0.000831885
-0.000795709
-0.000759795
-0.000724272
-0.000689265
-0.000654887
-0.000621239
-0.000588411
-0.00055648
-0.000525511
-0.000495559
-0.000466668
-0.000438872
-0.000412196
-0.000386653
-0.000362251
-0.000338989
-0.00031686
-0.000295851
-0.000275941
-0.000257107
-0.000239321
-0.000222553
-0.000206769
-0.000902651
-0.000869434
-0.000835923
-0.000802268
-0.000768639
-0.000735183
-0.000702024
-0.00066928
-0.000637059
-0.000605459
-0.000574566
-0.000544456
-0.000515194
-0.000486835
-0.000459422
-0.000432993
-0.000407573
-0.000383181
-0.000359827
-0.000337515
-0.000316241
-0.000295997
-0.000276768
-0.000258536
-0.000241278
-0.000224968
-0.000209578
-0.000866274
-0.000835625
-0.00080463
-0.000773431
-0.000742187
-0.000711038
-0.000680101
-0.000649489
-0.000619305
-0.000589643
-0.000560587
-0.00053221
-0.000504576
-0.00047774
-0.000451748
-0.000426635
-0.000402431
-0.000379156
-0.000356824
-0.000335442
-0.00031501
-0.000295524
-0.000276974
-0.000259346
-0.000242621
-0.000226779
-0.000211796
-0.00153479
-0.00139828
-0.00126624
-0.00113929
-0.00101795
-0.000902647
-0.000793746
-0.000691506
-0.000596092
-0.00050758
-0.000425964
-0.000351167
-0.000283045
-0.000221395
-0.000165968
-0.000116475
-7.25933e-05
-3.398e-05
-2.75516e-07
2.88878e-05
5.38794e-05
7.50654e-05
9.28036e-05
0.00010744
0.000119305
0.000128725
0.000136035
-0.00146467
-0.00133
-0.00120011
-0.00107556
-0.000956795
-0.000844217
-0.000738153
-0.00063882
-0.000546345
-0.000460771
-0.000382065
-0.000310121
-0.000244775
-0.000185808
-0.000132955
-8.5916e-05
-4.43628e-05
-7.9466e-06
2.36942e-05
5.09274e-05
7.41209e-05
9.36378e-05
0.000109832
0.000123045
0.000133602
0.000141817
0.000148027
-0.00140343
-0.00127027
-0.00114215
-0.00101956
-0.000902928
-0.000792632
-0.000688957
-0.000592086
-0.000502116
-0.000419061
-0.000342861
-0.000273391
-0.000210467
-0.000153852
-0.000103271
-5.8412e-05
-1.89402e-05
1.54987e-05
4.52694e-05
7.07412e-05
9.2282e-05
0.000110254
0.000125008
0.000136882
0.000146197
0.000153254
0.000158378
-0.00148656
-0.00135054
-0.0012191
-0.00109283
-0.000972216
-0.000857664
-0.00074953
-0.000648066
-0.000553429
-0.000465691
-0.000384846
-0.000310818
-0.000243465
-0.000182589
-0.000127946
-7.92509e-05
-3.61874e-05
1.58383e-06
3.44187e-05
6.26822e-05
8.67428e-05
0.000106966
0.000123712
0.000137327
0.000148145
0.000156482
0.000162629
0.000166891
-0.00144263
-0.00130796
-0.00117802
-0.00105336
-0.000934436
-0.000821648
-0.000715329
-0.000615705
-0.000522913
-0.000437007
-0.000357966
-0.0002857
-0.000220055
-0.000160826
-0.000107759
-6.0566e-05
-1.89262e-05
1.75016e-05
4.90736e-05
7.61544e-05
9.91109e-05
0.000118307
0.000134097
0.000146827
0.000156826
0.000164403
0.000169847
0.000173444
-0.00141188
-0.00127821
-0.00114935
-0.00102584
-0.000908119
-0.000796589
-0.000691557
-0.000593236
-0.000501746
-0.000417131
-0.000339358
-0.000268328
-0.00020388
-0.000145802
-9.38361e-05
-4.76902e-05
-7.0421e-06
2.84507e-05
5.91447e-05
8.5404e-05
0.000107594
0.000126077
0.000141206
0.000153322
0.000162752
0.000169803
0.000174761
0.0001779
-0.00139607
-0.00126292
-0.00113463
-0.00101172
-0.000894631
-0.000783755
-0.000679393
-0.000581746
-0.00049093
-0.000406981
-0.000329861
-0.000259467
-0.000195634
-0.000138146
-8.67455e-05
-4.11361e-05
-9.9571e-07
3.40188e-05
6.4264e-05
9.01036e-05
0.000111902
0.000130021
0.000144812
0.000156615
0.000165755
0.000172537
0.000177248
0.000180153
0.000141072
0.000143691
0.000145086
0.000145463
0.000144852
0.000143356
0.000141096
0.000138183
0.000134722
0.000130811
0.000126542
0.000121998
0.000117253
0.000112373
0.000107418
0.000102438
9.74752e-05
9.2567e-05
8.77433e-05
8.30286e-05
7.84425e-05
7.40002e-05
6.97129e-05
6.55885e-05
6.16323e-05
5.78471e-05
5.42339e-05
5.0792e-05
4.75194e-05
4.44134e-05
4.14702e-05
3.86859e-05
3.60557e-05
3.35748e-05
3.12383e-05
2.90407e-05
2.69768e-05
2.5041e-05
2.32277e-05
2.15311e-05
1.99457e-05
1.84652e-05
1.70853e-05
1.57966e-05
0.000152261
0.00015407
0.000154679
0.000154328
0.000153032
0.00015089
0.000148023
0.000144541
0.000140548
0.000136142
0.000131413
0.000126442
0.000121302
0.000116059
0.000110769
0.000105482
0.000100238
9.50722e-05
9.00135e-05
8.50847e-05
8.03035e-05
7.56838e-05
7.12352e-05
6.69644e-05
6.28753e-05
5.89695e-05
5.52468e-05
5.17056e-05
4.8343e-05
4.51553e-05
4.21382e-05
3.92867e-05
3.65958e-05
3.406e-05
3.16738e-05
2.94315e-05
2.73272e-05
2.53551e-05
2.35091e-05
2.17832e-05
2.01715e-05
1.86674e-05
1.72664e-05
1.59587e-05
0.000161801
0.000162965
0.000162932
0.000161954
0.000160062
0.000157357
0.00015396
0.000149982
0.000145528
0.000140692
0.000135564
0.000130225
0.000124746
0.00011919
0.000113613
0.000108062
0.000102578
9.71924e-05
9.19333e-05
8.68221e-05
8.18751e-05
7.71047e-05
7.25193e-05
6.81243e-05
6.39226e-05
5.99148e-05
5.60996e-05
5.24744e-05
4.90358e-05
4.57792e-05
4.26996e-05
3.97916e-05
3.70495e-05
3.44674e-05
3.20394e-05
2.97593e-05
2.76211e-05
2.56184e-05
2.3745e-05
2.19945e-05
2.03607e-05
1.88368e-05
1.74181e-05
1.60944e-05
0.000169584
0.000170245
0.000169709
0.000168217
0.000165832
0.00016266
0.000158824
0.000154436
0.000149598
0.000144407
0.00013895
0.000133307
0.000127548
0.000121736
0.000115923
0.000110157
0.000104476
9.8911e-05
9.34886e-05
8.82287e-05
8.31467e-05
7.82538e-05
7.35572e-05
6.90615e-05
6.47685e-05
6.06779e-05
5.67877e-05
5.30947e-05
4.95945e-05
4.62821e-05
4.3152e-05
4.01983e-05
3.74148e-05
3.47953e-05
3.23336e-05
3.00231e-05
2.78574e-05
2.58301e-05
2.39346e-05
2.21642e-05
2.05127e-05
1.89728e-05
1.75399e-05
1.62034e-05
0.000175508
0.000175799
0.000174893
0.00017301
0.000170246
0.000166715
0.000162541
0.000157835
0.000152702
0.000147238
0.000141528
0.000135652
0.000129679
0.000123669
0.000117677
0.000111746
0.000105915
0.000100213
9.46664e-05
8.92936e-05
8.4109e-05
7.91229e-05
7.4342e-05
6.97699e-05
6.54077e-05
6.12544e-05
5.73074e-05
5.35629e-05
5.00162e-05
4.66616e-05
4.34933e-05
4.0505e-05
3.76903e-05
3.50426e-05
3.25553e-05
3.02218e-05
2.80355e-05
2.59895e-05
2.40774e-05
2.2292e-05
2.06271e-05
1.90752e-05
1.76315e-05
1.62854e-05
0.000179496
0.000179543
0.000178396
0.000176252
0.00017323
0.000169456
0.000165051
0.00016013
0.000154797
0.000149146
0.000143265
0.000137231
0.000131112
0.00012497
0.000118856
0.000112814
0.000106881
0.000101088
9.54572e-05
9.00081e-05
8.47545e-05
7.97059e-05
7.48683e-05
7.02448e-05
6.5836e-05
6.16406e-05
5.76555e-05
5.38765e-05
5.02985e-05
4.69157e-05
4.37218e-05
4.07103e-05
3.78746e-05
3.5208e-05
3.27036e-05
3.03547e-05
2.81545e-05
2.60962e-05
2.41728e-05
2.23775e-05
2.07035e-05
1.91436e-05
1.76928e-05
1.63402e-05
0.000181502
0.000181428
0.000180163
0.000177887
0.000174735
0.000170838
0.000166317
0.000161287
0.000155852
0.000150107
0.000144139
0.000138025
0.000131834
0.000125624
0.000119449
0.000113351
0.000107367
0.000101527
9.58542e-05
9.03669e-05
8.50785e-05
7.99984e-05
7.51323e-05
7.0483e-05
6.60509e-05
6.18343e-05
5.78301e-05
5.40338e-05
5.04401e-05
4.70431e-05
4.38363e-05
4.08132e-05
3.7967e-05
3.52908e-05
3.27779e-05
3.04213e-05
2.82141e-05
2.61495e-05
2.42206e-05
2.24202e-05
2.07418e-05
1.91779e-05
1.77234e-05
1.63676e-05
-0.000197998
-0.000185158
-0.000172797
-0.000160923
-0.000149544
-0.000138667
-0.000128296
-0.000118431
-0.000109069
-0.000100207
-9.1839e-05
-8.3957e-05
-7.65512e-05
-6.96102e-05
-6.3121e-05
-5.70695e-05
-5.14402e-05
-4.6217e-05
-4.13828e-05
-3.69202e-05
-3.28111e-05
-2.90375e-05
-2.55812e-05
-2.2424e-05
-1.95479e-05
-1.69353e-05
-1.45691e-05
-1.24323e-05
-1.05089e-05
-8.78313e-06
-7.24017e-06
-5.86569e-06
-4.64614e-06
-3.56864e-06
-2.62104e-06
-1.79192e-06
-1.0705e-06
-4.46703e-07
8.88899e-08
5.45028e-07
9.29927e-07
1.25089e-06
1.51551e-06
1.72847e-06
-0.000195439
-0.000182309
-0.000169698
-0.000157613
-0.000146059
-0.000135043
-0.000124565
-0.000114624
-0.000105216
-9.63335e-05
-8.79697e-05
-8.01141e-05
-7.27546e-05
-6.58775e-05
-5.94678e-05
-5.35091e-05
-4.79841e-05
-4.28746e-05
-3.81618e-05
-3.38265e-05
-2.98492e-05
-2.62102e-05
-2.28901e-05
-1.98696e-05
-1.71297e-05
-1.46518e-05
-1.24178e-05
-1.04104e-05
-8.61277e-06
-7.00882e-06
-5.58324e-06
-4.32149e-06
-3.20978e-06
-2.23512e-06
-1.38527e-06
-6.4877e-07
-1.48792e-08
5.26429e-07
9.84489e-07
1.36793e-06
1.68484e-06
1.94235e-06
2.14793e-06
2.30597e-06
-0.000192303
-0.000178899
-0.000166057
-0.000153781
-0.000142075
-0.000130941
-0.00012038
-0.000110387
-0.000100956
-9.20784e-05
-8.37433e-05
-7.59381e-05
-6.86485e-05
-6.18585e-05
-5.55505e-05
-4.97062e-05
-4.4306e-05
-3.93297e-05
-3.47568e-05
-3.05661e-05
-2.67367e-05
-2.32476e-05
-2.00778e-05
-1.7207e-05
-1.46151e-05
-1.22827e-05
-1.0191e-05
-8.32197e-06
-6.65827e-06
-5.18343e-06
-3.88184e-06
-2.7387e-06
-1.74009e-06
-8.72915e-07
-1.2493e-07
5.15309e-07
1.05848e-06
1.51451e-06
1.8926e-06
2.20124e-06
2.44833e-06
2.64083e-06
2.78601e-06
2.88799e-06
-0.00018857
-0.000174913
-0.00016186
-0.000149415
-0.000137579
-0.000126353
-0.000115734
-0.000105716
-9.62879e-05
-8.74402e-05
-7.91593e-05
-7.14299e-05
-6.42349e-05
-5.75557e-05
-5.13726e-05
-4.56647e-05
-4.04103e-05
-3.55871e-05
-3.11727e-05
-2.71443e-05
-2.34792e-05
-2.0155e-05
-1.71496e-05
-1.44413e-05
-1.20093e-05
-9.83315e-06
-7.89346e-06
-6.17157e-06
-4.64974e-06
-3.31113e-06
-2.13986e-06
-1.12098e-06
-2.40457e-07
5.14805e-07
1.15704e-06
1.69762e-06
2.1471e-06
2.51527e-06
2.81115e-06
3.04306e-06
3.21868e-06
3.34475e-06
3.42834e-06
3.47325e-06
-0.000184214
-0.000170326
-0.000157087
-0.000144499
-0.00013256
-0.000121269
-0.00011062
-0.000100603
-9.12065e-05
-8.24168e-05
-7.42175e-05
-6.65904e-05
-5.95159e-05
-5.29726e-05
-4.69382e-05
-4.13895e-05
-3.63024e-05
-3.16527e-05
-2.74159e-05
-2.35675e-05
-2.00831e-05
-1.69391e-05
-1.41119e-05
-1.15789e-05
-9.31829e-06
-7.30894e-06
-5.53074e-06
-3.96454e-06
-2.5922e-06
-1.39662e-06
-3.61716e-07
5.2757e-07
1.28529e-06
1.92451e-06
2.45739e-06
2.89516e-06
3.24824e-06
3.5262e-06
3.73787e-06
3.89132e-06
3.99402e-06
4.05243e-06
4.07341e-06
4.0604e-06
-0.000179207
-0.000165114
-0.000151715
-0.000139012
-0.000126999
-0.000115673
-0.000105024
-9.50392e-05
-8.57046e-05
-7.70027e-05
-6.89142e-05
-6.14179e-05
-5.44912e-05
-4.81101e-05
-4.22495e-05
-3.68836e-05
-3.19862e-05
-2.75309e-05
-2.34911e-05
-1.98407e-05
-1.65538e-05
-1.36052e-05
-1.09702e-05
-8.62528e-06
-6.54759e-06
-4.71539e-06
-3.10798e-06
-1.70579e-06
-4.90363e-07
5.55631e-07
1.44838e-06
2.20298e-06
2.83345e-06
3.35275e-06
3.77291e-06
4.10499e-06
4.35917e-06
4.5448e-06
4.67046e-06
4.74394e-06
4.77244e-06
4.76213e-06
4.71963e-06
4.648e-06
-0.00017352
-0.000159249
-0.000145723
-0.000132935
-0.000120881
-0.000109552
-9.89365e-05
-8.90174e-05
-7.97768e-05
-7.11944e-05
-6.32476e-05
-5.5912e-05
-4.91618e-05
-4.29702e-05
-3.73092e-05
-3.21507e-05
-2.74659e-05
-2.32263e-05
-1.94035e-05
-1.59693e-05
-1.28966e-05
-1.01587e-05
-7.72996e-06
-5.58566e-06
-3.70227e-06
-2.0574e-06
-6.29894e-07
6.00204e-07
1.65158e-06
2.54168e-06
3.28676e-06
3.90185e-06
4.40086e-06
4.79663e-06
5.10095e-06
5.32466e-06
5.47767e-06
5.56905e-06
5.60708e-06
5.59924e-06
5.55244e-06
5.47252e-06
5.3658e-06
5.23498e-06
-0.000167127
-0.000152713
-0.000139091
-0.000126255
-0.000114195
-0.000102899
-9.23518e-05
-8.25331e-05
-7.34212e-05
-6.4992e-05
-5.72193e-05
-5.00756e-05
-4.35318e-05
-3.75579e-05
-3.21234e-05
-2.71972e-05
-2.27484e-05
-1.87462e-05
-1.51601e-05
-1.19606e-05
-9.11886e-06
-6.6069e-06
-4.39804e-06
-2.46673e-06
-7.88712e-07
6.58941e-07
1.8978e-06
2.94807e-06
3.82858e-06
4.55685e-06
5.14906e-06
5.62014e-06
5.98384e-06
6.25275e-06
6.43841e-06
6.55135e-06
6.60117e-06
6.59662e-06
6.54563e-06
6.45535e-06
6.33234e-06
6.18207e-06
6.01057e-06
5.82012e-06
-0.000160006
-0.000145484
-0.000131805
-0.000118958
-0.000106931
-9.57068e-05
-8.52662e-05
-7.55854e-05
-6.66386e-05
-5.83978e-05
-5.08335e-05
-4.39142e-05
-3.76076e-05
-3.18807e-05
-2.66998e-05
-2.20315e-05
-1.78422e-05
-1.40991e-05
-1.07699e-05
-7.82327e-06
-5.22894e-06
-2.95788e-06
-9.82364e-07
7.23941e-07
2.18589e-06
3.42686e-06
4.46872e-06
5.33184e-06
6.0351e-06
6.59598e-06
7.03053e-06
7.3535e-06
7.57837e-06
7.71745e-06
7.78194e-06
7.78201e-06
7.72692e-06
7.62503e-06
7.48388e-06
7.31025e-06
7.1103e-06
6.88915e-06
6.65248e-06
6.40212e-06
-0.000152137
-0.000137547
-0.000123852
-0.000111037
-9.90835e-05
-8.79724e-05
-7.76791e-05
-6.81759e-05
-5.94326e-05
-5.14175e-05
-4.40968e-05
-3.74355e-05
-3.13979e-05
-2.59477e-05
-2.10483e-05
-1.66636e-05
-1.27576e-05
-9.29538e-06
-6.24283e-06
-3.56704e-06
-1.23642e-06
7.79168e-07
2.50833e-06
3.97807e-06
5.21373e-06
6.23903e-06
7.07603e-06
7.74515e-06
8.26525e-06
8.65365e-06
8.9262e-06
9.09735e-06
9.18028e-06
9.18692e-06
9.12807e-06
9.01352e-06
8.85209e-06
8.65171e-06
8.41952e-06
8.16185e-06
7.88448e-06
7.59211e-06
7.29005e-06
6.97968e-06
-0.000143501
-0.00012889
-0.000115224
-0.000102485
-9.06504e-05
-7.96964e-05
-6.95936e-05
-6.03098e-05
-5.18104e-05
-4.40594e-05
-3.70189e-05
-3.06502e-05
-2.4914e-05
-1.97707e-05
-1.51809e-05
-1.11055e-05
-7.5065e-06
-4.34675e-06
-1.5904e-06
7.96938e-07
2.84807e-06
4.59413e-06
6.06446e-06
7.28663e-06
8.28636e-06
9.08758e-06
9.71242e-06
1.01813e-05
1.05128e-05
1.07241e-05
1.08308e-05
1.08469e-05
1.07852e-05
1.06572e-05
1.04732e-05
1.02426e-05
9.97375e-06
9.67404e-06
9.35018e-06
9.00806e-06
8.653e-06
8.28927e-06
7.92179e-06
7.55146e-06
-0.000134089
-0.000119503
-0.000105915
-9.33012e-05
-8.16339e-05
-7.08837e-05
-6.10169e-05
-5.19961e-05
-4.37825e-05
-3.63353e-05
-2.96126e-05
-2.35718e-05
-1.81699e-05
-1.3364e-05
-9.11168e-06
-5.37143e-06
-2.10277e-06
7.33353e-07
3.17445e-06
5.25629e-06
7.01277e-06
8.47587e-06
9.67557e-06
1.06398e-05
1.13947e-05
1.19641e-05
1.23701e-05
1.2633e-05
1.27712e-05
1.28015e-05
1.27389e-05
1.25972e-05
1.23887e-05
1.21242e-05
1.18138e-05
1.14661e-05
1.10889e-05
1.06894e-05
1.02735e-05
9.84673e-06
9.41395e-06
8.97893e-06
8.54619e-06
8.11613e-06
-0.000123891
-0.000109385
-9.59279e-05
-8.34905e-05
-7.2041e-05
-6.1544e-05
-5.19605e-05
-4.32483e-05
-3.53636e-05
-2.8261e-05
-2.18944e-05
-1.62171e-05
-1.11825e-05
-6.74438e-06
-2.85745e-06
5.22409e-07
3.43784e-06
5.92978e-06
8.03728e-06
9.79731e-06
1.12448e-05
1.24123e-05
1.33304e-05
1.40272e-05
1.4529e-05
1.48595e-05
1.50409e-05
1.50928e-05
1.50336e-05
1.48794e-05
1.46448e-05
1.43431e-05
1.3986e-05
1.35838e-05
1.31459e-05
1.26804e-05
1.21946e-05
1.16949e-05
1.1187e-05
1.06757e-05
1.01654e-05
9.65937e-06
9.16173e-06
8.67234e-06
-0.000112906
-9.85383e-05
-8.52682e-05
-7.30628e-05
-6.18844e-05
-5.16921e-05
-4.24413e-05
-3.40844e-05
-2.65728e-05
-1.98563e-05
-1.38843e-05
-8.60627e-06
-3.97181e-06
6.84694e-08
3.56272e-06
6.55752e-06
9.09763e-06
1.12257e-05
1.29821e-05
1.4405e-05
1.553e-05
1.63903e-05
1.70167e-05
1.74376e-05
1.76789e-05
1.77646e-05
1.7716e-05
1.75529e-05
1.72927e-05
1.69513e-05
1.65427e-05
1.60794e-05
1.55724e-05
1.50316e-05
1.44657e-05
1.38821e-05
1.32876e-05
1.2688e-05
1.20883e-05
1.14928e-05
1.09054e-05
1.03289e-05
9.76689e-06
9.21876e-06
-0.000101143
-8.69732e-05
-7.39502e-05
-6.20347e-05
-5.11834e-05
-4.13491e-05
-3.24815e-05
-2.45277e-05
-1.74339e-05
-1.11451e-05
-5.60642e-06
-7.63031e-07
3.43891e-06
7.05198e-06
1.01271e-05
1.27132e-05
1.48569e-05
1.66024e-05
1.79915e-05
1.9063e-05
1.98532e-05
2.03958e-05
2.07216e-05
2.08589e-05
2.08336e-05
2.06691e-05
2.03866e-05
2.0005e-05
1.95413e-05
1.90106e-05
1.84264e-05
1.78004e-05
1.7143e-05
1.64633e-05
1.57693e-05
1.50678e-05
1.43649e-05
1.36657e-05
1.29748e-05
1.22958e-05
1.1632e-05
1.09857e-05
1.03601e-05
9.75402e-06
-8.86147e-05
-7.47087e-05
-6.19956e-05
-5.04305e-05
-3.99639e-05
-3.05423e-05
-2.21095e-05
-1.46071e-05
-7.97597e-06
-2.15642e-06
2.91101e-06
7.28503e-06
1.1023e-05
1.41806e-05
1.68113e-05
1.89663e-05
2.06938e-05
2.20397e-05
2.30464e-05
2.37537e-05
2.41983e-05
2.44138e-05
2.44313e-05
2.42788e-05
2.39817e-05
2.35629e-05
2.30431e-05
2.24406e-05
2.17716e-05
2.10504e-05
2.02898e-05
1.95008e-05
1.86929e-05
1.78745e-05
1.70527e-05
1.62339e-05
1.54233e-05
1.46254e-05
1.38441e-05
1.30825e-05
1.23433e-05
1.16282e-05
1.094e-05
1.02768e-05
-7.53471e-05
-6.1773e-05
-4.94353e-05
-3.82828e-05
-2.82598e-05
-1.93065e-05
-1.13603e-05
-4.35745e-06
1.76655e-06
7.07618e-06
1.16353e-05
1.55064e-05
1.87504e-05
2.14257e-05
2.35884e-05
2.52914e-05
2.65848e-05
2.75153e-05
2.81264e-05
2.84583e-05
2.85477e-05
2.84286e-05
2.81314e-05
2.76839e-05
2.71111e-05
2.64351e-05
2.56759e-05
2.48509e-05
2.39757e-05
2.30636e-05
2.21266e-05
2.11748e-05
2.02169e-05
1.92605e-05
1.8312e-05
1.73769e-05
1.64596e-05
1.55642e-05
1.46937e-05
1.38507e-05
1.30372e-05
1.22546e-05
1.15049e-05
1.07858e-05
-6.13764e-05
-4.82049e-05
-3.63097e-05
-2.56333e-05
-1.61136e-05
-7.68409e-06
-2.76018e-07
6.17994e-06
1.17535e-05
1.65138e-05
2.05291e-05
2.38656e-05
2.65874e-05
2.87557e-05
3.04286e-05
3.1661e-05
3.25041e-05
3.30057e-05
3.32097e-05
3.31567e-05
3.28834e-05
3.24233e-05
3.18068e-05
3.10608e-05
3.02095e-05
2.92746e-05
2.82749e-05
2.7227e-05
2.61456e-05
2.50431e-05
2.39303e-05
2.28167e-05
2.171e-05
2.06169e-05
1.95431e-05
1.84931e-05
1.74708e-05
1.64793e-05
1.55211e-05
1.45982e-05
1.3712e-05
1.28632e-05
1.20534e-05
1.12797e-05
-4.67518e-05
-3.40552e-05
-2.26704e-05
-1.25338e-05
-3.5767e-06
4.27427e-06
1.10939e-05
1.69571e-05
2.19386e-05
2.61124e-05
2.95506e-05
3.23231e-05
3.44969e-05
3.61357e-05
3.72996e-05
3.8045e-05
3.84241e-05
3.84853e-05
3.82731e-05
3.78277e-05
3.71859e-05
3.63807e-05
3.54416e-05
3.4395e-05
3.32643e-05
3.20699e-05
3.08298e-05
2.95597e-05
2.82731e-05
2.69814e-05
2.56946e-05
2.44208e-05
2.31672e-05
2.19393e-05
2.07419e-05
1.9579e-05
1.84535e-05
1.73679e-05
1.6324e-05
1.53229e-05
1.43658e-05
1.34524e-05
1.2584e-05
1.17572e-05
-3.15364e-05
-1.93872e-05
-8.58073e-06
9.53249e-07
9.28983e-06
1.65092e-05
2.26922e-05
2.79192e-05
3.22698e-05
3.58225e-05
3.86533e-05
4.08353e-05
4.24382e-05
4.35281e-05
4.41666e-05
4.44113e-05
4.43153e-05
4.39274e-05
4.3292e-05
4.24492e-05
4.14352e-05
4.02825e-05
3.90196e-05
3.76721e-05
3.62621e-05
3.48093e-05
3.33304e-05
3.18398e-05
3.035e-05
2.88714e-05
2.74128e-05
2.59814e-05
2.45832e-05
2.3223e-05
2.19046e-05
2.06312e-05
1.94049e-05
1.82274e-05
1.70998e-05
1.60228e-05
1.49965e-05
1.40205e-05
1.30954e-05
1.22171e-05
-1.58084e-05
-4.27832e-06
5.88362e-06
1.47541e-05
2.24147e-05
2.89523e-05
3.44536e-05
3.90042e-05
4.26885e-05
4.55892e-05
4.77857e-05
4.93543e-05
5.03672e-05
5.08921e-05
5.09922e-05
5.07258e-05
5.01468e-05
4.93037e-05
4.82409e-05
4.6998e-05
4.56106e-05
4.411e-05
4.25241e-05
4.0877e-05
3.91899e-05
3.7481e-05
3.57659e-05
3.40579e-05
3.2368e-05
3.07057e-05
2.90785e-05
2.74927e-05
2.59531e-05
2.44636e-05
2.30272e-05
2.16461e-05
2.03217e-05
1.9055e-05
1.78463e-05
1.66956e-05
1.56026e-05
1.4566e-05
1.35861e-05
1.26582e-05
3.37632e-07
1.11796e-05
2.06338e-05
2.87834e-05
3.57163e-05
4.15259e-05
4.63047e-05
5.01431e-05
5.31302e-05
5.53522e-05
5.68922e-05
5.78288e-05
5.82364e-05
5.81843e-05
5.77367e-05
5.69526e-05
5.58857e-05
5.45847e-05
5.30932e-05
5.14504e-05
4.96906e-05
4.78443e-05
4.5938e-05
4.39946e-05
4.20339e-05
4.00729e-05
3.81258e-05
3.62045e-05
3.43188e-05
3.24769e-05
3.06853e-05
2.89489e-05
2.72718e-05
2.56567e-05
2.41058e-05
2.26204e-05
2.12011e-05
1.98481e-05
1.85611e-05
1.73394e-05
1.61821e-05
1.50874e-05
1.40548e-05
1.30792e-05
1.67905e-05
2.68795e-05
3.55676e-05
4.29439e-05
4.91025e-05
5.41432e-05
5.81641e-05
6.126e-05
6.35241e-05
6.50463e-05
6.59124e-05
6.62035e-05
6.59955e-05
6.53589e-05
6.43586e-05
6.30538e-05
6.14981e-05
5.97397e-05
5.78216e-05
5.57816e-05
5.36533e-05
5.14657e-05
4.92439e-05
4.70094e-05
4.47807e-05
4.25731e-05
4.03994e-05
3.82702e-05
3.61941e-05
3.41778e-05
3.22267e-05
3.03445e-05
2.85343e-05
2.6798e-05
2.51366e-05
2.35507e-05
2.204e-05
2.06042e-05
1.92421e-05
1.79524e-05
1.67335e-05
1.5583e-05
1.45001e-05
1.34792e-05
3.34219e-05
4.26998e-05
5.05694e-05
5.71264e-05
6.24709e-05
6.67085e-05
6.99425e-05
7.22721e-05
7.3794e-05
7.46014e-05
7.47823e-05
7.44198e-05
7.35912e-05
7.23676e-05
7.08142e-05
6.89903e-05
6.69489e-05
6.47374e-05
6.23978e-05
5.99669e-05
5.74766e-05
5.49546e-05
5.24244e-05
4.99062e-05
4.74166e-05
4.49694e-05
4.25762e-05
4.02459e-05
3.79858e-05
3.58012e-05
3.36964e-05
3.1674e-05
2.9736e-05
2.78832e-05
2.61159e-05
2.44338e-05
2.28358e-05
2.13208e-05
1.98871e-05
1.85325e-05
1.7255e-05
1.60516e-05
1.4921e-05
1.38569e-05
5.00873e-05
5.85038e-05
6.5511e-05
7.12107e-05
7.57089e-05
7.91171e-05
8.15433e-05
8.30903e-05
8.38582e-05
8.39427e-05
8.34339e-05
8.24163e-05
8.09678e-05
7.91603e-05
7.70587e-05
7.47219e-05
7.22021e-05
6.95458e-05
6.67936e-05
6.39808e-05
6.1138e-05
5.82912e-05
5.54622e-05
5.26694e-05
4.9928e-05
4.72501e-05
4.46457e-05
4.21223e-05
3.96857e-05
3.73401e-05
3.50883e-05
3.2932e-05
3.0872e-05
2.89083e-05
2.70402e-05
2.52666e-05
2.35857e-05
2.19956e-05
2.0494e-05
1.9078e-05
1.77451e-05
1.64918e-05
1.53161e-05
1.42114e-05
6.66272e-05
7.41421e-05
8.02519e-05
8.50656e-05
8.86951e-05
9.12569e-05
9.28631e-05
9.36201e-05
9.36304e-05
9.29919e-05
9.17962e-05
9.01288e-05
8.80679e-05
8.56855e-05
8.3046e-05
8.02075e-05
7.72213e-05
7.41325e-05
7.09802e-05
6.77982e-05
6.46153e-05
6.14558e-05
5.83398e-05
5.52839e-05
5.23016e-05
4.94034e-05
4.65977e-05
4.38904e-05
4.12861e-05
3.87875e-05
3.63964e-05
3.41132e-05
3.19378e-05
2.98693e-05
2.7906e-05
2.60461e-05
2.42871e-05
2.26264e-05
2.10609e-05
1.95873e-05
1.82025e-05
1.69023e-05
1.56844e-05
1.45417e-05
8.28674e-05
8.94528e-05
9.46411e-05
9.85507e-05
0.000101299
0.000103008
0.000103793
0.000103762
0.00010302
0.000101667
9.9796e-05
9.74915e-05
9.48327e-05
9.18907e-05
8.87295e-05
8.54059e-05
8.19699e-05
7.84652e-05
7.49292e-05
7.1394e-05
6.78865e-05
6.44292e-05
6.10404e-05
5.77349e-05
5.45245e-05
5.1418e-05
4.84221e-05
4.55416e-05
4.27793e-05
4.01369e-05
3.76149e-05
3.52127e-05
3.29292e-05
3.07624e-05
2.87101e-05
2.67695e-05
2.49376e-05
2.32109e-05
2.15859e-05
2.00587e-05
1.86256e-05
1.72819e-05
1.60249e-05
1.48469e-05
9.8622e-05
0.000104264
0.000108518
0.000111517
0.000113385
0.000114246
0.000114218
0.000113412
0.000111935
0.000109886
0.000107358
0.000104438
0.000101203
9.77234e-05
9.40626e-05
9.02759e-05
8.64117e-05
8.2512e-05
7.86126e-05
7.47435e-05
7.093e-05
6.71924e-05
6.35474e-05
6.00079e-05
5.65839e-05
5.32828e-05
5.01096e-05
4.70675e-05
4.41582e-05
4.1382e-05
3.87384e-05
3.62257e-05
3.38418e-05
3.15841e-05
2.94493e-05
2.74341e-05
2.55348e-05
2.37473e-05
2.20674e-05
2.04908e-05
1.90132e-05
1.76295e-05
1.63366e-05
1.51261e-05
0.000113712
0.000118396
0.000121711
0.000123806
0.000124807
0.000124838
0.00012402
0.000122464
0.000120278
0.000117561
0.000114407
0.0001109
0.000107118
0.000103131
9.89988e-05
9.47766e-05
9.05108e-05
8.62416e-05
8.20029e-05
7.78229e-05
7.37248e-05
6.97272e-05
6.58448e-05
6.2089e-05
5.84678e-05
5.49872e-05
5.16506e-05
4.846e-05
4.54156e-05
4.25167e-05
3.97615e-05
3.71476e-05
3.46718e-05
3.23308e-05
3.01208e-05
2.80374e-05
2.60766e-05
2.42336e-05
2.25037e-05
2.08822e-05
1.93641e-05
1.79441e-05
1.66185e-05
1.53787e-05
0.000128002
0.000131686
0.000134046
0.000135255
0.000135418
0.000134652
0.000133079
0.000130811
0.000127955
0.00012461
0.000120868
0.000116813
0.000112522
0.000108062
0.000103494
9.88695e-05
9.42336e-05
8.96246e-05
8.50745e-05
8.06097e-05
7.62514e-05
7.20166e-05
6.7918e-05
6.39653e-05
6.01651e-05
5.65216e-05
5.3037e-05
4.97119e-05
4.65453e-05
4.35354e-05
4.06795e-05
3.79742e-05
3.54157e-05
3.29997e-05
3.07218e-05
2.85772e-05
2.6561e-05
2.46681e-05
2.28935e-05
2.12316e-05
1.96773e-05
1.82248e-05
1.687e-05
1.56039e-05
-0.000802918
-0.000774276
-0.000745384
-0.000716369
-0.000687376
-0.000658526
-0.000629922
-0.000601661
-0.000573833
-0.000546519
-0.00051979
-0.000493709
-0.000468329
-0.000443696
-0.000835605
-0.000804619
-0.000773436
-0.00074219
-0.000711034
-0.000680097
-0.000649485
-0.000619302
-0.00058964
-0.000560584
-0.000532207
-0.000504574
-0.000477737
-0.000451742
-0.000426628
-0.000402428
-0.000379157
-0.000356823
-0.00033544
-0.000315009
-0.000295523
-0.000276973
-0.000259345
-0.000242621
-0.000226779
-0.000211795
-0.000869415
-0.000835914
-0.000802276
-0.000768646
-0.000735183
-0.000702023
-0.000669279
-0.000637058
-0.000605458
-0.000574565
-0.000544454
-0.000515192
-0.000486831
-0.000459417
-0.000432987
-0.00040757
-0.00038318
-0.000359825
-0.000337513
-0.00031624
-0.000295996
-0.000276767
-0.000258535
-0.000241277
-0.000224968
-0.000209577
-0.000904357
-0.000868158
-0.000831894
-0.000795716
-0.000759794
-0.00072427
-0.000689264
-0.000654886
-0.000621238
-0.000588409
-0.000556478
-0.000525509
-0.000495557
-0.000466665
-0.000438869
-0.000412194
-0.000386652
-0.00036225
-0.000338988
-0.000316859
-0.00029585
-0.00027594
-0.000257106
-0.000239321
-0.000222553
-0.000206769
-0.000940433
-0.000901344
-0.000862271
-0.000823375
-0.000784834
-0.000746799
-0.000709393
-0.000672734
-0.000636926
-0.000602061
-0.000568218
-0.000535464
-0.000503852
-0.000473424
-0.000444214
-0.000416241
-0.000389517
-0.000364043
-0.000339816
-0.000316822
-0.000295043
-0.000274453
-0.000255024
-0.000236721
-0.000219508
-0.000203345
-0.000977639
-0.000935456
-0.000893382
-0.000851589
-0.000810263
-0.000769562
-0.000729616
-0.000690546
-0.000652461
-0.000615457
-0.000579612
-0.000544992
-0.000511652
-0.00047963
-0.000448957
-0.00041965
-0.000391715
-0.00036515
-0.000339944
-0.000316079
-0.00029353
-0.000272265
-0.000252249
-0.000233442
-0.0002158
-0.000199278
-0.00101595
-0.000970462
-0.000925187
-0.000880309
-0.000836024
-0.000792497
-0.000749864
-0.000708252
-0.000667773
-0.000628523
-0.000590583
-0.000554019
-0.000518882
-0.000485211
-0.000453031
-0.000422354
-0.000393182
-0.000365508
-0.000339313
-0.000314574
-0.000291258
-0.000269327
-0.000248737
-0.000229443
-0.000211393
-0.000194535
-0.00105533
-0.00100631
-0.000957625
-0.000909469
-0.000862046
-0.000815529
-0.00077006
-0.00072577
-0.000682776
-0.000641175
-0.000601048
-0.000562461
-0.000525463
-0.000490088
-0.000456357
-0.000424279
-0.000393848
-0.000365051
-0.000337862
-0.00031225
-0.000288175
-0.00026559
-0.000244445
-0.000224684
-0.00020625
-0.000189083
-0.00109569
-0.00104291
-0.000990608
-0.000938976
-0.000888233
-0.000838559
-0.000790103
-0.000743002
-0.000697372
-0.000653316
-0.000610912
-0.000570226
-0.000531303
-0.000494175
-0.000458856
-0.000425348
-0.000393641
-0.000363712
-0.000335528
-0.00030905
-0.000284228
-0.000261007
-0.000239328
-0.000219128
-0.000200339
-0.000182894
-0.00113693
-0.00108016
-0.00102402
-0.000968713
-0.000914467
-0.000861469
-0.000809876
-0.000759829
-0.000711447
-0.000664833
-0.000620067
-0.00057721
-0.000536305
-0.000497377
-0.000460437
-0.000425478
-0.000392483
-0.000361419
-0.000332246
-0.000304914
-0.000279363
-0.000255531
-0.000233346
-0.000212737
-0.000193627
-0.00017594
-0.00117888
-0.0011179
-0.0010577
-0.000998524
-0.000940595
-0.00088411
-0.000829234
-0.000776111
-0.000724866
-0.000675598
-0.000628389
-0.000583296
-0.000540357
-0.000499593
-0.000461005
-0.000424581
-0.000390293
-0.0003581
-0.00032795
-0.000299782
-0.000273529
-0.000249114
-0.000226457
-0.000205476
-0.000186085
-0.000168196
-0.00122134
-0.00115591
-0.00109146
-0.00102821
-0.000966427
-0.000906301
-0.000848004
-0.000791685
-0.000737471
-0.000685463
-0.000635739
-0.000588354
-0.000543339
-0.00050071
-0.000460459
-0.000422564
-0.000386987
-0.000353677
-0.000322571
-0.000293596
-0.000266671
-0.000241711
-0.000218624
-0.000197314
-0.000177686
-0.000159642
-0.00126401
-0.00119393
-0.00112502
-0.00105754
-0.000991734
-0.000927822
-0.000865978
-0.000806355
-0.000749082
-0.000694259
-0.000641962
-0.00059224
-0.00054512
-0.000500608
-0.000458688
-0.000419327
-0.000382477
-0.000348073
-0.000316041
-0.000286294
-0.000258741
-0.00023328
-0.000209809
-0.000188221
-0.000168407
-0.00015026
-0.00130655
-0.00123162
-0.00115808
-0.0010862
-0.00101624
-0.000948413
-0.000882915
-0.000819898
-0.000759491
-0.000701795
-0.000646882
-0.000594795
-0.000545555
-0.000499158
-0.000455578
-0.00041477
-0.000376673
-0.00034121
-0.000308293
-0.000277821
-0.000249689
-0.000223781
-0.000199982
-0.000178172
-0.000158231
-0.000140038
-0.00134849
-0.00126855
-0.00119024
-0.00111383
-0.0010396
-0.000967771
-0.000898535
-0.000832057
-0.000768466
-0.00070786
-0.000650308
-0.000595848
-0.000544491
-0.000496223
-0.000451008
-0.000408787
-0.000369485
-0.000333012
-0.000299263
-0.000268124
-0.000239472
-0.000213181
-0.000189118
-0.000167151
-0.000147145
-0.000128969
-0.00138931
-0.00130425
-0.00122106
-0.00114003
-0.00106145
-0.000985545
-0.000912522
-0.000842545
-0.000775745
-0.00071222
-0.000652032
-0.000595213
-0.000541765
-0.000491663
-0.000444856
-0.000401274
-0.000360825
-0.000323404
-0.00028889
-0.000257153
-0.000228055
-0.000201452
-0.000177198
-0.000155145
-0.000135146
-0.000117056
-0.00142839
-0.00133814
-0.00125001
-0.00116432
-0.00108135
-0.00100135
-0.000924523
-0.000851046
-0.000781049
-0.000714626
-0.000651835
-0.0005927
-0.000537212
-0.000485334
-0.000437002
-0.000392129
-0.00035061
-0.00031232
-0.000277123
-0.000244871
-0.000215409
-0.000188577
-0.000164213
-0.000142154
-0.000122239
-0.000104309
-0.00146503
-0.0013696
-0.00127653
-0.00118618
-0.00109883
-0.00101476
-0.000934161
-0.000857225
-0.000784081
-0.000714819
-0.000649491
-0.000588113
-0.000530665
-0.000477096
-0.000427328
-0.000381259
-0.000338763
-0.000299701
-0.000263918
-0.000231247
-0.000201517
-0.000174549
-0.000150166
-0.000128188
-0.00010844
-9.07493e-05
-0.00149849
-0.00139793
-0.00129999
-0.00120505
-0.0011134
-0.00102532
-0.000941042
-0.000860736
-0.000784537
-0.000712535
-0.000644775
-0.000581261
-0.000521965
-0.000466819
-0.000415731
-0.00036858
-0.000325225
-0.000285506
-0.000249248
-0.000216269
-0.000186377
-0.000159376
-0.000135072
-0.000113269
-9.37766e-05
-7.641e-05
-0.001528
-0.00142244
-0.00131976
-0.00122036
-0.00112455
-0.00103261
-0.000944773
-0.000861235
-0.000782124
-0.000707524
-0.000637474
-0.000571971
-0.00051097
-0.000454391
-0.000402124
-0.000354032
-0.000309953
-0.000269709
-0.000233106
-0.000199941
-0.000170005
-0.000143083
-0.000118964
-9.74357e-05
-7.82934e-05
-6.13377e-05
-0.00155277
-0.00144243
-0.00133522
-0.00123156
-0.00113178
-0.00103617
-0.000944982
-0.000858404
-0.00077657
-0.00069956
-0.000627406
-0.000560093
-0.000497565
-0.000439727
-0.00038645
-0.000337578
-0.000292932
-0.000252313
-0.000215507
-0.000182292
-0.000152439
-0.000125716
-0.000101894
-8.07453e-05
-6.20497e-05
-4.55944e-05
-0.0015721
-0.00145726
-0.0013458
-0.00123815
-0.00113466
-0.00103564
-0.000941342
-0.000851968
-0.000767648
-0.000688459
-0.000614426
-0.000545522
-0.000481676
-0.000422779
-0.000368685
-0.000319218
-0.000274179
-0.000233349
-0.000196496
-0.000163376
-0.000133742
-0.000107345
-8.3936e-05
-6.32741e-05
-4.51236e-05
-2.92587e-05
-0.00158538
-0.00146639
-0.00135102
-0.00123971
-0.00113283
-0.0010307
-0.000933602
-0.000841723
-0.0007552
-0.000674105
-0.000598452
-0.000528206
-0.000463282
-0.000403553
-0.000348856
-0.000298995
-0.000253753
-0.00021289
-0.000176154
-0.000143282
-0.000114008
-8.80645e-05
-6.51881e-05
-4.51207e-05
-2.76133e-05
-1.24273e-05
-0.00159217
-0.00146943
-0.00135052
-0.00123594
-0.00112604
-0.00102117
-0.000921611
-0.000827562
-0.000739156
-0.000656459
-0.00057948
-0.00050817
-0.000442429
-0.000382114
-0.000327044
-0.000277005
-0.00023176
-0.000191049
-0.0001546
-0.000122132
-9.33609e-05
-6.80016e-05
-4.57747e-05
-2.64075e-05
-9.63797e-06
4.7844e-06
-0.0015922
-0.00146616
-0.00134416
-0.00122671
-0.00111421
-0.00100699
-0.000905352
-0.000809498
-0.000719558
-0.000635593
-0.000557601
-0.000485521
-0.000419241
-0.000358599
-0.000303398
-0.000253404
-0.00020836
-0.000167989
-0.000131999
-0.000100091
-7.19621e-05
-4.73129e-05
-2.58481e-05
-7.28147e-06
8.66139e-06
2.22418e-05
-0.0015855
-0.00145661
-0.00133198
-0.00121211
-0.00109743
-0.000988279
-0.000884965
-0.000787689
-0.00069658
-0.000611691
-0.000533012
-0.000460468
-0.000393932
-0.000333226
-0.000278136
-0.000228409
-0.00018377
-0.000143923
-0.000108558
-7.73587e-05
-5.00067e-05
-2.61861e-05
-5.58793e-06
1.20864e-05
2.71226e-05
3.97916e-05
-0.0015723
-0.00144104
-0.00131423
-0.0011924
-0.00107598
-0.000965324
-0.000860742
-0.000762434
-0.000670525
-0.000585061
-0.00050602
-0.000433316
-0.000366804
-0.000306294
-0.00025155
-0.000202306
-0.000158266
-0.000119117
-8.4533e-05
-5.41808e-05
-2.77268e-05
-4.84118e-06
1.4798e-05
3.15008e-05
4.55626e-05
5.72629e-05
-0.001553
-0.00141984
-0.00129134
-0.00116801
-0.00105029
-0.000938563
-0.000833123
-0.000734175
-0.000641834
-0.000556139
-0.000477056
-0.000404485
-0.00033827
-0.0002782
-0.000224026
-0.000175463
-0.0001322
-9.3907e-05
-6.02418e-05
-3.08566e-05
-5.40394e-06
1.6459e-05
3.50654e-05
5.07356e-05
6.37737e-05
7.44656e-05
-0.00152903
-0.00139438
-0.00126455
-0.0011401
-0.00102145
-0.000908999
-0.000803039
-0.000703768
-0.000611295
-0.000525649
-0.000446784
-0.000374588
-0.000308886
-0.000249456
-0.00019603
-0.000148309
-0.000105965
-6.86523e-05
-3.60149e-05
-7.691e-06
1.66799e-05
3.74522e-05
5.49697e-05
6.95621e-05
8.15406e-05
9.11977e-05
-0.00150377
-0.0013676
-0.00123647
-0.00111092
-0.000991395
-0.000878284
-0.000771879
-0.00067237
-0.000579857
-0.000494357
-0.000415812
-0.000344094
-0.000279013
-0.000220329
-0.000167758
-0.000120984
-7.96614e-05
-4.34294e-05
-1.19159e-05
1.52553e-05
3.84579e-05
5.80588e-05
7.44128e-05
8.7859e-05
9.87155e-05
0.000107285
-0.00146873
-0.00133194
-0.00120039
-0.00107462
-0.000955068
-0.000842116
-0.000736046
-0.000637035
-0.000545169
-0.000460452
-0.000382806
-0.000312089
-0.000248096
-0.000190568
-0.000139208
-9.36823e-05
-5.36328e-05
-1.86853e-05
1.15443e-05
3.74426e-05
5.9393e-05
7.77706e-05
9.29378e-05
0.000105239
0.000114996
0.000122519
)
;

boundaryField
{
    down
    {
        type            symmetryPlane;
    }
    right
    {
        type            fixedValue;
        value           nonuniform List<scalar> 0();
    }
    up
    {
        type            symmetryPlane;
    }
    left
    {
        type            zeroGradient;
    }
    cylinder
    {
        type            zeroGradient;
    }
    frontAndBack
    {
        type            empty;
    }
    procBoundary6to2
    {
        type            processor;
        value           nonuniform List<scalar> 
71
(
-0.000200015
-0.000187477
-0.00017538
-0.000163735
-0.00015255
-0.000141833
-0.00013159
-0.000121822
-0.000112529
-0.00010371
-9.53603e-05
-8.74744e-05
-8.00445e-05
-7.30612e-05
-6.65136e-05
-6.03895e-05
-5.46755e-05
-4.93573e-05
-4.44195e-05
-3.98463e-05
-3.56212e-05
-3.17277e-05
-2.81488e-05
-2.48676e-05
-2.18671e-05
-1.91307e-05
-1.6642e-05
-1.43849e-05
-1.23438e-05
-1.05037e-05
-8.85003e-06
-7.36882e-06
-6.04676e-06
-4.8712e-06
-3.83012e-06
-2.91213e-06
-2.10651e-06
-1.40314e-06
-7.92578e-07
-2.65987e-07
1.84959e-07
5.67687e-07
8.89895e-07
1.15653e-06
-0.000771332
-0.000744872
-0.000718118
-0.00069119
-0.000664223
-0.000637334
-0.000610618
-0.00058417
-0.000558074
-0.00053241
-0.000507247
-0.000482645
-0.000458658
-0.000435332
-0.000419852
-0.000419852
-0.000396825
-0.000374634
-0.000353297
-0.000332822
-0.000313217
-0.00029448
-0.000276604
-0.000259579
-0.000243392
-0.000228025
-0.000213458
)
;
    }
    procBoundary6to5
    {
        type            processor;
        value           nonuniform List<scalar> 
80
(
-0.00153338
-0.00154966
-0.00158128
-0.00162638
-0.00154097
-0.00154097
-0.00160338
-0.00167499
-0.00161011
-0.00161011
-0.00161011
-0.00178834
-0.00181001
-0.00183047
-0.00184549
-0.00185346
-0.00185398
-0.00184682
-0.00183201
-0.00180987
-0.00178095
-0.00174599
-0.00170586
-0.00166147
-0.00161377
-0.00156366
-0.00151196
-0.0014594
-0.0014066
-0.00135409
-0.00130225
-0.00125142
-0.0012018
-0.00115357
-0.00110683
-0.00106163
-0.001018
-0.000975938
-0.000935429
-0.000896442
-0.00167497
-0.00161008
-0.00160336
-0.00154095
-0.00154095
-0.00162637
-0.00158126
-0.00154966
-0.00153338
-0.000831194
-0.000866268
-0.000902646
-0.000940346
-0.000979385
-0.00101977
-0.00106148
-0.00110449
-0.00114874
-0.0011941
-0.00124043
-0.00128749
-0.00133501
-0.00138258
-0.00142973
-0.00147589
-0.00152038
-0.00156245
-0.00160127
-0.00163599
-0.00166576
-0.0016898
-0.00170743
-0.00171815
-0.00172167
-0.00171799
-0.00170733
-0.0016901
-0.00166782
-0.00164427
-0.00161008
)
;
    }
    procBoundary6to7
    {
        type            processor;
        value           nonuniform List<scalar> 
74
(
1.51093e-05
1.50848e-05
1.50358e-05
1.49624e-05
1.48649e-05
1.47435e-05
1.45984e-05
1.44259e-05
1.42242e-05
1.3998e-05
1.37478e-05
1.34743e-05
1.31782e-05
1.28604e-05
1.25215e-05
1.21626e-05
1.17845e-05
1.13883e-05
1.0975e-05
1.05456e-05
1.01012e-05
9.64294e-06
9.17197e-06
8.68943e-06
8.19651e-06
7.69437e-06
7.18421e-06
6.66722e-06
6.14457e-06
5.61745e-06
5.08702e-06
4.55443e-06
4.0208e-06
3.48711e-06
2.95464e-06
2.42433e-06
1.89747e-06
1.45984e-05
1.47435e-05
1.48649e-05
1.49624e-05
1.50358e-05
1.50848e-05
1.51093e-05
1.89764e-06
2.42431e-06
2.9545e-06
3.48709e-06
4.02084e-06
4.55447e-06
5.08704e-06
5.61746e-06
6.14458e-06
6.66722e-06
7.1842e-06
7.69436e-06
8.19649e-06
8.68941e-06
9.17195e-06
9.64292e-06
1.01012e-05
1.05456e-05
1.0975e-05
1.13883e-05
1.17845e-05
1.21626e-05
1.25215e-05
1.28603e-05
1.31782e-05
1.34743e-05
1.37478e-05
1.3998e-05
1.42242e-05
1.44258e-05
)
;
    }
    procBoundary6to10
    {
        type            processor;
        value           nonuniform List<scalar> 
72
(
-0.000200015
-0.000187477
-0.000175381
-0.000163735
-0.000163735
-0.000155106
-0.000144571
-0.000134475
-0.000124824
-0.00011562
-0.000106864
-9.85535e-05
-9.0684e-05
-8.325e-05
-7.62441e-05
-6.96573e-05
-6.34794e-05
-5.76988e-05
-5.23028e-05
-4.72779e-05
-4.26098e-05
-3.82836e-05
-3.42842e-05
-3.05957e-05
-2.72026e-05
-2.4089e-05
-2.12391e-05
-1.86375e-05
-1.62688e-05
-1.4118e-05
-1.21707e-05
-1.04128e-05
-8.83075e-06
-7.41148e-06
-6.14259e-06
-5.01222e-06
-4.00909e-06
-3.12255e-06
-2.34253e-06
-1.65956e-06
-1.06475e-06
-5.49708e-07
-1.06911e-07
2.71429e-07
5.90365e-07
-0.000831199
-0.000802939
-0.000774289
-0.000745382
-0.000716369
-0.000687383
-0.000658534
-0.000629928
-0.000601666
-0.000573837
-0.000546522
-0.000519792
-0.000493711
-0.000468332
-0.0004437
-0.000419854
-0.000396824
-0.000374632
-0.000353295
-0.000332822
-0.000313218
-0.00029448
-0.000276604
-0.00025958
-0.000243393
-0.000228026
-0.000213459
)
;
    }
    procBoundary6to11
    {
        type            processor;
        value           uniform 1.37536e-06;
    }
}


// ************************************************************************* //
