/*--------------------------------*- C++ -*----------------------------------*\
| =========                 |                                                 |
| \\      /  F ield         | OpenFOAM: The Open Source CFD Toolbox           |
|  \\    /   O peration     | Version:  2412                                  |
|   \\  /    A nd           | Website:  www.openfoam.com                      |
|    \\/     M anipulation  |                                                 |
\*---------------------------------------------------------------------------*/
FoamFile
{
    version     2.0;
    format      ascii;
    arch        "LSB;label=32;scalar=64";
    class       volScalarField;
    location    "26.5";
    object      p;
}
// * * * * * * * * * * * * * * * * * * * * * * * * * * * * * * * * * * * * * //

dimensions      [0 2 -2 0 0 0 0];

internalField   nonuniform List<scalar> 
5285
(
-0.000183306
-0.000176578
-0.000169874
-0.000163203
-0.000156578
-0.000150011
-0.000143513
-0.000137096
-0.000130772
-0.000124549
-0.00011844
-0.000112453
-0.000106598
-0.000100883
-9.53165e-05
-8.99052e-05
-8.46556e-05
-7.95734e-05
-7.46635e-05
-6.99298e-05
-6.53758e-05
-6.10038e-05
-5.68154e-05
-5.28116e-05
-4.89925e-05
-4.53573e-05
-4.19048e-05
-3.8633e-05
-3.55391e-05
-3.26201e-05
-2.98721e-05
-2.72909e-05
-2.48718e-05
-2.26098e-05
-2.04996e-05
-1.85354e-05
-1.67115e-05
-1.50219e-05
-1.34604e-05
-1.20208e-05
-1.06969e-05
-9.48264e-06
-8.37163e-06
-7.35809e-06
-0.000186952
-0.000179913
-0.000172908
-0.000165948
-0.000159045
-0.000152211
-0.000145459
-0.0001388
-0.000132246
-0.000125807
-0.000119495
-0.000113318
-0.000107285
-0.000101407
-9.56886e-05
-9.01387e-05
-8.47628e-05
-7.95665e-05
-7.4554e-05
-6.97291e-05
-6.50945e-05
-6.06523e-05
-5.64034e-05
-5.23483e-05
-4.84864e-05
-4.48165e-05
-4.13368e-05
-3.80445e-05
-3.49365e-05
-3.20089e-05
-2.92575e-05
-2.66775e-05
-2.42636e-05
-2.20103e-05
-1.99118e-05
-1.7962e-05
-1.61546e-05
-1.44833e-05
-1.29415e-05
-1.15228e-05
-1.02206e-05
-9.02849e-06
-7.93993e-06
-6.94895e-06
-0.00019049
-0.000183132
-0.00017582
-0.000168564
-0.000161377
-0.000154272
-0.000147262
-0.000140359
-0.000133574
-0.000126918
-0.000120402
-0.000114035
-0.000107827
-0.000101786
-9.59197e-05
-9.02342e-05
-8.47358e-05
-7.94292e-05
-7.43186e-05
-6.94071e-05
-6.46969e-05
-6.01896e-05
-5.58855e-05
-5.17844e-05
-4.78852e-05
-4.4186e-05
-4.06844e-05
-3.7377e-05
-3.426e-05
-3.1329e-05
-2.85791e-05
-2.60049e-05
-2.36007e-05
-2.13605e-05
-1.92779e-05
-1.73463e-05
-1.55592e-05
-1.39096e-05
-1.23909e-05
-1.0996e-05
-9.71827e-06
-8.55092e-06
-7.48721e-06
-6.52099e-06
-0.000193905
-0.000186221
-0.000178594
-0.000171037
-0.000163561
-0.000156181
-0.00014891
-0.00014176
-0.000134743
-0.00012787
-0.000121151
-0.000114596
-0.000108214
-0.000102014
-9.60015e-05
-9.01843e-05
-8.45674e-05
-7.91552e-05
-7.39514e-05
-6.89585e-05
-6.41782e-05
-5.96113e-05
-5.52578e-05
-5.11165e-05
-4.71858e-05
-4.34632e-05
-3.99453e-05
-3.66284e-05
-3.35079e-05
-3.05788e-05
-2.78356e-05
-2.52722e-05
-2.28825e-05
-2.06598e-05
-1.85974e-05
-1.66881e-05
-1.4925e-05
-1.33008e-05
-1.18084e-05
-1.04405e-05
-9.19002e-06
-8.05007e-06
-7.01363e-06
-6.07441e-06
-0.000197184
-0.000189165
-0.000181217
-0.000173352
-0.000165583
-0.000157925
-0.00015039
-0.000142992
-0.000135743
-0.000128652
-0.000121731
-0.00011499
-0.000108437
-0.00010208
-9.59261e-05
-8.99815e-05
-8.42509e-05
-7.87383e-05
-7.34468e-05
-6.83783e-05
-6.35339e-05
-5.89136e-05
-5.45167e-05
-5.03416e-05
-4.63856e-05
-4.26456e-05
-3.91177e-05
-3.57973e-05
-3.26791e-05
-2.97574e-05
-2.70262e-05
-2.44789e-05
-2.21085e-05
-1.99081e-05
-1.78702e-05
-1.59874e-05
-1.42522e-05
-1.2657e-05
-1.11942e-05
-9.85637e-06
-8.63612e-06
-7.52625e-06
-6.51952e-06
-5.60952e-06
-0.000200309
-0.000191948
-0.000183673
-0.000175495
-0.000167429
-0.000159489
-0.00015169
-0.000144043
-0.00013656
-0.000129253
-0.000122132
-0.000115207
-0.000108486
-0.000101976
-9.56854e-05
-8.96182e-05
-8.37794e-05
-7.81723e-05
-7.27992e-05
-6.76614e-05
-6.27594e-05
-5.80924e-05
-5.36589e-05
-4.94566e-05
-4.5482e-05
-4.17313e-05
-3.81997e-05
-3.4882e-05
-3.17721e-05
-2.88638e-05
-2.61503e-05
-2.36243e-05
-2.12784e-05
-1.9105e-05
-1.70962e-05
-1.52441e-05
-1.35408e-05
-1.19782e-05
-1.05486e-05
-9.244e-06
-8.05687e-06
-6.97977e-06
-6.0052e-06
-5.12667e-06
-0.000203264
-0.000194554
-0.000185945
-0.00017745
-0.000169083
-0.00016086
-0.000152793
-0.000144897
-0.000137182
-0.00012966
-0.000122342
-0.000115236
-0.000108351
-0.000101694
-9.52708e-05
-8.90869e-05
-8.3146e-05
-7.74507e-05
-7.20028e-05
-6.68028e-05
-6.18503e-05
-5.71438e-05
-5.2681e-05
-4.84586e-05
-4.44725e-05
-4.0718e-05
-3.71896e-05
-3.38811e-05
-3.0786e-05
-2.78972e-05
-2.52071e-05
-2.2708e-05
-2.03919e-05
-1.82504e-05
-1.62754e-05
-1.44584e-05
-1.2791e-05
-1.12649e-05
-9.8718e-06
-8.60372e-06
-7.45267e-06
-6.41103e-06
-5.47109e-06
-4.62626e-06
-0.000206032
-0.000196966
-0.000188017
-0.000179201
-0.00017053
-0.000162021
-0.000153687
-0.000145542
-0.000137596
-0.000129862
-0.000122349
-0.000115067
-0.000108022
-0.000101223
-9.46738e-05
-8.83796e-05
-8.23435e-05
-7.65674e-05
-7.10521e-05
-6.57975e-05
-6.08022e-05
-5.6064e-05
-5.15795e-05
-4.73447e-05
-4.33547e-05
-3.96038e-05
-3.60857e-05
-3.27935e-05
-2.97198e-05
-2.68568e-05
-2.41962e-05
-2.17298e-05
-1.94488e-05
-1.73444e-05
-1.54079e-05
-1.36304e-05
-1.20031e-05
-1.05172e-05
-9.1643e-06
-7.93593e-06
-6.82392e-06
-5.82045e-06
-4.91761e-06
-4.10874e-06
-0.000208592
-0.000199163
-0.000189871
-0.000180729
-0.000171753
-0.000162956
-0.000154356
-0.000145962
-0.000137788
-0.000129845
-0.000122142
-0.000114688
-0.00010749
-0.000100554
-9.38859e-05
-8.74888e-05
-8.13651e-05
-7.5516e-05
-6.99416e-05
-6.46406e-05
-5.96109e-05
-5.48492e-05
-5.03515e-05
-4.61125e-05
-4.21265e-05
-3.8387e-05
-3.48867e-05
-3.1618e-05
-2.85726e-05
-2.5742e-05
-2.31173e-05
-2.06895e-05
-1.84492e-05
-1.63871e-05
-1.4494e-05
-1.27605e-05
-1.11775e-05
-9.73575e-06
-8.42652e-06
-7.24113e-06
-6.17114e-06
-5.20856e-06
-4.34528e-06
-3.57458e-06
-0.000210924
-0.000201128
-0.000191488
-0.000182018
-0.000172733
-0.00016365
-0.000154783
-0.000146144
-0.000137745
-0.000129596
-0.000121708
-0.000114088
-0.000106743
-9.96781e-05
-9.28985e-05
-8.64065e-05
-8.02037e-05
-7.42905e-05
-6.86657e-05
-6.33274e-05
-5.82723e-05
-5.34962e-05
-4.89939e-05
-4.47595e-05
-4.0786e-05
-3.7066e-05
-3.35915e-05
-3.03538e-05
-2.7344e-05
-2.45526e-05
-2.19703e-05
-1.95871e-05
-1.73932e-05
-1.53789e-05
-1.35341e-05
-1.18492e-05
-1.03147e-05
-8.921e-06
-7.65904e-06
-6.51989e-06
-5.49492e-06
-4.57593e-06
-3.75465e-06
-3.02434e-06
-0.000213009
-0.00020284
-0.000192847
-0.000183047
-0.000173454
-0.000164085
-0.000154953
-0.000146071
-0.000137451
-0.000129102
-0.000121035
-0.000113255
-0.000105771
-9.85856e-05
-9.17031e-05
-8.51253e-05
-7.88528e-05
-7.28848e-05
-6.72194e-05
-6.18535e-05
-5.67826e-05
-5.20016e-05
-4.75043e-05
-4.32834e-05
-3.93313e-05
-3.56395e-05
-3.2199e-05
-2.90002e-05
-2.60334e-05
-2.32885e-05
-2.07551e-05
-1.84229e-05
-1.62813e-05
-1.432e-05
-1.25287e-05
-1.08971e-05
-9.41532e-06
-8.07361e-06
-6.86252e-06
-5.7729e-06
-4.79591e-06
-3.9232e-06
-3.14637e-06
-2.45862e-06
-0.000214823
-0.000204276
-0.000193929
-0.000183798
-0.000173896
-0.000164242
-0.000154848
-0.000145728
-0.000136892
-0.000128349
-0.00012011
-0.000112179
-0.000104564
-9.7267e-05
-9.02912e-05
-8.36376e-05
-7.73055e-05
-7.12933e-05
-6.55977e-05
-6.02145e-05
-5.51383e-05
-5.03626e-05
-4.58801e-05
-4.16826e-05
-3.77612e-05
-3.41065e-05
-3.07085e-05
-2.75569e-05
-2.46409e-05
-2.19496e-05
-1.94721e-05
-1.71972e-05
-1.51139e-05
-1.32112e-05
-1.14784e-05
-9.90481e-06
-8.48016e-06
-7.19438e-06
-6.03775e-06
-5.00092e-06
-4.07486e-06
-3.25111e-06
-2.52111e-06
-1.87809e-06
-0.000216344
-0.000205416
-0.000194712
-0.000184249
-0.00017404
-0.000164104
-0.000154453
-0.000145099
-0.000136053
-0.000127324
-0.000118921
-0.000110848
-0.000103111
-9.5713e-05
-8.86546e-05
-8.19361e-05
-7.55556e-05
-6.95103e-05
-6.37958e-05
-5.84066e-05
-5.3336e-05
-4.85764e-05
-4.41192e-05
-3.99552e-05
-3.60744e-05
-3.24662e-05
-2.91198e-05
-2.60237e-05
-2.31665e-05
-2.05364e-05
-1.81217e-05
-1.59107e-05
-1.38917e-05
-1.20533e-05
-1.03841e-05
-8.87329e-06
-7.51008e-06
-6.28417e-06
-5.18558e-06
-4.20479e-06
-3.3326e-06
-2.56044e-06
-1.87964e-06
-1.28345e-06
-0.000217547
-0.000206235
-0.000195174
-0.000184379
-0.000173866
-0.000163651
-0.000153748
-0.000144167
-0.000134919
-0.000126012
-0.000117454
-0.00010925
-0.000101403
-9.39144e-05
-8.67852e-05
-8.00136e-05
-7.35969e-05
-6.75307e-05
-6.18093e-05
-5.6426e-05
-5.13728e-05
-4.66407e-05
-4.222e-05
-3.81001e-05
-3.42701e-05
-3.07182e-05
-2.74325e-05
-2.44008e-05
-2.16105e-05
-1.90493e-05
-1.67047e-05
-1.45642e-05
-1.26157e-05
-1.08472e-05
-9.24689e-06
-7.80354e-06
-6.50611e-06
-5.34399e-06
-4.30702e-06
-3.38548e-06
-2.57004e-06
-1.85206e-06
-1.22277e-06
-6.7548e-07
-0.000218407
-0.000206709
-0.000195291
-0.000184168
-0.000173353
-0.000162865
-0.000152715
-0.000142916
-0.000133475
-0.0001244
-0.000115699
-0.000107374
-9.94283e-05
-9.18623e-05
-8.4675e-05
-7.78635e-05
-7.14236e-05
-6.53496e-05
-5.96343e-05
-5.42696e-05
-4.92461e-05
-4.45536e-05
-4.0181e-05
-3.61165e-05
-3.23479e-05
-2.88624e-05
-2.5647e-05
-2.26886e-05
-1.99738e-05
-1.74893e-05
-1.5222e-05
-1.31588e-05
-1.1287e-05
-9.59402e-06
-8.06785e-06
-6.69674e-06
-5.4694e-06
-4.37499e-06
-3.40315e-06
-2.54402e-06
-1.78818e-06
-1.12691e-06
-5.51403e-07
-5.50098e-08
-0.000218897
-0.000206814
-0.00019504
-0.000183591
-0.000172481
-0.000161726
-0.000151338
-0.000141328
-0.000131705
-0.000122474
-0.000113641
-0.000105208
-9.71777e-05
-8.9548e-05
-8.23165e-05
-7.54792e-05
-6.90303e-05
-6.29624e-05
-5.7267e-05
-5.19344e-05
-4.69538e-05
-4.23136e-05
-3.80012e-05
-3.40037e-05
-3.03076e-05
-2.68989e-05
-2.37638e-05
-2.08879e-05
-1.82571e-05
-1.58573e-05
-1.36747e-05
-1.16956e-05
-9.90675e-06
-8.29513e-06
-6.84827e-06
-5.55413e-06
-4.40117e-06
-3.37834e-06
-2.47511e-06
-1.68151e-06
-9.88042e-07
-3.8597e-07
1.33571e-07
5.77125e-07
-0.00021899
-0.000206522
-0.000194395
-0.000182625
-0.000171225
-0.000160212
-0.000149596
-0.000139387
-0.000129592
-0.000120218
-0.000111267
-0.000102741
-9.46405e-05
-8.6962e-05
-7.97017e-05
-7.28538e-05
-6.6411e-05
-6.03642e-05
-5.47034e-05
-4.94173e-05
-4.44934e-05
-3.99187e-05
-3.56793e-05
-3.1761e-05
-2.81488e-05
-2.48278e-05
-2.1783e-05
-1.89991e-05
-1.64612e-05
-1.41543e-05
-1.20639e-05
-1.01758e-05
-8.47619e-06
-6.95164e-06
-5.58931e-06
-4.37687e-06
-3.30255e-06
-2.35512e-06
-1.52393e-06
-7.98923e-07
-1.70555e-07
3.69907e-07
8.31339e-07
1.22017e-06
-0.000218655
-0.000205804
-0.00019333
-0.000181245
-0.000169564
-0.000158301
-0.000147469
-0.000137073
-0.000127122
-0.000117618
-0.000108565
-9.99615e-05
-9.18065e-05
-8.40957e-05
-7.68231e-05
-6.99812e-05
-6.35608e-05
-5.75513e-05
-5.19407e-05
-4.67161e-05
-4.18636e-05
-3.73684e-05
-3.32154e-05
-2.93887e-05
-2.58724e-05
-2.26503e-05
-1.97062e-05
-1.7024e-05
-1.45878e-05
-1.23821e-05
-1.03915e-05
-8.60136e-06
-6.99727e-06
-5.56551e-06
-4.29289e-06
-3.16682e-06
-2.17533e-06
-1.30705e-06
-5.51243e-07
1.02193e-07
6.62827e-07
1.13935e-06
1.54063e-06
1.87295e-06
-0.000217864
-0.000204636
-0.00019182
-0.000179429
-0.000167477
-0.000155977
-0.00014494
-0.000134373
-0.000124279
-0.000114663
-0.000105524
-9.6861e-05
-8.86696e-05
-8.09443e-05
-7.36772e-05
-6.68589e-05
-6.04782e-05
-5.45227e-05
-4.89788e-05
-4.38316e-05
-3.90655e-05
-3.46643e-05
-3.06113e-05
-2.68892e-05
-2.34809e-05
-2.03689e-05
-1.75361e-05
-1.49654e-05
-1.264e-05
-1.05436e-05
-8.66035e-06
-6.97496e-06
-5.47265e-06
-4.1393e-06
-2.96145e-06
-1.92628e-06
-1.02167e-06
-2.3616e-07
4.41055e-07
1.02009e-06
1.51048e-06
1.92088e-06
2.26008e-06
2.5342e-06
-0.000216595
-0.000202996
-0.000189846
-0.000177159
-0.000164948
-0.000153225
-0.000141999
-0.000131275
-0.000121057
-0.000111346
-0.000102139
-9.34348e-05
-8.5226e-05
-7.75051e-05
-7.02622e-05
-6.34859e-05
-5.71631e-05
-5.12793e-05
-4.5819e-05
-4.07655e-05
-3.61015e-05
-3.18091e-05
-2.787e-05
-2.42656e-05
-2.09775e-05
-1.79871e-05
-1.52761e-05
-1.28265e-05
-1.06208e-05
-8.64192e-06
-6.87346e-06
-5.29958e-06
-3.90512e-06
-2.67567e-06
-1.5975e-06
-6.57622e-07
1.56199e-07
8.55488e-07
1.45105e-06
1.95298e-06
2.37078e-06
2.71298e-06
2.98831e-06
3.20267e-06
-0.000376033
-0.000370846
-0.000365217
-0.000359178
-0.00035278
-0.000346062
-0.000339057
-0.000331799
-0.000324323
-0.000316662
-0.000308848
-0.000300911
-0.00029288
-0.000284783
-0.000276645
-0.00026849
-0.000260341
-0.000252221
-0.000244147
-0.000236138
-0.000228212
-0.000220383
-0.000212664
-0.000205069
-0.000197608
-0.000190291
-0.000393311
-0.000387529
-0.000381294
-0.000374644
-0.000367629
-0.000360291
-0.000352668
-0.000344794
-0.000336707
-0.000328441
-0.000320031
-0.000311508
-0.000302902
-0.000294242
-0.000285555
-0.000276867
-0.0002682
-0.000259577
-0.000251019
-0.000242543
-0.000234166
-0.000225905
-0.000217774
-0.000209783
-0.000201945
-0.00019427
-0.000411219
-0.000404798
-0.000397914
-0.000390608
-0.000382934
-0.000374937
-0.000366654
-0.000358126
-0.00034939
-0.000340484
-0.000331442
-0.000322299
-0.000313087
-0.000303834
-0.000294571
-0.000285322
-0.000276112
-0.000266964
-0.000257899
-0.000248935
-0.000240091
-0.000231382
-0.000222821
-0.000214422
-0.000206195
-0.000198149
-0.000429782
-0.000422674
-0.000415094
-0.000407087
-0.000398709
-0.000390007
-0.000381023
-0.000371799
-0.000362374
-0.000352788
-0.000343079
-0.000333282
-0.000323429
-0.000313553
-0.000303682
-0.000293845
-0.000284066
-0.000274369
-0.000264775
-0.000255303
-0.000245972
-0.000236797
-0.000227793
-0.000218971
-0.000210342
-0.000201916
-0.000449026
-0.00044118
-0.000432855
-0.000424096
-0.000414965
-0.000405513
-0.000395782
-0.000385817
-0.000375661
-0.000365355
-0.000354939
-0.00034445
-0.000333922
-0.000323389
-0.000312881
-0.000302426
-0.000292051
-0.000281779
-0.000271633
-0.000261633
-0.000251796
-0.000242138
-0.000232674
-0.000223415
-0.000214372
-0.000205555
-0.000468977
-0.000460339
-0.000451214
-0.000441652
-0.000431717
-0.000421463
-0.000410936
-0.000400184
-0.000389251
-0.000378182
-0.000367018
-0.000355798
-0.000344559
-0.000333334
-0.000322155
-0.000311053
-0.000300053
-0.000289182
-0.00027846
-0.000267909
-0.000257546
-0.000247387
-0.000237447
-0.000227738
-0.000218269
-0.000209049
-0.000489664
-0.000480175
-0.000470193
-0.00045977
-0.000448975
-0.000437866
-0.000426492
-0.000414902
-0.000403145
-0.000391268
-0.000379312
-0.00036732
-0.00035533
-0.000343377
-0.000331494
-0.000319713
-0.00030806
-0.000296561
-0.000285239
-0.000274114
-0.000263205
-0.000252528
-0.000242096
-0.000231922
-0.000222015
-0.000212382
-0.000511116
-0.000500712
-0.00048981
-0.000478466
-0.000466753
-0.000454731
-0.000442454
-0.000429974
-0.000417343
-0.000404608
-0.000391815
-0.000379008
-0.000366226
-0.000353507
-0.000340885
-0.000328391
-0.000316054
-0.0003039
-0.000291952
-0.000280232
-0.000268756
-0.000257542
-0.000246602
-0.000235949
-0.000225591
-0.000215535
-0.000533362
-0.000521976
-0.000510088
-0.000497757
-0.000485062
-0.000472067
-0.000458829
-0.000445402
-0.000431841
-0.000418198
-0.00040452
-0.000390852
-0.000377236
-0.00036371
-0.000350311
-0.000337071
-0.000324018
-0.000311181
-0.000298582
-0.000286241
-0.000274179
-0.000262409
-0.000250945
-0.000239799
-0.000228978
-0.00021849
-0.000556433
-0.000543992
-0.000531046
-0.000517659
-0.000503915
-0.000489882
-0.000475619
-0.000461186
-0.000446639
-0.000432033
-0.000417418
-0.000402841
-0.000388346
-0.000373972
-0.000359758
-0.000345735
-0.000331935
-0.000318384
-0.000305106
-0.000292123
-0.000279451
-0.000267107
-0.000255104
-0.00024345
-0.000232155
-0.000221224
-0.000580362
-0.000566787
-0.000552705
-0.000538189
-0.000523323
-0.000508182
-0.000492828
-0.000477324
-0.000461731
-0.000446105
-0.0004305
-0.000414963
-0.000399542
-0.000384277
-0.000369206
-0.000354365
-0.000339783
-0.000325488
-0.000311505
-0.000297853
-0.000284552
-0.000271615
-0.000259055
-0.000246881
-0.0002351
-0.000223717
-0.00060518
-0.000590386
-0.000575088
-0.000559361
-0.000543297
-0.000526974
-0.000510458
-0.000493817
-0.000477113
-0.000460407
-0.000443754
-0.000427205
-0.000410807
-0.000394605
-0.000378637
-0.000362938
-0.00034754
-0.00033247
-0.000317753
-0.000303409
-0.000289455
-0.000275907
-0.000262774
-0.000250067
-0.00023779
-0.000225947
-0.000630922
-0.000614818
-0.000598215
-0.000581192
-0.000563847
-0.000546263
-0.000528511
-0.00051066
-0.000492778
-0.000474928
-0.000457167
-0.000439549
-0.000422125
-0.000404937
-0.000388027
-0.000371431
-0.000355181
-0.000339304
-0.000323825
-0.000308763
-0.000294136
-0.000279957
-0.000266237
-0.000252983
-0.000240199
-0.000227888
-0.000657621
-0.00064011
-0.000622107
-0.000603697
-0.000584984
-0.000566055
-0.000546985
-0.000527849
-0.000508717
-0.000489655
-0.000470724
-0.000451979
-0.000433473
-0.000415251
-0.000397354
-0.00037982
-0.000362681
-0.000345963
-0.000329693
-0.000313888
-0.000298566
-0.000283739
-0.000269416
-0.000255602
-0.000242302
-0.000229516
-0.000685312
-0.00066629
-0.000646786
-0.000626891
-0.000606715
-0.000586352
-0.00056588
-0.000545378
-0.00052492
-0.000504575
-0.000484407
-0.000464475
-0.00044483
-0.000425521
-0.000406591
-0.000388076
-0.00037001
-0.000352419
-0.000335328
-0.000318755
-0.000302716
-0.000287222
-0.000272281
-0.000257897
-0.000244072
-0.000230804
-0.000714031
-0.000693385
-0.000672271
-0.000650788
-0.00062905
-0.000607156
-0.000585192
-0.000563238
-0.000541374
-0.000519672
-0.000498198
-0.000477012
-0.000456171
-0.000435721
-0.000415709
-0.00039617
-0.000377138
-0.000358639
-0.000340698
-0.000323331
-0.000306554
-0.000290376
-0.000274803
-0.000259838
-0.00024548
-0.000231726
-0.000743815
-0.000721425
-0.000698586
-0.000675401
-0.000651995
-0.00062847
-0.000604916
-0.000581421
-0.000558065
-0.000534927
-0.000512073
-0.000489568
-0.000467467
-0.000445822
-0.000424677
-0.000404069
-0.00038403
-0.000364589
-0.000345768
-0.000327583
-0.000310046
-0.000293167
-0.000276949
-0.000261392
-0.000246495
-0.00023225
-0.000774698
-0.000750434
-0.000725744
-0.000700741
-0.000675552
-0.000650288
-0.000625044
-0.000599911
-0.000574976
-0.000550318
-0.000526008
-0.000502113
-0.000478689
-0.00045579
-0.000433461
-0.000411739
-0.000390653
-0.000370233
-0.000350501
-0.000331472
-0.000313156
-0.000295559
-0.000278683
-0.000262526
-0.000247084
-0.000232347
-0.000806706
-0.000780431
-0.000753759
-0.00072681
-0.000699719
-0.000672603
-0.000645561
-0.00061869
-0.000592081
-0.000565817
-0.000539972
-0.000514613
-0.000489801
-0.000465588
-0.00044202
-0.000419138
-0.000396968
-0.000375534
-0.000354861
-0.000334963
-0.000315847
-0.000297517
-0.000279972
-0.000263209
-0.000247217
-0.000231986
-0.000450317
-0.000426225
-0.000402927
-0.000380449
-0.000358807
-0.000338017
-0.000318083
-0.000299007
-0.000280785
-0.000263408
-0.000246866
-0.000231143
9.62554e-05
9.3373e-05
9.05456e-05
8.77742e-05
8.50596e-05
8.23999e-05
7.97951e-05
7.72452e-05
7.475e-05
7.23092e-05
6.99224e-05
6.75893e-05
6.53095e-05
6.30825e-05
6.09079e-05
5.87853e-05
5.67141e-05
5.46937e-05
5.27237e-05
5.08035e-05
4.89324e-05
4.711e-05
4.53354e-05
4.36081e-05
4.19275e-05
4.02927e-05
9.5824e-05
9.29417e-05
9.01147e-05
8.7344e-05
8.46304e-05
8.1972e-05
7.93687e-05
7.68205e-05
7.43273e-05
7.18888e-05
6.95045e-05
6.71742e-05
6.48973e-05
6.26735e-05
6.05023e-05
5.83832e-05
5.63157e-05
5.42993e-05
5.23334e-05
5.04175e-05
4.85508e-05
4.67329e-05
4.4963e-05
4.32406e-05
4.15649e-05
3.99352e-05
9.49836e-05
9.21015e-05
8.92754e-05
8.65061e-05
8.37944e-05
8.11384e-05
7.85381e-05
7.59935e-05
7.35043e-05
7.10702e-05
6.86909e-05
6.63659e-05
6.40948e-05
6.18772e-05
5.97126e-05
5.76005e-05
5.55404e-05
5.35317e-05
5.15739e-05
4.96663e-05
4.78083e-05
4.59993e-05
4.42386e-05
4.25256e-05
4.08596e-05
3.92398e-05
9.37544e-05
9.08727e-05
8.80479e-05
8.52807e-05
8.2572e-05
7.99198e-05
7.73239e-05
7.47845e-05
7.23012e-05
6.98738e-05
6.75018e-05
6.51847e-05
6.29222e-05
6.07139e-05
5.85591e-05
5.64573e-05
5.44081e-05
5.24108e-05
5.04648e-05
4.85695e-05
4.67242e-05
4.49284e-05
4.31813e-05
4.14821e-05
3.98303e-05
3.82251e-05
9.21533e-05
8.92725e-05
8.64495e-05
8.36853e-05
8.09806e-05
7.83334e-05
7.57435e-05
7.32111e-05
7.07358e-05
6.83171e-05
6.59548e-05
6.36483e-05
6.13972e-05
5.9201e-05
5.70592e-05
5.49711e-05
5.29362e-05
5.09539e-05
4.90235e-05
4.71444e-05
4.5316e-05
4.35375e-05
4.18081e-05
4.01273e-05
3.84941e-05
3.69079e-05
9.01955e-05
8.73158e-05
8.44954e-05
8.17351e-05
7.90355e-05
7.63947e-05
7.38125e-05
7.12889e-05
6.88235e-05
6.6416e-05
6.40658e-05
6.17726e-05
5.95357e-05
5.73547e-05
5.52289e-05
5.31578e-05
5.11407e-05
4.91771e-05
4.72661e-05
4.54071e-05
4.35995e-05
4.18424e-05
4.0135e-05
3.84768e-05
3.68667e-05
3.53041e-05
8.78937e-05
8.50158e-05
8.21987e-05
7.94433e-05
7.67502e-05
7.41173e-05
7.15445e-05
6.90317e-05
6.65784e-05
6.41843e-05
6.18489e-05
5.95716e-05
5.73518e-05
5.51891e-05
5.30826e-05
5.10319e-05
4.90362e-05
4.70948e-05
4.5207e-05
4.33721e-05
4.15892e-05
3.98577e-05
3.81766e-05
3.65452e-05
3.49626e-05
3.34281e-05
8.5259e-05
8.23836e-05
7.95709e-05
7.68216e-05
7.41364e-05
7.15132e-05
6.89516e-05
6.64516e-05
6.40128e-05
6.16346e-05
5.93166e-05
5.70581e-05
5.48584e-05
5.27171e-05
5.06333e-05
4.86065e-05
4.66357e-05
4.47204e-05
4.28596e-05
4.10527e-05
3.92987e-05
3.75969e-05
3.59463e-05
3.43462e-05
3.27955e-05
3.12934e-05
8.23012e-05
7.94292e-05
7.66219e-05
7.38802e-05
7.12045e-05
6.85926e-05
6.60444e-05
6.35595e-05
6.11375e-05
5.8778e-05
5.64801e-05
5.42434e-05
5.20671e-05
4.99505e-05
4.78928e-05
4.58934e-05
4.39513e-05
4.20659e-05
4.02362e-05
3.84613e-05
3.67404e-05
3.50725e-05
3.34568e-05
3.18922e-05
3.03779e-05
2.89128e-05
7.90283e-05
7.61608e-05
7.33604e-05
7.06278e-05
6.79634e-05
6.5365e-05
6.28322e-05
6.03649e-05
5.79625e-05
5.56243e-05
5.33496e-05
5.11378e-05
4.89881e-05
4.68997e-05
4.48718e-05
4.29036e-05
4.09941e-05
3.91425e-05
3.73479e-05
3.56092e-05
3.39256e-05
3.22961e-05
3.07196e-05
2.91951e-05
2.77217e-05
2.62982e-05
7.54476e-05
7.25859e-05
6.97938e-05
6.70721e-05
6.44211e-05
6.18383e-05
5.93236e-05
5.68764e-05
5.44963e-05
5.21825e-05
4.99343e-05
4.77508e-05
4.56312e-05
4.35746e-05
4.15803e-05
3.96471e-05
3.77742e-05
3.59606e-05
3.42053e-05
3.25072e-05
3.08653e-05
2.92786e-05
2.77459e-05
2.62661e-05
2.48382e-05
2.3461e-05
7.15649e-05
6.87106e-05
6.59286e-05
6.32199e-05
6.05844e-05
5.80198e-05
5.55257e-05
5.31016e-05
5.07469e-05
4.84607e-05
4.62423e-05
4.40906e-05
4.20049e-05
3.99841e-05
3.80272e-05
3.61332e-05
3.43012e-05
3.25299e-05
3.08182e-05
2.91652e-05
2.75696e-05
2.60302e-05
2.45459e-05
2.31156e-05
2.17379e-05
2.04118e-05
6.73854e-05
6.45403e-05
6.17705e-05
5.90769e-05
5.64595e-05
5.39158e-05
5.14452e-05
4.90473e-05
4.67213e-05
4.44662e-05
4.22812e-05
4.01652e-05
3.81172e-05
3.61362e-05
3.4221e-05
3.23706e-05
3.05837e-05
2.88592e-05
2.71959e-05
2.55925e-05
2.40479e-05
2.25607e-05
2.11297e-05
1.97536e-05
1.84311e-05
1.71609e-05
6.29134e-05
6.00794e-05
5.73241e-05
5.46482e-05
5.20517e-05
4.95318e-05
4.70879e-05
4.47196e-05
4.24258e-05
4.02056e-05
3.80579e-05
3.59816e-05
3.39756e-05
3.20386e-05
3.01696e-05
2.83672e-05
2.66301e-05
2.49572e-05
2.3347e-05
2.17982e-05
2.03094e-05
1.88793e-05
1.75066e-05
1.61897e-05
1.49274e-05
1.37181e-05
5.81525e-05
5.53319e-05
5.25936e-05
4.99382e-05
4.73656e-05
4.48728e-05
4.24591e-05
4.01239e-05
3.78662e-05
3.56849e-05
3.35787e-05
3.15464e-05
2.95868e-05
2.76985e-05
2.58802e-05
2.41307e-05
2.24483e-05
2.08318e-05
1.92797e-05
1.77905e-05
1.63628e-05
1.4995e-05
1.36856e-05
1.24332e-05
1.12361e-05
1.0093e-05
5.31055e-05
5.0301e-05
4.75825e-05
4.49508e-05
4.24053e-05
3.99431e-05
3.75634e-05
3.52654e-05
3.30479e-05
3.09097e-05
2.88494e-05
2.68657e-05
2.49572e-05
2.31224e-05
2.136e-05
1.96682e-05
1.80457e-05
1.64909e-05
1.50021e-05
1.35778e-05
1.22163e-05
1.09161e-05
9.67547e-06
8.49282e-06
7.3665e-06
6.29488e-06
4.77748e-05
4.49893e-05
4.22938e-05
3.96891e-05
3.71744e-05
3.47467e-05
3.2405e-05
3.01484e-05
2.79755e-05
2.58851e-05
2.38755e-05
2.19453e-05
2.00929e-05
1.83168e-05
1.66153e-05
1.49867e-05
1.34294e-05
1.19416e-05
1.05216e-05
9.16774e-06
7.87812e-06
6.65104e-06
5.48472e-06
4.37738e-06
3.32726e-06
2.33259e-06
4.21624e-05
3.9399e-05
3.673e-05
3.4156e-05
3.16762e-05
2.92871e-05
2.69878e-05
2.47772e-05
2.26537e-05
2.0616e-05
1.86621e-05
1.67906e-05
1.49997e-05
1.32877e-05
1.16526e-05
1.00928e-05
8.60629e-06
7.19128e-06
5.84584e-06
4.56807e-06
3.35606e-06
2.20787e-06
1.12159e-06
9.52866e-08
-8.72942e-07
-1.785e-06
3.62696e-05
3.35319e-05
3.08933e-05
2.83541e-05
2.59133e-05
2.35675e-05
2.13153e-05
1.91556e-05
1.70867e-05
1.51068e-05
1.32141e-05
1.14069e-05
9.68304e-06
8.04075e-06
6.478e-06
4.99278e-06
3.58305e-06
2.24677e-06
9.81851e-07
-2.13776e-07
-1.3422e-06
-2.40552e-06
-3.40581e-06
-4.34515e-06
-5.22562e-06
-6.04926e-06
3.00976e-05
2.73895e-05
2.47854e-05
2.22854e-05
1.98884e-05
1.75907e-05
1.53907e-05
1.32872e-05
1.12782e-05
9.36188e-06
7.53614e-06
5.79895e-06
4.14819e-06
2.58173e-06
1.09738e-06
-3.07047e-07
-1.6338e-06
-2.88511e-06
-4.06325e-06
-5.17049e-06
-6.2091e-06
-7.18133e-06
-8.08947e-06
-8.93574e-06
-9.72239e-06
-1.04516e-05
2.36472e-05
2.0973e-05
1.84078e-05
1.59519e-05
1.36037e-05
1.13593e-05
9.21704e-06
7.17534e-06
5.23218e-06
3.38535e-06
1.63262e-06
-2.82884e-08
-1.59968e-06
-3.08393e-06
-4.48342e-06
-5.80057e-06
-7.03783e-06
-8.19765e-06
-9.2825e-06
-1.02948e-05
-1.12372e-05
-1.21119e-05
-1.29215e-05
-1.36684e-05
-1.4355e-05
-1.49837e-05
1.69189e-05
1.42831e-05
1.17619e-05
9.35517e-06
7.06125e-06
4.87582e-06
2.79712e-06
8.23315e-07
-1.04786e-06
-2.81884e-06
-4.4921e-06
-6.07014e-06
-7.55551e-06
-8.95082e-06
-1.02587e-05
-1.14818e-05
-1.26227e-05
-1.36842e-05
-1.4669e-05
-1.55797e-05
-1.6419e-05
-1.71895e-05
-1.7894e-05
-1.8535e-05
-1.91151e-05
-1.9637e-05
9.91292e-06
7.32067e-06
4.84867e-06
2.49677e-06
2.62927e-07
-1.85744e-06
-3.86633e-06
-5.76581e-06
-7.55841e-06
-9.24681e-06
-1.08337e-05
-1.2322e-05
-1.37143e-05
-1.50136e-05
-1.62227e-05
-1.73446e-05
-1.83821e-05
-1.93382e-05
-2.02158e-05
-2.10178e-05
-2.17471e-05
-2.24066e-05
-2.29992e-05
-2.35276e-05
-2.39947e-05
-2.44032e-05
2.62943e-06
8.61228e-08
-2.33091e-06
-4.62198e-06
-6.78948e-06
-8.83831e-06
-1.07707e-05
-1.2589e-05
-1.4296e-05
-1.58947e-05
-1.73881e-05
-1.87792e-05
-2.00711e-05
-2.1267e-05
-2.23699e-05
-2.33831e-05
-2.43098e-05
-2.51531e-05
-2.59161e-05
-2.66021e-05
-2.72142e-05
-2.77556e-05
-2.82292e-05
-2.86381e-05
-2.89853e-05
-2.92739e-05
-4.93166e-06
-7.42014e-06
-9.77602e-06
-1.19998e-05
-1.40943e-05
-1.60647e-05
-1.79135e-05
-1.96433e-05
-2.12573e-05
-2.27588e-05
-2.4151e-05
-2.54372e-05
-2.6621e-05
-2.77056e-05
-2.86946e-05
-2.95913e-05
-3.03994e-05
-3.11221e-05
-3.1763e-05
-3.23255e-05
-3.28129e-05
-3.32287e-05
-3.35761e-05
-3.38585e-05
-3.4079e-05
-3.42408e-05
-1.27705e-05
-1.51978e-05
-1.74859e-05
-1.96355e-05
-2.16498e-05
-2.35344e-05
-2.52921e-05
-2.69258e-05
-2.84389e-05
-2.98352e-05
-3.11181e-05
-3.22914e-05
-3.33588e-05
-3.43241e-05
-3.51909e-05
-3.59631e-05
-3.66445e-05
-3.72387e-05
-3.77495e-05
-3.81806e-05
-3.85357e-05
-3.88184e-05
-3.90322e-05
-3.91807e-05
-3.92674e-05
-3.92955e-05
-2.08874e-05
-2.32468e-05
-2.546e-05
-2.7528e-05
-2.94546e-05
-3.12455e-05
-3.2904e-05
-3.44334e-05
-3.58374e-05
-3.712e-05
-3.82852e-05
-3.93371e-05
-4.02797e-05
-4.1117e-05
-4.18532e-05
-4.24924e-05
-4.30386e-05
-4.3496e-05
-4.38685e-05
-4.41602e-05
-4.4375e-05
-4.45168e-05
-4.45895e-05
-4.45967e-05
-4.45422e-05
-4.44296e-05
-2.92825e-05
-3.15667e-05
-3.36975e-05
-3.56762e-05
-3.75068e-05
-3.91958e-05
-4.07467e-05
-4.21631e-05
-4.34492e-05
-4.46094e-05
-4.56481e-05
-4.65695e-05
-4.73783e-05
-4.80788e-05
-4.86755e-05
-4.91729e-05
-4.95754e-05
-4.98873e-05
-5.01131e-05
-5.0257e-05
-5.03234e-05
-5.03163e-05
-5.02399e-05
-5.00983e-05
-4.98953e-05
-4.96348e-05
-3.79563e-05
-4.01576e-05
-4.21978e-05
-4.40787e-05
-4.58049e-05
-4.73832e-05
-4.88175e-05
-5.01119e-05
-5.12709e-05
-5.22994e-05
-5.32021e-05
-5.39839e-05
-5.46495e-05
-5.5204e-05
-5.5652e-05
-5.59984e-05
-5.6248e-05
-5.64056e-05
-5.64759e-05
-5.64635e-05
-5.6373e-05
-5.62089e-05
-5.59755e-05
-5.56772e-05
-5.53182e-05
-5.49025e-05
-4.69092e-05
-4.90191e-05
-5.09603e-05
-5.27345e-05
-5.43471e-05
-5.58054e-05
-5.71137e-05
-5.82764e-05
-5.92987e-05
-6.01858e-05
-6.09428e-05
-6.15751e-05
-6.2088e-05
-6.24866e-05
-6.27763e-05
-6.29624e-05
-6.30498e-05
-6.30439e-05
-6.29497e-05
-6.27722e-05
-6.25162e-05
-6.21866e-05
-6.17881e-05
-6.13253e-05
-6.08025e-05
-6.02243e-05
-5.61412e-05
-5.81511e-05
-5.9984e-05
-6.16423e-05
-6.31317e-05
-6.44602e-05
-6.56325e-05
-6.66535e-05
-6.75289e-05
-6.82643e-05
-6.88655e-05
-6.93382e-05
-6.96881e-05
-6.9921e-05
-7.00425e-05
-7.00583e-05
-6.9974e-05
-6.97951e-05
-6.95271e-05
-6.91754e-05
-6.87452e-05
-6.82415e-05
-6.76696e-05
-6.70341e-05
-6.634e-05
-6.55917e-05
-6.56529e-05
-6.75533e-05
-6.92683e-05
-7.08006e-05
-7.21566e-05
-7.3345e-05
-7.43708e-05
-7.52396e-05
-7.59575e-05
-7.65307e-05
-7.69654e-05
-7.72679e-05
-7.74443e-05
-7.7501e-05
-7.7444e-05
-7.72794e-05
-7.70134e-05
-7.66518e-05
-7.62006e-05
-7.56654e-05
-7.50519e-05
-7.43655e-05
-7.36116e-05
-7.27954e-05
-7.19219e-05
-7.0996e-05
-7.54442e-05
-7.72253e-05
-7.88121e-05
-8.02079e-05
-8.14199e-05
-8.24573e-05
-8.33257e-05
-8.40312e-05
-8.45805e-05
-8.49803e-05
-8.52374e-05
-8.53587e-05
-8.53507e-05
-8.52204e-05
-8.49743e-05
-8.4619e-05
-8.4161e-05
-8.36067e-05
-8.29625e-05
-8.22343e-05
-8.14283e-05
-8.05503e-05
-7.96059e-05
-7.86007e-05
-7.754e-05
-7.64289e-05
-8.55153e-05
-8.71665e-05
-8.86144e-05
-8.98627e-05
-9.09194e-05
-9.17944e-05
-9.24938e-05
-9.30245e-05
-9.33935e-05
-9.36084e-05
-9.36764e-05
-9.3605e-05
-9.34014e-05
-9.30729e-05
-9.26267e-05
-9.20699e-05
-9.14095e-05
-9.06523e-05
-8.9805e-05
-8.88742e-05
-8.78664e-05
-8.67877e-05
-8.56441e-05
-8.44415e-05
-8.31856e-05
-8.18817e-05
-9.58661e-05
-9.73764e-05
-9.86739e-05
-9.9763e-05
-0.000100653
-0.000101353
-0.000101872
-0.000102215
-0.000102392
-0.00010241
-0.000102277
-0.000102001
-0.00010159
-0.000101052
-0.000100394
-9.96251e-05
-9.87514e-05
-9.77807e-05
-9.67203e-05
-9.55771e-05
-9.43579e-05
-9.30693e-05
-9.17177e-05
-9.03094e-05
-8.88502e-05
-8.73458e-05
-0.000106496
-0.000107854
-0.000108989
-0.000109907
-0.000110617
-0.000111131
-0.000111456
-0.0001116
-0.000111572
-0.00011138
-0.000111034
-0.000110541
-0.000109911
-0.000109151
-0.00010827
-0.000107277
-0.000106179
-0.000104984
-0.0001037
-0.000102335
-0.000100894
-9.93868e-05
-9.78184e-05
-9.61957e-05
-9.45252e-05
-9.28126e-05
-0.000117406
-0.000118598
-0.000119559
-0.000120292
-0.00012081
-0.000121124
-0.000121242
-0.000121173
-0.000120927
-0.000120513
-0.000119941
-0.000119218
-0.000118356
-0.000117363
-0.000116247
-0.000115019
-0.000113685
-0.000112255
-0.000110737
-0.000109139
-0.000107468
-0.000105732
-0.000103937
-0.000102092
-0.000100202
-9.82737e-05
-0.000128594
-0.000129609
-0.00013038
-0.000130916
-0.000131228
-0.000131328
-0.000131226
-0.000130931
-0.000130454
-0.000129804
-0.000128992
-0.000128027
-0.00012692
-0.000125681
-0.000124318
-0.000122842
-0.000121261
-0.000119585
-0.000117822
-0.000115981
-0.000114069
-0.000112095
-0.000110066
-0.00010799
-0.000105872
-0.00010372
-0.00014006
-0.000140883
-0.000141453
-0.000141777
-0.000141868
-0.000141741
-0.000141404
-0.000140869
-0.000140146
-0.000139246
-0.000138181
-0.000136961
-0.000135596
-0.000134097
-0.000132475
-0.000130739
-0.0001289
-0.000126966
-0.000124948
-0.000122853
-0.000120691
-0.000118469
-0.000116197
-0.00011388
-0.000111527
-0.000109144
-0.000151803
-0.00015242
-0.000152773
-0.000152871
-0.000152727
-0.000152357
-0.000151772
-0.000150981
-0.000149998
-0.000148835
-0.000147502
-0.000146012
-0.000144376
-0.000142605
-0.000140711
-0.000138703
-0.000136593
-0.00013439
-0.000132105
-0.000129746
-0.000127323
-0.000124845
-0.00012232
-0.000119755
-0.000117158
-0.000114537
-0.000163821
-0.000164217
-0.000164339
-0.000164195
-0.000163801
-0.000163174
-0.000162323
-0.000161263
-0.000160005
-0.000158562
-0.000156948
-0.000155174
-0.000153253
-0.000151196
-0.000149017
-0.000146725
-0.000144332
-0.000141848
-0.000139285
-0.000136652
-0.000133959
-0.000131214
-0.000128427
-0.000125605
-0.000122757
-0.00011989
-0.000176114
-0.000176273
-0.000176147
-0.000175746
-0.000175086
-0.000174185
-0.000173054
-0.000171708
-0.000170159
-0.000168423
-0.000166512
-0.000164439
-0.000162219
-0.000159864
-0.000157385
-0.000154796
-0.000152108
-0.000149333
-0.000146481
-0.000143562
-0.000140588
-0.000137567
-0.000134509
-0.000131423
-0.000128316
-0.000125196
-0.000188679
-0.000188586
-0.000188196
-0.00018752
-0.000186578
-0.000185386
-0.000183959
-0.00018231
-0.000180456
-0.00017841
-0.000176187
-0.000173801
-0.000171267
-0.000168599
-0.000165808
-0.000162909
-0.000159914
-0.000156834
-0.000153682
-0.000150468
-0.000147203
-0.000143897
-0.000140559
-0.000137199
-0.000133825
-0.000130445
-0.000201514
-0.000201151
-0.000200481
-0.000199514
-0.000198271
-0.000196772
-0.000195032
-0.000193065
-0.000190887
-0.000188516
-0.000185966
-0.000183252
-0.00018039
-0.000177393
-0.000174277
-0.000171055
-0.00016774
-0.000164344
-0.000160881
-0.00015736
-0.000153795
-0.000150194
-0.000146568
-0.000142926
-0.000139278
-0.00013563
-0.000214618
-0.000213968
-0.000212998
-0.000211722
-0.000210162
-0.000208338
-0.000206267
-0.000203964
-0.000201448
-0.000198734
-0.000195841
-0.000192783
-0.000189578
-0.00018624
-0.000182784
-0.000179226
-0.000175578
-0.000171855
-0.000168068
-0.000164231
-0.000160354
-0.000156449
-0.000152527
-0.000148595
-0.000144665
-0.000140744
-0.000227987
-0.000227032
-0.000225745
-0.000224141
-0.000222245
-0.000220079
-0.000217658
-0.000215002
-0.000212129
-0.000209057
-0.000205804
-0.000202387
-0.000198823
-0.000195129
-0.000191321
-0.000187412
-0.00018342
-0.000179356
-0.000175236
-0.000171071
-0.000166874
-0.000162656
-0.000158427
-0.000154198
-0.000149979
-0.000145778
-0.000241619
-0.000240339
-0.000238716
-0.000236766
-0.000234515
-0.000231987
-0.0002292
-0.000226173
-0.000222925
-0.000219478
-0.000215848
-0.000212056
-0.000208119
-0.000204053
-0.000199877
-0.000195606
-0.000191256
-0.000186841
-0.000182375
-0.000177872
-0.000173344
-0.000168804
-0.000164261
-0.000159728
-0.000155212
-0.000150724
-0.000255511
-0.000253887
-0.000251907
-0.000249591
-0.000246966
-0.000244057
-0.000240884
-0.000237467
-0.000233828
-0.000229988
-0.000225965
-0.000221781
-0.000217455
-0.000213004
-0.000208446
-0.000203799
-0.000199078
-0.000194299
-0.000189477
-0.000184626
-0.000179758
-0.000174886
-0.000170021
-0.000165175
-0.000160357
-0.000155576
-0.00026966
-0.00026767
-0.000265314
-0.000262612
-0.000259593
-0.000256283
-0.000252705
-0.00024888
-0.000244831
-0.000240579
-0.000236147
-0.000231555
-0.000226823
-0.000221972
-0.000217018
-0.000211981
-0.000206877
-0.000201723
-0.000196533
-0.000191323
-0.000186105
-0.000180894
-0.000175699
-0.000170533
-0.000165405
-0.000160326
-0.000284061
-0.000281685
-0.000278932
-0.000275822
-0.000272388
-0.000268659
-0.000264655
-0.000260403
-0.000255924
-0.000251244
-0.000246385
-0.000241368
-0.000236216
-0.000230948
-0.000225585
-0.000220144
-0.000214645
-0.000209103
-0.000203535
-0.000197956
-0.000192379
-0.000186819
-0.000181286
-0.000175794
-0.00017035
-0.000164966
-0.00029871
-0.000295928
-0.000292755
-0.000289216
-0.000285347
-0.000281176
-0.000276728
-0.000272028
-0.000267102
-0.000261974
-0.00025667
-0.000251212
-0.000245623
-0.000239924
-0.000234137
-0.00022828
-0.000222372
-0.000216431
-0.000210474
-0.000204516
-0.000198571
-0.000192654
-0.000186776
-0.00018095
-0.000175185
-0.000169492
-0.000313604
-0.000310392
-0.000306777
-0.000302788
-0.000298461
-0.000293828
-0.000288915
-0.000283748
-0.000278355
-0.000272762
-0.000266995
-0.000261079
-0.000255037
-0.000248892
-0.000242666
-0.000236379
-0.00023005
-0.000223699
-0.000217342
-0.000210995
-0.000204673
-0.000198391
-0.000192161
-0.000185994
-0.000179903
-0.000173895
-0.000328738
-0.000325073
-0.000320994
-0.000316532
-0.000311726
-0.000306609
-0.000301209
-0.000295555
-0.000289675
-0.000283598
-0.000277351
-0.000270959
-0.000264448
-0.000257842
-0.000251163
-0.000244432
-0.000237671
-0.000230897
-0.00022413
-0.000217385
-0.000210678
-0.000204023
-0.000197433
-0.000190921
-0.000184496
-0.00017817
-0.000344107
-0.000339964
-0.000335399
-0.00033044
-0.000325132
-0.00031951
-0.000313602
-0.00030744
-0.000301054
-0.000294474
-0.000287728
-0.000280844
-0.000273849
-0.000266766
-0.00025962
-0.000252433
-0.000245226
-0.000238019
-0.000230831
-0.000223678
-0.000216577
-0.000209542
-0.000202586
-0.000195722
-0.00018896
-0.000182311
-0.000359705
-0.000355061
-0.000349984
-0.000344507
-0.000338674
-0.000332524
-0.000326087
-0.000319396
-0.000312484
-0.000305382
-0.000298119
-0.000290726
-0.000283229
-0.000275655
-0.000268027
-0.000260371
-0.000252706
-0.000245055
-0.000237436
-0.000229867
-0.000222363
-0.000214941
-0.000207613
-0.000200392
-0.000193288
-0.000186312
3.8743e-05
3.72586e-05
3.57862e-05
3.43268e-05
3.28818e-05
3.14524e-05
3.00398e-05
2.86454e-05
2.72704e-05
2.5916e-05
2.45835e-05
2.3274e-05
2.19888e-05
2.07292e-05
1.94961e-05
1.82908e-05
1.71144e-05
1.59679e-05
1.48523e-05
1.37686e-05
1.27176e-05
1.17003e-05
1.07172e-05
9.76929e-06
8.85702e-06
7.98096e-06
7.14157e-06
6.33922e-06
5.57419e-06
4.84665e-06
4.15668e-06
3.50428e-06
2.88933e-06
2.3116e-06
1.77078e-06
1.26645e-06
7.98084e-07
3.65072e-07
-3.3299e-08
-3.97828e-07
-7.294e-07
-1.02898e-06
-1.29761e-06
-1.5364e-06
-1.74652e-06
3.83905e-05
3.69111e-05
3.54439e-05
3.39899e-05
3.25504e-05
3.11268e-05
2.97202e-05
2.83319e-05
2.69631e-05
2.56151e-05
2.42892e-05
2.29864e-05
2.17081e-05
2.04555e-05
1.92295e-05
1.80315e-05
1.68625e-05
1.57234e-05
1.46154e-05
1.35393e-05
1.2496e-05
1.14864e-05
1.05112e-05
9.57102e-06
8.66656e-06
7.79831e-06
6.96672e-06
6.17212e-06
5.41479e-06
4.69489e-06
4.01248e-06
3.36754e-06
2.75993e-06
2.18943e-06
1.65568e-06
1.15828e-06
6.96672e-07
2.70238e-07
-1.21745e-07
-4.80088e-07
-8.05687e-07
-1.09951e-06
-1.36262e-06
-1.59612e-06
-1.80118e-06
3.77049e-05
3.62353e-05
3.47783e-05
3.33348e-05
3.19062e-05
3.04938e-05
2.90988e-05
2.77223e-05
2.63658e-05
2.50303e-05
2.37172e-05
2.24276e-05
2.11627e-05
1.99237e-05
1.87117e-05
1.75278e-05
1.63731e-05
1.52486e-05
1.41553e-05
1.3094e-05
1.20657e-05
1.10712e-05
1.01111e-05
9.18618e-06
8.29694e-06
7.44389e-06
6.62746e-06
5.84796e-06
5.10562e-06
4.40058e-06
3.73287e-06
3.10243e-06
2.50911e-06
1.95264e-06
1.43266e-06
9.48708e-07
5.00232e-07
8.65761e-08
-2.93003e-07
-6.39336e-07
-9.53338e-07
-1.236e-06
-1.48838e-06
-1.71162e-06
-1.90689e-06
3.67046e-05
3.52495e-05
3.38074e-05
3.23794e-05
3.09668e-05
2.95709e-05
2.81928e-05
2.68338e-05
2.54952e-05
2.41781e-05
2.28838e-05
2.16134e-05
2.03682e-05
1.91492e-05
1.79576e-05
1.67944e-05
1.56607e-05
1.45575e-05
1.34858e-05
1.24463e-05
1.14399e-05
1.04674e-05
9.52951e-06
8.62678e-06
7.75978e-06
6.92894e-06
6.13465e-06
5.37718e-06
4.65672e-06
3.97335e-06
3.32708e-06
2.71779e-06
2.14529e-06
1.60927e-06
1.10933e-06
6.44978e-07
2.15613e-07
-1.7945e-07
-5.40986e-07
-8.69856e-07
-1.167e-06
-1.43344e-06
-1.67025e-06
-1.87859e-06
-2.05963e-06
3.54064e-05
3.39703e-05
3.25478e-05
3.11401e-05
2.97485e-05
2.83741e-05
2.70183e-05
2.56821e-05
2.4367e-05
2.30739e-05
2.18042e-05
2.0559e-05
1.93394e-05
1.81465e-05
1.69815e-05
1.58454e-05
1.47392e-05
1.36637e-05
1.262e-05
1.16089e-05
1.06311e-05
9.6873e-06
8.77822e-06
7.9044e-06
7.0663e-06
6.26434e-06
5.49882e-06
4.76996e-06
4.0779e-06
3.42266e-06
2.80419e-06
2.22232e-06
1.6768e-06
1.16728e-06
6.93293e-07
2.54301e-07
-1.50339e-07
-5.21359e-07
-8.59575e-07
-1.16589e-06
-1.44127e-06
-1.68677e-06
-1.90349e-06
-2.09261e-06
-2.25533e-06
3.3826e-05
3.24133e-05
3.1015e-05
2.96323e-05
2.82664e-05
2.69186e-05
2.55901e-05
2.42821e-05
2.29958e-05
2.17323e-05
2.04928e-05
1.92784e-05
1.80904e-05
1.69296e-05
1.57972e-05
1.46942e-05
1.36216e-05
1.25802e-05
1.15708e-05
1.05943e-05
9.65144e-06
8.74278e-06
7.86893e-06
7.0304e-06
6.22759e-06
5.46084e-06
4.73039e-06
4.03639e-06
3.37891e-06
2.75791e-06
2.17327e-06
1.62474e-06
1.11202e-06
6.34669e-07
1.92188e-07
-2.16036e-07
-5.90698e-07
-9.32584e-07
-1.24256e-06
-1.52157e-06
-1.77062e-06
-1.99081e-06
-2.18326e-06
-2.34918e-06
-2.48979e-06
3.19778e-05
3.05928e-05
2.92233e-05
2.78702e-05
2.6535e-05
2.52187e-05
2.39226e-05
2.26479e-05
2.13956e-05
2.01671e-05
1.89633e-05
1.77855e-05
1.66346e-05
1.55117e-05
1.44178e-05
1.33539e-05
1.23208e-05
1.13194e-05
1.03505e-05
9.41481e-06
8.51296e-06
7.64553e-06
6.81304e-06
6.01591e-06
5.25448e-06
4.52899e-06
3.83962e-06
3.18643e-06
2.56941e-06
1.98844e-06
1.4433e-06
9.33706e-07
4.59241e-07
1.94144e-08
-3.8636e-07
-7.58755e-07
-1.09853e-06
-1.40654e-06
-1.6837e-06
-1.931e-06
-2.14951e-06
-2.34034e-06
-2.50467e-06
-2.64372e-06
-2.75874e-06
2.98753e-05
2.85226e-05
2.71863e-05
2.58676e-05
2.45677e-05
2.32878e-05
2.20291e-05
2.07927e-05
1.95798e-05
1.83915e-05
1.72289e-05
1.60931e-05
1.4985e-05
1.39056e-05
1.28559e-05
1.18369e-05
1.08492e-05
9.8937e-06
8.97112e-06
8.08209e-06
7.22719e-06
6.40691e-06
5.62167e-06
4.87182e-06
4.15759e-06
3.47916e-06
2.83659e-06
2.22987e-06
1.65887e-06
1.12341e-06
6.23173e-07
1.57766e-07
-2.73297e-07
-6.70593e-07
-1.03479e-06
-1.36663e-06
-1.66696e-06
-1.93669e-06
-2.17679e-06
-2.38832e-06
-2.57238e-06
-2.73015e-06
-2.86283e-06
-2.97167e-06
-3.05794e-06
2.75314e-05
2.62153e-05
2.49167e-05
2.3637e-05
2.23772e-05
2.11386e-05
1.99223e-05
1.87294e-05
1.75611e-05
1.64183e-05
1.53022e-05
1.42137e-05
1.31539e-05
1.21236e-05
1.11238e-05
1.01552e-05
9.21862e-06
8.31476e-06
7.44423e-06
6.60762e-06
5.8054e-06
5.03798e-06
4.30568e-06
3.60874e-06
2.94732e-06
2.32147e-06
1.73117e-06
1.17629e-06
6.56624e-07
1.71857e-07
-2.78409e-07
-6.94666e-07
-1.0775e-06
-1.42757e-06
-1.74564e-06
-2.03254e-06
-2.28918e-06
-2.51655e-06
-2.71569e-06
-2.88771e-06
-3.03377e-06
-3.15509e-06
-3.2529e-06
-3.32851e-06
-3.38317e-06
2.4958e-05
2.36829e-05
2.24268e-05
2.11907e-05
1.99758e-05
1.87834e-05
1.76145e-05
1.64701e-05
1.53515e-05
1.42595e-05
1.31952e-05
1.21595e-05
1.11534e-05
1.01777e-05
9.23318e-06
8.32063e-06
7.44071e-06
6.59405e-06
5.78116e-06
5.00254e-06
4.25855e-06
3.54951e-06
2.87563e-06
2.23704e-06
1.6338e-06
1.06583e-06
5.33015e-07
3.51076e-08
-4.28217e-07
-8.57378e-07
-1.25288e-06
-1.61533e-06
-1.94541e-06
-2.24388e-06
-2.51159e-06
-2.74947e-06
-2.95851e-06
-3.13977e-06
-3.29436e-06
-3.42346e-06
-3.52829e-06
-3.61009e-06
-3.67014e-06
-3.70978e-06
-3.73029e-06
2.21665e-05
2.0937e-05
1.97279e-05
1.85401e-05
1.73751e-05
1.62337e-05
1.51172e-05
1.40265e-05
1.29627e-05
1.19267e-05
1.09195e-05
9.94196e-06
8.99495e-06
8.07922e-06
7.19551e-06
6.34446e-06
5.52668e-06
4.74268e-06
3.99289e-06
3.27768e-06
2.59732e-06
1.95201e-06
1.34185e-06
7.66851e-07
2.26934e-07
-2.78073e-07
-7.48432e-07
-1.1845e-06
-1.58672e-06
-1.95564e-06
-2.29188e-06
-2.59615e-06
-2.86924e-06
-3.11204e-06
-3.32548e-06
-3.51058e-06
-3.66842e-06
-3.80013e-06
-3.90692e-06
-3.99e-06
-4.05066e-06
-4.09018e-06
-4.10989e-06
-4.11114e-06
-4.09524e-06
1.91678e-05
1.79885e-05
1.6831e-05
1.56965e-05
1.4586e-05
1.35007e-05
1.24416e-05
1.14097e-05
1.04059e-05
9.4312e-06
8.48639e-06
7.57233e-06
6.68976e-06
5.83939e-06
5.02185e-06
4.2377e-06
3.48744e-06
2.77146e-06
2.0901e-06
1.4436e-06
8.32125e-07
2.55735e-07
-2.8559e-07
-7.91967e-07
-1.2636e-06
-1.7008e-06
-2.10396e-06
-2.47356e-06
-2.81018e-06
-3.11449e-06
-3.38723e-06
-3.62923e-06
-3.84142e-06
-4.02475e-06
-4.1803e-06
-4.30916e-06
-4.41252e-06
-4.49157e-06
-4.5476e-06
-4.58188e-06
-4.59576e-06
-4.59056e-06
-4.56765e-06
-4.52839e-06
-4.4741e-06
1.59721e-05
1.48477e-05
1.37467e-05
1.26703e-05
1.16195e-05
1.05953e-05
9.5987e-06
8.6307e-06
7.69215e-06
6.78392e-06
5.90678e-06
5.06149e-06
4.2487e-06
3.46902e-06
2.72299e-06
2.01106e-06
1.33361e-06
6.90921e-07
8.32113e-08
-4.89405e-07
-1.0269e-06
-1.52934e-06
-1.99688e-06
-2.42979e-06
-2.82839e-06
-3.19315e-06
-3.52459e-06
-3.82334e-06
-4.0901e-06
-4.32569e-06
-4.53097e-06
-4.70691e-06
-4.85453e-06
-4.97493e-06
-5.06927e-06
-5.13875e-06
-5.18463e-06
-5.20822e-06
-5.21084e-06
-5.19385e-06
-5.15864e-06
-5.10657e-06
-5.03904e-06
-4.95743e-06
-4.86308e-06
1.25895e-05
1.15248e-05
1.04853e-05
9.47186e-06
8.48567e-06
7.52769e-06
6.59882e-06
5.69994e-06
4.83189e-06
3.99542e-06
3.19126e-06
2.42004e-06
1.68235e-06
9.78671e-07
3.09434e-07
-3.25023e-07
-9.24445e-07
-1.48867e-06
-2.01761e-06
-2.51131e-06
-2.96986e-06
-3.39347e-06
-3.78246e-06
-4.13722e-06
-4.45825e-06
-4.74614e-06
-5.00157e-06
-5.22531e-06
-5.41822e-06
-5.58124e-06
-5.71538e-06
-5.82172e-06
-5.90142e-06
-5.95569e-06
-5.98579e-06
-5.99304e-06
-5.97878e-06
-5.94439e-06
-5.89127e-06
-5.82083e-06
-5.73452e-06
-5.63373e-06
-5.51988e-06
-5.39439e-06
-5.25856e-06
9.02959e-06
8.02956e-06
7.05642e-06
6.11114e-06
5.19474e-06
4.30814e-06
3.45219e-06
2.62771e-06
1.83543e-06
1.07604e-06
3.50162e-07
-3.41664e-07
-9.98972e-07
-1.62138e-06
-2.20858e-06
-2.76036e-06
-3.2766e-06
-3.75728e-06
-4.20246e-06
-4.61231e-06
-4.98708e-06
-5.32715e-06
-5.63298e-06
-5.90511e-06
-6.14421e-06
-6.35102e-06
-6.52638e-06
-6.67121e-06
-6.78651e-06
-6.87337e-06
-6.93294e-06
-6.96644e-06
-6.97514e-06
-6.96038e-06
-6.92352e-06
-6.86598e-06
-6.7892e-06
-6.69462e-06
-6.58371e-06
-6.45796e-06
-6.31882e-06
-6.16775e-06
-6.00618e-06
-5.83551e-06
-5.65708e-06
5.30176e-06
4.37144e-06
3.46983e-06
2.59785e-06
1.75646e-06
9.46506e-07
1.6878e-07
-5.75999e-07
-1.28717e-06
-1.96414e-06
-2.60641e-06
-3.21353e-06
-3.78517e-06
-4.32105e-06
-4.82101e-06
-5.28498e-06
-5.71298e-06
-6.10512e-06
-6.46163e-06
-6.78284e-06
-7.06916e-06
-7.32112e-06
-7.53935e-06
-7.72456e-06
-7.87758e-06
-7.99931e-06
-8.09076e-06
-8.15299e-06
-8.18718e-06
-8.19456e-06
-8.17641e-06
-8.13408e-06
-8.069e-06
-7.98259e-06
-7.87633e-06
-7.75175e-06
-7.61035e-06
-7.45367e-06
-7.28323e-06
-7.10057e-06
-6.90718e-06
-6.70455e-06
-6.49411e-06
-6.27728e-06
-6.05536e-06
1.41512e-06
5.59709e-07
-2.65136e-07
-1.05853e-06
-1.8196e-06
-2.54755e-06
-3.24168e-06
-3.90137e-06
-4.52606e-06
-5.11525e-06
-5.66855e-06
-6.18566e-06
-6.66634e-06
-7.11049e-06
-7.51806e-06
-7.88914e-06
-8.22389e-06
-8.52261e-06
-8.78567e-06
-9.01356e-06
-9.20688e-06
-9.36633e-06
-9.4927e-06
-9.58688e-06
-9.64987e-06
-9.68274e-06
-9.68667e-06
-9.66288e-06
-9.61271e-06
-9.53752e-06
-9.43876e-06
-9.31792e-06
-9.17653e-06
-9.01614e-06
-8.83835e-06
-8.64475e-06
-8.43694e-06
-8.21653e-06
-7.98511e-06
-7.74424e-06
-7.49546e-06
-7.24026e-06
-6.98008e-06
-6.71634e-06
-6.45032e-06
-2.62137e-06
-3.39657e-06
-4.13928e-06
-4.8487e-06
-5.52401e-06
-6.16453e-06
-6.76963e-06
-7.33879e-06
-7.87156e-06
-8.36757e-06
-8.82655e-06
-9.24832e-06
-9.63281e-06
-9.98002e-06
-1.02901e-05
-1.05633e-05
-1.07999e-05
-1.10004e-05
-1.11653e-05
-1.12953e-05
-1.13913e-05
-1.1454e-05
-1.14844e-05
-1.14836e-05
-1.14529e-05
-1.13933e-05
-1.13063e-05
-1.11933e-05
-1.10558e-05
-1.08952e-05
-1.07133e-05
-1.05115e-05
-1.02915e-05
-1.00551e-05
-9.80394e-06
-9.53964e-06
-9.26393e-06
-8.97846e-06
-8.68488e-06
-8.38478e-06
-8.07973e-06
-7.77122e-06
-7.46071e-06
-7.14958e-06
-6.83907e-06
-6.79892e-06
-7.48844e-06
-8.14355e-06
-8.76349e-06
-9.34753e-06
-9.89508e-06
-1.04056e-05
-1.08788e-05
-1.13142e-05
-1.17116e-05
-1.20708e-05
-1.2392e-05
-1.2675e-05
-1.29202e-05
-1.31277e-05
-1.3298e-05
-1.34316e-05
-1.35292e-05
-1.35915e-05
-1.36193e-05
-1.36136e-05
-1.35754e-05
-1.3506e-05
-1.34066e-05
-1.32785e-05
-1.31232e-05
-1.29422e-05
-1.27371e-05
-1.25094e-05
-1.2261e-05
-1.19934e-05
-1.17085e-05
-1.14081e-05
-1.10939e-05
-1.07678e-05
-1.04314e-05
-1.00865e-05
-9.73494e-06
-9.3783e-06
-9.01823e-06
-8.6563e-06
-8.29402e-06
-7.93282e-06
-7.57405e-06
-7.21893e-06
-1.11088e-05
-1.17071e-05
-1.2269e-05
-1.27938e-05
-1.3281e-05
-1.373e-05
-1.41404e-05
-1.4512e-05
-1.48445e-05
-1.51378e-05
-1.5392e-05
-1.56072e-05
-1.57836e-05
-1.59216e-05
-1.60216e-05
-1.60842e-05
-1.61101e-05
-1.61002e-05
-1.60554e-05
-1.59767e-05
-1.58653e-05
-1.57224e-05
-1.55495e-05
-1.53479e-05
-1.51192e-05
-1.4865e-05
-1.45871e-05
-1.42871e-05
-1.39668e-05
-1.36282e-05
-1.3273e-05
-1.29032e-05
-1.25206e-05
-1.21271e-05
-1.17247e-05
-1.13151e-05
-1.09002e-05
-1.04817e-05
-1.00614e-05
-9.64089e-06
-9.22174e-06
-8.80547e-06
-8.39346e-06
-7.98706e-06
-7.58741e-06
-1.55425e-05
-1.60438e-05
-1.65068e-05
-1.69308e-05
-1.73154e-05
-1.76601e-05
-1.79648e-05
-1.82291e-05
-1.84532e-05
-1.86371e-05
-1.87808e-05
-1.88848e-05
-1.89493e-05
-1.89751e-05
-1.89626e-05
-1.89127e-05
-1.88264e-05
-1.87045e-05
-1.85483e-05
-1.8359e-05
-1.8138e-05
-1.78867e-05
-1.76067e-05
-1.72997e-05
-1.69673e-05
-1.66114e-05
-1.62338e-05
-1.58366e-05
-1.54215e-05
-1.49907e-05
-1.45461e-05
-1.40897e-05
-1.36235e-05
-1.31496e-05
-1.26699e-05
-1.21863e-05
-1.17007e-05
-1.12148e-05
-1.07305e-05
-1.02493e-05
-9.77283e-06
-9.30259e-06
-8.83992e-06
-8.3861e-06
-7.94223e-06
-2.00914e-05
-2.04899e-05
-2.08481e-05
-2.11655e-05
-2.14417e-05
-2.16764e-05
-2.18696e-05
-2.20212e-05
-2.21313e-05
-2.22001e-05
-2.2228e-05
-2.22155e-05
-2.21631e-05
-2.20716e-05
-2.19419e-05
-2.17749e-05
-2.15717e-05
-2.13336e-05
-2.10619e-05
-2.07581e-05
-2.04237e-05
-2.00605e-05
-1.96701e-05
-1.92545e-05
-1.88156e-05
-1.83553e-05
-1.78758e-05
-1.73791e-05
-1.68673e-05
-1.63425e-05
-1.58069e-05
-1.52627e-05
-1.47119e-05
-1.41566e-05
-1.35989e-05
-1.30407e-05
-1.2484e-05
-1.19305e-05
-1.1382e-05
-1.08402e-05
-1.03066e-05
-9.78266e-06
-9.26968e-06
-8.7689e-06
-8.28132e-06
-2.4747e-05
-2.50367e-05
-2.52842e-05
-2.5489e-05
-2.5651e-05
-2.57699e-05
-2.58458e-05
-2.58789e-05
-2.58695e-05
-2.58179e-05
-2.57246e-05
-2.55904e-05
-2.5416e-05
-2.52024e-05
-2.49507e-05
-2.46619e-05
-2.43375e-05
-2.3979e-05
-2.35878e-05
-2.31657e-05
-2.27145e-05
-2.2236e-05
-2.17322e-05
-2.12052e-05
-2.06572e-05
-2.00902e-05
-1.95065e-05
-1.89084e-05
-1.82982e-05
-1.7678e-05
-1.70503e-05
-1.64171e-05
-1.57809e-05
-1.51436e-05
-1.45074e-05
-1.38744e-05
-1.32464e-05
-1.26253e-05
-1.20128e-05
-1.14107e-05
-1.08204e-05
-1.02432e-05
-9.68049e-06
-9.13339e-06
-8.6028e-06
-2.95008e-05
-2.96757e-05
-2.98064e-05
-2.98927e-05
-2.99344e-05
-2.99317e-05
-2.98846e-05
-2.97935e-05
-2.9659e-05
-2.94814e-05
-2.92617e-05
-2.90006e-05
-2.86992e-05
-2.83587e-05
-2.79802e-05
-2.75653e-05
-2.71155e-05
-2.66325e-05
-2.61181e-05
-2.55741e-05
-2.50027e-05
-2.44058e-05
-2.37858e-05
-2.31448e-05
-2.24853e-05
-2.18094e-05
-2.11197e-05
-2.04186e-05
-1.97085e-05
-1.89918e-05
-1.82709e-05
-1.75482e-05
-1.68259e-05
-1.61062e-05
-1.53914e-05
-1.46835e-05
-1.39844e-05
-1.3296e-05
-1.262e-05
-1.19581e-05
-1.13116e-05
-1.06819e-05
-1.00703e-05
-9.4777e-06
-8.90501e-06
-3.43443e-05
-3.43982e-05
-3.4406e-05
-3.43677e-05
-3.42832e-05
-3.41528e-05
-3.39769e-05
-3.3756e-05
-3.34907e-05
-3.31819e-05
-3.28304e-05
-3.24374e-05
-3.20041e-05
-3.15318e-05
-3.10222e-05
-3.04768e-05
-2.98975e-05
-2.92862e-05
-2.86449e-05
-2.79757e-05
-2.72809e-05
-2.65629e-05
-2.58239e-05
-2.50666e-05
-2.42934e-05
-2.35069e-05
-2.27096e-05
-2.19041e-05
-2.1093e-05
-2.02789e-05
-1.94641e-05
-1.86513e-05
-1.78427e-05
-1.70406e-05
-1.62472e-05
-1.54647e-05
-1.46949e-05
-1.39397e-05
-1.32008e-05
-1.24798e-05
-1.1778e-05
-1.10968e-05
-1.04372e-05
-9.8002e-06
-9.18647e-06
-3.92691e-05
-3.91957e-05
-3.90744e-05
-3.89052e-05
-3.86885e-05
-3.84246e-05
-3.8114e-05
-3.77576e-05
-3.7356e-05
-3.69105e-05
-3.6422e-05
-3.5892e-05
-3.5322e-05
-3.47134e-05
-3.40682e-05
-3.33882e-05
-3.26755e-05
-3.19322e-05
-3.11605e-05
-3.0363e-05
-2.9542e-05
-2.87001e-05
-2.78399e-05
-2.69641e-05
-2.60755e-05
-2.51766e-05
-2.42704e-05
-2.33595e-05
-2.24466e-05
-2.15343e-05
-2.06254e-05
-1.97222e-05
-1.88273e-05
-1.7943e-05
-1.70714e-05
-1.62148e-05
-1.53749e-05
-1.45537e-05
-1.37528e-05
-1.29737e-05
-1.22177e-05
-1.14861e-05
-1.07797e-05
-1.00994e-05
-9.44591e-06
-4.42666e-05
-4.40595e-05
-4.38028e-05
-4.34967e-05
-4.31416e-05
-4.27382e-05
-4.22871e-05
-4.17894e-05
-4.12461e-05
-4.06585e-05
-4.0028e-05
-3.93561e-05
-3.86445e-05
-3.78952e-05
-3.71102e-05
-3.62916e-05
-3.54417e-05
-3.45629e-05
-3.36578e-05
-3.27289e-05
-3.1779e-05
-3.08109e-05
-2.98273e-05
-2.88312e-05
-2.78255e-05
-2.68131e-05
-2.57969e-05
-2.47797e-05
-2.37644e-05
-2.27538e-05
-2.17505e-05
-2.07571e-05
-1.97762e-05
-1.881e-05
-1.78609e-05
-1.69309e-05
-1.60219e-05
-1.51357e-05
-1.42739e-05
-1.34379e-05
-1.26289e-05
-1.18481e-05
-1.10962e-05
-1.03742e-05
-9.68222e-06
-4.93284e-05
-4.89811e-05
-4.85826e-05
-4.81333e-05
-4.76338e-05
-4.70848e-05
-4.64875e-05
-4.58429e-05
-4.51524e-05
-4.44174e-05
-4.36397e-05
-4.28211e-05
-4.19635e-05
-4.10691e-05
-4.01401e-05
-3.91791e-05
-3.81885e-05
-3.7171e-05
-3.61293e-05
-3.50664e-05
-3.39852e-05
-3.28887e-05
-3.178e-05
-3.0662e-05
-2.9538e-05
-2.8411e-05
-2.72839e-05
-2.616e-05
-2.5042e-05
-2.39329e-05
-2.28355e-05
-2.17522e-05
-2.06858e-05
-1.96386e-05
-1.86128e-05
-1.76104e-05
-1.66334e-05
-1.56834e-05
-1.4762e-05
-1.38705e-05
-1.301e-05
-1.21815e-05
-1.13857e-05
-1.06233e-05
-9.89449e-06
-5.44458e-05
-5.39519e-05
-5.34052e-05
-5.28064e-05
-5.21563e-05
-5.14558e-05
-5.07064e-05
-4.99093e-05
-4.90662e-05
-4.81788e-05
-4.7249e-05
-4.62789e-05
-4.52708e-05
-4.42271e-05
-4.31503e-05
-4.20432e-05
-4.09085e-05
-3.97492e-05
-3.85683e-05
-3.7369e-05
-3.61543e-05
-3.49276e-05
-3.3692e-05
-3.24509e-05
-3.12075e-05
-2.99651e-05
-2.87269e-05
-2.74959e-05
-2.62753e-05
-2.5068e-05
-2.38767e-05
-2.27043e-05
-2.15533e-05
-2.04259e-05
-1.93245e-05
-1.8251e-05
-1.72073e-05
-1.6195e-05
-1.52155e-05
-1.427e-05
-1.33596e-05
-1.24851e-05
-1.16471e-05
-1.0846e-05
-1.0082e-05
-5.96104e-05
-5.89633e-05
-5.8262e-05
-5.75073e-05
-5.67005e-05
-5.58426e-05
-5.49353e-05
-5.39802e-05
-5.29791e-05
-5.19341e-05
-5.08474e-05
-4.97214e-05
-4.85585e-05
-4.73615e-05
-4.61332e-05
-4.48765e-05
-4.35947e-05
-4.22908e-05
-4.09682e-05
-3.96301e-05
-3.82801e-05
-3.69215e-05
-3.55579e-05
-3.41926e-05
-3.28292e-05
-3.14709e-05
-3.01212e-05
-2.87833e-05
-2.74603e-05
-2.61553e-05
-2.4871e-05
-2.36103e-05
-2.23756e-05
-2.11694e-05
-1.99937e-05
-1.88506e-05
-1.77418e-05
-1.66688e-05
-1.56329e-05
-1.46353e-05
-1.36768e-05
-1.27581e-05
-1.18796e-05
-1.10416e-05
-1.02441e-05
-6.48136e-05
-6.40066e-05
-6.31442e-05
-6.22274e-05
-6.12577e-05
-6.02366e-05
-5.91657e-05
-5.80471e-05
-5.68829e-05
-5.56754e-05
-5.4427e-05
-5.31406e-05
-5.18188e-05
-5.04646e-05
-4.90813e-05
-4.7672e-05
-4.62401e-05
-4.4789e-05
-4.33223e-05
-4.18437e-05
-4.03567e-05
-3.8865e-05
-3.73722e-05
-3.58821e-05
-3.43981e-05
-3.29239e-05
-3.14629e-05
-3.00184e-05
-2.85936e-05
-2.71916e-05
-2.58153e-05
-2.44674e-05
-2.31505e-05
-2.18668e-05
-2.06185e-05
-1.94074e-05
-1.82352e-05
-1.71034e-05
-1.6013e-05
-1.49652e-05
-1.39605e-05
-1.29995e-05
-1.20825e-05
-1.12096e-05
-1.03805e-05
-7.00467e-05
-6.90732e-05
-6.80432e-05
-6.69582e-05
-6.58195e-05
-6.46292e-05
-6.33891e-05
-6.21017e-05
-6.07692e-05
-5.93943e-05
-5.79798e-05
-5.65287e-05
-5.50441e-05
-5.35292e-05
-5.19875e-05
-5.04226e-05
-4.88379e-05
-4.72374e-05
-4.56248e-05
-4.40038e-05
-4.23785e-05
-4.07526e-05
-3.913e-05
-3.75146e-05
-3.591e-05
-3.432e-05
-3.2748e-05
-3.11975e-05
-2.96718e-05
-2.81739e-05
-2.67068e-05
-2.52732e-05
-2.38756e-05
-2.25161e-05
-2.1197e-05
-1.99198e-05
-1.86863e-05
-1.74976e-05
-1.63549e-05
-1.52588e-05
-1.421e-05
-1.32089e-05
-1.22554e-05
-1.13495e-05
-1.04908e-05
-7.53013e-05
-7.41546e-05
-7.29506e-05
-7.16909e-05
-7.03773e-05
-6.9012e-05
-6.75973e-05
-6.61357e-05
-6.463e-05
-6.30831e-05
-6.14981e-05
-5.98783e-05
-5.82271e-05
-5.65481e-05
-5.4845e-05
-5.31216e-05
-5.13819e-05
-4.96299e-05
-4.78695e-05
-4.6105e-05
-4.43402e-05
-4.25795e-05
-4.08267e-05
-3.90858e-05
-3.73608e-05
-3.56553e-05
-3.3973e-05
-3.23175e-05
-3.0692e-05
-2.90996e-05
-2.75432e-05
-2.60255e-05
-2.45489e-05
-2.31157e-05
-2.17277e-05
-2.03866e-05
-1.90939e-05
-1.78506e-05
-1.66576e-05
-1.55156e-05
-1.44249e-05
-1.33858e-05
-1.2398e-05
-1.14613e-05
-1.0575e-05
-8.05686e-05
-7.92421e-05
-7.78577e-05
-7.64172e-05
-7.49227e-05
-7.33767e-05
-7.17818e-05
-7.0141e-05
-6.84573e-05
-6.67338e-05
-6.49741e-05
-6.31818e-05
-6.13605e-05
-5.95142e-05
-5.76469e-05
-5.57627e-05
-5.38658e-05
-5.19605e-05
-5.0051e-05
-4.81418e-05
-4.62369e-05
-4.43409e-05
-4.24577e-05
-4.05916e-05
-3.87465e-05
-3.69264e-05
-3.51348e-05
-3.33755e-05
-3.16515e-05
-2.99662e-05
-2.83223e-05
-2.67224e-05
-2.5169e-05
-2.36641e-05
-2.22095e-05
-2.08067e-05
-1.9457e-05
-1.81615e-05
-1.69207e-05
-1.57351e-05
-1.46048e-05
-1.353e-05
-1.25101e-05
-1.15447e-05
-1.0633e-05
-8.58402e-05
-8.43273e-05
-8.2756e-05
-8.11285e-05
-7.94472e-05
-7.7715e-05
-7.59348e-05
-7.41097e-05
-7.22433e-05
-7.0339e-05
-6.84006e-05
-6.6432e-05
-6.44374e-05
-6.24209e-05
-6.03869e-05
-5.83396e-05
-5.62837e-05
-5.42237e-05
-5.2164e-05
-5.01092e-05
-4.80639e-05
-4.60324e-05
-4.40191e-05
-4.20282e-05
-4.00639e-05
-3.81301e-05
-3.62305e-05
-3.43687e-05
-3.25481e-05
-3.07716e-05
-2.90422e-05
-2.73623e-05
-2.57343e-05
-2.416e-05
-2.26412e-05
-2.11792e-05
-1.97752e-05
-1.84298e-05
-1.71437e-05
-1.59169e-05
-1.47496e-05
-1.36414e-05
-1.25918e-05
-1.16e-05
-1.0665e-05
-9.11075e-05
-8.94016e-05
-8.76371e-05
-8.58166e-05
-8.39428e-05
-8.20188e-05
-8.0048e-05
-7.80339e-05
-7.59803e-05
-7.3891e-05
-7.17702e-05
-6.96221e-05
-6.74511e-05
-6.52618e-05
-6.30587e-05
-6.08465e-05
-5.86301e-05
-5.64141e-05
-5.42034e-05
-5.20027e-05
-4.98167e-05
-4.765e-05
-4.5507e-05
-4.33922e-05
-4.13097e-05
-3.92635e-05
-3.72574e-05
-3.5295e-05
-3.33796e-05
-3.15142e-05
-2.97015e-05
-2.79439e-05
-2.62437e-05
-2.46027e-05
-2.30222e-05
-2.15037e-05
-2.00478e-05
-1.86553e-05
-1.73264e-05
-1.60612e-05
-1.48593e-05
-1.37202e-05
-1.26432e-05
-1.16274e-05
-1.06713e-05
-9.63619e-05
-9.44565e-05
-9.24926e-05
-9.04731e-05
-8.84011e-05
-8.62801e-05
-8.41138e-05
-8.1906e-05
-7.96609e-05
-7.73828e-05
-7.5076e-05
-7.27452e-05
-7.03951e-05
-6.80305e-05
-6.56564e-05
-6.32777e-05
-6.08995e-05
-5.85268e-05
-5.61646e-05
-5.38178e-05
-5.14913e-05
-4.91898e-05
-4.6918e-05
-4.46803e-05
-4.2481e-05
-4.03241e-05
-3.82133e-05
-3.61523e-05
-3.41443e-05
-3.21923e-05
-3.02987e-05
-2.84661e-05
-2.66964e-05
-2.49913e-05
-2.3352e-05
-2.17796e-05
-2.02748e-05
-1.88379e-05
-1.74689e-05
-1.61678e-05
-1.49339e-05
-1.37665e-05
-1.26646e-05
-1.1627e-05
-1.06522e-05
-0.000101595
-9.94837e-05
-9.73142e-05
-9.50899e-05
-9.28142e-05
-9.0491e-05
-8.81244e-05
-8.57185e-05
-8.32779e-05
-8.08072e-05
-7.83112e-05
-7.57948e-05
-7.32631e-05
-7.07212e-05
-6.81744e-05
-6.56279e-05
-6.3087e-05
-6.0557e-05
-5.80431e-05
-5.55504e-05
-5.30839e-05
-5.06486e-05
-4.8249e-05
-4.58899e-05
-4.35754e-05
-4.13096e-05
-3.90963e-05
-3.6939e-05
-3.48408e-05
-3.28047e-05
-3.0833e-05
-2.89281e-05
-2.70917e-05
-2.53254e-05
-2.36302e-05
-2.20068e-05
-2.04559e-05
-1.89775e-05
-1.75714e-05
-1.62371e-05
-1.49739e-05
-1.37808e-05
-1.26564e-05
-1.15995e-05
-1.06081e-05
-0.000106799
-0.000104475
-0.000102094
-9.9659e-05
-9.71742e-05
-9.46438e-05
-9.20722e-05
-8.94641e-05
-8.68241e-05
-8.41575e-05
-8.14692e-05
-7.87646e-05
-7.60491e-05
-7.33282e-05
-7.06073e-05
-6.7892e-05
-6.51879e-05
-6.25004e-05
-5.98349e-05
-5.71968e-05
-5.45912e-05
-5.2023e-05
-4.94972e-05
-4.70183e-05
-4.45906e-05
-4.22181e-05
-3.99046e-05
-3.76535e-05
-3.54678e-05
-3.33504e-05
-3.13036e-05
-2.93293e-05
-2.74293e-05
-2.56048e-05
-2.38567e-05
-2.21855e-05
-2.05914e-05
-1.90744e-05
-1.7634e-05
-1.62694e-05
-1.49796e-05
-1.37634e-05
-1.26192e-05
-1.15453e-05
-1.05397e-05
-0.000111964
-0.000109422
-0.000106823
-0.000104172
-0.000101473
-9.8731e-05
-9.59501e-05
-9.31356e-05
-9.02928e-05
-8.7427e-05
-8.45437e-05
-8.16487e-05
-7.87475e-05
-7.5846e-05
-7.295e-05
-7.00653e-05
-6.71976e-05
-6.43528e-05
-6.15362e-05
-5.87535e-05
-5.60099e-05
-5.33105e-05
-5.06601e-05
-4.80634e-05
-4.55247e-05
-4.3048e-05
-4.06369e-05
-3.82947e-05
-3.60245e-05
-3.38289e-05
-3.17099e-05
-2.96695e-05
-2.7709e-05
-2.58295e-05
-2.40316e-05
-2.23157e-05
-2.06817e-05
-1.91291e-05
-1.76573e-05
-1.62653e-05
-1.49517e-05
-1.3715e-05
-1.25534e-05
-1.14651e-05
-1.04475e-05
-0.000117083
-0.000114316
-0.000111495
-0.000108622
-0.000105704
-0.000102745
-9.97508e-05
-9.67263e-05
-9.36773e-05
-9.06095e-05
-8.75288e-05
-8.44413e-05
-8.13528e-05
-7.82697e-05
-7.51978e-05
-7.21433e-05
-6.91122e-05
-6.61104e-05
-6.31436e-05
-6.02175e-05
-5.73374e-05
-5.45084e-05
-5.17356e-05
-4.90234e-05
-4.63762e-05
-4.37978e-05
-4.1292e-05
-3.88619e-05
-3.65103e-05
-3.42395e-05
-3.20517e-05
-2.99484e-05
-2.79308e-05
-2.59996e-05
-2.41553e-05
-2.23979e-05
-2.07271e-05
-1.91421e-05
-1.7642e-05
-1.62254e-05
-1.48908e-05
-1.36363e-05
-1.246e-05
-1.13595e-05
-1.03322e-05
-0.000122148
-0.000119151
-0.0001161
-0.000113001
-0.000109859
-0.000106679
-0.000103468
-0.000100229
-9.69712e-05
-9.36989e-05
-9.04187e-05
-8.71369e-05
-8.386e-05
-8.05944e-05
-7.73463e-05
-7.41221e-05
-7.09279e-05
-6.777e-05
-6.46541e-05
-6.1586e-05
-5.85711e-05
-5.56147e-05
-5.27217e-05
-4.98966e-05
-4.71436e-05
-4.44667e-05
-4.18693e-05
-3.93544e-05
-3.69246e-05
-3.45823e-05
-3.2329e-05
-3.01663e-05
-2.8095e-05
-2.61156e-05
-2.42283e-05
-2.24327e-05
-2.07283e-05
-1.9114e-05
-1.75886e-05
-1.61504e-05
-1.47977e-05
-1.35281e-05
-1.23395e-05
-1.12294e-05
-1.01947e-05
-0.000127151
-0.000123917
-0.000120632
-0.000117302
-0.000113931
-0.000110526
-0.000107094
-0.000103639
-0.000100169
-9.66894e-05
-9.32078e-05
-8.97306e-05
-8.62643e-05
-8.28156e-05
-7.93912e-05
-7.59976e-05
-7.26412e-05
-6.93283e-05
-6.60647e-05
-6.28565e-05
-5.9709e-05
-5.66275e-05
-5.3617e-05
-5.06818e-05
-4.78262e-05
-4.50539e-05
-4.23682e-05
-3.97719e-05
-3.72676e-05
-3.48571e-05
-3.2542e-05
-3.03235e-05
-2.82021e-05
-2.6178e-05
-2.42511e-05
-2.24208e-05
-2.06861e-05
-1.90458e-05
-1.74981e-05
-1.60413e-05
-1.46732e-05
-1.33913e-05
-1.21929e-05
-1.10755e-05
-1.00357e-05
-0.000132083
-0.000128607
-0.000125083
-0.000121516
-0.000117913
-0.00011428
-0.000110622
-0.000106948
-0.000103263
-9.95755e-05
-9.58912e-05
-9.22173e-05
-8.85611e-05
-8.49293e-05
-8.1329e-05
-7.77667e-05
-7.42491e-05
-7.07826e-05
-6.73732e-05
-6.40269e-05
-6.07492e-05
-5.75454e-05
-5.44202e-05
-5.13781e-05
-4.84231e-05
-4.55588e-05
-4.27883e-05
-4.01144e-05
-3.75391e-05
-3.50643e-05
-3.26912e-05
-3.04205e-05
-2.82527e-05
-2.61875e-05
-2.42246e-05
-2.2363e-05
-2.06014e-05
-1.89382e-05
-1.73715e-05
-1.5899e-05
-1.45183e-05
-1.32267e-05
-1.20212e-05
-1.08989e-05
-9.85607e-06
-0.000136937
-0.000133214
-0.000129446
-0.000125638
-0.000121798
-0.000117933
-0.000114048
-0.000110152
-0.00010625
-0.000102352
-9.84638e-05
-9.45927e-05
-9.07463e-05
-8.69317e-05
-8.3156e-05
-7.94261e-05
-7.57487e-05
-7.21304e-05
-6.85774e-05
-6.50955e-05
-6.16904e-05
-5.83671e-05
-5.51304e-05
-5.19847e-05
-4.89339e-05
-4.59813e-05
-4.31298e-05
-4.0382e-05
-3.77397e-05
-3.52044e-05
-3.27771e-05
-3.04581e-05
-2.82476e-05
-2.61451e-05
-2.41498e-05
-2.22603e-05
-2.04752e-05
-1.87924e-05
-1.72097e-05
-1.57246e-05
-1.43341e-05
-1.30354e-05
-1.18252e-05
-1.07005e-05
-9.65674e-06
-0.000141706
-0.000137731
-0.000133713
-0.000129661
-0.000125581
-0.000121479
-0.000117364
-0.000113244
-0.000109124
-0.000105014
-0.000100921
-9.68526e-05
-9.28161e-05
-8.88192e-05
-8.48692e-05
-8.0973e-05
-7.71377e-05
-7.33698e-05
-6.96755e-05
-6.60608e-05
-6.25312e-05
-5.90917e-05
-5.5747e-05
-5.25014e-05
-4.93584e-05
-4.63214e-05
-4.33929e-05
-4.05752e-05
-3.78699e-05
-3.52781e-05
-3.28005e-05
-3.04372e-05
-2.81879e-05
-2.60517e-05
-2.40276e-05
-2.21139e-05
-2.03087e-05
-1.86096e-05
-1.7014e-05
-1.5519e-05
-1.41217e-05
-1.28185e-05
-1.16061e-05
-1.04812e-05
-9.43856e-06
-0.000146382
-0.000142149
-0.000137879
-0.000133578
-0.000129253
-0.000124913
-0.000120566
-0.000116219
-0.00011188
-0.000107557
-0.000103259
-9.89931e-05
-9.47671e-05
-9.05888e-05
-8.64657e-05
-8.24052e-05
-7.8414e-05
-7.44989e-05
-7.06662e-05
-6.69217e-05
-6.32709e-05
-5.97187e-05
-5.62698e-05
-5.2928e-05
-4.96969e-05
-4.65795e-05
-4.35781e-05
-4.06946e-05
-3.79304e-05
-3.52863e-05
-3.27625e-05
-3.03588e-05
-2.80746e-05
-2.59087e-05
-2.38595e-05
-2.1925e-05
-2.0103e-05
-1.83908e-05
-1.67854e-05
-1.52837e-05
-1.38821e-05
-1.25771e-05
-1.13649e-05
-1.0242e-05
-9.20263e-06
-0.000150958
-0.000146463
-0.000141936
-0.000137382
-0.000132811
-0.00012823
-0.000123648
-0.000119073
-0.000114513
-0.000109977
-0.000105474
-0.000101011
-9.6596e-05
-9.22376e-05
-8.79433e-05
-8.37204e-05
-7.95758e-05
-7.55164e-05
-7.15482e-05
-6.76773e-05
-6.39089e-05
-6.02478e-05
-5.66985e-05
-5.32647e-05
-4.99497e-05
-4.67561e-05
-4.3686e-05
-4.07411e-05
-3.79223e-05
-3.523e-05
-3.26641e-05
-3.02242e-05
-2.7909e-05
-2.57171e-05
-2.36465e-05
-2.16949e-05
-1.98596e-05
-1.81375e-05
-1.65253e-05
-1.50196e-05
-1.36166e-05
-1.23123e-05
-1.11026e-05
-9.98404e-06
-8.95001e-06
-0.000155427
-0.000150666
-0.000145877
-0.000141068
-0.000136247
-0.000131423
-0.000126604
-0.0001218
-0.000117019
-0.00011227
-0.000107562
-0.000102902
-9.83001e-05
-9.37633e-05
-8.92998e-05
-8.49169e-05
-8.06218e-05
-7.6421e-05
-7.23209e-05
-6.83271e-05
-6.44449e-05
-6.0679e-05
-5.70335e-05
-5.35119e-05
-5.01173e-05
-4.68519e-05
-4.37177e-05
-4.07157e-05
-3.78466e-05
-3.51104e-05
-3.25068e-05
-3.00346e-05
-2.76925e-05
-2.54785e-05
-2.33902e-05
-2.1425e-05
-1.95797e-05
-1.78509e-05
-1.62351e-05
-1.47283e-05
-1.33264e-05
-1.20253e-05
-1.08205e-05
-9.70823e-06
-8.68166e-06
-0.000159783
-0.000154752
-0.000149698
-0.00014463
-0.000139557
-0.000134487
-0.000129431
-0.000124397
-0.000119394
-0.000114432
-0.00010952
-0.000104665
-9.98769e-05
-9.51638e-05
-9.05335e-05
-8.59934e-05
-8.15507e-05
-7.72121e-05
-7.29836e-05
-6.8871e-05
-6.48791e-05
-6.10126e-05
-5.72753e-05
-5.36704e-05
-5.02007e-05
-4.68681e-05
-4.36742e-05
-4.06196e-05
-3.77047e-05
-3.49291e-05
-3.22919e-05
-2.97917e-05
-2.74267e-05
-2.51944e-05
-2.30921e-05
-2.11167e-05
-1.92648e-05
-1.75325e-05
-1.59159e-05
-1.44108e-05
-1.30128e-05
-1.17173e-05
-1.05196e-05
-9.41569e-06
-0.000164019
-0.000158713
-0.000153392
-0.000148062
-0.000142735
-0.000137419
-0.000132124
-0.000126859
-0.000121635
-0.000116461
-0.000111345
-0.000106296
-0.000101324
-9.64373e-05
-9.16429e-05
-8.69488e-05
-8.2362e-05
-7.78892e-05
-7.35364e-05
-6.93089e-05
-6.52118e-05
-6.12491e-05
-5.74245e-05
-5.3741e-05
-5.02009e-05
-4.68058e-05
-4.35568e-05
-4.04543e-05
-3.74981e-05
-3.46874e-05
-3.2021e-05
-2.9497e-05
-2.7113e-05
-2.48663e-05
-2.27537e-05
-2.07717e-05
-1.89164e-05
-1.71838e-05
-1.55694e-05
-1.40687e-05
-1.2677e-05
-1.13895e-05
-1.02012e-05
-9.10751e-06
-0.000168128
-0.000162546
-0.000156953
-0.00015136
-0.000145777
-0.000140213
-0.000134679
-0.000129184
-0.000123738
-0.000118352
-0.000113034
-0.000107794
-0.000102641
-9.75824e-05
-9.2627e-05
-8.77823e-05
-8.30552e-05
-7.84522e-05
-7.39791e-05
-6.96414e-05
-6.54434e-05
-6.13893e-05
-5.74822e-05
-5.37248e-05
-5.01191e-05
-4.66663e-05
-4.3367e-05
-4.02213e-05
-3.72284e-05
-3.43872e-05
-3.16958e-05
-2.91521e-05
-2.67532e-05
-2.44959e-05
-2.23766e-05
-2.03915e-05
-1.85361e-05
-1.68061e-05
-1.51968e-05
-1.37032e-05
-1.23203e-05
-1.1043e-05
-9.86618e-06
-8.78479e-06
-0.000172106
-0.000166243
-0.000160377
-0.000154519
-0.000148678
-0.000142866
-0.000137092
-0.000131367
-0.000125701
-0.000120104
-0.000114587
-0.000109157
-0.000103825
-9.85981e-05
-9.34851e-05
-8.84935e-05
-8.363e-05
-7.89011e-05
-7.43124e-05
-6.98689e-05
-6.55749e-05
-6.14342e-05
-5.74496e-05
-5.36233e-05
-4.99569e-05
-4.64513e-05
-4.31066e-05
-3.99223e-05
-3.68973e-05
-3.403e-05
-3.13181e-05
-2.87588e-05
-2.6349e-05
-2.40849e-05
-2.19626e-05
-1.99776e-05
-1.81254e-05
-1.64011e-05
-1.47996e-05
-1.33157e-05
-1.1944e-05
-1.06792e-05
-9.51585e-06
-8.44863e-06
-0.000175945
-0.0001698
-0.000163659
-0.000157534
-0.000151435
-0.000145373
-0.00013936
-0.000133405
-0.000127521
-0.000121715
-0.000116
-0.000110383
-0.000104875
-9.94836e-05
-9.42169e-05
-8.90824e-05
-8.40868e-05
-7.92365e-05
-7.45368e-05
-6.99924e-05
-6.56075e-05
-6.13851e-05
-5.7328e-05
-5.3438e-05
-4.9716e-05
-4.61625e-05
-4.27772e-05
-3.95592e-05
-3.65068e-05
-3.36179e-05
-3.08897e-05
-2.83191e-05
-2.59022e-05
-2.36351e-05
-2.15133e-05
-1.95319e-05
-1.7686e-05
-1.59703e-05
-1.43793e-05
-1.29076e-05
-1.15494e-05
-1.02993e-05
-9.15131e-06
-8.10008e-06
-0.000179643
-0.000173211
-0.000166794
-0.000160401
-0.000154043
-0.000147732
-0.00014148
-0.000135298
-0.000129195
-0.000123184
-0.000117273
-0.000111472
-0.000105791
-0.000100239
-9.48223e-05
-8.95492e-05
-8.44262e-05
-7.94592e-05
-7.46534e-05
-7.00133e-05
-6.55424e-05
-6.12437e-05
-5.71193e-05
-5.31706e-05
-4.93981e-05
-4.58019e-05
-4.2381e-05
-3.9134e-05
-3.60588e-05
-3.31528e-05
-3.04127e-05
-2.78348e-05
-2.54149e-05
-2.31485e-05
-2.10306e-05
-1.9056e-05
-1.72194e-05
-1.55151e-05
-1.39374e-05
-1.24803e-05
-1.11379e-05
-9.90439e-06
-8.77371e-06
-7.7402e-06
)
;

boundaryField
{
    down
    {
        type            symmetryPlane;
    }
    right
    {
        type            fixedValue;
        value           nonuniform List<scalar> 0();
    }
    up
    {
        type            symmetryPlane;
    }
    left
    {
        type            zeroGradient;
    }
    cylinder
    {
        type            zeroGradient;
    }
    frontAndBack
    {
        type            empty;
    }
    procBoundary2to1
    {
        type            processor;
        value           nonuniform List<scalar> 
74
(
-0.000380751
-0.000398612
-0.000417147
-0.000436385
-0.000456355
-0.000477087
-0.000498615
-0.000520972
-0.000544193
-0.000568313
-0.000593371
-0.000619405
-0.000646455
-0.000674563
-0.00070377
-0.000734121
-0.000765662
-0.000798434
-0.000832474
9.91935e-05
9.87623e-05
9.79222e-05
9.66934e-05
9.50927e-05
9.3135e-05
9.0833e-05
8.81977e-05
8.52385e-05
8.19635e-05
7.83796e-05
7.44924e-05
7.03069e-05
6.58271e-05
6.10563e-05
5.59971e-05
5.06516e-05
4.50214e-05
3.91077e-05
3.29111e-05
2.64321e-05
1.96709e-05
1.26273e-05
5.30111e-06
-2.30828e-06
-1.02014e-05
-1.8379e-05
-2.68419e-05
-3.55909e-05
-4.46268e-05
-5.39504e-05
-6.35627e-05
-7.34642e-05
-8.36557e-05
-9.41377e-05
-0.000104911
-0.000115975
-0.00012733
-0.000138976
-0.000150914
-0.000163141
-0.000175658
-0.000188464
-0.000201557
-0.000214936
-0.000228598
-0.000242543
-0.000256766
-0.000271267
-0.000286041
-0.000301085
-0.000316397
-0.000331972
-0.000347805
-0.000363892
)
;
    }
    procBoundary2to3
    {
        type            processor;
        value           nonuniform List<scalar> 
76
(
-6.43588e-06
-6.04915e-06
-5.64559e-06
-5.22543e-06
-4.78903e-06
-4.3367e-06
-3.86886e-06
-3.38593e-06
-2.88837e-06
-2.37672e-06
-1.85156e-06
-1.3135e-06
-7.63216e-07
-2.01436e-07
3.71069e-07
9.53525e-07
1.54523e-06
2.14511e-06
2.75203e-06
3.36483e-06
-1.92915e-06
-1.979e-06
-2.07538e-06
-2.2146e-06
-2.39288e-06
-2.60632e-06
-2.85099e-06
-3.12292e-06
-3.41819e-06
-3.73297e-06
-4.06349e-06
-4.4061e-06
-4.75729e-06
-5.11371e-06
-5.47216e-06
-5.82962e-06
-6.18325e-06
-6.5304e-06
-6.8686e-06
-7.1956e-06
-7.50931e-06
-7.80787e-06
-8.08958e-06
-8.35295e-06
-8.59667e-06
-8.81961e-06
-9.02081e-06
-9.19949e-06
-9.35502e-06
-9.48694e-06
-9.59491e-06
-9.67877e-06
-9.73844e-06
-9.77401e-06
-9.78566e-06
-9.77367e-06
-9.73844e-06
-9.68045e-06
-9.60025e-06
-9.49846e-06
-9.37579e-06
-9.23297e-06
-9.07082e-06
-8.89018e-06
-8.69191e-06
-8.4769e-06
-8.24603e-06
-8.0003e-06
-7.74079e-06
-8.39885e-06
-8.39885e-06
-8.10224e-06
-7.79284e-06
-7.47172e-06
-7.13966e-06
-6.79788e-06
)
;
    }
    procBoundary2to6
    {
        type            processor;
        value           nonuniform List<scalar> 
71
(
-0.000214817
-0.000200854
-0.000187381
-0.00017441
-0.000161954
-0.000150023
-0.000138624
-0.000127763
-0.000117439
-0.000107652
-9.83982e-05
-8.96726e-05
-8.14668e-05
-7.37707e-05
-6.65723e-05
-5.98578e-05
-5.36121e-05
-4.78187e-05
-4.24598e-05
-3.75171e-05
-3.29714e-05
-2.88031e-05
-2.49924e-05
-2.15193e-05
-1.8364e-05
-1.55067e-05
-1.29282e-05
-1.06097e-05
-8.53264e-06
-6.67951e-06
-5.03325e-06
-3.57759e-06
-2.29704e-06
-1.17686e-06
-2.03164e-07
6.37134e-07
1.35636e-06
1.96608e-06
2.47705e-06
2.8993e-06
3.24225e-06
3.51429e-06
3.72408e-06
3.8772e-06
-0.000839874
-0.000811441
-0.000782646
-0.000753617
-0.000724495
-0.000695406
-0.000666453
-0.000637739
-0.000609358
-0.000581396
-0.000553932
-0.000527035
-0.000500765
-0.000475175
-0.000475175
-0.000458305
-0.000432956
-0.000408492
-0.000384931
-0.000362294
-0.00034059
-0.000319822
-0.000299988
-0.000281081
-0.000263088
-0.000245996
-0.000229784
)
;
    }
}


// ************************************************************************* //
