/*--------------------------------*- C++ -*----------------------------------*\
| =========                 |                                                 |
| \\      /  F ield         | OpenFOAM: The Open Source CFD Toolbox           |
|  \\    /   O peration     | Version:  2412                                  |
|   \\  /    A nd           | Website:  www.openfoam.com                      |
|    \\/     M anipulation  |                                                 |
\*---------------------------------------------------------------------------*/
FoamFile
{
    version     2.0;
    format      ascii;
    arch        "LSB;label=32;scalar=64";
    class       volScalarField;
    location    "26";
    object      p;
}
// * * * * * * * * * * * * * * * * * * * * * * * * * * * * * * * * * * * * * //

dimensions      [0 2 -2 0 0 0 0];

internalField   nonuniform List<scalar> 
5285
(
-0.000179245
-0.000172645
-0.000166071
-0.000159532
-0.000153042
-0.000146611
-0.000140252
-0.000133974
-0.000127789
-0.000121706
-0.000115737
-0.000109889
-0.000104172
-9.85941e-05
-9.31625e-05
-8.78841e-05
-8.2765e-05
-7.78103e-05
-7.30248e-05
-6.84121e-05
-6.39753e-05
-5.97165e-05
-5.56372e-05
-5.17381e-05
-4.80191e-05
-4.44794e-05
-4.11177e-05
-3.79319e-05
-3.49192e-05
-3.20765e-05
-2.93999e-05
-2.68854e-05
-2.45284e-05
-2.23238e-05
-2.02664e-05
-1.83508e-05
-1.65713e-05
-1.49219e-05
-1.33968e-05
-1.19899e-05
-1.06953e-05
-9.50684e-06
-8.41859e-06
-7.42488e-06
-0.000182819
-0.000175915
-0.000169046
-0.000162225
-0.000155463
-0.000148771
-0.000142163
-0.00013565
-0.000129241
-0.000122949
-0.000116781
-0.000110749
-0.00010486
-9.91229e-05
-9.35447e-05
-8.8132e-05
-8.28906e-05
-7.78255e-05
-7.29408e-05
-6.82399e-05
-6.37252e-05
-5.93985e-05
-5.52607e-05
-5.1312e-05
-4.75517e-05
-4.39785e-05
-4.05903e-05
-3.73846e-05
-3.4358e-05
-3.15069e-05
-2.88268e-05
-2.63132e-05
-2.39608e-05
-2.17643e-05
-1.97179e-05
-1.78158e-05
-1.60517e-05
-1.44196e-05
-1.29131e-05
-1.15258e-05
-1.02516e-05
-9.08403e-06
-8.01691e-06
-7.04445e-06
-0.000186283
-0.000179066
-0.000171897
-0.000164787
-0.000157748
-0.000150792
-0.000143933
-0.000137181
-0.000130548
-0.000124044
-0.00011768
-0.000111463
-0.000105404
-9.95101e-05
-9.3788e-05
-8.82442e-05
-8.28843e-05
-7.77127e-05
-7.27333e-05
-6.79488e-05
-6.33612e-05
-5.89718e-05
-5.47808e-05
-5.07877e-05
-4.69914e-05
-4.33899e-05
-3.99806e-05
-3.67602e-05
-3.37249e-05
-3.08703e-05
-2.81915e-05
-2.56833e-05
-2.33401e-05
-2.11559e-05
-1.91245e-05
-1.72396e-05
-1.54947e-05
-1.38832e-05
-1.23984e-05
-1.10337e-05
-9.78256e-06
-8.63842e-06
-7.59477e-06
-6.64568e-06
-0.000189622
-0.000182086
-0.00017461
-0.000167205
-0.000159884
-0.000152661
-0.000145548
-0.000138557
-0.000131698
-0.000124983
-0.000118422
-0.000112023
-0.000105795
-9.9747e-05
-9.38843e-05
-8.82133e-05
-8.27391e-05
-7.74658e-05
-7.23966e-05
-6.75337e-05
-6.28787e-05
-5.84321e-05
-5.41935e-05
-5.01619e-05
-4.63354e-05
-4.27113e-05
-3.92865e-05
-3.6057e-05
-3.30183e-05
-3.01654e-05
-2.74929e-05
-2.4995e-05
-2.26655e-05
-2.0498e-05
-1.84858e-05
-1.66221e-05
-1.49e-05
-1.33125e-05
-1.18527e-05
-1.05136e-05
-9.28832e-06
-8.17016e-06
-7.15232e-06
-6.22877e-06
-0.000192822
-0.000184959
-0.000177169
-0.000169465
-0.000161859
-0.000154364
-0.000146995
-0.000139763
-0.000132679
-0.000125753
-0.000118996
-0.000112417
-0.000106025
-9.98252e-05
-9.38259e-05
-8.80321e-05
-8.24485e-05
-7.70787e-05
-7.19252e-05
-6.69898e-05
-6.22733e-05
-5.77755e-05
-5.34956e-05
-4.94315e-05
-4.55809e-05
-4.19404e-05
-3.8506e-05
-3.52732e-05
-3.22368e-05
-2.93911e-05
-2.67302e-05
-2.42477e-05
-2.19367e-05
-1.97904e-05
-1.78016e-05
-1.59632e-05
-1.42677e-05
-1.27078e-05
-1.12762e-05
-9.96573e-06
-8.76913e-06
-7.67952e-06
-6.68986e-06
-5.79402e-06
-0.000195867
-0.00018767
-0.000179561
-0.000171552
-0.000163657
-0.000155889
-0.000148263
-0.000140789
-0.000133479
-0.000126344
-0.000119394
-0.000112637
-0.000106082
-9.97361e-05
-9.36048e-05
-8.76933e-05
-8.20059e-05
-7.65453e-05
-7.13137e-05
-6.63121e-05
-6.15406e-05
-5.69984e-05
-5.26836e-05
-4.85938e-05
-4.47257e-05
-4.10751e-05
-3.76375e-05
-3.44075e-05
-3.13793e-05
-2.85466e-05
-2.59028e-05
-2.34407e-05
-2.11533e-05
-1.90329e-05
-1.7072e-05
-1.52629e-05
-1.35978e-05
-1.20691e-05
-1.06691e-05
-9.39034e-06
-8.22528e-06
-7.16682e-06
-6.20773e-06
-5.34177e-06
-0.00019874
-0.000190203
-0.000181769
-0.000173451
-0.000165264
-0.00015722
-0.000149335
-0.00014162
-0.000134086
-0.000126743
-0.000119602
-0.000112672
-0.000105959
-9.94707e-05
-9.32127e-05
-8.71894e-05
-8.14043e-05
-7.58596e-05
-7.05567e-05
-6.54958e-05
-6.06764e-05
-5.60968e-05
-5.17544e-05
-4.76459e-05
-4.37672e-05
-4.01135e-05
-3.66793e-05
-3.34586e-05
-3.04448e-05
-2.7631e-05
-2.50099e-05
-2.25739e-05
-2.0315e-05
-1.82254e-05
-1.62969e-05
-1.45213e-05
-1.28907e-05
-1.13968e-05
-1.00318e-05
-8.78779e-06
-7.65712e-06
-6.63244e-06
-5.70631e-06
-4.8724e-06
-0.000201423
-0.000192539
-0.000183775
-0.000175145
-0.000166663
-0.000158343
-0.000150199
-0.000142243
-0.000134486
-0.000126939
-0.000119611
-0.00011251
-0.000105645
-9.902e-05
-9.26415e-05
-8.65129e-05
-8.06369e-05
-7.50153e-05
-6.96485e-05
-6.45361e-05
-5.96764e-05
-5.50671e-05
-5.07047e-05
-4.6585e-05
-4.27032e-05
-3.90536e-05
-3.56298e-05
-3.24252e-05
-2.94324e-05
-2.66437e-05
-2.40513e-05
-2.16468e-05
-1.94218e-05
-1.73679e-05
-1.54764e-05
-1.37388e-05
-1.21465e-05
-1.06912e-05
-9.36454e-06
-8.15848e-06
-7.06508e-06
-6.07681e-06
-5.18602e-06
-4.38634e-06
-0.000203897
-0.00019466
-0.000185563
-0.000176617
-0.000167838
-0.000159241
-0.000150839
-0.000142644
-0.000134667
-0.000126918
-0.000119407
-0.000112142
-0.000105129
-9.83749e-05
-9.18827e-05
-8.56561e-05
-7.96972e-05
-7.40066e-05
-6.8584e-05
-6.34282e-05
-5.85365e-05
-5.39057e-05
-4.95315e-05
-4.54088e-05
-4.15317e-05
-3.78937e-05
-3.44878e-05
-3.13063e-05
-2.83412e-05
-2.55842e-05
-2.30265e-05
-2.06593e-05
-1.84736e-05
-1.64605e-05
-1.46107e-05
-1.29154e-05
-1.13657e-05
-9.95264e-06
-8.66783e-06
-7.50287e-06
-6.44963e-06
-5.5004e-06
-4.64735e-06
-3.88405e-06
-0.000206142
-0.000196548
-0.000187112
-0.000177849
-0.000168773
-0.000159898
-0.000151239
-0.000142807
-0.000134614
-0.000126668
-0.00011898
-0.000111556
-0.000104403
-9.75261e-05
-9.09281e-05
-8.46118e-05
-7.85783e-05
-7.28274e-05
-6.7358e-05
-6.21677e-05
-5.7253e-05
-5.26096e-05
-4.82322e-05
-4.41149e-05
-4.02508e-05
-3.66326e-05
-3.32522e-05
-3.01012e-05
-2.71709e-05
-2.44521e-05
-2.19355e-05
-1.96115e-05
-1.74708e-05
-1.55035e-05
-1.37004e-05
-1.20518e-05
-1.05487e-05
-9.18173e-06
-7.94222e-06
-6.82155e-06
-5.81136e-06
-4.90378e-06
-4.09084e-06
-3.36606e-06
-0.000208137
-0.000198181
-0.000188405
-0.000178822
-0.000169448
-0.000160297
-0.000151384
-0.000142719
-0.000134313
-0.000126176
-0.000118317
-0.000110742
-0.000103456
-9.64646e-05
-8.97695e-05
-8.33725e-05
-7.72738e-05
-7.14722e-05
-6.59655e-05
-6.07502e-05
-5.5822e-05
-5.11754e-05
-4.68042e-05
-4.27013e-05
-3.88589e-05
-3.52688e-05
-3.1922e-05
-2.88093e-05
-2.5921e-05
-2.32474e-05
-2.07783e-05
-1.85037e-05
-1.64135e-05
-1.44975e-05
-1.27458e-05
-1.11486e-05
-9.69612e-06
-8.3791e-06
-7.18838e-06
-6.11515e-06
-5.15089e-06
-4.28758e-06
-3.5171e-06
-2.83296e-06
-0.00020986
-0.000199538
-0.00018942
-0.000179517
-0.000169846
-0.000160421
-0.000151256
-0.000142363
-0.000133751
-0.000125429
-0.000117406
-0.000109688
-0.000102278
-9.51813e-05
-8.83988e-05
-8.19311e-05
-7.57773e-05
-6.99353e-05
-6.44016e-05
-5.91718e-05
-5.42403e-05
-4.96006e-05
-4.52452e-05
-4.11662e-05
-3.73548e-05
-3.38015e-05
-3.04967e-05
-2.74302e-05
-2.45915e-05
-2.19701e-05
-1.95553e-05
-1.73363e-05
-1.53024e-05
-1.3443e-05
-1.17477e-05
-1.02063e-05
-8.8088e-06
-7.5455e-06
-6.40705e-06
-5.38443e-06
-4.46896e-06
-3.6525e-06
-2.92679e-06
-2.28539e-06
-0.000211288
-0.000200598
-0.000190135
-0.000179913
-0.000169947
-0.000160251
-0.00015084
-0.000141723
-0.000132912
-0.000124413
-0.000116235
-0.000108382
-0.000100859
-9.36671e-05
-8.68078e-05
-8.02804e-05
-7.40827e-05
-6.82115e-05
-6.2662e-05
-5.74287e-05
-5.25047e-05
-4.78824e-05
-4.35533e-05
-3.95082e-05
-3.57372e-05
-3.223e-05
-2.89759e-05
-2.59638e-05
-2.31825e-05
-2.06207e-05
-1.82669e-05
-1.61098e-05
-1.41381e-05
-1.23408e-05
-1.07069e-05
-9.22593e-06
-7.88754e-06
-6.68178e-06
-5.59907e-06
-4.63021e-06
-3.76636e-06
-2.99929e-06
-2.32066e-06
-1.72402e-06
-0.000212397
-0.000201337
-0.00019053
-0.00017999
-0.000169732
-0.00015977
-0.000150117
-0.000140785
-0.000131782
-0.000123115
-0.000114791
-0.000106815
-9.91883e-05
-9.19132e-05
-8.49889e-05
-7.84137e-05
-7.21842e-05
-6.62957e-05
-6.07425e-05
-5.55174e-05
-5.06125e-05
-4.60189e-05
-4.17269e-05
-3.77261e-05
-3.40055e-05
-3.05539e-05
-2.73595e-05
-2.44104e-05
-2.16944e-05
-1.91996e-05
-1.69138e-05
-1.48251e-05
-1.29216e-05
-1.11918e-05
-9.62437e-06
-8.20843e-06
-6.93335e-06
-5.78894e-06
-4.7654e-06
-3.8534e-06
-3.04397e-06
-2.32881e-06
-1.69948e-06
-1.1496e-06
-0.000213162
-0.000201731
-0.000190581
-0.000179726
-0.00016918
-0.000158957
-0.000149071
-0.000139531
-0.000130345
-0.000121521
-0.000113063
-0.000104974
-9.72569e-05
-8.9911e-05
-8.29346e-05
-7.63245e-05
-7.00762e-05
-6.41835e-05
-5.86392e-05
-5.34349e-05
-4.85614e-05
-4.40083e-05
-3.97647e-05
-3.58191e-05
-3.21594e-05
-2.87732e-05
-2.56478e-05
-2.27704e-05
-2.0128e-05
-1.77078e-05
-1.54971e-05
-1.34833e-05
-1.16539e-05
-9.99717e-06
-8.50126e-06
-7.15494e-06
-5.94735e-06
-4.86806e-06
-3.90711e-06
-3.05504e-06
-2.30277e-06
-1.64197e-06
-1.06413e-06
-5.6295e-07
-0.000213557
-0.000201756
-0.000190265
-0.000179099
-0.000168271
-0.000157795
-0.000147684
-0.000137945
-0.000128588
-0.000119617
-0.000111037
-0.00010285
-9.50551e-05
-8.76522e-05
-8.06376e-05
-7.40068e-05
-6.77536e-05
-6.18705e-05
-5.63487e-05
-5.11786e-05
-4.63492e-05
-4.1849e-05
-3.76658e-05
-3.37868e-05
-3.01987e-05
-2.68881e-05
-2.38413e-05
-2.10446e-05
-1.84841e-05
-1.61463e-05
-1.40178e-05
-1.20855e-05
-1.03364e-05
-8.75819e-06
-7.33882e-06
-6.0667e-06
-4.93073e-06
-3.9203e-06
-3.0253e-06
-2.23615e-06
-1.54374e-06
-9.39681e-07
-4.15461e-07
3.51431e-08
-0.000213554
-0.000201384
-0.000189557
-0.000178085
-0.000166982
-0.000156262
-0.000145935
-0.00013601
-0.000126494
-0.00011739
-0.000108702
-0.00010043
-9.25727e-05
-8.51277e-05
-7.80902e-05
-7.14538e-05
-6.52108e-05
-5.93521e-05
-5.38674e-05
-4.87453e-05
-4.39737e-05
-3.95395e-05
-3.54291e-05
-3.16285e-05
-2.81232e-05
-2.48988e-05
-2.19404e-05
-1.92335e-05
-1.67635e-05
-1.4516e-05
-1.2477e-05
-1.06328e-05
-8.97003e-06
-7.47596e-06
-6.13817e-06
-4.94481e-06
-3.88458e-06
-2.9467e-06
-2.12096e-06
-1.3977e-06
-7.67766e-07
-2.22795e-07
2.45743e-07
6.43951e-07
-0.000213122
-0.000200588
-0.00018843
-0.00017666
-0.000165291
-0.000154337
-0.000143807
-0.000133708
-0.000124047
-0.000114825
-0.000106044
-9.77031e-05
-8.97999e-05
-8.23295e-05
-7.52855e-05
-6.86599e-05
-6.24432e-05
-5.66247e-05
-5.11924e-05
-4.61334e-05
-4.14338e-05
-3.70792e-05
-3.30546e-05
-2.93447e-05
-2.59338e-05
-2.28063e-05
-1.99465e-05
-1.73388e-05
-1.49679e-05
-1.28186e-05
-1.08765e-05
-9.1271e-06
-7.55681e-06
-6.1524e-06
-4.90118e-06
-3.79109e-06
-2.81064e-06
-1.94893e-06
-1.19567e-06
-5.41174e-07
2.37331e-08
5.07375e-07
9.18254e-07
1.26233e-06
-0.000212236
-0.000199343
-0.000186861
-0.000174801
-0.000163178
-0.000152002
-0.000141283
-0.000131026
-0.000121235
-0.000111911
-0.000103055
-9.46629e-05
-8.67312e-05
-7.9253e-05
-7.22202e-05
-6.56228e-05
-5.94496e-05
-5.36879e-05
-4.83241e-05
-4.33435e-05
-3.87308e-05
-3.44699e-05
-3.05444e-05
-2.69378e-05
-2.3633e-05
-2.06135e-05
-1.78624e-05
-1.53633e-05
-1.31002e-05
-1.10572e-05
-9.21908e-06
-7.57119e-06
-6.09934e-06
-4.78999e-06
-3.63023e-06
-2.60778e-06
-1.71102e-06
-9.28966e-07
-2.51281e-07
3.31721e-07
8.29192e-07
1.24938e-06
1.60075e-06
1.88907e-06
-0.000210873
-0.000197628
-0.000184831
-0.000172495
-0.000160629
-0.000149245
-0.000138352
-0.000127953
-0.000118049
-0.000108642
-9.97287e-05
-9.13045e-05
-8.33631e-05
-7.5896e-05
-6.88929e-05
-6.23421e-05
-5.62301e-05
-5.05426e-05
-4.52639e-05
-4.03778e-05
-3.58671e-05
-3.17143e-05
-2.79015e-05
-2.44108e-05
-2.12241e-05
-1.83235e-05
-1.56914e-05
-1.33104e-05
-1.11636e-05
-9.23468e-06
-7.50785e-06
-5.96791e-06
-4.60035e-06
-3.39134e-06
-2.32776e-06
-1.39718e-06
-5.87866e-07
1.112e-07
7.1036e-07
1.21927e-06
1.64703e-06
2.00178e-06
2.29191e-06
2.52297e-06
-0.000369927
-0.000364731
-0.000359101
-0.000353072
-0.00034669
-0.000339997
-0.000333026
-0.00032581
-0.000318384
-0.000310781
-0.000303032
-0.000295168
-0.000287217
-0.000279205
-0.000271159
-0.000263103
-0.000255057
-0.000247045
-0.000239083
-0.000231191
-0.000223385
-0.000215679
-0.000208086
-0.000200619
-0.000193288
-0.000186102
-0.000387023
-0.000381231
-0.000374995
-0.000368353
-0.000361355
-0.000354044
-0.000346456
-0.000338626
-0.000330592
-0.000322387
-0.000314046
-0.0003056
-0.000297078
-0.000288509
-0.00027992
-0.000271335
-0.000262777
-0.000254269
-0.000245829
-0.000237476
-0.000229226
-0.000221095
-0.000213096
-0.00020524
-0.000197539
-0.000190002
-0.000404739
-0.000398306
-0.000391421
-0.000384123
-0.000376466
-0.000368496
-0.000360251
-0.000351769
-0.000343089
-0.000334247
-0.000325279
-0.000316217
-0.000307094
-0.000297938
-0.000288777
-0.000279638
-0.000270543
-0.000261516
-0.000252577
-0.000243743
-0.000235033
-0.000226461
-0.00021804
-0.000209783
-0.0002017
-0.0001938
-0.0004231
-0.000415979
-0.000408396
-0.000400397
-0.000392036
-0.000383363
-0.000374418
-0.000365243
-0.000355877
-0.000346359
-0.000336728
-0.000327016
-0.000317258
-0.000307484
-0.000297723
-0.000288001
-0.000278345
-0.000268775
-0.000259315
-0.000249981
-0.000240791
-0.000231761
-0.000222904
-0.000214233
-0.000205756
-0.000197483
-0.00044213
-0.000434269
-0.00042594
-0.000417189
-0.000408076
-0.000398654
-0.000388964
-0.00037905
-0.000368956
-0.000358723
-0.000348389
-0.000337991
-0.000327563
-0.000317138
-0.000306746
-0.000296415
-0.000286169
-0.000276033
-0.000266028
-0.000256174
-0.000246486
-0.000236982
-0.000227674
-0.000218573
-0.000209691
-0.000201035
-0.000461856
-0.000453201
-0.000444071
-0.000434515
-0.000424599
-0.000414376
-0.000403892
-0.000393194
-0.000382327
-0.000371335
-0.000360258
-0.000349135
-0.000338002
-0.000326892
-0.000315837
-0.000304865
-0.000294004
-0.000283276
-0.000272704
-0.000262307
-0.000252103
-0.000242106
-0.000232332
-0.00022279
-0.00021349
-0.000204441
-0.000482304
-0.000472796
-0.000462807
-0.00045239
-0.000441615
-0.000430538
-0.000419209
-0.000407677
-0.00039599
-0.000384193
-0.00037233
-0.000360441
-0.000348564
-0.000336734
-0.000324982
-0.00031334
-0.000301833
-0.000290487
-0.000279324
-0.000268363
-0.000257623
-0.000247117
-0.00023686
-0.000226863
-0.000217135
-0.000207682
-0.000503503
-0.000493078
-0.000482168
-0.000470829
-0.000459136
-0.000447148
-0.000434919
-0.000422499
-0.000409941
-0.000397293
-0.000384599
-0.000371901
-0.00035924
-0.000346651
-0.000334168
-0.000321822
-0.000309641
-0.00029765
-0.000285871
-0.000274324
-0.000263028
-0.000251996
-0.000241242
-0.000230776
-0.000220607
-0.000210741
-0.000525482
-0.000514072
-0.000502173
-0.000489848
-0.000477173
-0.000464214
-0.000451025
-0.000437663
-0.00042418
-0.000410629
-0.000397055
-0.000383504
-0.000370016
-0.00035663
-0.000343379
-0.000330297
-0.00031741
-0.000304746
-0.000292326
-0.000280171
-0.000268298
-0.000256722
-0.000245455
-0.000234507
-0.000223886
-0.000213599
-0.00054827
-0.000535801
-0.000522843
-0.000509461
-0.000495737
-0.000481741
-0.000467531
-0.000453166
-0.000438702
-0.000424194
-0.000409691
-0.000395238
-0.00038088
-0.000366655
-0.000352599
-0.000338744
-0.000325121
-0.000311755
-0.000298668
-0.000285882
-0.000273412
-0.000261274
-0.000249479
-0.000238036
-0.000226953
-0.000216234
-0.000571899
-0.000558292
-0.000544197
-0.000529684
-0.000514839
-0.000499736
-0.000484438
-0.000469007
-0.000453503
-0.000437981
-0.000422494
-0.000407091
-0.000391815
-0.000376709
-0.000361808
-0.000347146
-0.000332753
-0.000318655
-0.000304875
-0.000291434
-0.000278347
-0.000265629
-0.00025329
-0.00024134
-0.000229784
-0.000218626
-0.0005964
-0.00058157
-0.000566256
-0.000550531
-0.000534488
-0.000518205
-0.000501748
-0.000485184
-0.000468575
-0.00045198
-0.000435453
-0.000419047
-0.000402805
-0.000386772
-0.000370985
-0.000355478
-0.000340282
-0.000325422
-0.000310923
-0.000296803
-0.000283078
-0.000269762
-0.000256865
-0.000244395
-0.000232356
-0.000220751
-0.000621804
-0.000605661
-0.000589038
-0.000572016
-0.000554693
-0.000537151
-0.000519461
-0.000501692
-0.00048391
-0.000466179
-0.000448554
-0.000431089
-0.000413831
-0.000396825
-0.000380109
-0.000363718
-0.000347684
-0.000332031
-0.000316784
-0.000301962
-0.000287579
-0.000273648
-0.000260178
-0.000247176
-0.000234645
-0.000222587
-0.000648145
-0.00063059
-0.000612565
-0.000594154
-0.000575463
-0.000556578
-0.000537574
-0.000518524
-0.0004995
-0.000480565
-0.000461779
-0.000443198
-0.000424871
-0.000406843
-0.000389154
-0.00037184
-0.000354931
-0.000338455
-0.000322432
-0.000306883
-0.000291821
-0.000277258
-0.000263202
-0.000249657
-0.000236625
-0.000224106
-0.000675457
-0.000656385
-0.000636854
-0.000616958
-0.000596804
-0.000576486
-0.000556084
-0.000535674
-0.000515331
-0.000495122
-0.000475111
-0.000455353
-0.000435901
-0.0004168
-0.000398093
-0.000379814
-0.000361995
-0.000344662
-0.000327836
-0.000311537
-0.000295776
-0.000280564
-0.000265907
-0.000251808
-0.000238268
-0.000225285
-0.000703773
-0.000683071
-0.000661927
-0.000640439
-0.000618723
-0.000596878
-0.000574987
-0.000553132
-0.000531391
-0.000509834
-0.000488527
-0.00046753
-0.000446895
-0.000426669
-0.000406896
-0.000387611
-0.000368844
-0.000350621
-0.000332964
-0.00031589
-0.00029941
-0.000283533
-0.000268263
-0.000253601
-0.000239547
-0.000226094
-0.000733129
-0.000710676
-0.000687801
-0.000664611
-0.000641226
-0.000617752
-0.000594277
-0.000570886
-0.000547663
-0.00052468
-0.000502006
-0.000479703
-0.000457824
-0.000436419
-0.000415531
-0.000395195
-0.000375442
-0.000356298
-0.000337781
-0.000319909
-0.00030269
-0.000286132
-0.000270237
-0.000255005
-0.00024043
-0.000226505
-0.000763557
-0.000739222
-0.000714493
-0.00068948
-0.000664313
-0.000639103
-0.000613942
-0.000588921
-0.000564127
-0.000539636
-0.00051552
-0.000491841
-0.000468657
-0.000446016
-0.000423964
-0.000402535
-0.000381755
-0.000361654
-0.000342249
-0.000323555
-0.000305579
-0.000288326
-0.000271795
-0.000255984
-0.000240884
-0.000226487
-0.000795083
-0.000768729
-0.000742011
-0.00071505
-0.000687981
-0.00066092
-0.000633966
-0.000607216
-0.000580758
-0.000554674
-0.000529036
-0.000503912
-0.000479356
-0.000455423
-0.000432152
-0.000409585
-0.000387745
-0.000366652
-0.000346331
-0.000326792
-0.000308041
-0.000290079
-0.000272903
-0.000256507
-0.000240881
-0.000226011
-0.000440058
-0.000416305
-0.000393362
-0.000371252
-0.000349987
-0.000329583
-0.00031004
-0.000291357
-0.000273528
-0.000256544
-0.000240391
-0.000225052
9.85126e-05
9.56236e-05
9.27895e-05
9.00108e-05
8.72887e-05
8.46211e-05
8.20081e-05
7.94496e-05
7.69455e-05
7.44954e-05
7.20991e-05
6.9756e-05
6.7466e-05
6.52285e-05
6.3043e-05
6.09092e-05
5.88265e-05
5.67944e-05
5.48123e-05
5.28798e-05
5.09961e-05
4.91607e-05
4.73729e-05
4.56322e-05
4.39378e-05
4.22891e-05
9.80838e-05
9.5195e-05
9.23611e-05
8.95832e-05
8.6862e-05
8.41957e-05
8.15842e-05
7.90274e-05
7.65253e-05
7.40775e-05
7.16837e-05
6.93434e-05
6.70562e-05
6.48219e-05
6.26398e-05
6.05095e-05
5.84305e-05
5.64023e-05
5.44243e-05
5.24959e-05
5.06166e-05
4.87857e-05
4.70026e-05
4.52667e-05
4.35772e-05
4.19335e-05
9.72485e-05
9.43599e-05
9.15269e-05
8.87504e-05
8.60311e-05
8.33672e-05
8.07587e-05
7.82054e-05
7.57072e-05
7.32639e-05
7.08749e-05
6.85399e-05
6.62585e-05
6.40303e-05
6.18548e-05
5.97314e-05
5.76597e-05
5.56392e-05
5.36691e-05
5.17491e-05
4.98783e-05
4.80563e-05
4.62823e-05
4.45557e-05
4.28758e-05
4.12419e-05
9.60268e-05
9.31386e-05
9.03069e-05
8.75325e-05
8.48162e-05
8.2156e-05
7.95518e-05
7.70037e-05
7.45115e-05
7.20746e-05
6.96929e-05
6.73658e-05
6.5093e-05
6.28739e-05
6.0708e-05
5.85949e-05
5.6534e-05
5.45247e-05
5.25664e-05
5.06586e-05
4.88005e-05
4.69914e-05
4.52309e-05
4.3518e-05
4.18522e-05
4.02327e-05
9.44356e-05
9.15482e-05
8.87183e-05
8.59468e-05
8.32344e-05
8.05792e-05
7.7981e-05
7.54399e-05
7.29554e-05
7.05274e-05
6.81553e-05
6.58387e-05
6.35771e-05
6.13701e-05
5.9217e-05
5.71175e-05
5.50708e-05
5.30764e-05
5.11336e-05
4.92418e-05
4.74003e-05
4.56084e-05
4.38655e-05
4.21707e-05
4.05234e-05
3.89228e-05
9.24897e-05
8.96035e-05
8.67761e-05
8.40085e-05
8.13013e-05
7.86524e-05
7.60618e-05
7.35294e-05
7.10548e-05
6.86378e-05
6.62777e-05
6.39742e-05
6.17267e-05
5.95348e-05
5.73977e-05
5.5315e-05
5.32859e-05
5.131e-05
4.93864e-05
4.75145e-05
4.56936e-05
4.3923e-05
4.22019e-05
4.05295e-05
3.8905e-05
3.73278e-05
9.0202e-05
8.73176e-05
8.44935e-05
8.17308e-05
7.903e-05
7.6389e-05
7.38077e-05
7.12859e-05
6.88234e-05
6.64197e-05
6.40743e-05
6.17866e-05
5.95561e-05
5.73822e-05
5.52643e-05
5.32018e-05
5.11939e-05
4.924e-05
4.73394e-05
4.54914e-05
4.36951e-05
4.19497e-05
4.02546e-05
3.86088e-05
3.70116e-05
3.54621e-05
8.75836e-05
8.47016e-05
8.18819e-05
7.91253e-05
7.64323e-05
7.38008e-05
7.12307e-05
6.87217e-05
6.62735e-05
6.38856e-05
6.15574e-05
5.92883e-05
5.70778e-05
5.49252e-05
5.28298e-05
5.07909e-05
4.88078e-05
4.68797e-05
4.50059e-05
4.31856e-05
4.14179e-05
3.9702e-05
3.80371e-05
3.64223e-05
3.48567e-05
3.33394e-05
8.4644e-05
8.17654e-05
7.89511e-05
7.6202e-05
7.35185e-05
7.08984e-05
6.83414e-05
6.58474e-05
6.3416e-05
6.10465e-05
5.87383e-05
5.64909e-05
5.43035e-05
5.21754e-05
5.01059e-05
4.80942e-05
4.61395e-05
4.42411e-05
4.23981e-05
4.06095e-05
3.88746e-05
3.71923e-05
3.55619e-05
3.39824e-05
3.24528e-05
3.09722e-05
8.13915e-05
7.85174e-05
7.57099e-05
7.29698e-05
7.02975e-05
6.76908e-05
6.51492e-05
6.26727e-05
6.02606e-05
5.79123e-05
5.56272e-05
5.34045e-05
5.12435e-05
4.91434e-05
4.71034e-05
4.51226e-05
4.32003e-05
4.13354e-05
3.95271e-05
3.77745e-05
3.60765e-05
3.44323e-05
3.28407e-05
3.13009e-05
2.98118e-05
2.83724e-05
7.7833e-05
7.49648e-05
7.21656e-05
6.94364e-05
6.67773e-05
6.41862e-05
6.16625e-05
5.9206e-05
5.68161e-05
5.44921e-05
5.22331e-05
5.00385e-05
4.79074e-05
4.58388e-05
4.38321e-05
4.18861e-05
4e-05
3.81729e-05
3.64035e-05
3.46911e-05
3.30345e-05
3.14326e-05
2.98845e-05
2.8389e-05
2.69449e-05
2.55513e-05
7.39747e-05
7.11138e-05
6.83247e-05
6.56083e-05
6.29648e-05
6.03917e-05
5.78885e-05
5.54549e-05
5.30903e-05
5.07937e-05
4.85643e-05
4.64013e-05
4.43037e-05
4.22707e-05
4.03011e-05
3.8394e-05
3.65484e-05
3.47631e-05
3.30372e-05
3.13694e-05
2.97586e-05
2.82037e-05
2.67036e-05
2.5257e-05
2.38628e-05
2.25197e-05
6.98216e-05
6.69697e-05
6.41928e-05
6.14916e-05
5.8866e-05
5.63137e-05
5.38339e-05
5.14263e-05
4.90902e-05
4.68245e-05
4.46283e-05
4.25007e-05
4.04406e-05
3.8447e-05
3.65188e-05
3.46549e-05
3.28541e-05
3.11153e-05
2.94372e-05
2.78186e-05
2.62584e-05
2.47552e-05
2.33079e-05
2.1915e-05
2.05754e-05
1.92878e-05
6.53779e-05
6.25372e-05
5.97747e-05
5.70911e-05
5.44863e-05
5.19577e-05
4.95045e-05
4.71263e-05
4.48221e-05
4.2591e-05
4.04319e-05
3.83437e-05
3.63253e-05
3.43755e-05
3.2493e-05
3.06768e-05
2.89254e-05
2.72377e-05
2.56123e-05
2.40478e-05
2.2543e-05
2.10964e-05
1.97068e-05
1.83726e-05
1.70926e-05
1.58654e-05
6.06472e-05
5.782e-05
5.50745e-05
5.24113e-05
4.98303e-05
4.73286e-05
4.49055e-05
4.25603e-05
4.0292e-05
3.80995e-05
3.59816e-05
3.39371e-05
3.19647e-05
3.00632e-05
2.82312e-05
2.64673e-05
2.47702e-05
2.31385e-05
2.15707e-05
2.00653e-05
1.8621e-05
1.72361e-05
1.59093e-05
1.4639e-05
1.34237e-05
1.2262e-05
5.56325e-05
5.28214e-05
5.00957e-05
4.74561e-05
4.49022e-05
4.24309e-05
4.00416e-05
3.77333e-05
3.5505e-05
3.33554e-05
3.12831e-05
2.92869e-05
2.73653e-05
2.55169e-05
2.37402e-05
2.20337e-05
2.0396e-05
1.88254e-05
1.73204e-05
1.58793e-05
1.45007e-05
1.31828e-05
1.19242e-05
1.0723e-05
9.57778e-06
8.48686e-06
5.03363e-05
4.75441e-05
4.48414e-05
4.22287e-05
3.97055e-05
3.72686e-05
3.4917e-05
3.26499e-05
3.0466e-05
2.83639e-05
2.6342e-05
2.43989e-05
2.2533e-05
2.07428e-05
1.90267e-05
1.73829e-05
1.58098e-05
1.43057e-05
1.2869e-05
1.14977e-05
1.01903e-05
8.94493e-06
7.75987e-06
6.63334e-06
5.56361e-06
4.54892e-06
4.47602e-05
4.19902e-05
3.9314e-05
3.6732e-05
3.42435e-05
3.18451e-05
2.95357e-05
2.73144e-05
2.51796e-05
2.31298e-05
2.11634e-05
1.92786e-05
1.74738e-05
1.57471e-05
1.4097e-05
1.25214e-05
1.10186e-05
9.5867e-06
8.22384e-06
6.92811e-06
5.69761e-06
4.53044e-06
3.42469e-06
2.37846e-06
1.38985e-06
4.56983e-07
3.8906e-05
3.61617e-05
3.35157e-05
3.09685e-05
2.85189e-05
2.61636e-05
2.39012e-05
2.17305e-05
1.965e-05
1.76578e-05
1.57521e-05
1.39311e-05
1.21929e-05
1.05356e-05
8.95719e-06
7.45568e-06
6.02904e-06
4.67525e-06
3.39224e-06
2.17796e-06
1.03033e-06
-5.27219e-08
-1.07325e-06
-2.03333e-06
-2.935e-06
-3.78029e-06
3.27747e-05
3.006e-05
2.74485e-05
2.49404e-05
2.25345e-05
2.02271e-05
1.80167e-05
1.59019e-05
1.3881e-05
1.1952e-05
1.01129e-05
8.36151e-06
6.69591e-06
5.1139e-06
3.61332e-06
2.19199e-06
8.47692e-07
-4.2181e-07
-1.61876e-06
-2.7454e-06
-3.80398e-06
-4.79676e-06
-5.72596e-06
-6.59383e-06
-7.40257e-06
-8.15436e-06
2.63672e-05
2.36864e-05
2.11138e-05
1.86496e-05
1.62924e-05
1.40382e-05
1.18852e-05
9.83206e-06
7.87663e-06
6.01673e-06
4.25016e-06
2.57464e-06
9.87874e-07
-5.12483e-07
-1.92881e-06
-3.26351e-06
-4.51901e-06
-5.69775e-06
-6.80216e-06
-7.83471e-06
-8.79783e-06
-9.69396e-06
-1.05255e-05
-1.12949e-05
-1.20046e-05
-1.26568e-05
1.96839e-05
1.70416e-05
1.45129e-05
1.20979e-05
9.79484e-06
7.59938e-06
5.50977e-06
3.52419e-06
1.64039e-06
-1.44061e-07
-1.83162e-06
-3.42477e-06
-4.92607e-06
-6.33809e-06
-7.66345e-06
-8.90476e-06
-1.00647e-05
-1.11459e-05
-1.2151e-05
-1.30828e-05
-1.39438e-05
-1.47367e-05
-1.54641e-05
-1.61286e-05
-1.67327e-05
-1.72791e-05
1.27253e-05
1.01266e-05
7.64709e-06
5.28681e-06
3.04367e-06
9.13064e-07
-1.10699e-06
-3.01856e-06
-4.82415e-06
-6.52644e-06
-8.12816e-06
-9.63205e-06
-1.10409e-05
-1.23576e-05
-1.35849e-05
-1.47257e-05
-1.5783e-05
-1.67596e-05
-1.76585e-05
-1.84825e-05
-1.92344e-05
-1.99172e-05
-2.05337e-05
-2.10867e-05
-2.15789e-05
-2.2013e-05
5.49148e-06
2.94171e-06
5.17218e-07
-1.78231e-06
-3.95925e-06
-6.01853e-06
-7.96237e-06
-9.7931e-06
-1.15135e-05
-1.31265e-05
-1.46352e-05
-1.60425e-05
-1.73516e-05
-1.85655e-05
-1.96874e-05
-2.07204e-05
-2.16677e-05
-2.25323e-05
-2.33176e-05
-2.40266e-05
-2.46623e-05
-2.5228e-05
-2.57267e-05
-2.61612e-05
-2.65348e-05
-2.68501e-05
-2.01757e-06
-4.51246e-06
-6.87581e-06
-9.10813e-06
-1.12122e-05
-1.31932e-05
-1.50538e-05
-1.67964e-05
-1.84242e-05
-1.99405e-05
-2.13485e-05
-2.26516e-05
-2.38532e-05
-2.49566e-05
-2.59653e-05
-2.68827e-05
-2.77122e-05
-2.84573e-05
-2.91214e-05
-2.97079e-05
-3.02201e-05
-3.06614e-05
-3.1035e-05
-3.13442e-05
-3.15922e-05
-3.17821e-05
-9.80195e-06
-1.22356e-05
-1.45312e-05
-1.66894e-05
-1.87134e-05
-2.06089e-05
-2.23786e-05
-2.40254e-05
-2.55528e-05
-2.69644e-05
-2.82638e-05
-2.94546e-05
-3.05406e-05
-3.15254e-05
-3.24128e-05
-3.32065e-05
-3.39103e-05
-3.45279e-05
-3.5063e-05
-3.55192e-05
-3.59002e-05
-3.62096e-05
-3.64509e-05
-3.66276e-05
-3.6743e-05
-3.68005e-05
-1.78619e-05
-2.02275e-05
-2.24482e-05
-2.45249e-05
-2.64613e-05
-2.82634e-05
-2.99343e-05
-3.14772e-05
-3.28959e-05
-3.41944e-05
-3.53767e-05
-3.64468e-05
-3.74086e-05
-3.82664e-05
-3.9024e-05
-3.96857e-05
-4.02555e-05
-4.07373e-05
-4.11352e-05
-4.14532e-05
-4.16952e-05
-4.1865e-05
-4.19664e-05
-4.20031e-05
-4.19788e-05
-4.18971e-05
-2.61975e-05
-2.84879e-05
-3.06261e-05
-3.26135e-05
-3.44542e-05
-3.61546e-05
-3.77181e-05
-3.91485e-05
-4.04498e-05
-4.16265e-05
-4.26829e-05
-4.36233e-05
-4.44522e-05
-4.5174e-05
-4.57931e-05
-4.6314e-05
-4.67411e-05
-4.70786e-05
-4.7331e-05
-4.75025e-05
-4.75974e-05
-4.76196e-05
-4.75734e-05
-4.74627e-05
-4.72914e-05
-4.70633e-05
-3.48092e-05
-3.70165e-05
-3.90642e-05
-4.09539e-05
-4.26903e-05
-4.42802e-05
-4.57275e-05
-4.70362e-05
-4.8211e-05
-4.92566e-05
-5.01778e-05
-5.09793e-05
-5.16659e-05
-5.22426e-05
-5.2714e-05
-5.30851e-05
-5.33605e-05
-5.3545e-05
-5.36432e-05
-5.36597e-05
-5.35991e-05
-5.34657e-05
-5.3264e-05
-5.29982e-05
-5.26724e-05
-5.22907e-05
-4.36972e-05
-4.58131e-05
-4.77616e-05
-4.95448e-05
-5.11677e-05
-5.26379e-05
-5.39596e-05
-5.51372e-05
-5.61758e-05
-5.70806e-05
-5.78568e-05
-5.85097e-05
-5.90444e-05
-5.94663e-05
-5.97806e-05
-5.99924e-05
-6.01069e-05
-6.01292e-05
-6.00642e-05
-5.99171e-05
-5.96925e-05
-5.93952e-05
-5.903e-05
-5.86012e-05
-5.81134e-05
-5.75708e-05
-5.28617e-05
-5.48774e-05
-5.67177e-05
-5.83848e-05
-5.98848e-05
-6.12254e-05
-6.24115e-05
-6.34479e-05
-6.43401e-05
-6.5094e-05
-6.57152e-05
-6.62093e-05
-6.65821e-05
-6.68393e-05
-6.69865e-05
-6.70294e-05
-6.69734e-05
-6.68241e-05
-6.65869e-05
-6.6267e-05
-6.58698e-05
-6.54001e-05
-6.48631e-05
-6.42635e-05
-6.3606e-05
-6.28952e-05
-6.2303e-05
-6.4209e-05
-6.59313e-05
-6.74726e-05
-6.88393e-05
-7.00402e-05
-7.10801e-05
-7.19648e-05
-7.27002e-05
-7.32926e-05
-7.37481e-05
-7.40729e-05
-7.42733e-05
-7.43554e-05
-7.43254e-05
-7.41892e-05
-7.39529e-05
-7.36224e-05
-7.32035e-05
-7.27018e-05
-7.2123e-05
-7.14723e-05
-7.07552e-05
-6.99767e-05
-6.91418e-05
-6.82552e-05
-7.2021e-05
-7.38075e-05
-7.54016e-05
-7.68064e-05
-7.80293e-05
-7.90794e-05
-7.99624e-05
-8.06843e-05
-8.12518e-05
-8.16715e-05
-8.19504e-05
-8.2095e-05
-8.21121e-05
-8.20085e-05
-8.17906e-05
-8.14651e-05
-8.10383e-05
-8.05167e-05
-7.99064e-05
-7.92135e-05
-7.8444e-05
-7.76035e-05
-7.66978e-05
-7.57322e-05
-7.47121e-05
-7.36424e-05
-8.20159e-05
-8.36722e-05
-8.51273e-05
-8.63846e-05
-8.74524e-05
-8.83405e-05
-8.90549e-05
-8.96025e-05
-8.99905e-05
-9.02261e-05
-9.03168e-05
-9.02698e-05
-9.00925e-05
-8.9792e-05
-8.93754e-05
-8.88499e-05
-8.82223e-05
-8.74994e-05
-8.66878e-05
-8.57942e-05
-8.48247e-05
-8.37855e-05
-8.26826e-05
-8.15218e-05
-8.03085e-05
-7.90481e-05
-9.22874e-05
-9.38025e-05
-9.51071e-05
-9.62053e-05
-9.71062e-05
-9.78202e-05
-9.83542e-05
-9.87154e-05
-9.89118e-05
-9.89513e-05
-9.8842e-05
-9.85916e-05
-9.82082e-05
-9.76994e-05
-9.7073e-05
-9.63364e-05
-9.54973e-05
-9.45627e-05
-9.35399e-05
-9.24357e-05
-9.12568e-05
-9.00099e-05
-8.87012e-05
-8.73367e-05
-8.59224e-05
-8.44638e-05
-0.000102835
-0.000104197
-0.00010534
-0.000106266
-0.000106988
-0.000107515
-0.000107856
-0.000108019
-0.000108011
-0.000107842
-0.00010752
-0.000107054
-0.000106453
-0.000105724
-0.000104876
-0.000103917
-0.000102856
-0.000101699
-0.000100454
-9.91298e-05
-9.77321e-05
-9.62683e-05
-9.47449e-05
-9.31685e-05
-9.15452e-05
-8.98809e-05
-0.000113659
-0.000114856
-0.000115823
-0.000116566
-0.000117095
-0.000117423
-0.000117558
-0.000117508
-0.000117283
-0.000116893
-0.000116346
-0.000115652
-0.00011482
-0.000113859
-0.000112778
-0.000111585
-0.00011029
-0.0001089
-0.000107423
-0.000105868
-0.000104242
-0.000102552
-0.000100805
-9.90087e-05
-9.71684e-05
-9.52909e-05
-0.000124758
-0.000125777
-0.000126555
-0.0001271
-0.000127424
-0.000127539
-0.000127454
-0.000127178
-0.000126723
-0.000126098
-0.000125312
-0.000124377
-0.000123302
-0.000122096
-0.00012077
-0.000119332
-0.000117792
-0.000116158
-0.000114439
-0.000112643
-0.000110778
-0.000108853
-0.000106874
-0.000104849
-0.000102783
-0.000100685
-0.000136132
-0.000136958
-0.000137535
-0.000137868
-0.000137972
-0.000137859
-0.00013754
-0.000137025
-0.000136325
-0.000135451
-0.000134414
-0.000133224
-0.000131893
-0.00013043
-0.000128846
-0.00012715
-0.000125353
-0.000123464
-0.000121492
-0.000119445
-0.000117332
-0.000115162
-0.000112942
-0.00011068
-0.000108382
-0.000106055
-0.000147779
-0.000148399
-0.000148759
-0.000148866
-0.000148734
-0.00014838
-0.000147812
-0.000147043
-0.000146084
-0.000144947
-0.000143644
-0.000142186
-0.000140585
-0.000138852
-0.000136997
-0.000135032
-0.000132967
-0.000130811
-0.000128574
-0.000126266
-0.000123896
-0.000121471
-0.000119001
-0.000116493
-0.000113955
-0.000111393
-0.000159698
-0.000160097
-0.000160225
-0.00016009
-0.000159709
-0.000159097
-0.000158265
-0.000157226
-0.000155993
-0.000154579
-0.000152996
-0.000151256
-0.000149371
-0.000147354
-0.000145217
-0.000142969
-0.000140623
-0.000138189
-0.000135678
-0.000133098
-0.00013046
-0.000127772
-0.000125043
-0.000122281
-0.000119494
-0.00011669
-0.000171887
-0.00017205
-0.00017193
-0.000171537
-0.00017089
-0.000170005
-0.000168894
-0.00016757
-0.000166048
-0.000164341
-0.000162462
-0.000160425
-0.000158244
-0.00015593
-0.000153495
-0.000150953
-0.000148315
-0.000145591
-0.000142793
-0.000139931
-0.000137015
-0.000134055
-0.000131058
-0.000128035
-0.000124992
-0.000121937
-0.000184346
-0.000184255
-0.000183871
-0.000183204
-0.000182274
-0.000181099
-0.000179692
-0.000178067
-0.00017624
-0.000174225
-0.000172036
-0.000169688
-0.000167195
-0.00016457
-0.000161826
-0.000158976
-0.000156033
-0.000153008
-0.000149913
-0.000146758
-0.000143554
-0.000140312
-0.000137039
-0.000133745
-0.000130439
-0.000127128
-0.000197071
-0.00019671
-0.000196044
-0.000195086
-0.000193857
-0.000192375
-0.000190655
-0.000188713
-0.000186564
-0.000184225
-0.00018171
-0.000179036
-0.000176216
-0.000173266
-0.000170199
-0.000167029
-0.000163769
-0.000160431
-0.000157027
-0.00015357
-0.000150068
-0.000146534
-0.000142976
-0.000139405
-0.000135828
-0.000132253
-0.00021006
-0.000209411
-0.000208446
-0.00020718
-0.000205633
-0.000203827
-0.000201777
-0.0001995
-0.000197013
-0.000194333
-0.000191477
-0.000188461
-0.000185301
-0.000182011
-0.000178607
-0.000175104
-0.000171514
-0.000167851
-0.000164128
-0.000160357
-0.000156548
-0.000152713
-0.000148862
-0.000145005
-0.00014115
-0.000137305
-0.000223311
-0.000222356
-0.000221073
-0.000219479
-0.000217597
-0.000215448
-0.00021305
-0.000210421
-0.000207579
-0.000204543
-0.000201329
-0.000197956
-0.000194439
-0.000190796
-0.000187042
-0.000183191
-0.00017926
-0.00017526
-0.000171207
-0.000167111
-0.000162986
-0.000158841
-0.000154689
-0.000150538
-0.000146397
-0.000142276
-0.000236821
-0.00023554
-0.000233921
-0.00023198
-0.000229743
-0.000227234
-0.00022447
-0.000221471
-0.000218256
-0.000214846
-0.000211258
-0.000207511
-0.000203624
-0.000199612
-0.000195493
-0.000191283
-0.000186997
-0.00018265
-0.000178254
-0.000173824
-0.000169372
-0.000164909
-0.000160447
-0.000155995
-0.000151562
-0.000147158
-0.000250586
-0.00024896
-0.000246985
-0.000244678
-0.000242067
-0.000239177
-0.000236028
-0.000232641
-0.000229036
-0.000225234
-0.000221256
-0.00021712
-0.000212845
-0.000208451
-0.000203954
-0.000199371
-0.000194718
-0.00019001
-0.000185262
-0.000180488
-0.000175699
-0.000170909
-0.000166129
-0.000161368
-0.000156637
-0.000151945
-0.000264603
-0.000262612
-0.00026026
-0.000257566
-0.000254561
-0.000251272
-0.000247719
-0.000243924
-0.000239911
-0.0002357
-0.000231314
-0.000226772
-0.000222096
-0.000217304
-0.000212414
-0.000207445
-0.000202412
-0.000197333
-0.000192222
-0.000187092
-0.000181959
-0.000176833
-0.000171727
-0.000166651
-0.000161615
-0.000156629
-0.000278869
-0.000276491
-0.000273741
-0.00027064
-0.000267221
-0.000263512
-0.000259535
-0.000255314
-0.000250873
-0.000246236
-0.000241424
-0.000236461
-0.000231367
-0.000226162
-0.000220866
-0.000215497
-0.000210072
-0.00020461
-0.000199124
-0.00019363
-0.000188142
-0.000182672
-0.000177233
-0.000171835
-0.000166488
-0.000161203
-0.000293379
-0.000290592
-0.000287422
-0.000283893
-0.000280038
-0.000275889
-0.000271468
-0.000266801
-0.000261915
-0.000256832
-0.000251579
-0.000246177
-0.000240649
-0.000235016
-0.000229299
-0.000223518
-0.000217689
-0.000211832
-0.000205961
-0.000200093
-0.000194241
-0.00018842
-0.00018264
-0.000176913
-0.00017125
-0.00016566
-0.000308128
-0.000304911
-0.000301299
-0.000297319
-0.000293007
-0.000288396
-0.000283511
-0.000278379
-0.000273027
-0.000267482
-0.000261768
-0.000255911
-0.000249934
-0.000243858
-0.000237707
-0.000231499
-0.000225254
-0.00021899
-0.000212725
-0.000206472
-0.000200249
-0.000194067
-0.00018794
-0.000181878
-0.000175893
-0.000169994
-0.000323113
-0.000319442
-0.000315365
-0.000310912
-0.000306121
-0.000301027
-0.000295657
-0.000290039
-0.000284203
-0.000278176
-0.000271984
-0.000265655
-0.000259212
-0.000252679
-0.000246079
-0.000239432
-0.000232759
-0.000226077
-0.000219406
-0.000212761
-0.000206156
-0.000199607
-0.000193126
-0.000186724
-0.000180412
-0.000174199
-0.000338328
-0.000334179
-0.000329614
-0.000324665
-0.000319373
-0.000313774
-0.000307897
-0.000301773
-0.000295433
-0.000288905
-0.000282218
-0.0002754
-0.000268476
-0.00026147
-0.000254407
-0.000247308
-0.000240194
-0.000233084
-0.000225997
-0.00021895
-0.000211957
-0.000205033
-0.000198191
-0.000191443
-0.000184799
-0.000178268
-0.000353767
-0.000349116
-0.00034404
-0.00033857
-0.000332754
-0.000326629
-0.000320224
-0.000313573
-0.000306709
-0.000299661
-0.000292461
-0.000285137
-0.000277715
-0.000270222
-0.000262682
-0.000255118
-0.000247552
-0.000240003
-0.000232491
-0.000225032
-0.000217643
-0.000210337
-0.000203129
-0.000196029
-0.000189049
-0.000182198
4.07255e-05
3.92273e-05
3.77405e-05
3.62663e-05
3.48059e-05
3.33606e-05
3.19317e-05
3.05203e-05
2.91278e-05
2.77553e-05
2.64041e-05
2.50754e-05
2.37704e-05
2.24903e-05
2.12363e-05
2.00094e-05
1.88108e-05
1.76415e-05
1.65025e-05
1.53948e-05
1.43192e-05
1.32767e-05
1.22679e-05
1.12937e-05
1.03546e-05
9.4511e-06
8.58379e-06
7.75301e-06
6.95906e-06
6.20213e-06
5.48234e-06
4.79969e-06
4.1541e-06
3.54538e-06
2.97324e-06
2.4373e-06
1.93708e-06
1.47199e-06
1.04137e-06
6.44465e-07
2.80429e-07
-5.16551e-08
-3.52779e-07
-6.24007e-07
-8.66455e-07
4.03749e-05
3.88817e-05
3.74e-05
3.59311e-05
3.44763e-05
3.30367e-05
3.16136e-05
3.02083e-05
2.88219e-05
2.74558e-05
2.61111e-05
2.47891e-05
2.34909e-05
2.22177e-05
2.09707e-05
1.9751e-05
1.85597e-05
1.73978e-05
1.62663e-05
1.51661e-05
1.40982e-05
1.30633e-05
1.20623e-05
1.10957e-05
1.01643e-05
9.26862e-06
8.40902e-06
7.58592e-06
6.79959e-06
6.05022e-06
5.33791e-06
4.66264e-06
4.02433e-06
3.42276e-06
2.85764e-06
2.32856e-06
1.83503e-06
1.37647e-06
9.52184e-07
5.61413e-07
2.03305e-07
-1.23067e-07
-4.18702e-07
-6.84674e-07
-9.22099e-07
3.9693e-05
3.82095e-05
3.67379e-05
3.52794e-05
3.38353e-05
3.24069e-05
3.09952e-05
2.96017e-05
2.82274e-05
2.68737e-05
2.55417e-05
2.42326e-05
2.29477e-05
2.16881e-05
2.04548e-05
1.92491e-05
1.8072e-05
1.69245e-05
1.58076e-05
1.47221e-05
1.3669e-05
1.26491e-05
1.1663e-05
1.07115e-05
9.79519e-06
8.91452e-06
8.06992e-06
7.26176e-06
6.49027e-06
5.75561e-06
5.05784e-06
4.39695e-06
3.77278e-06
3.18511e-06
2.63362e-06
2.11788e-06
1.63736e-06
1.19146e-06
7.7948e-07
4.00622e-07
5.40221e-08
-2.61266e-07
-5.46254e-07
-8.02027e-07
-1.02971e-06
3.86981e-05
3.72289e-05
3.57722e-05
3.4329e-05
3.29008e-05
3.14886e-05
3.00938e-05
2.87175e-05
2.73609e-05
2.60254e-05
2.4712e-05
2.3422e-05
2.21566e-05
2.09167e-05
1.97037e-05
1.85185e-05
1.73622e-05
1.62357e-05
1.51401e-05
1.40762e-05
1.30448e-05
1.20467e-05
1.10825e-05
1.0153e-05
9.25871e-06
8.40001e-06
7.57733e-06
6.79097e-06
6.04113e-06
5.32793e-06
4.65139e-06
4.01143e-06
3.40788e-06
2.84047e-06
2.30884e-06
1.81251e-06
1.35093e-06
9.23468e-07
5.29376e-07
1.67839e-07
-1.62036e-07
-4.61219e-07
-7.30741e-07
-9.71708e-07
-1.18526e-06
3.7407e-05
3.59566e-05
3.45192e-05
3.30962e-05
3.16887e-05
3.02979e-05
2.8925e-05
2.75714e-05
2.6238e-05
2.49263e-05
2.36373e-05
2.23722e-05
2.11321e-05
1.99182e-05
1.87315e-05
1.7573e-05
1.64438e-05
1.53449e-05
1.4277e-05
1.32411e-05
1.2238e-05
1.12683e-05
1.03327e-05
9.43182e-06
8.5661e-06
7.73597e-06
6.94176e-06
6.18372e-06
5.46199e-06
4.77663e-06
4.12762e-06
3.51481e-06
2.93798e-06
2.39681e-06
1.89088e-06
1.41968e-06
9.82611e-07
5.78978e-07
2.08009e-07
-1.31152e-07
-4.39432e-07
-7.17828e-07
-9.674e-07
-1.18928e-06
-1.38461e-06
3.58351e-05
3.44079e-05
3.29945e-05
3.15962e-05
3.02142e-05
2.88498e-05
2.7504e-05
2.61782e-05
2.48734e-05
2.35909e-05
2.23318e-05
2.10973e-05
1.98884e-05
1.87062e-05
1.75518e-05
1.64261e-05
1.53302e-05
1.42649e-05
1.3231e-05
1.22295e-05
1.12609e-05
1.03259e-05
9.42518e-06
8.5592e-06
7.7284e-06
6.93311e-06
6.17361e-06
5.45008e-06
4.76258e-06
4.11112e-06
3.49558e-06
2.91578e-06
2.37143e-06
1.86213e-06
1.3874e-06
9.46689e-07
5.39326e-07
1.64573e-07
-1.78393e-07
-4.9047e-07
-7.72626e-07
-1.02589e-06
-1.25136e-06
-1.45018e-06
-1.62353e-06
3.3997e-05
3.25973e-05
3.12124e-05
2.98435e-05
2.84918e-05
2.71585e-05
2.58448e-05
2.45519e-05
2.32809e-05
2.2033e-05
2.08093e-05
1.96109e-05
1.84388e-05
1.72941e-05
1.61778e-05
1.50908e-05
1.4034e-05
1.30083e-05
1.20145e-05
1.10533e-05
1.01253e-05
9.23111e-06
8.3713e-06
7.54629e-06
6.75643e-06
6.00198e-06
5.28313e-06
4.59998e-06
3.95252e-06
3.34068e-06
2.76426e-06
2.223e-06
1.71653e-06
1.24439e-06
8.06026e-07
4.00808e-07
2.80142e-08
-3.13157e-07
-6.23582e-07
-9.04208e-07
-1.15605e-06
-1.38018e-06
-1.57772e-06
-1.74984e-06
-1.89775e-06
3.19062e-05
3.05383e-05
2.91864e-05
2.78514e-05
2.65347e-05
2.52375e-05
2.39608e-05
2.27059e-05
2.14739e-05
2.02658e-05
1.90828e-05
1.7926e-05
1.67962e-05
1.56946e-05
1.4622e-05
1.35794e-05
1.25676e-05
1.15873e-05
1.06393e-05
9.72426e-06
8.84273e-06
7.99522e-06
7.18218e-06
6.40394e-06
5.66079e-06
4.9529e-06
4.28036e-06
3.64319e-06
3.04129e-06
2.47449e-06
1.94251e-06
1.445e-06
9.81507e-07
5.51482e-07
1.54304e-07
-2.1074e-07
-5.4444e-07
-8.47662e-07
-1.12134e-06
-1.36649e-06
-1.58415e-06
-1.77546e-06
-1.94156e-06
-2.08367e-06
-2.20299e-06
2.95753e-05
2.82437e-05
2.69291e-05
2.56328e-05
2.43558e-05
2.30994e-05
2.18648e-05
2.06529e-05
1.94649e-05
1.83019e-05
1.7165e-05
1.6055e-05
1.49731e-05
1.392e-05
1.28967e-05
1.19041e-05
1.09428e-05
1.00136e-05
9.11711e-06
8.25391e-06
7.4245e-06
6.62928e-06
5.86861e-06
5.14274e-06
4.45183e-06
3.79597e-06
3.17515e-06
2.58928e-06
2.03817e-06
1.52155e-06
1.03904e-06
5.90182e-07
1.74439e-07
-2.08823e-07
-5.60316e-07
-8.80833e-07
-1.17124e-06
-1.43248e-06
-1.66554e-06
-1.87149e-06
-2.05145e-06
-2.20657e-06
-2.33804e-06
-2.44711e-06
-2.53501e-06
2.70163e-05
2.57254e-05
2.44528e-05
2.31996e-05
2.19672e-05
2.07565e-05
1.95687e-05
1.84049e-05
1.72661e-05
1.61534e-05
1.50677e-05
1.401e-05
1.29812e-05
1.19821e-05
1.10136e-05
1.00764e-05
9.17119e-06
8.29858e-06
7.45912e-06
6.6533e-06
5.88149e-06
5.14404e-06
4.44116e-06
3.77301e-06
3.13966e-06
2.54107e-06
1.97713e-06
1.44763e-06
9.52274e-07
4.90678e-07
6.23668e-08
-3.33222e-07
-6.96735e-07
-1.0289e-06
-1.33052e-06
-1.60247e-06
-1.84571e-06
-2.06124e-06
-2.25014e-06
-2.41352e-06
-2.55255e-06
-2.66843e-06
-2.7624e-06
-2.83573e-06
-2.88965e-06
2.42406e-05
2.29948e-05
2.17687e-05
2.05635e-05
1.93803e-05
1.82202e-05
1.70843e-05
1.59736e-05
1.48891e-05
1.38318e-05
1.28026e-05
1.18025e-05
1.08321e-05
9.89242e-06
8.98406e-06
8.10771e-06
7.26397e-06
6.45335e-06
5.67631e-06
4.93322e-06
4.22436e-06
3.54995e-06
2.9101e-06
2.30486e-06
1.73415e-06
1.19784e-06
6.95697e-07
2.27383e-07
-2.07512e-07
-6.09493e-07
-9.79148e-07
-1.31715e-06
-1.62425e-06
-1.90128e-06
-2.14915e-06
-2.36881e-06
-2.56132e-06
-2.72774e-06
-2.86923e-06
-2.98697e-06
-3.08217e-06
-3.15609e-06
-3.20998e-06
-3.24516e-06
-3.26286e-06
2.1259e-05
2.00629e-05
1.8888e-05
1.77355e-05
1.66064e-05
1.55018e-05
1.44227e-05
1.33702e-05
1.23451e-05
1.13484e-05
1.0381e-05
9.44361e-06
8.53705e-06
7.66201e-06
6.81912e-06
6.00895e-06
5.232e-06
4.48867e-06
3.77932e-06
3.10419e-06
2.46347e-06
1.85723e-06
1.28547e-06
7.48105e-07
2.44942e-07
-2.2429e-07
-6.59957e-07
-1.06251e-06
-1.4325e-06
-1.77055e-06
-2.07736e-06
-2.35374e-06
-2.60054e-06
-2.8187e-06
-3.00923e-06
-3.17319e-06
-3.3117e-06
-3.42593e-06
-3.51709e-06
-3.58642e-06
-3.6352e-06
-3.66472e-06
-3.67626e-06
-3.67117e-06
-3.65069e-06
1.80818e-05
1.694e-05
1.58211e-05
1.47261e-05
1.3656e-05
1.26119e-05
1.15947e-05
1.06055e-05
9.64497e-06
8.71409e-06
7.81362e-06
6.94429e-06
6.10677e-06
5.30167e-06
4.52952e-06
3.79079e-06
3.08586e-06
2.41504e-06
1.77853e-06
1.17648e-06
6.08928e-07
7.58282e-08
-4.22955e-07
-8.87651e-07
-1.31858e-06
-1.71616e-06
-2.08088e-06
-2.41335e-06
-2.71423e-06
-2.98428e-06
-3.22434e-06
-3.43533e-06
-3.61822e-06
-3.77407e-06
-3.90399e-06
-4.00912e-06
-4.09069e-06
-4.14994e-06
-4.18815e-06
-4.20662e-06
-4.20668e-06
-4.18966e-06
-4.15688e-06
-4.10968e-06
-4.04935e-06
1.47189e-05
1.36363e-05
1.25782e-05
1.15456e-05
1.05395e-05
9.56097e-06
8.61082e-06
7.68997e-06
6.79923e-06
5.93937e-06
5.11111e-06
4.31507e-06
3.55184e-06
2.82193e-06
2.12574e-06
1.46365e-06
8.35901e-07
2.42678e-07
-3.15931e-07
-8.39927e-07
-1.3294e-06
-1.78455e-06
-2.20564e-06
-2.59306e-06
-2.94727e-06
-3.26882e-06
-3.55837e-06
-3.81664e-06
-4.04446e-06
-4.24272e-06
-4.41238e-06
-4.5545e-06
-4.67016e-06
-4.76055e-06
-4.82685e-06
-4.87035e-06
-4.89232e-06
-4.8941e-06
-4.87704e-06
-4.84249e-06
-4.79183e-06
-4.72643e-06
-4.64763e-06
-4.5568e-06
-4.4552e-06
1.11801e-05
1.01615e-05
9.16917e-06
8.204e-06
7.26701e-06
6.3591e-06
5.48114e-06
4.63391e-06
3.81816e-06
3.03457e-06
2.28375e-06
1.56626e-06
8.82558e-07
2.33035e-07
-3.82001e-07
-9.62328e-07
-1.50781e-06
-2.01841e-06
-2.49418e-06
-2.93527e-06
-3.34191e-06
-3.71444e-06
-4.0533e-06
-4.35901e-06
-4.6322e-06
-4.87357e-06
-5.08393e-06
-5.26415e-06
-5.41521e-06
-5.53812e-06
-5.63401e-06
-5.70404e-06
-5.74944e-06
-5.77149e-06
-5.77149e-06
-5.75081e-06
-5.71084e-06
-5.65296e-06
-5.5786e-06
-5.48917e-06
-5.38609e-06
-5.27075e-06
-5.14452e-06
-5.00877e-06
-4.86477e-06
7.47456e-06
6.52505e-06
5.60354e-06
4.71094e-06
3.8482e-06
3.01616e-06
2.21562e-06
1.44727e-06
7.11775e-07
9.72807e-09
-6.58363e-07
-1.29206e-06
-1.89102e-06
-2.45497e-06
-2.98372e-06
-3.47721e-06
-3.93542e-06
-4.35848e-06
-4.74658e-06
-5.10001e-06
-5.41919e-06
-5.70461e-06
-5.95686e-06
-6.17663e-06
-6.3647e-06
-6.52195e-06
-6.64933e-06
-6.74788e-06
-6.81871e-06
-6.863e-06
-6.882e-06
-6.87701e-06
-6.84938e-06
-6.8005e-06
-6.73179e-06
-6.64471e-06
-6.54072e-06
-6.42129e-06
-6.2879e-06
-6.14202e-06
-5.98508e-06
-5.81853e-06
-5.64374e-06
-5.46207e-06
-5.27478e-06
3.61154e-06
2.7362e-06
1.8907e-06
1.07589e-06
2.92672e-07
-4.58198e-07
-1.17602e-06
-1.86017e-06
-2.51008e-06
-3.12529e-06
-3.70537e-06
-4.25003e-06
-4.75903e-06
-5.23225e-06
-5.66964e-06
-6.07127e-06
-6.43729e-06
-6.76797e-06
-7.06367e-06
-7.32486e-06
-7.5521e-06
-7.74606e-06
-7.90749e-06
-8.03727e-06
-8.13634e-06
-8.20573e-06
-8.24658e-06
-8.26007e-06
-8.24747e-06
-8.21011e-06
-8.14937e-06
-8.0667e-06
-7.96355e-06
-7.84145e-06
-7.70191e-06
-7.54647e-06
-7.37669e-06
-7.1941e-06
-7.00023e-06
-6.7966e-06
-6.58467e-06
-6.3659e-06
-6.14167e-06
-5.91334e-06
-5.68214e-06
-4.00073e-07
-1.19598e-06
-1.96017e-06
-2.69183e-06
-3.39018e-06
-4.05451e-06
-4.68422e-06
-5.2788e-06
-5.83778e-06
-6.3608e-06
-6.84758e-06
-7.29795e-06
-7.71181e-06
-8.08918e-06
-8.43017e-06
-8.73499e-06
-9.00398e-06
-9.23756e-06
-9.43626e-06
-9.60073e-06
-9.73169e-06
-9.83001e-06
-9.89661e-06
-9.93254e-06
-9.93891e-06
-9.91695e-06
-9.86793e-06
-9.79321e-06
-9.69423e-06
-9.57244e-06
-9.4294e-06
-9.26665e-06
-9.08579e-06
-8.88844e-06
-8.67623e-06
-8.45078e-06
-8.21372e-06
-7.96664e-06
-7.71113e-06
-7.44873e-06
-7.18094e-06
-6.90922e-06
-6.63494e-06
-6.35946e-06
-6.08396e-06
-4.55147e-06
-5.26255e-06
-5.94e-06
-6.58309e-06
-7.1911e-06
-7.76343e-06
-8.29959e-06
-8.79916e-06
-9.2618e-06
-9.68729e-06
-1.00755e-05
-1.04263e-05
-1.07399e-05
-1.10163e-05
-1.12559e-05
-1.14591e-05
-1.16263e-05
-1.17581e-05
-1.18553e-05
-1.19187e-05
-1.19493e-05
-1.19479e-05
-1.19158e-05
-1.18543e-05
-1.17645e-05
-1.16479e-05
-1.15059e-05
-1.13401e-05
-1.1152e-05
-1.09433e-05
-1.07156e-05
-1.04707e-05
-1.02102e-05
-9.93586e-06
-9.64942e-06
-9.35258e-06
-9.04702e-06
-8.73442e-06
-8.41637e-06
-8.09447e-06
-7.77021e-06
-7.44505e-06
-7.12037e-06
-6.79748e-06
-6.47753e-06
-8.83398e-06
-9.45471e-06
-1.00399e-05
-1.05888e-05
-1.1101e-05
-1.15758e-05
-1.20128e-05
-1.24119e-05
-1.27728e-05
-1.30954e-05
-1.33796e-05
-1.36257e-05
-1.38338e-05
-1.40043e-05
-1.41376e-05
-1.42343e-05
-1.42951e-05
-1.43207e-05
-1.43121e-05
-1.42702e-05
-1.41963e-05
-1.40915e-05
-1.39571e-05
-1.37945e-05
-1.36053e-05
-1.3391e-05
-1.31532e-05
-1.28937e-05
-1.2614e-05
-1.23162e-05
-1.20018e-05
-1.16729e-05
-1.13311e-05
-1.09783e-05
-1.06164e-05
-1.02471e-05
-9.8721e-06
-9.49319e-06
-9.11199e-06
-8.7301e-06
-8.34903e-06
-7.97021e-06
-7.59501e-06
-7.2247e-06
-6.86037e-06
-1.3239e-05
-1.37637e-05
-1.4251e-05
-1.47001e-05
-1.51107e-05
-1.54824e-05
-1.58148e-05
-1.61079e-05
-1.63615e-05
-1.65758e-05
-1.67508e-05
-1.68869e-05
-1.69845e-05
-1.70441e-05
-1.70662e-05
-1.70517e-05
-1.70015e-05
-1.69165e-05
-1.67979e-05
-1.66467e-05
-1.64645e-05
-1.62526e-05
-1.60124e-05
-1.57457e-05
-1.5454e-05
-1.51392e-05
-1.4803e-05
-1.44473e-05
-1.40739e-05
-1.36849e-05
-1.32822e-05
-1.28676e-05
-1.24432e-05
-1.20108e-05
-1.15724e-05
-1.11297e-05
-1.06847e-05
-1.0239e-05
-9.79427e-06
-9.35218e-06
-8.91419e-06
-8.48174e-06
-8.05613e-06
-7.6386e-06
-7.23019e-06
-1.77579e-05
-1.81809e-05
-1.85644e-05
-1.89081e-05
-1.92114e-05
-1.94743e-05
-1.96964e-05
-1.98779e-05
-2.00188e-05
-2.01194e-05
-2.01799e-05
-2.02009e-05
-2.01829e-05
-2.01266e-05
-2.00328e-05
-1.99026e-05
-1.97369e-05
-1.95371e-05
-1.93043e-05
-1.90401e-05
-1.87459e-05
-1.84233e-05
-1.80742e-05
-1.77002e-05
-1.73033e-05
-1.68854e-05
-1.64484e-05
-1.59944e-05
-1.55255e-05
-1.50436e-05
-1.45509e-05
-1.40495e-05
-1.35413e-05
-1.30285e-05
-1.25128e-05
-1.19963e-05
-1.14808e-05
-1.09681e-05
-1.04598e-05
-9.95749e-06
-9.46274e-06
-8.97689e-06
-8.50122e-06
-8.03691e-06
-7.5849e-06
-2.23823e-05
-2.26976e-05
-2.29716e-05
-2.32039e-05
-2.33942e-05
-2.35424e-05
-2.36487e-05
-2.3713e-05
-2.37357e-05
-2.37172e-05
-2.36579e-05
-2.35586e-05
-2.342e-05
-2.3243e-05
-2.30287e-05
-2.27782e-05
-2.24928e-05
-2.2174e-05
-2.18232e-05
-2.14421e-05
-2.10325e-05
-2.05961e-05
-2.0135e-05
-1.9651e-05
-1.91463e-05
-1.86229e-05
-1.80831e-05
-1.7529e-05
-1.69627e-05
-1.63866e-05
-1.58028e-05
-1.52135e-05
-1.46208e-05
-1.40268e-05
-1.34335e-05
-1.28428e-05
-1.22568e-05
-1.1677e-05
-1.11052e-05
-1.05431e-05
-9.99194e-06
-9.45319e-06
-8.92802e-06
-8.41754e-06
-7.92262e-06
-2.71037e-05
-2.73053e-05
-2.74638e-05
-2.75787e-05
-2.76501e-05
-2.7678e-05
-2.76626e-05
-2.76041e-05
-2.75031e-05
-2.73601e-05
-2.71759e-05
-2.69512e-05
-2.66871e-05
-2.63847e-05
-2.60452e-05
-2.56701e-05
-2.52609e-05
-2.48191e-05
-2.43466e-05
-2.38452e-05
-2.33169e-05
-2.27636e-05
-2.21877e-05
-2.15911e-05
-2.09763e-05
-2.03454e-05
-1.97009e-05
-1.9045e-05
-1.83801e-05
-1.77086e-05
-1.70327e-05
-1.63548e-05
-1.5677e-05
-1.50015e-05
-1.43304e-05
-1.36656e-05
-1.30091e-05
-1.23626e-05
-1.17278e-05
-1.11062e-05
-1.04993e-05
-9.90835e-06
-9.33444e-06
-8.77863e-06
-8.24167e-06
-3.19136e-05
-3.19954e-05
-3.20322e-05
-3.20239e-05
-3.19704e-05
-3.18721e-05
-3.17293e-05
-3.15425e-05
-3.13123e-05
-3.10395e-05
-3.0725e-05
-3.037e-05
-2.99755e-05
-2.95431e-05
-2.9074e-05
-2.85701e-05
-2.80329e-05
-2.74645e-05
-2.68667e-05
-2.62416e-05
-2.55915e-05
-2.49187e-05
-2.42253e-05
-2.35139e-05
-2.27869e-05
-2.20467e-05
-2.12959e-05
-2.05369e-05
-1.97723e-05
-1.90045e-05
-1.82359e-05
-1.74689e-05
-1.67058e-05
-1.59487e-05
-1.51998e-05
-1.44612e-05
-1.37346e-05
-1.30219e-05
-1.23247e-05
-1.16445e-05
-1.09826e-05
-1.03403e-05
-9.71866e-06
-9.11852e-06
-8.54057e-06
-3.68034e-05
-3.67593e-05
-3.66683e-05
-3.65306e-05
-3.63464e-05
-3.6116e-05
-3.58401e-05
-3.55192e-05
-3.51544e-05
-3.47465e-05
-3.42967e-05
-3.38063e-05
-3.32768e-05
-3.27097e-05
-3.21068e-05
-3.14699e-05
-3.0801e-05
-3.01023e-05
-2.93759e-05
-2.86241e-05
-2.78494e-05
-2.70543e-05
-2.62413e-05
-2.54129e-05
-2.45719e-05
-2.37209e-05
-2.28625e-05
-2.19995e-05
-2.11343e-05
-2.02696e-05
-1.94079e-05
-1.85516e-05
-1.77032e-05
-1.68647e-05
-1.60385e-05
-1.52264e-05
-1.44305e-05
-1.36523e-05
-1.28936e-05
-1.21557e-05
-1.14399e-05
-1.07474e-05
-1.0079e-05
-9.43576e-06
-8.81802e-06
-4.17647e-05
-4.15883e-05
-4.13634e-05
-4.10902e-05
-4.07692e-05
-4.04008e-05
-3.9986e-05
-3.95256e-05
-3.90207e-05
-3.84724e-05
-3.78823e-05
-3.72517e-05
-3.65825e-05
-3.58764e-05
-3.51355e-05
-3.43617e-05
-3.35575e-05
-3.2725e-05
-3.18668e-05
-3.09855e-05
-3.00836e-05
-2.91639e-05
-2.82291e-05
-2.72821e-05
-2.63256e-05
-2.53625e-05
-2.43955e-05
-2.34275e-05
-2.24613e-05
-2.14994e-05
-2.05445e-05
-1.95991e-05
-1.86656e-05
-1.77462e-05
-1.68432e-05
-1.59585e-05
-1.5094e-05
-1.42514e-05
-1.34321e-05
-1.26377e-05
-1.18693e-05
-1.11278e-05
-1.04142e-05
-9.72908e-06
-9.07291e-06
-4.6789e-05
-4.6474e-05
-4.61088e-05
-4.5694e-05
-4.52301e-05
-4.4718e-05
-4.41585e-05
-4.3553e-05
-4.29026e-05
-4.22088e-05
-4.14734e-05
-4.06979e-05
-3.98845e-05
-3.90352e-05
-3.81522e-05
-3.72378e-05
-3.62947e-05
-3.53254e-05
-3.43325e-05
-3.33189e-05
-3.22875e-05
-3.12412e-05
-3.01829e-05
-2.91156e-05
-2.80423e-05
-2.69661e-05
-2.58898e-05
-2.48165e-05
-2.37488e-05
-2.26897e-05
-2.16418e-05
-2.06076e-05
-1.95896e-05
-1.859e-05
-1.76111e-05
-1.66547e-05
-1.57228e-05
-1.48169e-05
-1.39386e-05
-1.3089e-05
-1.22692e-05
-1.14803e-05
-1.07228e-05
-9.99743e-06
-9.30432e-06
-5.18678e-05
-5.14076e-05
-5.08959e-05
-5.03333e-05
-4.97205e-05
-4.90587e-05
-4.83489e-05
-4.75927e-05
-4.67916e-05
-4.59472e-05
-4.50616e-05
-4.41366e-05
-4.31747e-05
-4.2178e-05
-4.11491e-05
-4.00907e-05
-3.90054e-05
-3.78962e-05
-3.6766e-05
-3.56178e-05
-3.44547e-05
-3.32799e-05
-3.20966e-05
-3.09078e-05
-2.97168e-05
-2.85268e-05
-2.73408e-05
-2.61618e-05
-2.49928e-05
-2.38367e-05
-2.26962e-05
-2.15739e-05
-2.04722e-05
-1.93934e-05
-1.83396e-05
-1.73129e-05
-1.63149e-05
-1.53471e-05
-1.44111e-05
-1.35079e-05
-1.26385e-05
-1.18037e-05
-1.1004e-05
-1.02399e-05
-9.51147e-06
-5.69924e-05
-5.63807e-05
-5.57161e-05
-5.49994e-05
-5.42318e-05
-5.34144e-05
-5.25487e-05
-5.16364e-05
-5.06793e-05
-4.96793e-05
-4.86388e-05
-4.75599e-05
-4.64451e-05
-4.52972e-05
-4.41188e-05
-4.29129e-05
-4.16825e-05
-4.04307e-05
-3.91606e-05
-3.78757e-05
-3.65792e-05
-3.52744e-05
-3.39647e-05
-3.26535e-05
-3.13441e-05
-3.00399e-05
-2.87439e-05
-2.74594e-05
-2.61894e-05
-2.49369e-05
-2.37045e-05
-2.24949e-05
-2.13106e-05
-2.01537e-05
-1.90265e-05
-1.79308e-05
-1.68682e-05
-1.58403e-05
-1.48483e-05
-1.38932e-05
-1.29758e-05
-1.20969e-05
-1.12568e-05
-1.04558e-05
-9.69379e-06
-6.21544e-05
-6.13846e-05
-6.05607e-05
-5.96838e-05
-5.87552e-05
-5.77765e-05
-5.67492e-05
-5.56755e-05
-5.45573e-05
-5.33969e-05
-5.21969e-05
-5.09597e-05
-4.96881e-05
-4.83852e-05
-4.70539e-05
-4.56974e-05
-4.4319e-05
-4.29221e-05
-4.15101e-05
-4.00866e-05
-3.8655e-05
-3.7219e-05
-3.5782e-05
-3.43477e-05
-3.29195e-05
-3.15009e-05
-3.00952e-05
-2.87055e-05
-2.73351e-05
-2.59869e-05
-2.46636e-05
-2.33679e-05
-2.21023e-05
-2.08689e-05
-1.96698e-05
-1.85067e-05
-1.73814e-05
-1.6295e-05
-1.52489e-05
-1.42438e-05
-1.32804e-05
-1.23593e-05
-1.14807e-05
-1.06446e-05
-9.85084e-06
-6.7345e-05
-6.64106e-05
-6.54211e-05
-6.43779e-05
-6.32824e-05
-6.21365e-05
-6.09422e-05
-5.97018e-05
-5.84175e-05
-5.7092e-05
-5.5728e-05
-5.43283e-05
-5.28962e-05
-5.14348e-05
-4.99473e-05
-4.84374e-05
-4.69085e-05
-4.53642e-05
-4.38084e-05
-4.22446e-05
-4.06767e-05
-3.91085e-05
-3.75436e-05
-3.59858e-05
-3.44387e-05
-3.29059e-05
-3.13908e-05
-2.98966e-05
-2.84266e-05
-2.69838e-05
-2.55709e-05
-2.41905e-05
-2.28451e-05
-2.15368e-05
-2.02676e-05
-1.90391e-05
-1.78529e-05
-1.67102e-05
-1.56119e-05
-1.45588e-05
-1.35515e-05
-1.25902e-05
-1.16751e-05
-1.08059e-05
-9.98234e-06
-7.25559e-05
-7.14503e-05
-7.02888e-05
-6.90731e-05
-6.78048e-05
-6.64861e-05
-6.51193e-05
-6.3707e-05
-6.22518e-05
-6.07565e-05
-5.92243e-05
-5.76583e-05
-5.6062e-05
-5.44387e-05
-5.27922e-05
-5.11261e-05
-4.94444e-05
-4.77509e-05
-4.60495e-05
-4.43442e-05
-4.2639e-05
-4.09379e-05
-3.92447e-05
-3.75634e-05
-3.58976e-05
-3.4251e-05
-3.26272e-05
-3.10295e-05
-2.94611e-05
-2.79249e-05
-2.64239e-05
-2.49605e-05
-2.35371e-05
-2.21559e-05
-2.08185e-05
-1.95267e-05
-1.82817e-05
-1.70847e-05
-1.59365e-05
-1.48377e-05
-1.37886e-05
-1.27893e-05
-1.18397e-05
-1.09395e-05
-1.00881e-05
-7.77783e-05
-7.6495e-05
-7.51553e-05
-7.37608e-05
-7.23139e-05
-7.08169e-05
-6.92723e-05
-6.76831e-05
-6.60523e-05
-6.43829e-05
-6.26784e-05
-6.09423e-05
-5.91783e-05
-5.73901e-05
-5.55818e-05
-5.37573e-05
-5.19207e-05
-5.00762e-05
-4.8228e-05
-4.63802e-05
-4.4537e-05
-4.27026e-05
-4.08811e-05
-3.90764e-05
-3.72924e-05
-3.55328e-05
-3.38013e-05
-3.21012e-05
-3.04358e-05
-2.8808e-05
-2.72206e-05
-2.56761e-05
-2.41767e-05
-2.27245e-05
-2.13213e-05
-1.99683e-05
-1.86669e-05
-1.7418e-05
-1.62222e-05
-1.50799e-05
-1.39912e-05
-1.29562e-05
-1.19744e-05
-1.10454e-05
-1.01682e-05
-8.30037e-05
-8.15362e-05
-8.00119e-05
-7.84328e-05
-7.68015e-05
-7.51206e-05
-7.33932e-05
-7.16222e-05
-6.98111e-05
-6.79634e-05
-6.60828e-05
-6.41731e-05
-6.22382e-05
-6.02824e-05
-5.83098e-05
-5.63247e-05
-5.43316e-05
-5.23347e-05
-5.03386e-05
-4.83475e-05
-4.6366e-05
-4.43983e-05
-4.24486e-05
-4.05211e-05
-3.86197e-05
-3.67482e-05
-3.49102e-05
-3.31093e-05
-3.13485e-05
-2.96308e-05
-2.7959e-05
-2.63355e-05
-2.47625e-05
-2.32417e-05
-2.17749e-05
-2.03632e-05
-1.90078e-05
-1.77094e-05
-1.64685e-05
-1.52851e-05
-1.41594e-05
-1.30909e-05
-1.20792e-05
-1.11235e-05
-1.02227e-05
-8.82236e-05
-8.65654e-05
-8.48503e-05
-8.30807e-05
-8.12593e-05
-7.93893e-05
-7.74738e-05
-7.55165e-05
-7.35208e-05
-7.14908e-05
-6.94304e-05
-6.73437e-05
-6.52351e-05
-6.31091e-05
-6.097e-05
-5.88226e-05
-5.66714e-05
-5.45211e-05
-5.23763e-05
-5.02416e-05
-4.81217e-05
-4.60209e-05
-4.39436e-05
-4.18941e-05
-3.98763e-05
-3.78942e-05
-3.59514e-05
-3.40513e-05
-3.21971e-05
-3.03917e-05
-2.86378e-05
-2.69376e-05
-2.52932e-05
-2.37064e-05
-2.21786e-05
-2.07108e-05
-1.9304e-05
-1.79587e-05
-1.66752e-05
-1.54533e-05
-1.42929e-05
-1.31935e-05
-1.21541e-05
-1.11741e-05
-1.02519e-05
-9.34294e-05
-9.15742e-05
-8.96622e-05
-8.76962e-05
-8.56793e-05
-8.36148e-05
-8.15066e-05
-7.93582e-05
-7.71739e-05
-7.49577e-05
-7.27141e-05
-7.04475e-05
-6.81626e-05
-6.5864e-05
-6.35566e-05
-6.12453e-05
-5.89349e-05
-5.66304e-05
-5.43365e-05
-5.20582e-05
-4.98e-05
-4.75667e-05
-4.53627e-05
-4.31923e-05
-4.10595e-05
-3.89684e-05
-3.69226e-05
-3.49254e-05
-3.298e-05
-3.10892e-05
-2.92555e-05
-2.74812e-05
-2.57682e-05
-2.4118e-05
-2.25318e-05
-2.10107e-05
-1.95553e-05
-1.81658e-05
-1.68423e-05
-1.55846e-05
-1.43921e-05
-1.32641e-05
-1.21996e-05
-1.11974e-05
-1.0256e-05
-9.86128e-05
-9.65542e-05
-9.44393e-05
-9.22711e-05
-9.00533e-05
-8.77894e-05
-8.54837e-05
-8.31401e-05
-8.07631e-05
-7.83573e-05
-7.59273e-05
-7.3478e-05
-7.10143e-05
-6.85412e-05
-6.6064e-05
-6.35876e-05
-6.11172e-05
-5.86579e-05
-5.62149e-05
-5.37931e-05
-5.13973e-05
-4.90323e-05
-4.67027e-05
-4.44128e-05
-4.21668e-05
-3.99686e-05
-3.78218e-05
-3.57298e-05
-3.36956e-05
-3.17219e-05
-2.98112e-05
-2.79656e-05
-2.61867e-05
-2.44759e-05
-2.28343e-05
-2.12627e-05
-1.97614e-05
-1.83306e-05
-1.69699e-05
-1.5679e-05
-1.44571e-05
-1.33031e-05
-1.22159e-05
-1.1194e-05
-1.02356e-05
-0.000103765
-0.000101497
-9.91733e-05
-9.67975e-05
-9.43735e-05
-9.19055e-05
-8.93977e-05
-8.68548e-05
-8.42815e-05
-8.16827e-05
-7.90635e-05
-7.6429e-05
-7.37844e-05
-7.11352e-05
-6.84867e-05
-6.58444e-05
-6.32135e-05
-6.05994e-05
-5.80074e-05
-5.54427e-05
-5.29102e-05
-5.04147e-05
-4.7961e-05
-4.55533e-05
-4.3196e-05
-4.08929e-05
-3.86475e-05
-3.64631e-05
-3.43428e-05
-3.22891e-05
-3.03042e-05
-2.83901e-05
-2.65483e-05
-2.478e-05
-2.3086e-05
-2.14669e-05
-1.99227e-05
-1.84534e-05
-1.70585e-05
-1.57371e-05
-1.44884e-05
-1.3311e-05
-1.22035e-05
-1.11642e-05
-1.0191e-05
-0.000108879
-0.000106395
-0.000103856
-0.000101268
-9.86323e-05
-9.59554e-05
-9.32414e-05
-9.04953e-05
-8.77222e-05
-8.49275e-05
-8.21164e-05
-7.92945e-05
-7.64673e-05
-7.36406e-05
-7.082e-05
-6.80111e-05
-6.52195e-05
-6.24508e-05
-5.97104e-05
-5.70036e-05
-5.43355e-05
-5.17111e-05
-4.9135e-05
-4.66116e-05
-4.41452e-05
-4.17395e-05
-3.93982e-05
-3.71243e-05
-3.49207e-05
-3.27899e-05
-3.07339e-05
-2.87545e-05
-2.68529e-05
-2.50302e-05
-2.3287e-05
-2.16234e-05
-2.00394e-05
-1.85346e-05
-1.71082e-05
-1.57593e-05
-1.44865e-05
-1.32884e-05
-1.21631e-05
-1.11087e-05
-1.01231e-05
-0.000113944
-0.000111239
-0.00010848
-0.000105673
-0.000102822
-9.99318e-05
-9.70076e-05
-9.40548e-05
-9.10788e-05
-8.80853e-05
-8.508e-05
-8.20688e-05
-7.90576e-05
-7.60524e-05
-7.30589e-05
-7.00832e-05
-6.71311e-05
-6.42083e-05
-6.13204e-05
-5.84728e-05
-5.56706e-05
-5.2919e-05
-5.02226e-05
-4.75858e-05
-4.50128e-05
-4.25074e-05
-4.00729e-05
-3.77125e-05
-3.54287e-05
-3.3224e-05
-3.11001e-05
-2.90586e-05
-2.71006e-05
-2.52267e-05
-2.34374e-05
-2.17326e-05
-2.0112e-05
-1.85747e-05
-1.71199e-05
-1.57462e-05
-1.44521e-05
-1.32358e-05
-1.20952e-05
-1.10283e-05
-1.00323e-05
-0.000118955
-0.000116022
-0.000113038
-0.000110007
-0.000106936
-0.000103828
-0.00010069
-9.75266e-05
-9.43448e-05
-9.11501e-05
-8.79487e-05
-8.47467e-05
-8.15503e-05
-7.83657e-05
-7.51992e-05
-7.20569e-05
-6.89447e-05
-6.58687e-05
-6.28344e-05
-5.98475e-05
-5.69131e-05
-5.40364e-05
-5.12221e-05
-4.84745e-05
-4.57977e-05
-4.31954e-05
-4.06709e-05
-3.82271e-05
-3.58665e-05
-3.35911e-05
-3.14028e-05
-2.93026e-05
-2.72916e-05
-2.537e-05
-2.35379e-05
-2.17952e-05
-2.0141e-05
-1.85744e-05
-1.70942e-05
-1.56986e-05
-1.4386e-05
-1.31541e-05
-1.20008e-05
-1.09235e-05
-9.91953e-06
-0.000123902
-0.000120736
-0.000117521
-0.000114262
-0.000110966
-0.000107636
-0.000104281
-0.000100904
-9.75142e-05
-9.41163e-05
-9.0717e-05
-8.73229e-05
-8.39406e-05
-8.05764e-05
-7.72368e-05
-7.39283e-05
-7.06569e-05
-6.74288e-05
-6.42497e-05
-6.11253e-05
-5.80609e-05
-5.50615e-05
-5.21318e-05
-4.92763e-05
-4.64987e-05
-4.38027e-05
-4.11915e-05
-3.86678e-05
-3.62338e-05
-3.38915e-05
-3.16422e-05
-2.94869e-05
-2.74263e-05
-2.54604e-05
-2.35891e-05
-2.18117e-05
-2.01273e-05
-1.85345e-05
-1.70318e-05
-1.56173e-05
-1.42889e-05
-1.30441e-05
-1.18805e-05
-1.07954e-05
-9.78549e-06
-0.000128777
-0.000125373
-0.000121922
-0.000118431
-0.000114905
-0.000111351
-0.000107774
-0.000104182
-0.000100581
-9.69783e-05
-9.33799e-05
-8.97928e-05
-8.6224e-05
-8.26802e-05
-7.9168e-05
-7.5694e-05
-7.22646e-05
-6.88859e-05
-6.55639e-05
-6.23042e-05
-5.91122e-05
-5.59928e-05
-5.29508e-05
-4.99903e-05
-4.71153e-05
-4.4329e-05
-4.16346e-05
-3.90346e-05
-3.65309e-05
-3.41252e-05
-3.18186e-05
-2.96119e-05
-2.75054e-05
-2.54988e-05
-2.35917e-05
-2.17831e-05
-2.00717e-05
-1.84559e-05
-1.69338e-05
-1.55033e-05
-1.41618e-05
-1.29068e-05
-1.17353e-05
-1.06447e-05
-9.63104e-06
-0.000133574
-0.000129926
-0.000126234
-0.000122506
-0.000118747
-0.000114965
-0.000111165
-0.000107354
-0.000103541
-9.97312e-05
-9.59325e-05
-9.21519e-05
-8.83966e-05
-8.46734e-05
-8.09894e-05
-7.73511e-05
-7.37652e-05
-7.02378e-05
-6.6775e-05
-6.33825e-05
-6.00656e-05
-5.68292e-05
-5.3678e-05
-5.0616e-05
-4.7647e-05
-4.47741e-05
-4.20002e-05
-3.93276e-05
-3.6758e-05
-3.42928e-05
-3.19328e-05
-2.96785e-05
-2.75297e-05
-2.54861e-05
-2.35467e-05
-2.17102e-05
-1.99752e-05
-1.83396e-05
-1.68012e-05
-1.53575e-05
-1.40057e-05
-1.27431e-05
-1.15662e-05
-1.04724e-05
-9.45705e-06
-0.000138284
-0.000134387
-0.000130451
-0.000126482
-0.000122486
-0.000118472
-0.000114446
-0.000110415
-0.000106387
-0.00010237
-9.83704e-05
-9.43961e-05
-9.04545e-05
-8.65527e-05
-8.26978e-05
-7.88968e-05
-7.51561e-05
-7.14823e-05
-6.78812e-05
-6.43587e-05
-6.09199e-05
-5.75698e-05
-5.43128e-05
-5.11529e-05
-4.80937e-05
-4.5138e-05
-4.22886e-05
-3.95474e-05
-3.69158e-05
-3.4395e-05
-3.19855e-05
-2.96874e-05
-2.75002e-05
-2.54232e-05
-2.34551e-05
-2.15943e-05
-1.9839e-05
-1.81867e-05
-1.6635e-05
-1.5181e-05
-1.38218e-05
-1.2554e-05
-1.13742e-05
-1.02794e-05
-9.26435e-06
-0.0001429
-0.00013875
-0.000134564
-0.00013035
-0.000126115
-0.000121867
-0.000117612
-0.000113359
-0.000109116
-0.00010489
-0.000100689
-9.65216e-05
-9.23943e-05
-8.83149e-05
-8.42907e-05
-8.03287e-05
-7.64355e-05
-7.26177e-05
-6.88812e-05
-6.52317e-05
-6.16743e-05
-5.8214e-05
-5.4855e-05
-5.1601e-05
-4.84555e-05
-4.54211e-05
-4.25002e-05
-3.96944e-05
-3.7005e-05
-3.44327e-05
-3.19777e-05
-2.96397e-05
-2.74179e-05
-2.53113e-05
-2.33181e-05
-2.14365e-05
-1.96641e-05
-1.79984e-05
-1.64365e-05
-1.49751e-05
-1.3611e-05
-1.23407e-05
-1.11603e-05
-1.00667e-05
-9.05403e-06
-0.000147415
-0.000143007
-0.000138569
-0.000134107
-0.000129629
-0.000125143
-0.000120658
-0.000116182
-0.000111722
-0.000107288
-0.000102886
-9.8525e-05
-9.4213e-05
-8.99574e-05
-8.57656e-05
-8.16448e-05
-7.76017e-05
-7.36427e-05
-6.97738e-05
-6.60007e-05
-6.23284e-05
-5.87617e-05
-5.53045e-05
-5.19606e-05
-4.87329e-05
-4.56239e-05
-4.26357e-05
-3.97697e-05
-3.70266e-05
-3.4407e-05
-3.19105e-05
-2.95366e-05
-2.72842e-05
-2.51516e-05
-2.3137e-05
-2.12381e-05
-1.9452e-05
-1.7776e-05
-1.62068e-05
-1.47409e-05
-1.33746e-05
-1.21042e-05
-1.09255e-05
-9.83532e-06
-8.8271e-06
-0.000151823
-0.000147153
-0.000142457
-0.000137744
-0.000133021
-0.000128297
-0.00012358
-0.000118879
-0.000114202
-0.000109559
-0.000104956
-0.000100403
-9.59078e-05
-9.14777e-05
-8.71206e-05
-8.28434e-05
-7.86532e-05
-7.45561e-05
-7.05584e-05
-6.66653e-05
-6.2882e-05
-5.92128e-05
-5.56616e-05
-5.22319e-05
-4.89264e-05
-4.57472e-05
-4.26961e-05
-3.97742e-05
-3.69818e-05
-3.4319e-05
-3.17852e-05
-2.93795e-05
-2.71003e-05
-2.49457e-05
-2.29132e-05
-2.10004e-05
-1.9204e-05
-1.75208e-05
-1.59473e-05
-1.44796e-05
-1.31137e-05
-1.18457e-05
-1.06711e-05
-9.58623e-06
-8.58452e-06
-0.000156116
-0.00015118
-0.000146225
-0.000141257
-0.000136287
-0.000131322
-0.000126372
-0.000121446
-0.000116552
-0.0001117
-0.000106897
-0.000102153
-9.74763e-05
-9.2874e-05
-8.83538e-05
-8.39232e-05
-7.9589e-05
-7.53574e-05
-7.12344e-05
-6.72253e-05
-6.3335e-05
-5.95676e-05
-5.59268e-05
-5.24158e-05
-4.90369e-05
-4.57921e-05
-4.26826e-05
-3.97091e-05
-3.68717e-05
-3.41701e-05
-3.16033e-05
-2.91698e-05
-2.68678e-05
-2.46948e-05
-2.26482e-05
-2.07249e-05
-1.89215e-05
-1.72342e-05
-1.56593e-05
-1.41925e-05
-1.28297e-05
-1.15664e-05
-1.0398e-05
-9.32049e-06
-0.000160288
-0.000155083
-0.000149864
-0.000144641
-0.000139421
-0.000134214
-0.00012903
-0.000123878
-0.000118768
-0.000113707
-0.000108706
-0.000103773
-9.89166e-05
-9.41443e-05
-8.94641e-05
-8.48832e-05
-8.04085e-05
-7.60461e-05
-7.18018e-05
-6.76808e-05
-6.36878e-05
-5.98267e-05
-5.61008e-05
-5.25131e-05
-4.90655e-05
-4.57596e-05
-4.25963e-05
-3.95758e-05
-3.6698e-05
-3.3962e-05
-3.13663e-05
-2.89091e-05
-2.65882e-05
-2.44007e-05
-2.23435e-05
-2.04131e-05
-1.86059e-05
-1.69176e-05
-1.53441e-05
-1.3881e-05
-1.25236e-05
-1.12674e-05
-1.01073e-05
-9.03918e-06
-0.000164333
-0.000158856
-0.000153372
-0.000147889
-0.000142418
-0.000136969
-0.000131551
-0.000126173
-0.000120846
-0.000115579
-0.000110381
-0.000105261
-0.000100227
-9.52876e-05
-9.04504e-05
-8.57227e-05
-8.11112e-05
-7.66219e-05
-7.22606e-05
-6.80322e-05
-6.39411e-05
-5.99909e-05
-5.61847e-05
-5.2525e-05
-4.90134e-05
-4.56512e-05
-4.24388e-05
-3.9376e-05
-3.64622e-05
-3.3696e-05
-3.10758e-05
-2.8599e-05
-2.62631e-05
-2.40648e-05
-2.20006e-05
-2.00667e-05
-1.82587e-05
-1.65725e-05
-1.50032e-05
-1.35463e-05
-1.21969e-05
-1.09499e-05
-9.8003e-06
-8.74334e-06
-0.000168246
-0.000162493
-0.000156741
-0.000150998
-0.000145275
-0.000139582
-0.00013393
-0.000128327
-0.000122785
-0.000117313
-0.000111919
-0.000106614
-0.000101406
-9.63026e-05
-9.1312e-05
-8.64413e-05
-8.1697e-05
-7.70853e-05
-7.26114e-05
-6.82802e-05
-6.40956e-05
-6.00612e-05
-5.61796e-05
-5.24528e-05
-4.88822e-05
-4.54684e-05
-4.22117e-05
-3.91112e-05
-3.6166e-05
-3.33742e-05
-3.07335e-05
-2.82413e-05
-2.58944e-05
-2.3689e-05
-2.16213e-05
-1.9687e-05
-1.78816e-05
-1.62002e-05
-1.4638e-05
-1.31899e-05
-1.18506e-05
-1.06151e-05
-9.47795e-06
-8.43408e-06
-0.00017202
-0.00016599
-0.000159968
-0.000153964
-0.000147988
-0.000142051
-0.000136164
-0.000130338
-0.000124582
-0.000118906
-0.00011332
-0.000107832
-0.000102453
-9.71889e-05
-9.20486e-05
-8.70389e-05
-8.21663e-05
-7.74366e-05
-7.28549e-05
-6.84256e-05
-6.41527e-05
-6.0039e-05
-5.60869e-05
-5.22981e-05
-4.86734e-05
-4.52131e-05
-4.19168e-05
-3.87834e-05
-3.58113e-05
-3.29982e-05
-3.03415e-05
-2.78379e-05
-2.54837e-05
-2.3275e-05
-2.12073e-05
-1.92759e-05
-1.7476e-05
-1.58024e-05
-1.42499e-05
-1.2813e-05
-1.14863e-05
-1.02643e-05
-9.14141e-06
-8.11241e-06
-0.000175651
-0.000169341
-0.000163048
-0.000156781
-0.000150552
-0.000144372
-0.000138252
-0.000132203
-0.000126234
-0.000120357
-0.00011458
-0.000108914
-0.000103367
-9.79461e-05
-9.26603e-05
-8.7516e-05
-8.25196e-05
-7.76766e-05
-7.2992e-05
-6.84699e-05
-6.41136e-05
-5.99258e-05
-5.59085e-05
-5.20627e-05
-4.8389e-05
-4.48871e-05
-4.15561e-05
-3.83945e-05
-3.54001e-05
-3.25702e-05
-2.99016e-05
-2.73905e-05
-2.5033e-05
-2.28245e-05
-2.07602e-05
-1.8835e-05
-1.70436e-05
-1.53806e-05
-1.38403e-05
-1.2417e-05
-1.1105e-05
-9.89853e-06
-8.79181e-06
-7.77937e-06
)
;

boundaryField
{
    down
    {
        type            symmetryPlane;
    }
    right
    {
        type            fixedValue;
        value           nonuniform List<scalar> 0();
    }
    up
    {
        type            symmetryPlane;
    }
    left
    {
        type            zeroGradient;
    }
    cylinder
    {
        type            zeroGradient;
    }
    frontAndBack
    {
        type            empty;
    }
    procBoundary2to1
    {
        type            processor;
        value           nonuniform List<scalar> 
74
(
-0.000374662
-0.000392343
-0.000410689
-0.000429726
-0.000449485
-0.000469995
-0.000491288
-0.000513395
-0.000536353
-0.000560194
-0.000584957
-0.000610678
-0.000637397
-0.000665153
-0.000693988
-0.000723944
-0.000755066
-0.000787394
-0.000820963
0.000101457
0.000101028
0.000100193
9.8972e-05
9.73811e-05
9.54354e-05
9.31475e-05
9.05285e-05
8.75876e-05
8.43329e-05
8.07712e-05
7.69084e-05
7.27491e-05
6.82976e-05
6.35571e-05
5.85302e-05
5.32191e-05
4.76253e-05
4.175e-05
3.55941e-05
2.91579e-05
2.24417e-05
1.54453e-05
8.16864e-06
6.11149e-07
-7.22768e-06
-1.53485e-05
-2.37521e-05
-3.24391e-05
-4.14104e-05
-5.06668e-05
-6.02089e-05
-7.00375e-05
-8.01531e-05
-9.05561e-05
-0.000101247
-0.000112226
-0.000123493
-0.000135047
-0.000146889
-0.000159018
-0.000171433
-0.000184133
-0.000197116
-0.000210381
-0.000223926
-0.000237749
-0.000251847
-0.000266217
-0.000280857
-0.000295763
-0.000310932
-0.000326359
-0.00034204
-0.00035797
)
;
    }
    procBoundary2to3
    {
        type            processor;
        value           nonuniform List<scalar> 
76
(
-6.51977e-06
-6.16042e-06
-5.78467e-06
-5.39275e-06
-4.98498e-06
-4.56169e-06
-4.12326e-06
-3.6701e-06
-3.20266e-06
-2.72145e-06
-2.22703e-06
-1.71999e-06
-1.20099e-06
-6.70713e-07
-1.29912e-07
4.20669e-07
9.80362e-07
1.54812e-06
2.12285e-06
2.70343e-06
-1.08126e-06
-1.13212e-06
-1.23046e-06
-1.37255e-06
-1.55457e-06
-1.77259e-06
-2.02264e-06
-2.30074e-06
-2.60296e-06
-2.92542e-06
-3.26436e-06
-3.6161e-06
-3.97714e-06
-4.34409e-06
-4.71375e-06
-5.08309e-06
-5.44926e-06
-5.8096e-06
-6.16163e-06
-6.50309e-06
-6.83187e-06
-7.1461e-06
-7.44408e-06
-7.7243e-06
-7.98543e-06
-8.22633e-06
-8.44602e-06
-8.64371e-06
-8.81875e-06
-8.97066e-06
-9.09908e-06
-9.20382e-06
-9.28481e-06
-9.34209e-06
-9.37582e-06
-9.38627e-06
-9.37381e-06
-9.33889e-06
-9.28204e-06
-9.20386e-06
-9.10503e-06
-8.98626e-06
-8.84833e-06
-8.69206e-06
-8.51831e-06
-8.32791e-06
-8.12173e-06
-7.90074e-06
-7.66601e-06
-8.32752e-06
-8.32752e-06
-8.05674e-06
-7.77315e-06
-7.47782e-06
-7.1715e-06
-6.85539e-06
)
;
    }
    procBoundary2to6
    {
        type            processor;
        value           nonuniform List<scalar> 
71
(
-0.000209002
-0.000195414
-0.000182315
-0.000169713
-0.00015762
-0.000146045
-0.000134995
-0.000124472
-0.000114475
-0.000105004
-9.60542e-05
-8.76181e-05
-7.96875e-05
-7.22517e-05
-6.52984e-05
-5.88135e-05
-5.27817e-05
-4.71866e-05
-4.20106e-05
-3.72356e-05
-3.28428e-05
-2.8813e-05
-2.5127e-05
-2.17653e-05
-1.87088e-05
-1.59384e-05
-1.34356e-05
-1.11821e-05
-9.16043e-06
-7.35351e-06
-5.74509e-06
-4.31956e-06
-3.06211e-06
-1.95864e-06
-9.95857e-07
-1.61257e-07
5.5695e-07
1.1698e-06
1.68761e-06
2.11995e-06
2.47582e-06
2.76325e-06
2.99051e-06
3.16289e-06
-0.000827739
-0.000799217
-0.00077037
-0.000741325
-0.000712225
-0.000683193
-0.000654334
-0.000625749
-0.00059753
-0.000569762
-0.000542522
-0.000515877
-0.000489884
-0.000464595
-0.000464595
-0.000447634
-0.000422651
-0.000398569
-0.000375403
-0.000353172
-0.000331882
-0.000311533
-0.00029212
-0.000273633
-0.00025606
-0.000239382
-0.000223579
)
;
    }
}


// ************************************************************************* //
