/*--------------------------------*- C++ -*----------------------------------*\
| =========                 |                                                 |
| \\      /  F ield         | OpenFOAM: The Open Source CFD Toolbox           |
|  \\    /   O peration     | Version:  2412                                  |
|   \\  /    A nd           | Website:  www.openfoam.com                      |
|    \\/     M anipulation  |                                                 |
\*---------------------------------------------------------------------------*/
FoamFile
{
    version     2.0;
    format      ascii;
    arch        "LSB;label=32;scalar=64";
    class       volScalarField;
    location    "14";
    object      p;
}
// * * * * * * * * * * * * * * * * * * * * * * * * * * * * * * * * * * * * * //

dimensions      [0 2 -2 0 0 0 0];

internalField   nonuniform List<scalar> 
5285
(
-0.000751071
-0.000693927
-0.000715732
-0.000726934
-0.000736731
-0.000744275
-0.000748557
-0.00074972
-0.000748063
-0.000743782
-0.000737059
-0.000728094
-0.000717097
-0.00070428
-0.000689851
-0.000674017
-0.000656981
-0.000638937
-0.000620071
-0.000600559
-0.000580569
-0.000560254
-0.000539756
-0.000519204
-0.000641065
-0.000662019
-0.000673556
-0.000683736
-0.00069181
-0.000696889
-0.000699095
-0.000698687
-0.000695836
-0.000690701
-0.000683459
-0.000674295
-0.000663396
-0.00065095
-0.000637143
-0.000622155
-0.000606164
-0.000589339
-0.000571843
-0.000553827
-0.000535435
-0.000516798
-0.00049804
-0.000592076
-0.000612218
-0.000623996
-0.000634465
-0.000642963
-0.000648705
-0.000651801
-0.000652473
-0.000650871
-0.000647132
-0.000641413
-0.000633878
-0.000624693
-0.000614026
-0.000602042
-0.000588907
-0.00057478
-0.000559815
-0.00054416
-0.000527955
-0.000511333
-0.000494417
-0.00047732
-0.000546599
-0.000565967
-0.000577913
-0.000588593
-0.000597422
-0.000603718
-0.000607571
-0.000609176
-0.000608662
-0.00060615
-0.000601778
-0.000595691
-0.000588037
-0.000578965
-0.000568625
-0.000557164
-0.000544728
-0.000531456
-0.000517484
-0.000502941
-0.000487947
-0.000472619
-0.000457062
-0.00050431
-0.000522942
-0.000534995
-0.000545821
-0.000554908
-0.00056166
-0.000566157
-0.000568567
-0.000569002
-0.000567569
-0.000564388
-0.000559588
-0.000553301
-0.00054566
-0.0005368
-0.000526853
-0.000515951
-0.000504221
-0.000491787
-0.000478766
-0.000465271
-0.000451409
-0.000437278
-0.000464918
-0.000482855
-0.000494961
-0.000505878
-0.00051516
-0.000522288
-0.000527331
-0.000530435
-0.000531697
-0.000531211
-0.000529083
-0.000525428
-0.000520362
-0.000514006
-0.000506479
-0.000497902
-0.000488392
-0.000478066
-0.000467037
-0.000455412
-0.000443296
-0.000430787
-0.000417977
-0.000428166
-0.000445443
-0.00045756
-0.000468524
-0.000477946
-0.000485381
-0.000490886
-0.000494587
-0.000496569
-0.000496915
-0.00049572
-0.000493083
-0.000489109
-0.000483906
-0.00047758
-0.000470241
-0.000461996
-0.000452949
-0.000443204
-0.00043286
-0.000422013
-0.000410753
-0.000399166
-0.000393822
-0.00041047
-0.000422567
-0.000433542
-0.000443061
-0.000450742
-0.000456635
-0.00046085
-0.000463459
-0.000464537
-0.000464165
-0.000462434
-0.000459437
-0.000455268
-0.000450026
-0.000443808
-0.00043671
-0.000428829
-0.000420259
-0.000411089
-0.000401409
-0.000391301
-0.000380847
-0.000361685
-0.000377736
-0.000389784
-0.000400739
-0.000410317
-0.000418193
-0.000424413
-0.000429067
-0.000432222
-0.000433941
-0.000434298
-0.000433373
-0.000431248
-0.00042801
-0.000423744
-0.00041854
-0.000412485
-0.000405666
-0.000398169
-0.000390076
-0.00038147
-0.000372427
-0.000363021
-0.00033157
-0.000347056
-0.00035903
-0.000369939
-0.000379545
-0.000387574
-0.000394064
-0.000399095
-0.000402723
-0.000405005
-0.000406007
-0.000405798
-0.000404454
-0.00040205
-0.000398666
-0.00039438
-0.000389271
-0.00038342
-0.000376905
-0.0003698
-0.000362182
-0.000354121
-0.000345686
-0.000303313
-0.000318263
-0.000330144
-0.000340987
-0.000350593
-0.000358737
-0.00036545
-0.000370801
-0.00037484
-0.000377616
-0.000379187
-0.000379616
-0.00037897
-0.000377316
-0.000374726
-0.000371271
-0.000367023
-0.000362054
-0.000356436
-0.000350238
-0.000343529
-0.000336374
-0.000328838
-0.000276765
-0.000291207
-0.000302979
-0.000313738
-0.000323323
-0.000331549
-0.000338445
-0.000344068
-0.000348461
-0.00035167
-0.000353744
-0.00035474
-0.000354717
-0.000353737
-0.000351863
-0.000349161
-0.000345695
-0.000341531
-0.000336733
-0.000331367
-0.000325494
-0.000319176
-0.000312472
-0.000251793
-0.000265753
-0.000277403
-0.000288064
-0.000297609
-0.00030589
-0.000312933
-0.000318785
-0.000323484
-0.00032707
-0.000329588
-0.000331088
-0.000331623
-0.000331249
-0.000330021
-0.000328001
-0.000325245
-0.000321814
-0.000317768
-0.000313164
-0.000308062
-0.000302516
-0.000296582
-0.000228275
-0.000241778
-0.000253295
-0.000263848
-0.000273336
-0.00028165
-0.000288808
-0.000294852
-0.000299814
-0.00030373
-0.000306639
-0.000308587
-0.000309621
-0.00030979
-0.000309146
-0.000307742
-0.000305633
-0.000302871
-0.000299512
-0.000295608
-0.000291214
-0.000286381
-0.00028116
-0.000206101
-0.000219171
-0.000230548
-0.000240982
-0.000250402
-0.000258727
-0.000265974
-0.000272177
-0.000277365
-0.000281567
-0.000284821
-0.000287167
-0.000288646
-0.000289303
-0.000289186
-0.000288341
-0.000286819
-0.000284667
-0.000281937
-0.000278676
-0.000274934
-0.000270759
-0.000266198
-0.000185171
-0.000197832
-0.000209062
-0.00021937
-0.000228711
-0.00023703
-0.000244343
-0.000250677
-0.000256055
-0.000260507
-0.000264065
-0.000266763
-0.00026864
-0.000269736
-0.000270094
-0.000269756
-0.000268767
-0.000267172
-0.000265017
-0.000262346
-0.000259205
-0.000255637
-0.000251687
-0.000165398
-0.000177671
-0.000188748
-0.000198924
-0.000208176
-0.000216476
-0.000223834
-0.000230273
-0.000235814
-0.000240481
-0.000244305
-0.000247316
-0.000249548
-0.000251038
-0.000251824
-0.000251945
-0.000251442
-0.000250355
-0.000248727
-0.000246598
-0.000244009
-0.000241003
-0.000237618
-0.000146707
-0.000158611
-0.000169525
-0.000179562
-0.000188719
-0.000196986
-0.000204372
-0.000210894
-0.000216571
-0.000221425
-0.000225482
-0.00022877
-0.000231319
-0.000233163
-0.000234335
-0.000234872
-0.000234811
-0.000234187
-0.000233041
-0.000231409
-0.00022933
-0.000226841
-0.00022398
-0.000539174
-0.00057904
-0.00049489
-0.000532436
-0.00056893
-0.000604306
-0.000638613
-0.000671251
-0.000700828
-0.000453744
-0.000489176
-0.000523588
-0.000556918
-0.000589197
-0.000619883
-0.000647804
-0.000415457
-0.000448957
-0.000481465
-0.000512923
-0.000543353
-0.000572265
-0.000598673
-0.000379784
-0.000411511
-0.000442273
-0.000472016
-0.000500756
-0.000528049
-0.000553068
-0.000346494
-0.000376592
-0.000405752
-0.000433922
-0.000461113
-0.000486926
-0.000510666
-0.000315377
-0.000343976
-0.000371662
-0.000398387
-0.000424155
-0.000448612
-0.000471172
-0.00028625
-0.000313466
-0.000339792
-0.000365185
-0.000389644
-0.000412854
-0.000434324
-0.000258949
-0.000284884
-0.000309954
-0.000334117
-0.000357367
-0.000379429
-0.00039989
-0.000233325
-0.000258073
-0.00028198
-0.000305004
-0.000327138
-0.00034814
-0.000367663
-0.000209243
-0.00023289
-0.000255717
-0.000277685
-0.000298785
-0.000318807
-0.00033746
-0.00018658
-0.000209204
-0.000231028
-0.000252016
-0.000272157
-0.00029127
-0.000309113
-0.000165225
-0.0001869
-0.000207792
-0.000227868
-0.000247117
-0.000265387
-0.000282475
-0.000145089
-0.000165876
-0.000185897
-0.000205123
-0.000223542
-0.000241026
-0.000257411
-0.000126082
-0.000146035
-0.000165242
-0.000183674
-0.000201319
-0.000218071
-0.000233798
-0.000108118
-0.000127291
-0.000145735
-0.000163426
-0.000180347
-0.000196416
-0.000211527
-9.11217e-05
-0.000109563
-0.000127294
-0.000144289
-0.000160533
-0.000175963
-0.000190498
-7.50251e-05
-9.278e-05
-0.000109841
-0.000126184
-0.000141794
-0.000156624
-0.000170619
-5.97672e-05
-7.68745e-05
-9.3304e-05
-0.000109034
-0.000124051
-0.000138323
-0.000151814
-4.5294e-05
-6.17998e-05
-7.7641e-05
-9.27981e-05
-0.000107257
-0.000121002
-0.000134011
-0.000456557
-0.000498319
-0.00020848
-0.000255216
-0.000295198
-0.000335757
-0.000376714
-0.000416991
-0.000456382
-0.000182945
-0.000226897
-0.000264865
-0.000303323
-0.000342073
-0.000380153
-0.00041738
-0.000158912
-0.000200336
-0.000236468
-0.000273003
-0.000309734
-0.000345806
-0.00038105
-0.000136283
-0.000175409
-0.00020986
-0.000244632
-0.000279511
-0.000313741
-0.000347171
-0.000114963
-0.000151995
-0.000184903
-0.000218053
-0.000251231
-0.000283769
-0.000315531
-9.48611e-05
-0.000129978
-0.000161466
-0.00019312
-0.000224731
-0.00025571
-0.000285934
-7.58926e-05
-0.000109256
-0.000139432
-0.000169704
-0.000199868
-0.000229407
-0.000258211
-5.79809e-05
-8.97339e-05
-0.000118696
-0.000147686
-0.000176511
-0.000204719
-0.000232208
-4.1055e-05
-7.13262e-05
-9.916e-05
-0.00012696
-0.000154544
-0.000181518
-0.000207789
-2.50491e-05
-5.39539e-05
-8.07373e-05
-0.000107429
-0.000133859
-0.000159684
-0.000184827
-9.90255e-06
-3.75448e-05
-6.33478e-05
-8.90044e-05
-0.000114356
-0.000139107
-0.000163201
4.44068e-06
-2.20328e-05
-4.69188e-05
-7.16074e-05
-9.59577e-05
-0.000119728
-0.000142816
1.80325e-05
-7.35706e-06
-3.13834e-05
-5.51653e-05
-7.85739e-05
-0.000101403
-0.000123582
3.09207e-05
6.53817e-06
-1.66808e-05
-3.96122e-05
-6.21418e-05
-8.40988e-05
-0.000105423
4.31495e-05
1.97042e-05
-2.75466e-06
-2.4887e-05
-4.65962e-05
-6.77351e-05
-8.82536e-05
5.47598e-05
3.2188e-05
1.04469e-05
-1.09328e-05
-3.18687e-05
-5.22392e-05
-7.20018e-05
6.57901e-05
4.40298e-05
2.29631e-05
2.2968e-06
-1.79042e-05
-3.75536e-05
-5.66054e-05
7.62745e-05
5.52782e-05
3.48535e-05
1.48585e-05
-4.65759e-06
-2.36273e-05
-4.20081e-05
8.62546e-05
6.59832e-05
4.61762e-05
2.6816e-05
7.94262e-06
-1.03923e-05
-2.81486e-05
0.00100678
0.000997276
0.000986723
0.000975048
0.000962178
0.000948039
0.000932557
0.000915654
0.000897253
0.000877278
0.000855653
0.000832303
0.000807159
0.000780152
0.000751223
0.000720317
0.00068739
0.000652405
0.000615341
0.000576189
0.000534958
0.000491674
0.000446382
0.000399151
0.000350074
0.000299266
0.000246873
0.000193064
0.000138038
8.20201e-05
2.52574e-05
-3.20191e-05
-8.92148e-05
-0.000145398
0.000984386
0.000974478
0.000963546
0.000951528
0.000938356
0.000923965
0.000908285
0.000891248
0.000872785
0.000852829
0.000831313
0.000808174
0.00078335
0.000756786
0.000728432
0.000698244
0.000666188
0.000632239
0.000596385
0.000558626
0.000518978
0.000477473
0.000434162
0.000389116
0.000342426
0.000294207
0.000244596
0.000193754
0.000141866
8.91413e-05
3.58056e-05
-1.79304e-05
-7.1527e-05
-0.000124139
0.000962876
0.000952616
0.000941364
0.000929062
0.000915649
0.000901064
0.000885246
0.000868134
0.000849667
0.000829785
0.000808431
0.000785549
0.000761088
0.000735002
0.00070725
0.000677799
0.000646622
0.000613703
0.000579039
0.000542637
0.000504519
0.000464721
0.000423298
0.000380321
0.00033588
0.000290087
0.000243072
0.000194987
0.000146004
9.63161e-05
4.61306e-05
-4.36014e-06
-5.46675e-05
-0.000104027
0.000942224
0.000931664
0.000920144
0.000907611
0.00089401
0.000879286
0.000863383
0.000846248
0.000827827
0.000808067
0.000786918
0.000764334
0.000740271
0.000714691
0.000687561
0.000658857
0.000628559
0.000596659
0.000563161
0.000528076
0.000491431
0.000453268
0.000413641
0.000372622
0.000330299
0.00028678
0.000242188
0.000196666
0.000150373
0.000103488
5.62024e-05
8.69044e-06
-3.86056e-05
-8.49964e-05
0.000922406
0.000911594
0.000899854
0.000887139
0.000873398
0.000858582
0.000842642
0.00082553
0.000807197
0.0007876
0.000766694
0.00074444
0.000720802
0.000695749
0.000669255
0.000641302
0.000611878
0.000580982
0.000548619
0.00051481
0.000479583
0.000442981
0.00040506
0.000365893
0.000325564
0.000284176
0.000241846
0.000198707
0.000154908
0.000110615
6.60005e-05
2.12265e-05
-2.33081e-05
-6.69835e-05
0.000903399
0.000892377
0.000880461
0.000867607
0.00085377
0.000838906
0.00082297
0.00080592
0.000787715
0.000768315
0.000747683
0.000725786
0.000702594
0.000678082
0.000652232
0.00062503
0.000596471
0.000566557
0.0005353
0.000502722
0.000468855
0.000433744
0.000397445
0.000360027
0.000321575
0.000282184
0.000241966
0.000201046
0.000159561
0.000117664
7.55152e-05
3.32618e-05
-8.73647e-06
-4.99236e-05
0.000885178
0.000873986
0.000861934
0.000848981
0.000835086
0.000820211
0.000804316
0.000787364
0.000769318
0.000750144
0.000729812
0.000708293
0.000685564
0.000661604
0.0006364
0.000609945
0.000582237
0.000553283
0.000523099
0.000491707
0.000459144
0.000425454
0.000390693
0.000354929
0.000318242
0.000280724
0.000242479
0.000203625
0.000164289
0.000124612
8.4741e-05
4.48113e-05
5.14637e-06
-3.37567e-05
0.000867717
0.000856392
0.000844239
0.000831222
0.000817305
0.000802453
0.000786631
0.000769806
0.000751947
0.000733025
0.000713013
0.000691889
0.000669633
0.000646231
0.000621673
0.000595956
0.000569083
0.000541064
0.000511917
0.000481668
0.000450353
0.000418016
0.000384714
0.000350512
0.000315486
0.000279724
0.000243325
0.000206396
0.000169058
0.000131439
9.36747e-05
5.589e-05
1.8375e-05
-1.84275e-05
0.000850991
0.000839564
0.000827343
0.000814294
0.000800386
0.000785586
0.000769865
0.000753194
0.000735545
0.000716894
0.000697219
0.000676502
0.000654727
0.000631885
0.000607969
0.00058298
0.000556924
0.000529813
0.000501667
0.000472516
0.000442394
0.000411346
0.000379427
0.0003467
0.000313238
0.000279124
0.00024445
0.000209317
0.000173837
0.000138128
0.000102316
6.65137e-05
3.09827e-05
-3.88473e-06
0.000834973
0.000823474
0.000811214
0.000798162
0.000784289
0.000769568
0.000753972
0.000737476
0.000720057
0.000701694
0.00068237
0.000662068
0.000640779
0.000618495
0.000595214
0.000570939
0.000545679
0.000519449
0.00049227
0.000464171
0.000435188
0.000405367
0.000374759
0.000343425
0.000311435
0.000278867
0.000245808
0.000212352
0.000178602
0.000144668
0.000110665
7.6699e-05
4.30015e-05
9.91973e-06
0.000819637
0.000808093
0.000795819
0.000782789
0.000768976
0.000754357
0.000738907
0.000722605
0.000705432
0.00068737
0.000668405
0.000648525
0.000627722
0.000605993
0.000583338
0.000559763
0.000535277
0.000509899
0.00048365
0.000456561
0.000428667
0.000400011
0.000370645
0.000340627
0.000310023
0.000278907
0.00024736
0.000215471
0.000183334
0.000151051
0.000118728
8.64626e-05
5.44619e-05
2.30307e-05
0.000804956
0.000793392
0.000781129
0.000768142
0.000754411
0.000739912
0.000724626
0.000708534
0.00069162
0.000673869
0.00065527
0.000635815
0.000615498
0.000594317
0.000572277
0.000549384
0.000525652
0.000501096
0.000475743
0.00044962
0.000422764
0.000395216
0.000367028
0.000338253
0.000308954
0.000279202
0.000249072
0.000218647
0.000188014
0.000157269
0.000126507
9.5821e-05
6.5393e-05
3.54898e-05
0.000790907
0.000779343
0.00076711
0.000754188
0.000740556
0.000726195
0.000711087
0.000695218
0.000678574
0.000661141
0.000642913
0.000623883
0.000604048
0.000583409
0.000561972
0.000539744
0.00051674
0.00049298
0.000468486
0.000443288
0.000417422
0.000390928
0.000363854
0.000336254
0.000308186
0.000279715
0.000250914
0.000221859
0.000192631
0.000163318
0.00013401
0.000104791
7.58224e-05
4.73361e-05
0.000777462
0.000765918
0.000753735
0.000740893
0.000727377
0.000713168
0.000698252
0.000682616
0.000666249
0.000649141
0.000631285
0.000612679
0.000593321
0.000573215
0.000552366
0.000530785
0.000508488
0.000485493
0.000461824
0.000437511
0.000412589
0.000387096
0.000361079
0.000334589
0.00030768
0.000280415
0.00025286
0.000225088
0.000197173
0.000169197
0.000141242
0.000113388
8.57764e-05
5.86057e-05
0.000764597
0.00075309
0.000740973
0.000728228
0.00071484
0.000700796
0.000686082
0.000670688
0.000654603
0.000637823
0.000620341
0.000602156
0.000583269
0.000563684
0.00054341
0.000522457
0.000500842
0.000478584
0.000455707
0.00043224
0.000408217
0.000383676
0.000358661
0.000333219
0.000307403
0.000281272
0.000254888
0.000228318
0.000201632
0.000174904
0.000148212
0.00012163
9.52796e-05
6.93323e-05
0.000752289
0.000740834
0.000728797
0.000716161
0.000702914
0.000689045
0.000674541
0.000659394
0.000643598
0.000627146
0.000610036
0.000592268
0.000573844
0.00055477
0.000535055
0.000514712
0.000493755
0.000472206
0.000450089
0.000427431
0.000404265
0.000380628
0.000356561
0.000332111
0.000307327
0.000282264
0.000256979
0.000231536
0.000206
0.00018044
0.000154927
0.00012953
0.000104355
7.95472e-05
0.000740514
0.000729124
0.000717179
0.000704664
0.000691568
0.000677882
0.000663595
0.000648701
0.000633194
0.000617071
0.000600331
0.000582974
0.000565005
0.00054643
0.000527259
0.000507505
0.000487184
0.000466317
0.000444927
0.000423041
0.000400692
0.000377914
0.000354748
0.000331235
0.000307425
0.000283367
0.000259117
0.000234732
0.000210274
0.000185806
0.000161394
0.000137104
0.000113026
8.928e-05
0.000729248
0.000717936
0.000706093
0.000693709
0.000680773
0.000667276
0.000653211
0.000638573
0.000623357
0.000607562
0.000591188
0.000574236
0.000556712
0.000538623
0.00051998
0.000500797
0.000481089
0.000460877
0.000440183
0.000419036
0.000397465
0.000375503
0.00035319
0.000330565
0.000307674
0.000284564
0.000261287
0.000237896
0.000214448
0.000191004
0.000167623
0.000144366
0.000121312
9.85583e-05
0.00071847
0.000707246
0.000695515
0.000683269
0.000670499
0.000657198
0.000643359
0.000628979
0.000614054
0.000598584
0.000582571
0.000566017
0.000548928
0.000531313
0.000513182
0.00049455
0.000475432
0.000455849
0.000435823
0.000415381
0.00039455
0.000373365
0.000351861
0.000330077
0.000308054
0.000285838
0.000263477
0.00024102
0.000218522
0.000196036
0.00017362
0.00015133
0.000129231
0.000107406
0.000708369
0.000697239
0.000685627
0.000673523
0.000660921
0.000647815
0.0006342
0.000620073
0.000605432
0.000590278
0.000574613
0.000558441
0.000541769
0.000524604
0.00050696
0.000488848
0.000470287
0.000451296
0.000431895
0.000412112
0.000391974
0.000371511
0.000350759
0.000329754
0.000308535
0.000287146
0.00026563
0.000244035
0.00022241
0.000200807
0.000179276
0.000157872
0.000136647
0.000115663
0.000698795
0.000687767
0.000676277
0.00066432
0.000651889
0.000638979
0.000625586
0.000611709
0.000597348
0.000582502
0.000567176
0.000551374
0.000535103
0.000518372
0.000501193
0.00048358
0.000465549
0.00044712
0.000428313
0.000409154
0.000389668
0.000369887
0.000349842
0.000329568
0.000309103
0.000288487
0.000267762
0.000246971
0.000226161
0.000205379
0.000184673
0.000164093
0.000143689
0.000123511
0.000689443
0.000678524
0.000667165
0.000655362
0.000643108
0.000630399
0.000617235
0.000603612
0.000589532
0.000574997
0.00056001
0.000544577
0.000528705
0.000512403
0.000495685
0.000478562
0.000461052
0.000443173
0.000424946
0.000406395
0.000387545
0.000368425
0.000349066
0.000329501
0.000309764
0.000289894
0.00026993
0.000249914
0.000229887
0.000209894
0.000189981
0.000170193
0.000150576
0.000131178
0.000680314
0.000669512
0.000658292
0.000646648
0.000634577
0.000622076
0.000609143
0.000595779
0.000581983
0.000567759
0.000553111
0.000538045
0.000522569
0.000506692
0.000490427
0.000473787
0.000456787
0.000439447
0.000421787
0.000403828
0.000385596
0.000367118
0.000348423
0.000329543
0.00031051
0.00029136
0.00027213
0.000252858
0.000233584
0.00021435
0.000195197
0.000176168
0.000157307
0.000138656
0.00067141
0.000660732
0.000649657
0.00063818
0.000626298
0.000614008
0.000601311
0.000588206
0.000574696
0.000560784
0.000546474
0.000531773
0.000516689
0.000501232
0.000485413
0.000469247
0.000452748
0.000435934
0.000418826
0.000401444
0.000383813
0.000365958
0.000347906
0.000329688
0.000311334
0.000292878
0.000274354
0.000255799
0.000237249
0.000218742
0.000200319
0.000182018
0.00016388
0.000145945
0.000662732
0.000652185
0.00064126
0.000629955
0.000618266
0.000606193
0.000593734
0.000580892
0.000567669
0.000554068
0.000540095
0.000525756
0.000511059
0.000496016
0.000480636
0.000464934
0.000448925
0.000432626
0.000416056
0.000399235
0.000382187
0.000364935
0.000347506
0.000329927
0.000312229
0.000294442
0.000276598
0.000258731
0.000240876
0.000223069
0.000205345
0.000187742
0.000170296
0.000153046
0.000664333
0.000654279
0.00064387
0.000633102
0.000621974
0.000610483
0.000598628
0.00058641
0.000573832
0.000560896
0.000547605
0.000533966
0.000519986
0.000505673
0.000491037
0.000476089
0.000460842
0.000445312
0.000429515
0.000413469
0.000397193
0.00038071
0.000364043
0.000347216
0.000330255
0.000313189
0.000296046
0.000278856
0.000261651
0.000244463
0.000227326
0.000210273
0.000193338
0.000176556
0.000159961
0.000655983
0.000646054
0.000635788
0.000625182
0.000614235
0.000602944
0.000591311
0.000579336
0.000567022
0.000554373
0.000541391
0.000528084
0.000514459
0.000500523
0.000486287
0.000471763
0.000456962
0.0004419
0.000426592
0.000411056
0.00039531
0.000379375
0.000363273
0.000347028
0.000330664
0.000314206
0.000297683
0.000281123
0.000264554
0.000248007
0.000231512
0.000215102
0.000198807
0.000182659
0.000166691
0.000647855
0.000638056
0.000627938
0.000617498
0.000606735
0.000595648
0.000584239
0.000572508
0.000560459
0.000548095
0.000535421
0.000522442
0.000509167
0.000495604
0.000481761
0.000467652
0.000453287
0.000438681
0.00042385
0.000408809
0.000393577
0.000378174
0.000362619
0.000346936
0.000331147
0.000315276
0.00029935
0.000283394
0.000267436
0.000251503
0.000235625
0.00021983
0.000204148
0.000188608
0.000173239
0.000639948
0.000630285
0.000620319
0.000610049
0.000599473
0.000588593
0.000577408
0.000565922
0.000554137
0.000542057
0.000529688
0.000517034
0.000504105
0.000490907
0.000477451
0.000463748
0.000449809
0.000435648
0.00042128
0.000406721
0.000391988
0.000377098
0.000362073
0.000346932
0.000331697
0.000316392
0.000301039
0.000285664
0.000270293
0.00025495
0.000239662
0.000224457
0.000209361
0.000194402
0.000179608
0.000632262
0.000622739
0.00061293
0.000602832
0.000592447
0.000581774
0.000570815
0.000559574
0.000548052
0.000536255
0.000524187
0.000511855
0.000499265
0.000486427
0.00047335
0.000460044
0.000446521
0.000432793
0.000418876
0.000404784
0.000390533
0.000376142
0.000361627
0.00034701
0.000332309
0.000317548
0.000302747
0.00028793
0.000273121
0.000258343
0.000243622
0.000228981
0.000214447
0.000200044
0.000185798
0.000624797
0.000615418
0.000605768
0.000595846
0.000585652
0.000575189
0.000564457
0.000553459
0.0005422
0.000530683
0.000518913
0.000506897
0.000494642
0.000482157
0.00046945
0.000456532
0.000443414
0.000430109
0.000416629
0.00040299
0.000389207
0.000375297
0.000361275
0.000347163
0.000332977
0.000318739
0.000304468
0.000290187
0.000275918
0.000261682
0.000247502
0.000233403
0.000219406
0.000205535
0.000191813
0.000617552
0.00060832
0.000598832
0.000589088
0.000579088
0.000568834
0.000558329
0.000547574
0.000536575
0.000525335
0.000513859
0.000502155
0.000490229
0.000478089
0.000465745
0.000453205
0.000440482
0.000427587
0.000414533
0.000401333
0.000388002
0.000374556
0.000361011
0.000347385
0.000333694
0.000319959
0.000306198
0.000292431
0.000278679
0.000264963
0.000251303
0.00023772
0.000224237
0.000210875
0.000197655
0.000610525
0.000601444
0.00059212
0.000582555
0.00057275
0.000562706
0.000552426
0.000541913
0.000531171
0.000520205
0.00050902
0.000497622
0.000486019
0.000474217
0.000462227
0.000450057
0.000437718
0.000425221
0.000412579
0.000399804
0.000386911
0.000373913
0.000360828
0.00034767
0.000334456
0.000321204
0.000307932
0.000294659
0.000281403
0.000268184
0.000255021
0.000241934
0.000228942
0.000216067
0.000203326
0.000603716
0.000594786
0.000585629
0.000576244
0.000566634
0.0005568
0.000546745
0.000536472
0.000525985
0.000515289
0.00050439
0.000493293
0.000482005
0.000470534
0.000458889
0.000447079
0.000435113
0.000423003
0.00041076
0.000398397
0.000385926
0.000373362
0.000360719
0.000348012
0.000335257
0.000322469
0.000309667
0.000296867
0.000284086
0.000271344
0.000258656
0.000246043
0.000233522
0.000221111
0.000208829
0.000597121
0.000588346
0.000579356
0.000570153
0.000560737
0.000551112
0.00054128
0.000531245
0.00052101
0.00051058
0.000499962
0.000489159
0.000478181
0.000467033
0.000455725
0.000444264
0.000432661
0.000420926
0.00040907
0.000397105
0.000385042
0.000372896
0.000360679
0.000348406
0.000336091
0.00032375
0.000311398
0.000299052
0.000286727
0.00027444
0.000262208
0.000250048
0.000237976
0.00022601
0.000214167
0.00059074
0.00058212
0.000573299
0.000564277
0.000555056
0.000545638
0.000536028
0.000526227
0.000516241
0.000506073
0.00049573
0.000485217
0.00047454
0.000463708
0.000452727
0.000441606
0.000430356
0.000418984
0.000407502
0.000395921
0.000384253
0.000372509
0.000360702
0.000348846
0.000336955
0.000325042
0.000313122
0.000301211
0.000289322
0.000277471
0.000265675
0.000253948
0.000242307
0.000230766
0.000219341
0.000584569
0.000576106
0.000567453
0.000558612
0.000549585
0.000540374
0.000530982
0.000521413
0.000511672
0.000501761
0.000491688
0.000481458
0.000471076
0.000460551
0.000449889
0.000439099
0.000428189
0.000417169
0.00040605
0.00039484
0.000383551
0.000372195
0.000360783
0.000349329
0.000337844
0.000326342
0.000314836
0.000303341
0.000291869
0.000280437
0.000269057
0.000257745
0.000246514
0.000235379
0.000224354
0.000578606
0.0005703
0.000561816
0.000553156
0.000544321
0.000535314
0.000526139
0.000516799
0.000507297
0.000497639
0.000487831
0.000477876
0.000467782
0.000457556
0.000447204
0.000436734
0.000426155
0.000415476
0.000404706
0.000393854
0.000382931
0.000371948
0.000360917
0.000349847
0.000338752
0.000327644
0.000316536
0.000305439
0.000294368
0.000283335
0.000272353
0.000261437
0.000250598
0.000239851
0.000229209
0.000572849
0.0005647
0.000556385
0.000547904
0.000539259
0.000530455
0.000521493
0.000512377
0.000503112
0.000493701
0.000484151
0.000474466
0.000464652
0.000454716
0.000444665
0.000434506
0.000424248
0.000413897
0.000403465
0.000392958
0.000382388
0.000371764
0.000361097
0.000350398
0.000339678
0.000328947
0.000318219
0.000307504
0.000296815
0.000286164
0.000275563
0.000265025
0.000254562
0.000244185
0.000233908
0.000567293
0.000559302
0.000551154
0.000542851
0.000534396
0.00052579
0.000517039
0.000508144
0.00049911
0.000489941
0.000480643
0.000471221
0.00046168
0.000452026
0.000442267
0.000432409
0.00042246
0.000412427
0.00040232
0.000392146
0.000381916
0.000371637
0.000361321
0.000350977
0.000340615
0.000330247
0.000319882
0.000309533
0.00029921
0.000288924
0.000278687
0.00026851
0.000258405
0.000248383
0.000238454
0.000561938
0.000554103
0.000546121
0.000537995
0.000529726
0.000521317
0.000512771
0.000504093
0.000495286
0.000486354
0.000477302
0.000468135
0.000458859
0.000449479
0.000440003
0.000430436
0.000420786
0.00041106
0.000401267
0.000391413
0.000381509
0.000371562
0.000361583
0.000351579
0.000341561
0.00033154
0.000321524
0.000311524
0.00030155
0.000291613
0.000281724
0.000271893
0.000262129
0.000252445
0.000242849
0.000556778
0.000549099
0.000541282
0.000533329
0.000525244
0.000517028
0.000508686
0.000500219
0.000491634
0.000482932
0.00047412
0.000465202
0.000456183
0.000447069
0.000437866
0.000428581
0.00041922
0.00040979
0.000400299
0.000390754
0.000381163
0.000371535
0.000361878
0.000352201
0.000342513
0.000332823
0.00032314
0.000313475
0.000303835
0.000294232
0.000284675
0.000275173
0.000265736
0.000256374
0.000247096
0.000551811
0.000544286
0.000536632
0.000528851
0.000520947
0.000512921
0.000504777
0.000496518
0.000488148
0.000479672
0.000471092
0.000462416
0.000453646
0.00044479
0.000435852
0.000426838
0.000417756
0.000408611
0.000399411
0.000390162
0.000380873
0.000371551
0.000362203
0.000352839
0.000343467
0.000334094
0.00032473
0.000315384
0.000306064
0.000296779
0.000287538
0.000278351
0.000269226
0.000260171
0.000251197
0.000547033
0.00053966
0.000532167
0.000524556
0.000516829
0.000508989
0.000501039
0.000492983
0.000484824
0.000476566
0.000468214
0.000459771
0.000451243
0.000442636
0.000433954
0.000425202
0.000416389
0.000407518
0.000398598
0.000389634
0.000380634
0.000371605
0.000362555
0.00035349
0.000344419
0.00033535
0.000326291
0.00031725
0.000308235
0.000299254
0.000290316
0.000281428
0.0002726
0.000263839
0.000255154
0.00054244
0.000535218
0.000527884
0.000520439
0.000512886
0.000505228
0.000497468
0.00048961
0.000481656
0.00047361
0.000465478
0.000457262
0.000448969
0.000440601
0.000432166
0.000423668
0.000415113
0.000406506
0.000397855
0.000389164
0.000380442
0.000371694
0.000362928
0.00035415
0.000345368
0.000336589
0.000327821
0.000319071
0.000310347
0.000301656
0.000293007
0.000284406
0.000275861
0.00026738
0.00025897
0.00053803
0.000530956
0.000523777
0.000516496
0.000509113
0.000501633
0.000494059
0.000486392
0.000478638
0.000470799
0.00046288
0.000454884
0.000446816
0.000438681
0.000430484
0.000422229
0.000413923
0.00040557
0.000397177
0.000388749
0.000380293
0.000371814
0.00036332
0.000354816
0.00034631
0.000337809
0.000329318
0.000320847
0.0003124
0.000303986
0.000295611
0.000287283
0.000279008
0.000270794
0.000262647
0.000533798
0.00052687
0.000519844
0.000512722
0.000505507
0.0004982
0.000490806
0.000483326
0.000475766
0.000468127
0.000460414
0.00045263
0.000444781
0.00043687
0.000428902
0.000420882
0.000412815
0.000404706
0.00039656
0.000388384
0.000380182
0.000371961
0.000363727
0.000355485
0.000347243
0.000339006
0.000330781
0.000322575
0.000314393
0.000306242
0.00029813
0.000290062
0.000282044
0.000274084
0.000266188
0.000529741
0.000522956
0.00051608
0.000509114
0.000502061
0.000494924
0.000487704
0.000480407
0.000473034
0.000465589
0.000458075
0.000450497
0.000442858
0.000435163
0.000427415
0.000419621
0.000411783
0.000403908
0.000396
0.000388064
0.000380106
0.000372132
0.000364146
0.000356155
0.000348164
0.00034018
0.000332208
0.000324254
0.000316325
0.000308425
0.000300562
0.000292742
0.00028497
0.000277252
0.000269594
0.000525856
0.000519211
0.000512481
0.000505667
0.000498772
0.000491799
0.00048475
0.000477629
0.000470437
0.000463179
0.000455858
0.000448478
0.000441042
0.000433554
0.000426019
0.000418441
0.000410824
0.000403172
0.000395492
0.000387787
0.000380062
0.000372323
0.000364574
0.000356822
0.000349072
0.000341328
0.000333597
0.000325884
0.000318195
0.000310535
0.00030291
0.000295325
0.000287786
0.000280299
0.000272868
0.000522138
0.00051563
0.000509042
0.000502377
0.000495636
0.000488823
0.000481939
0.000474988
0.000467972
0.000460895
0.00045376
0.00044657
0.000439329
0.000432041
0.000424709
0.000417338
0.000409932
0.000402495
0.000395032
0.000387547
0.000380045
0.000372531
0.000365009
0.000357485
0.000349963
0.000342449
0.000334948
0.000327464
0.000320004
0.000312571
0.000305172
0.000297811
0.000290494
0.000283226
0.000276011
0.000518584
0.00051221
0.000505761
0.00049924
0.000492649
0.00048599
0.000479265
0.000472479
0.000465633
0.00045873
0.000451773
0.000444767
0.000437713
0.000430617
0.00042348
0.000416308
0.000409105
0.000401873
0.000394618
0.000387343
0.000380054
0.000372754
0.000365448
0.000358141
0.000350837
0.000343541
0.000336258
0.000328993
0.00032175
0.000314534
0.000307349
0.000300202
0.000293096
0.000286036
0.000279026
0.000515192
0.000508947
0.000502633
0.000496252
0.000489805
0.000483296
0.000476726
0.000470098
0.000463415
0.00045668
0.000449896
0.000443065
0.000436192
0.000429278
0.000422329
0.000415347
0.000408337
0.000401301
0.000394245
0.000387171
0.000380084
0.000372989
0.000365888
0.000358788
0.000351691
0.000344603
0.000337528
0.000330469
0.000323433
0.000316422
0.000309442
0.000302497
0.000295591
0.000288729
0.000281915
0.000511957
0.000505839
0.000499655
0.000493409
0.000487103
0.000480738
0.000474316
0.000467842
0.000461316
0.000454742
0.000448123
0.000441461
0.000434759
0.000428022
0.000421252
0.000414452
0.000407626
0.000400777
0.00039391
0.000387027
0.000380133
0.000373232
0.000366327
0.000359423
0.000352524
0.000345633
0.000338755
0.000331893
0.000325053
0.000318237
0.000311451
0.000304698
0.000297982
0.000291308
0.000284678
0.000508877
0.000502881
0.000496824
0.000490709
0.000484537
0.000478311
0.000472033
0.000465705
0.00045933
0.000452911
0.00044645
0.000439949
0.000433413
0.000426843
0.000420244
0.000413617
0.000406967
0.000400297
0.000393609
0.000386909
0.000380199
0.000373482
0.000366763
0.000360046
0.000353333
0.000346629
0.000339938
0.000333264
0.000326609
0.000319978
0.000313376
0.000306805
0.000300269
0.000293773
0.000287319
0.000505949
0.00050007
0.000494135
0.000488146
0.000482104
0.000476012
0.000469872
0.000463685
0.000457455
0.000451184
0.000444874
0.000438528
0.000432148
0.000425739
0.000419302
0.000412841
0.000406358
0.000399857
0.000393341
0.000386814
0.000380278
0.000373737
0.000367194
0.000360653
0.000354118
0.000347592
0.000341078
0.00033458
0.000328101
0.000321646
0.000315217
0.000308818
0.000302453
0.000296125
0.000289837
0.000503169
0.000497404
0.000491587
0.000485719
0.000479802
0.000473838
0.000467829
0.000461778
0.000455686
0.000449556
0.00044339
0.000437192
0.000430963
0.000424706
0.000418424
0.000412119
0.000405796
0.000399456
0.000393102
0.000386739
0.000380368
0.000373993
0.000367618
0.000361244
0.000354877
0.000348518
0.000342172
0.000335841
0.000329529
0.000323239
0.000316975
0.000310739
0.000304535
0.000298366
0.000292235
0.000500536
0.000494881
0.000489176
0.000483424
0.000477627
0.000471786
0.000465903
0.00045998
0.00045402
0.000448025
0.000441997
0.000435938
0.000429852
0.00042374
0.000417605
0.00041145
0.000405277
0.000399089
0.00039289
0.000386682
0.000380467
0.00037425
0.000368032
0.000361817
0.000355608
0.000349408
0.00034322
0.000337047
0.000330892
0.000324758
0.000318649
0.000312567
0.000306515
0.000300497
0.000294514
0.000498047
0.000492496
0.0004869
0.000481259
0.000475576
0.000469852
0.000464089
0.000458289
0.000452455
0.000446588
0.00044069
0.000434765
0.000428814
0.000422839
0.000416843
0.000410829
0.000404799
0.000398756
0.000392702
0.000386641
0.000380574
0.000374505
0.000368436
0.00036237
0.000356311
0.00035026
0.000344221
0.000338197
0.00033219
0.000326204
0.00032024
0.000314303
0.000308394
0.000302517
0.000296675
0.000495699
0.000490249
0.000484756
0.000479221
0.000473646
0.000468034
0.000462385
0.000456702
0.000450987
0.000445241
0.000439468
0.000433668
0.000427845
0.000422
0.000416136
0.000410255
0.00040436
0.000398453
0.000392536
0.000386613
0.000380685
0.000374756
0.000368827
0.000362902
0.000356983
0.000351073
0.000345174
0.00033929
0.000333422
0.000327574
0.000321748
0.000315947
0.000310173
0.000304429
0.000298718
0.000493492
0.000488137
0.000482742
0.000477308
0.000471836
0.000466329
0.000460789
0.000455216
0.000449614
0.000443983
0.000438326
0.000432646
0.000426943
0.000421221
0.000415481
0.000409725
0.000403957
0.000398178
0.000392391
0.000386597
0.0003808
0.000375002
0.000369205
0.000363411
0.000357624
0.000351846
0.000346079
0.000340325
0.000334588
0.00032887
0.000323173
0.000317499
0.000311851
0.000306232
0.000300644
0.000491424
0.000486159
0.000480857
0.000475518
0.000470144
0.000464737
0.000459298
0.00045383
0.000448333
0.000442811
0.000437264
0.000431695
0.000426106
0.000420499
0.000414875
0.000409238
0.000403588
0.000397929
0.000392263
0.000386591
0.000380916
0.00037524
0.000369567
0.000363897
0.000358233
0.000352578
0.000346934
0.000341303
0.000335688
0.00033009
0.000324513
0.000318959
0.000313429
0.000307927
0.000302453
0.000489493
0.000484314
0.000479098
0.000473849
0.000468567
0.000463254
0.000457911
0.00045254
0.000447144
0.000441723
0.000436279
0.000430815
0.000425332
0.000419832
0.000414317
0.00040879
0.000403252
0.000397705
0.000392151
0.000386592
0.000381032
0.000375471
0.000369912
0.000364357
0.000358808
0.000353268
0.000347738
0.000342221
0.00033672
0.000331235
0.00032577
0.000320327
0.000314907
0.000309513
0.000304146
0.000487699
0.000482599
0.000477466
0.000472301
0.000467105
0.000461879
0.000456626
0.000451347
0.000446043
0.000440717
0.000435369
0.000430003
0.000424619
0.000419219
0.000413806
0.000408381
0.000402945
0.000397502
0.000392053
0.000386601
0.000381146
0.000375691
0.000370238
0.00036479
0.000359348
0.000353914
0.000348491
0.00034308
0.000337683
0.000332303
0.000326942
0.000321601
0.000316283
0.00031099
0.000305723
0.000486041
0.000481016
0.00047596
0.000470872
0.000465756
0.000460612
0.000455442
0.000450248
0.000445031
0.000439792
0.000434534
0.000429257
0.000423965
0.000418658
0.000413338
0.000408008
0.000402668
0.000397321
0.000391969
0.000386614
0.000381257
0.0003759
0.000370546
0.000365196
0.000359852
0.000354516
0.000349191
0.000343877
0.000338578
0.000333294
0.000328029
0.000322783
0.000317559
0.000312358
0.000307183
0.00048452
0.000479564
0.000474578
0.000469563
0.000464521
0.000459452
0.000454359
0.000449243
0.000444105
0.000438947
0.000433771
0.000428578
0.00042337
0.000418148
0.000412914
0.000407671
0.000402419
0.00039716
0.000391897
0.000386631
0.000381363
0.000376096
0.000370832
0.000365572
0.000360318
0.000355073
0.000349837
0.000344613
0.000339402
0.000334207
0.000329029
0.00032387
0.000318732
0.000313616
0.000308524
0.000483137
0.000478244
0.000473322
0.000468374
0.000463399
0.000458399
0.000453376
0.000448331
0.000443266
0.000438182
0.00043308
0.000427963
0.000422832
0.000417687
0.000412532
0.000407368
0.000402196
0.000397017
0.000391835
0.00038665
0.000381464
0.000376279
0.000371096
0.000365918
0.000360746
0.000355582
0.000350428
0.000345285
0.000340155
0.00033504
0.000329942
0.000324861
0.000319801
0.000314762
0.000309747
0.000481891
0.000477056
0.000472193
0.000467304
0.00046239
0.000457453
0.000452493
0.000447513
0.000442513
0.000437496
0.000432462
0.000427413
0.00042235
0.000417276
0.000412192
0.000407098
0.000401998
0.000396892
0.000391782
0.00038667
0.000381558
0.000376446
0.000371337
0.000366233
0.000361134
0.000356044
0.000350963
0.000345892
0.000340835
0.000335792
0.000330765
0.000325755
0.000320765
0.000315796
0.000310849
0.000480786
0.000476002
0.000471191
0.000466356
0.000461496
0.000456614
0.000451711
0.000446788
0.000441847
0.000436889
0.000431915
0.000426927
0.000421926
0.000416914
0.000411892
0.000406862
0.000401825
0.000396784
0.000391738
0.000386691
0.000381643
0.000376597
0.000371553
0.000366514
0.000361481
0.000356455
0.000351439
0.000346433
0.00034144
0.000336461
0.000331497
0.00032655
0.000321622
0.000316714
0.000311828
0.000479824
0.000475085
0.00047032
0.000465531
0.000460719
0.000455885
0.000451032
0.000446159
0.000441269
0.000436362
0.00043144
0.000426505
0.000421558
0.0004166
0.000411633
0.000406658
0.000401677
0.000396691
0.000391702
0.000386711
0.00038172
0.00037673
0.000371743
0.000366761
0.000361784
0.000356815
0.000351855
0.000346906
0.000341968
0.000337045
0.000332136
0.000327244
0.000322369
0.000317515
0.000312681
0.000479008
0.000474307
0.000469581
0.000464831
0.00046006
0.000455268
0.000450456
0.000445626
0.000440779
0.000435916
0.000431039
0.000426149
0.000421247
0.000416335
0.000411414
0.000406486
0.000401552
0.000396614
0.000391672
0.000386729
0.000381786
0.000376845
0.000371906
0.000366971
0.000362043
0.000357122
0.000352209
0.000347308
0.000342417
0.000337541
0.000332678
0.000327832
0.000323004
0.000318195
0.000313406
0.000478342
0.000473672
0.000468978
0.000464261
0.000459523
0.000454765
0.000449987
0.000445192
0.00044038
0.000435553
0.000430713
0.000425859
0.000420995
0.00041612
0.000411237
0.000406347
0.000401452
0.000396552
0.000391649
0.000386745
0.000381841
0.000376939
0.000372039
0.000367144
0.000362255
0.000357373
0.000352499
0.000347636
0.000342784
0.000337946
0.000333122
0.000328313
0.000323522
0.00031875
0.000313997
0.000477832
0.000473186
0.000468516
0.000463825
0.000459112
0.000454379
0.000449628
0.00044486
0.000440075
0.000435276
0.000430463
0.000425638
0.000420802
0.000415956
0.000411102
0.000406242
0.000401375
0.000396505
0.000391632
0.000386758
0.000381884
0.000377011
0.000372142
0.000367277
0.000362417
0.000357565
0.000352722
0.000347888
0.000343066
0.000338257
0.000333462
0.000328682
0.000323919
0.000319175
0.00031445
0.000477484
0.000472854
0.000468201
0.000463527
0.000458831
0.000454117
0.000449384
0.000444633
0.000439867
0.000435087
0.000430293
0.000425487
0.00042067
0.000415844
0.00041101
0.00040617
0.000401324
0.000396474
0.000391621
0.000386767
0.000381913
0.000377061
0.000372212
0.000367368
0.000362529
0.000357697
0.000352874
0.00034806
0.000343258
0.000338469
0.000333694
0.000328934
0.000324191
0.000319466
0.00031476
0.000477305
0.000472684
0.00046804
0.000463374
0.000458688
0.000453982
0.000449258
0.000444517
0.000439761
0.00043499
0.000430206
0.00042541
0.000420603
0.000415787
0.000410963
0.000406133
0.000401297
0.000396457
0.000391615
0.000386772
0.000381929
0.000377087
0.000372249
0.000367414
0.000362586
0.000357765
0.000352952
0.000348149
0.000343357
0.000338578
0.000333813
0.000329063
0.00032433
0.000319615
0.000314919
9.542e-05
7.59635e-05
5.68867e-05
3.82235e-05
2.00147e-05
2.30574e-06
-1.48622e-05
0.000104057
8.53588e-05
6.70128e-05
4.9059e-05
3.15354e-05
1.44817e-05
-2.06483e-06
0.000112478
9.45022e-05
7.68573e-05
5.95815e-05
4.27114e-05
2.62832e-05
1.03307e-05
0.000120678
0.000103394
8.64208e-05
6.97944e-05
5.35492e-05
3.77186e-05
2.23339e-05
0.000128656
0.000112032
9.57008e-05
7.96959e-05
6.40494e-05
4.87919e-05
3.39523e-05
0.000136416
0.000120422
0.000104704
8.92943e-05
7.42212e-05
5.95132e-05
4.51971e-05
0.00014396
0.000128568
0.000113438
9.85975e-05
8.40735e-05
6.98922e-05
5.60785e-05
0.000151293
0.000136477
0.000121908
0.000107612
9.36142e-05
7.99377e-05
6.6606e-05
0.000158417
0.000144152
0.000130121
0.000116346
0.000102851
8.96583e-05
7.67888e-05
0.000165337
0.000151598
0.00013808
0.000124804
0.000111791
9.90622e-05
8.66361e-05
0.000172054
0.000158819
0.000145793
0.000132994
0.000120442
0.000108157
9.61565e-05
0.000178573
0.00016582
0.000153263
0.000140921
0.000128811
0.000116952
0.000105358
0.000184896
0.000172604
0.000160497
0.000148591
0.000136905
0.000125453
0.00011425
0.000191028
0.000179176
0.000167499
0.000156011
0.000144729
0.000133667
0.00012284
0.000196971
0.00018554
0.000174274
0.000163186
0.000152292
0.000141603
0.000131135
0.000202729
0.000191701
0.000180828
0.000170122
0.000159598
0.000149268
0.000139143
0.000208305
0.000197662
0.000187164
0.000176824
0.000166655
0.000156667
0.000146871
0.000213703
0.000203427
0.000193288
0.000183298
0.000173467
0.000163807
0.000154328
0.000218925
0.000209
0.000199204
0.000189548
0.000180042
0.000170696
0.000161519
0.000223974
0.000214385
0.000204917
0.000195581
0.000186385
0.000177339
0.000168451
0.000228855
0.000219586
0.000210432
0.0002014
0.000192501
0.000183743
0.000175132
0.000233569
0.000224607
0.000215751
0.000207012
0.000198397
0.000189913
0.000181567
0.000238121
0.000229451
0.000220881
0.000212421
0.000204076
0.000195855
0.000187764
0.000242513
0.000234121
0.000225825
0.00021763
0.000209545
0.000201575
0.000193727
0.000246748
0.000238623
0.000230586
0.000222646
0.000214808
0.000207078
0.000199462
0.000250829
0.000242957
0.00023517
0.000227472
0.00021987
0.00021237
0.000204976
0.000254759
0.000247129
0.000239578
0.000232112
0.000224736
0.000217455
0.000210274
0.00025854
0.000251141
0.000243816
0.000236571
0.00022941
0.000222338
0.00021536
0.000262176
0.000254996
0.000247887
0.000240852
0.000233896
0.000227024
0.000220239
0.000265668
0.000258698
0.000251793
0.000244959
0.000238199
0.000231517
0.000224917
0.000269019
0.000262248
0.000255539
0.000248895
0.000242321
0.000235821
0.000229398
0.000272231
0.00026565
0.000259126
0.000252664
0.000246268
0.000239941
0.000233686
0.000275307
0.000268906
0.000262559
0.00025627
0.000250042
0.000243879
0.000237784
0.000278249
0.000272018
0.000265838
0.000259714
0.000253647
0.00024764
0.000241697
0.000281058
0.000274989
0.000268968
0.000262999
0.000257084
0.000251227
0.000245428
0.000283736
0.000277821
0.000271951
0.000266129
0.000260359
0.000254642
0.000248981
0.000286285
0.000280515
0.000274788
0.000269106
0.000263472
0.000257888
0.000252358
0.000288707
0.000283073
0.000277481
0.000271931
0.000266426
0.000260969
0.000255561
0.000291002
0.000285497
0.000280032
0.000274606
0.000269223
0.000263885
0.000258594
0.000293171
0.000287788
0.000282442
0.000277133
0.000271865
0.000266639
0.000261458
0.000295216
0.000289947
0.000284712
0.000279514
0.000274353
0.000269233
0.000264154
0.000297136
0.000291974
0.000286844
0.000281748
0.000276688
0.000271666
0.000266684
0.000298932
0.000293869
0.000288837
0.000283837
0.000278871
0.000273941
0.000269048
0.000300604
0.000295633
0.000290691
0.00028578
0.000280902
0.000276057
0.000271248
0.000302152
0.000297266
0.000292407
0.000287578
0.00028278
0.000278014
0.000273282
0.000303575
0.000298766
0.000293984
0.00028923
0.000284506
0.000279812
0.000275151
0.000304871
0.000300133
0.00029542
0.000290735
0.000286077
0.000281449
0.000276852
0.000306038
0.000301364
0.000296714
0.00029209
0.000287492
0.000282923
0.000278384
0.000307076
0.000302458
0.000297863
0.000293293
0.000288749
0.000284233
0.000279745
0.00030798
0.000303411
0.000298864
0.000294342
0.000289844
0.000285373
0.00028093
0.000308748
0.00030422
0.000299714
0.000295231
0.000290774
0.000286341
0.000281936
0.000309374
0.00030488
0.000300407
0.000295958
0.000291532
0.000287131
0.000282757
0.000309854
0.000305386
0.000300939
0.000296514
0.000292113
0.000287737
0.000283386
0.000310182
0.000305732
0.000301302
0.000296895
0.00029251
0.00028815
0.000283815
0.000310351
0.000305909
0.000301488
0.00029709
0.000292714
0.000288363
0.000284036
-3.14526e-05
-4.7432e-05
-6.277e-05
-7.74406e-05
-9.1423e-05
-0.0001047
-0.000117255
-1.80705e-05
-3.35042e-05
-4.83383e-05
-6.2548e-05
-7.61133e-05
-8.9017e-05
-0.000101245
-5.11461e-06
-2.00245e-05
-3.4373e-05
-4.81376e-05
-6.12987e-05
-7.38399e-05
-8.57474e-05
7.42387e-06
-6.98466e-06
-2.08676e-05
-3.42035e-05
-4.69736e-05
-5.91616e-05
-7.07538e-05
1.95575e-05
5.63226e-06
-7.80074e-06
-2.07212e-05
-3.31112e-05
-4.49551e-05
-5.62395e-05
3.12978e-05
1.78383e-05
4.83979e-06
-7.67862e-06
-1.96999e-05
-3.12093e-05
-4.21939e-05
4.26553e-05
2.96441e-05
1.70646e-05
4.9348e-06
-6.7294e-06
-1.79139e-05
-2.86065e-05
5.36402e-05
4.10603e-05
2.88848e-05
1.71302e-05
5.81169e-06
-5.05754e-06
-1.5466e-05
6.42624e-05
5.20974e-05
4.0311e-05
2.89187e-05
1.79346e-05
7.37115e-06
-2.7608e-06
7.45315e-05
6.27654e-05
5.13537e-05
4.0311e-05
2.96502e-05
1.93833e-05
9.52021e-06
8.44569e-05
7.30742e-05
6.20233e-05
5.13176e-05
4.09695e-05
3.09897e-05
2.1388e-05
9.40475e-05
8.30333e-05
7.23296e-05
6.19489e-05
5.19028e-05
4.22013e-05
3.28534e-05
0.000103312
9.2652e-05
8.22824e-05
7.2215e-05
6.24605e-05
5.30283e-05
4.3927e-05
0.000112259
0.000101939
9.18911e-05
8.21256e-05
7.26526e-05
6.34812e-05
5.46191e-05
0.000120898
0.000110904
0.000101165
9.16903e-05
8.24891e-05
7.35699e-05
6.494e-05
0.000129235
0.000119555
0.000110113
0.000100918
9.19795e-05
8.33042e-05
7.48994e-05
0.000137279
0.0001279
0.000118744
0.000109819
0.000101133
9.26937e-05
8.45071e-05
0.000145038
0.000135949
0.000127067
0.000118401
0.000109959
0.000101748
9.37725e-05
0.00015252
0.000143707
0.000135089
0.000126674
0.000118467
0.000110475
0.000102705
0.00015973
0.000151184
0.00014282
0.000134644
0.000126664
0.000118885
0.000111313
0.000166678
0.000158387
0.000150266
0.000142321
0.00013456
0.000126986
0.000119605
0.000173368
0.000165322
0.000157435
0.000149713
0.000142162
0.000134786
0.000127591
0.000179809
0.000171998
0.000164335
0.000156827
0.000149478
0.000142293
0.000135277
0.000186006
0.00017842
0.000170972
0.000163669
0.000156515
0.000149515
0.000142672
0.000191966
0.000184595
0.000177354
0.000170249
0.000163282
0.000156459
0.000149783
0.000197695
0.00019053
0.000183487
0.000176571
0.000169784
0.000163132
0.000156618
0.000203197
0.000196231
0.000189378
0.000182643
0.000176029
0.000169542
0.000163182
0.00020848
0.000201702
0.000195031
0.00018847
0.000182023
0.000175694
0.000169484
0.000213547
0.00020695
0.000200453
0.000194059
0.000187772
0.000181594
0.000175529
0.000218404
0.00021198
0.00020565
0.000199416
0.000193282
0.00018725
0.000181324
0.000223055
0.000216797
0.000210626
0.000204545
0.000198557
0.000192666
0.000186873
0.000227506
0.000221405
0.000215386
0.000209452
0.000203605
0.000197847
0.000192183
0.00023176
0.000225809
0.000219936
0.000214141
0.000208428
0.0002028
0.000197258
0.000235821
0.000230014
0.000224278
0.000218617
0.000213033
0.000207527
0.000202103
0.000239693
0.000234022
0.000228418
0.000222885
0.000217423
0.000212035
0.000206723
0.000243379
0.000237838
0.000232359
0.000226947
0.000221601
0.000216326
0.000211121
0.000246882
0.000241464
0.000236105
0.000230807
0.000225573
0.000220404
0.000215302
0.000250206
0.000244904
0.000239657
0.000234469
0.00022934
0.000224272
0.000219268
0.000253351
0.00024816
0.00024302
0.000237935
0.000232906
0.000227935
0.000223022
0.000256322
0.000251234
0.000246195
0.000241208
0.000236273
0.000231392
0.000226568
0.000259118
0.000254128
0.000249184
0.000244288
0.000239443
0.000234648
0.000229906
0.000261742
0.000256843
0.000251988
0.000247179
0.000242417
0.000237703
0.000233039
0.000264194
0.000259381
0.000254609
0.00024988
0.000245196
0.000240558
0.000235967
0.000266475
0.000261741
0.000257047
0.000252393
0.000247782
0.000243214
0.000238691
0.000268585
0.000263924
0.000259301
0.000254717
0.000250173
0.00024567
0.00024121
0.000270522
0.000265929
0.000261371
0.000256851
0.000252369
0.000247926
0.000243524
0.000272286
0.000267754
0.000263257
0.000258794
0.000254369
0.000249981
0.000245631
0.000273875
0.000269398
0.000264954
0.000260544
0.00025617
0.000251831
0.000247529
0.000275286
0.000270858
0.000266462
0.000262098
0.000257769
0.000253474
0.000249215
0.000276515
0.00027213
0.000267775
0.000263452
0.000259162
0.000254906
0.000250684
0.000277558
0.000273209
0.00026889
0.000264601
0.000260344
0.00025612
0.00025193
0.000278409
0.00027409
0.000269799
0.000265539
0.000261309
0.000257112
0.000252947
0.000279061
0.000274765
0.000270496
0.000266257
0.000262049
0.000257872
0.000253727
0.000279507
0.000275226
0.000270972
0.000266748
0.000262554
0.000258391
0.000254259
0.000279735
0.000275462
0.000271217
0.000267
0.000262813
0.000258657
0.000254532
-0.000129363
-0.000140955
-0.00015169
-0.000161584
-0.000170644
-0.000178869
-0.000186266
-0.000192851
-0.000198639
-0.00020365
-0.000207906
-0.000211434
-0.00021426
-0.000216415
-0.000217929
-0.000218835
-0.000219167
-0.000218958
-0.000218244
-0.000217059
-0.000215439
-0.000213419
-0.000211032
-0.00011306
-0.000124394
-0.000134935
-0.000144684
-0.000153644
-0.00016182
-0.000169218
-0.000175849
-0.000181728
-0.000186872
-0.000191302
-0.00019504
-0.000198112
-0.000200543
-0.000202363
-0.000203601
-0.000204288
-0.000204455
-0.000204134
-0.000203357
-0.000202156
-0.000200564
-0.000198614
-9.72789e-05
-0.000108359
-0.0001187
-0.000128298
-0.000137156
-0.000145275
-0.000152661
-0.000159326
-0.00016528
-0.00017054
-0.000175124
-0.000179052
-0.000182346
-0.000185032
-0.000187134
-0.000188679
-0.000189696
-0.000190213
-0.000190259
-0.000189865
-0.000189059
-0.000187872
-0.000186334
-8.20005e-05
-9.28321e-05
-0.000102973
-0.000112417
-0.000121166
-0.000129221
-0.000136586
-0.000143271
-0.000149287
-0.000154646
-0.000159366
-0.000163464
-0.000166961
-0.000169879
-0.00017224
-0.000174069
-0.000175392
-0.000176235
-0.000176625
-0.000176589
-0.000176155
-0.000175349
-0.0001742
-6.72084e-05
-7.77974e-05
-8.77392e-05
-9.70286e-05
-0.000105664
-0.000113648
-0.000120984
-0.000127678
-0.000133741
-0.000139185
-0.000144024
-0.000148274
-0.000151954
-0.000155083
-0.000157681
-0.000159773
-0.000161379
-0.000162526
-0.000163236
-0.000163535
-0.000163448
-0.000163001
-0.000162219
-5.2892e-05
-6.32433e-05
-7.2988e-05
-8.21208e-05
-9.064e-05
-9.85465e-05
-0.000105844
-0.000112537
-0.000118636
-0.00012415
-0.000129093
-0.000133478
-0.000137321
-0.000140642
-0.000143458
-0.00014579
-0.000147659
-0.000149086
-0.000150094
-0.000150706
-0.000150946
-0.000150835
-0.000150398
-3.90401e-05
-4.91579e-05
-5.8707e-05
-6.76823e-05
-7.60818e-05
-8.39059e-05
-9.11571e-05
-9.78405e-05
-0.000103963
-0.000109535
-0.000114566
-0.000119069
-0.00012306
-0.000126554
-0.000129568
-0.000132121
-0.000134231
-0.000135919
-0.000137204
-0.000138108
-0.000138651
-0.000138856
-0.000138744
-2.5641e-05
-3.55294e-05
-4.48848e-05
-5.37022e-05
-6.19794e-05
-6.97162e-05
-7.69147e-05
-8.3579e-05
-8.97153e-05
-9.53316e-05
-0.000100438
-0.000105045
-0.000109167
-0.000112817
-0.000116011
-0.000118766
-0.000121098
-0.000123025
-0.000124567
-0.000125742
-0.00012657
-0.00012707
-0.000127263
-1.26833e-05
-2.23464e-05
-3.15102e-05
-4.01696e-05
-4.83222e-05
-5.59676e-05
-6.31073e-05
-6.97446e-05
-7.58848e-05
-8.15348e-05
-8.67034e-05
-9.14005e-05
-9.56378e-05
-9.94279e-05
-0.000102785
-0.000105723
-0.000108258
-0.000110407
-0.000112187
-0.000113614
-0.000114706
-0.000115482
-0.000115959
-1.55744e-07
-9.59779e-06
-1.85721e-05
-2.70738e-05
-3.51001e-05
-4.26505e-05
-4.97258e-05
-5.63289e-05
-6.24641e-05
-6.81375e-05
-7.33566e-05
-7.81304e-05
-8.2469e-05
-8.63838e-05
-8.98872e-05
-9.29925e-05
-9.57138e-05
-9.80659e-05
-0.000100064
-0.000101724
-0.000103063
-0.000104095
-0.000104839
1.19526e-05
2.72745e-06
-6.05997e-06
-1.44043e-05
-2.23031e-05
-2.97552e-05
-3.67614e-05
-4.33237e-05
-4.94458e-05
-5.51329e-05
-6.03917e-05
-6.52298e-05
-6.96564e-05
-7.36816e-05
-7.73164e-05
-8.05727e-05
-8.34633e-05
-8.60016e-05
-8.82013e-05
-9.0077e-05
-9.16431e-05
-9.29148e-05
-9.39072e-05
2.36524e-05
1.46393e-05
6.03674e-06
-2.15099e-06
-9.92114e-06
-1.72724e-05
-2.42051e-05
-3.07207e-05
-3.68223e-05
-4.25144e-05
-4.78026e-05
-5.26938e-05
-5.7196e-05
-6.13181e-05
-6.50699e-05
-6.84623e-05
-7.15065e-05
-7.42147e-05
-7.65993e-05
-7.86735e-05
-8.04505e-05
-8.1944e-05
-8.31679e-05
3.49545e-05
2.61495e-05
1.77286e-05
9.69635e-06
2.05539e-06
-5.19281e-06
-1.20481e-05
-1.85117e-05
-2.45861e-05
-3.02751e-05
-3.55834e-05
-4.05171e-05
-4.50832e-05
-4.92897e-05
-5.31452e-05
-5.66594e-05
-5.98424e-05
-6.27052e-05
-6.5259e-05
-6.75156e-05
-6.94872e-05
-7.11861e-05
-7.26251e-05
4.58693e-05
3.72678e-05
2.90258e-05
2.11476e-05
1.36361e-05
6.49282e-06
-2.81861e-07
-6.68873e-06
-1.27298e-05
-1.84081e-05
-2.37279e-05
-2.86944e-05
-3.33137e-05
-3.75927e-05
-4.15394e-05
-4.51621e-05
-4.847e-05
-5.14729e-05
-5.4181e-05
-5.66049e-05
-5.87556e-05
-6.06443e-05
-6.22826e-05
5.64068e-05
4.80042e-05
3.99381e-05
3.22125e-05
2.48305e-05
1.77935e-05
1.11023e-05
4.75638e-06
-1.24578e-06
-6.90676e-06
-1.22301e-05
-1.72203e-05
-2.18827e-05
-2.62235e-05
-3.02494e-05
-3.39682e-05
-3.73879e-05
-4.05174e-05
-4.33656e-05
-4.59423e-05
-4.82574e-05
-5.03212e-05
-5.21439e-05
6.6577e-05
5.83688e-05
5.04753e-05
4.29007e-05
3.56477e-05
2.87181e-05
2.21128e-05
1.58316e-05
9.87332e-06
4.23585e-06
-1.08377e-06
-6.0894e-06
-1.07857e-05
-1.51779e-05
-1.92723e-05
-2.30755e-05
-2.65947e-05
-2.98378e-05
-3.2813e-05
-3.55289e-05
-3.79945e-05
-4.0219e-05
-4.2212e-05
7.63897e-05
6.83712e-05
6.06471e-05
5.32215e-05
4.6097e-05
3.92756e-05
3.27582e-05
2.65449e-05
2.06349e-05
1.50265e-05
9.71722e-06
4.70382e-06
-1.77237e-08
-4.4521e-06
-8.60466e-06
-1.24813e-05
-1.60885e-05
-1.94333e-05
-2.25229e-05
-2.53651e-05
-2.7968e-05
-3.034e-05
-3.24897e-05
8.58543e-05
7.80209e-05
7.04628e-05
6.31841e-05
5.61873e-05
4.94744e-05
4.30465e-05
3.69039e-05
3.10461e-05
2.54718e-05
2.0179e-05
1.51648e-05
1.04259e-05
5.95811e-06
1.75684e-06
-2.18315e-06
-5.8676e-06
-9.30266e-06
-1.24949e-05
-1.54513e-05
-1.81791e-05
-2.0686e-05
-2.29795e-05
9.498e-05
8.7327e-05
7.99316e-05
7.27974e-05
6.59272e-05
5.9323e-05
5.29859e-05
4.69164e-05
4.11142e-05
3.55785e-05
3.03075e-05
2.5299e-05
2.05499e-05
1.60568e-05
1.18156e-05
7.82175e-06
4.07014e-06
5.5531e-07
-2.72859e-06
-5.78778e-06
-8.6288e-06
-1.12585e-05
-1.36838e-05
0.000103776
9.62986e-05
8.90622e-05
8.20702e-05
7.53254e-05
6.88296e-05
6.25842e-05
5.65898e-05
5.08463e-05
4.53532e-05
4.0109e-05
3.51118e-05
3.03593e-05
2.58482e-05
2.15752e-05
1.75362e-05
1.37268e-05
1.0142e-05
6.77681e-06
3.62551e-06
6.82296e-07
-2.05896e-06
-4.60461e-06
0.000112251
0.000104944
9.78633e-05
9.10111e-05
8.439e-05
7.80023e-05
7.18492e-05
6.59314e-05
6.02492e-05
5.48021e-05
4.95891e-05
4.46087e-05
3.98586e-05
3.53365e-05
3.10391e-05
2.69631e-05
2.31045e-05
1.9459e-05
1.60221e-05
1.27887e-05
9.75359e-06
6.91135e-06
4.25623e-06
0.000120412
0.000113273
0.000106343
9.96281e-05
9.31293e-05
8.68489e-05
8.07884e-05
7.49486e-05
6.93298e-05
6.39318e-05
5.87539e-05
5.37948e-05
4.90528e-05
4.45257e-05
4.02109e-05
3.61053e-05
3.22055e-05
2.85078e-05
2.50081e-05
2.1702e-05
1.85847e-05
1.56515e-05
1.28971e-05
0.00012827
0.000121292
0.00011451
0.000107929
0.000101551
9.5377e-05
8.94091e-05
8.36481e-05
7.80946e-05
7.27483e-05
6.7609e-05
6.26755e-05
5.79464e-05
5.342e-05
4.9094e-05
4.49657e-05
4.10322e-05
3.72901e-05
3.3736e-05
3.03658e-05
2.71755e-05
2.41606e-05
2.13166e-05
0.00013583
0.000129009
0.000122372
0.000115923
0.000109663
0.000103594
9.77184e-05
9.20369e-05
8.655e-05
8.12577e-05
7.61599e-05
7.12557e-05
6.65441e-05
6.20235e-05
5.76919e-05
5.35472e-05
4.95867e-05
4.58077e-05
4.22068e-05
3.87808e-05
3.55258e-05
3.24381e-05
2.95134e-05
0.000143102
0.000136433
0.000129937
0.000123615
0.000117471
0.000111507
0.000105723
0.000100121
9.47022e-05
8.94658e-05
8.44122e-05
7.95406e-05
7.48503e-05
7.034e-05
6.60081e-05
6.18527e-05
5.78716e-05
5.40622e-05
5.04219e-05
4.69475e-05
4.36358e-05
4.04834e-05
3.74865e-05
0.000150091
0.00014357
0.00013721
0.000131014
0.000124985
0.000119123
0.00011343
0.000107908
0.000102557
9.73783e-05
9.2371e-05
8.75349e-05
8.28695e-05
7.83737e-05
7.40461e-05
6.98853e-05
6.58892e-05
6.20557e-05
5.83824e-05
5.48667e-05
5.15056e-05
4.82961e-05
4.52349e-05
0.000156806
0.000150428
0.000144201
0.000138127
0.000132209
0.000126448
0.000120845
0.000115403
0.000110121
0.000105001
0.000100041
9.52434e-05
9.06059e-05
8.61282e-05
8.18092e-05
7.76476e-05
7.36418e-05
6.97899e-05
6.60898e-05
6.25391e-05
5.91354e-05
5.5876e-05
5.27579e-05
0.000163253
0.000157013
0.000150915
0.00014496
0.00013915
0.000133488
0.000127975
0.000122612
0.000117399
0.000112338
0.000107429
0.000102671
9.80637e-05
9.36073e-05
8.93007e-05
8.51427e-05
8.11319e-05
7.72666e-05
7.35452e-05
6.99656e-05
6.65256e-05
6.32228e-05
6.00546e-05
0.000169437
0.000163332
0.000157358
0.000151519
0.000145816
0.000140251
0.000134825
0.00012954
0.000124397
0.000119396
0.000114537
0.000109821
0.000105247
0.000100815
9.65238e-05
9.23731e-05
8.83615e-05
8.44877e-05
8.07501e-05
7.7147e-05
7.36764e-05
7.03363e-05
6.71243e-05
0.000175366
0.00016939
0.000163537
0.00015781
0.000152211
0.000146741
0.000141401
0.000136194
0.00013112
0.000126179
0.000121372
0.000116698
0.000112159
0.000107754
0.000103481
9.93415e-05
9.5333e-05
9.14549e-05
8.77057e-05
8.4084e-05
8.05882e-05
7.72164e-05
7.39666e-05
0.000181045
0.000175193
0.000169457
0.000163839
0.000158341
0.000152964
0.000147709
0.000142578
0.000137572
0.000132691
0.000127936
0.000123307
0.000118805
0.000114428
0.000110177
0.00010605
0.000102048
9.81697e-05
9.44132e-05
9.07775e-05
8.72613e-05
8.3863e-05
8.05807e-05
0.000186479
0.000180747
0.000175124
0.000169612
0.000164211
0.000158925
0.000153753
0.000148697
0.000143759
0.000138938
0.000134235
0.000129652
0.000125186
0.00012084
0.000116612
0.000112502
0.00010851
0.000104634
0.000100874
9.72283e-05
9.36961e-05
9.02759e-05
8.69663e-05
0.000191673
0.000186058
0.000180544
0.000175133
0.000169828
0.000164629
0.000159538
0.000154556
0.000149684
0.000144922
0.000140273
0.000135734
0.000131308
0.000126993
0.000122791
0.000118699
0.000114719
0.000110849
0.000107089
0.000103437
9.98928e-05
9.64551e-05
9.31226e-05
0.000196633
0.000191129
0.00018572
0.000180407
0.000175194
0.00017008
0.000165068
0.000160158
0.000155352
0.000150649
0.000146052
0.000141559
0.000137172
0.00013289
0.000128714
0.000124644
0.000120678
0.000116816
0.000113059
0.000109404
0.000105852
0.0001024
9.9049e-05
0.000201363
0.000195965
0.000190657
0.000185439
0.000180314
0.000175283
0.000170348
0.000165508
0.000160766
0.000156121
0.000151576
0.000147129
0.000142782
0.000138534
0.000134386
0.000130337
0.000126387
0.000122537
0.000118784
0.00011513
0.000111572
0.000108111
0.000104745
0.000205866
0.000200571
0.000195359
0.000190233
0.000185193
0.000180242
0.000175381
0.00017061
0.00016593
0.000161342
0.000156848
0.000152447
0.000148139
0.000143926
0.000139806
0.000135781
0.000131849
0.000128012
0.000124267
0.000120615
0.000117055
0.000113587
0.000110209
0.000210147
0.000204949
0.00019983
0.000194791
0.000189834
0.00018496
0.00018017
0.000175465
0.000170847
0.000166315
0.000161871
0.000157515
0.000153247
0.000149068
0.000144978
0.000140977
0.000137065
0.000133241
0.000129506
0.000125859
0.0001223
0.000118827
0.000115441
0.000214209
0.000209104
0.000204074
0.000199119
0.00019424
0.00018944
0.000184719
0.000180079
0.000175519
0.000171042
0.000166647
0.000162335
0.000158107
0.000153962
0.000149902
0.000145926
0.000142034
0.000138226
0.000134503
0.000130863
0.000127306
0.000123831
0.00012044
0.000218055
0.000213039
0.000208092
0.000203217
0.000198414
0.000193685
0.000189031
0.000184452
0.00017995
0.000175525
0.000171178
0.000166909
0.00016272
0.00015861
0.00015458
0.000150629
0.000146758
0.000142967
0.000139256
0.000135624
0.000132072
0.000128598
0.000125203
0.000221686
0.000216754
0.000211888
0.000207089
0.000202358
0.000197697
0.000193106
0.000188587
0.00018414
0.000179765
0.000175465
0.000171239
0.000167088
0.000163012
0.000159011
0.000155086
0.000151237
0.000147463
0.000143766
0.000140144
0.000136597
0.000133126
0.000129729
0.000225106
0.000220254
0.000215464
0.000210737
0.000206074
0.000201477
0.000196947
0.000192485
0.00018809
0.000183765
0.00017951
0.000175325
0.000171211
0.000167168
0.000163196
0.000159297
0.00015547
0.000151714
0.000148031
0.00014442
0.000140881
0.000137413
0.000134017
0.000228315
0.000223538
0.00021882
0.000214161
0.000209563
0.000205028
0.000200555
0.000196147
0.000191803
0.000187525
0.000183312
0.000179167
0.000175089
0.000171078
0.000167136
0.000163262
0.000159456
0.000155719
0.000152051
0.000148451
0.00014492
0.000141458
0.000138064
0.000231315
0.000226608
0.000221957
0.000217363
0.000212826
0.000208349
0.000203931
0.000199573
0.000195277
0.000191044
0.000186873
0.000182765
0.000178722
0.000174742
0.000170828
0.000166979
0.000163195
0.000159476
0.000155823
0.000152235
0.000148714
0.000145257
0.000141866
0.000234106
0.000229465
0.000224877
0.000220343
0.000215864
0.00021144
0.000207073
0.000202764
0.000198514
0.000194322
0.00019019
0.000186119
0.000182108
0.000178159
0.000174272
0.000170446
0.000166683
0.000162983
0.000159345
0.00015577
0.000152258
0.000148808
0.000145422
0.000236687
0.000232108
0.000227578
0.0002231
0.000218674
0.000214301
0.000209982
0.000205719
0.00020151
0.000197358
0.000193263
0.000189226
0.000185247
0.000181326
0.000177465
0.000173662
0.00016992
0.000166237
0.000162614
0.000159052
0.00015555
0.000152107
0.000148725
0.000239059
0.000234536
0.00023006
0.000225634
0.000221257
0.000216931
0.000212657
0.000208435
0.000204266
0.000200151
0.00019609
0.000192085
0.000188135
0.000184241
0.000180404
0.000176624
0.000172901
0.000169235
0.000165627
0.000162077
0.000158585
0.00015515
0.000151774
0.000241218
0.000236747
0.000232321
0.000227942
0.00022361
0.000219327
0.000215093
0.00021091
0.000206778
0.000202697
0.000198668
0.000194692
0.00019077
0.000186901
0.000183087
0.000179327
0.000175622
0.000171973
0.000168379
0.000164841
0.000161358
0.000157931
0.00015456
0.000243164
0.000238739
0.000234357
0.000230021
0.00022573
0.000221486
0.00021729
0.000213141
0.000209042
0.000204992
0.000200993
0.000197044
0.000193146
0.000189301
0.000185508
0.000181767
0.000178079
0.000174445
0.000170864
0.000167337
0.000163864
0.000160445
0.000157079
0.000244891
0.000240508
0.000236166
0.000231868
0.000227614
0.000223405
0.000219241
0.000215124
0.000211054
0.000207032
0.000203059
0.000199135
0.00019526
0.000191435
0.000187661
0.000183938
0.000180266
0.000176645
0.000173076
0.00016956
0.000166095
0.000162683
0.000159324
0.000246397
0.000242049
0.000237743
0.000233478
0.000229256
0.000225077
0.000220942
0.000216853
0.000212809
0.000208812
0.000204861
0.000200958
0.000197104
0.000193297
0.00018954
0.000185832
0.000182174
0.000178566
0.000175008
0.000171501
0.000168045
0.000164639
0.000161285
0.000247674
0.000243358
0.000239081
0.000234844
0.000230649
0.000226496
0.000222387
0.000218321
0.000214299
0.000210323
0.000206392
0.000202508
0.00019867
0.000194879
0.000191137
0.000187442
0.000183796
0.000180199
0.000176651
0.000173152
0.000169703
0.000166303
0.000162953
0.000248717
0.000244425
0.000240173
0.000235959
0.000231787
0.000227655
0.000223566
0.000219519
0.000215516
0.000211557
0.000207642
0.000203773
0.000199949
0.000196172
0.000192441
0.000188758
0.000185122
0.000181533
0.000177993
0.000174501
0.000171058
0.000167664
0.000164318
0.000249516
0.000245244
0.00024101
0.000236814
0.000232659
0.000228544
0.00022447
0.000220438
0.000216449
0.000212503
0.000208601
0.000204743
0.000200931
0.000197163
0.000193442
0.000189767
0.000186139
0.000182557
0.000179024
0.000175537
0.000172099
0.000168708
0.000165366
0.000250062
0.000245803
0.000241581
0.000237398
0.000233255
0.000229151
0.000225088
0.000221066
0.000217086
0.000213149
0.000209256
0.000205406
0.000201601
0.000197841
0.000194126
0.000190457
0.000186834
0.000183257
0.000179728
0.000176245
0.00017281
0.000169422
0.000166082
0.000250342
0.00024609
0.000241875
0.000237698
0.00023356
0.000229462
0.000225404
0.000221388
0.000217413
0.000213481
0.000209592
0.000205747
0.000201945
0.000198189
0.000194477
0.000190811
0.000187191
0.000183617
0.000180089
0.000176609
0.000173175
0.000169789
0.00016645
)
;

boundaryField
{
    down
    {
        type            symmetryPlane;
    }
    right
    {
        type            fixedValue;
        value           nonuniform List<scalar> 0();
    }
    up
    {
        type            symmetryPlane;
    }
    left
    {
        type            zeroGradient;
    }
    cylinder
    {
        type            zeroGradient;
    }
    frontAndBack
    {
        type            empty;
    }
    procBoundary9to5
    {
        type            processor;
        value           nonuniform List<scalar> 
74
(
-0.000812984
-0.000773763
-0.000773763
-0.000784527
-0.000793824
-0.000800714
-0.000804046
-0.000803989
-0.000800886
-0.000794965
-0.000786434
-0.00077552
-0.000762461
-0.000747494
-0.000730854
-0.000712771
-0.000693467
-0.00067316
-0.000652052
-0.000630336
-0.000608193
-0.000585789
-0.000563276
-0.000540792
-0.000586936
-0.000629353
-0.000617819
-0.000617819
-0.000655449
-0.000691988
-0.000726788
-0.00075819
-0.000499137
-0.000543505
-0.000235633
-0.000285445
-0.000327639
-0.000370499
-0.000413874
-0.000413874
0.00103007
0.00102103
0.00101092
0.000999655
0.000987152
0.000973333
0.000958115
0.000941412
0.000923139
0.000903208
0.000881534
0.000858031
0.000832617
0.000805213
0.000775745
0.000744148
0.000710364
0.000674345
0.000636057
0.000595482
0.000552617
0.000507481
0.000460113
0.000410579
0.000358968
0.000305401
0.000250025
0.000193022
0.000134601
7.50095e-05
1.45138e-05
-4.66316e-05
-0.000107772
-0.000167883
)
;
    }
    procBoundary9to8
    {
        type            processor;
        value           nonuniform List<scalar> 
75
(
0.00101529
0.000993333
0.000972201
0.000951876
0.00093234
0.000913571
0.000895549
0.000878252
0.000861657
0.000845739
0.000830477
0.000815846
0.000801823
0.000788386
0.000775511
0.000763176
0.00075136
0.000740041
0.000729198
0.000719024
0.000709371
0.00069993
0.000690704
0.000681695
0.000672905
0.000672905
0.000674036
0.000665578
0.000657336
0.00064931
0.0006415
0.000633906
0.000626528
0.000619366
0.000612417
0.000605681
0.000599156
0.000592841
0.000586732
0.000580828
0.000575126
0.000569624
0.000564318
0.000559205
0.000554283
0.000549548
0.000544997
0.000540626
0.000536433
0.000532413
0.000528564
0.000524883
0.000521365
0.000518009
0.000514811
0.000511769
0.000508879
0.00050614
0.000503549
0.000501105
0.000498805
0.000496649
0.000494635
0.000492763
0.000491033
0.000489445
0.000487999
0.000486698
0.000485543
0.000484537
0.000483684
0.000482988
0.000482454
0.00048209
0.000481903
)
;
    }
    procBoundary9to10
    {
        type            processor;
        value           nonuniform List<scalar> 
73
(
-0.000498716
-0.000479269
-0.000460147
-0.000441373
-0.00042297
-0.000404952
-0.000387333
-0.000370121
-0.000353324
-0.000336943
-0.000320982
-0.000305439
-0.000290313
-0.0002756
-0.000261296
-0.000247396
-0.000233894
-0.000220782
-0.000208313
-0.000196335
-0.000184472
-0.000172733
-0.000161126
-0.000149658
-0.000138335
-0.000127166
-0.000116156
-0.00010531
-9.46354e-05
-8.41359e-05
-7.38166e-05
-6.3682e-05
-5.37363e-05
-4.3983e-05
-3.44258e-05
-2.50678e-05
-1.5912e-05
-6.9611e-06
1.78243e-06
1.03164e-05
1.86387e-05
2.67476e-05
3.46415e-05
4.23188e-05
4.97782e-05
5.70184e-05
6.40383e-05
7.08368e-05
7.74129e-05
8.37656e-05
8.98938e-05
9.57966e-05
0.000101473
0.000106921
0.000112141
0.000117129
0.000121885
0.000126407
0.000130692
0.000134737
0.00013854
0.000142097
0.000145404
0.000148455
0.000151245
0.000153768
0.000156017
0.000157982
0.000159654
0.000161021
0.000162072
0.00016279
0.000163158
)
;
    }
}


// ************************************************************************* //
