/*--------------------------------*- C++ -*----------------------------------*\
| =========                 |                                                 |
| \\      /  F ield         | OpenFOAM: The Open Source CFD Toolbox           |
|  \\    /   O peration     | Version:  2412                                  |
|   \\  /    A nd           | Website:  www.openfoam.com                      |
|    \\/     M anipulation  |                                                 |
\*---------------------------------------------------------------------------*/
FoamFile
{
    version     2.0;
    format      ascii;
    arch        "LSB;label=32;scalar=64";
    class       volScalarField;
    location    "27";
    object      p;
}
// * * * * * * * * * * * * * * * * * * * * * * * * * * * * * * * * * * * * * //

dimensions      [0 2 -2 0 0 0 0];

internalField   nonuniform List<scalar> 
5285
(
4.02683e-06
4.12476e-06
4.17861e-06
4.19609e-06
4.18235e-06
4.14147e-06
4.07755e-06
3.99424e-06
3.89479e-06
3.78214e-06
3.6589e-06
3.52737e-06
3.38962e-06
3.24745e-06
3.10246e-06
2.95603e-06
2.8094e-06
2.66359e-06
2.51951e-06
2.37796e-06
2.23954e-06
2.1048e-06
1.9742e-06
1.84808e-06
1.72671e-06
1.61032e-06
1.49904e-06
1.39296e-06
1.29212e-06
1.19654e-06
1.10618e-06
3.38147e-06
3.53338e-06
3.63745e-06
3.70152e-06
3.73088e-06
3.72982e-06
3.70262e-06
3.6531e-06
3.58473e-06
3.50059e-06
3.40348e-06
3.29586e-06
3.17996e-06
3.05775e-06
2.93094e-06
2.80107e-06
2.66951e-06
2.53739e-06
2.40574e-06
2.27546e-06
2.14725e-06
2.02176e-06
1.89952e-06
1.78096e-06
1.66642e-06
1.55619e-06
1.45046e-06
1.34939e-06
1.25307e-06
1.16155e-06
1.07484e-06
9.92889e-07
9.15718e-07
8.43125e-07
7.75162e-07
7.11471e-07
6.52314e-07
5.96859e-07
5.46111e-07
4.97914e-07
4.55435e-07
4.13e-07
3.79289e-07
3.40146e-07
3.16996e-07
2.76933e-07
2.68433e-07
2.20428e-07
2.33986e-07
1.67554e-07
2.14126e-07
1.1566e-07
2.08402e-07
6.399e-08
2.14106e-07
1.49536e-08
2.25178e-07
-2.56857e-08
2.33633e-07
-5.1864e-08
2.34431e-07
-6.36592e-08
2.32938e-07
-7.44578e-08
2.50216e-07
-1.12272e-07
3.20708e-07
-2.14953e-07
4.90477e-07
-4.31403e-07
8.23279e-07
2.74219e-06
2.94674e-06
3.1e-06
3.2098e-06
3.28153e-06
3.31968e-06
3.32868e-06
3.31255e-06
3.2749e-06
3.219e-06
3.14779e-06
3.06392e-06
2.96974e-06
2.86737e-06
2.75868e-06
2.64533e-06
2.5288e-06
2.41037e-06
2.29115e-06
2.17214e-06
2.05417e-06
1.93795e-06
1.8241e-06
1.71313e-06
1.60545e-06
1.50142e-06
1.40128e-06
1.30526e-06
1.21349e-06
1.12608e-06
1.04305e-06
9.64437e-07
8.90261e-07
8.20361e-07
7.54817e-07
6.93305e-07
6.36101e-07
5.82403e-07
5.33226e-07
4.86455e-07
4.45224e-07
4.03958e-07
3.71216e-07
3.33056e-07
3.1062e-07
2.71425e-07
2.63383e-07
2.16219e-07
2.29948e-07
1.64412e-07
2.10847e-07
1.13391e-07
2.057e-07
6.23999e-08
2.1186e-07
1.38482e-08
2.23329e-07
-2.64843e-08
2.32109e-07
-5.24376e-08
2.33066e-07
-6.39691e-08
2.31482e-07
-7.43619e-08
2.4831e-07
-1.1143e-07
3.17585e-07
-2.12359e-07
4.84719e-07
-4.25812e-07
8.13806e-07
2.1099e-06
2.36578e-06
2.56723e-06
2.7218e-06
2.83509e-06
2.91176e-06
2.95639e-06
2.97315e-06
2.96582e-06
2.93783e-06
2.89225e-06
2.8319e-06
2.75927e-06
2.67661e-06
2.58594e-06
2.48903e-06
2.38748e-06
2.28269e-06
2.17588e-06
2.06815e-06
1.96041e-06
1.85347e-06
1.74803e-06
1.64467e-06
1.54388e-06
1.44607e-06
1.35157e-06
1.26062e-06
1.17343e-06
1.09016e-06
1.01084e-06
9.35598e-07
8.64441e-07
7.97263e-07
7.34165e-07
6.74857e-07
6.19629e-07
5.67714e-07
5.20128e-07
4.74802e-07
4.34837e-07
3.94758e-07
3.63e-07
3.25838e-07
3.04128e-07
2.65816e-07
2.58238e-07
2.11932e-07
2.25831e-07
1.61212e-07
2.07501e-07
1.11082e-07
2.0294e-07
6.07847e-08
2.09564e-07
1.27287e-08
2.21435e-07
-2.72866e-08
2.30539e-07
-5.30019e-08
2.31645e-07
-6.42411e-08
2.29936e-07
-7.41848e-08
2.46263e-07
-1.10452e-07
3.14251e-07
-2.0955e-07
4.78616e-07
-4.1987e-07
8.0367e-07
1.48556e-06
1.79169e-06
2.04009e-06
2.2384e-06
2.39235e-06
2.50677e-06
2.58637e-06
2.63548e-06
2.65801e-06
2.65752e-06
2.63727e-06
2.60017e-06
2.54887e-06
2.48576e-06
2.41296e-06
2.33238e-06
2.24574e-06
2.15453e-06
2.06009e-06
1.96361e-06
1.86608e-06
1.76842e-06
1.6714e-06
1.57566e-06
1.48178e-06
1.39021e-06
1.30135e-06
1.21551e-06
1.13293e-06
1.05381e-06
9.78246e-07
9.06405e-07
8.38285e-07
7.73851e-07
7.13223e-07
6.56143e-07
6.02913e-07
5.52802e-07
5.06826e-07
4.62964e-07
4.24283e-07
3.85405e-07
3.54646e-07
3.18498e-07
2.97524e-07
2.6011e-07
2.53002e-07
2.0757e-07
2.21638e-07
1.57958e-07
2.04091e-07
1.08735e-07
2.00123e-07
5.91462e-08
2.07218e-07
1.15962e-08
2.19496e-07
-2.80916e-08
2.28924e-07
-5.35553e-08
2.30167e-07
-6.44726e-08
2.28296e-07
-7.39201e-08
2.44068e-07
-1.09325e-07
3.10692e-07
-2.06518e-07
4.72157e-07
-4.13574e-07
7.92864e-07
8.70748e-07
1.22555e-06
1.51957e-06
1.76048e-06
1.95412e-06
2.10545e-06
2.21931e-06
2.30014e-06
2.35201e-06
2.3786e-06
2.38329e-06
2.36914e-06
2.33892e-06
2.29514e-06
2.24005e-06
2.17567e-06
2.10382e-06
2.02612e-06
1.94398e-06
1.85869e-06
1.77136e-06
1.68296e-06
1.59434e-06
1.50622e-06
1.41924e-06
1.33393e-06
1.25073e-06
1.17001e-06
1.09205e-06
1.01711e-06
9.45315e-07
8.76865e-07
8.11808e-07
7.50142e-07
6.92007e-07
6.37176e-07
5.85964e-07
5.37677e-07
4.93328e-07
4.50948e-07
4.13567e-07
3.75906e-07
3.4616e-07
3.11039e-07
2.90812e-07
2.54311e-07
2.47677e-07
2.03137e-07
2.17372e-07
1.5465e-07
2.00618e-07
1.06352e-07
1.97251e-07
5.74857e-08
2.04824e-07
1.04523e-08
2.17514e-07
-2.88985e-08
2.27265e-07
-5.40956e-08
2.2863e-07
-6.466e-08
2.2656e-07
-7.35592e-08
2.41717e-07
-1.08038e-07
3.06899e-07
-2.03248e-07
4.65337e-07
-4.06914e-07
7.81387e-07
2.6616e-07
6.68015e-07
1.00628e-06
1.2886e-06
1.52091e-06
1.70826e-06
1.85561e-06
1.96752e-06
2.04816e-06
2.10135e-06
2.13059e-06
2.13905e-06
2.12962e-06
2.10494e-06
2.06736e-06
2.01903e-06
1.96185e-06
1.89755e-06
1.82764e-06
1.7535e-06
1.67631e-06
1.59713e-06
1.51689e-06
1.43639e-06
1.35632e-06
1.27726e-06
1.19973e-06
1.12413e-06
1.05081e-06
9.80068e-07
9.12059e-07
8.47027e-07
7.85056e-07
7.26176e-07
6.70551e-07
6.17985e-07
5.68809e-07
5.22362e-07
4.79655e-07
4.38774e-07
4.02705e-07
3.66276e-07
3.37554e-07
3.03473e-07
2.84e-07
2.48427e-07
2.42269e-07
1.98637e-07
2.13037e-07
1.51295e-07
1.97086e-07
1.03936e-07
1.94325e-07
5.58054e-08
2.02382e-07
9.29801e-09
2.15488e-07
-2.97072e-08
2.25561e-07
-5.46233e-08
2.27032e-07
-6.48034e-08
2.24722e-07
-7.30994e-08
2.39195e-07
-1.06584e-07
3.02851e-07
-1.99737e-07
4.5814e-07
-3.99897e-07
7.6923e-07
-3.27481e-07
1.19805e-07
5.00894e-07
8.23397e-07
1.09328e-06
1.31571e-06
1.49574e-06
1.63802e-06
1.74684e-06
1.82612e-06
1.87946e-06
1.91016e-06
1.92122e-06
1.91538e-06
1.8951e-06
1.86263e-06
1.81997e-06
1.76895e-06
1.71118e-06
1.64811e-06
1.58101e-06
1.51102e-06
1.43914e-06
1.36623e-06
1.29305e-06
1.22025e-06
1.14838e-06
1.07792e-06
1.00925e-06
9.42707e-07
8.78503e-07
8.16906e-07
7.58037e-07
7.0196e-07
6.48861e-07
5.98576e-07
5.51452e-07
5.06861e-07
4.65812e-07
4.26443e-07
3.917e-07
3.56516e-07
3.28829e-07
2.95802e-07
2.77091e-07
2.42458e-07
2.3678e-07
1.94073e-07
2.08633e-07
1.47893e-07
1.93495e-07
1.01489e-07
1.91347e-07
5.41061e-08
1.99893e-07
8.13434e-09
2.13419e-07
-3.05167e-08
2.23813e-07
-5.51366e-08
2.25373e-07
-6.48986e-08
2.22777e-07
-7.2532e-08
2.36496e-07
-1.04949e-07
2.98541e-07
-1.95969e-07
4.50562e-07
-3.92514e-07
7.56403e-07
-9.09386e-07
-4.18336e-07
4.10514e-09
3.65486e-07
6.71811e-07
9.28334e-07
1.14018e-06
1.31209e-06
1.44844e-06
1.55325e-06
1.63022e-06
1.68276e-06
1.71397e-06
1.72668e-06
1.72346e-06
1.70665e-06
1.67835e-06
1.64048e-06
1.59474e-06
1.54265e-06
1.48557e-06
1.42471e-06
1.36114e-06
1.2958e-06
1.22949e-06
1.16294e-06
1.09673e-06
1.03141e-06
9.67392e-07
9.0506e-07
8.44671e-07
7.86521e-07
7.30767e-07
6.77507e-07
6.26949e-07
5.7896e-07
5.33901e-07
4.91181e-07
4.51803e-07
4.1396e-07
3.80556e-07
3.46631e-07
3.19989e-07
2.88027e-07
2.70086e-07
2.36409e-07
2.31212e-07
1.89446e-07
2.04162e-07
1.44445e-07
1.89845e-07
9.90104e-08
1.88317e-07
5.2389e-08
1.97358e-07
6.96228e-09
2.11308e-07
-3.13258e-08
2.2202e-07
-5.5634e-08
2.23651e-07
-6.4942e-08
2.20722e-07
-7.18492e-08
2.33611e-07
-1.0312e-07
2.93956e-07
-1.91934e-07
4.426e-07
-3.84763e-07
7.42916e-07
-1.4788e-06
-9.45708e-07
-4.8344e-07
-8.45271e-08
2.57056e-07
5.46635e-07
7.89393e-07
9.90146e-07
1.15334e-06
1.28309e-06
1.3832e-06
1.45714e-06
1.50812e-06
1.53906e-06
1.55264e-06
1.55127e-06
1.53715e-06
1.51227e-06
1.47843e-06
1.43722e-06
1.39008e-06
1.33829e-06
1.28299e-06
1.22517e-06
1.16572e-06
1.10538e-06
1.04483e-06
9.84642e-07
9.25276e-07
8.67159e-07
8.10591e-07
7.55895e-07
7.03267e-07
6.52834e-07
6.04829e-07
5.59149e-07
5.1617e-07
4.75332e-07
4.37639e-07
4.01335e-07
3.69281e-07
3.36625e-07
3.11039e-07
2.80154e-07
2.62989e-07
2.3028e-07
2.25567e-07
1.84758e-07
1.99627e-07
1.40953e-07
1.8614e-07
9.65034e-08
1.85235e-07
5.06554e-08
1.94776e-07
5.78289e-09
2.09154e-07
-3.21339e-08
2.20184e-07
-5.61142e-08
2.21867e-07
-6.49309e-08
2.18554e-07
-7.1044e-08
2.3053e-07
-1.01083e-07
2.89085e-07
-1.8762e-07
4.34251e-07
-3.76641e-07
7.28782e-07
-2.03502e-06
-1.46166e-06
-9.61133e-07
-5.2608e-07
-1.50465e-07
1.71089e-07
4.43814e-07
6.72582e-07
8.61908e-07
1.01598e-06
1.13867e-06
1.23356e-06
1.30392e-06
1.35276e-06
1.38284e-06
1.39667e-06
1.39652e-06
1.38447e-06
1.36238e-06
1.33194e-06
1.29464e-06
1.25185e-06
1.20476e-06
1.15442e-06
1.10177e-06
1.04764e-06
9.92728e-07
9.37655e-07
8.82936e-07
8.29033e-07
7.76288e-07
7.25051e-07
6.75557e-07
6.27961e-07
5.82519e-07
5.39158e-07
4.98268e-07
4.59325e-07
4.23327e-07
3.88574e-07
3.5788e-07
3.26506e-07
3.01984e-07
2.72188e-07
2.55805e-07
2.24077e-07
2.19848e-07
1.80012e-07
1.95029e-07
1.37419e-07
1.82379e-07
9.39691e-08
1.82105e-07
4.89067e-08
1.9215e-07
4.59721e-09
2.0696e-07
-3.29401e-08
2.18304e-07
-5.65765e-08
2.20018e-07
-6.48626e-08
2.16268e-07
-7.01096e-08
2.27245e-07
-9.88287e-08
2.83917e-07
-1.83019e-07
4.25509e-07
-3.68149e-07
7.14016e-07
-2.57741e-06
-1.96558e-06
-1.42841e-06
-9.58643e-07
-5.50263e-07
-1.97849e-07
1.03861e-07
3.59784e-07
5.74489e-07
7.52229e-07
8.96944e-07
1.01228e-06
1.10159e-06
1.16797e-06
1.21425e-06
1.24301e-06
1.25661e-06
1.2572e-06
1.24671e-06
1.22691e-06
1.19935e-06
1.16547e-06
1.12651e-06
1.0836e-06
1.03773e-06
9.8976e-07
9.4046e-07
8.90489e-07
8.40408e-07
7.90713e-07
7.4179e-07
6.94014e-07
6.47657e-07
6.02904e-07
5.60033e-07
5.19e-07
4.8021e-07
4.43171e-07
4.08878e-07
3.75685e-07
3.46361e-07
3.16279e-07
2.92829e-07
2.64133e-07
2.48537e-07
2.17802e-07
2.14059e-07
1.75212e-07
1.90371e-07
1.33846e-07
1.78564e-07
9.14093e-08
1.78925e-07
4.71442e-08
1.89479e-07
3.40629e-09
2.04724e-07
-3.37437e-08
2.16381e-07
-5.70197e-08
2.18104e-07
-6.47344e-08
2.13861e-07
-6.90393e-08
2.23748e-07
-9.63438e-08
2.78439e-07
-1.78121e-07
4.16374e-07
-3.59288e-07
6.98638e-07
-3.10537e-06
-2.45691e-06
-1.88473e-06
-1.38172e-06
-9.41874e-07
-5.5975e-07
-2.3007e-07
5.21154e-08
2.91418e-07
4.9214e-07
6.58283e-07
7.93552e-07
9.01373e-07
9.84905e-07
1.04705e-06
1.09046e-06
1.11757e-06
1.1306e-06
1.13154e-06
1.12223e-06
1.1043e-06
1.07923e-06
1.04833e-06
1.01278e-06
9.73629e-07
9.3179e-07
8.88073e-07
8.43184e-07
7.97725e-07
7.52229e-07
7.07123e-07
6.62806e-07
6.19588e-07
5.77682e-07
5.37387e-07
4.98688e-07
4.62005e-07
4.26879e-07
3.94299e-07
3.62677e-07
3.3473e-07
3.0595e-07
2.83579e-07
2.55993e-07
2.41189e-07
2.1146e-07
2.08202e-07
1.70359e-07
1.85654e-07
1.30236e-07
1.74698e-07
8.88258e-08
1.75698e-07
4.53693e-08
1.86764e-07
2.21121e-09
2.02448e-07
-3.45439e-08
2.14414e-07
-5.74431e-08
2.16126e-07
-6.45442e-08
2.1133e-07
-6.7827e-08
2.20028e-07
-9.36173e-08
2.72641e-07
-1.72916e-07
4.06843e-07
-3.5006e-07
6.82669e-07
-3.61835e-06
-2.93512e-06
-2.32961e-06
-1.79485e-06
-1.32486e-06
-9.14211e-07
-5.57604e-07
-2.50079e-07
1.30107e-08
2.36006e-07
4.22955e-07
5.77619e-07
7.0348e-07
8.03759e-07
8.8142e-07
9.39187e-07
9.79552e-07
1.0048e-06
1.01699e-06
1.01802e-06
1.00958e-06
9.93211e-07
9.70284e-07
9.42028e-07
9.09537e-07
8.73782e-07
8.35612e-07
7.95778e-07
7.54921e-07
7.13611e-07
6.72312e-07
6.31451e-07
5.91371e-07
5.52312e-07
5.14596e-07
4.78237e-07
4.43667e-07
4.1046e-07
3.79601e-07
3.49557e-07
3.22995e-07
2.95526e-07
2.7424e-07
2.47773e-07
2.33765e-07
2.05053e-07
2.0228e-07
1.65456e-07
1.80881e-07
1.2659e-07
1.70781e-07
8.62203e-08
1.72424e-07
4.35835e-08
1.84006e-07
1.01299e-09
2.00132e-07
-3.53401e-08
2.12406e-07
-5.78459e-08
2.14082e-07
-6.42898e-08
2.08672e-07
-6.64667e-08
2.16079e-07
-9.06384e-08
2.66514e-07
-1.67397e-07
3.96917e-07
-3.40469e-07
6.66133e-07
-4.11586e-06
-3.39974e-06
-2.76259e-06
-2.19759e-06
-1.69883e-06
-1.26085e-06
-8.78391e-07
-5.46471e-07
-2.6043e-07
-1.5896e-08
1.91216e-07
3.64711e-07
5.08123e-07
6.24723e-07
7.17534e-07
7.89337e-07
8.42685e-07
8.79915e-07
9.03161e-07
9.14363e-07
9.15279e-07
9.07497e-07
8.92444e-07
8.71401e-07
8.45509e-07
8.15784e-07
7.8312e-07
7.48309e-07
7.1203e-07
6.74888e-07
6.37384e-07
5.99971e-07
5.63024e-07
5.26812e-07
4.91676e-07
4.57659e-07
4.25206e-07
3.93924e-07
3.64792e-07
3.36333e-07
3.11163e-07
2.85011e-07
2.64817e-07
2.39478e-07
2.26269e-07
1.98585e-07
1.96297e-07
1.60507e-07
1.76054e-07
1.22911e-07
1.66816e-07
8.35945e-08
1.69104e-07
4.1788e-08
1.81206e-07
-1.87576e-10
1.97778e-07
-3.61319e-08
2.10356e-07
-5.82278e-08
2.11973e-07
-6.39697e-08
2.05885e-07
-6.49531e-08
2.11894e-07
-8.73975e-08
2.60047e-07
-1.61557e-07
3.86596e-07
-3.3052e-07
6.49056e-07
-4.59745e-06
-3.85034e-06
-3.18326e-06
-2.58956e-06
-2.06339e-06
-1.59932e-06
-1.1921e-06
-8.36754e-07
-5.2862e-07
-2.63304e-07
-3.66938e-08
1.5505e-07
3.15502e-07
4.47981e-07
5.55557e-07
6.41064e-07
7.07108e-07
7.5608e-07
7.90168e-07
8.11366e-07
8.21485e-07
8.22164e-07
8.1488e-07
8.00962e-07
7.81597e-07
7.57844e-07
7.30641e-07
7.00815e-07
6.69086e-07
6.3609e-07
6.02365e-07
5.68389e-07
5.34568e-07
5.01199e-07
4.68642e-07
4.36969e-07
4.06635e-07
3.77283e-07
3.49881e-07
3.23013e-07
2.9924e-07
2.74413e-07
2.55315e-07
2.31112e-07
2.18705e-07
1.9206e-07
1.90255e-07
1.55513e-07
1.71175e-07
1.19201e-07
1.62803e-07
8.095e-08
1.65741e-07
3.9984e-08
1.78365e-07
-1.38962e-09
1.95385e-07
-3.69189e-08
2.08265e-07
-5.85887e-08
2.09799e-07
-6.35825e-08
2.02966e-07
-6.32816e-08
2.07465e-07
-8.38856e-08
2.53235e-07
-1.55391e-07
3.75883e-07
-3.20219e-07
6.31463e-07
-5.06271e-06
-4.28651e-06
-3.59123e-06
-2.97038e-06
-2.4182e-06
-1.92929e-06
-1.49842e-06
-1.12064e-06
-7.91289e-07
-5.05968e-07
-2.60545e-07
-5.11548e-08
1.25811e-07
2.73708e-07
3.95649e-07
4.94512e-07
5.72951e-07
6.33407e-07
6.78116e-07
7.09121e-07
7.28283e-07
7.37288e-07
7.3766e-07
7.30773e-07
7.17856e-07
7.00012e-07
6.78216e-07
6.53334e-07
6.26121e-07
5.97247e-07
5.6728e-07
5.36727e-07
5.06024e-07
4.75491e-07
4.4551e-07
4.1618e-07
3.87966e-07
3.60545e-07
3.34878e-07
3.09605e-07
2.87233e-07
2.63738e-07
2.45739e-07
2.2268e-07
2.11077e-07
1.85481e-07
1.84157e-07
1.50478e-07
1.66246e-07
1.15463e-07
1.58744e-07
7.82897e-08
1.62332e-07
3.81746e-08
1.75482e-07
-2.58993e-09
1.92953e-07
-3.76979e-08
2.06132e-07
-5.89255e-08
2.07558e-07
-6.31246e-08
1.99911e-07
-6.14457e-08
2.02787e-07
-8.00926e-08
2.46066e-07
-1.4889e-07
3.64777e-07
-3.09567e-07
6.13376e-07
-5.5113e-06
-4.70792e-06
-3.98616e-06
-3.33973e-06
-2.76294e-06
-2.25045e-06
-1.79706e-06
-1.39785e-06
-1.04818e-06
-7.43653e-07
-4.80119e-07
-2.53701e-07
-6.07657e-08
1.02073e-07
2.37963e-07
3.49821e-07
4.40343e-07
5.12012e-07
5.67109e-07
6.07723e-07
6.35758e-07
6.52945e-07
6.60851e-07
6.60892e-07
6.54339e-07
6.42333e-07
6.25887e-07
6.05903e-07
5.83169e-07
5.58386e-07
5.32156e-07
5.05009e-07
4.77411e-07
4.49705e-07
4.22296e-07
3.95305e-07
3.6921e-07
3.43722e-07
3.19791e-07
2.96117e-07
2.7515e-07
2.52991e-07
2.36095e-07
2.14188e-07
2.03389e-07
1.78852e-07
1.78006e-07
1.45406e-07
1.61268e-07
1.11701e-07
1.54637e-07
7.56182e-08
1.58877e-07
3.63657e-08
1.72552e-07
-3.78155e-09
1.90476e-07
-3.84615e-08
2.0395e-07
-5.92307e-08
2.05244e-07
-6.25884e-08
1.96714e-07
-5.94368e-08
1.97848e-07
-7.60067e-08
2.38531e-07
-1.42044e-07
3.53272e-07
-2.98558e-07
5.94803e-07
-5.9429e-06
-5.11424e-06
-4.36774e-06
-3.69729e-06
-3.09732e-06
-2.56251e-06
-2.08775e-06
-1.66814e-06
-1.29907e-06
-9.76135e-07
-6.95209e-07
-4.52397e-07
-2.4405e-07
-6.67605e-08
8.2649e-08
2.07128e-07
3.09407e-07
3.92007e-07
4.57249e-07
5.07262e-07
5.43991e-07
5.69208e-07
5.84519e-07
5.91379e-07
5.91098e-07
5.84854e-07
5.73695e-07
5.58557e-07
5.40261e-07
5.19537e-07
4.97017e-07
4.73257e-07
4.48748e-07
4.2386e-07
3.99013e-07
3.74357e-07
3.5038e-07
3.26823e-07
3.0463e-07
2.82557e-07
2.62996e-07
2.42179e-07
2.26388e-07
2.05638e-07
1.95646e-07
1.72177e-07
1.71806e-07
1.40298e-07
1.56246e-07
1.07914e-07
1.50489e-07
7.29323e-08
1.55382e-07
3.45509e-08
1.69586e-07
-4.9739e-09
1.87966e-07
-3.92217e-08
2.01733e-07
-5.95175e-08
2.0287e-07
-6.19859e-08
1.93385e-07
-5.72626e-08
1.92655e-07
-7.1633e-08
2.30636e-07
-1.34864e-07
3.4139e-07
-2.87225e-07
5.75799e-07
-6.35724e-06
-5.50522e-06
-4.73571e-06
-4.04282e-06
-3.42109e-06
-2.86525e-06
-2.37026e-06
-1.93129e-06
-1.54373e-06
-1.20322e-06
-9.05628e-07
-6.47069e-07
-4.23883e-07
-2.32645e-07
-7.01574e-08
6.65558e-08
1.80255e-07
2.73495e-07
3.48629e-07
4.07823e-07
4.53059e-07
4.86145e-07
5.08724e-07
5.22289e-07
5.28183e-07
5.2762e-07
5.21681e-07
5.11333e-07
4.97429e-07
4.80727e-07
4.61888e-07
4.41493e-07
4.20055e-07
3.97971e-07
3.75678e-07
3.53351e-07
3.31486e-07
3.0986e-07
2.89404e-07
2.68933e-07
2.50782e-07
2.31306e-07
2.16625e-07
1.97035e-07
1.87855e-07
1.65452e-07
1.65568e-07
1.35144e-07
1.51198e-07
1.04081e-07
1.46331e-07
7.01959e-08
1.51896e-07
3.26745e-08
1.6665e-07
-6.2433e-09
1.85509e-07
-4.00703e-08
1.99579e-07
-5.98816e-08
2.00529e-07
-6.14027e-08
1.90003e-07
-5.49932e-08
1.87276e-07
-6.70389e-08
2.22464e-07
-1.27453e-07
3.29275e-07
-2.75745e-07
5.56585e-07
-6.74593e-06
-5.87293e-06
-5.0826e-06
-4.36927e-06
-3.7276e-06
-3.15243e-06
-2.63876e-06
-2.18183e-06
-1.77707e-06
-1.42016e-06
-1.10698e-06
-8.33639e-07
-5.96488e-07
-3.92092e-07
-2.17236e-07
-6.89277e-08
5.56187e-08
1.58983e-07
2.4355e-07
3.11515e-07
3.64892e-07
4.05521e-07
4.35079e-07
4.55091e-07
4.66933e-07
4.71849e-07
4.70952e-07
4.65237e-07
4.55586e-07
4.42785e-07
4.27519e-07
4.10393e-07
3.91945e-07
3.72592e-07
3.52789e-07
3.32734e-07
3.12934e-07
2.93195e-07
2.74438e-07
2.55536e-07
2.38766e-07
2.20606e-07
2.07017e-07
1.88559e-07
1.80184e-07
1.58819e-07
1.59429e-07
1.30049e-07
1.4624e-07
1.00274e-07
1.42264e-07
6.74499e-08
1.48514e-07
3.07497e-08
1.63841e-07
-7.5993e-09
1.83199e-07
-4.1033e-08
1.97577e-07
-6.03601e-08
1.98314e-07
-6.08897e-08
1.86673e-07
-5.27053e-08
1.8185e-07
-6.2347e-08
2.14219e-07
-1.20015e-07
3.17249e-07
-2.64441e-07
5.37651e-07
-7.11373e-06
-6.22177e-06
-5.41247e-06
-4.68039e-06
-4.02034e-06
-3.42726e-06
-2.89621e-06
-2.42251e-06
-2.00163e-06
-1.62928e-06
-1.30138e-06
-1.01406e-06
-7.63651e-07
-5.46733e-07
-3.60082e-07
-2.00687e-07
-6.57486e-08
4.73372e-08
1.40978e-07
2.17396e-07
2.78632e-07
3.26557e-07
3.62877e-07
3.89144e-07
4.06766e-07
4.17014e-07
4.2103e-07
4.19837e-07
4.14343e-07
4.05357e-07
3.93592e-07
3.79673e-07
3.6416e-07
3.47491e-07
3.30137e-07
3.12321e-07
2.94554e-07
2.76677e-07
2.59597e-07
2.42247e-07
2.26839e-07
2.09987e-07
1.97467e-07
1.8015e-07
1.72546e-07
1.52249e-07
1.53294e-07
1.25029e-07
1.41247e-07
9.65694e-08
1.38111e-07
6.4852e-08
1.44984e-07
2.90318e-08
1.60813e-07
-8.68904e-09
1.80612e-07
-4.16862e-08
1.95264e-07
-6.05109e-08
1.95775e-07
-6.00404e-08
1.82999e-07
-5.00413e-08
1.76008e-07
-5.71848e-08
2.05448e-07
-1.11998e-07
3.04581e-07
-2.52427e-07
5.17864e-07
-7.47176e-06
-6.56222e-06
-5.73522e-06
-4.98551e-06
-4.3081e-06
-3.69798e-06
-3.15033e-06
-2.66054e-06
-2.22413e-06
-1.83687e-06
-1.49469e-06
-1.19375e-06
-9.30407e-07
-7.01233e-07
-5.03005e-07
-3.32705e-07
-1.87519e-07
-6.4826e-08
3.78009e-08
1.22607e-07
1.91657e-07
2.46849e-07
2.89915e-07
3.22434e-07
3.45842e-07
3.61437e-07
3.70387e-07
3.7374e-07
3.72431e-07
3.67293e-07
3.59062e-07
3.48384e-07
3.3584e-07
3.2189e-07
3.07021e-07
2.91476e-07
2.75776e-07
2.59793e-07
2.44419e-07
2.28652e-07
2.14629e-07
1.99116e-07
1.87682e-07
1.71539e-07
1.6471e-07
1.45525e-07
1.46985e-07
1.19901e-07
1.36093e-07
9.28081e-08
1.33797e-07
6.22503e-08
1.41279e-07
2.73625e-08
1.57595e-07
-9.68531e-09
1.77821e-07
-4.22141e-08
1.92738e-07
-6.05089e-08
1.92999e-07
-5.8984e-08
1.79009e-07
-4.70533e-08
1.697e-07
-5.15305e-08
1.96036e-07
-1.03362e-07
2.91141e-07
-2.39662e-07
4.97005e-07
-7.81908e-06
-6.89341e-06
-6.05002e-06
-5.28389e-06
-4.59017e-06
-3.96397e-06
-3.40057e-06
-2.89542e-06
-2.44413e-06
-2.04251e-06
-1.68654e-06
-1.3724e-06
-1.09647e-06
-8.55342e-07
-6.45787e-07
-4.64789e-07
-3.09524e-07
-1.77361e-07
-6.58559e-08
2.72554e-08
1.0406e-07
1.66475e-07
2.1626e-07
2.55018e-07
2.84209e-07
3.05156e-07
3.19053e-07
3.26972e-07
3.29872e-07
3.28609e-07
3.23941e-07
3.16537e-07
3.06995e-07
2.95797e-07
2.83444e-07
2.70204e-07
2.56601e-07
2.42544e-07
2.28904e-07
2.14749e-07
2.02138e-07
1.87991e-07
1.77662e-07
1.62719e-07
1.56679e-07
1.38636e-07
1.40515e-07
1.14647e-07
1.30803e-07
8.8955e-08
1.29363e-07
5.95884e-08
1.37466e-07
2.56586e-08
1.5428e-07
-1.06997e-08
1.74946e-07
-4.27497e-08
1.90133e-07
-6.04927e-08
1.90116e-07
-5.78466e-08
1.74817e-07
-4.38464e-08
1.63021e-07
-4.54855e-08
1.86101e-07
-9.42532e-08
2.7712e-07
-2.26396e-07
4.75389e-07
-8.15466e-06
-7.21438e-06
-6.35602e-06
-5.57474e-06
-4.86585e-06
-4.22459e-06
-3.64633e-06
-3.12662e-06
-2.66115e-06
-2.24577e-06
-1.87654e-06
-1.54966e-06
-1.26155e-06
-1.00879e-06
-7.88195e-07
-5.96735e-07
-4.31587e-07
-2.90113e-07
-1.69857e-07
-6.85415e-08
1.59387e-08
8.55215e-08
1.41985e-07
1.86956e-07
2.21918e-07
2.48215e-07
2.67065e-07
2.79563e-07
2.8669e-07
2.89325e-07
2.88247e-07
2.84143e-07
2.77633e-07
2.69217e-07
2.59412e-07
2.48507e-07
2.37033e-07
2.24931e-07
2.13054e-07
2.00539e-07
1.89364e-07
1.76609e-07
1.67407e-07
1.53691e-07
1.48454e-07
1.31579e-07
1.33884e-07
1.09262e-07
1.25377e-07
8.50065e-08
1.24811e-07
5.68616e-08
1.3355e-07
2.39142e-08
1.50875e-07
-1.17395e-08
1.71995e-07
-4.33022e-08
1.8746e-07
-6.0473e-08
1.87138e-07
-5.66385e-08
1.70431e-07
-4.04278e-08
1.55976e-07
-3.90537e-08
1.75643e-07
-8.46772e-08
2.62527e-07
-2.12643e-07
4.53058e-07
-8.47746e-06
-7.52421e-06
-6.65236e-06
-5.85727e-06
-5.13442e-06
-4.47917e-06
-3.88701e-06
-3.35359e-06
-2.87469e-06
-2.44623e-06
-2.0643e-06
-1.72519e-06
-1.42531e-06
-1.16131e-06
-9.29981e-07
-7.28324e-07
-5.53516e-07
-4.02915e-07
-2.74059e-07
-1.64659e-07
-7.25973e-08
4.08018e-09
6.71698e-08
1.18317e-07
1.59026e-07
1.90662e-07
2.14463e-07
2.31546e-07
2.42914e-07
2.49463e-07
2.51996e-07
2.51218e-07
2.47766e-07
2.42162e-07
2.34932e-07
2.26393e-07
2.17075e-07
2.06958e-07
1.96871e-07
1.86023e-07
1.7631e-07
1.64972e-07
1.56919e-07
1.44453e-07
1.40035e-07
1.24353e-07
1.27091e-07
1.03748e-07
1.19813e-07
8.0964e-08
1.20139e-07
5.40739e-08
1.29523e-07
2.21363e-08
1.47369e-07
-1.27945e-08
1.68955e-07
-4.38597e-08
1.84705e-07
-6.04391e-08
1.84054e-07
-5.53512e-08
1.65843e-07
-3.67899e-08
1.48556e-07
-3.2226e-08
1.64651e-07
-7.46212e-08
2.47345e-07
-1.98384e-07
4.30007e-07
-8.78646e-06
-7.82193e-06
-6.93815e-06
-6.13066e-06
-5.39512e-06
-4.72703e-06
-4.12199e-06
-3.57577e-06
-3.08424e-06
-2.6434e-06
-2.24942e-06
-1.8986e-06
-1.58744e-06
-1.31259e-06
-1.07089e-06
-8.5933e-07
-6.75111e-07
-5.15592e-07
-3.78307e-07
-2.60964e-07
-1.61433e-07
-7.7749e-08
-8.10076e-09
4.9174e-08
9.55955e-08
1.32549e-07
1.61292e-07
1.82959e-07
1.98573e-07
2.09051e-07
2.15212e-07
2.1778e-07
2.1741e-07
2.14641e-07
2.10014e-07
2.03867e-07
1.96733e-07
1.88628e-07
1.80358e-07
1.71203e-07
1.62976e-07
1.53081e-07
1.46196e-07
1.35005e-07
1.31421e-07
1.16959e-07
1.20136e-07
9.81029e-08
1.14111e-07
7.68269e-08
1.15344e-07
5.12253e-08
1.25384e-07
2.03264e-08
1.43759e-07
-1.38622e-08
1.65823e-07
-4.44195e-08
1.81865e-07
-6.03894e-08
1.80862e-07
-5.39852e-08
1.61053e-07
-3.29343e-08
1.40762e-07
-2.50039e-08
1.53126e-07
-6.40865e-08
2.31575e-07
-1.83617e-07
4.06246e-07
-9.08063e-06
-8.1066e-06
-7.21251e-06
-6.3941e-06
-5.64721e-06
-4.96747e-06
-4.35064e-06
-3.79259e-06
-3.28929e-06
-2.83683e-06
-2.43145e-06
-2.06953e-06
-1.7476e-06
-1.46234e-06
-1.21064e-06
-9.89512e-07
-7.96161e-07
-6.27957e-07
-4.8244e-07
-3.57314e-07
-2.50445e-07
-1.5986e-07
-8.37349e-08
-2.03953e-08
3.16942e-08
7.39347e-08
1.076e-07
1.33843e-07
1.53703e-07
1.68115e-07
1.77916e-07
1.83847e-07
1.86579e-07
1.86668e-07
1.84668e-07
1.80938e-07
1.76014e-07
1.69946e-07
1.63519e-07
1.56082e-07
1.49365e-07
1.40936e-07
1.3524e-07
1.25348e-07
1.22614e-07
1.09396e-07
1.13019e-07
9.23263e-08
1.08272e-07
7.25937e-08
1.10428e-07
4.83145e-08
1.21133e-07
1.84836e-08
1.40045e-07
-1.49428e-08
1.62598e-07
-4.49824e-08
1.78942e-07
-6.03268e-08
1.77565e-07
-5.25457e-08
1.56066e-07
-2.88673e-08
1.326e-07
-1.73956e-08
1.41076e-07
-5.30826e-08
2.15225e-07
-1.68355e-07
3.81795e-07
-9.35892e-06
-8.37723e-06
-7.47454e-06
-6.64675e-06
-5.8899e-06
-5.19979e-06
-4.57231e-06
-4.00345e-06
-3.48929e-06
-3.02603e-06
-2.60997e-06
-2.23757e-06
-1.90542e-06
-1.61025e-06
-1.34896e-06
-1.11862e-06
-9.16445e-07
-7.39818e-07
-5.86287e-07
-4.53561e-07
-3.39505e-07
-2.42139e-07
-1.59635e-07
-9.03063e-08
-3.26062e-08
1.48798e-08
5.34394e-08
8.42413e-08
1.08341e-07
1.26688e-07
1.40136e-07
1.49443e-07
1.55292e-07
1.58258e-07
1.58906e-07
1.57615e-07
1.54926e-07
1.50919e-07
1.46359e-07
1.40664e-07
1.35479e-07
1.28539e-07
1.24054e-07
1.15482e-07
1.13615e-07
1.01664e-07
1.05742e-07
8.6417e-08
1.02296e-07
6.82632e-08
1.05391e-07
4.53402e-08
1.16771e-07
1.66071e-08
1.36226e-07
-1.60367e-08
1.59279e-07
-4.5549e-08
1.75936e-07
-6.0254e-08
1.74167e-07
-5.10383e-08
1.50888e-07
-2.45976e-08
1.24079e-07
-9.41303e-09
1.28513e-07
-4.1623e-08
1.98309e-07
-1.52609e-07
3.5667e-07
-9.62032e-06
-8.63289e-06
-7.72334e-06
-6.88778e-06
-6.12244e-06
-5.42328e-06
-4.78634e-06
-4.20775e-06
-3.6837e-06
-3.21049e-06
-2.78452e-06
-2.40232e-06
-2.06054e-06
-1.75597e-06
-1.48556e-06
-1.2464e-06
-1.03573e-06
-8.5097e-07
-6.8967e-07
-5.49548e-07
-4.28474e-07
-3.24469e-07
-2.35698e-07
-1.6047e-07
-9.72285e-08
-4.45495e-08
-1.13283e-09
3.4203e-08
6.2527e-08
8.48037e-08
1.01901e-07
1.14589e-07
1.23568e-07
1.29427e-07
1.32742e-07
1.33911e-07
1.33477e-07
1.31554e-07
1.28883e-07
1.24953e-07
1.21323e-07
1.15894e-07
1.1264e-07
1.05408e-07
1.04425e-07
9.37619e-08
9.83066e-08
8.03746e-08
9.61859e-08
6.38342e-08
1.00234e-07
4.23015e-08
1.12297e-07
1.46968e-08
1.32303e-07
-1.71434e-08
1.55866e-07
-4.61196e-08
1.72847e-07
-6.01735e-08
1.70672e-07
-4.94695e-08
1.45527e-07
-2.01358e-08
1.15212e-07
-1.0721e-09
1.15454e-07
-2.97256e-08
1.80843e-07
-1.36394e-07
3.30884e-07
-9.8638e-06
-8.87261e-06
-7.95802e-06
-7.11636e-06
-6.34405e-06
-5.63723e-06
-4.99208e-06
-4.40488e-06
-3.87196e-06
-3.38972e-06
-2.95465e-06
-2.56337e-06
-2.21259e-06
-1.89918e-06
-1.62013e-06
-1.37257e-06
-1.15379e-06
-9.61203e-07
-7.92401e-07
-6.45111e-07
-5.17209e-07
-4.06722e-07
-3.11814e-07
-2.3079e-07
-1.62091e-07
-1.04282e-07
-5.60563e-08
-1.62204e-08
1.63062e-08
4.25e-08
6.32414e-08
7.93147e-08
9.14306e-08
1.00195e-07
1.06191e-07
1.09838e-07
1.11679e-07
1.1186e-07
1.11099e-07
1.08955e-07
1.06901e-07
1.03003e-07
1.01e-07
9.51292e-08
9.50463e-08
8.56917e-08
9.07139e-08
7.41986e-08
8.99422e-08
5.9306e-08
9.49597e-08
3.91976e-08
1.07713e-07
1.27521e-08
1.28274e-07
-1.82626e-08
1.52359e-07
-4.6694e-08
1.69676e-07
-6.0088e-08
1.67084e-07
-4.78466e-08
1.39993e-07
-1.54951e-08
1.06015e-07
7.60683e-09
1.01921e-07
-1.7413e-08
1.62848e-07
-1.19732e-07
3.04452e-07
-1.00884e-05
-9.09545e-06
-8.1777e-06
-7.33165e-06
-6.55395e-06
-5.8409e-06
-5.18886e-06
-4.59424e-06
-4.05351e-06
-3.56319e-06
-3.11988e-06
-2.72028e-06
-2.36119e-06
-2.03954e-06
-1.75237e-06
-1.49687e-06
-1.27036e-06
-1.0703e-06
-8.94287e-07
-7.40078e-07
-6.05561e-07
-4.88767e-07
-3.87867e-07
-3.01168e-07
-2.27106e-07
-1.64244e-07
-1.11266e-07
-6.69732e-08
-3.02743e-08
-1.82791e-10
2.41925e-08
4.36475e-08
5.89037e-08
7.05803e-08
7.92699e-08
8.54092e-08
8.95425e-08
9.18457e-08
9.30153e-08
9.26762e-08
9.22188e-08
8.98709e-08
8.91389e-08
8.46469e-08
8.54827e-08
7.74542e-08
8.29665e-08
6.78893e-08
8.35675e-08
5.46779e-08
8.95689e-08
3.60275e-08
1.03019e-07
1.07731e-08
1.24141e-07
-1.93937e-08
1.48756e-07
-4.72723e-08
1.66425e-07
-6.00003e-08
1.63407e-07
-4.61778e-08
1.34296e-07
-1.06911e-08
9.65069e-08
1.65988e-08
8.79413e-08
-4.71357e-09
1.44348e-07
-1.02645e-07
2.7739e-07
-1.02931e-05
-9.30049e-06
-8.38151e-06
-7.53285e-06
-6.75138e-06
-6.0336e-06
-5.37602e-06
-4.77522e-06
-4.2278e-06
-3.7304e-06
-3.27975e-06
-2.87263e-06
-2.50594e-06
-2.17668e-06
-1.88196e-06
-1.61901e-06
-1.3852e-06
-1.17803e-06
-9.95128e-07
-8.34273e-07
-6.93371e-07
-5.70467e-07
-4.63739e-07
-3.71498e-07
-2.92183e-07
-2.24355e-07
-1.66694e-07
-1.17996e-07
-7.71636e-08
-4.32012e-08
-1.52087e-08
7.61936e-09
2.60142e-08
4.06072e-08
5.19986e-08
6.06419e-08
6.70817e-08
7.15231e-08
7.46407e-08
7.61243e-08
7.72829e-08
7.65028e-08
7.70612e-08
7.39647e-08
7.57371e-08
6.9051e-08
7.50673e-08
6.14469e-08
7.70641e-08
4.99494e-08
8.40642e-08
3.27907e-08
9.82178e-08
8.75933e-09
1.19902e-07
-2.05361e-08
1.45056e-07
-4.7854e-08
1.63093e-07
-5.99135e-08
1.59649e-07
-4.44726e-08
1.2845e-07
-5.74217e-09
8.6712e-08
2.58743e-08
7.35488e-08
8.3392e-09
1.25376e-07
-8.51623e-08
2.4972e-07
-1.0477e-05
-9.48685e-06
-8.56859e-06
-7.71915e-06
-6.93559e-06
-6.21461e-06
-5.55289e-06
-4.94719e-06
-4.39424e-06
-3.89082e-06
-3.43377e-06
-3.01999e-06
-2.64646e-06
-2.31026e-06
-2.00857e-06
-1.73869e-06
-1.49804e-06
-1.28416e-06
-1.09472e-06
-9.27512e-07
-7.80479e-07
-6.51678e-07
-5.39303e-07
-4.41671e-07
-3.57226e-07
-2.84531e-07
-2.22268e-07
-1.69227e-07
-1.24308e-07
-8.65086e-08
-5.49226e-08
-2.87356e-08
-7.20886e-09
1.03e-08
2.43978e-08
3.55534e-08
4.43114e-08
5.09044e-08
5.5986e-08
5.9308e-08
6.21005e-08
6.29045e-08
6.47722e-08
6.30863e-08
6.58136e-08
6.04842e-08
6.70196e-08
5.48723e-08
7.04352e-08
4.51203e-08
7.8448e-08
2.94864e-08
9.33104e-08
6.7108e-09
1.1556e-07
-2.16891e-08
1.41261e-07
-4.84389e-08
1.59681e-07
-5.98305e-08
1.55813e-07
-4.27411e-08
1.22471e-07
-6.69161e-10
7.66573e-08
3.53991e-08
5.87817e-08
2.1706e-08
1.05968e-07
-6.73196e-08
2.21465e-07
-1.06392e-05
-9.65366e-06
-8.73813e-06
-7.88976e-06
-7.10583e-06
-6.38324e-06
-5.71885e-06
-5.10956e-06
-4.55229e-06
-4.04395e-06
-3.58148e-06
-3.16192e-06
-2.78234e-06
-2.4399e-06
-2.13188e-06
-1.85563e-06
-1.60862e-06
-1.38846e-06
-1.19284e-06
-1.01961e-06
-8.66717e-07
-7.32255e-07
-6.14429e-07
-5.11571e-07
-4.22134e-07
-3.44686e-07
-2.7791e-07
-2.206e-07
-1.7165e-07
-1.30056e-07
-9.49065e-08
-6.5381e-08
-4.07342e-08
-2.03146e-08
-3.50984e-09
1.01631e-08
2.12481e-08
3.00037e-08
3.70628e-08
4.22373e-08
4.66803e-08
4.90828e-08
5.22779e-08
5.20163e-08
5.5717e-08
5.17566e-08
5.88273e-08
4.81667e-08
6.36841e-08
4.01906e-08
7.27236e-08
2.61143e-08
8.82993e-08
4.62741e-09
1.11113e-07
-2.28518e-08
1.37368e-07
-4.90261e-08
1.56191e-07
-5.97543e-08
1.51908e-07
-4.09945e-08
1.16373e-07
4.50457e-09
6.63735e-08
4.51346e-08
4.36842e-08
3.53418e-08
8.61674e-08
-4.91577e-08
1.92658e-07
-1.07789e-05
-9.8001e-06
-8.88934e-06
-8.04394e-06
-7.2614e-06
-6.53881e-06
-5.87323e-06
-5.26174e-06
-4.7014e-06
-4.18926e-06
-3.72241e-06
-3.29799e-06
-2.91319e-06
-2.56526e-06
-2.25156e-06
-1.96952e-06
-1.71668e-06
-1.49068e-06
-1.28929e-06
-1.11037e-06
-9.51914e-07
-8.12043e-07
-6.88983e-07
-5.81081e-07
-4.86803e-07
-4.04728e-07
-3.33543e-07
-2.72044e-07
-2.19129e-07
-1.73791e-07
-1.35115e-07
-1.02278e-07
-7.45283e-08
-5.12078e-08
-3.16995e-08
-1.5508e-08
-2.09027e-09
8.83614e-09
1.78843e-08
2.4923e-08
3.10317e-08
3.50457e-08
3.95854e-08
4.07602e-08
4.54524e-08
4.28714e-08
5.04947e-08
4.13316e-08
5.6815e-08
3.51607e-08
6.68945e-08
2.26739e-08
8.3187e-08
2.50916e-09
1.06564e-07
-2.40231e-08
1.33378e-07
-4.96148e-08
1.52624e-07
-5.96879e-08
1.47941e-07
-3.92448e-08
1.10177e-07
9.75334e-09
5.58952e-08
5.50382e-08
2.83058e-08
4.91958e-08
6.60243e-08
-3.07248e-08
1.63343e-07
-1.08952e-05
-9.9254e-06
-9.02148e-06
-8.18097e-06
-7.40161e-06
-6.68068e-06
-6.01545e-06
-5.40315e-06
-4.84101e-06
-4.32625e-06
-3.85608e-06
-3.42777e-06
-3.03861e-06
-2.68597e-06
-2.36729e-06
-2.08007e-06
-1.82194e-06
-1.59059e-06
-1.38383e-06
-1.19959e-06
-1.0359e-06
-8.90889e-07
-7.62827e-07
-6.50079e-07
-5.51127e-07
-4.64562e-07
-3.89082e-07
-3.23489e-07
-2.66682e-07
-2.17658e-07
-1.75501e-07
-1.39384e-07
-1.08555e-07
-8.23487e-08
-6.01446e-08
-4.14369e-08
-2.5684e-08
-1.25814e-08
-1.53504e-09
7.37753e-09
1.51652e-08
2.08018e-08
2.67026e-08
2.93239e-08
3.50259e-08
3.38327e-08
4.2027e-08
3.43692e-08
4.98321e-08
3.0031e-08
6.09647e-08
1.9165e-08
7.79768e-08
3.56069e-10
1.01914e-07
-2.52019e-08
1.29291e-07
-5.02038e-08
1.48981e-07
-5.9634e-08
1.43918e-07
-3.75043e-08
1.03902e-07
1.50493e-08
4.52597e-08
6.50631e-08
1.2701e-08
6.32117e-08
4.55958e-08
-1.20765e-08
1.33576e-07
-1.09874e-05
-1.00288e-05
-9.13383e-06
-8.30017e-06
-7.5258e-06
-6.80823e-06
-6.1449e-06
-5.53323e-06
-4.97062e-06
-4.45444e-06
-3.98204e-06
-3.55083e-06
-3.15822e-06
-2.80167e-06
-2.47873e-06
-2.18698e-06
-1.92413e-06
-1.68793e-06
-1.47626e-06
-1.28709e-06
-1.11848e-06
-9.68632e-07
-8.35819e-07
-7.18439e-07
-6.14993e-07
-5.24091e-07
-4.44442e-07
-3.74857e-07
-3.14243e-07
-2.61599e-07
-2.16013e-07
-1.76657e-07
-1.42777e-07
-1.13704e-07
-8.88167e-08
-6.7599e-08
-4.9512e-08
-3.42307e-08
-2.11796e-08
-1.03857e-08
-9.07347e-10
6.36101e-09
1.36381e-08
1.77145e-08
2.44444e-08
2.46451e-08
3.34295e-08
2.7282e-08
4.27405e-08
2.48025e-08
5.49388e-08
1.55876e-08
7.26722e-08
-1.83176e-09
9.7165e-08
-2.6387e-08
1.25107e-07
-5.07915e-08
1.45263e-07
-5.95954e-08
1.39848e-07
-3.57864e-08
9.75686e-08
2.03626e-08
3.45078e-08
7.51592e-08
-3.07046e-09
7.73274e-08
2.49467e-08
6.72337e-09
1.03425e-07
-1.1055e-05
-1.01098e-05
-9.22576e-06
-8.40091e-06
-7.63337e-06
-6.92086e-06
-6.26101e-06
-5.65144e-06
-5.08971e-06
-4.57334e-06
-4.09985e-06
-3.66677e-06
-3.27162e-06
-2.91201e-06
-2.58556e-06
-2.28996e-06
-2.02298e-06
-1.78246e-06
-1.56635e-06
-1.37265e-06
-1.1995e-06
-1.04511e-06
-9.07817e-07
-7.86033e-07
-6.7829e-07
-5.83214e-07
-4.99534e-07
-4.26071e-07
-3.61743e-07
-3.05556e-07
-2.566e-07
-2.1405e-07
-1.77154e-07
-1.4524e-07
-1.17685e-07
-9.39681e-08
-7.35512e-08
-5.6092e-08
-4.10321e-08
-2.83521e-08
-1.71733e-08
-8.26579e-09
4.01642e-10
5.9398e-09
1.37152e-08
1.53139e-08
2.47084e-08
2.00733e-08
3.55457e-08
1.94766e-08
4.88218e-08
1.19416e-08
6.72776e-08
-4.05419e-09
9.2319e-08
-2.7577e-08
1.20826e-07
-5.13763e-08
1.4147e-07
-5.95742e-08
1.35739e-07
-3.41043e-08
9.12002e-08
2.56619e-08
2.36827e-08
8.52733e-08
-1.89446e-08
9.14754e-08
4.14964e-09
2.56025e-08
7.29784e-08
-1.10972e-05
-1.01676e-05
-9.2967e-06
-8.48262e-06
-7.72375e-06
-7.01803e-06
-6.36328e-06
-5.7573e-06
-5.19781e-06
-4.68252e-06
-4.20909e-06
-3.77518e-06
-3.37847e-06
-3.01665e-06
-2.68747e-06
-2.38871e-06
-2.11823e-06
-1.87395e-06
-1.65387e-06
-1.45608e-06
-1.27876e-06
-1.12017e-06
-9.78674e-07
-8.52732e-07
-7.40899e-07
-6.41829e-07
-5.54266e-07
-4.7705e-07
-4.09111e-07
-3.49463e-07
-2.97205e-07
-2.51515e-07
-2.11643e-07
-1.76918e-07
-1.46718e-07
-1.20516e-07
-9.77772e-08
-7.81439e-08
-6.10742e-08
-4.65053e-08
-3.36185e-08
-2.30666e-08
-1.29961e-08
-5.99139e-09
2.84656e-09
5.84517e-09
1.58706e-08
1.27468e-08
2.82536e-08
1.40548e-08
4.26193e-08
8.22739e-09
6.17976e-08
-6.31104e-09
8.7379e-08
-2.87704e-08
1.16449e-07
-5.1956e-08
1.37605e-07
-5.95723e-08
1.31599e-07
-3.24718e-08
8.48203e-08
3.09145e-08
1.28299e-08
9.53494e-08
-3.48531e-08
1.05583e-07
-1.67147e-08
4.44796e-08
4.23385e-08
-1.11136e-05
-1.02019e-05
-9.34612e-06
-8.5448e-06
-7.79645e-06
-7.09925e-06
-6.45121e-06
-5.85031e-06
-5.29447e-06
-4.78154e-06
-4.30934e-06
-3.87569e-06
-3.47838e-06
-3.11525e-06
-2.78414e-06
-2.48294e-06
-2.20961e-06
-1.96214e-06
-1.73862e-06
-1.53719e-06
-1.35609e-06
-1.19364e-06
-1.04824e-06
-9.18403e-07
-8.02705e-07
-6.99829e-07
-6.08545e-07
-5.27712e-07
-4.56273e-07
-3.93258e-07
-3.37772e-07
-2.89001e-07
-2.462e-07
-2.087e-07
-1.75881e-07
-1.47212e-07
-1.22164e-07
-1.00364e-07
-8.12857e-08
-6.48282e-08
-5.02278e-08
-3.80283e-08
-2.65436e-08
-1.80693e-08
-8.15239e-09
-3.75412e-09
6.92338e-09
5.30688e-09
2.08708e-08
8.53939e-09
3.63375e-08
4.44545e-09
5.62375e-08
-8.6021e-09
8.23483e-08
-2.99657e-08
1.11977e-07
-5.2528e-08
1.33667e-07
-5.9591e-08
1.27437e-07
-3.09022e-08
7.84532e-08
3.60867e-08
1.99703e-09
1.05329e-07
-5.07237e-08
1.19573e-07
-3.75574e-08
6.32646e-08
1.16269e-08
-1.11039e-05
-1.02121e-05
-9.37362e-06
-8.58699e-06
-7.85102e-06
-7.16408e-06
-6.52437e-06
-5.93007e-06
-5.37928e-06
-4.87001e-06
-4.40024e-06
-3.96794e-06
-3.57104e-06
-3.2075e-06
-2.87528e-06
-2.57239e-06
-2.29687e-06
-2.04681e-06
-1.82037e-06
-1.61576e-06
-1.4313e-06
-1.26536e-06
-1.11638e-06
-9.82916e-07
-8.63588e-07
-7.57109e-07
-6.62277e-07
-5.77971e-07
-5.03155e-07
-4.36871e-07
-3.7824e-07
-3.26455e-07
-2.80779e-07
-2.40545e-07
-2.05138e-07
-1.74026e-07
-1.46683e-07
-1.22726e-07
-1.01645e-07
-8.33018e-08
-6.69846e-08
-5.31365e-08
-4.0228e-08
-3.02833e-08
-1.92718e-08
-1.34762e-08
-2.12508e-09
-2.24141e-09
1.34046e-08
2.93285e-09
2.99831e-08
5.96499e-10
5.06035e-08
-1.09271e-08
7.72311e-08
-3.11613e-08
1.0741e-07
-5.30896e-08
1.29658e-07
-5.9631e-08
1.23259e-07
-2.94089e-08
7.21238e-08
4.11441e-08
-8.76697e-09
1.15153e-07
-6.64809e-08
1.33363e-07
-5.82813e-08
8.18585e-08
-1.90174e-08
-1.10677e-05
-1.01981e-05
-9.37884e-06
-8.60885e-06
-7.88708e-06
-7.21213e-06
-6.58238e-06
-5.9962e-06
-5.45186e-06
-4.94756e-06
-4.48143e-06
-4.05159e-06
-3.65611e-06
-3.29309e-06
-2.96061e-06
-2.65679e-06
-2.37976e-06
-2.12772e-06
-1.89891e-06
-1.69162e-06
-1.50423e-06
-1.33516e-06
-1.18294e-06
-1.04614e-06
-9.23429e-07
-8.13561e-07
-7.15363e-07
-6.2774e-07
-5.49677e-07
-4.80235e-07
-4.18549e-07
-3.63823e-07
-3.1533e-07
-2.72409e-07
-2.34451e-07
-2.00923e-07
-1.71306e-07
-1.45207e-07
-1.2213e-07
-1.01906e-07
-8.38712e-08
-6.83756e-08
-5.40357e-08
-4.26214e-08
-3.05008e-08
-2.33125e-08
-1.1266e-08
-9.89223e-09
5.86265e-09
-2.76161e-09
2.35634e-08
-3.31844e-09
4.49021e-08
-1.32858e-08
7.20321e-08
-3.23557e-08
1.0275e-07
-5.36376e-08
1.25578e-07
-5.96924e-08
1.19075e-07
-2.80043e-08
6.58569e-08
4.60525e-08
-1.9412e-08
1.2476e-07
-8.20462e-08
1.46867e-07
-7.87816e-08
1.00154e-07
-4.9439e-08
-1.1005e-05
-1.01595e-05
-9.36154e-06
-8.61009e-06
-7.90435e-06
-7.24309e-06
-6.62491e-06
-6.04836e-06
-5.51189e-06
-5.01387e-06
-4.5526e-06
-4.12634e-06
-3.73332e-06
-3.37176e-06
-3.03987e-06
-2.73589e-06
-2.45806e-06
-2.20467e-06
-1.97405e-06
-1.76458e-06
-1.5747e-06
-1.4029e-06
-1.24777e-06
-1.10793e-06
-9.82107e-07
-8.69077e-07
-7.67706e-07
-6.76931e-07
-5.95761e-07
-5.23278e-07
-4.58634e-07
-4.01049e-07
-3.49804e-07
-3.04248e-07
-2.6378e-07
-2.27868e-07
-1.96e-07
-1.67776e-07
-1.42715e-07
-1.20619e-07
-1.00868e-07
-8.37288e-08
-6.79516e-08
-5.50708e-08
-4.18277e-08
-3.32532e-08
-2.04897e-08
-1.7639e-08
-1.74657e-09
-8.54023e-09
1.70865e-08
-7.29802e-09
3.91408e-08
-1.56778e-08
6.67566e-08
-3.35473e-08
9.80003e-08
-5.41687e-08
1.21428e-07
-5.97743e-08
1.14891e-07
-2.67004e-08
5.96775e-08
5.07778e-08
-2.98875e-08
1.34088e-07
-9.73384e-08
1.59994e-07
-9.89461e-08
1.18035e-07
-7.94683e-08
-1.09156e-05
-1.00963e-05
-9.32158e-06
-8.59055e-06
-7.9026e-06
-7.25672e-06
-6.65171e-06
-6.0863e-06
-5.5591e-06
-5.06867e-06
-4.61347e-06
-4.19191e-06
-3.80238e-06
-3.44323e-06
-3.11281e-06
-2.80945e-06
-2.53153e-06
-2.27743e-06
-2.04558e-06
-1.83445e-06
-1.64253e-06
-1.46842e-06
-1.31074e-06
-1.16818e-06
-1.03951e-06
-9.23549e-07
-8.19209e-07
-7.25456e-07
-6.41327e-07
-5.65929e-07
-4.98432e-07
-4.38073e-07
-3.84148e-07
-3.36015e-07
-2.93083e-07
-2.54823e-07
-2.20732e-07
-1.90405e-07
-1.63374e-07
-1.39417e-07
-1.17956e-07
-9.91778e-08
-8.19597e-08
-6.76173e-08
-5.32397e-08
-4.32879e-08
-2.9786e-08
-2.54741e-08
-9.41403e-09
-1.43986e-08
1.05608e-08
-1.13405e-08
3.33276e-08
-1.81027e-08
6.1411e-08
-3.47347e-08
9.31625e-08
-5.46792e-08
1.17208e-07
-5.9875e-08
1.10713e-07
-2.55077e-08
5.36097e-08
5.52866e-08
-4.01426e-08
1.43076e-07
-1.12275e-07
1.72652e-07
-1.18656e-07
1.3538e-07
-1.08924e-07
-1.07997e-05
-1.00086e-05
-9.25894e-06
-8.55013e-06
-7.88172e-06
-7.25288e-06
-6.66261e-06
-6.1098e-06
-5.59327e-06
-5.11173e-06
-4.66381e-06
-4.24809e-06
-3.86309e-06
-3.5073e-06
-3.1792e-06
-2.87727e-06
-2.59998e-06
-2.34583e-06
-2.11334e-06
-1.90106e-06
-1.70758e-06
-1.53157e-06
-1.3717e-06
-1.22674e-06
-1.09551e-06
-9.76869e-07
-8.69774e-07
-7.73226e-07
-6.86295e-07
-6.08113e-07
-5.37874e-07
-4.74835e-07
-4.18308e-07
-3.67662e-07
-3.22317e-07
-2.81751e-07
-2.45468e-07
-2.13063e-07
-1.84079e-07
-1.58276e-07
-1.3511e-07
-1.14703e-07
-9.60424e-08
-8.02454e-08
-6.47231e-08
-5.34046e-08
-3.91435e-08
-3.33892e-08
-1.713e-08
-2.03315e-08
3.9957e-09
-1.54438e-08
2.74716e-08
-2.05602e-08
5.60025e-08
-3.59166e-08
8.82403e-08
-5.51651e-08
1.1292e-07
-5.99921e-08
1.06548e-07
-2.44356e-08
4.76769e-08
5.9547e-08
-5.01271e-08
1.51662e-07
-1.26771e-07
1.84745e-07
-1.37788e-07
1.52061e-07
-1.37616e-07
-1.06575e-05
-9.89642e-06
-9.17371e-06
-8.48888e-06
-7.84168e-06
-7.2315e-06
-6.65749e-06
-6.11875e-06
-5.61426e-06
-5.14289e-06
-4.70345e-06
-4.29467e-06
-3.91523e-06
-3.56376e-06
-3.23887e-06
-2.93916e-06
-2.66323e-06
-2.40968e-06
-2.17714e-06
-1.96425e-06
-1.7697e-06
-1.5922e-06
-1.43053e-06
-1.2835e-06
-1.14999e-06
-1.02893e-06
-9.19302e-07
-8.2015e-07
-7.30581e-07
-6.49755e-07
-5.76895e-07
-5.11275e-07
-4.52228e-07
-3.99137e-07
-3.51435e-07
-3.08609e-07
-2.70171e-07
-2.35716e-07
-2.04802e-07
-1.77169e-07
-1.5231e-07
-1.30283e-07
-1.10181e-07
-9.29386e-08
-7.62629e-08
-6.35906e-08
-4.85502e-08
-4.1375e-08
-2.4884e-08
-2.63331e-08
-2.59898e-09
-1.96052e-08
2.15822e-08
-2.30497e-08
5.05393e-08
-3.70919e-08
8.32379e-08
-5.56227e-08
1.08564e-07
-6.01219e-08
1.02401e-07
-2.34915e-08
4.19011e-08
6.35288e-08
-5.97919e-08
1.59785e-07
-1.40741e-07
1.96175e-07
-1.56213e-07
1.67947e-07
-1.65352e-07
-1.04895e-05
-9.76017e-06
-9.06611e-06
-8.40694e-06
-7.78258e-06
-7.19261e-06
-6.63636e-06
-6.11309e-06
-5.62197e-06
-5.16204e-06
-4.73226e-06
-4.33152e-06
-3.95866e-06
-3.61245e-06
-3.29164e-06
-2.99495e-06
-2.72111e-06
-2.46883e-06
-2.23684e-06
-2.02388e-06
-1.82873e-06
-1.65018e-06
-1.48709e-06
-1.33834e-06
-1.20286e-06
-1.07963e-06
-9.67698e-07
-8.66141e-07
-7.74104e-07
-6.90782e-07
-6.15423e-07
-5.47329e-07
-4.8585e-07
-4.3039e-07
-3.80392e-07
-3.35354e-07
-2.94802e-07
-2.5833e-07
-2.25509e-07
-1.96068e-07
-1.69528e-07
-1.45895e-07
-1.24356e-07
-1.05679e-07
-8.78432e-08
-7.38317e-08
-5.79931e-08
-4.94208e-08
-3.26648e-08
-3.23964e-08
-9.21267e-09
-2.38215e-08
1.567e-08
-2.55706e-08
4.50304e-08
-3.82597e-08
7.81606e-08
-5.60478e-08
1.04141e-07
-6.02601e-08
9.82753e-08
-2.26811e-08
3.63027e-08
6.72042e-08
-6.90894e-08
1.67388e-07
-1.54103e-07
2.06846e-07
-1.73802e-07
1.82905e-07
-1.91939e-07
-1.02961e-05
-9.60028e-06
-8.9365e-06
-8.30459e-06
-7.70462e-06
-7.13634e-06
-6.59928e-06
-6.09285e-06
-5.6164e-06
-5.16913e-06
-4.75016e-06
-4.35855e-06
-3.99328e-06
-3.65326e-06
-3.33739e-06
-3.04452e-06
-2.77349e-06
-2.52314e-06
-2.2923e-06
-2.07981e-06
-1.88455e-06
-1.7054e-06
-1.54127e-06
-1.39114e-06
-1.25399e-06
-1.12887e-06
-1.01487e-06
-9.11109e-07
-8.16782e-07
-7.31116e-07
-6.5339e-07
-5.82932e-07
-5.19117e-07
-4.61365e-07
-4.09137e-07
-3.61943e-07
-3.1932e-07
-2.80868e-07
-2.46169e-07
-2.14942e-07
-1.86738e-07
-1.61516e-07
-1.38544e-07
-1.18447e-07
-9.94466e-08
-8.41126e-08
-6.74581e-08
-5.7515e-08
-4.04605e-08
-3.85136e-08
-1.58342e-08
-2.8089e-08
9.74621e-09
-2.81221e-08
3.9486e-08
-3.94194e-08
7.30147e-08
-5.64368e-08
9.96521e-08
-6.04013e-08
9.41745e-08
-2.20079e-08
3.08998e-08
7.05482e-08
-7.79744e-08
1.74415e-07
-1.66771e-07
2.16662e-07
-1.90423e-07
1.96802e-07
-2.1719e-07
-1.00781e-05
-9.41735e-06
-8.78538e-06
-8.18223e-06
-7.60811e-06
-7.06295e-06
-6.54644e-06
-6.05816e-06
-5.59762e-06
-5.1642e-06
-4.75716e-06
-4.37573e-06
-4.01902e-06
-3.68611e-06
-3.37603e-06
-3.08775e-06
-2.82026e-06
-2.57249e-06
-2.3434e-06
-2.13193e-06
-1.93705e-06
-1.75772e-06
-1.59296e-06
-1.4418e-06
-1.30329e-06
-1.17655e-06
-1.06072e-06
-9.54969e-07
-8.58534e-07
-7.70682e-07
-6.90725e-07
-6.1802e-07
-5.51967e-07
-4.92007e-07
-4.3762e-07
-3.88329e-07
-3.43684e-07
-3.03291e-07
-2.66746e-07
-2.33761e-07
-2.03912e-07
-1.77119e-07
-1.52724e-07
-1.31221e-07
-1.11055e-07
-9.44166e-08
-7.69303e-08
-6.5645e-08
-4.82584e-08
-4.46761e-08
-2.24516e-08
-3.24029e-08
3.82278e-09
-3.07033e-08
3.39175e-08
-4.05707e-08
6.78075e-08
-5.6786e-08
9.50995e-08
-6.05393e-08
9.01007e-08
-2.14728e-08
2.57082e-08
7.35397e-08
-8.64052e-08
1.80813e-07
-1.78665e-07
2.25527e-07
-2.05947e-07
2.09509e-07
-2.40929e-07
-9.83649e-06
-9.21215e-06
-8.61341e-06
-8.04041e-06
-7.49351e-06
-6.9728e-06
-6.47812e-06
-6.00924e-06
-5.56581e-06
-5.14736e-06
-4.75333e-06
-4.38308e-06
-4.0359e-06
-3.71098e-06
-3.40751e-06
-3.1246e-06
-2.86134e-06
-2.61681e-06
-2.39005e-06
-2.18014e-06
-1.98612e-06
-1.80706e-06
-1.64206e-06
-1.49021e-06
-1.35067e-06
-1.22258e-06
-1.10516e-06
-9.97636e-07
-8.99281e-07
-8.09405e-07
-7.27358e-07
-6.52528e-07
-5.8434e-07
-5.22261e-07
-4.65789e-07
-4.14463e-07
-3.67849e-07
-3.25559e-07
-2.87204e-07
-2.52491e-07
-2.21019e-07
-1.92676e-07
-1.6687e-07
-1.4398e-07
-1.22647e-07
-1.04726e-07
-8.63936e-08
-7.37966e-08
-5.60449e-08
-5.08738e-08
-2.90524e-08
-3.67581e-08
-2.08755e-09
-3.33128e-08
2.83372e-08
-4.17135e-08
6.25481e-08
-5.70922e-08
9.04856e-08
-6.06672e-08
8.6055e-08
-2.10744e-08
2.07409e-08
7.61612e-08
-9.43435e-08
1.86535e-07
-1.89709e-07
2.33352e-07
-2.20251e-07
2.20903e-07
-2.62995e-07
-9.57224e-06
-8.98563e-06
-8.4214e-06
-7.87982e-06
-7.36139e-06
-6.86637e-06
-6.39474e-06
-5.94641e-06
-5.5212e-06
-5.1188e-06
-4.7388e-06
-4.38071e-06
-4.04396e-06
-3.7279e-06
-3.43184e-06
-3.15503e-06
-2.89669e-06
-2.65602e-06
-2.43219e-06
-2.22435e-06
-2.03168e-06
-1.85333e-06
-1.68847e-06
-1.5363e-06
-1.39602e-06
-1.26687e-06
-1.14811e-06
-1.03903e-06
-9.38943e-07
-8.47211e-07
-7.63218e-07
-6.86387e-07
-6.16174e-07
-5.52068e-07
-4.9359e-07
-4.40297e-07
-3.91769e-07
-3.4763e-07
-3.07504e-07
-2.71096e-07
-2.38028e-07
-2.0816e-07
-1.80957e-07
-1.56699e-07
-1.34204e-07
-1.15021e-07
-9.58307e-08
-8.19545e-08
-6.38057e-08
-5.70957e-08
-3.56235e-08
-4.11482e-08
-7.97135e-09
-3.59492e-08
2.27588e-08
-4.28484e-08
5.72466e-08
-5.73529e-08
8.58141e-08
-6.07776e-08
8.20376e-08
-2.08086e-08
1.60077e-08
7.84003e-08
-1.01756e-07
1.91539e-07
-1.99831e-07
2.40052e-07
-2.33215e-07
2.30871e-07
-2.83246e-07
-9.28667e-06
-8.73891e-06
-8.21032e-06
-7.7013e-06
-7.2125e-06
-6.74428e-06
-6.2968e-06
-5.8701e-06
-5.46416e-06
-5.07881e-06
-4.7138e-06
-4.36879e-06
-4.04333e-06
-3.73694e-06
-3.44905e-06
-3.17906e-06
-2.92631e-06
-2.69012e-06
-2.46977e-06
-2.26453e-06
-2.07367e-06
-1.89645e-06
-1.73213e-06
-1.57998e-06
-1.43928e-06
-1.30934e-06
-1.18949e-06
-1.07907e-06
-9.77446e-07
-8.84026e-07
-7.98236e-07
-7.19533e-07
-6.47405e-07
-5.81369e-07
-5.20968e-07
-4.65778e-07
-4.15397e-07
-3.6946e-07
-3.27606e-07
-2.8954e-07
-2.54905e-07
-2.23538e-07
-1.94957e-07
-1.69353e-07
-1.45701e-07
-1.2528e-07
-1.05223e-07
-9.01022e-08
-7.15254e-08
-6.33297e-08
-4.21511e-08
-4.5566e-08
-1.38145e-08
-3.86103e-08
1.71966e-08
-4.3976e-08
5.1915e-08
-5.7566e-08
8.10896e-08
-6.0863e-08
7.80483e-08
-2.06686e-08
1.15149e-08
8.02499e-08
-1.08616e-07
1.95791e-07
-2.08965e-07
2.45552e-07
-2.44733e-07
2.39312e-07
-3.01567e-07
-8.98123e-06
-8.47327e-06
-7.98132e-06
-7.50587e-06
-7.04769e-06
-6.60729e-06
-6.18495e-06
-5.78087e-06
-5.39515e-06
-5.02778e-06
-4.67864e-06
-4.34755e-06
-4.0342e-06
-3.73825e-06
-3.45926e-06
-3.19677e-06
-2.95024e-06
-2.71911e-06
-2.50278e-06
-2.30064e-06
-2.11205e-06
-1.93638e-06
-1.77297e-06
-1.62118e-06
-1.48037e-06
-1.34992e-06
-1.22923e-06
-1.11768e-06
-1.01472e-06
-9.19779e-07
-8.32342e-07
-7.51899e-07
-6.77971e-07
-6.10104e-07
-5.47866e-07
-4.90854e-07
-4.38684e-07
-3.91003e-07
-3.47467e-07
-3.07783e-07
-2.71614e-07
-2.38778e-07
-2.08839e-07
-1.81914e-07
-1.57114e-07
-1.35482e-07
-1.14552e-07
-9.82215e-08
-7.91881e-08
-6.9562e-08
-4.86208e-08
-5.00033e-08
-1.96024e-08
-4.12935e-08
1.16665e-08
-4.50973e-08
4.65669e-08
-5.77304e-08
7.63183e-08
-6.09154e-08
7.40862e-08
-2.06449e-08
7.26558e-09
8.17085e-08
-1.14902e-07
1.99265e-07
-2.17056e-07
2.49784e-07
-2.5471e-07
2.46138e-07
-3.17866e-07
-8.65758e-06
-8.19022e-06
-7.73571e-06
-7.29469e-06
-6.86799e-06
-6.45628e-06
-6.05996e-06
-5.67936e-06
-5.31472e-06
-4.96616e-06
-4.63372e-06
-4.31733e-06
-4.01684e-06
-3.73204e-06
-3.46262e-06
-3.20826e-06
-2.96854e-06
-2.74303e-06
-2.53125e-06
-2.33268e-06
-2.1468e-06
-1.97308e-06
-1.81095e-06
-1.65985e-06
-1.51923e-06
-1.38855e-06
-1.26725e-06
-1.1548e-06
-1.05068e-06
-9.54401e-07
-8.65468e-07
-7.83419e-07
-7.07809e-07
-6.38213e-07
-5.74227e-07
-5.1547e-07
-4.61578e-07
-4.12213e-07
-3.67044e-07
-3.25786e-07
-2.88117e-07
-2.53845e-07
-2.22573e-07
-1.94355e-07
-1.68419e-07
-1.45603e-07
-1.23795e-07
-1.06293e-07
-8.67765e-08
-7.57781e-08
-5.50175e-08
-5.44503e-08
-2.53196e-08
-4.39953e-08
6.18495e-09
-4.62133e-08
4.12174e-08
-5.7846e-08
7.15081e-08
-6.09275e-08
7.01503e-08
-2.07257e-08
3.25891e-09
8.27809e-08
-1.20601e-07
2.01943e-07
-2.24059e-07
2.52696e-07
-2.63063e-07
2.51284e-07
-3.32083e-07
-8.3176e-06
-7.89141e-06
-7.475e-06
-7.06908e-06
-6.67459e-06
-6.2923e-06
-5.92275e-06
-5.56638e-06
-5.22356e-06
-4.89455e-06
-4.57952e-06
-4.27853e-06
-3.99158e-06
-3.71857e-06
-3.45935e-06
-3.21371e-06
-2.98136e-06
-2.76198e-06
-2.55522e-06
-2.36068e-06
-2.17793e-06
-2.00654e-06
-1.84604e-06
-1.69596e-06
-1.55582e-06
-1.42516e-06
-1.30349e-06
-1.19035e-06
-1.08528e-06
-9.87826e-07
-8.9755e-07
-8.14028e-07
-7.36854e-07
-6.65635e-07
-5.99993e-07
-5.39572e-07
-4.84028e-07
-4.33039e-07
-3.8629e-07
-3.43504e-07
-3.04376e-07
-2.68704e-07
-2.36126e-07
-2.06643e-07
-1.79587e-07
-1.55616e-07
-1.32932e-07
-1.14296e-07
-9.42729e-08
-8.19615e-08
-6.13257e-08
-5.88965e-08
-3.09506e-08
-4.67116e-08
7.69452e-10
-4.73254e-08
3.58835e-08
-5.79135e-08
6.66688e-08
-6.08923e-08
6.624e-08
-2.0897e-08
-5.09387e-10
8.34785e-08
-1.25708e-07
2.03821e-07
-2.2994e-07
2.54249e-07
-2.69733e-07
2.54703e-07
-3.44191e-07
-7.96333e-06
-7.57872e-06
-7.20086e-06
-6.83055e-06
-6.46882e-06
-6.11654e-06
-5.77435e-06
-5.44283e-06
-5.12246e-06
-4.81363e-06
-4.51662e-06
-4.23165e-06
-3.95883e-06
-3.69819e-06
-3.44973e-06
-3.21333e-06
-2.98885e-06
-2.77609e-06
-2.5748e-06
-2.3847e-06
-2.20547e-06
-2.03677e-06
-1.87823e-06
-1.72947e-06
-1.5901e-06
-1.45971e-06
-1.33791e-06
-1.22429e-06
-1.11845e-06
-1.01999e-06
-9.28521e-07
-8.43663e-07
-7.65045e-07
-6.92308e-07
-6.25105e-07
-5.63103e-07
-5.05979e-07
-4.53431e-07
-4.05159e-07
-3.60895e-07
-3.2035e-07
-2.83317e-07
-2.49462e-07
-2.18748e-07
-1.90591e-07
-1.65496e-07
-1.41938e-07
-1.22209e-07
-1.01658e-07
-8.80946e-08
-6.7529e-08
-6.33296e-08
-3.6479e-08
-4.9437e-08
-4.56181e-09
-4.84346e-08
3.05837e-08
-5.79347e-08
6.18125e-08
-6.08038e-08
6.23553e-08
-2.11429e-08
-4.04696e-09
8.38196e-08
-1.30226e-07
2.04906e-07
-2.34683e-07
2.54421e-07
-2.74676e-07
2.56371e-07
-3.54191e-07
-7.59706e-06
-7.25422e-06
-6.91516e-06
-6.58079e-06
-6.25218e-06
-5.93032e-06
-5.61596e-06
-5.30976e-06
-5.01234e-06
-4.72418e-06
-4.44572e-06
-4.17728e-06
-3.91909e-06
-3.67133e-06
-3.43409e-06
-3.20741e-06
-2.99125e-06
-2.78553e-06
-2.59012e-06
-2.40484e-06
-2.22949e-06
-2.06381e-06
-1.90754e-06
-1.76039e-06
-1.62204e-06
-1.49218e-06
-1.37047e-06
-1.25657e-06
-1.15014e-06
-1.05083e-06
-9.58321e-07
-8.7226e-07
-7.92318e-07
-7.18171e-07
-6.49502e-07
-5.86004e-07
-5.27377e-07
-4.73337e-07
-4.23601e-07
-3.77911e-07
-3.35994e-07
-2.97642e-07
-2.62546e-07
-2.30634e-07
-2.01398e-07
-1.75213e-07
-1.50788e-07
-1.30007e-07
-1.08912e-07
-9.41585e-08
-7.36106e-08
-6.7736e-08
-4.18885e-08
-5.21651e-08
-9.79002e-09
-4.95418e-08
2.53381e-08
-5.79126e-08
5.69534e-08
-6.06571e-08
5.84972e-08
-2.14461e-08
-7.36448e-09
8.38291e-08
-1.3417e-07
2.05219e-07
-2.38285e-07
2.53211e-07
-2.77875e-07
2.56291e-07
-3.62117e-07
-7.22126e-06
-6.92014e-06
-6.61995e-06
-6.32163e-06
-6.02634e-06
-5.73515e-06
-5.44889e-06
-5.16834e-06
-4.89422e-06
-4.62713e-06
-4.3676e-06
-4.11609e-06
-3.87294e-06
-3.63846e-06
-3.41286e-06
-3.19628e-06
-2.98883e-06
-2.79052e-06
-2.60134e-06
-2.42123e-06
-2.25007e-06
-2.08772e-06
-1.93401e-06
-1.78872e-06
-1.65165e-06
-1.52253e-06
-1.40111e-06
-1.28712e-06
-1.18028e-06
-1.0803e-06
-9.8689e-07
-8.99757e-07
-8.18611e-07
-7.43161e-07
-6.73123e-07
-6.08216e-07
-5.48164e-07
-4.92702e-07
-4.41564e-07
-3.94504e-07
-3.51265e-07
-3.11638e-07
-2.75339e-07
-2.42267e-07
-2.11977e-07
-1.84738e-07
-1.59457e-07
-1.37665e-07
-1.16014e-07
-1.00133e-07
-7.95528e-08
-7.21006e-08
-4.71621e-08
-5.4888e-08
-1.4896e-08
-5.06472e-08
2.01685e-08
-5.78509e-08
5.21086e-08
-6.0449e-08
5.46686e-08
-2.17886e-08
-1.04751e-08
8.35384e-08
-1.37563e-07
2.04795e-07
-2.40763e-07
2.50639e-07
-2.79332e-07
2.5449e-07
-3.68031e-07
-6.83861e-06
-6.57896e-06
-6.31746e-06
-6.0551e-06
-5.79312e-06
-5.53265e-06
-5.27462e-06
-5.01989e-06
-4.76926e-06
-4.52347e-06
-4.28315e-06
-4.04885e-06
-3.82105e-06
-3.60015e-06
-3.3865e-06
-3.18035e-06
-2.98191e-06
-2.79133e-06
-2.60868e-06
-2.43402e-06
-2.26733e-06
-2.10858e-06
-1.95767e-06
-1.8145e-06
-1.67892e-06
-1.55076e-06
-1.42983e-06
-1.31593e-06
-1.20885e-06
-1.10834e-06
-1.01417e-06
-9.26096e-07
-8.43862e-07
-7.67217e-07
-6.95908e-07
-6.2968e-07
-5.68283e-07
-5.1147e-07
-4.58995e-07
-4.10625e-07
-3.66116e-07
-3.25262e-07
-2.87799e-07
-2.53608e-07
-2.22295e-07
-1.94038e-07
-1.67916e-07
-1.45157e-07
-1.2294e-07
-1.05995e-07
-8.53374e-08
-7.64067e-08
-5.22829e-08
-5.75965e-08
-1.98602e-08
-5.17506e-08
1.50974e-08
-5.77544e-08
4.72974e-08
-6.0178e-08
5.08745e-08
-2.21522e-08
-1.33939e-08
8.29848e-08
-1.40436e-07
2.03684e-07
-2.42152e-07
2.46747e-07
-2.7908e-07
2.51025e-07
-3.72021e-07
-6.45199e-06
-6.2333e-06
-6.01009e-06
-5.78341e-06
-5.55452e-06
-5.32463e-06
-5.09475e-06
-4.86582e-06
-4.63875e-06
-4.41435e-06
-4.19335e-06
-3.97643e-06
-3.76416e-06
-3.55706e-06
-3.35557e-06
-3.16008e-06
-2.97089e-06
-2.78827e-06
-2.61239e-06
-2.44342e-06
-2.28144e-06
-2.12651e-06
-1.97862e-06
-1.83777e-06
-1.70388e-06
-1.57686e-06
-1.4566e-06
-1.34297e-06
-1.23579e-06
-1.1349e-06
-1.04011e-06
-9.51217e-07
-8.68011e-07
-7.90277e-07
-7.17793e-07
-6.50334e-07
-5.87673e-07
-5.29584e-07
-4.7584e-07
-4.2622e-07
-3.80496e-07
-3.38467e-07
-2.99886e-07
-2.64618e-07
-2.32315e-07
-2.0308e-07
-1.76137e-07
-1.52454e-07
-1.29669e-07
-1.11721e-07
-9.09452e-08
-8.0636e-08
-5.72334e-08
-6.02797e-08
-2.46629e-08
-5.28504e-08
1.01486e-08
-5.76282e-08
4.25419e-08
-5.98445e-08
4.71225e-08
-2.25194e-08
-1.61367e-08
8.22111e-08
-1.42833e-07
2.01952e-07
-2.42509e-07
2.41605e-07
-2.77174e-07
2.45977e-07
-3.74197e-07
-6.06447e-06
-5.886e-06
-5.70045e-06
-5.5089e-06
-5.31267e-06
-5.11302e-06
-4.91103e-06
-4.70773e-06
-4.50408e-06
-4.30099e-06
-4.09931e-06
-3.89978e-06
-3.7031e-06
-3.50988e-06
-3.32068e-06
-3.13598e-06
-2.9562e-06
-2.7817e-06
-2.61277e-06
-2.44966e-06
-2.29257e-06
-2.14164e-06
-1.99696e-06
-1.85859e-06
-1.72656e-06
-1.60086e-06
-1.48143e-06
-1.3682e-06
-1.26108e-06
-1.15994e-06
-1.06466e-06
-9.75064e-07
-8.90998e-07
-8.12279e-07
-7.38717e-07
-6.70116e-07
-6.06273e-07
-5.46985e-07
-4.92042e-07
-4.41237e-07
-3.94357e-07
-3.51206e-07
-3.11554e-07
-2.75256e-07
-2.41999e-07
-2.11828e-07
-1.84087e-07
-1.59527e-07
-1.36174e-07
-1.17288e-07
-9.63565e-08
-8.47687e-08
-6.19961e-08
-6.29247e-08
-2.92848e-08
-5.39441e-08
5.34666e-09
-5.74781e-08
3.78664e-08
-5.94512e-08
4.34234e-08
-2.28738e-08
-1.87193e-08
8.12639e-08
-1.44804e-07
1.9968e-07
-2.41909e-07
2.35304e-07
-2.73697e-07
2.39455e-07
-3.74687e-07
-5.67932e-06
-5.54007e-06
-5.39129e-06
-5.23412e-06
-5.06989e-06
-4.89993e-06
-4.72536e-06
-4.54729e-06
-4.36676e-06
-4.18476e-06
-4.0022e-06
-3.81995e-06
-3.63879e-06
-3.45943e-06
-3.28252e-06
-3.10865e-06
-2.93833e-06
-2.77203e-06
-2.61015e-06
-2.45302e-06
-2.30094e-06
-2.15413e-06
-2.01279e-06
-1.87706e-06
-1.74703e-06
-1.62277e-06
-1.5043e-06
-1.39162e-06
-1.28468e-06
-1.18342e-06
-1.08776e-06
-9.97582e-07
-9.12763e-07
-8.3316e-07
-7.58616e-07
-6.88962e-07
-6.24022e-07
-5.63612e-07
-5.07542e-07
-4.55619e-07
-4.07644e-07
-3.63428e-07
-3.22757e-07
-2.85477e-07
-2.51309e-07
-2.20247e-07
-1.91734e-07
-1.66343e-07
-1.4243e-07
-1.22668e-07
-1.0155e-07
-8.87833e-08
-6.65533e-08
-6.55174e-08
-3.37062e-08
-5.50274e-08
7.16467e-10
-5.73096e-08
3.32976e-08
-5.90028e-08
3.97915e-08
-2.32015e-08
-2.11565e-08
8.01926e-08
-1.46406e-07
1.96962e-07
-2.40449e-07
2.27964e-07
-2.68759e-07
2.31592e-07
-3.73629e-07
-5.29999e-06
-5.19868e-06
-5.08555e-06
-4.96174e-06
-4.82862e-06
-4.68756e-06
-4.53974e-06
-4.38632e-06
-4.22841e-06
-4.06708e-06
-3.90333e-06
-3.73808e-06
-3.57222e-06
-3.40655e-06
-3.24182e-06
-3.0787e-06
-2.91782e-06
-2.75972e-06
-2.6049e-06
-2.4538e-06
-2.30679e-06
-2.16419e-06
-2.02627e-06
-1.89327e-06
-1.76535e-06
-1.64264e-06
-1.52525e-06
-1.41322e-06
-1.30657e-06
-1.2053e-06
-1.10937e-06
-1.01872e-06
-9.33248e-07
-8.52859e-07
-7.77426e-07
-7.06808e-07
-6.40855e-07
-5.79403e-07
-5.22279e-07
-4.69308e-07
-4.20302e-07
-3.75083e-07
-3.33447e-07
-2.95239e-07
-2.60202e-07
-2.28296e-07
-1.99045e-07
-1.72872e-07
-1.48409e-07
-1.27833e-07
-1.06505e-07
-9.2657e-08
-7.08868e-08
-6.80413e-08
-3.79081e-08
-5.60947e-08
-3.71691e-09
-5.71282e-08
2.88643e-08
-5.85062e-08
3.62449e-08
-2.34911e-08
-2.34601e-08
7.90475e-08
-1.477e-07
1.93905e-07
-2.38245e-07
2.19731e-07
-2.62493e-07
2.22542e-07
-3.71166e-07
-4.9301e-06
-4.8652e-06
-4.7863e-06
-4.6946e-06
-4.59146e-06
-4.47828e-06
-4.35632e-06
-4.22676e-06
-4.09078e-06
-3.94953e-06
-3.80405e-06
-3.65538e-06
-3.50446e-06
-3.35219e-06
-3.19939e-06
-3.04685e-06
-2.89525e-06
-2.74526e-06
-2.59745e-06
-2.45233e-06
-2.31039e-06
-2.17201e-06
-2.03756e-06
-1.90734e-06
-1.78159e-06
-1.66052e-06
-1.54428e-06
-1.433e-06
-1.32674e-06
-1.22556e-06
-1.12946e-06
-1.03842e-06
-9.52394e-07
-8.71313e-07
-7.95082e-07
-7.23589e-07
-6.56706e-07
-5.94292e-07
-5.36192e-07
-4.82244e-07
-4.32275e-07
-3.86115e-07
-3.43573e-07
-3.04492e-07
-2.68636e-07
-2.35937e-07
-2.05983e-07
-1.79077e-07
-1.54082e-07
-1.32754e-07
-1.11199e-07
-9.63652e-08
-7.49783e-08
-7.04785e-08
-4.18716e-08
-5.71382e-08
-7.92848e-09
-5.69389e-08
2.45969e-08
-5.79702e-08
3.28056e-08
-2.37348e-08
-2.56387e-08
7.78779e-08
-1.48751e-07
1.90626e-07
-2.3543e-07
2.10773e-07
-2.55058e-07
2.12484e-07
-3.67443e-07
-4.57342e-06
-4.5431e-06
-4.49678e-06
-4.43565e-06
-4.36111e-06
-4.27457e-06
-4.17733e-06
-4.07063e-06
-3.95569e-06
-3.83372e-06
-3.70584e-06
-3.57313e-06
-3.43664e-06
-3.29732e-06
-3.1561e-06
-3.01382e-06
-2.87127e-06
-2.72918e-06
-2.58822e-06
-2.44899e-06
-2.31203e-06
-2.17784e-06
-2.04684e-06
-1.91941e-06
-1.79586e-06
-1.67646e-06
-1.56143e-06
-1.45096e-06
-1.34517e-06
-1.24415e-06
-1.14797e-06
-1.05663e-06
-9.70143e-07
-8.88459e-07
-8.11518e-07
-7.39236e-07
-6.71509e-07
-6.08214e-07
-5.49215e-07
-4.94365e-07
-4.43504e-07
-3.9647e-07
-3.53084e-07
-3.13188e-07
-2.76566e-07
-2.43126e-07
-2.1251e-07
-1.84924e-07
-1.59419e-07
-1.37401e-07
-1.15607e-07
-9.98822e-08
-7.88089e-08
-7.28093e-08
-4.55781e-08
-5.81486e-08
-1.18935e-08
-5.67456e-08
2.05271e-08
-5.74053e-08
2.94995e-08
-2.39288e-08
-2.76955e-08
7.67296e-08
-1.49622e-07
1.87245e-07
-2.3215e-07
2.01283e-07
-2.46636e-07
2.01611e-07
-3.62602e-07
-4.23386e-06
-4.23603e-06
-4.22034e-06
-4.18799e-06
-4.1404e-06
-4.079e-06
-4.00513e-06
-3.92005e-06
-3.82505e-06
-3.72137e-06
-3.61021e-06
-3.4927e-06
-3.36996e-06
-3.24301e-06
-3.11285e-06
-2.9804e-06
-2.84653e-06
-2.71205e-06
-2.5777e-06
-2.44415e-06
-2.31205e-06
-2.18193e-06
-2.0543e-06
-1.92962e-06
-1.80825e-06
-1.69053e-06
-1.57675e-06
-1.46712e-06
-1.36185e-06
-1.26106e-06
-1.16486e-06
-1.07331e-06
-9.86436e-07
-9.04233e-07
-8.26668e-07
-7.53682e-07
-6.85193e-07
-6.21099e-07
-5.61281e-07
-5.05606e-07
-4.53926e-07
-4.06088e-07
-3.61923e-07
-3.21276e-07
-2.83944e-07
-2.49819e-07
-2.18588e-07
-1.90374e-07
-1.64388e-07
-1.41742e-07
-1.19705e-07
-1.03181e-07
-8.23594e-08
-7.50123e-08
-4.90094e-08
-5.91145e-08
-1.55878e-08
-5.65515e-08
1.66878e-08
-5.68233e-08
2.63565e-08
-2.40738e-08
-2.96273e-08
7.56424e-08
-1.50371e-07
1.83887e-07
-2.28564e-07
1.91475e-07
-2.37432e-07
1.90136e-07
-3.5678e-07
-3.91546e-06
-3.94771e-06
-3.96042e-06
-3.9548e-06
-3.93226e-06
-3.89426e-06
-3.84214e-06
-3.77723e-06
-3.70085e-06
-3.61428e-06
-3.51876e-06
-3.4155e-06
-3.30565e-06
-3.19033e-06
-3.07058e-06
-2.94741e-06
-2.82174e-06
-2.69446e-06
-2.56638e-06
-2.43825e-06
-2.31076e-06
-2.18454e-06
-2.06016e-06
-1.93812e-06
-1.81887e-06
-1.7028e-06
-1.59025e-06
-1.4815e-06
-1.37677e-06
-1.27626e-06
-1.1801e-06
-1.0884e-06
-1.00121e-06
-9.18568e-07
-8.4046e-07
-7.66853e-07
-6.97687e-07
-6.32878e-07
-5.72323e-07
-5.15901e-07
-4.63478e-07
-4.1491e-07
-3.70036e-07
-3.28703e-07
-2.90722e-07
-2.55972e-07
-2.24174e-07
-1.9539e-07
-1.68955e-07
-1.45745e-07
-1.23467e-07
-1.06234e-07
-8.56098e-08
-7.70649e-08
-5.21472e-08
-6.00229e-08
-1.89875e-08
-5.63583e-08
1.31126e-08
-5.62374e-08
2.34099e-08
-2.41747e-08
-3.14242e-08
7.46487e-08
-1.51048e-07
1.8067e-07
-2.24833e-07
1.81578e-07
-2.27672e-07
1.78291e-07
-3.5011e-07
-3.62234e-06
-3.68199e-06
-3.72059e-06
-3.73935e-06
-3.73968e-06
-3.72306e-06
-3.69087e-06
-3.64444e-06
-3.58512e-06
-3.51425e-06
-3.43312e-06
-3.34297e-06
-3.24501e-06
-3.14042e-06
-3.03029e-06
-2.91569e-06
-2.79763e-06
-2.67703e-06
-2.55477e-06
-2.43169e-06
-2.30851e-06
-2.18595e-06
-2.06462e-06
-1.94508e-06
-1.82785e-06
-1.71336e-06
-1.602e-06
-1.49409e-06
-1.38992e-06
-1.28971e-06
-1.19364e-06
-1.10184e-06
-1.01441e-06
-9.31398e-07
-8.52824e-07
-7.78678e-07
-7.08917e-07
-6.43476e-07
-5.82266e-07
-5.25181e-07
-4.72095e-07
-4.22872e-07
-3.77362e-07
-3.35414e-07
-2.96849e-07
-2.61538e-07
-2.29227e-07
-1.99932e-07
-1.73086e-07
-1.49374e-07
-1.26866e-07
-1.0901e-07
-8.85395e-08
-7.89431e-08
-5.49735e-08
-6.0859e-08
-2.20692e-08
-5.61664e-08
9.83502e-09
-5.56603e-08
2.06947e-08
-2.42392e-08
-3.30698e-08
7.37704e-08
-1.51687e-07
1.77699e-07
-2.2111e-07
1.71827e-07
-2.17601e-07
1.66323e-07
-3.42731e-07
-3.3587e-06
-3.44275e-06
-3.50443e-06
-3.54495e-06
-3.56571e-06
-3.56821e-06
-3.55384e-06
-3.52396e-06
-3.47995e-06
-3.42317e-06
-3.35495e-06
-3.27659e-06
-3.18933e-06
-3.0944e-06
-2.99296e-06
-2.88611e-06
-2.77492e-06
-2.66037e-06
-2.54341e-06
-2.42491e-06
-2.30567e-06
-2.18644e-06
-2.0679e-06
-1.95067e-06
-1.83529e-06
-1.72227e-06
-1.61202e-06
-1.50492e-06
-1.40129e-06
-1.3014e-06
-1.20544e-06
-1.11359e-06
-1.02596e-06
-9.4265e-07
-8.63685e-07
-7.89078e-07
-7.18806e-07
-6.52818e-07
-5.91039e-07
-5.33373e-07
-4.79706e-07
-4.2991e-07
-3.83841e-07
-3.41352e-07
-3.02272e-07
-2.66466e-07
-2.33702e-07
-2.03957e-07
-1.76745e-07
-1.52596e-07
-1.29874e-07
-1.11482e-07
-9.11271e-08
-8.06222e-08
-5.74699e-08
-6.16067e-08
-2.48105e-08
-5.59741e-08
6.88744e-09
-5.51029e-08
1.82456e-08
-2.42765e-08
-3.45398e-08
7.30121e-08
-1.52295e-07
1.75045e-07
-2.17529e-07
1.62461e-07
-2.0749e-07
1.54506e-07
-3.34794e-07
-3.12876e-06
-3.23393e-06
-3.31558e-06
-3.37495e-06
-3.41342e-06
-3.43251e-06
-3.4336e-06
-3.41811e-06
-3.38741e-06
-3.34289e-06
-3.28593e-06
-3.21784e-06
-3.13993e-06
-3.05344e-06
-2.95959e-06
-2.85952e-06
-2.75435e-06
-2.64512e-06
-2.53281e-06
-2.41834e-06
-2.30257e-06
-2.18628e-06
-2.07022e-06
-1.95503e-06
-1.84131e-06
-1.7296e-06
-1.62036e-06
-1.514e-06
-1.41087e-06
-1.31127e-06
-1.21544e-06
-1.12357e-06
-1.03581e-06
-9.5225e-07
-8.72964e-07
-7.97974e-07
-7.27273e-07
-6.60823e-07
-5.98562e-07
-5.40404e-07
-4.86243e-07
-4.35957e-07
-3.8941e-07
-3.46458e-07
-3.06937e-07
-2.70707e-07
-2.37554e-07
-2.07424e-07
-1.79895e-07
-1.55373e-07
-1.32462e-07
-1.13617e-07
-9.33502e-08
-8.20766e-08
-5.96174e-08
-6.22495e-08
-2.71878e-08
-5.57805e-08
4.30476e-09
-5.45803e-08
1.6105e-08
-2.43086e-08
-3.57913e-08
7.23584e-08
-1.52861e-07
1.72778e-07
-2.14241e-07
1.53765e-07
-1.97684e-07
1.43154e-07
-3.26493e-07
-2.93676e-06
-3.05943e-06
-3.15766e-06
-3.23267e-06
-3.28586e-06
-3.31873e-06
-3.33271e-06
-3.32918e-06
-3.30956e-06
-3.27528e-06
-3.2277e-06
-3.16819e-06
-3.09808e-06
-3.01865e-06
-2.93115e-06
-2.83677e-06
-2.73665e-06
-2.63188e-06
-2.52347e-06
-2.4124e-06
-2.29955e-06
-2.18575e-06
-2.07178e-06
-1.95832e-06
-1.84601e-06
-1.73542e-06
-1.62704e-06
-1.52132e-06
-1.41864e-06
-1.31931e-06
-1.2236e-06
-1.13173e-06
-1.04386e-06
-9.60119e-07
-8.80578e-07
-8.05282e-07
-7.34234e-07
-6.6741e-07
-6.04756e-07
-5.46195e-07
-4.9163e-07
-4.40943e-07
-3.94004e-07
-3.50672e-07
-3.10788e-07
-2.74209e-07
-2.40734e-07
-2.10289e-07
-1.82496e-07
-1.57671e-07
-1.34598e-07
-1.15386e-07
-9.51849e-08
-8.32819e-08
-6.1394e-08
-6.27748e-08
-2.91693e-08
-5.55969e-08
2.14281e-09
-5.41349e-08
1.43508e-08
-2.43878e-08
-3.67693e-08
7.18206e-08
-1.53448e-07
1.7109e-07
-2.11551e-07
1.46182e-07
-1.88632e-07
1.32672e-07
-3.18123e-07
-2.78685e-06
-2.92311e-06
-3.03422e-06
-3.12139e-06
-3.18602e-06
-3.22963e-06
-3.25362e-06
-3.25941e-06
-3.24844e-06
-3.22212e-06
-3.18187e-06
-3.12906e-06
-3.06504e-06
-2.99113e-06
-2.9086e-06
-2.81867e-06
-2.7225e-06
-2.62122e-06
-2.51588e-06
-2.40747e-06
-2.29692e-06
-2.18508e-06
-2.07276e-06
-1.96067e-06
-1.84948e-06
-1.73977e-06
-1.63209e-06
-1.52688e-06
-1.42455e-06
-1.32544e-06
-1.22984e-06
-1.13799e-06
-1.05005e-06
-9.66169e-07
-8.8644e-07
-8.10911e-07
-7.396e-07
-6.72491e-07
-6.09537e-07
-5.50668e-07
-4.95792e-07
-4.44797e-07
-3.97556e-07
-3.53931e-07
-3.13767e-07
-2.76919e-07
-2.43196e-07
-2.12506e-07
-1.84509e-07
-1.5945e-07
-1.36252e-07
-1.16756e-07
-9.66058e-08
-8.42142e-08
-6.27754e-08
-6.31715e-08
-3.07211e-08
-5.54358e-08
4.57904e-10
-5.38002e-08
1.30422e-08
-2.45136e-08
-3.74892e-08
7.14705e-08
-1.54141e-07
1.70153e-07
-2.09656e-07
1.40055e-07
-1.80624e-07
1.23438e-07
-3.09943e-07
-2.68309e-06
-2.82872e-06
-2.9487e-06
-3.04426e-06
-3.11679e-06
-3.1678e-06
-3.19871e-06
-3.21095e-06
-3.20595e-06
-3.18514e-06
-3.14995e-06
-3.10178e-06
-3.04198e-06
-2.9719e-06
-2.89281e-06
-2.80596e-06
-2.71254e-06
-2.61368e-06
-2.51047e-06
-2.40391e-06
-2.29496e-06
-2.18448e-06
-2.07331e-06
-1.96218e-06
-1.85177e-06
-1.74269e-06
-1.63548e-06
-1.53064e-06
-1.42856e-06
-1.32962e-06
-1.2341e-06
-1.14226e-06
-1.05428e-06
-9.70308e-07
-8.90451e-07
-8.14767e-07
-7.43278e-07
-6.75975e-07
-6.12816e-07
-5.53737e-07
-4.98649e-07
-4.47443e-07
-3.99995e-07
-3.5617e-07
-3.15813e-07
-2.78782e-07
-2.44887e-07
-2.14031e-07
-1.85894e-07
-1.60673e-07
-1.37391e-07
-1.17694e-07
-9.75938e-08
-8.4834e-08
-6.3768e-08
-6.33693e-08
-3.19134e-08
-5.51367e-08
-9.57333e-10
-5.32529e-08
1.18208e-08
-2.43223e-08
-3.80578e-08
7.09527e-08
-1.53936e-07
1.68411e-07
-2.06717e-07
1.33897e-07
-1.72667e-07
1.14855e-07
-3.01221e-07
-2.62944e-06
-2.77988e-06
-2.90444e-06
-3.00434e-06
-3.08095e-06
-3.13578e-06
-3.17026e-06
-3.18582e-06
-3.18391e-06
-3.16595e-06
-3.13338e-06
-3.0876e-06
-3.02999e-06
-2.96188e-06
-2.88457e-06
-2.79932e-06
-2.70732e-06
-2.60972e-06
-2.50762e-06
-2.40202e-06
-2.29389e-06
-2.18413e-06
-2.07355e-06
-1.96291e-06
-1.85291e-06
-1.74416e-06
-1.63721e-06
-1.53255e-06
-1.43061e-06
-1.33175e-06
-1.23628e-06
-1.14444e-06
-1.05644e-06
-9.72429e-07
-8.92509e-07
-8.16746e-07
-7.45166e-07
-6.77764e-07
-6.14501e-07
-5.55314e-07
-5.00117e-07
-4.48803e-07
-4.0125e-07
-3.57321e-07
-3.16866e-07
-2.7974e-07
-2.45758e-07
-2.14815e-07
-1.86608e-07
-1.61299e-07
-1.37987e-07
-1.18157e-07
-9.81439e-08
-8.5071e-08
-6.44348e-08
-6.31912e-08
-3.30052e-08
-5.42317e-08
-2.7919e-09
-5.15911e-08
9.69518e-09
-2.31996e-08
-3.82462e-08
6.88518e-08
-1.49526e-07
1.60776e-07
-1.97644e-07
1.2293e-07
-1.62604e-07
1.05083e-07
-2.90316e-07
)
;

boundaryField
{
    down
    {
        type            symmetryPlane;
    }
    right
    {
        type            fixedValue;
        value           uniform 0;
    }
    up
    {
        type            symmetryPlane;
    }
    left
    {
        type            zeroGradient;
    }
    cylinder
    {
        type            zeroGradient;
    }
    frontAndBack
    {
        type            empty;
    }
    procBoundary11to6
    {
        type            processor;
        value           uniform 3.88185e-06;
    }
    procBoundary11to7
    {
        type            processor;
        value           nonuniform List<scalar> 
72
(
4.67705e-06
4.71999e-06
4.72261e-06
4.69268e-06
4.63519e-06
4.55396e-06
4.45287e-06
4.3354e-06
4.2046e-06
4.06321e-06
3.91365e-06
3.75808e-06
3.59838e-06
3.43619e-06
3.27297e-06
3.10997e-06
2.94826e-06
2.78877e-06
2.63229e-06
2.47949e-06
2.33089e-06
2.18696e-06
2.04803e-06
1.9144e-06
1.78626e-06
1.66375e-06
1.54696e-06
1.43591e-06
1.33062e-06
1.231e-06
1.13704e-06
1.0209e-06
1.0209e-06
9.40774e-07
8.65525e-07
7.95168e-07
7.29332e-07
6.6825e-07
6.11058e-07
5.58761e-07
5.09179e-07
4.65436e-07
4.21902e-07
3.87183e-07
3.47115e-07
3.23249e-07
2.82325e-07
2.73379e-07
2.24577e-07
2.37936e-07
1.70619e-07
2.17331e-07
1.17903e-07
2.11065e-07
6.55654e-08
2.16306e-07
1.60461e-08
2.26981e-07
-2.49024e-08
2.35126e-07
-5.1302e-08
2.35771e-07
-6.3374e-08
2.34398e-07
-7.45823e-08
2.52117e-07
-1.13092e-07
3.23691e-07
-2.1732e-07
4.95813e-07
-4.3654e-07
8.32077e-07
)
;
    }
    procBoundary11to10
    {
        type            processor;
        value           nonuniform List<scalar> 
74
(
3.17873e-06
2.48289e-06
1.79555e-06
1.11781e-06
4.51006e-07
-2.0371e-07
-8.45616e-07
-1.4739e-06
-2.08774e-06
-2.68641e-06
-3.26922e-06
-3.83554e-06
-4.38481e-06
-4.91652e-06
-5.4302e-06
-5.92546e-06
-6.40194e-06
-6.85932e-06
-7.2974e-06
-7.70744e-06
-8.09449e-06
-8.47015e-06
-8.83339e-06
-9.18311e-06
-9.51823e-06
-9.83765e-06
-1.01403e-05
-1.0425e-05
-1.06907e-05
-1.09365e-05
-1.11611e-05
-1.13636e-05
-1.1543e-05
-1.16985e-05
-1.18291e-05
-1.19339e-05
-1.20124e-05
-1.20638e-05
-1.20876e-05
-1.20834e-05
-1.20507e-05
-1.19893e-05
-1.18992e-05
-1.17804e-05
-1.1633e-05
-1.14575e-05
-1.12542e-05
-1.1024e-05
-1.07676e-05
-1.04862e-05
-1.01808e-05
-9.85305e-06
-9.50449e-06
-9.13701e-06
-8.75265e-06
-8.35369e-06
-7.94262e-06
-7.52215e-06
-7.09519e-06
-6.66488e-06
-6.23455e-06
-5.80772e-06
-5.38812e-06
-4.97965e-06
-4.58636e-06
-4.21245e-06
-3.86227e-06
-3.54024e-06
-3.25087e-06
-2.9987e-06
-2.78827e-06
-2.62406e-06
-2.51045e-06
-2.45171e-06
)
;
    }
}


// ************************************************************************* //
