/*--------------------------------*- C++ -*----------------------------------*\
| =========                 |                                                 |
| \\      /  F ield         | OpenFOAM: The Open Source CFD Toolbox           |
|  \\    /   O peration     | Version:  2412                                  |
|   \\  /    A nd           | Website:  www.openfoam.com                      |
|    \\/     M anipulation  |                                                 |
\*---------------------------------------------------------------------------*/
FoamFile
{
    version     2.0;
    format      ascii;
    arch        "LSB;label=32;scalar=64";
    class       volScalarField;
    location    "5.5";
    object      p;
}
// * * * * * * * * * * * * * * * * * * * * * * * * * * * * * * * * * * * * * //

dimensions      [0 2 -2 0 0 0 0];

internalField   nonuniform List<scalar> 
5285
(
-3.346e-06
-1.59611e-05
-2.77161e-05
-3.86916e-05
-4.88908e-05
-5.83116e-05
-6.69664e-05
-7.48737e-05
-8.20543e-05
-8.85314e-05
-9.43307e-05
-9.94801e-05
-0.000104009
-0.000107948
-0.000111328
-0.000114182
-0.00011654
-0.000118436
-0.000119899
-0.000120962
-0.000121655
-0.000122006
-0.000122044
-0.000121797
-1.94346e-05
-3.23652e-05
-4.42637e-05
-5.53527e-05
-6.5624e-05
-7.50627e-05
-8.36843e-05
-9.15118e-05
-9.85695e-05
-0.000104884
-0.000110483
-0.0001154
-0.000119666
-0.000123316
-0.000126385
-0.000128907
-0.000130917
-0.000132451
-0.000133543
-0.000134225
-0.000134532
-0.000134493
-0.000134141
-0.000133504
-3.64563e-05
-4.97085e-05
-6.17324e-05
-7.29223e-05
-8.32534e-05
-9.26933e-05
-0.000101261
-0.000108985
-0.000115893
-0.000122015
-0.000127384
-0.000132034
-0.000136004
-0.00013933
-0.00014205
-0.000144204
-0.000145831
-0.000146967
-0.00014765
-0.000147918
-0.000147804
-0.000147344
-0.000146569
-0.000145511
-5.44755e-05
-6.80565e-05
-8.01899e-05
-9.14666e-05
-0.000101842
-0.000111263
-0.000119753
-0.000127346
-0.000134074
-0.000139971
-0.000145074
-0.000149422
-0.000153057
-0.000156019
-0.000158352
-0.000160098
-0.0001613
-0.000161999
-0.000162236
-0.00016205
-0.00016148
-0.000160562
-0.000159331
-0.000157821
-7.35647e-05
-8.74835e-05
-9.97093e-05
-0.000111057
-0.000121458
-0.000130837
-0.000139221
-0.000146652
-0.000153166
-0.000158801
-0.000163599
-0.000167603
-0.00017086
-0.000173415
-0.000175317
-0.000176611
-0.000177345
-0.000177563
-0.000177311
-0.000176632
-0.000175565
-0.000174152
-0.000172429
-0.000170432
-9.38077e-05
-0.000108072
-0.000120371
-0.000131769
-0.000142175
-0.000151485
-0.000159731
-0.000166964
-0.000173225
-0.000178556
-0.000183004
-0.000186619
-0.000189451
-0.000191552
-0.000192973
-0.000193767
-0.000193985
-0.000193676
-0.00019289
-0.000191671
-0.000190066
-0.000188117
-0.000185863
-0.000183342
-0.000115295
-0.000129914
-0.000142263
-0.00015369
-0.000164074
-0.000173283
-0.000181355
-0.000188348
-0.000194311
-0.000199291
-0.000203341
-0.000206515
-0.000208869
-0.000210461
-0.000211349
-0.00021159
-0.000211239
-0.000210352
-0.000208981
-0.000207177
-0.000204987
-0.000202457
-0.000199631
-0.000196548
-0.000138127
-0.000153107
-0.000165481
-0.00017691
-0.000187243
-0.000196315
-0.00020417
-0.000210877
-0.000216491
-0.000221067
-0.000224661
-0.000227336
-0.000229154
-0.000230179
-0.000230475
-0.000230103
-0.000229127
-0.000227606
-0.000225596
-0.000223153
-0.000220329
-0.000217173
-0.00021373
-0.000210043
-0.000162415
-0.000177762
-0.000190133
-0.000201533
-0.000211779
-0.000220671
-0.00022826
-0.000234628
-0.000239836
-0.000243945
-0.000247021
-0.000249133
-0.000250349
-0.000250741
-0.000250378
-0.000249331
-0.000247666
-0.000245449
-0.000242743
-0.000239606
-0.000236094
-0.000232261
-0.000228154
-0.000223819
-0.000188283
-0.000204004
-0.000216335
-0.000227671
-0.00023779
-0.000246453
-0.00025372
-0.000259686
-0.000264422
-0.000267996
-0.000270482
-0.000271957
-0.000272498
-0.000272183
-0.000271091
-0.000269296
-0.000266874
-0.000263895
-0.000260428
-0.000256537
-0.000252281
-0.000247717
-0.000242896
-0.000237867
-0.000215868
-0.000231967
-0.00024422
-0.000255447
-0.000265391
-0.000273768
-0.000280648
-0.000286142
-0.000290331
-0.000293292
-0.000295107
-0.000295864
-0.000295647
-0.000294545
-0.000292642
-0.000290022
-0.000286767
-0.000282954
-0.000278657
-0.000273946
-0.000268884
-0.000263533
-0.000257945
-0.000252173
-0.000245328
-0.000261807
-0.000273931
-0.000285
-0.000294712
-0.000302737
-0.000309156
-0.000314097
-0.000317653
-0.000319911
-0.000320965
-0.000320911
-0.000319845
-0.000317864
-0.000315062
-0.000311531
-0.00030736
-0.000302634
-0.000297433
-0.000291831
-0.000285898
-0.000279697
-0.000273287
-0.00026672
-0.000276834
-0.000293693
-0.000305631
-0.000316481
-0.000325896
-0.000333492
-0.000339364
-0.000343659
-0.000346484
-0.000347939
-0.000348128
-0.000347159
-0.000345141
-0.00034218
-0.00033838
-0.000333843
-0.000328666
-0.000322941
-0.000316754
-0.000310187
-0.000303312
-0.000296197
-0.000288904
-0.000281488
-0.000310581
-0.000327818
-0.000339498
-0.000350059
-0.000359099
-0.000366177
-0.000371402
-0.000374945
-0.000376928
-0.000377463
-0.000376671
-0.000374672
-0.000371586
-0.000367532
-0.000362626
-0.000356978
-0.000350696
-0.000343878
-0.000336618
-0.000329003
-0.000321112
-0.000313014
-0.000304776
-0.000296453
-0.000346788
-0.000364394
-0.000375734
-0.000385921
-0.000394495
-0.000400951
-0.000405414
-0.000408082
-0.000409095
-0.000408581
-0.000406675
-0.000403513
-0.000399231
-0.00039396
-0.000387827
-0.000380954
-0.000373457
-0.000365444
-0.000357017
-0.000348267
-0.000339278
-0.000330125
-0.000320875
-0.000311587
-0.0003857
-0.000403663
-0.000414562
-0.000424275
-0.000432277
-0.000437989
-0.000441556
-0.000443208
-0.000443104
-0.000441392
-0.000438223
-0.000433752
-0.00042813
-0.000421501
-0.000414008
-0.000405783
-0.000396953
-0.000387636
-0.000377938
-0.00036796
-0.000357788
-0.000347502
-0.000337171
-0.000326856
-0.000427593
-0.000445893
-0.000456234
-0.000465353
-0.000472656
-0.000477482
-0.000479999
-0.000480472
-0.000479084
-0.000476004
-0.000471404
-0.000465458
-0.000458333
-0.000450193
-0.000441192
-0.000431476
-0.000421184
-0.000410441
-0.000399364
-0.000388056
-0.000376611
-0.00036511
-0.000353626
-0.00034222
-0.000472783
-0.000491392
-0.000501032
-0.000509416
-0.000515871
-0.000519643
-0.00052093
-0.000520036
-0.000517172
-0.00051253
-0.000506308
-0.000498698
-0.000489892
-0.000480067
-0.000469397
-0.000458039
-0.000446142
-0.000433845
-0.000421269
-0.000408526
-0.000395711
-0.000382911
-0.000370198
-0.000357635
-0.000511155
-0.000498634
-0.000485467
-0.000471814
-0.000457821
-0.000443621
-0.000429328
-0.000415043
-0.000400854
-0.000386835
-0.000373049
0.000100618
8.39225e-05
6.78351e-05
5.23724e-05
3.7547e-05
2.33707e-05
9.8611e-06
8.81943e-05
7.09595e-05
5.43478e-05
3.83772e-05
2.30608e-05
8.41985e-06
-5.51772e-06
7.50774e-05
5.72648e-05
4.00934e-05
2.35833e-05
7.74796e-06
-7.37947e-06
-2.17585e-05
6.1217e-05
4.27954e-05
2.50336e-05
7.95311e-06
-8.43261e-06
-2.40769e-05
-3.89233e-05
4.65553e-05
2.74899e-05
9.10361e-06
-8.58041e-06
-2.55487e-05
-4.17386e-05
-5.70768e-05
3.10281e-05
1.12807e-05
-7.76726e-06
-2.60908e-05
-4.36761e-05
-6.04427e-05
-7.62995e-05
1.45663e-05
-5.90459e-06
-2.56545e-05
-4.46566e-05
-6.28968e-05
-8.02743e-05
-9.66797e-05
-2.90395e-06
-2.41449e-05
-4.46409e-05
-6.43641e-05
-8.33002e-05
-0.000101326
-0.000118314
-2.14696e-05
-4.35285e-05
-6.48182e-05
-8.53084e-05
-0.000104985
-0.000123701
-0.000141307
-4.12223e-05
-6.41525e-05
-8.62876e-05
-0.000107595
-0.00012806
-0.000147511
-0.000165775
-6.22652e-05
-8.61247e-05
-0.000109161
-0.00013134
-0.000152646
-0.00017288
-0.000191845
-8.47128e-05
-0.000109565
-0.000133564
-0.000156672
-0.000178877
-0.000199946
-0.000219656
-0.000108693
-0.000134607
-0.000159636
-0.000183738
-0.000206902
-0.000228863
-0.000249367
-0.00013435
-0.000161401
-0.000187532
-0.000212698
-0.000236889
-0.000259803
-0.000281153
-0.000161842
-0.000190115
-0.000217427
-0.000243734
-0.000269025
-0.00029296
-0.00031521
-0.000191351
-0.000220937
-0.000249519
-0.00027705
-0.000303523
-0.000328551
-0.000351761
-0.000223079
-0.00025408
-0.000284029
-0.000312876
-0.000340619
-0.000366822
-0.000391057
-0.000257256
-0.000289784
-0.000321207
-0.000351474
-0.000380585
-0.000408052
-0.00043338
-0.000294143
-0.000328323
-0.00036134
-0.00039314
-0.000423727
-0.000452556
-0.000479054
-0.000334033
-0.000370008
0.000232325
0.000212121
0.000192352
0.000173009
0.000154125
0.000135745
0.0001179
0.000224037
0.000203156
0.000182809
0.000162878
0.000143402
0.000124442
0.00010603
0.000215282
0.000193698
0.000172759
0.00015221
0.000132106
0.000112525
9.35067e-05
0.000206036
0.000183699
0.000162136
0.000140933
0.000120164
9.99303e-05
8.02716e-05
0.000196255
0.000173114
0.000150894
0.000129002
0.000107531
8.66052e-05
6.62704e-05
0.000185901
0.000161897
0.000138986
0.000116368
9.41521e-05
7.24943e-05
5.14426e-05
0.00017493
0.000150003
0.000126362
0.000102976
7.997e-05
5.75352e-05
3.57219e-05
0.000163295
0.000137377
0.000112965
8.87638e-05
6.49199e-05
4.16611e-05
1.90466e-05
0.000150945
0.000123961
9.87315e-05
7.3666e-05
4.89298e-05
2.47928e-05
1.31834e-06
0.000137822
0.000109689
8.35934e-05
5.76086e-05
3.1921e-05
6.84818e-06
-1.7541e-05
0.000123865
9.44917e-05
6.74743e-05
4.051e-05
1.38065e-05
-1.22655e-05
-3.76303e-05
0.000109005
7.82895e-05
5.029e-05
2.22799e-05
-5.5109e-06
-3.26515e-05
-5.90591e-05
9.31672e-05
6.09955e-05
3.19467e-05
2.81754e-06
-2.61391e-05
-5.4425e-05
-8.19491e-05
7.62673e-05
4.25129e-05
1.23403e-05
-1.79891e-05
-4.81986e-05
-7.77145e-05
-0.000106436
5.82141e-05
2.27345e-05
-8.64514e-06
-4.0265e-05
-7.18241e-05
-0.000102664
-0.000132673
3.89064e-05
1.54097e-06
-3.11391e-05
-6.41501e-05
-9.71665e-05
-0.000129434
-0.000160831
1.8232e-05
-2.12007e-05
-5.52862e-05
-8.98011e-05
-0.000124395
-0.000158207
-0.000191102
-3.93271e-06
-4.5639e-05
-8.12488e-05
-0.000117394
-0.000153701
-0.000189187
-0.000223704
-2.77261e-05
-7.19395e-05
-0.000109209
-0.000147128
-0.000185299
-0.000222605
-0.000258882
-0.000258725
-0.000296917
0.000863699
0.000852463
0.000840719
0.000828457
0.000815669
0.000802349
0.00078849
0.000774088
0.000759142
0.000743652
0.000727618
0.000711045
0.000693939
0.00067631
0.000658168
0.000639529
0.000620409
0.000600829
0.000580813
0.000560386
0.00053958
0.000518426
0.000496961
0.000475225
0.000453258
0.000431107
0.000408818
0.000386441
0.000364029
0.000341634
0.000319311
0.000297116
0.000275109
0.000253367
0.000875201
0.00086389
0.000852045
0.000839657
0.000826716
0.000813212
0.00079914
0.000784493
0.00076927
0.000753467
0.000737086
0.000720129
0.000702603
0.000684516
0.000665879
0.000646706
0.000627014
0.000606825
0.000586163
0.000565055
0.000543532
0.000521629
0.000499384
0.000476839
0.000454038
0.00043103
0.000407865
0.000384597
0.000361282
0.000337977
0.000314743
0.000291638
0.000268735
0.000246126
0.000887204
0.000875827
0.000863892
0.000851386
0.000838298
0.000824617
0.000810336
0.000795446
0.000779945
0.000763828
0.000747094
0.000729747
0.000711791
0.000693233
0.000674084
0.000654358
0.000634073
0.000613248
0.000591911
0.000570087
0.000547812
0.00052512
0.000502051
0.000478651
0.000454967
0.000431049
0.000406954
0.000382737
0.00035846
0.000334186
0.000309978
0.000285899
0.000262038
0.000238502
0.00089973
0.0008883
0.000876286
0.000863672
0.000850445
0.000836594
0.000822109
0.00080698
0.000791202
0.000774769
0.00075768
0.000739936
0.00072154
0.000702499
0.000682822
0.000662524
0.000641621
0.000620135
0.000598091
0.000575519
0.000552452
0.000528928
0.000504991
0.000480686
0.000456064
0.000431181
0.000406095
0.000380868
0.000355565
0.000330255
0.000305006
0.000279886
0.000254998
0.000230473
0.000912802
0.000901334
0.000889253
0.000876542
0.000863188
0.000849175
0.000834492
0.000819129
0.000803076
0.000786328
0.000768882
0.000750735
0.00073189
0.000712353
0.000692134
0.000671243
0.0006497
0.000627525
0.000604743
0.000581385
0.000557486
0.000533087
0.000508231
0.000482968
0.000457353
0.000431443
0.000405303
0.000378998
0.000352599
0.000326181
0.000299818
0.000273582
0.000247594
0.000222011
0.000926446
0.000914954
0.000902821
0.000890027
0.000876557
0.000862393
0.000847522
0.00083193
0.000815607
0.000798546
0.000780739
0.000762185
0.000742884
0.000722841
0.000702062
0.000680561
0.000658353
0.00063546
0.000611907
0.000587727
0.000562954
0.000537631
0.000511804
0.000485527
0.000458857
0.000431855
0.000404591
0.000377136
0.000349566
0.000321962
0.000294405
0.000266972
0.000239803
0.000213084
0.000940684
0.000929187
0.000917018
0.000904157
0.000890585
0.000876283
0.000861233
0.000845422
0.000828835
0.000811463
0.000793297
0.000774333
0.00075457
0.000734008
0.000712656
0.000690524
0.000667628
0.000643988
0.000619631
0.000594588
0.000568896
0.0005426
0.000515748
0.000488395
0.000460604
0.000432441
0.000403978
0.000375294
0.00034647
0.000317595
0.000288756
0.000260038
0.000231599
0.000203659
0.000955544
0.00094406
0.000931875
0.000918965
0.000905307
0.00089088
0.000875666
0.000859645
0.000842803
0.000825126
0.000806603
0.000787227
0.000766995
0.000745907
0.000723968
0.000701186
0.000677578
0.000653162
0.000627965
0.000602018
0.000575361
0.000548039
0.000520102
0.00049161
0.000462627
0.000433226
0.000403483
0.000373484
0.000343318
0.000313078
0.000282863
0.000252761
0.000222956
0.000193703
0.000971051
0.000959603
0.000947422
0.000934483
0.000920758
0.000906225
0.000890861
0.000874644
0.000857556
0.000839581
0.000820706
0.000800919
0.000780215
0.000758592
0.000736052
0.000712603
0.000688258
0.000663037
0.000636964
0.000610072
0.0005824
0.000553996
0.000524912
0.000495211
0.000464961
0.00043424
0.000403131
0.000371724
0.000340117
0.000308412
0.000276714
0.000245122
0.000213843
0.000183174
0.000987231
0.000975844
0.000963692
0.000950745
0.000936976
0.000922356
0.00090686
0.000890464
0.000873144
0.000854881
0.000835659
0.000815464
0.000794287
0.000772123
0.000748971
0.000724837
0.000699733
0.000673675
0.00064669
0.000618809
0.000590071
0.000560526
0.000530229
0.000499245
0.000467648
0.000435519
0.000402948
0.000370032
0.000336877
0.000303595
0.000270301
0.000237101
0.00020423
0.000172031
0.00100411
0.000992813
0.000980716
0.000967789
0.000953999
0.000939316
0.00092371
0.000907152
0.000889616
0.000871079
0.00085152
0.000830923
0.000809273
0.000786563
0.000762789
0.000737955
0.000712068
0.000685145
0.000657211
0.000628295
0.000598439
0.000567691
0.000536111
0.000503766
0.000470734
0.000437101
0.000402965
0.000368431
0.000333612
0.000298631
0.000263614
0.000228675
0.000194083
0.000160229
0.00102172
0.00101054
0.000998528
0.000985649
0.000971867
0.000957147
0.000941455
0.000924758
0.000907027
0.000888232
0.00086835
0.000847358
0.000825239
0.000801982
0.000777579
0.000752029
0.000725339
0.000697522
0.0006686
0.000638603
0.000607573
0.000575559
0.000542621
0.000508831
0.00047427
0.000439032
0.000403219
0.000366947
0.000330337
0.000293523
0.000256644
0.000219823
0.000183364
0.000147715
0.00104008
0.00102905
0.00101716
0.00100436
0.000990621
0.000975895
0.000960146
0.000943337
0.000925433
0.000906401
0.000886211
0.000864837
0.000842257
0.000818454
0.000793416
0.000767139
0.000739626
0.000710886
0.000680939
0.000649815
0.000617554
0.000584205
0.000549832
0.000514507
0.000478318
0.000441363
0.000403753
0.000365611
0.000327071
0.000288277
0.000249382
0.00021052
0.000172035
0.000134436
0.00105923
0.00104839
0.00103665
0.00102397
0.0010103
0.000995605
0.000979832
0.000962942
0.000944894
0.000925649
0.000905173
0.000883434
0.000860403
0.000836059
0.000810385
0.000783371
0.000755016
0.000725327
0.000694319
0.00066202
0.000628469
0.000593715
0.000557823
0.00052087
0.000482945
0.000444154
0.000404616
0.000364462
0.000323838
0.000282903
0.000241822
0.000200744
0.000160054
0.000120332
0.00107918
0.00106857
0.00105703
0.00104451
0.00103096
0.00101633
0.00100057
0.00098363
0.000965471
0.000946044
0.000925308
0.000903224
0.000879758
0.000854883
0.000828575
0.000800819
0.000771607
0.000740943
0.000708838
0.000675317
0.000640416
0.000604184
0.000566687
0.000528004
0.000488229
0.000447473
0.000405863
0.000363542
0.000320668
0.000277413
0.000233959
0.000190469
0.000147376
0.000105337
0.00109997
0.00108963
0.00107833
0.00106602
0.00105263
0.00103811
0.0010224
0.00100546
0.000987229
0.000967655
0.00094669
0.000924289
0.00090041
0.000875018
0.000848082
0.000819582
0.000789503
0.000757841
0.000724605
0.000689814
0.000653503
0.000615718
0.000576526
0.000536006
0.000494258
0.000451399
0.000407563
0.000362905
0.000317596
0.000271824
0.00022579
0.000179671
0.000133953
8.93812e-05
0.00112162
0.00111161
0.0011006
0.00108853
0.00107535
0.00106099
0.0010454
0.0010285
0.00101024
0.000990557
0.000969402
0.000946716
0.000922451
0.000896562
0.000869012
0.00083977
0.000808816
0.000776139
0.00074174
0.000705634
0.000667851
0.000628436
0.000587453
0.000544985
0.000501133
0.000456021
0.000409792
0.000362612
0.000314666
0.000266161
0.000217315
0.000168325
0.000119734
7.23862e-05
0.00114415
0.00113452
0.00112385
0.0011121
0.00109918
0.00108504
0.0010696
0.0010528
0.00103456
0.00101483
0.000993525
0.000970595
0.000945978
0.00091962
0.000891475
0.000861502
0.000829672
0.000795965
0.000760375
0.00072291
0.000683594
0.00064247
0.000599598
0.000555063
0.000508968
0.000461443
0.00041264
0.000362735
0.00031193
0.000260451
0.000208537
0.000156407
0.000104666
5.42672e-05
0.000587942
0.000582903
0.000577837
0.000572745
0.000567629
0.000562489
0.000557326
0.000552142
0.000546939
0.000541716
0.000536477
0.000531221
0.00052595
0.000520665
0.000515368
0.000510061
0.000504743
0.000499418
0.000494085
0.000488748
0.000483405
0.000478061
0.000472714
0.000467368
0.000462023
0.000456681
0.000451343
0.000446011
0.000440685
0.000435368
0.000430061
0.000424764
0.00041948
0.000414209
0.000588156
0.000583109
0.000578034
0.000572933
0.000567808
0.000562659
0.000557487
0.000552294
0.000547081
0.000541849
0.000536599
0.000531333
0.000526053
0.000520758
0.000515451
0.000510133
0.000504806
0.00049947
0.000494127
0.000488778
0.000483426
0.00047807
0.000472714
0.000467357
0.000462001
0.000456649
0.0004513
0.000445957
0.000440621
0.000435294
0.000429976
0.000424669
0.000419374
0.000414094
0.000588573
0.000583509
0.000578418
0.0005733
0.000568157
0.000562991
0.000557801
0.00055259
0.000547358
0.000542107
0.000536839
0.000531554
0.000526253
0.000520939
0.000515612
0.000510275
0.000504927
0.000499571
0.000494207
0.000488839
0.000483465
0.000478089
0.000472712
0.000467335
0.000461958
0.000456585
0.000451216
0.000445853
0.000440496
0.000435148
0.00042981
0.000424483
0.000419169
0.000413869
0.000589182
0.000584095
0.000578979
0.000573837
0.000568669
0.000563476
0.00055826
0.000553023
0.000547764
0.000542486
0.000537189
0.000531876
0.000526548
0.000521205
0.000515849
0.000510482
0.000505104
0.000499719
0.000494326
0.000488927
0.000483524
0.000478117
0.00047271
0.000467302
0.000461896
0.000456492
0.000451093
0.0004457
0.000440314
0.000434936
0.000429568
0.000424212
0.000418868
0.000413539
0.000589977
0.000584859
0.000579711
0.000574537
0.000569336
0.00056411
0.00055886
0.000553587
0.000548293
0.00054298
0.000537647
0.000532297
0.000526931
0.000521551
0.000516157
0.000510752
0.000505336
0.000499912
0.00049448
0.000489042
0.0004836
0.000478154
0.000472707
0.00046726
0.000461814
0.000456371
0.000450933
0.0004455
0.000440075
0.000434658
0.000429252
0.000423858
0.000418476
0.000413109
0.00059095
0.000585794
0.000580608
0.000575394
0.000570153
0.000564886
0.000559594
0.000554279
0.000548942
0.000543585
0.000538208
0.000532813
0.000527402
0.000521976
0.000516536
0.000511084
0.000505621
0.000500149
0.000494669
0.000489183
0.000483693
0.000478199
0.000472704
0.000467208
0.000461714
0.000456223
0.000450736
0.000445256
0.000439783
0.000434318
0.000428865
0.000423423
0.000417995
0.000412582
0.000592096
0.000586895
0.000581664
0.000576403
0.000571115
0.0005658
0.000560459
0.000555094
0.000549707
0.000544298
0.000538869
0.000533421
0.000527957
0.000522476
0.000516982
0.000511475
0.000505957
0.000500429
0.000494893
0.00048935
0.000483803
0.000478253
0.0004727
0.000467148
0.000461597
0.000456048
0.000450505
0.000444968
0.000439438
0.000433918
0.000428408
0.000422912
0.000417429
0.000411961
0.000593409
0.000588158
0.000582875
0.000577561
0.000572219
0.000566849
0.000561452
0.00055603
0.000550584
0.000545117
0.000539628
0.00053412
0.000528594
0.000523052
0.000517495
0.000511924
0.000506342
0.00050075
0.00049515
0.000489543
0.00048393
0.000478314
0.000472697
0.000467079
0.000461462
0.000455848
0.000450239
0.000444637
0.000439043
0.000433458
0.000427884
0.000422324
0.000416778
0.000411248
0.000594886
0.000589578
0.000584237
0.000578864
0.000573461
0.000568029
0.00056257
0.000557084
0.000551573
0.000546039
0.000540483
0.000534907
0.000529312
0.0005237
0.000518073
0.000512431
0.000506778
0.000501113
0.00049544
0.00048976
0.000484074
0.000478385
0.000472693
0.000467001
0.000461311
0.000455623
0.000449941
0.000444265
0.000438597
0.00043294
0.000427294
0.000421662
0.000416045
0.000410445
0.000596524
0.000591154
0.000585748
0.00058031
0.00057484
0.00056934
0.000563811
0.000558254
0.000552671
0.000547063
0.000541433
0.000535781
0.00053011
0.000524421
0.000518715
0.000512995
0.000507262
0.000501517
0.000495764
0.000490002
0.000484235
0.000478463
0.00047269
0.000466916
0.000461143
0.000455374
0.00044961
0.000443852
0.000438103
0.000432365
0.000426639
0.000420927
0.000415231
0.000409552
0.000598321
0.000592882
0.000587407
0.000581897
0.000576354
0.000570779
0.000565173
0.000559538
0.000553877
0.000548189
0.000542477
0.000536743
0.000530988
0.000525214
0.000519422
0.000513615
0.000507795
0.000501962
0.00049612
0.000490269
0.000484412
0.000478551
0.000472687
0.000466823
0.00046096
0.000455101
0.000449246
0.000443399
0.000437561
0.000431733
0.000425919
0.000420119
0.000414336
0.000408572
0.000600274
0.000594761
0.00058921
0.000583623
0.000578001
0.000572345
0.000566656
0.000560938
0.00055519
0.000549415
0.000543615
0.000537791
0.000531945
0.000526078
0.000520194
0.000514292
0.000508377
0.000502448
0.000496509
0.000490562
0.000484607
0.000478648
0.000472686
0.000466723
0.000460762
0.000454804
0.000448851
0.000442906
0.00043697
0.000431046
0.000425135
0.00041924
0.000413362
0.000407504
0.000602382
0.00059679
0.000591158
0.000585488
0.00057978
0.000574037
0.00056826
0.000562451
0.000556611
0.000550742
0.000544846
0.000538925
0.000532981
0.000527015
0.000521029
0.000515026
0.000509008
0.000502976
0.000496932
0.000490879
0.000484819
0.000478754
0.000472686
0.000466616
0.000460549
0.000454484
0.000448425
0.000442374
0.000436333
0.000430303
0.000424288
0.000418289
0.000412309
0.000406349
0.000604645
0.000598969
0.00059325
0.000587491
0.000581693
0.000575857
0.000569985
0.000564078
0.000558139
0.00055217
0.000546172
0.000540147
0.000534097
0.000528024
0.00052193
0.000515818
0.000509689
0.000503545
0.000497389
0.000491223
0.00048505
0.00047887
0.000472687
0.000466504
0.000460321
0.000454142
0.000447968
0.000441803
0.000435648
0.000429505
0.000423377
0.000417267
0.000411176
0.000405106
0.000607062
0.000601297
0.000595486
0.000589633
0.000583738
0.000577803
0.00057183
0.00056582
0.000559776
0.000553699
0.000547592
0.000541456
0.000535293
0.000529106
0.000522897
0.000516667
0.00051042
0.000504157
0.000497881
0.000491594
0.000485299
0.000478997
0.000472692
0.000466385
0.000460079
0.000453777
0.00044748
0.000441192
0.000434915
0.000428652
0.000422403
0.000416173
0.000409964
0.000403777
0.000609634
0.000603774
0.000597867
0.000591914
0.000585917
0.000579877
0.000573797
0.000567678
0.000561522
0.000555331
0.000549108
0.000542854
0.000536571
0.000530263
0.00052393
0.000517576
0.000511203
0.000504813
0.000498409
0.000491993
0.000485567
0.000479135
0.000472699
0.000466261
0.000459823
0.00045339
0.000446962
0.000440544
0.000434136
0.000427743
0.000421366
0.000415008
0.000408672
0.00040236
0.00061236
0.000606402
0.000600393
0.000594335
0.00058823
0.00058208
0.000575886
0.000569652
0.000563378
0.000557067
0.000550721
0.000544342
0.000537932
0.000531495
0.000525032
0.000518546
0.000512039
0.000505514
0.000498973
0.00049242
0.000485856
0.000479285
0.00047271
0.000466132
0.000459555
0.000452981
0.000446414
0.000439856
0.00043331
0.000426779
0.000420264
0.000413771
0.0004073
0.000400854
0.000615243
0.000609181
0.000603065
0.000596897
0.000590679
0.000584413
0.000578101
0.000571744
0.000565346
0.000558908
0.000552432
0.000545921
0.000539378
0.000532804
0.000526203
0.000519577
0.000512929
0.000506261
0.000499576
0.000492877
0.000486167
0.000479449
0.000472725
0.000465999
0.000459274
0.000452552
0.000445836
0.00043913
0.000432437
0.000425759
0.000419099
0.000412461
0.000405846
0.000399259
0.000618283
0.000612112
0.000605885
0.000599602
0.000593265
0.000586878
0.000580441
0.000573957
0.000567428
0.000560856
0.000554244
0.000547595
0.00054091
0.000534193
0.000527446
0.000520672
0.000513874
0.000507055
0.000500218
0.000493365
0.0004865
0.000479626
0.000472746
0.000465863
0.00045898
0.000452101
0.000445228
0.000438366
0.000431516
0.000424683
0.000417869
0.000411077
0.000404312
0.000397575
0.000621481
0.000615198
0.000608854
0.000602451
0.000595991
0.000589477
0.000582909
0.000576291
0.000569625
0.000562914
0.000556159
0.000549363
0.00054253
0.000535662
0.000528762
0.000521833
0.000514877
0.000507899
0.0005009
0.000493885
0.000486857
0.000479818
0.000472773
0.000465724
0.000458675
0.00045163
0.000444591
0.000437563
0.000430548
0.00042355
0.000416573
0.00040962
0.000402694
0.000395799
0.00062484
0.00061844
0.000611975
0.000605447
0.000598859
0.000592212
0.000585508
0.000578751
0.000571941
0.000565083
0.000558178
0.00055123
0.000544241
0.000537215
0.000530154
0.000523061
0.00051594
0.000508794
0.000501626
0.00049444
0.000487239
0.000480027
0.000472807
0.000465583
0.000458359
0.000451138
0.000443925
0.000436721
0.000429532
0.000422361
0.000415212
0.000408088
0.000400993
0.00039393
0.000628361
0.00062184
0.00061525
0.000608593
0.000601871
0.000595086
0.00058824
0.000581337
0.000574378
0.000567367
0.000560306
0.000553198
0.000546046
0.000538853
0.000531623
0.000524359
0.000517064
0.000509742
0.000502396
0.00049503
0.000487648
0.000480253
0.00047285
0.000465442
0.000458033
0.000450628
0.000443229
0.000435841
0.000428469
0.000421115
0.000413784
0.00040648
0.000399207
0.000391968
0.000632046
0.000625401
0.000618681
0.00061189
0.000605029
0.000598101
0.000591109
0.000584054
0.000576939
0.000569769
0.000562544
0.000555269
0.000547947
0.00054058
0.000533173
0.000525729
0.000518252
0.000510745
0.000503212
0.000495658
0.000488085
0.000480499
0.000472903
0.000465301
0.000457698
0.000450098
0.000442505
0.000434923
0.000427357
0.000419811
0.000412289
0.000404796
0.000397335
0.00038991
0.000635899
0.000629124
0.000622271
0.000615341
0.000608337
0.000601261
0.000594116
0.000586903
0.000579627
0.00057229
0.000564896
0.000557447
0.000549946
0.000542398
0.000534807
0.000527175
0.000519507
0.000511806
0.000504078
0.000496325
0.000488553
0.000480765
0.000472966
0.000465161
0.000457354
0.00044955
0.000441752
0.000433967
0.000426197
0.000418449
0.000410726
0.000403033
0.000395375
0.000387756
0.000639921
0.000633014
0.000626023
0.00061895
0.000611798
0.000604569
0.000597265
0.00058989
0.000582446
0.000574936
0.000567364
0.000559734
0.000552048
0.000544311
0.000536526
0.000528698
0.000520831
0.000512928
0.000504994
0.000497034
0.000489053
0.000481054
0.000473043
0.000465024
0.000457003
0.000448984
0.000440972
0.000432972
0.000424989
0.000417028
0.000409094
0.000401192
0.000393326
0.000385503
0.000644115
0.000637072
0.00062994
0.00062272
0.000615415
0.000608027
0.00060056
0.000593016
0.000585398
0.000577709
0.000569954
0.000562135
0.000554256
0.000546322
0.000538336
0.000530303
0.000522227
0.000514113
0.000505965
0.000497788
0.000489587
0.000481367
0.000473133
0.000464891
0.000456645
0.000448401
0.000440163
0.000431939
0.000423732
0.000415548
0.000407392
0.00039927
0.000391187
0.000383149
0.000648484
0.000641302
0.000634024
0.000626653
0.000619191
0.000611641
0.000604004
0.000596286
0.000588487
0.000580613
0.000572667
0.000564652
0.000556573
0.000548434
0.000540239
0.000531992
0.000523699
0.000515364
0.000506992
0.000498588
0.000490158
0.000481707
0.00047324
0.000464763
0.000456281
0.000447801
0.000439328
0.000430867
0.000422425
0.000414007
0.00040562
0.000397267
0.000388956
0.000380692
0.000653031
0.000645707
0.00063828
0.000630754
0.000623131
0.000615412
0.000607602
0.000599703
0.000591719
0.000583653
0.000575509
0.000567291
0.000559004
0.000550651
0.000542238
0.000533769
0.000525249
0.000516684
0.000508078
0.000499438
0.000490768
0.000482075
0.000473364
0.000464642
0.000455914
0.000447187
0.000438466
0.000429758
0.00042107
0.000412407
0.000403775
0.000395182
0.000386632
0.000378132
0.000657758
0.00065029
0.000642711
0.000635026
0.000627237
0.000619346
0.000611357
0.000603272
0.000595096
0.000586831
0.000578483
0.000570055
0.000561551
0.000552977
0.000544338
0.000535638
0.000526882
0.000518077
0.000509227
0.000500339
0.00049142
0.000482474
0.000473508
0.000464529
0.000455543
0.000446557
0.000437578
0.000428612
0.000419665
0.000410745
0.000401858
0.000393012
0.000384212
0.000375464
0.00066267
0.000655054
0.00064732
0.000639473
0.000631514
0.000623446
0.000615273
0.000606997
0.000598622
0.000590153
0.000581594
0.000572948
0.000564221
0.000555417
0.000546542
0.000537602
0.000528601
0.000519546
0.000510442
0.000501297
0.000492116
0.000482906
0.000473674
0.000464427
0.000455171
0.000445915
0.000436664
0.000427427
0.000418211
0.000409022
0.000399868
0.000390756
0.000381694
0.000372688
0.000667769
0.000660002
0.000652111
0.000644098
0.000635965
0.000627716
0.000619354
0.000610882
0.000602303
0.000593623
0.000584845
0.000575975
0.000567016
0.000557974
0.000548856
0.000539665
0.00053041
0.000521094
0.000511727
0.000502313
0.000492859
0.000483374
0.000473864
0.000464337
0.0004548
0.00044526
0.000435726
0.000426206
0.000416707
0.000407236
0.000397803
0.000388414
0.000379078
0.000369801
0.000673058
0.000665139
0.000657087
0.000648905
0.000640596
0.000632161
0.000623605
0.000614931
0.000606143
0.000597246
0.000588243
0.00057914
0.000569942
0.000560654
0.000551282
0.000541833
0.000532312
0.000522727
0.000513084
0.00050339
0.000493654
0.000483881
0.000474081
0.000464261
0.00045443
0.000444595
0.000434764
0.000424948
0.000415153
0.000405388
0.000395662
0.000385983
0.00037636
0.000366801
0.00067854
0.000670467
0.000662253
0.000653899
0.000645408
0.000636784
0.00062803
0.00061915
0.000610147
0.000601025
0.000591791
0.000582448
0.000573003
0.00056346
0.000553827
0.000544109
0.000534314
0.000524448
0.000514519
0.000504534
0.000494502
0.00048443
0.000474327
0.000464202
0.000454063
0.000443919
0.000433779
0.000423653
0.000413549
0.000403476
0.000393445
0.000383463
0.000373539
0.000363684
0.000684219
0.00067599
0.00066761
0.000659082
0.000650408
0.000641591
0.000632634
0.000623542
0.000614318
0.000604967
0.000595494
0.000585905
0.000576204
0.000566398
0.000556494
0.000546498
0.000536418
0.00052626
0.000516034
0.000505747
0.000495407
0.000485024
0.000474605
0.000464162
0.000453702
0.000443236
0.000432773
0.000422323
0.000411895
0.000401501
0.00039115
0.000380851
0.000370614
0.000360449
0.000690097
0.000681711
0.000673165
0.00066446
0.000655599
0.000646585
0.000637422
0.000628113
0.000618663
0.000609076
0.000599358
0.000589515
0.000579551
0.000569473
0.000559289
0.000549005
0.00053863
0.00052817
0.000517635
0.000507033
0.000496373
0.000485665
0.000474918
0.000464143
0.000453348
0.000442546
0.000431745
0.000420957
0.000410192
0.000399462
0.000388776
0.000378145
0.000367581
0.000357093
0.000696178
0.000687634
0.000678919
0.000670035
0.000660985
0.000651771
0.000642397
0.000632867
0.000623186
0.000613358
0.000603388
0.000593283
0.000583048
0.00057269
0.000562217
0.000551635
0.000540954
0.000530181
0.000519325
0.000508397
0.000497404
0.000486358
0.000475269
0.000464148
0.000453004
0.00044185
0.000430697
0.000419556
0.000408439
0.000397357
0.000386322
0.000375346
0.000364439
0.000353614
0.000702464
0.000693761
0.000684876
0.000675812
0.00066657
0.000657153
0.000647565
0.00063781
0.000627892
0.000617817
0.000607589
0.000597215
0.000586701
0.000576055
0.000565283
0.000554394
0.000543396
0.000532298
0.000521111
0.000509842
0.000498504
0.000487107
0.000475662
0.00046418
0.000452673
0.000441152
0.000429632
0.000418122
0.000406637
0.000395188
0.000383788
0.00037245
0.000361186
0.000350008
0.000708957
0.000700096
0.000691041
0.000681794
0.000672358
0.000662736
0.000652931
0.000642946
0.000632787
0.000622459
0.000611967
0.000601317
0.000590516
0.000579572
0.000568493
0.000557286
0.000545961
0.000534527
0.000522995
0.000511375
0.000499678
0.000487915
0.000476099
0.000464241
0.000452355
0.000440453
0.000428549
0.000416655
0.000404785
0.000392953
0.000381172
0.000369456
0.000357818
0.000346272
0.000715662
0.000706642
0.000697416
0.000687986
0.000678355
0.000668524
0.000658498
0.00064828
0.000637876
0.000627289
0.000616526
0.000605594
0.000594499
0.000583249
0.000571852
0.000560317
0.000548654
0.000536873
0.000524984
0.000512998
0.000500928
0.000488786
0.000476584
0.000464336
0.000452055
0.000439755
0.000427451
0.000415156
0.000402885
0.000390652
0.000378474
0.000366363
0.000354335
0.000342405
0.00072258
0.000713402
0.000704005
0.000694391
0.000684563
0.000674522
0.000664272
0.000653818
0.000643163
0.000632313
0.000621274
0.000610052
0.000598654
0.00058709
0.000575366
0.000563494
0.000551481
0.00053934
0.000527082
0.000514718
0.000502262
0.000489725
0.000477122
0.000464468
0.000451776
0.000439061
0.000426339
0.000413625
0.000400936
0.000388286
0.000375692
0.000363169
0.000350734
0.000338402
0.000729713
0.000720378
0.00071081
0.000701013
0.000690986
0.000680733
0.000670258
0.000659563
0.000648654
0.000637536
0.000626214
0.000614696
0.000602989
0.000591102
0.000579042
0.000566821
0.000554449
0.000541936
0.000529296
0.00051654
0.000503682
0.000490736
0.000477717
0.000464639
0.000451519
0.000438372
0.000425215
0.000412065
0.000398939
0.000385853
0.000372825
0.000359872
0.000347012
0.000334261
0.000737064
0.000727573
0.000717836
0.000707854
0.000697629
0.000687163
0.000676459
0.000665522
0.000654354
0.000642963
0.000631354
0.000619533
0.000607509
0.00059529
0.000582886
0.000570306
0.000557562
0.000544666
0.00053163
0.000518468
0.000505195
0.000491824
0.000478372
0.000464854
0.000451289
0.000437692
0.000424082
0.000410477
0.000396895
0.000383354
0.000369873
0.000356472
0.000343167
0.000329978
0.000744634
0.000734989
0.000725084
0.000714919
0.000704495
0.000693815
0.000682881
0.000671698
0.000660269
0.0006486
0.000636698
0.000624568
0.00061222
0.000599661
0.000586903
0.000573954
0.000560828
0.000547536
0.000534091
0.00052051
0.000506805
0.000492994
0.000479092
0.000465118
0.000451089
0.000437024
0.000422941
0.000408862
0.000394804
0.000380789
0.000366835
0.000352965
0.000339197
0.000325552
0.000752425
0.000742629
0.000732557
0.000722209
0.000711587
0.000700693
0.000689528
0.000678097
0.000666404
0.000654453
0.000642253
0.000629808
0.000617128
0.000604222
0.0005911
0.000577772
0.000564252
0.000550552
0.000536686
0.000522669
0.000508519
0.00049425
0.000479882
0.000465433
0.000450922
0.00043637
0.000421796
0.000407221
0.000392668
0.000378157
0.000363711
0.000349351
0.000335099
0.000320977
0.000760439
0.000750495
0.000740258
0.00072973
0.00071891
0.000707801
0.000696404
0.000684723
0.000672763
0.000660527
0.000648024
0.000635259
0.00062224
0.000608979
0.000595483
0.000581767
0.000567841
0.00055372
0.000539419
0.000524954
0.000510341
0.0004956
0.000480748
0.000465806
0.000450794
0.000435734
0.000420647
0.000405558
0.000390487
0.00037546
0.000360499
0.000345629
0.000330872
0.000316252
0.000768677
0.000758587
0.000748189
0.000737481
0.000726466
0.000715142
0.000703513
0.000691581
0.000679351
0.000666828
0.000654017
0.000640925
0.000627562
0.000613937
0.00060006
0.000585944
0.000571602
0.000557048
0.000542298
0.000527369
0.000512279
0.000497047
0.000481693
0.000466239
0.000450707
0.000435119
0.0004195
0.000403873
0.000388264
0.000372698
0.0003572
0.000341797
0.000326512
0.000311373
0.000777139
0.000766908
0.000756351
0.000745468
0.000734257
0.000722721
0.000710859
0.000698676
0.000686174
0.00067336
0.000660237
0.000646815
0.000633101
0.000619104
0.000604837
0.000590312
0.000575542
0.000560543
0.00054533
0.000529922
0.000514339
0.000498599
0.000482725
0.00046674
0.000450666
0.00043453
0.000418355
0.00040217
0.000385999
0.000369871
0.000353813
0.000337853
0.000322019
0.000306338
0.000785826
0.000775458
0.000764747
0.00075369
0.000742288
0.000730539
0.000718446
0.000706011
0.000693237
0.000680128
0.000666691
0.000652933
0.000638861
0.000624487
0.000609821
0.000594877
0.000579668
0.00056421
0.000548521
0.00053262
0.000516526
0.000500261
0.000483848
0.000467312
0.000450677
0.00043397
0.000417218
0.00040045
0.000383695
0.000366981
0.000350339
0.000333798
0.00031739
0.000301142
0.000794738
0.000784239
0.000773377
0.000762151
0.000750559
0.000738602
0.000726278
0.000713591
0.000700543
0.000687139
0.000673384
0.000659285
0.000644851
0.000630091
0.000615019
0.000599645
0.000583986
0.000568058
0.000551879
0.000535468
0.000518848
0.00050204
0.000485069
0.000467961
0.000450743
0.000433444
0.000416092
0.000398718
0.000381353
0.000364028
0.000346777
0.000329631
0.000312623
0.000295785
0.000803876
0.00079325
0.000782243
0.000770852
0.000759074
0.00074691
0.000734357
0.000721419
0.000708098
0.000694396
0.00068032
0.000665877
0.000651075
0.000635924
0.000620436
0.000604625
0.000588505
0.000572093
0.00055541
0.000538475
0.000521311
0.000503942
0.000486394
0.000468694
0.000450871
0.000432956
0.000414979
0.000396975
0.000378975
0.000361014
0.000343128
0.00032535
0.000307717
0.000290262
0.000813237
0.000802491
0.000791345
0.000779793
0.000767835
0.000755466
0.000742688
0.0007295
0.000715904
0.000701905
0.000687507
0.000672716
0.000657541
0.000641992
0.000626081
0.000609822
0.00059323
0.000576324
0.000559122
0.000541647
0.000523923
0.000505974
0.000487828
0.000469515
0.000451065
0.000432511
0.000413886
0.000395225
0.000376564
0.000357941
0.000339392
0.000320956
0.00030267
0.000284572
0.000822822
0.000811963
0.000800683
0.000788977
0.000776841
0.000764273
0.000751271
0.000737836
0.000723967
0.00070967
0.000694947
0.000679806
0.000664254
0.000648301
0.00063196
0.000615244
0.00059817
0.000580756
0.000563023
0.000544993
0.00052669
0.000508143
0.00048938
0.000470432
0.000451332
0.000432114
0.000412814
0.000393471
0.000374123
0.000354809
0.000335571
0.000316447
0.000297481
0.000278712
0.00083263
0.000821665
0.000810258
0.000798403
0.000786096
0.000773332
0.000760111
0.00074643
0.000732291
0.000717695
0.000702647
0.000687153
0.00067122
0.000654858
0.00063808
0.000620899
0.000603332
0.000585399
0.00056712
0.000548518
0.000529621
0.000510457
0.000491055
0.00047145
0.000451676
0.00043177
0.00041177
0.000391718
0.000371654
0.000351622
0.000331664
0.000311825
0.000292149
0.00027268
0.000842658
0.000831594
0.000820068
0.000808071
0.000795599
0.000782645
0.000769208
0.000755285
0.000740877
0.000725984
0.000710611
0.000694761
0.000678444
0.000661669
0.000644447
0.000626792
0.000608723
0.000590258
0.00057142
0.000552232
0.000532723
0.000512922
0.000492861
0.000472576
0.000452104
0.000431484
0.000410758
0.000389968
0.00036916
0.000348379
0.000327673
0.000307088
0.000286672
0.000266474
0.000852904
0.000841751
0.000830113
0.000817982
0.00080535
0.000792213
0.000778565
0.000764404
0.00074973
0.000734541
0.000718842
0.000702637
0.000685933
0.000668739
0.000651067
0.000632932
0.00061435
0.000595342
0.000575931
0.000556141
0.000536002
0.000515545
0.000494805
0.000473817
0.000452622
0.000431262
0.000409781
0.000388226
0.000366643
0.000345084
0.000323599
0.000302238
0.000281052
0.0002601
0.000409074
0.000404073
0.000399089
0.000394121
0.000389172
0.000384241
0.000379331
0.000408948
0.000403938
0.000398945
0.000393968
0.000389009
0.00038407
0.000379151
0.000408704
0.000403676
0.000398664
0.000393669
0.000388693
0.000383737
0.000378801
0.000408347
0.000403292
0.000398253
0.000393232
0.00038823
0.000383248
0.000378287
0.000407881
0.00040279
0.000397717
0.000392662
0.000387626
0.000382611
0.000377617
0.000407309
0.000402176
0.00039706
0.000391963
0.000386886
0.00038183
0.000376796
0.000406636
0.000401451
0.000396285
0.000391139
0.000386013
0.000380909
0.000375827
0.000405862
0.000400619
0.000395396
0.000390192
0.00038501
0.000379851
0.000374716
0.00040499
0.000399682
0.000394394
0.000389126
0.000383881
0.00037866
0.000373463
0.000404022
0.000398641
0.00039328
0.000387942
0.000382627
0.000377336
0.000372072
0.000402959
0.000397497
0.000392057
0.00038664
0.000381248
0.000375882
0.000370544
0.0004018
0.000396251
0.000390725
0.000385223
0.000379747
0.000374298
0.000368879
0.000400547
0.000394903
0.000389283
0.000383689
0.000378123
0.000372585
0.000367078
0.000399199
0.000393453
0.000387733
0.00038204
0.000376375
0.000370742
0.000365141
0.000397756
0.000391901
0.000386073
0.000380274
0.000374505
0.000368769
0.000363067
0.000396218
0.000390246
0.000384303
0.000378391
0.000372511
0.000366665
0.000360856
0.000394583
0.000388488
0.000382422
0.000376389
0.000370391
0.000364429
0.000358506
0.000392852
0.000386625
0.00038043
0.000374269
0.000368145
0.00036206
0.000356017
0.000391023
0.000384656
0.000378323
0.000372028
0.000365771
0.000359556
0.000353385
0.000389094
0.00038258
0.000376102
0.000369664
0.000363267
0.000356914
0.000350609
0.000387064
0.000380395
0.000373764
0.000367175
0.000360631
0.000354134
0.000347686
0.000384932
0.000378099
0.000371307
0.00036456
0.00035786
0.000351211
0.000344615
0.000382696
0.00037569
0.000368729
0.000361816
0.000354953
0.000348144
0.000341392
0.000380353
0.000373167
0.000366028
0.00035894
0.000351906
0.000344929
0.000338014
0.000377903
0.000370527
0.000363201
0.00035593
0.000348716
0.000341564
0.000334477
0.000375342
0.000367767
0.000360246
0.000352783
0.000345381
0.000338045
0.000330779
0.000372669
0.000364885
0.000357159
0.000349495
0.000341897
0.000334368
0.000326915
0.000369881
0.000361879
0.000353938
0.000346064
0.000338259
0.00033053
0.000322881
0.000366975
0.000358745
0.00035058
0.000342485
0.000334466
0.000326527
0.000318674
0.00036395
0.000355481
0.000347081
0.000338757
0.000330513
0.000322355
0.000314288
0.000360803
0.000352083
0.000343438
0.000334873
0.000326395
0.000318009
0.00030972
0.00035753
0.000348549
0.000339648
0.000330832
0.000322109
0.000313484
0.000304964
0.000354129
0.000344875
0.000335706
0.000326628
0.00031765
0.000308777
0.000300015
0.000350597
0.000341057
0.000331609
0.000322258
0.000313013
0.000303881
0.000294869
0.00034693
0.000337093
0.000327353
0.000317717
0.000308194
0.000298793
0.000289519
0.000343126
0.000332978
0.000322933
0.000313
0.000303188
0.000293506
0.00028396
0.000339181
0.000328708
0.000318346
0.000308103
0.00029799
0.000288015
0.000278186
0.000335092
0.000324281
0.000313587
0.000303021
0.000292593
0.000282314
0.000272191
0.000330855
0.00031969
0.000308651
0.000297748
0.000286993
0.000276397
0.000265969
0.000326467
0.000314933
0.000303533
0.00029228
0.000281184
0.000270258
0.000259512
0.000321924
0.000310005
0.00029823
0.00028661
0.000275159
0.00026389
0.000252814
0.000317222
0.000304901
0.000292734
0.000280733
0.000268913
0.000257287
0.000245867
0.000312357
0.000299618
0.000287041
0.000274643
0.000262438
0.000250441
0.000238665
0.000307325
0.000294149
0.000281147
0.000268334
0.000255729
0.000243345
0.000231199
0.000302123
0.000288491
0.000275044
0.0002618
0.000248777
0.000235992
0.00022346
0.000296746
0.000282638
0.000268728
0.000255034
0.000241577
0.000228374
0.000215442
0.00029119
0.000276586
0.000262192
0.00024803
0.00023412
0.000220483
0.000207136
0.000285452
0.00027033
0.000255432
0.000240781
0.0002264
0.00021231
0.000198532
0.000279528
0.000263865
0.000248441
0.000233281
0.00021841
0.000203849
0.000189622
0.000273414
0.000257187
0.000241215
0.000225524
0.000210141
0.000195092
0.000180399
0.000267107
0.000250291
0.000233746
0.000217502
0.000201587
0.000186029
0.000170852
0.000260603
0.000243172
0.000226029
0.000209208
0.000192739
0.000176652
0.000160973
0.000253897
0.000235823
0.000218057
0.000200635
0.00018359
0.000166953
0.000150753
0.000246992
0.000228246
0.00020983
0.000191782
0.000174136
0.000156926
0.000140183
0.000239891
0.000220441
0.000201349
0.000182649
0.000164375
0.000146567
0.000129258
0.000374443
0.000369576
0.000364733
0.000359914
0.000355121
0.000350353
0.000345613
0.000374254
0.000369379
0.000364528
0.000359701
0.000354899
0.000350124
0.000345376
0.000373887
0.000368995
0.000364127
0.000359285
0.000354467
0.000349677
0.000344914
0.000373348
0.000368433
0.000363541
0.000358675
0.000353835
0.000349023
0.000344238
0.000372646
0.000367699
0.000362776
0.00035788
0.00035301
0.000348169
0.000343356
0.000371785
0.000366799
0.000361839
0.000356906
0.000352
0.000347123
0.000342276
0.000370771
0.000365739
0.000360734
0.000355757
0.000350809
0.00034589
0.000341002
0.000369606
0.000364522
0.000359466
0.000354439
0.000349441
0.000344475
0.000339541
0.000368293
0.000363151
0.000358037
0.000352954
0.000347901
0.000342881
0.000337895
0.000366836
0.000361628
0.000356451
0.000351305
0.000346191
0.000341112
0.000336067
0.000365234
0.000359955
0.000354708
0.000349493
0.000344313
0.000339169
0.000334061
0.00036349
0.000358133
0.00035281
0.000347521
0.000342268
0.000337053
0.000331876
0.000361603
0.000356162
0.000350756
0.000345387
0.000340056
0.000334765
0.000329514
0.000359574
0.000354043
0.000348549
0.000343093
0.000337679
0.000332305
0.000326975
0.000357402
0.000351774
0.000346186
0.000340638
0.000335134
0.000329674
0.000324259
0.000355086
0.000349355
0.000343666
0.000338021
0.000332422
0.000326869
0.000321365
0.000352624
0.000346785
0.00034099
0.000335241
0.000329541
0.00032389
0.000318291
0.000350016
0.000344061
0.000338154
0.000332296
0.000326489
0.000320735
0.000315036
0.00034726
0.000341183
0.000335157
0.000329183
0.000323264
0.000317402
0.000311598
0.000344352
0.000338147
0.000331997
0.000325902
0.000319865
0.000313888
0.000307974
0.000341292
0.000334952
0.00032867
0.000322448
0.000316287
0.000310191
0.000304161
0.000338075
0.000331594
0.000325174
0.000318818
0.000312529
0.000306308
0.000300157
0.0003347
0.00032807
0.000321506
0.000315011
0.000308586
0.000302235
0.000295958
0.000331162
0.000324377
0.000317663
0.000311021
0.000304455
0.000297968
0.000291561
0.000327459
0.000320512
0.00031364
0.000306846
0.000300133
0.000293504
0.00028696
0.000323586
0.000316469
0.000309433
0.000302481
0.000295614
0.000288838
0.000282153
0.000319539
0.000312246
0.000305039
0.000297921
0.000290895
0.000283966
0.000277134
0.000315316
0.000307838
0.000300452
0.000293162
0.000285971
0.000278882
0.000271899
0.00031091
0.00030324
0.000295669
0.0002882
0.000280837
0.000273583
0.000266443
0.000306318
0.000298448
0.000290683
0.000283028
0.000275487
0.000268063
0.00026076
0.000301534
0.000293456
0.000285491
0.000277643
0.000269916
0.000262316
0.000254844
0.000296554
0.000288259
0.000280085
0.000272037
0.000264119
0.000256336
0.000248691
0.000291372
0.000282852
0.000274462
0.000266206
0.00025809
0.000250118
0.000242293
0.000285983
0.000277229
0.000268614
0.000260143
0.000251822
0.000243654
0.000235645
0.00028038
0.000271384
0.000262536
0.000253842
0.000245308
0.00023694
0.000228741
0.000274559
0.000265311
0.000256221
0.000247296
0.000238543
0.000229967
0.000221572
0.000268513
0.000259002
0.000249662
0.000240499
0.000231519
0.000222729
0.000214133
0.000262235
0.000252453
0.000242853
0.000233443
0.00022423
0.000215219
0.000206416
0.000255718
0.000245655
0.000235786
0.000226121
0.000216666
0.000207428
0.000198413
0.000248956
0.000238601
0.000228454
0.000218525
0.000208822
0.00019935
0.000190117
0.000241941
0.000231283
0.000220849
0.000210648
0.000200688
0.000190976
0.000181519
0.000234666
0.000223694
0.000212963
0.00020248
0.000192256
0.000182298
0.000172612
0.000227122
0.000215826
0.000204786
0.000194014
0.000183517
0.000173306
0.000163386
0.000219302
0.000207669
0.000196311
0.00018524
0.000174463
0.000163992
0.000153832
0.000211197
0.000199216
0.000187529
0.000176148
0.000165084
0.000154346
0.000143942
0.000202798
0.000190456
0.000178429
0.00016673
0.00015537
0.000144359
0.000133705
0.000194096
0.00018138
0.000169002
0.000156975
0.000145311
0.00013402
0.000123111
0.000185082
0.00017198
0.000159239
0.000146874
0.000134897
0.00012332
0.00011215
0.000175748
0.000162245
0.000149129
0.000136416
0.000124118
0.000112247
0.000100813
0.000166083
0.000152166
0.000138663
0.000125591
0.000112964
0.000100794
8.90901e-05
0.00015608
0.000141733
0.000127831
0.00011439
0.000101426
8.8949e-05
7.6971e-05
0.000145728
0.000130938
0.000116624
0.000102804
8.94934e-05
7.67045e-05
6.44479e-05
0.000135017
0.00011977
0.000105032
9.08226e-05
7.71582e-05
6.40515e-05
5.15125e-05
0.000123937
0.000108212
9.3034e-05
7.84228e-05
6.4396e-05
5.0967e-05
3.81456e-05
0.000112478
9.62581e-05
8.06232e-05
6.5597e-05
5.11983e-05
3.74407e-05
2.43361e-05
0.000340788
0.000335881
0.000331008
0.000326168
0.000321362
0.000316592
0.000311859
0.000307162
0.000302504
0.000297884
0.000293303
0.000288763
0.000284264
0.000279806
0.00027539
0.000271016
0.000266686
0.000262399
0.000258157
0.000253958
0.000249805
0.000245697
0.000241635
0.000237618
0.000340543
0.000335629
0.000330748
0.000325901
0.000321089
0.000316312
0.000311572
0.00030687
0.000302205
0.00029758
0.000292994
0.000288449
0.000283944
0.000279482
0.000275061
0.000270684
0.000266349
0.000262059
0.000257813
0.000253612
0.000249455
0.000245345
0.00024128
0.000237261
0.000340067
0.000335138
0.000330243
0.000325382
0.000320556
0.000315767
0.000311014
0.0003063
0.000301624
0.000296987
0.000292391
0.000287835
0.000283321
0.00027885
0.000274421
0.000270035
0.000265693
0.000261396
0.000257143
0.000252936
0.000248774
0.000244658
0.000240589
0.000236566
0.000339369
0.000334419
0.000329503
0.000324621
0.000319776
0.000314968
0.000310197
0.000305465
0.000300772
0.00029612
0.000291508
0.000286938
0.00028241
0.000277925
0.000273484
0.000269086
0.000264734
0.000260426
0.000256164
0.000251947
0.000247777
0.000243654
0.000239578
0.000235549
0.000338459
0.000333481
0.000328537
0.00032363
0.000318759
0.000313926
0.000309132
0.000304377
0.000299662
0.000294989
0.000290357
0.000285768
0.000281222
0.00027672
0.000272263
0.00026785
0.000263483
0.000259162
0.000254888
0.00025066
0.00024648
0.000242347
0.000238262
0.000234225
0.000337344
0.000332331
0.000327355
0.000322415
0.000317513
0.00031265
0.000307827
0.000303045
0.000298303
0.000293604
0.000288949
0.000284336
0.000279769
0.000275246
0.000270769
0.000266338
0.000261953
0.000257616
0.000253327
0.000249086
0.000244892
0.000240748
0.000236653
0.000232607
0.00033603
0.000330977
0.000325961
0.000320984
0.000316046
0.000311148
0.000306291
0.000301475
0.000296703
0.000291975
0.00028729
0.000282651
0.000278058
0.000273511
0.000269011
0.000264558
0.000260154
0.000255798
0.000251492
0.000247234
0.000243027
0.000238869
0.000234762
0.000230706
0.000334522
0.000329423
0.000324363
0.000319342
0.000314362
0.000309424
0.000304528
0.000299676
0.000294868
0.000290106
0.000285389
0.000280719
0.000276097
0.000271523
0.000266997
0.00026252
0.000258093
0.000253717
0.000249391
0.000245115
0.000240892
0.00023672
0.000232599
0.000228531
0.000332824
0.000327673
0.000322563
0.000317494
0.000312467
0.000307484
0.000302545
0.000297652
0.000292805
0.000288004
0.000283252
0.000278548
0.000273893
0.000269288
0.000264734
0.00026023
0.000255778
0.000251379
0.000247031
0.000242737
0.000238495
0.000234307
0.000230172
0.000226092
0.000330939
0.000325731
0.000320566
0.000315443
0.000310365
0.000305332
0.000300346
0.000295407
0.000290516
0.000285674
0.000280882
0.000276141
0.00027145
0.000266812
0.000262227
0.000257694
0.000253215
0.00024879
0.00024442
0.000240104
0.000235843
0.000231638
0.000227488
0.000223395
0.000328869
0.000323599
0.000318373
0.000313192
0.000308058
0.000302971
0.000297933
0.000292944
0.000288006
0.000283119
0.000278284
0.000273502
0.000268774
0.0002641
0.000259481
0.000254917
0.000250409
0.000245957
0.000241562
0.000237224
0.000232943
0.00022872
0.000224554
0.000220447
0.000326616
0.000321278
0.000315987
0.000310743
0.000305548
0.000300403
0.000295308
0.000290266
0.000285277
0.000280342
0.000275461
0.000270636
0.000265867
0.000261154
0.000256499
0.000251902
0.000247363
0.000242883
0.000238462
0.000234101
0.000229799
0.000225557
0.000221375
0.000217253
0.000324181
0.00031877
0.000313408
0.000308096
0.000302836
0.000297628
0.000292474
0.000287375
0.000282332
0.000277345
0.000272415
0.000267544
0.000262731
0.000257978
0.000253285
0.000248653
0.000244082
0.000239572
0.000235124
0.000230739
0.000226415
0.000222154
0.000217956
0.00021382
0.000321563
0.000316074
0.000310637
0.000305253
0.000299924
0.000294649
0.000289432
0.000284272
0.00027917
0.000274129
0.000269147
0.000264227
0.000259369
0.000254574
0.000249841
0.000245172
0.000240568
0.000236027
0.000231552
0.000227141
0.000222796
0.000218515
0.0002143
0.000210151
0.000318763
0.000313191
0.000307674
0.000302214
0.00029681
0.000291465
0.00028618
0.000280956
0.000275794
0.000270695
0.000265659
0.000260688
0.000255782
0.000250943
0.000246169
0.000241462
0.000236823
0.000232251
0.000227747
0.000223311
0.000218943
0.000214644
0.000210413
0.00020625
0.00031578
0.00031012
0.000304519
0.000298977
0.000293496
0.000288076
0.00028272
0.000277429
0.000272203
0.000267044
0.000261951
0.000256927
0.000251972
0.000247086
0.000242269
0.000237524
0.000232849
0.000228245
0.000223712
0.000219251
0.000214861
0.000210543
0.000206296
0.00020212
0.000312612
0.00030686
0.000301169
0.000295542
0.000289979
0.000284481
0.000279051
0.000273689
0.000268397
0.000263174
0.000258023
0.000252944
0.000247937
0.000243003
0.000238144
0.000233358
0.000228647
0.00022401
0.000219449
0.000214962
0.000210551
0.000206214
0.000201953
0.000197765
0.000309258
0.000303408
0.000297624
0.000291907
0.000286258
0.000280679
0.000275171
0.000269736
0.000264374
0.000259086
0.000253874
0.000248738
0.000243678
0.000238696
0.000233792
0.000228966
0.000224218
0.000219549
0.000214959
0.000210447
0.000206015
0.000201661
0.000197385
0.000193188
0.000305716
0.000299764
0.000293882
0.000288071
0.000282332
0.000276668
0.00027108
0.000265568
0.000260134
0.000254779
0.000249504
0.000244309
0.000239195
0.000234163
0.000229214
0.000224347
0.000219562
0.000214861
0.000210242
0.000205707
0.000201254
0.000196884
0.000192596
0.00018839
0.000301983
0.000295924
0.000289939
0.00028403
0.000278199
0.000272446
0.000266774
0.000261183
0.000255675
0.00025025
0.00024491
0.000239656
0.000234487
0.000229405
0.000224409
0.000219501
0.00021468
0.000209947
0.000205301
0.000200742
0.00019627
0.000191885
0.000187586
0.000183373
0.000298057
0.000291886
0.000285795
0.000279784
0.000273855
0.00026801
0.000262251
0.000256579
0.000250994
0.000245498
0.000240092
0.000234777
0.000229552
0.000224419
0.000219378
0.000214429
0.000209572
0.000204807
0.000200134
0.000195554
0.000191064
0.000186666
0.000182359
0.000178141
0.000293934
0.000287647
0.000281444
0.000275327
0.000269298
0.000263359
0.00025751
0.000251754
0.00024609
0.000240522
0.000235048
0.000229671
0.000224389
0.000219205
0.000214118
0.000209129
0.000204236
0.000199441
0.000194743
0.000190142
0.000185637
0.000181228
0.000176914
0.000172694
0.000289612
0.000283203
0.000276885
0.000270659
0.000264526
0.000258488
0.000252547
0.000246704
0.000240961
0.000235318
0.000229775
0.000224335
0.000218997
0.000213762
0.000208629
0.0002036
0.000198673
0.000193849
0.000189128
0.000184508
0.00017999
0.000175572
0.000171254
0.000167035
0.000285085
0.000278552
0.000272114
0.000265773
0.000259533
0.000253395
0.000247359
0.000241428
0.000235602
0.000229883
0.000224272
0.000218768
0.000213373
0.000208087
0.00020291
0.000197842
0.000192882
0.000188031
0.000183288
0.000178652
0.000174122
0.000169699
0.00016538
0.000161165
0.000280351
0.000273687
0.000267125
0.000260668
0.000254317
0.000248075
0.000241942
0.000235921
0.000230012
0.000224216
0.000218535
0.000212968
0.000207516
0.00020218
0.000196959
0.000191853
0.000186862
0.000181986
0.000177223
0.000172573
0.000168036
0.000163609
0.000159293
0.000155085
0.000275406
0.000268607
0.000261917
0.000255339
0.000248874
0.000242525
0.000236293
0.00023018
0.000224186
0.000218313
0.000212561
0.000206931
0.000201423
0.000196037
0.000190774
0.000185632
0.000180612
0.000175713
0.000170933
0.000166273
0.00016173
0.000157305
0.000152995
0.000148798
0.000270243
0.000263305
0.000256483
0.000249781
0.000243199
0.000236741
0.000230408
0.000224201
0.000218122
0.00021217
0.000206348
0.000200655
0.000195092
0.000189658
0.000184354
0.000179178
0.000174131
0.000169211
0.000164418
0.00015975
0.000155207
0.000150786
0.000146486
0.000142306
0.00026486
0.000257777
0.00025082
0.000243989
0.000237288
0.000230719
0.000224283
0.000217981
0.000211815
0.000205785
0.000199892
0.000194137
0.00018852
0.000183039
0.000177696
0.000172489
0.000167418
0.000162481
0.000157678
0.000153006
0.000148466
0.000144054
0.000139769
0.000135609
0.00025925
0.000252019
0.000244921
0.00023796
0.000231136
0.000224453
0.000217912
0.000211515
0.000205261
0.000199153
0.000193191
0.000187375
0.000181704
0.000176179
0.000170799
0.000165564
0.000160472
0.000155521
0.000150712
0.000146041
0.000141507
0.000137109
0.000132844
0.000128709
0.000253408
0.000246024
0.000238783
0.000231687
0.000224739
0.00021794
0.000211293
0.000204798
0.000198457
0.000192271
0.00018624
0.000180364
0.000174642
0.000169075
0.000163662
0.000158401
0.000153291
0.000148331
0.00014352
0.000138854
0.000134333
0.000129953
0.000125713
0.00012161
0.00024733
0.000239788
0.000232399
0.000225166
0.00021809
0.000211174
0.000204419
0.000197827
0.000191399
0.000185135
0.000179036
0.000173102
0.000167332
0.000161725
0.000156281
0.000150998
0.000145875
0.00014091
0.000136101
0.000131446
0.000126942
0.000122587
0.000118378
0.000114312
0.000241008
0.000233305
0.000225765
0.00021839
0.000211184
0.000204149
0.000197286
0.000190596
0.000184081
0.000177741
0.000171576
0.000165586
0.000159769
0.000154126
0.000148655
0.000143355
0.000138223
0.000133258
0.000128457
0.000123817
0.000119337
0.000115012
0.000110841
0.000106819
0.000234437
0.000226568
0.000218873
0.000211355
0.000204017
0.000196861
0.000189889
0.000183102
0.0001765
0.000170085
0.000163855
0.000157811
0.000151952
0.000146277
0.000140783
0.000135469
0.000130334
0.000125374
0.000120586
0.000115969
0.000111518
0.00010723
0.000103103
9.91313e-05
0.000227611
0.000219572
0.000211718
0.000204054
0.000196582
0.000189305
0.000182223
0.000175338
0.000168651
0.000162162
0.000155871
0.000149776
0.000143878
0.000138173
0.000132661
0.00012734
0.000122206
0.000117257
0.000112489
0.0001079
0.000103486
9.92428e-05
9.51665e-05
9.12531e-05
0.000220524
0.000212309
0.000204294
0.000196481
0.000188874
0.000181473
0.000174282
0.0001673
0.000160529
0.000153969
0.000147618
0.000141477
0.000135543
0.000129814
0.000124289
0.000118965
0.000113839
0.000108907
0.000104167
9.96134e-05
9.5243e-05
9.10514e-05
8.70343e-05
8.31868e-05
0.000213167
0.000204774
0.000196594
0.00018863
0.000180885
0.000173362
0.000166061
0.000158983
0.00015213
0.000145501
0.000139094
0.000132909
0.000126944
0.000121197
0.000115665
0.000110344
0.000105233
0.000100325
9.5619e-05
9.11088e-05
8.67902e-05
8.26585e-05
7.87087e-05
7.49356e-05
0.000205535
0.000196959
0.000188611
0.000180494
0.000172611
0.000164963
0.000157553
0.000150382
0.000143448
0.000136753
0.000130294
0.00012407
0.00011808
0.000112319
0.000106786
0.000101476
9.63859e-05
9.15109e-05
8.68465e-05
8.23878e-05
7.81294e-05
7.40662e-05
7.01926e-05
6.65027e-05
0.00019762
0.000188858
0.000180338
0.000172066
0.000164044
0.000156273
0.000148755
0.00014149
0.00013448
0.000127722
0.000121215
0.000114957
0.000108946
0.000103179
9.76515e-05
9.23596e-05
8.72988e-05
8.24641e-05
7.78503e-05
7.34518e-05
6.92628e-05
6.52773e-05
6.14892e-05
5.78919e-05
0.000189415
0.000180462
0.000171769
0.00016334
0.000155177
0.000147283
0.000139658
0.000132304
0.000125219
0.000118402
0.000111852
0.000105566
9.95418e-05
9.37744e-05
8.82601e-05
8.29941e-05
7.79711e-05
7.31855e-05
6.86315e-05
6.43027e-05
6.01927e-05
5.62946e-05
5.26018e-05
4.91071e-05
0.000180912
0.000171765
0.000162896
0.000154308
0.000146005
0.000137988
0.000130258
0.000122816
0.00011566
0.00010879
0.000102202
9.58947e-05
8.98631e-05
8.41033e-05
7.86104e-05
7.33789e-05
6.84029e-05
6.3676e-05
5.91915e-05
5.49425e-05
5.09216e-05
4.71214e-05
4.35343e-05
4.01526e-05
0.000172103
0.000162759
0.000153711
0.000144964
0.00013652
0.000128382
0.000120549
0.000113022
0.0001058
9.88811e-05
9.22618e-05
8.59389e-05
7.9908e-05
7.41641e-05
6.87014e-05
6.35139e-05
5.85946e-05
5.39365e-05
4.95321e-05
4.53735e-05
4.14525e-05
3.77611e-05
3.42907e-05
3.10329e-05
0.00016298
0.000153434
0.000144206
0.000135299
0.000126715
0.000118457
0.000110524
0.000102917
9.56331e-05
8.8671e-05
8.20268e-05
7.56963e-05
6.96744e-05
6.39553e-05
5.85325e-05
5.33989e-05
4.85469e-05
4.39685e-05
3.96552e-05
3.55983e-05
3.17888e-05
2.82176e-05
2.48755e-05
2.17529e-05
0.000153534
0.000143784
0.000134374
0.000125306
0.000116583
0.000108207
0.000100177
9.24936e-05
8.51541e-05
7.81555e-05
7.14938e-05
6.5164e-05
5.91602e-05
5.34757e-05
4.8103e-05
4.30343e-05
3.82608e-05
3.37736e-05
2.95633e-05
2.56201e-05
2.19341e-05
1.84952e-05
1.52933e-05
1.2318e-05
0.000143756
0.0001338
0.000124205
0.000114977
0.000106116
9.76245e-05
8.95021e-05
8.17475e-05
7.43582e-05
6.73305e-05
6.06596e-05
5.43395e-05
4.83636e-05
4.27242e-05
3.74129e-05
3.24206e-05
2.77376e-05
2.33539e-05
1.9259e-05
1.54421e-05
1.18923e-05
8.59835e-06
5.54926e-06
2.73369e-06
0.000133637
0.000123472
0.000113693
0.000104304
9.5307e-05
8.67035e-05
7.84927e-05
7.06729e-05
6.32408e-05
5.6192e-05
4.95208e-05
4.32205e-05
3.72833e-05
3.17003e-05
2.64622e-05
2.15587e-05
1.6979e-05
1.27118e-05
8.74553e-06
5.06823e-06
1.66781e-06
-1.46791e-06
-4.35108e-06
-6.99404e-06
0.000123167
0.000112791
0.000102827
9.32782e-05
8.4148e-05
7.54365e-05
6.71427e-05
5.92642e-05
5.17971e-05
4.47362e-05
3.80747e-05
3.18049e-05
2.59178e-05
2.04035e-05
1.52514e-05
1.04499e-05
5.98696e-06
1.85005e-06
-1.97371e-06
-5.49748e-06
-8.73457e-06
-1.16983e-05
-1.44019e-05
-1.68589e-05
0.000112338
0.000101748
9.15981e-05
8.1892e-05
7.26313e-05
6.38163e-05
5.54456e-05
4.75159e-05
4.00225e-05
3.29592e-05
2.63183e-05
2.00907e-05
1.42663e-05
8.83383e-06
3.78129e-06
-9.04191e-07
-5.23605e-06
-9.22819e-06
-1.28949e-05
-1.62505e-05
-1.93098e-05
-2.20871e-05
-2.45971e-05
-2.68542e-05
0.000101139
9.03336e-05
7.99984e-05
7.01363e-05
6.07489e-05
5.18359e-05
4.3395e-05
3.54224e-05
2.79124e-05
2.08575e-05
1.42489e-05
8.07622e-06
2.32791e-06
-3.00868e-06
-7.9471e-06
-1.25017e-05
-1.66873e-05
-2.05195e-05
-2.40137e-05
-2.7186e-05
-3.00523e-05
-3.26285e-05
-3.49301e-05
-3.69731e-05
8.95595e-05
7.85381e-05
6.80181e-05
5.80027e-05
4.84929e-05
3.94878e-05
3.09846e-05
2.29783e-05
1.54622e-05
8.42752e-06
1.86403e-06
-4.24007e-06
-9.89787e-06
-1.51236e-05
-1.99325e-05
-2.43404e-05
-2.8364e-05
-3.202e-05
-3.53259e-05
-3.82989e-05
-4.09565e-05
-4.3316e-05
-4.53942e-05
-4.72084e-05
7.75911e-05
6.63523e-05
5.56484e-05
4.54825e-05
3.58552e-05
2.6765e-05
1.8208e-05
1.01781e-05
2.66741e-06
-4.33431e-06
-1.08389e-05
-1.68597e-05
-2.24116e-05
-2.75105e-05
-3.21735e-05
-3.64181e-05
-4.02627e-05
-4.3726e-05
-4.68267e-05
-4.95838e-05
-5.20164e-05
-5.41431e-05
-5.59823e-05
-5.75524e-05
6.52242e-05
5.3767e-05
4.28804e-05
3.25676e-05
2.28283e-05
1.36604e-05
5.05885e-06
-2.98354e-06
-1.04764e-05
-1.74314e-05
-2.38622e-05
-2.9784e-05
-3.52136e-05
-4.01688e-05
-4.46685e-05
-4.87323e-05
-5.23804e-05
-5.5633e-05
-5.85111e-05
-6.1035e-05
-6.32256e-05
-6.5103e-05
-6.6687e-05
-6.79975e-05
5.24502e-05
4.07732e-05
2.97054e-05
1.92495e-05
9.40449e-06
1.67002e-07
-8.46891e-06
-1.6512e-05
-2.39736e-05
-3.08672e-05
-3.72084e-05
-4.30146e-05
-4.83044e-05
-5.30979e-05
-5.7416e-05
-6.12805e-05
-6.47133e-05
-6.7737e-05
-7.0374e-05
-7.26468e-05
-7.45777e-05
-7.61886e-05
-7.75009e-05
-7.85357e-05
3.92615e-05
2.73625e-05
1.61147e-05
5.5203e-06
-4.4238e-06
-1.3722e-05
-2.23814e-05
-3.04125e-05
-3.78285e-05
-4.4645e-05
-5.08799e-05
-5.65525e-05
-6.16841e-05
-6.62969e-05
-7.04142e-05
-7.40598e-05
-7.7258e-05
-8.00333e-05
-8.24102e-05
-8.44131e-05
-8.60661e-05
-8.73928e-05
-8.84161e-05
-8.91589e-05
2.56471e-05
1.35253e-05
2.09989e-06
-8.62781e-06
-1.86637e-05
-2.80129e-05
-3.66841e-05
-4.46895e-05
-5.20448e-05
-5.87676e-05
-6.48782e-05
-7.03987e-05
-7.53526e-05
-7.97647e-05
-8.36608e-05
-8.70671e-05
-9.00102e-05
-9.25169e-05
-9.46138e-05
-9.63273e-05
-9.76834e-05
-9.87076e-05
-9.94245e-05
-9.98583e-05
1.15943e-05
-7.5243e-07
-1.23482e-05
-2.32024e-05
-3.33225e-05
-4.27126e-05
-5.13828e-05
-5.9348e-05
-6.66262e-05
-7.32376e-05
-7.92052e-05
-8.45537e-05
-8.93094e-05
-9.34999e-05
-9.71535e-05
-0.000100299
-0.000102966
-0.000105183
-0.000106979
-0.000108383
-0.000109423
-0.000110125
-0.000110518
-0.000110625
)
;

boundaryField
{
    down
    {
        type            symmetryPlane;
    }
    right
    {
        type            fixedValue;
        value           nonuniform List<scalar> 0();
    }
    up
    {
        type            symmetryPlane;
    }
    left
    {
        type            zeroGradient;
    }
    cylinder
    {
        type            zeroGradient;
    }
    frontAndBack
    {
        type            empty;
    }
    procBoundary1to0
    {
        type            processor;
        value           nonuniform List<scalar> 
73
(
0.000874436
0.000885991
0.000898034
0.000910588
0.000923674
0.000937315
0.000951532
0.00096635
0.000981792
0.000997883
0.00101465
0.00103211
0.00105029
0.00106921
0.00108891
0.00110939
0.00113069
0.00115282
0.000592953
0.000593175
0.000593608
0.000594241
0.000595066
0.000596076
0.000597264
0.000598627
0.00060016
0.000601859
0.000603722
0.000605747
0.000607932
0.000610277
0.000612781
0.000615444
0.000618267
0.00062125
0.000624395
0.000627702
0.000631173
0.000634811
0.000638616
0.000642593
0.000646741
0.000651065
0.000655567
0.00066025
0.000665116
0.000670168
0.000675409
0.000680842
0.00068647
0.000692295
0.00069832
0.000704549
0.000710982
0.000717623
0.000724475
0.000731538
0.000738815
0.000746308
0.000754018
0.000761946
0.000770093
0.000778459
0.000787046
0.000795853
0.000804879
0.000814124
0.000823587
0.000833266
0.000843159
0.000853265
0.00086358
)
;
    }
    procBoundary1to2
    {
        type            processor;
        value           nonuniform List<scalar> 
74
(
-0.000121293
-0.000132611
-0.000144202
-0.000156065
-0.000168196
-0.000180592
-0.000193247
-0.000206153
-0.0002193
-0.000232675
-0.000246263
-0.000260045
-0.000274
-0.0002881
-0.000302316
-0.000316612
-0.000330948
-0.000345278
-0.000359548
0.000233648
0.000233289
0.00023259
0.000231568
0.000230237
0.000228611
0.0002267
0.000224515
0.000222065
0.000219356
0.000216397
0.000213192
0.000209747
0.000206067
0.000202155
0.000198016
0.000193653
0.000189068
0.000184265
0.000179246
0.000174012
0.000168568
0.000162914
0.000157052
0.000150985
0.000144714
0.000138243
0.000131572
0.000124704
0.000117641
0.000110386
0.000102942
9.5312e-05
8.74981e-05
7.95042e-05
7.13337e-05
6.29906e-05
5.44789e-05
4.58032e-05
3.69681e-05
2.79786e-05
1.88403e-05
9.55874e-06
1.40048e-07
-9.4094e-06
-1.90829e-05
-2.88733e-05
-3.87735e-05
-4.87756e-05
-5.8872e-05
-6.90544e-05
-7.93146e-05
-8.9644e-05
-0.000100034
-0.000110475
)
;
    }
    procBoundary1to5
    {
        type            processor;
        value           nonuniform List<scalar> 
77
(
-0.000521626
-0.000540505
-0.000549274
-0.000556753
-0.000562183
-0.000564706
-0.000564553
-0.000562074
-0.000557514
-0.000551091
-0.000543028
-0.000533546
-0.000522854
-0.000521626
-0.000522854
-0.00054348
-0.000528912
-0.000513753
-0.000498176
-0.000482338
-0.000466377
-0.000450414
-0.000434554
-0.000418884
-0.000403479
-0.000388401
-0.000404754
-0.000438212
-0.000470396
-0.000500697
-0.000528448
-0.000377266
-0.000404754
-0.000415194
-5.32986e-05
3.4932e-05
-0.000100288
-0.000139371
-0.000179226
-0.000219434
-0.000219434
-0.000297845
-0.000338127
0.00116759
0.00115839
0.00114813
0.00113675
0.00112416
0.0011103
0.00109508
0.00107843
0.00106028
0.00104054
0.00101915
0.000996022
0.000971096
0.000944305
0.000915592
0.000884904
0.000852202
0.000817457
0.000780653
0.000741788
0.000700881
0.000657968
0.000613108
0.000566381
0.000517896
0.000467785
0.00041621
0.00036336
0.000309452
0.000254733
0.000199467
0.000143894
8.86897e-05
3.4932e-05
)
;
    }
}


// ************************************************************************* //
