/*--------------------------------*- C++ -*----------------------------------*\
| =========                 |                                                 |
| \\      /  F ield         | OpenFOAM: The Open Source CFD Toolbox           |
|  \\    /   O peration     | Version:  2412                                  |
|   \\  /    A nd           | Website:  www.openfoam.com                      |
|    \\/     M anipulation  |                                                 |
\*---------------------------------------------------------------------------*/
FoamFile
{
    version     2.0;
    format      ascii;
    arch        "LSB;label=32;scalar=64";
    class       volScalarField;
    location    "30";
    object      error;
}
// * * * * * * * * * * * * * * * * * * * * * * * * * * * * * * * * * * * * * //

dimensions      [0 0 0 0 0 0 0];

internalField   nonuniform List<scalar> 
5285
(
0.0235989
0.0224498
0.0213372
0.0202606
0.0192196
0.0182139
0.0172432
0.0163075
0.0154064
0.0145398
0.0137077
0.0129097
0.0121457
0.0114152
0.010718
0.0100536
0.00942142
0.00882096
0.00825158
0.00771262
0.00720337
0.00672308
0.00627098
0.00584624
0.00544803
0.0050755
0.00472775
0.00440391
0.00410305
0.00382428
0.00356664
0.0033292
0.00311099
0.00291104
0.00272834
0.00256186
0.00241059
0.00227345
0.00214944
0.00203743
0.00193651
0.00184544
0.00176359
0.00168941
0.001623
0.00156197
0.00150802
0.00145667
0.00141313
0.00136823
0.00133418
0.00129253
0.00126843
0.0012267
0.00121451
0.00116919
0.00117236
0.00111993
0.00114348
0.00108037
0.00113222
0.00105267
0.00114996
0.00103625
0.00122062
0.00103421
0.00134845
0.00114275
0.00144417
0.0014525
0.00177012
0.0236008
0.0224401
0.0213172
0.0202315
0.0191827
0.0181703
0.017194
0.0162535
0.0153486
0.014479
0.0136446
0.0128449
0.0120797
0.0113487
0.0106513
0.00998709
0.00935551
0.00875595
0.00818775
0.0076502
0.00714258
0.00666412
0.006214
0.0057914
0.00539546
0.00502531
0.00468004
0.00435877
0.00406057
0.00378451
0.00352964
0.00329501
0.00307964
0.00288253
0.00270267
0.00253901
0.00239052
0.0022561
0.00213472
0.00202526
0.00192675
0.00183797
0.00175826
0.00168606
0.00162149
0.00156209
0.00150968
0.00145961
0.00141734
0.00137339
0.00134039
0.00129938
0.00127619
0.00123483
0.00122347
0.00117829
0.00118229
0.00112976
0.00115426
0.00109074
0.00114389
0.0010633
0.00116276
0.00104679
0.00123441
0.00104582
0.00136058
0.00115787
0.00145552
0.00146286
0.00178288
0.0235967
0.0224245
0.0212915
0.0201969
0.0191405
0.0181216
0.0171398
0.0161949
0.0152864
0.014414
0.0135774
0.0127762
0.0120101
0.0112786
0.0105813
0.00991745
0.00928661
0.00868808
0.00812118
0.00758518
0.00707931
0.00660278
0.00615475
0.00573439
0.00534081
0.00497312
0.00463043
0.00431181
0.00401633
0.00374306
0.00349103
0.00325928
0.00304681
0.00285261
0.00267565
0.00251488
0.00236922
0.00223757
0.00211889
0.002012
0.00191596
0.0018295
0.00175197
0.00168178
0.00161908
0.00156133
0.00151048
0.00146172
0.00142072
0.00137774
0.0013458
0.00130546
0.00128318
0.00124221
0.00123169
0.00118667
0.0011915
0.00113892
0.00116434
0.0011005
0.00115488
0.00107343
0.00117481
0.00105707
0.00124721
0.00105751
0.00137169
0.00117276
0.00146663
0.00147268
0.00179514
0.0235863
0.0224029
0.02126
0.0201568
0.019093
0.0180678
0.0170809
0.0161317
0.0152197
0.0143447
0.0135062
0.0127037
0.0119369
0.0112052
0.010508
0.00984471
0.00921476
0.00861742
0.00805196
0.00751762
0.00701362
0.00653912
0.00609329
0.00567525
0.00528412
0.00491898
0.00457894
0.00426305
0.00397037
0.00369996
0.00345084
0.00322203
0.00301253
0.00282131
0.00264732
0.00248948
0.00234671
0.00221789
0.00210195
0.00199769
0.00190416
0.00182005
0.00174474
0.00167658
0.00161577
0.00155971
0.00151043
0.00146299
0.00142329
0.0013813
0.00135043
0.00131077
0.00128941
0.00124887
0.00123918
0.00119435
0.00120001
0.00114742
0.00117375
0.00110965
0.0011652
0.00108304
0.00118611
0.00106708
0.00125903
0.00106925
0.00138181
0.00118738
0.00147753
0.00148196
0.00180691
0.0235698
0.0223753
0.0212227
0.0201112
0.0190402
0.018009
0.0170171
0.0160638
0.0151488
0.0142713
0.0134311
0.0126276
0.0118602
0.0111283
0.0104315
0.00976896
0.00914005
0.00854403
0.00798014
0.00744759
0.00694556
0.00647321
0.00602967
0.00561405
0.00522545
0.00486295
0.00452562
0.00421254
0.00392273
0.00365524
0.0034091
0.0031833
0.00297683
0.00278865
0.00261769
0.00246285
0.00232303
0.00219709
0.00208393
0.00198235
0.00189137
0.00180966
0.0017366
0.0016705
0.0016116
0.00155724
0.00150955
0.00146346
0.00142507
0.00138408
0.0013543
0.00131535
0.00129491
0.00125481
0.00124596
0.00120136
0.00120784
0.00115528
0.0011825
0.00111821
0.00117486
0.00109215
0.00119669
0.00107682
0.0012699
0.00108102
0.00139098
0.00120171
0.00148819
0.00149072
0.00181816
0.023547
0.0223417
0.0211797
0.0200601
0.0189821
0.0179452
0.0169485
0.0159915
0.0150735
0.0141939
0.0133522
0.0125477
0.01178
0.0110483
0.0103519
0.00969028
0.00906256
0.00846799
0.0079058
0.00737516
0.00687522
0.00640511
0.00596395
0.00555084
0.00516485
0.00480506
0.00447054
0.00416032
0.00387345
0.00360896
0.00336586
0.00314313
0.00293976
0.00275467
0.00258679
0.00243501
0.0022982
0.00217519
0.00206488
0.00196601
0.00187762
0.00179834
0.00172756
0.00166355
0.0016066
0.00155396
0.00150788
0.00146315
0.00142608
0.00138612
0.00135743
0.0013192
0.0012997
0.00126005
0.00125206
0.00120769
0.00121501
0.0011625
0.0011906
0.00112617
0.00118387
0.00110078
0.00120655
0.00108628
0.00127986
0.00109279
0.00139923
0.00121571
0.0014986
0.00149898
0.00182889
0.0235179
0.022302
0.0211309
0.0200034
0.0189188
0.0178764
0.0168753
0.0159147
0.014994
0.0141125
0.0132695
0.0124644
0.0116965
0.010965
0.0102694
0.00960875
0.00898236
0.00838939
0.00782902
0.0073004
0.00680265
0.00633489
0.0058962
0.00548568
0.00510239
0.00474539
0.00441373
0.00410645
0.00382259
0.00356115
0.00332115
0.00310156
0.00290134
0.00271941
0.00255468
0.00240601
0.00227226
0.00215224
0.00204481
0.00194871
0.00186295
0.00178614
0.00171767
0.00165577
0.00160079
0.00154989
0.00150545
0.0014621
0.00142636
0.00138743
0.00135985
0.00132235
0.0013038
0.00126463
0.00125749
0.00121339
0.00122152
0.00116911
0.00119808
0.00113357
0.00119225
0.00110891
0.00121571
0.00109546
0.00128894
0.0011045
0.00140662
0.00122935
0.00150874
0.00150677
0.00183909
0.0234824
0.0222563
0.0210763
0.0199413
0.0188504
0.0178027
0.0167973
0.0158335
0.0149104
0.0140271
0.0131831
0.0123775
0.0116096
0.0108787
0.0101839
0.00952445
0.00889953
0.00830829
0.00774987
0.00722338
0.00672793
0.00626261
0.00582649
0.00541864
0.00503811
0.00468397
0.00435524
0.00405097
0.00377017
0.00351186
0.00327502
0.00305863
0.00286162
0.00268291
0.00252139
0.00237589
0.00224526
0.00212827
0.00202377
0.00193049
0.00184739
0.00177308
0.00170696
0.00164721
0.00159421
0.00154508
0.00150228
0.00146032
0.00142592
0.00138806
0.00136158
0.00132484
0.00130723
0.00126856
0.00126227
0.00121846
0.00122741
0.00117512
0.00120494
0.00114041
0.00120002
0.00111657
0.00122419
0.00110434
0.00129718
0.00111613
0.00141321
0.0012426
0.0015186
0.00151411
0.00184876
0.0234406
0.0222045
0.0210159
0.0198737
0.0187767
0.0177241
0.0167148
0.015748
0.0148227
0.013938
0.0130931
0.0122873
0.0115196
0.0107893
0.0100956
0.00943746
0.00881417
0.00822479
0.00766843
0.00714418
0.00665113
0.00618834
0.00575487
0.00534977
0.00497209
0.00462087
0.00429515
0.00399394
0.00371627
0.00346113
0.00322752
0.00301438
0.00282064
0.00264521
0.00248695
0.00234468
0.00221722
0.00210332
0.00200181
0.00191138
0.001831
0.00175923
0.00169547
0.00163789
0.0015869
0.00153955
0.00149841
0.00145786
0.00142482
0.00138802
0.00136267
0.00132669
0.00131003
0.00127188
0.00126644
0.00122294
0.0012327
0.00118057
0.00121121
0.00114672
0.00120719
0.00112376
0.00123203
0.00111292
0.00130462
0.00112762
0.00141905
0.00125543
0.00152815
0.00152102
0.00185789
0.0233924
0.0221467
0.0209499
0.0198006
0.0186979
0.0176407
0.0166278
0.0156582
0.014731
0.0138451
0.0129996
0.0121937
0.0114265
0.010697
0.0100045
0.00934788
0.00872634
0.00813895
0.00758478
0.00706288
0.00657232
0.00611215
0.00568141
0.00527914
0.00490437
0.00455615
0.00423348
0.0039354
0.00366092
0.00340902
0.00317868
0.00296886
0.00277846
0.00260636
0.00245142
0.00231244
0.00218821
0.00207745
0.00197898
0.00189144
0.00181381
0.00174461
0.00168325
0.00162787
0.00157891
0.00153336
0.00149389
0.00145477
0.00142309
0.00138737
0.00136314
0.00132794
0.00131223
0.0012746
0.00127002
0.00122685
0.00123742
0.00118546
0.00121692
0.00115251
0.00121379
0.0011305
0.00123923
0.00112119
0.00131132
0.00113893
0.00142421
0.00126781
0.00153737
0.00152754
0.00186649
0.0233378
0.0220828
0.0208781
0.0197222
0.0186141
0.0175525
0.0165363
0.0155643
0.0146354
0.0137485
0.0129027
0.012097
0.0113304
0.0106019
0.00991071
0.00925577
0.00863614
0.00805086
0.00749899
0.00697955
0.00649158
0.00603411
0.00560618
0.00520681
0.00483502
0.00448985
0.00417031
0.00387542
0.00360417
0.00335557
0.00312857
0.00292211
0.00273511
0.00256641
0.00241485
0.00227921
0.00215826
0.0020507
0.00195531
0.00187072
0.00179588
0.00172928
0.00167036
0.00161719
0.00157028
0.00152655
0.00148877
0.00145108
0.00142077
0.00138614
0.00136303
0.00132862
0.00131387
0.00127678
0.00127305
0.00123022
0.0012416
0.00118984
0.00122209
0.00115781
0.00121984
0.00113681
0.00124584
0.00112914
0.00131733
0.00115002
0.00142875
0.00127973
0.00154624
0.00153369
0.00187457
0.0232767
0.0220129
0.0208006
0.0196385
0.0185253
0.0174597
0.0164404
0.0154662
0.0145359
0.0136483
0.0128024
0.0119971
0.0112313
0.0105041
0.00981437
0.00916123
0.00854364
0.0079606
0.00741114
0.00689425
0.00640897
0.00595429
0.00552924
0.00513284
0.0047641
0.00442204
0.00410568
0.00381403
0.00354609
0.00330083
0.00307723
0.0028742
0.00269064
0.0025254
0.00237728
0.00224505
0.00212744
0.00202313
0.00193087
0.00184927
0.00177725
0.0017133
0.00165683
0.00160591
0.00156106
0.00151917
0.00148308
0.00144683
0.00141791
0.00138437
0.00136239
0.00132877
0.00131499
0.00127844
0.00127556
0.00123309
0.00124526
0.00119373
0.00122675
0.00116263
0.00122538
0.00114269
0.00125188
0.00113676
0.00132269
0.00116084
0.00143274
0.00129117
0.00155474
0.00153951
0.00188213
0.0232094
0.0219369
0.0207175
0.0195494
0.0184315
0.0173622
0.0163402
0.0153642
0.0144327
0.0135447
0.0126989
0.0118941
0.0111294
0.0104035
0.00971554
0.00906435
0.00844893
0.00786826
0.00732131
0.00680708
0.00632456
0.00587275
0.00545066
0.00505729
0.00469166
0.00435278
0.00403965
0.0037513
0.0034867
0.00324485
0.0030247
0.00282515
0.0026451
0.00248338
0.00233876
0.00220999
0.00209578
0.00199478
0.0019057
0.00182714
0.00175799
0.00169672
0.00164273
0.00159407
0.00155131
0.00151126
0.00147688
0.00144208
0.00141454
0.00138211
0.00136126
0.00132845
0.00131561
0.00127963
0.00127759
0.00123549
0.00124845
0.00119716
0.00123094
0.00116702
0.00123042
0.00114818
0.0012574
0.00114407
0.00132747
0.00117137
0.00143624
0.00130212
0.00156288
0.00154502
0.00188918
0.0231356
0.021855
0.0206287
0.0194552
0.0183328
0.0172602
0.0162358
0.0152582
0.0143259
0.0134377
0.0125922
0.0117883
0.0110247
0.0103004
0.0096143
0.00896521
0.00835209
0.0077739
0.00722957
0.00671809
0.00623843
0.00578957
0.0053705
0.00498023
0.00461776
0.00428211
0.00397227
0.00368726
0.00342608
0.00318768
0.00297103
0.00277503
0.00259855
0.0024404
0.00229935
0.0021741
0.00206335
0.00196571
0.00187987
0.00180439
0.00173815
0.00167958
0.00162811
0.00158174
0.00154107
0.00150288
0.00147021
0.00143688
0.00141073
0.0013794
0.00135968
0.00132768
0.0013158
0.00128038
0.00127918
0.00123745
0.00125119
0.00120016
0.00123468
0.001171
0.00123501
0.00115329
0.00126242
0.00115106
0.00133172
0.00118157
0.00143931
0.00131259
0.00157063
0.00155025
0.00189575
0.0230556
0.0217672
0.0205345
0.0193557
0.0182294
0.0171537
0.0161272
0.0151483
0.0142155
0.0133273
0.0124824
0.0116795
0.0109174
0.0101949
0.00951075
0.0088639
0.00825321
0.00767761
0.00713601
0.00662737
0.00615064
0.0057048
0.00528883
0.00490171
0.00454246
0.00421009
0.00390359
0.00362198
0.00336425
0.00312936
0.00291627
0.00272387
0.00255102
0.00239651
0.00225909
0.00213743
0.0020302
0.00193598
0.00185343
0.00178108
0.00171779
0.00166196
0.00161303
0.00156896
0.00153041
0.00149409
0.00146314
0.00143128
0.00140651
0.00137629
0.00135771
0.00132651
0.00131558
0.00128073
0.00128036
0.00123903
0.00125353
0.00120278
0.00123801
0.00117461
0.00123917
0.00115804
0.00126698
0.00115774
0.00133549
0.00119143
0.00144202
0.00132256
0.001578
0.00155524
0.00190185
0.0229693
0.0216735
0.0204348
0.0192512
0.0181212
0.0170429
0.0160146
0.0150348
0.0141016
0.0132138
0.0123697
0.0115681
0.0108075
0.0100869
0.00940497
0.0087605
0.00815238
0.00757948
0.0070407
0.00653499
0.00606127
0.00561851
0.00520569
0.00482179
0.00446582
0.00413677
0.00383366
0.00355549
0.00330126
0.00306994
0.00286046
0.00267172
0.00250256
0.00235176
0.00221803
0.00210003
0.00199639
0.00190564
0.00182644
0.00175726
0.00169696
0.00164391
0.00159754
0.0015558
0.00151938
0.00148494
0.00145571
0.00142532
0.00140194
0.00137283
0.00135538
0.001325
0.00131501
0.00128073
0.00128119
0.00124025
0.00125551
0.00120504
0.00124097
0.00117786
0.00124295
0.00116247
0.00127113
0.00116411
0.00133884
0.00120093
0.0014444
0.00133206
0.00158499
0.00156001
0.0019075
0.0228768
0.0215741
0.0203297
0.0191418
0.0180084
0.0169278
0.0158981
0.0149176
0.0139845
0.0130971
0.0122541
0.0114539
0.0106952
0.00997671
0.00929707
0.00865512
0.00804967
0.00747958
0.00694373
0.00644102
0.00597038
0.00553078
0.00512117
0.00474053
0.00438788
0.0040622
0.00376252
0.00348785
0.00323717
0.00300946
0.00280365
0.00261863
0.00245322
0.00230619
0.00217623
0.00206195
0.00196196
0.00187475
0.00179895
0.001733
0.00167573
0.00162548
0.00158171
0.00154231
0.00150803
0.00147548
0.00144798
0.00141906
0.00139706
0.00136907
0.00135274
0.00132318
0.00131413
0.00128042
0.0012817
0.00124116
0.00125716
0.00120699
0.0012436
0.00118081
0.00124637
0.0011666
0.00127491
0.00117019
0.00134182
0.00121006
0.00144653
0.00134109
0.0015916
0.00156458
0.00191274
0.0227782
0.021469
0.0202194
0.0190274
0.0178911
0.0168085
0.0157777
0.0147968
0.013864
0.0129775
0.0121358
0.0113373
0.0105806
0.0098643
0.00918713
0.00854783
0.00794518
0.00737799
0.00684515
0.00634552
0.00587804
0.00544165
0.0050353
0.00465798
0.00430869
0.00398643
0.00369023
0.00341908
0.003172
0.00294796
0.00274587
0.00256463
0.00240304
0.00225985
0.00213372
0.00202324
0.00192696
0.00184337
0.00177102
0.00170834
0.00165414
0.00160674
0.00156558
0.00152854
0.00149641
0.00146576
0.00144
0.00141255
0.00139194
0.00136506
0.00134985
0.00132109
0.00131297
0.00127985
0.00128193
0.0012418
0.00125853
0.00120867
0.00124592
0.00118347
0.00124948
0.00117045
0.00127834
0.00117599
0.00134448
0.00121883
0.00144845
0.00134967
0.00159786
0.00156897
0.00191759
0.0226737
0.0213584
0.0201039
0.0189083
0.0177695
0.0166853
0.0156537
0.0146728
0.0137405
0.0128551
0.0120149
0.0112182
0.0104637
0.00974984
0.00907529
0.00843876
0.00783901
0.00727483
0.00674507
0.00624861
0.00578434
0.00535121
0.00494817
0.0045742
0.00422831
0.00390951
0.00361681
0.00334925
0.00310581
0.00288547
0.00268716
0.00250976
0.00235206
0.00221277
0.00209055
0.00198394
0.00189146
0.00181153
0.00174271
0.00168335
0.00163227
0.00158773
0.00154921
0.00151456
0.00148459
0.00145584
0.00143181
0.00140584
0.00138661
0.00136084
0.00134673
0.00131879
0.00131159
0.00127904
0.00128193
0.0012422
0.00125964
0.0012101
0.00124798
0.0011859
0.00125231
0.00117406
0.00128148
0.00118154
0.00134687
0.00122723
0.00145019
0.00135783
0.00160378
0.00157322
0.00192208
0.0225633
0.0212423
0.0199835
0.0187846
0.0176436
0.0165582
0.0155261
0.0145454
0.013614
0.0127299
0.0118915
0.0110969
0.0103447
0.00963344
0.00896164
0.00832801
0.00773126
0.00717017
0.00664357
0.00615033
0.00568933
0.0052595
0.00485981
0.00448924
0.00414679
0.00383147
0.00354232
0.00327837
0.00303861
0.00282203
0.00262756
0.00245405
0.0023003
0.002165
0.00204676
0.0019441
0.00185548
0.0017793
0.00171405
0.00165808
0.00161015
0.00156852
0.00153266
0.0015004
0.00147261
0.00144576
0.00142347
0.00139897
0.00138111
0.00135645
0.00134345
0.00131631
0.00131003
0.00127805
0.00128172
0.0012424
0.00126055
0.00121132
0.00124982
0.0011881
0.00125488
0.00117745
0.00128435
0.00118683
0.00134903
0.00123528
0.0014518
0.00136557
0.00160937
0.00157733
0.00192622
0.00128699
0.0011919
0.00135099
0.00124298
0.00145331
0.00137294
0.00161465
0.00158131
0.00193004
0.0129032
0.0124054
0.0119104
0.0114191
0.0109325
0.0104514
0.00997682
0.0095095
0.0090503
0.00859997
0.00815926
0.00772883
0.00730931
0.00690127
0.00650522
0.00612162
0.00575088
0.00539335
0.00504932
0.00471903
0.00440267
0.00410037
0.0038122
0.0035382
0.00327836
0.00303261
0.00280084
0.00258291
0.00237865
0.00218783
0.00201021
0.00184552
0.00169344
0.00155366
0.00142582
0.00130953
0.00120438
0.00110992
0.00102567
0.000951101
0.000885641
0.000828672
0.000779531
0.000737525
0.000701944
0.000672077
0.000647246
0.000626804
0.000610221
0.000596936
0.000586797
0.000579014
0.000574642
0.000571088
0.000573658
0.000572635
0.000586265
0.000585109
0.000616187
0.000615503
0.000663532
0.000683702
0.000721204
0.000819507
0.000799358
0.00101701
0.00098015
0.00124202
0.00127852
0.00166241
0.0130854
0.0125878
0.0120928
0.0116012
0.011114
0.0106322
0.0101565
0.00968788
0.00922715
0.00877508
0.0083324
0.0078998
0.00747791
0.00706731
0.00666853
0.00628204
0.00590825
0.00554752
0.00520016
0.0048664
0.00454645
0.00424043
0.00394844
0.00367051
0.00340663
0.00315673
0.00292072
0.00269844
0.00248972
0.00229433
0.00211203
0.00194253
0.00178552
0.00164067
0.00150761
0.00138596
0.00127532
0.00117524
0.00108526
0.00100489
0.000933592
0.000870813
0.000815961
0.000768419
0.000727556
0.000692738
0.000663351
0.000638794
0.000618583
0.000602137
0.000589364
0.000579336
0.000573306
0.000568247
0.000570112
0.000568037
0.000581924
0.000579858
0.000612102
0.00061047
0.000660403
0.00067937
0.000719612
0.000816047
0.000798641
0.00101624
0.000977541
0.00124418
0.00127793
0.00166235
0.013287
0.0127889
0.0122932
0.0118006
0.0113122
0.0108288
0.0103514
0.00988074
0.00941773
0.00896317
0.00851777
0.00808226
0.00765727
0.00724339
0.00684116
0.00645107
0.00607355
0.00570895
0.0053576
0.00501974
0.00469559
0.00438527
0.0040889
0.0038065
0.00353806
0.00328354
0.00304282
0.00281576
0.00260219
0.00240187
0.00221455
0.00203995
0.00187775
0.00172761
0.00158917
0.00146205
0.00134584
0.0012401
0.0011444
0.00105825
0.000981176
0.000912649
0.000852138
0.000799088
0.000752937
0.000713113
0.000679069
0.000650248
0.000626217
0.000606391
0.000590737
0.000578219
0.000570258
0.000563469
0.000564331
0.000561046
0.000574842
0.000571807
0.000604835
0.000602179
0.000653861
0.000671047
0.000714841
0.000807412
0.000795274
0.00100975
0.000971186
0.00124225
0.00127228
0.00165743
0.0135052
0.0130059
0.0125087
0.0120144
0.011524
0.0110383
0.0105583
0.0100849
0.00961886
0.00916104
0.0087122
0.00827305
0.00784425
0.0074264
0.00702006
0.00662572
0.00624383
0.00587477
0.00551885
0.00517635
0.00484747
0.00453237
0.00423114
0.00394383
0.00367044
0.00341091
0.00316515
0.002933
0.00271429
0.00250879
0.00231625
0.00213637
0.00196885
0.00181334
0.00166948
0.00153688
0.00141513
0.00130381
0.0012025
0.00111072
0.00102802
0.00095391
0.000887899
0.000829479
0.000778142
0.00073337
0.000694675
0.000661542
0.000633593
0.000610244
0.000591535
0.000576323
0.000566218
0.000557472
0.000557112
0.000552397
0.000565889
0.000561686
0.000595301
0.000591413
0.000644752
0.000659753
0.000707423
0.000795119
0.000789326
0.000999261
0.000961601
0.00123701
0.0012628
0.00164879
0.0137373
0.013236
0.0127365
0.0122396
0.0117463
0.0112576
0.0107743
0.0102973
0.0098275
0.00936571
0.00891271
0.00846923
0.00803595
0.00761349
0.00720242
0.00680326
0.00641645
0.00604238
0.00568141
0.00533379
0.00499976
0.00467946
0.00437301
0.00408046
0.0038018
0.003537
0.00328594
0.0030485
0.00282448
0.00261367
0.0024158
0.0022306
0.00205773
0.00189686
0.00174762
0.00160962
0.00148247
0.00136574
0.001259
0.00116182
0.00107373
0.000994287
0.000923019
0.000859456
0.000803129
0.000753566
0.000710327
0.000672935
0.000641067
0.00061414
0.000592278
0.000574233
0.000561828
0.000550938
0.000549177
0.000542828
0.000555841
0.000550267
0.000584314
0.000578991
0.000633878
0.000646445
0.000697984
0.000780472
0.000781111
0.000986277
0.000949459
0.00122913
0.00125074
0.00163751
0.0139808
0.0134766
0.0129739
0.0124736
0.0119767
0.0114841
0.0109967
0.0105154
0.0100411
0.0095746
0.00911676
0.00866831
0.00822993
0.00780227
0.00738592
0.0069814
0.00658918
0.00620967
0.00584322
0.0054901
0.00515055
0.00482474
0.00451279
0.00421474
0.00393061
0.00366034
0.00340385
0.00316099
0.00293159
0.00271541
0.00251221
0.00232169
0.00214353
0.00197739
0.0018229
0.00167967
0.0015473
0.00142538
0.00131347
0.00121115
0.00111797
0.00103349
0.000957259
0.000888839
0.000827786
0.000773661
0.000726064
0.000684547
0.000648842
0.000618361
0.000593325
0.000572375
0.00055757
0.000544398
0.000541094
0.000532942
0.00054532
0.000538205
0.000572527
0.000565612
0.000621896
0.000631908
0.000687093
0.000764489
0.000770991
0.000971954
0.000935369
0.00121921
0.00123715
0.00162448
0.0142336
0.0137256
0.0132189
0.0127144
0.012213
0.0117157
0.0112234
0.010737
0.0102575
0.00978568
0.00932236
0.00886832
0.00842428
0.00799089
0.00756876
0.00715843
0.00676038
0.00637503
0.00600274
0.00564381
0.00529848
0.00496691
0.00464924
0.00434552
0.00405577
0.00377994
0.00351793
0.00326962
0.00303481
0.0028133
0.00260481
0.00240905
0.00222571
0.00205444
0.00189487
0.00174661
0.00160926
0.00148239
0.00136559
0.00125843
0.00116047
0.00107128
0.000990412
0.00091745
0.000851972
0.000793557
0.00074184
0.000696391
0.000656993
0.000623049
0.000594879
0.000571011
0.000553759
0.000538213
0.000533259
0.000523172
0.000534772
0.00052598
0.000560417
0.000551792
0.000609293
0.000616721
0.000675191
0.000747892
0.000759291
0.000957105
0.000919795
0.00120774
0.00122278
0.00161033
0.0144939
0.0139812
0.0134696
0.01296
0.0124534
0.0119506
0.0114527
0.0109606
0.0104752
0.00999736
0.00952797
0.00906779
0.00861756
0.00817797
0.00774962
0.00733307
0.00692883
0.00653732
0.00615892
0.00579392
0.00544258
0.00510508
0.00478155
0.00447205
0.00417659
0.00389514
0.0036276
0.00337384
0.00313368
0.00290688
0.0026932
0.00249234
0.00230397
0.00212774
0.00196329
0.00181022
0.00166813
0.0015366
0.0014152
0.0013035
0.00120108
0.00110749
0.00102232
0.000945145
0.000875554
0.000813143
0.00075757
0.000708416
0.000665511
0.000628238
0.000597024
0.000570274
0.000550571
0.000532601
0.000525919
0.000513797
0.000524491
0.000513913
0.000548305
0.000537884
0.000596404
0.00060127
0.000662605
0.000731134
0.000746304
0.000942224
0.000903074
0.00119513
0.00120808
0.00159548
0.0147603
0.0142421
0.0137247
0.0132092
0.0126965
0.0121876
0.0116833
0.0111848
0.0106928
0.0102085
0.00973244
0.00926561
0.00880874
0.00836251
0.00792755
0.00750445
0.00709371
0.00669577
0.00631101
0.00593976
0.00558225
0.00523869
0.0049092
0.00459385
0.00429266
0.00400558
0.00373254
0.00347338
0.00322793
0.00299597
0.00277722
0.0025714
0.00237817
0.00219719
0.00202807
0.00187043
0.00172386
0.00158793
0.00146221
0.00134629
0.00123971
0.00114206
0.0010529
0.000971825
0.000898431
0.00083232
0.000773165
0.000720551
0.000674348
0.000633911
0.000599777
0.000570215
0.000548091
0.000527684
0.000519221
0.000504996
0.000514663
0.000502219
0.000536399
0.000524122
0.000583453
0.000585802
0.000649582
0.000714467
0.0007323
0.000927572
0.000885458
0.00118171
0.00119331
0.00158019
0.0150315
0.0145068
0.0139829
0.0134607
0.0129412
0.0124254
0.0119141
0.0114086
0.0109095
0.010418
0.00993488
0.00946096
0.00899702
0.00854378
0.00810189
0.00767193
0.00725443
0.00684984
0.00645855
0.00608089
0.0057171
0.00536739
0.00503189
0.00471067
0.00440375
0.00411109
0.00383259
0.00356813
0.0033175
0.00308049
0.00285683
0.00264622
0.00244832
0.00226279
0.00208923
0.00192726
0.00177646
0.0016364
0.00150665
0.00138678
0.00127635
0.00117494
0.0010821
0.000997437
0.000920542
0.000851019
0.000788557
0.00073273
0.000683451
0.000640033
0.000603124
0.00057085
0.000546363
0.000523535
0.000513256
0.000496891
0.000505412
0.000491053
0.000524841
0.000510677
0.000570603
0.000570479
0.000636322
0.000698019
0.000717536
0.000913265
0.000867149
0.00116772
0.0011786
0.00156461
0.0153062
0.0147743
0.0142431
0.0137135
0.0131865
0.0126631
0.0121443
0.0116311
0.0111244
0.0106253
0.0101346
0.00965317
0.0091818
0.00872122
0.00827211
0.00783505
0.00741058
0.00699917
0.0066012
0.00621702
0.00584688
0.00549098
0.00514946
0.00482238
0.00450977
0.00421158
0.00392772
0.00365805
0.00340238
0.00316047
0.00293206
0.00271684
0.00251447
0.0023246
0.00214683
0.00198077
0.00182599
0.00168207
0.00154856
0.00142503
0.00131104
0.00120615
0.00110993
0.00102196
0.000941857
0.000869202
0.000803698
0.000744907
0.000692775
0.00064657
0.000607048
0.000572183
0.000545409
0.000520207
0.00050809
0.00048958
0.000496835
0.000480545
0.000513748
0.000497688
0.000557986
0.000555425
0.000623007
0.00068186
0.000702262
0.000899349
0.000848326
0.00115339
0.00116406
0.00154886
0.0155836
0.0150437
0.0145044
0.0139667
0.0134316
0.0129
0.012373
0.0118516
0.0113369
0.0108297
0.010331
0.00984171
0.00936259
0.00889439
0.00843781
0.00799344
0.00756184
0.00714347
0.00673873
0.00634797
0.00597143
0.00560934
0.0052618
0.00492891
0.00461068
0.00430705
0.00401793
0.00374319
0.00348261
0.00323597
0.00300299
0.00278335
0.00257672
0.00238273
0.00220098
0.00203106
0.00187256
0.00172502
0.00158802
0.0014611
0.00134382
0.00123573
0.00113641
0.00104542
0.000962373
0.000886854
0.000818567
0.000757054
0.000702296
0.000653504
0.000611539
0.000574223
0.000545254
0.000517751
0.000503789
0.000483159
0.000489028
0.000470823
0.000503231
0.000485294
0.000545733
0.000540758
0.000609811
0.000666042
0.000686722
0.00088585
0.00082917
0.00113889
0.00114976
0.00153303
0.0158625
0.0153139
0.0147659
0.0142195
0.0136756
0.0131353
0.0125996
0.0120696
0.0115462
0.0110306
0.0105236
0.0100261
0.00953895
0.00906291
0.00859865
0.00814682
0.00770795
0.00728253
0.00687095
0.00647357
0.00609064
0.00572236
0.00536887
0.00503024
0.00470647
0.00439751
0.00410327
0.00382359
0.00355827
0.00330707
0.00306971
0.00284586
0.00263518
0.00243728
0.00225178
0.00207825
0.00191626
0.00176537
0.00162512
0.00149507
0.00137476
0.00126374
0.00116158
0.00106783
0.000982109
0.000903982
0.000833162
0.000769165
0.000712005
0.000660828
0.000616599
0.000576985
0.000545929
0.000516223
0.000500419
0.00047773
0.000482089
0.000462023
0.000493406
0.000473646
0.000533978
0.000526603
0.000596916
0.000650627
0.000671167
0.000872796
0.000809867
0.00112439
0.00113579
0.0015172
0.0161422
0.0155842
0.0150268
0.014471
0.0139178
0.0133682
0.0128234
0.0122843
0.011752
0.0112276
0.0107119
0.0102059
0.00971054
0.00922644
0.00875436
0.00829493
0.00784871
0.00741617
0.00699773
0.00659373
0.00620443
0.00583002
0.00547064
0.00512635
0.00479716
0.00448301
0.00418379
0.00389934
0.00362945
0.00337388
0.00313233
0.00290447
0.00268995
0.00248838
0.00229935
0.00212244
0.00195721
0.0018032
0.00165996
0.00152703
0.00140394
0.00129024
0.0011855
0.00108925
0.0010011
0.00092061
0.000847498
0.000781249
0.000721907
0.000668553
0.000622242
0.000580498
0.000547473
0.000515688
0.000498055
0.000473404
0.000476127
0.000454297
0.000484406
0.000462908
0.000522872
0.000513104
0.000584511
0.000635691
0.000655846
0.000860229
0.000790619
0.00111005
0.00112227
0.00150149
0.0164218
0.0158537
0.0152864
0.0147206
0.0141576
0.0135983
0.0130438
0.0124952
0.0119536
0.0114201
0.0108955
0.0103809
0.00987701
0.00938471
0.00890468
0.00843757
0.00798393
0.00754426
0.00711895
0.00670836
0.00631273
0.00593227
0.0055671
0.00521727
0.00488279
0.00456358
0.00425954
0.0039705
0.00369623
0.00343648
0.00319095
0.00295929
0.00274115
0.00253612
0.0023438
0.00216374
0.0019955
0.00183862
0.00169263
0.00155706
0.00143145
0.00131532
0.00120823
0.00110972
0.00101938
0.000936773
0.000861603
0.000793328
0.000732022
0.000676698
0.000628492
0.000584798
0.00054993
0.000516216
0.000496779
0.000470296
0.00047126
0.000447804
0.000476374
0.000453265
0.000512575
0.000500426
0.000572795
0.000621334
0.000641018
0.000848207
0.000771638
0.00109602
0.0011093
0.00148601
0.0167004
0.0161217
0.0155438
0.0149676
0.0143943
0.0138248
0.0132603
0.0127019
0.0121507
0.0116078
0.0110741
0.0105506
0.0100381
0.00953746
0.0090494
0.00857455
0.00811348
0.00766667
0.00723453
0.0068174
0.00641553
0.00602911
0.00565826
0.00530302
0.0049634
0.00463931
0.00433062
0.00403716
0.00375871
0.00349498
0.00324567
0.00301044
0.00278889
0.00258064
0.00238525
0.00220228
0.00203127
0.00187175
0.00172324
0.00158527
0.00145736
0.00133904
0.00122984
0.00112931
0.00103702
0.000952518
0.000875516
0.000805438
0.000742381
0.000685295
0.000635382
0.000589928
0.000553352
0.00051788
0.000496673
0.000468526
0.00046761
0.000442711
0.000469462
0.000444912
0.000503262
0.000488755
0.000561974
0.000607675
0.000626946
0.000836804
0.000753154
0.00108245
0.00109701
0.00147089
0.0169774
0.0163875
0.0157985
0.0152114
0.0146273
0.0140473
0.0134724
0.0129039
0.0123429
0.0117903
0.0112473
0.0107147
0.0101935
0.00968448
0.00918833
0.00870572
0.00823722
0.00778331
0.00734439
0.0069208
0.00651279
0.00612053
0.00574414
0.00538365
0.00503904
0.00471024
0.00439709
0.00409942
0.00381698
0.00354948
0.00329662
0.00305802
0.0028333
0.00262204
0.00242382
0.00223816
0.00206461
0.00190268
0.00175189
0.00161175
0.00148178
0.00136149
0.00125042
0.00114808
0.00105407
0.000967898
0.000889285
0.00081762
0.000753022
0.000694382
0.00064295
0.000595934
0.000557791
0.000520753
0.000497822
0.000468211
0.000465302
0.000439187
0.00046383
0.000438058
0.000495111
0.000478296
0.000552257
0.000594855
0.000613897
0.000826105
0.000735404
0.0010695
0.00108553
0.00145625
0.017252
0.0166503
0.0160498
0.0154514
0.0148561
0.0142652
0.0136797
0.0131008
0.0125297
0.0119673
0.0114148
0.0108731
0.0103431
0.00982557
0.00932132
0.00883096
0.00835507
0.00789411
0.0074485
0.00701855
0.00660452
0.00620656
0.00582477
0.0054592
0.00510979
0.00477646
0.00445905
0.00415736
0.00387114
0.0036001
0.00334389
0.00310215
0.00287448
0.00266045
0.00245961
0.0022715
0.00209563
0.00193152
0.00177867
0.00163659
0.00150479
0.00138276
0.00127003
0.00116612
0.0010706
0.000982975
0.000902963
0.000829924
0.000763992
0.000704005
0.000651241
0.000602867
0.000563301
0.000524906
0.000500306
0.000469462
0.000464459
0.000437394
0.00045964
0.000432911
0.000488308
0.000469268
0.000543855
0.000583033
0.000602141
0.000816208
0.000718636
0.00105733
0.00107499
0.00144223
0.0175235
0.0169096
0.0162971
0.015687
0.0150803
0.0144781
0.0138817
0.0132922
0.0127108
0.0121384
0.0115763
0.0110254
0.0104865
0.00996057
0.00944823
0.00895017
0.00846694
0.00799903
0.00754682
0.00711064
0.00669072
0.00628722
0.00590021
0.00552972
0.0051757
0.00483804
0.00451658
0.00421109
0.00392131
0.00364693
0.0033876
0.00314295
0.00291255
0.00269597
0.00249275
0.0023024
0.00212445
0.00195839
0.00180371
0.00165991
0.00152649
0.00140293
0.00128877
0.0011835
0.00108669
0.000997815
0.000916613
0.000842406
0.000775339
0.000714213
0.0006603
0.000610778
0.000569935
0.000530407
0.0005042
0.000472377
0.000465195
0.000437479
0.000457047
0.000429674
0.000483032
0.000461902
0.00053697
0.000572386
0.000591939
0.000807218
0.000703099
0.00104611
0.00106552
0.00142898
0.0177914
0.0171649
0.01654
0.0159177
0.0152992
0.0146856
0.014078
0.0134777
0.0128859
0.0123035
0.0117317
0.0111715
0.0106238
0.0100894
0.00956896
0.00906325
0.00857278
0.00809802
0.00763935
0.00719708
0.00677143
0.00636255
0.00597051
0.0055953
0.00523687
0.00489509
0.00456978
0.0042607
0.00396758
0.00369009
0.00342787
0.00318053
0.00294763
0.00272873
0.00252335
0.002331
0.00215118
0.00198338
0.00182709
0.00168179
0.00154697
0.00142211
0.00130672
0.00120029
0.0011024
0.00101249
0.000930298
0.000855127
0.000787121
0.000725058
0.000670177
0.000619718
0.000577743
0.000537314
0.000509572
0.000477041
0.000467612
0.000439571
0.000456198
0.000428535
0.000479457
0.000456431
0.000531793
0.000563108
0.000583542
0.000799252
0.000689045
0.001036
0.00105721
0.00141664
0.018055
0.0174154
0.0167778
0.0161431
0.0155126
0.0148872
0.0142684
0.0136571
0.0130547
0.0124622
0.0118807
0.0113112
0.0107546
0.0102118
0.00968342
0.00917016
0.00867255
0.00819107
0.00772609
0.00727789
0.00684669
0.00643262
0.00603573
0.00565601
0.00529337
0.00494769
0.00461875
0.00430631
0.00401007
0.0037297
0.00346482
0.00321501
0.00297984
0.00275884
0.00255152
0.00235739
0.00217593
0.00200662
0.00184894
0.00170235
0.00156634
0.00144038
0.00132397
0.00121659
0.00111781
0.00102707
0.000944086
0.00086815
0.000799392
0.000736593
0.000680918
0.000629733
0.00058677
0.000545677
0.000516478
0.000483519
0.000471799
0.000443772
0.000457221
0.000429656
0.000477739
0.000453079
0.000528493
0.000555404
0.000577179
0.000792433
0.000676717
0.00102719
0.00105019
0.00140536
0.0183138
0.0176607
0.0170101
0.0163628
0.0157199
0.0150827
0.0144524
0.0138301
0.013217
0.0126144
0.0120231
0.0114444
0.010879
0.0103278
0.00979155
0.00927084
0.00876624
0.00827819
0.00780705
0.0073531
0.00691654
0.00649748
0.00609595
0.00571193
0.00534531
0.00499594
0.0046636
0.00434802
0.0040489
0.00376587
0.00349855
0.00324651
0.00300929
0.00278642
0.0025774
0.0023817
0.00219882
0.00202821
0.00186935
0.00172168
0.00158469
0.00145784
0.00134062
0.00123249
0.00113302
0.00104163
0.000958048
0.000881537
0.000812212
0.000748871
0.000692571
0.000640868
0.000597056
0.000555535
0.000524961
0.000491855
0.000477821
0.000450151
0.000460224
0.000433164
0.000478011
0.000452056
0.000527215
0.000549486
0.000573045
0.000786891
0.000666343
0.00101984
0.00104454
0.00139527
0.0185672
0.0179004
0.0172364
0.0165762
0.0159209
0.0152717
0.0146297
0.0139963
0.0133726
0.0127598
0.0121589
0.0115709
0.0109968
0.0104373
0.0098933
0.00936529
0.00885384
0.00835938
0.00788227
0.00742277
0.00698105
0.0065572
0.00615125
0.00576315
0.00539277
0.00503994
0.00470443
0.00438595
0.00408417
0.00379873
0.0035292
0.00327515
0.00303611
0.00281159
0.00260108
0.00240404
0.00221995
0.00204826
0.00188843
0.00173989
0.00160213
0.00147458
0.00135674
0.00124806
0.00114809
0.00105625
0.000972252
0.000895355
0.000825636
0.000761944
0.000705179
0.000653161
0.000608632
0.000566914
0.00053505
0.000502072
0.000485725
0.000458743
0.000465284
0.000439142
0.00048038
0.000453538
0.000528065
0.000545569
0.000571295
0.000782762
0.000658131
0.00101412
0.00104034
0.00138651
0.0188148
0.018134
0.0174564
0.0167831
0.0161152
0.0154538
0.0148002
0.0141557
0.0135213
0.0128983
0.0122877
0.0116906
0.0111079
0.0105403
0.00998864
0.00945348
0.00893535
0.00843468
0.0079518
0.00748694
0.00704027
0.00661187
0.00620172
0.00580976
0.00543586
0.00507981
0.00474136
0.00442021
0.00411601
0.00382837
0.00355687
0.00330104
0.00306041
0.00283447
0.00262269
0.00242453
0.00223945
0.00206688
0.00190628
0.00175708
0.00161874
0.0014907
0.00137244
0.00126339
0.00116311
0.001071
0.000986766
0.000909664
0.000839719
0.000775859
0.000718779
0.000666641
0.000621521
0.000579826
0.00054676
0.000514168
0.00049553
0.000469548
0.00047245
0.000447629
0.000484915
0.000457661
0.000531115
0.00054386
0.000572029
0.000780182
0.000652258
0.00101018
0.00103765
0.00137921
0.0190562
0.0183611
0.0176697
0.0169832
0.0163025
0.0156289
0.0149636
0.0143079
0.0136629
0.0130298
0.0124096
0.0118035
0.0112122
0.0106367
0.0100775
0.00953542
0.00901081
0.00850413
0.00801568
0.00754569
0.0070943
0.00666156
0.00624745
0.00585187
0.00547468
0.00511565
0.0047745
0.00445092
0.00414453
0.00385493
0.00358168
0.00332431
0.00308231
0.00285516
0.00264233
0.00244327
0.0022574
0.00208417
0.00192302
0.00177336
0.00163464
0.00150629
0.00138779
0.00127857
0.00117816
0.00108596
0.00100166
0.000924523
0.000854511
0.000790657
0.000733404
0.00068133
0.000635737
0.000594271
0.000560089
0.00052812
0.000507233
0.00048253
0.000481735
0.000458615
0.000491651
0.000464513
0.00053639
0.000544552
0.000575292
0.00077929
0.000648863
0.00100817
0.00103654
0.0013735
0.0192908
0.0185812
0.0178759
0.017176
0.0164825
0.0157967
0.0151197
0.0144528
0.0137972
0.0131541
0.0125245
0.0119094
0.0113098
0.0107265
0.01016
0.00961113
0.00908025
0.00856776
0.00807397
0.00759908
0.0071432
0.00670636
0.00628853
0.00588958
0.00550934
0.00514757
0.00480396
0.00447818
0.00416984
0.00387852
0.00360376
0.00334506
0.00310192
0.00287379
0.00266013
0.00246037
0.00227393
0.00210025
0.00193873
0.00178881
0.0016499
0.00152144
0.00140289
0.00129367
0.00119331
0.00110119
0.00101698
0.000939984
0.000870054
0.000806371
0.000749075
0.000697238
0.000651278
0.000610231
0.000575016
0.000543881
0.000520806
0.000497624
0.000493118
0.000472044
0.000500582
0.000474125
0.000543873
0.00054781
0.000581065
0.000780221
0.000648042
0.0010082
0.00103704
0.00136948
0.0195183
0.0187941
0.0180748
0.0173614
0.0166551
0.0159569
0.0152683
0.0145903
0.0139242
0.0132711
0.0126322
0.0120084
0.0114006
0.0108096
0.0102361
0.00968064
0.0091437
0.00862564
0.00812675
0.00764719
0.00718706
0.00674638
0.00632507
0.00592299
0.00553995
0.00517567
0.00482985
0.00450212
0.00419206
0.00389925
0.0036232
0.00336341
0.00311935
0.00289046
0.00267618
0.00247593
0.00228914
0.00211519
0.00195352
0.00180352
0.00166463
0.00153624
0.00141782
0.00130877
0.00120862
0.00111676
0.0010328
0.000956091
0.000886381
0.000823024
0.000765804
0.000714362
0.000668133
0.000627673
0.000591506
0.000561386
0.000536196
0.000514736
0.000506548
0.000487821
0.000511663
0.00048647
0.000553504
0.000553767
0.000589271
0.0007831
0.000649837
0.00101035
0.00103917
0.00136725
0.0197384
0.0189994
0.0182659
0.017539
0.0168198
0.0161095
0.0154092
0.0147202
0.0140437
0.0133809
0.0127328
0.0121004
0.0114846
0.0108862
0.0103058
0.00974398
0.00920121
0.00867783
0.00817407
0.0076901
0.00722597
0.00678169
0.00635715
0.0059522
0.0055666
0.00520007
0.00485228
0.00452283
0.0042113
0.00391723
0.00364013
0.00337947
0.0031347
0.00290527
0.00269059
0.00249007
0.00230311
0.00212911
0.00196747
0.00181759
0.00167889
0.00155075
0.00143263
0.00132393
0.00122416
0.0011327
0.00104914
0.000972875
0.000903513
0.000840625
0.000783587
0.000732683
0.00068627
0.000646546
0.000609503
0.000580549
0.000553327
0.000533748
0.000521941
0.000505812
0.000524817
0.000501469
0.000565184
0.000562506
0.000599775
0.000788042
0.000654243
0.00101468
0.00104297
0.00136688
0.0199508
0.0191968
0.0184491
0.0177087
0.0169767
0.0162541
0.0155423
0.0148424
0.0141556
0.0134832
0.0128261
0.0121853
0.0115617
0.0109561
0.0103691
0.0098012
0.00925285
0.00872439
0.00821602
0.00772789
0.00726003
0.0068124
0.00638489
0.00597731
0.00558941
0.00522088
0.00487135
0.00454043
0.00422766
0.00393256
0.00365463
0.00339332
0.00314808
0.00291832
0.00270344
0.00250285
0.00231593
0.00214207
0.00198066
0.00183109
0.00169275
0.00156505
0.0014474
0.00133921
0.00123996
0.00114907
0.00106604
0.000990353
0.000921456
0.000859168
0.000802406
0.000752167
0.000705645
0.000666781
0.000628933
0.000601265
0.000572101
0.000554521
0.000539187
0.000525857
0.000539929
0.000518993
0.000578777
0.000574063
0.000612393
0.00079514
0.000661197
0.00102121
0.00104842
0.00136844
0.0201551
0.0193861
0.0186242
0.0178703
0.0171254
0.0163907
0.0156675
0.0149568
0.01426
0.0135781
0.0129122
0.0122632
0.0116321
0.0110195
0.0104261
0.00985234
0.00929868
0.00876539
0.00825268
0.00776064
0.00728931
0.0068386
0.00640837
0.00599842
0.00560847
0.00523818
0.00488717
0.00455501
0.00424123
0.00394534
0.00366681
0.00340508
0.00315957
0.00292969
0.00271483
0.00251437
0.00232769
0.00215416
0.00199317
0.00184408
0.00170629
0.00157918
0.00146217
0.00135464
0.00125607
0.00116587
0.0010835
0.00100853
0.000940199
0.000878626
0.000822222
0.000772757
0.000726191
0.000688291
0.000649702
0.00062341
0.000592399
0.000576896
0.000558148
0.000547772
0.000556858
0.000538867
0.000594118
0.000588416
0.0006269
0.000804462
0.000670589
0.00102989
0.00105552
0.00137195
0.020351
0.019567
0.0187909
0.0180235
0.0172658
0.0165192
0.0157846
0.0150634
0.0143566
0.0136655
0.012991
0.0123341
0.0116957
0.0110764
0.0104768
0.00989747
0.00933875
0.00880091
0.00828412
0.00778846
0.00731391
0.00686038
0.0064277
0.00601563
0.00562388
0.00525208
0.00489982
0.00456667
0.00425212
0.00395567
0.00367676
0.00341482
0.00316926
0.00293947
0.00272482
0.0025247
0.00233845
0.00216544
0.00200504
0.00185661
0.00171954
0.00159319
0.00147696
0.00137025
0.00127249
0.00118312
0.00110153
0.00102738
0.000959709
0.000898954
0.000842977
0.000794379
0.000747821
0.000710965
0.000671696
0.000646842
0.000614079
0.000600699
0.000578664
0.000571351
0.000575437
0.000560886
0.000611018
0.000605485
0.000643039
0.000816043
0.000682263
0.00104066
0.00106424
0.00137742
0.0205384
0.0197394
0.018949
0.0181682
0.0173979
0.0166394
0.0158937
0.015162
0.0144456
0.0137454
0.0130626
0.012398
0.0117525
0.0111267
0.0105213
0.00993665
0.00937315
0.00883103
0.00831044
0.00781141
0.00733391
0.00687783
0.00644296
0.00602903
0.00563573
0.00526266
0.00490941
0.00457549
0.0042604
0.00396361
0.00368454
0.00342261
0.00317721
0.00294772
0.00273349
0.00253388
0.00234825
0.00217595
0.00201632
0.00186873
0.00173253
0.00160709
0.00149179
0.00138604
0.00128921
0.0012008
0.00112008
0.00104686
0.000979931
0.000920082
0.000864588
0.000816932
0.000770427
0.000734676
0.00069478
0.000671401
0.000636983
0.000625739
0.000600555
0.000596374
0.000595476
0.000584812
0.000629267
0.000625135
0.000660534
0.000829882
0.000696022
0.00105338
0.00107453
0.00138482
0.020717
0.0199029
0.0190984
0.0183043
0.0175215
0.0167512
0.0159946
0.0152527
0.0145268
0.0138178
0.0131269
0.0124549
0.0118026
0.0111706
0.0105596
0.00996995
0.00940195
0.00885583
0.0083317
0.00782959
0.00734942
0.00689104
0.00645424
0.00603871
0.00564411
0.00527002
0.004916
0.00458156
0.00426615
0.00396924
0.00369023
0.00342852
0.00318349
0.00295449
0.00274087
0.00254198
0.00235715
0.00218572
0.00202704
0.00188043
0.00174527
0.00162088
0.00150666
0.00140198
0.00130621
0.00121885
0.00113911
0.0010669
0.00100079
0.000941917
0.000886951
0.000840295
0.000793878
0.000759274
0.0007188
0.000696911
0.000660933
0.000651812
0.000623624
0.000622608
0.000616769
0.000610388
0.00064864
0.000647177
0.000679097
0.00084593
0.000711641
0.00106788
0.00108634
0.0013941
0.0208866
0.0200576
0.019239
0.0184316
0.0176365
0.0168547
0.0160873
0.0153354
0.0146002
0.0138827
0.013184
0.0125048
0.011846
0.0112082
0.0105919
0.00999744
0.00942523
0.00887539
0.00834801
0.00784308
0.00736051
0.0069001
0.00646162
0.00604475
0.00564909
0.00527423
0.00491968
0.00458494
0.00426944
0.00397263
0.00369389
0.0034326
0.00318813
0.00295982
0.002747
0.002549
0.00236515
0.00219477
0.00203719
0.00189173
0.00175774
0.00163456
0.00152153
0.00141805
0.00132343
0.00123723
0.00115854
0.00108743
0.00102217
0.000964341
0.000909938
0.000864327
0.000818023
0.000784591
0.000743581
0.00072318
0.000685733
0.000678706
0.000647659
0.000649812
0.000639094
0.000637339
0.000668906
0.000671378
0.000698436
0.000864096
0.000728867
0.00108396
0.00109958
0.00140517
0.0210472
0.0202032
0.0193706
0.0185502
0.0177429
0.0169497
0.0161718
0.0154102
0.014666
0.0139402
0.0132339
0.0125479
0.0118828
0.0112394
0.0106181
0.0100192
0.00944307
0.00888979
0.00835944
0.00785198
0.00736727
0.0069051
0.00646521
0.00604723
0.00565076
0.00527536
0.00492051
0.00458569
0.00427033
0.00397382
0.00369556
0.0034349
0.00319118
0.00296375
0.00275191
0.00255498
0.00237227
0.0022031
0.00204677
0.0019026
0.00176993
0.00164806
0.00153634
0.00143417
0.0013408
0.00125584
0.00117827
0.00110831
0.00104396
0.000987218
0.000933401
0.000888864
0.000842694
0.000810443
0.000768937
0.000750006
0.000711179
0.000706196
0.000672437
0.000677737
0.000662222
0.000665381
0.000689827
0.000697468
0.00071827
0.000884239
0.000747439
0.00110137
0.00111413
0.0014179
0.0211986
0.0203398
0.0194933
0.01866
0.0178407
0.0170364
0.0162481
0.015477
0.0147241
0.0139903
0.0132768
0.0125841
0.0119132
0.0112644
0.0106384
0.0100353
0.00945557
0.00889914
0.0083661
0.00785637
0.00736979
0.00690613
0.00646506
0.00604623
0.0056492
0.00527348
0.00491856
0.00458388
0.00426886
0.00397287
0.00369528
0.00343543
0.00319266
0.00296628
0.00275559
0.0025599
0.0023785
0.00221068
0.00205575
0.00191301
0.00178177
0.00166134
0.00155104
0.00145026
0.00135822
0.00127458
0.00119818
0.00112943
0.00106602
0.00101039
0.000957176
0.000913729
0.000867707
0.000836634
0.000794668
0.000777176
0.000737055
0.000734056
0.000697728
0.000706134
0.00068592
0.000694228
0.00071117
0.000725146
0.000738328
0.000906173
0.000767088
0.00111985
0.00112986
0.00143214
0.0213407
0.0204672
0.019607
0.018761
0.0179298
0.0171146
0.0163163
0.0155359
0.0147745
0.0140331
0.0133126
0.0126137
0.0119371
0.0112833
0.0106529
0.010046
0.00946282
0.00890354
0.00836809
0.00785636
0.00736817
0.00690326
0.00646128
0.00604183
0.00564446
0.00526866
0.00491389
0.00457956
0.00426508
0.0039698
0.00369307
0.00343423
0.00319258
0.00296743
0.00275806
0.00256375
0.0023838
0.00221749
0.00206409
0.0019229
0.00179321
0.00167433
0.00156553
0.00146622
0.00137558
0.00129331
0.00121813
0.00115063
0.00108817
0.00103369
0.000981084
0.000938735
0.000892869
0.000862962
0.000820568
0.000804476
0.000763142
0.000762059
0.000723304
0.000734758
0.000709955
0.000723594
0.000732709
0.000754092
0.000758364
0.000929671
0.000787551
0.00113913
0.00114663
0.00144772
0.0214736
0.0205854
0.0197117
0.0188531
0.0180104
0.0171845
0.0163763
0.015587
0.0148175
0.0140687
0.0133415
0.0126366
0.0119546
0.0112962
0.0106616
0.0100511
0.00946496
0.00890309
0.00836549
0.00785204
0.00736251
0.0068966
0.00645394
0.00603411
0.00563663
0.00526096
0.00490655
0.00457278
0.00425903
0.00396465
0.00368898
0.00343131
0.00319095
0.00296718
0.00275928
0.00256652
0.00238816
0.00222348
0.00207173
0.00193221
0.00180416
0.00168691
0.0015797
0.00148195
0.00139276
0.00131191
0.00123798
0.00117175
0.00111027
0.00105693
0.00100494
0.000963687
0.000917983
0.000889222
0.00084643
0.000831693
0.000789226
0.000789984
0.000748939
0.000763369
0.0007341
0.000753202
0.000754231
0.000783977
0.000778161
0.000954474
0.000808577
0.00115894
0.00116426
0.00146443
0.0215972
0.0206946
0.0198075
0.0189365
0.0180825
0.0172461
0.0164285
0.0156305
0.014853
0.0140971
0.0133635
0.012653
0.011966
0.0113032
0.0106648
0.010051
0.00946208
0.00889791
0.00835845
0.00784353
0.0073529
0.00688623
0.00644314
0.00602315
0.00562578
0.00525045
0.00489659
0.00456357
0.00425075
0.00395746
0.003683
0.00342667
0.00318776
0.00296554
0.00275925
0.00256816
0.00239152
0.00222859
0.00207861
0.00194085
0.00181455
0.00169901
0.00159345
0.00149731
0.00140961
0.00133022
0.00125756
0.00119263
0.00113212
0.00107995
0.00102857
0.000988395
0.000942857
0.000915216
0.000872054
0.000858624
0.000815097
0.000817621
0.000774419
0.000791743
0.000758144
0.000782789
0.000775542
0.000814473
0.000797535
0.000980297
0.000829933
0.001179
0.00118256
0.00148207
0.0217116
0.0207947
0.0198945
0.0190114
0.0181461
0.0172996
0.0164727
0.0156663
0.0148813
0.0141186
0.013379
0.0126631
0.0119714
0.0113045
0.0106625
0.0100458
0.00945434
0.00888814
0.00834707
0.00783094
0.00733946
0.00687227
0.00642896
0.00600904
0.00561198
0.0052372
0.00488409
0.004552
0.00424028
0.00394824
0.00367516
0.00342033
0.00318302
0.00296247
0.00275794
0.00256865
0.00239385
0.00223277
0.00208465
0.00194874
0.00182427
0.00171051
0.00160666
0.00151217
0.00142601
0.00134811
0.00127673
0.00121311
0.00115357
0.00110255
0.00105177
0.00101268
0.000967304
0.000940755
0.00089725
0.000885076
0.000840561
0.000844773
0.000799545
0.000819675
0.00078189
0.000812112
0.000796473
0.00084526
0.000816337
0.00100684
0.000851414
0.00119908
0.00120135
0.00150043
0.021817
0.0208859
0.0199727
0.0190777
0.0182016
0.0173452
0.0165093
0.0156948
0.0149025
0.0141334
0.0133879
0.012667
0.0119709
0.0113002
0.010655
0.0100356
0.00944188
0.00887391
0.00833149
0.00781439
0.0073223
0.00685482
0.00641152
0.00599187
0.00559532
0.00522127
0.00486909
0.00453811
0.00422766
0.00393702
0.00366548
0.0034123
0.00317672
0.00295798
0.00275531
0.00256794
0.00239508
0.00223596
0.0020898
0.00195582
0.00183323
0.00172131
0.00161922
0.00152642
0.00144181
0.00136542
0.00129533
0.00123302
0.00117446
0.00112459
0.0010744
0.00103636
0.000991156
0.000965666
0.000921845
0.000910878
0.000865444
0.000871269
0.000824139
0.000846979
0.000805164
0.000840952
0.00081688
0.000876034
0.000834461
0.0010338
0.00087284
0.00121895
0.00122042
0.00151928
0.0219133
0.0209684
0.0200423
0.0191357
0.018249
0.0173829
0.0165384
0.0157161
0.0149169
0.0141415
0.0133906
0.0126649
0.0119647
0.0112905
0.0106424
0.0100205
0.00942487
0.00885539
0.00831187
0.00779404
0.00730156
0.00683401
0.00639091
0.00597173
0.00557588
0.00520274
0.00485166
0.00452196
0.00421293
0.00392385
0.00365398
0.00340257
0.00316885
0.00295204
0.00275136
0.002566
0.00239518
0.00223811
0.00209397
0.00196199
0.00184134
0.00173132
0.00163102
0.00153994
0.0014569
0.00138203
0.00131324
0.00125224
0.00119464
0.0011459
0.0010963
0.00105929
0.00101426
0.000989797
0.000945688
0.000935878
0.000889591
0.000896955
0.000848046
0.000873499
0.000827819
0.000869118
0.000836647
0.000906518
0.000851837
0.00106088
0.000894066
0.00123845
0.00123959
0.00153844
0.0220008
0.0210422
0.0201036
0.0191856
0.0182885
0.0174131
0.0165602
0.0157304
0.0149245
0.0141432
0.0133872
0.0126571
0.0119531
0.0112756
0.0106248
0.0100008
0.00940348
0.00883274
0.00828836
0.00777003
0.00727737
0.00680995
0.00636726
0.00594873
0.00555376
0.0051817
0.00483188
0.0045036
0.00419614
0.00390876
0.00364069
0.00339118
0.00315943
0.00294466
0.00274605
0.00256281
0.00239411
0.00223915
0.00209711
0.00196718
0.00184853
0.00174043
0.00164195
0.00155262
0.00147117
0.00139782
0.00133032
0.00127062
0.00121397
0.00116636
0.00111734
0.00108134
0.00103648
0.00101302
0.000968648
0.000959951
0.000912875
0.000921709
0.000871137
0.000899103
0.000849732
0.000896448
0.00085569
0.00093646
0.000868434
0.00108781
0.000914974
0.00125743
0.00125868
0.0015577
0.0220798
0.0211076
0.0201568
0.0192276
0.0183204
0.017436
0.0165749
0.0157379
0.0149257
0.0141388
0.013378
0.0126437
0.0119362
0.0112558
0.0106026
0.00997666
0.0093779
0.00880614
0.00826112
0.00774251
0.00724989
0.00678279
0.00634069
0.00592299
0.00552906
0.00515824
0.00480983
0.00448312
0.00417735
0.00389178
0.00362564
0.00337813
0.00314846
0.00293582
0.00273939
0.00255834
0.00239184
0.00223906
0.00209916
0.00197134
0.00185472
0.00174859
0.00165195
0.00156437
0.00148451
0.00141269
0.00134647
0.00128807
0.00123237
0.00118586
0.00113742
0.00110241
0.00105773
0.00103523
0.000990624
0.000982997
0.000935194
0.000945433
0.000893312
0.000923688
0.00087081
0.00092281
0.000873952
0.000965643
0.000884251
0.00111431
0.000935477
0.00127578
0.00127752
0.0015769
0.0221503
0.0211649
0.020202
0.0192619
0.018345
0.0174518
0.0165829
0.015739
0.0149207
0.0141286
0.0133632
0.012625
0.0119143
0.0112312
0.0105759
0.0099483
0.00934834
0.00877578
0.00823034
0.00771165
0.00721926
0.00675268
0.00631133
0.00589462
0.00550189
0.00513245
0.00478559
0.00446057
0.00415662
0.00387299
0.00360887
0.00336347
0.00313597
0.00292555
0.00273136
0.00255258
0.00238833
0.00223779
0.0021001
0.00197442
0.00185987
0.00175571
0.00166093
0.00157513
0.00149686
0.00142655
0.00136162
0.00130451
0.00124973
0.00120432
0.00115644
0.0011224
0.00107791
0.00105636
0.00101154
0.00100494
0.000956472
0.000968056
0.000914496
0.000947182
0.000890985
0.000948104
0.000891401
0.000993884
0.000899317
0.00114016
0.000955515
0.00129343
0.00129597
0.0015959
0.0222127
0.0212143
0.0202397
0.0192889
0.0183625
0.0174608
0.0165844
0.0157339
0.0149098
0.0141127
0.0133431
0.0126013
0.0118876
0.0112021
0.0105449
0.00991593
0.00931499
0.00874187
0.00819621
0.00767763
0.00718566
0.00671975
0.00627933
0.00586377
0.00547237
0.00510445
0.00475926
0.00443604
0.00413403
0.00385243
0.00359043
0.00334723
0.00312198
0.00291385
0.00272199
0.00254552
0.0023836
0.00223534
0.00209988
0.00197639
0.00186392
0.00176177
0.00166886
0.00158482
0.00150814
0.00143936
0.00137569
0.00131986
0.00126601
0.00122168
0.00117435
0.00114127
0.00109697
0.00107634
0.00103134
0.00102574
0.000976658
0.000989531
0.00093464
0.000969533
0.000910214
0.000972258
0.000908029
0.00102103
0.000913683
0.00116516
0.00097505
0.00131035
0.0013139
0.00161456
0.0222672
0.0212561
0.0202699
0.0193089
0.0183732
0.0174633
0.0165797
0.0157228
0.0148933
0.0140915
0.0133179
0.0125728
0.0118564
0.0111688
0.0105099
0.00987978
0.00927809
0.0087046
0.00815893
0.00764064
0.00714925
0.00668419
0.00624484
0.00583055
0.00544063
0.00507434
0.00473093
0.00440963
0.00410965
0.00383017
0.00357038
0.00332945
0.00310654
0.00290077
0.00271128
0.00253719
0.00237763
0.0022317
0.00209851
0.00197722
0.00186686
0.00176672
0.00167569
0.00159343
0.00151834
0.00145107
0.00138866
0.0013341
0.00128116
0.00123789
0.00119112
0.00115898
0.00111488
0.00109515
0.00104999
0.00104536
0.000995725
0.00100983
0.000953716
0.000990717
0.000928476
0.000995225
0.000923849
0.00104697
0.000927413
0.00118915
0.000994063
0.00132652
0.00133121
0.0016328
0.0223141
0.0212906
0.0202932
0.019322
0.0183774
0.0174596
0.016569
0.0157062
0.0148715
0.0140653
0.013288
0.0125398
0.011821
0.0111314
0.0104712
0.00984009
0.00923786
0.00866419
0.00811868
0.00760086
0.00711021
0.00664614
0.006208
0.00579512
0.00540679
0.00504224
0.00470072
0.00438143
0.00408356
0.00380629
0.00354879
0.00331021
0.00308968
0.00288633
0.00269927
0.00252761
0.00237044
0.00222688
0.00209598
0.00197691
0.00186867
0.00177056
0.0016814
0.00160092
0.00152741
0.00146165
0.0014005
0.00134719
0.00129516
0.00125294
0.00120673
0.00117552
0.00113162
0.00111278
0.00106749
0.0010638
0.00101366
0.00102896
0.000971718
0.00101073
0.000945768
0.00101698
0.000938885
0.00107162
0.000940584
0.001212
0.00101255
0.00134197
0.00134782
0.00165052
0.0223537
0.021318
0.0203096
0.0193287
0.0183754
0.01745
0.0165528
0.0156842
0.0148446
0.0140343
0.0132536
0.0125026
0.0117816
0.0110904
0.010429
0.00979709
0.00919451
0.00862085
0.00807568
0.00755849
0.00706872
0.00660577
0.00616897
0.00575762
0.00537098
0.00500828
0.00466874
0.00435154
0.00405587
0.00378088
0.00352573
0.00328955
0.00307146
0.00287058
0.00268599
0.00251679
0.00236206
0.00222088
0.00209231
0.00197548
0.00186937
0.00177329
0.00168601
0.0016073
0.00153537
0.00147111
0.0014112
0.00135914
0.001308
0.00126684
0.00122118
0.00119088
0.00114721
0.00112923
0.00108384
0.00108107
0.00103048
0.00104693
0.000988653
0.00102958
0.000962103
0.00103753
0.000953175
0.00109492
0.000953271
0.00123361
0.0010305
0.00135671
0.00136367
0.00166768
0.0234625
0.0223862
0.0213386
0.0203196
0.0193292
0.0183676
0.0174349
0.0165313
0.0156573
0.0148131
0.0139989
0.013215
0.0124615
0.0117385
0.0110458
0.0103834
0.00975103
0.00914829
0.00857481
0.00803012
0.00751371
0.00702497
0.00656327
0.00612792
0.0057182
0.00533335
0.00497258
0.0046351
0.00432007
0.00402666
0.00375402
0.00350127
0.00326755
0.00305195
0.00285358
0.0026715
0.0025048
0.00235252
0.00221376
0.00208752
0.00197294
0.00186897
0.00177492
0.00168952
0.00161258
0.00154222
0.00147945
0.00142078
0.00136995
0.00131971
0.00127958
0.00123448
0.00120509
0.00116165
0.00114452
0.00109907
0.00109718
0.0010462
0.00106376
0.00100454
0.00104728
0.000977504
0.00105687
0.00096676
0.00111685
0.000965552
0.00125393
0.00104795
0.00137079
0.00137872
0.00168422
0.0235013
0.022412
0.0213529
0.0203235
0.0193239
0.0183542
0.0174145
0.0165049
0.0156257
0.0147771
0.0139593
0.0131725
0.0124167
0.011692
0.0109981
0.0103349
0.00970215
0.00909941
0.00852627
0.00798223
0.00746672
0.00697913
0.00651879
0.006085
0.005677
0.00529403
0.00493528
0.00459993
0.00428713
0.00399604
0.00372579
0.0034755
0.00324428
0.00303122
0.00283538
0.00265585
0.00249167
0.00234188
0.00220554
0.00208165
0.00196933
0.0018675
0.00177548
0.00169196
0.00161678
0.00154799
0.0014867
0.00142926
0.00137966
0.00133031
0.00129121
0.00124667
0.00121817
0.00117497
0.00115869
0.0011132
0.00111219
0.00106085
0.00107949
0.00101942
0.00106389
0.000992003
0.00107503
0.000979687
0.00113739
0.000977496
0.0012729
0.00106488
0.00138425
0.00139296
0.00170013
0.0235331
0.0224314
0.0213609
0.0203215
0.0193131
0.0183356
0.0173892
0.0164738
0.0155897
0.0147371
0.0139159
0.0131264
0.0123686
0.0116423
0.0109474
0.0102836
0.00965067
0.0090481
0.00847545
0.00793218
0.00741771
0.00693138
0.00647251
0.00604036
0.00563418
0.00525316
0.0048965
0.00456334
0.00425283
0.00396412
0.00369631
0.00344852
0.00321983
0.00300933
0.00281607
0.0026391
0.00247746
0.00233017
0.00219627
0.00207473
0.00196468
0.001865
0.00177501
0.00169336
0.00161994
0.0015527
0.00149289
0.00143667
0.0013883
0.00133983
0.00130175
0.00125777
0.00123016
0.00118723
0.00117177
0.00112626
0.00112612
0.00107448
0.00109415
0.00103332
0.00107943
0.00100564
0.00109205
0.000991999
0.00115656
0.000989162
0.00129053
0.00108132
0.00139714
0.00140638
0.00171537
0.0235586
0.0224446
0.0213631
0.020314
0.019297
0.0183121
0.0173592
0.0164384
0.0155497
0.0146932
0.013869
0.013077
0.0123173
0.0115897
0.010894
0.0102298
0.00959682
0.00899457
0.00842255
0.00788019
0.00736686
0.0068819
0.00642459
0.00599418
0.00558988
0.00521089
0.00485636
0.00452545
0.00421729
0.00393099
0.00366566
0.0034204
0.00319428
0.00298637
0.00279571
0.00262132
0.00246224
0.00231746
0.002186
0.00206683
0.00195904
0.00186151
0.00177354
0.00169376
0.00162209
0.0015564
0.00149807
0.00144306
0.0013959
0.00134832
0.00131125
0.00126783
0.00124111
0.00119845
0.00118382
0.00113832
0.00113902
0.00108712
0.0011078
0.00104629
0.00109395
0.00101845
0.00110797
0.00100374
0.00117438
0.0010006
0.00130683
0.00109727
0.00140951
0.00141898
0.00172996
0.0235778
0.0224518
0.0213598
0.0203013
0.019276
0.018284
0.0173249
0.0163989
0.0155058
0.0146458
0.0138187
0.0130246
0.0122632
0.0115345
0.0108381
0.0101737
0.00954084
0.00893905
0.00836779
0.00782644
0.00731437
0.00683087
0.0063752
0.0059466
0.00554425
0.00516734
0.00481501
0.00448639
0.00418061
0.00389676
0.00363395
0.00339125
0.00316772
0.00296242
0.00277437
0.00260258
0.00244607
0.00230381
0.0021748
0.002058
0.00195248
0.00185708
0.00177114
0.00169321
0.00162329
0.00155914
0.00150226
0.00144847
0.00140251
0.00135581
0.00131975
0.00127691
0.00125106
0.00120869
0.00119488
0.00114941
0.00115094
0.00109882
0.00112048
0.00105836
0.00110749
0.00103047
0.00112283
0.00101495
0.00119089
0.00101184
0.00132182
0.00111274
0.0014214
0.00143079
0.00174388
0.023591
0.0224535
0.0213512
0.0202836
0.0192504
0.0182515
0.0172866
0.0163556
0.0154585
0.0145951
0.0137655
0.0129693
0.0122065
0.0114769
0.01078
0.0101155
0.00948293
0.00888173
0.00831134
0.00777112
0.0072604
0.00677844
0.00632449
0.00589776
0.00549743
0.00512265
0.00477256
0.00444627
0.0041429
0.00386154
0.00360126
0.00336114
0.00314023
0.00293755
0.00275213
0.00258296
0.00242902
0.00228928
0.00216273
0.00204829
0.00194503
0.00185177
0.00176784
0.00169177
0.00162358
0.00156097
0.00150554
0.00145295
0.00140819
0.00136237
0.00132731
0.00128505
0.00126006
0.001218
0.00120499
0.00115958
0.00116193
0.00110963
0.00113225
0.0010696
0.00112011
0.00104175
0.00113667
0.00102567
0.00120614
0.00102292
0.00133554
0.00112774
0.00143283
0.00144183
0.00175714
)
;

boundaryField
{
    down
    {
        type            symmetryPlane;
    }
    right
    {
        type            calculated;
        value           nonuniform List<scalar> 
76
(
0.00176297
0.0017757
0.00178793
0.00179966
0.00181089
0.00182159
0.00183177
0.00184141
0.00185052
0.0018591
0.00186715
0.00187469
0.00188172
0.00188827
0.00189435
0.00189999
0.00190521
0.00191005
0.00191452
0.00191864
0.00192245
0.00166561
0.00166542
0.00166036
0.00165158
0.00164015
0.00162695
0.00161263
0.0015976
0.00158212
0.00156635
0.00155039
0.00153434
0.00151828
0.00150234
0.00148661
0.00147123
0.00145632
0.00144204
0.0014285
0.00141587
0.00140429
0.0013939
0.00138483
0.00137722
0.0013712
0.00136687
0.00136433
0.00136366
0.00136492
0.00136814
0.00137333
0.00138047
0.00138949
0.00140032
0.00141282
0.00142685
0.00144223
0.00145877
0.00147624
0.00149445
0.00151316
0.00153219
0.00155134
0.00157044
0.00158935
0.00160793
0.00162609
0.00164375
0.00166084
0.00167733
0.00169318
0.00170838
0.00172292
0.0017368
0.00175003
)
;
    }
    up
    {
        type            symmetryPlane;
    }
    left
    {
        type            calculated;
        value           nonuniform List<scalar> 0();
    }
    cylinder
    {
        type            calculated;
        value           nonuniform List<scalar> 0();
    }
    frontAndBack
    {
        type            empty;
    }
    procBoundary3to2
    {
        type            processor;
        value           nonuniform List<scalar> 
76
(
0.0247846
0.0247996
0.0248084
0.0248108
0.0248067
0.0247962
0.0247791
0.0247553
0.0247249
0.0246878
0.0246439
0.0245933
0.0245359
0.0244718
0.024401
0.0243235
0.0242394
0.0241487
0.0240517
0.0239483
0.0134029
0.0135846
0.0137864
0.0140056
0.0142394
0.0144856
0.014742
0.0150069
0.0152787
0.0155561
0.015838
0.0161232
0.0164109
0.0167
0.0169896
0.017279
0.0175673
0.0178539
0.0181378
0.0184186
0.0186956
0.0189682
0.0192358
0.0194979
0.019754
0.0200037
0.0202466
0.0204821
0.0207101
0.0209301
0.0211419
0.0213451
0.0215397
0.0217252
0.0219017
0.022069
0.0222269
0.0223754
0.0225146
0.0226445
0.0227652
0.0228766
0.0229791
0.0230728
0.0231579
0.0232346
0.0233031
0.0233638
0.0234168
0.0234168
0.0245674
0.0246203
0.0246662
0.0247052
0.0247377
0.0247638
)
;
    }
    procBoundary3to7
    {
        type            processor;
        value           nonuniform List<scalar> 
72
(
0.0224473
0.0211211
0.0198583
0.0186566
0.0175137
0.0164274
0.0153952
0.0144151
0.0134848
0.0126023
0.0117658
0.0109735
0.0102238
0.00951525
0.00884633
0.00821569
0.00762204
0.00706413
0.00654076
0.00605079
0.0055931
0.00516663
0.00477032
0.00440317
0.00406417
0.00375237
0.0034668
0.00320648
0.00297045
0.00275767
0.00256708
0.00239754
0.00224781
0.00211657
0.0020024
0.00190376
0.00181909
0.00174672
0.00168512
0.00163257
0.00158784
0.00154915
0.00151598
0.00148613
0.00146051
0.00143558
0.00141501
0.00139198
0.0013755
0.00135193
0.00134003
0.0013137
0.00130831
0.00127691
0.00128135
0.00124243
0.00126127
0.00121237
0.00125145
0.00119013
0.00125724
0.00118065
0.00118065
0.00128944
0.00119676
0.00135279
0.00125035
0.00145474
0.00137994
0.00161965
0.00158519
0.00193357
)
;
    }
}


// ************************************************************************* //
