/*--------------------------------*- C++ -*----------------------------------*\
| =========                 |                                                 |
| \\      /  F ield         | OpenFOAM: The Open Source CFD Toolbox           |
|  \\    /   O peration     | Version:  2412                                  |
|   \\  /    A nd           | Website:  www.openfoam.com                      |
|    \\/     M anipulation  |                                                 |
\*---------------------------------------------------------------------------*/
FoamFile
{
    version     2.0;
    format      ascii;
    arch        "LSB;label=32;scalar=64";
    class       volScalarField;
    location    "3.5";
    object      p;
}
// * * * * * * * * * * * * * * * * * * * * * * * * * * * * * * * * * * * * * //

dimensions      [0 2 -2 0 0 0 0];

internalField   nonuniform List<scalar> 
5285
(
-0.000163937
-0.000159622
-0.00015538
-0.00015121
-0.00016005
-0.000155865
-0.000151749
-0.000147699
-0.000143718
-0.000139804
-0.000135957
-0.000132178
-0.000128465
-0.000124819
-0.000121238
-0.000117723
-0.000114271
-0.000110883
-0.000107557
-0.000104293
-0.000101089
-9.79459e-05
-9.48616e-05
-9.18357e-05
-8.88674e-05
-8.59561e-05
-8.3101e-05
-8.03015e-05
-7.75571e-05
-7.4867e-05
-7.2231e-05
-6.96484e-05
-6.71188e-05
-6.46419e-05
-6.22173e-05
-5.98447e-05
-5.75239e-05
-5.52547e-05
-5.30367e-05
-5.08699e-05
-4.87541e-05
-4.66891e-05
-4.46748e-05
-4.27111e-05
-4.07979e-05
-3.89351e-05
-3.71225e-05
-3.53599e-05
-0.000156016
-0.000151969
-0.000147983
-0.00014406
-0.0001402
-0.000136403
-0.000132668
-0.000128997
-0.000125388
-0.000121842
-0.000118358
-0.000114935
-0.000111574
-0.000108273
-0.000105031
-0.000101849
-9.8725e-05
-9.56588e-05
-9.26497e-05
-8.96969e-05
-8.67999e-05
-8.39581e-05
-8.11708e-05
-7.84375e-05
-7.57577e-05
-7.31308e-05
-7.05564e-05
-6.80341e-05
-6.55635e-05
-6.31442e-05
-6.0776e-05
-5.84584e-05
-5.61914e-05
-5.39747e-05
-5.1808e-05
-4.96913e-05
-4.76243e-05
-4.56069e-05
-4.3639e-05
-4.17205e-05
-3.98513e-05
-3.80312e-05
-3.62601e-05
-3.45379e-05
-0.000151844
-0.00014794
-0.000144092
-0.0001403
-0.000136567
-0.000132891
-0.000129274
-0.000125715
-0.000122214
-0.000118773
-0.00011539
-0.000112065
-0.000108797
-0.000105587
-0.000102434
-9.93374e-05
-9.62965e-05
-9.33108e-05
-9.03799e-05
-8.75033e-05
-8.46804e-05
-8.19107e-05
-7.91937e-05
-7.6529e-05
-7.3916e-05
-7.13544e-05
-6.88437e-05
-6.63836e-05
-6.39738e-05
-6.16138e-05
-5.93035e-05
-5.70425e-05
-5.48307e-05
-5.26679e-05
-5.05538e-05
-4.84884e-05
-4.64714e-05
-4.45027e-05
-4.25823e-05
-4.071e-05
-3.88857e-05
-3.71093e-05
-3.53807e-05
-3.36997e-05
-0.000147544
-0.000143787
-0.000140081
-0.000136426
-0.000132823
-0.000129274
-0.000125778
-0.000122336
-0.000118949
-0.000115616
-0.000112338
-0.000109114
-0.000105945
-0.00010283
-9.97686e-05
-9.67607e-05
-9.3806e-05
-9.09039e-05
-8.80543e-05
-8.52565e-05
-8.25104e-05
-7.98154e-05
-7.71711e-05
-7.45772e-05
-7.20332e-05
-6.95389e-05
-6.70939e-05
-6.46978e-05
-6.23505e-05
-6.00515e-05
-5.78007e-05
-5.55978e-05
-5.34426e-05
-5.1335e-05
-4.92748e-05
-4.72618e-05
-4.5296e-05
-4.33772e-05
-4.15053e-05
-3.96802e-05
-3.79018e-05
-3.617e-05
-3.44847e-05
-3.28457e-05
-0.000143124
-0.000139518
-0.000135958
-0.000132444
-0.000128976
-0.000125558
-0.000122187
-0.000118867
-0.000115596
-0.000112376
-0.000109207
-0.000106088
-0.000103021
-0.000100004
-9.70373e-05
-9.41214e-05
-9.12559e-05
-8.84404e-05
-8.56747e-05
-8.29585e-05
-8.02916e-05
-7.76737e-05
-7.51044e-05
-7.25835e-05
-7.01106e-05
-6.76856e-05
-6.53081e-05
-6.29778e-05
-6.06946e-05
-5.84582e-05
-5.62684e-05
-5.4125e-05
-5.20278e-05
-4.99767e-05
-4.79716e-05
-4.60123e-05
-4.40988e-05
-4.22309e-05
-4.04085e-05
-3.86316e-05
-3.69e-05
-3.52136e-05
-3.35725e-05
-3.19763e-05
-0.000138592
-0.000135142
-0.000131731
-0.000128361
-0.000125033
-0.000121748
-0.000118507
-0.000115311
-0.000112161
-0.000109057
-0.000106
-0.00010299
-0.000100027
-9.71112e-05
-9.4243e-05
-9.14221e-05
-8.86486e-05
-8.59223e-05
-8.32432e-05
-8.06111e-05
-7.80258e-05
-7.54872e-05
-7.29951e-05
-7.05493e-05
-6.81495e-05
-6.57957e-05
-6.34874e-05
-6.12247e-05
-5.90072e-05
-5.68349e-05
-5.47075e-05
-5.2625e-05
-5.05871e-05
-4.85939e-05
-4.6645e-05
-4.47406e-05
-4.28804e-05
-4.10644e-05
-3.92925e-05
-3.75647e-05
-3.58808e-05
-3.42408e-05
-3.26446e-05
-3.1092e-05
-0.000133959
-0.000130666
-0.000127408
-0.000124185
-0.000120999
-0.000117851
-0.000114743
-0.000111675
-0.000108648
-0.000105664
-0.000102722
-9.98228e-05
-9.69675e-05
-9.41561e-05
-9.13887e-05
-8.86655e-05
-8.59866e-05
-8.33521e-05
-8.0762e-05
-7.82163e-05
-7.57149e-05
-7.32578e-05
-7.08449e-05
-6.84761e-05
-6.61513e-05
-6.38703e-05
-6.16331e-05
-5.94395e-05
-5.72893e-05
-5.51826e-05
-5.31191e-05
-5.10987e-05
-4.91214e-05
-4.71871e-05
-4.52957e-05
-4.34472e-05
-4.16414e-05
-3.98783e-05
-3.81578e-05
-3.648e-05
-3.48447e-05
-3.32519e-05
-3.17015e-05
-3.01933e-05
-0.000129232
-0.0001261
-0.000122996
-0.000119923
-0.000116882
-0.000113874
-0.000110901
-0.000107963
-0.000105063
-0.0001022
-9.93759e-05
-9.65911e-05
-9.38462e-05
-9.11415e-05
-8.84775e-05
-8.58544e-05
-8.32726e-05
-8.07321e-05
-7.82332e-05
-7.57761e-05
-7.33607e-05
-7.09871e-05
-6.86553e-05
-6.63654e-05
-6.41173e-05
-6.1911e-05
-5.97463e-05
-5.76234e-05
-5.5542e-05
-5.35022e-05
-5.15039e-05
-4.9547e-05
-4.76315e-05
-4.57573e-05
-4.39245e-05
-4.21328e-05
-4.03824e-05
-3.86732e-05
-3.70052e-05
-3.53782e-05
-3.37923e-05
-3.22474e-05
-3.07436e-05
-2.92805e-05
-0.000124421
-0.000121451
-0.000118504
-0.000115582
-0.000112688
-0.000109822
-0.000106986
-0.000104181
-0.000101409
-9.86708e-05
-9.59671e-05
-9.32987e-05
-9.06664e-05
-8.80708e-05
-8.55124e-05
-8.29917e-05
-8.05091e-05
-7.80648e-05
-7.56593e-05
-7.32927e-05
-7.09652e-05
-6.86769e-05
-6.64281e-05
-6.42188e-05
-6.20491e-05
-5.99189e-05
-5.78284e-05
-5.57776e-05
-5.37664e-05
-5.17948e-05
-4.9863e-05
-4.79708e-05
-4.61182e-05
-4.43053e-05
-4.2532e-05
-4.07983e-05
-3.91043e-05
-3.74499e-05
-3.5835e-05
-3.42598e-05
-3.27241e-05
-3.1228e-05
-2.97714e-05
-2.83541e-05
-0.000119534
-0.000116727
-0.000113938
-0.000111169
-0.000108423
-0.000105701
-0.000103004
-0.000100335
-9.7693e-05
-9.5081e-05
-9.24995e-05
-8.99495e-05
-8.7432e-05
-8.49475e-05
-8.24968e-05
-8.00804e-05
-7.7699e-05
-7.53528e-05
-7.30425e-05
-7.07682e-05
-6.85304e-05
-6.63293e-05
-6.4165e-05
-6.20379e-05
-5.99481e-05
-5.78956e-05
-5.58807e-05
-5.39033e-05
-5.19636e-05
-5.00616e-05
-4.81974e-05
-4.6371e-05
-4.45825e-05
-4.28318e-05
-4.11191e-05
-3.94444e-05
-3.78076e-05
-3.62088e-05
-3.46481e-05
-3.31254e-05
-3.16407e-05
-3.0194e-05
-2.87854e-05
-2.74146e-05
-0.000114581
-0.000111937
-0.000109307
-0.000106692
-0.000104096
-0.000101518
-9.89622e-05
-9.64286e-05
-9.39191e-05
-9.1435e-05
-8.89775e-05
-8.65478e-05
-8.41466e-05
-8.1775e-05
-7.94338e-05
-7.71235e-05
-7.4845e-05
-7.25987e-05
-7.03852e-05
-6.8205e-05
-6.60584e-05
-6.3946e-05
-6.18679e-05
-5.98245e-05
-5.78159e-05
-5.58425e-05
-5.39045e-05
-5.20018e-05
-5.01348e-05
-4.83035e-05
-4.65081e-05
-4.47486e-05
-4.30252e-05
-4.13378e-05
-3.96867e-05
-3.80717e-05
-3.64931e-05
-3.49509e-05
-3.3445e-05
-3.19756e-05
-3.05426e-05
-2.91461e-05
-2.77861e-05
-2.64624e-05
-0.000109568
-0.000107088
-0.000104617
-0.000102157
-9.97109e-05
-9.72796e-05
-9.48649e-05
-9.24687e-05
-9.00925e-05
-8.77377e-05
-8.54056e-05
-8.30974e-05
-8.08142e-05
-7.8557e-05
-7.63267e-05
-7.41241e-05
-7.195e-05
-6.9805e-05
-6.76899e-05
-6.56052e-05
-6.35514e-05
-6.1529e-05
-5.95385e-05
-5.75801e-05
-5.56542e-05
-5.37611e-05
-5.19011e-05
-5.00745e-05
-4.82813e-05
-4.65218e-05
-4.47963e-05
-4.31047e-05
-4.14473e-05
-3.98242e-05
-3.82354e-05
-3.66812e-05
-3.51615e-05
-3.36766e-05
-3.22264e-05
-3.0811e-05
-2.94304e-05
-2.80847e-05
-2.6774e-05
-2.54981e-05
-0.000104505
-0.000102188
-9.98765e-05
-9.75716e-05
-9.52757e-05
-9.29907e-05
-9.07183e-05
-8.84602e-05
-8.62181e-05
-8.39936e-05
-8.17879e-05
-7.96025e-05
-7.74384e-05
-7.52969e-05
-7.31788e-05
-7.10851e-05
-6.90168e-05
-6.69745e-05
-6.49591e-05
-6.29712e-05
-6.10115e-05
-5.90804e-05
-5.71786e-05
-5.53065e-05
-5.34645e-05
-5.16529e-05
-4.98722e-05
-4.81225e-05
-4.64043e-05
-4.47176e-05
-4.30629e-05
-4.14402e-05
-3.98497e-05
-3.82917e-05
-3.67663e-05
-3.52735e-05
-3.38136e-05
-3.23867e-05
-3.09929e-05
-2.96322e-05
-2.83047e-05
-2.70105e-05
-2.57497e-05
-2.45222e-05
-9.93994e-05
-9.72453e-05
-9.5092e-05
-9.29417e-05
-9.07963e-05
-8.86577e-05
-8.65278e-05
-8.44083e-05
-8.2301e-05
-8.02073e-05
-7.81289e-05
-7.60671e-05
-7.40231e-05
-7.19982e-05
-6.99934e-05
-6.80098e-05
-6.60483e-05
-6.41098e-05
-6.21953e-05
-6.03053e-05
-5.84408e-05
-5.66022e-05
-5.47903e-05
-5.30055e-05
-5.12484e-05
-4.95194e-05
-4.78189e-05
-4.61473e-05
-4.45049e-05
-4.28921e-05
-4.13091e-05
-3.97561e-05
-3.82335e-05
-3.67414e-05
-3.528e-05
-3.38495e-05
-3.24501e-05
-3.1082e-05
-2.97451e-05
-2.84398e-05
-2.7166e-05
-2.5924e-05
-2.47136e-05
-2.3535e-05
-9.42583e-05
-9.22659e-05
-9.02704e-05
-8.8274e-05
-8.62787e-05
-8.42864e-05
-8.22989e-05
-8.03181e-05
-7.83458e-05
-7.63835e-05
-7.44328e-05
-7.24952e-05
-7.0572e-05
-6.86645e-05
-6.67738e-05
-6.4901e-05
-6.30473e-05
-6.12136e-05
-5.94008e-05
-5.76098e-05
-5.58415e-05
-5.40964e-05
-5.23753e-05
-5.06789e-05
-4.90077e-05
-4.73622e-05
-4.57429e-05
-4.41502e-05
-4.25846e-05
-4.10464e-05
-3.95359e-05
-3.80536e-05
-3.65995e-05
-3.51741e-05
-3.37775e-05
-3.241e-05
-3.10718e-05
-2.9763e-05
-2.84839e-05
-2.72346e-05
-2.60151e-05
-2.48257e-05
-2.36664e-05
-2.25372e-05
-8.90892e-05
-8.7257e-05
-8.54182e-05
-8.35748e-05
-8.17289e-05
-7.98823e-05
-7.80369e-05
-7.61947e-05
-7.43573e-05
-7.25264e-05
-7.07038e-05
-6.88907e-05
-6.70887e-05
-6.52991e-05
-6.35231e-05
-6.17619e-05
-6.00167e-05
-5.82885e-05
-5.65783e-05
-5.48871e-05
-5.32157e-05
-5.15649e-05
-4.99356e-05
-4.83283e-05
-4.67438e-05
-4.51827e-05
-4.36454e-05
-4.21325e-05
-4.06445e-05
-3.91817e-05
-3.77446e-05
-3.63335e-05
-3.49488e-05
-3.35908e-05
-3.22597e-05
-3.09558e-05
-2.96794e-05
-2.84307e-05
-2.72098e-05
-2.6017e-05
-2.48524e-05
-2.37162e-05
-2.26084e-05
-2.15292e-05
-8.3899e-05
-8.22254e-05
-8.05418e-05
-7.88501e-05
-7.71525e-05
-7.54509e-05
-7.3747e-05
-7.20428e-05
-7.03401e-05
-6.86406e-05
-6.69458e-05
-6.52575e-05
-6.35769e-05
-6.19055e-05
-6.02446e-05
-5.85954e-05
-5.69592e-05
-5.53371e-05
-5.37301e-05
-5.21393e-05
-5.05656e-05
-4.90099e-05
-4.7473e-05
-4.59556e-05
-4.44586e-05
-4.29825e-05
-4.1528e-05
-4.00956e-05
-3.86858e-05
-3.72992e-05
-3.59361e-05
-3.4597e-05
-3.32823e-05
-3.19923e-05
-3.07273e-05
-2.94877e-05
-2.82736e-05
-2.70855e-05
-2.59235e-05
-2.47877e-05
-2.36785e-05
-2.2596e-05
-2.15403e-05
-2.05115e-05
-7.86944e-05
-7.71774e-05
-7.56472e-05
-7.41058e-05
-7.25553e-05
-7.09974e-05
-6.94341e-05
-6.78673e-05
-6.62987e-05
-6.47301e-05
-6.31631e-05
-6.15993e-05
-6.00401e-05
-5.8487e-05
-5.69414e-05
-5.54045e-05
-5.38777e-05
-5.2362e-05
-5.08587e-05
-4.93688e-05
-4.78933e-05
-4.64332e-05
-4.49893e-05
-4.35625e-05
-4.21536e-05
-4.07632e-05
-3.93921e-05
-3.80408e-05
-3.67099e-05
-3.54e-05
-3.41116e-05
-3.28451e-05
-3.1601e-05
-3.03795e-05
-2.91813e-05
-2.80064e-05
-2.68553e-05
-2.57283e-05
-2.46256e-05
-2.35475e-05
-2.24941e-05
-2.14657e-05
-2.04625e-05
-1.94846e-05
-7.34818e-05
-7.21191e-05
-7.07404e-05
-6.93475e-05
-6.79425e-05
-6.65271e-05
-6.51033e-05
-6.36729e-05
-6.22377e-05
-6.07993e-05
-5.93596e-05
-5.79199e-05
-5.6482e-05
-5.50471e-05
-5.36168e-05
-5.21923e-05
-5.07749e-05
-4.9366e-05
-4.79666e-05
-4.6578e-05
-4.52011e-05
-4.3837e-05
-4.24866e-05
-4.11509e-05
-3.98305e-05
-3.85264e-05
-3.72391e-05
-3.59695e-05
-3.47181e-05
-3.34855e-05
-3.22722e-05
-3.10789e-05
-2.99058e-05
-2.87535e-05
-2.76224e-05
-2.65129e-05
-2.54252e-05
-2.43598e-05
-2.33169e-05
-2.22968e-05
-2.12997e-05
-2.03259e-05
-1.93756e-05
-1.84489e-05
-0.000385363
-0.000372899
-0.000360716
-0.000348847
-0.000337315
-0.000326136
-0.000315322
-0.000304878
-0.000294807
-0.000285109
-0.000275778
-0.00026681
-0.000258195
-0.000249925
-0.000241988
-0.000234375
-0.000227072
-0.000220068
-0.00021335
-0.000206906
-0.000200724
-0.000194793
-0.000189099
-0.000183632
-0.000178381
-0.000173335
-0.000168485
-0.000368387
-0.000357055
-0.000345927
-0.000335037
-0.000324411
-0.000314069
-0.000304028
-0.000294297
-0.000284883
-0.000275789
-0.000267014
-0.000258556
-0.000250411
-0.000242572
-0.000235033
-0.000227784
-0.000220817
-0.000214122
-0.000207689
-0.000201508
-0.000195569
-0.000189861
-0.000184375
-0.000179101
-0.00017403
-0.000169151
-0.000164456
-0.000351415
-0.000341162
-0.000331043
-0.000321094
-0.000311343
-0.000301816
-0.000292529
-0.000283497
-0.000274729
-0.000266232
-0.000258009
-0.000250061
-0.000242386
-0.000234981
-0.000227842
-0.000220963
-0.000214337
-0.000207957
-0.000201816
-0.000195905
-0.000190216
-0.000184741
-0.00017947
-0.000174397
-0.000169511
-0.000164806
-0.000160274
-0.000334504
-0.000325276
-0.00031612
-0.000307073
-0.000298166
-0.000289425
-0.000280871
-0.000272521
-0.000264387
-0.000256478
-0.000248801
-0.000241358
-0.000234152
-0.000227181
-0.000220444
-0.000213937
-0.000207656
-0.000201596
-0.000195752
-0.000190116
-0.000184683
-0.000179446
-0.000174397
-0.00016953
-0.000164837
-0.000160312
-0.000155948
-0.000317703
-0.000309446
-0.000301206
-0.000293021
-0.000284924
-0.000276943
-0.000269099
-0.000261412
-0.000253897
-0.000246565
-0.000239424
-0.000232481
-0.000225739
-0.0002192
-0.000212864
-0.00020673
-0.000200797
-0.000195059
-0.000189515
-0.000184159
-0.000178986
-0.000173992
-0.000169169
-0.000164514
-0.000160019
-0.00015568
-0.000151489
-0.000301054
-0.000293716
-0.000286345
-0.000278983
-0.000271662
-0.00026441
-0.000257251
-0.000250207
-0.000243294
-0.000236525
-0.000229911
-0.000223459
-0.000217176
-0.000211065
-0.000205128
-0.000199366
-0.00019378
-0.000188367
-0.000183124
-0.00017805
-0.000173141
-0.000168393
-0.000163801
-0.000159361
-0.000155068
-0.000150918
-0.000146906
-0.000284594
-0.000278121
-0.000271576
-0.000264996
-0.000258415
-0.000251863
-0.000245365
-0.000238942
-0.000232612
-0.000226392
-0.000220291
-0.000214322
-0.000208489
-0.000202801
-0.000197259
-0.000191867
-0.000186627
-0.000181537
-0.000176597
-0.000171807
-0.000167163
-0.000162663
-0.000158304
-0.000154083
-0.000149996
-0.000146038
-0.000142208
-0.000268353
-0.000262697
-0.00025693
-0.000251093
-0.000245219
-0.000239336
-0.000233471
-0.000227647
-0.000221882
-0.000216194
-0.000210594
-0.000205095
-0.000199705
-0.000194432
-0.000189281
-0.000184255
-0.000179357
-0.000174589
-0.000169952
-0.000165445
-0.000161067
-0.000156817
-0.000152693
-0.000148692
-0.000144813
-0.000141051
-0.000137405
-0.000252359
-0.000247469
-0.000242439
-0.000237305
-0.000232102
-0.000226858
-0.0002216
-0.000216352
-0.000211132
-0.000205958
-0.000200845
-0.000195805
-0.000190848
-0.000185982
-0.000181213
-0.000176548
-0.00017199
-0.000167541
-0.000163204
-0.00015898
-0.000154868
-0.000150868
-0.000146979
-0.000143201
-0.000139531
-0.000135967
-0.000132506
-0.000236632
-0.000232463
-0.000228125
-0.000223658
-0.000219092
-0.000214457
-0.000209779
-0.000205082
-0.000200387
-0.000195711
-0.000191069
-0.000186474
-0.000181938
-0.00017747
-0.000173078
-0.000168767
-0.000164543
-0.00016041
-0.000156371
-0.000152427
-0.000148579
-0.000144829
-0.000141176
-0.00013762
-0.00013416
-0.000130795
-0.000127522
-0.000221191
-0.000217697
-0.000214012
-0.000210173
-0.000206211
-0.000202154
-0.00019803
-0.000193862
-0.00018967
-0.000185473
-0.000181286
-0.000177124
-0.000172997
-0.000168917
-0.000164892
-0.000160929
-0.000157035
-0.000153212
-0.000149467
-0.000145801
-0.000142216
-0.000138714
-0.000135296
-0.000131962
-0.000128712
-0.000125545
-0.000122461
-0.00020605
-0.000203189
-0.000200117
-0.00019687
-0.000193479
-0.000189972
-0.000186375
-0.000182712
-0.000179003
-0.000175266
-0.000171518
-0.000167773
-0.000164044
-0.000160342
-0.000156675
-0.000153052
-0.000149479
-0.000145963
-0.000142507
-0.000139115
-0.00013579
-0.000132534
-0.00012935
-0.000126237
-0.000123196
-0.000120228
-0.000117333
-0.000191222
-0.000188951
-0.000186454
-0.000183766
-0.000180914
-0.000177928
-0.000174832
-0.00017165
-0.000168403
-0.000165108
-0.000161782
-0.000158441
-0.000155097
-0.00015176
-0.000148442
-0.000145151
-0.000141893
-0.000138676
-0.000135504
-0.000132383
-0.000129314
-0.000126302
-0.000123348
-0.000120455
-0.000117623
-0.000114853
-0.000112146
-0.000176713
-0.000174995
-0.000173037
-0.000170873
-0.000168531
-0.000166037
-0.000163418
-0.000160694
-0.000157887
-0.000155016
-0.000152096
-0.000149143
-0.00014617
-0.000143188
-0.000140209
-0.00013724
-0.00013429
-0.000131366
-0.000128473
-0.000125616
-0.0001228
-0.000120028
-0.000117303
-0.000114627
-0.000112002
-0.000109429
-0.000106909
-0.000162532
-0.000161328
-0.000159875
-0.000158204
-0.000156342
-0.000154314
-0.000152145
-0.000149858
-0.000147471
-0.000145005
-0.000142474
-0.000139895
-0.000137279
-0.000134641
-0.000131989
-0.000129334
-0.000126683
-0.000124044
-0.000121424
-0.000118828
-0.00011626
-0.000113724
-0.000111224
-0.000108763
-0.000106342
-0.000103964
-0.000101631
-0.000148681
-0.000147957
-0.000146977
-0.000145768
-0.000144357
-0.000142769
-0.000141027
-0.000139154
-0.000137168
-0.000135088
-0.00013293
-0.000130709
-0.000128438
-0.00012613
-0.000123795
-0.000121444
-0.000119084
-0.000116724
-0.00011437
-0.000112027
-0.000109702
-0.000107399
-0.00010512
-0.000102871
-0.000100652
-9.84674e-05
-9.63178e-05
-0.000135163
-0.000134887
-0.000134347
-0.000133571
-0.000132585
-0.000131412
-0.000130074
-0.000128593
-0.000126988
-0.000125276
-0.000123474
-0.000121597
-0.000119658
-0.000117668
-0.00011564
-0.000113582
-0.000111505
-0.000109415
-0.00010732
-0.000105226
-0.000103139
-0.000101063
-9.90018e-05
-9.69602e-05
-9.49408e-05
-9.29463e-05
-9.09789e-05
-0.00012198
-0.00012212
-0.000121991
-0.000121621
-0.000121033
-0.00012025
-0.000119294
-0.000118185
-0.000116942
-0.000115581
-0.000114119
-0.000112571
-0.000110949
-0.000109266
-0.000107533
-0.00010576
-0.000103955
-0.000102128
-0.000100285
-9.84333e-05
-9.65778e-05
-9.47241e-05
-9.28766e-05
-9.10393e-05
-8.92156e-05
-8.74086e-05
-8.56209e-05
-0.00010913
-0.000109656
-0.000109911
-0.000109921
-0.000109707
-0.000109291
-0.000108695
-0.000107938
-0.000107038
-0.000106011
-0.000104873
-0.000103639
-0.000102322
-0.000100933
-9.94846e-05
-9.79855e-05
-9.64455e-05
-9.48726e-05
-9.32744e-05
-9.16577e-05
-9.00283e-05
-8.83918e-05
-8.67529e-05
-8.51158e-05
-8.34843e-05
-8.18617e-05
-8.02508e-05
-9.66111e-05
-9.74966e-05
-9.81094e-05
-9.84735e-05
-9.86101e-05
-9.854e-05
-9.82832e-05
-9.78586e-05
-9.72834e-05
-9.65739e-05
-9.57453e-05
-9.48115e-05
-9.37854e-05
-9.26791e-05
-9.15035e-05
-9.02686e-05
-8.89836e-05
-8.76569e-05
-8.6296e-05
-8.49078e-05
-8.34985e-05
-8.20737e-05
-8.06385e-05
-7.91972e-05
-7.7754e-05
-7.63123e-05
-7.48754e-05
-8.46706e-05
-8.58825e-05
-8.68215e-05
-8.75101e-05
-8.79684e-05
-8.82161e-05
-8.82725e-05
-8.81555e-05
-8.78819e-05
-8.74674e-05
-8.69267e-05
-8.62734e-05
-8.55202e-05
-8.46789e-05
-8.37603e-05
-8.27744e-05
-8.17303e-05
-8.06365e-05
-7.95005e-05
-7.83295e-05
-7.71296e-05
-7.59068e-05
-7.46661e-05
-7.34122e-05
-7.21494e-05
-7.08814e-05
-6.96116e-05
-7.31669e-05
-7.46792e-05
-7.5919e-05
-7.69077e-05
-7.76643e-05
-7.82077e-05
-7.85561e-05
-7.87268e-05
-7.87359e-05
-7.85985e-05
-7.83289e-05
-7.79403e-05
-7.74452e-05
-7.6855e-05
-7.61806e-05
-7.54316e-05
-7.46173e-05
-7.37459e-05
-7.28254e-05
-7.18625e-05
-7.08639e-05
-6.98353e-05
-6.87821e-05
-6.77092e-05
-6.66208e-05
-6.55209e-05
-6.44132e-05
-6.17428e-05
-6.35394e-05
-6.5065e-05
-6.63397e-05
-6.73814e-05
-6.8208e-05
-6.8837e-05
-6.92847e-05
-6.95666e-05
-6.96974e-05
-6.96907e-05
-6.95594e-05
-6.93157e-05
-6.89707e-05
-6.8535e-05
-6.80183e-05
-6.74296e-05
-6.67772e-05
-6.60689e-05
-6.53117e-05
-6.45121e-05
-6.36761e-05
-6.2809e-05
-6.19158e-05
-6.10011e-05
-6.0069e-05
-5.9123e-05
-5.04071e-05
-5.24725e-05
-5.4269e-05
-5.58156e-05
-5.71292e-05
-5.82266e-05
-5.91245e-05
-5.98385e-05
-6.03834e-05
-6.07731e-05
-6.10209e-05
-6.11393e-05
-6.114e-05
-6.1034e-05
-6.08314e-05
-6.0542e-05
-6.01745e-05
-5.97372e-05
-5.92377e-05
-5.86832e-05
-5.80802e-05
-5.74346e-05
-5.67519e-05
-5.60372e-05
-5.52951e-05
-5.45298e-05
-5.37452e-05
-3.91688e-05
-4.14877e-05
-4.35405e-05
-4.53451e-05
-4.69174e-05
-4.82733e-05
-4.94285e-05
-5.03979e-05
-5.11956e-05
-5.1835e-05
-5.23288e-05
-5.2689e-05
-5.29269e-05
-5.30532e-05
-5.30779e-05
-5.30104e-05
-5.28593e-05
-5.26329e-05
-5.23386e-05
-5.19836e-05
-5.15743e-05
-5.11167e-05
-5.06164e-05
-5.00784e-05
-4.95076e-05
-4.89082e-05
-4.8284e-05
-2.80364e-05
-3.05937e-05
-3.28884e-05
-3.49373e-05
-3.67553e-05
-3.83574e-05
-3.97583e-05
-4.09723e-05
-4.20127e-05
-4.28923e-05
-4.36232e-05
-4.42171e-05
-4.46848e-05
-4.50368e-05
-4.52825e-05
-4.54313e-05
-4.54917e-05
-4.54716e-05
-4.53785e-05
-4.52194e-05
-4.50007e-05
-4.47284e-05
-4.44081e-05
-4.4045e-05
-4.36438e-05
-4.32088e-05
-4.27441e-05
-1.70179e-05
-1.97991e-05
-2.23216e-05
-2.46013e-05
-2.66522e-05
-2.84881e-05
-3.01233e-05
-3.15709e-05
-3.28437e-05
-3.3954e-05
-3.49132e-05
-3.57326e-05
-3.64225e-05
-3.6993e-05
-3.74535e-05
-3.78128e-05
-3.80792e-05
-3.82607e-05
-3.83644e-05
-3.83974e-05
-3.83659e-05
-3.82759e-05
-3.81331e-05
-3.79425e-05
-3.77089e-05
-3.74368e-05
-3.71303e-05
-6.12129e-06
-9.112e-06
-1.18486e-05
-1.43459e-05
-1.66169e-05
-1.86747e-05
-2.05325e-05
-2.22029e-05
-2.3698e-05
-2.50293e-05
-2.62078e-05
-2.72443e-05
-2.81486e-05
-2.89306e-05
-2.95991e-05
-3.01628e-05
-3.06298e-05
-3.10077e-05
-3.13037e-05
-3.15246e-05
-3.16767e-05
-3.17658e-05
-3.17974e-05
-3.17768e-05
-3.17087e-05
-3.15975e-05
-3.14475e-05
4.64581e-06
1.45946e-06
-1.47777e-06
-4.17957e-06
-6.65823e-06
-8.92592e-06
-1.0995e-05
-1.28774e-05
-1.45845e-05
-1.61271e-05
-1.75159e-05
-1.8761e-05
-1.98719e-05
-2.08578e-05
-2.17276e-05
-2.24894e-05
-2.31512e-05
-2.37203e-05
-2.42038e-05
-2.46083e-05
-2.49399e-05
-2.52045e-05
-2.54075e-05
-2.55541e-05
-2.56489e-05
-2.56965e-05
-2.57011e-05
1.52761e-05
1.19076e-05
8.78293e-06
5.88928e-06
3.21523e-06
7.49435e-07
-1.51971e-06
-3.60334e-06
-5.51218e-06
-7.25658e-06
-8.84651e-06
-1.02916e-05
-1.1601e-05
-1.27835e-05
-1.38475e-05
-1.4801e-05
-1.56516e-05
-1.64064e-05
-1.70723e-05
-1.76557e-05
-1.81627e-05
-1.8599e-05
-1.89699e-05
-1.92806e-05
-1.95357e-05
-1.97396e-05
-1.98966e-05
2.57626e-05
2.22251e-05
1.89257e-05
1.58527e-05
1.29952e-05
1.03429e-05
7.88484e-06
5.6106e-06
3.51011e-06
1.57362e-06
-2.08326e-07
-1.84481e-06
-3.34459e-06
-4.71606e-06
-5.96722e-06
-7.10577e-06
-8.13898e-06
-9.07383e-06
-9.9169e-06
-1.06744e-05
-1.13524e-05
-1.19563e-05
-1.24915e-05
-1.2963e-05
-1.33753e-05
-1.37329e-05
-1.404e-05
3.60987e-05
3.24049e-05
2.89433e-05
2.57028e-05
2.26737e-05
1.98462e-05
1.72102e-05
1.47558e-05
1.24737e-05
1.03547e-05
8.38988e-06
6.5706e-06
4.88858e-06
3.33584e-06
1.90473e-06
5.87894e-07
-6.21672e-07
-1.73066e-06
-2.74546e-06
-3.67211e-06
-4.51638e-06
-5.28371e-06
-5.97927e-06
-6.60794e-06
-7.17431e-06
-7.68274e-06
-8.13729e-06
4.62781e-05
4.24402e-05
3.88284e-05
3.54323e-05
3.2243e-05
2.92514e-05
2.64481e-05
2.3824e-05
2.13702e-05
1.90782e-05
1.69395e-05
1.4946e-05
1.309e-05
1.13637e-05
9.75991e-06
8.27163e-06
6.89214e-06
5.61501e-06
4.43409e-06
3.34353e-06
2.33775e-06
1.41146e-06
5.59625e-07
-2.22521e-07
-9.39496e-07
-1.59557e-06
-2.19478e-06
5.62949e-05
5.23248e-05
4.85743e-05
4.5034e-05
4.16957e-05
3.85508e-05
3.55908e-05
3.2807e-05
3.01913e-05
2.77356e-05
2.54321e-05
2.3273e-05
2.12511e-05
1.9359e-05
1.75899e-05
1.59371e-05
1.43942e-05
1.2955e-05
1.16137e-05
1.03646e-05
9.2023e-06
8.12168e-06
7.11785e-06
6.18617e-06
5.32223e-06
4.52183e-06
3.78102e-06
6.61436e-05
6.20525e-05
5.81745e-05
5.45011e-05
5.10245e-05
4.77369e-05
4.46303e-05
4.16969e-05
3.89289e-05
3.63188e-05
3.38593e-05
3.15432e-05
2.93634e-05
2.73133e-05
2.53863e-05
2.35759e-05
2.18762e-05
2.02813e-05
1.87854e-05
1.73832e-05
1.60695e-05
1.48393e-05
1.36879e-05
1.26109e-05
1.16038e-05
1.06626e-05
9.7834e-06
7.58187e-05
7.16176e-05
6.76231e-05
6.38271e-05
6.02226e-05
5.68025e-05
5.35594e-05
5.0486e-05
4.75751e-05
4.48198e-05
4.22131e-05
3.97483e-05
3.74189e-05
3.52184e-05
3.31408e-05
3.11799e-05
2.933e-05
2.75855e-05
2.5941e-05
2.43913e-05
2.29315e-05
2.15567e-05
2.02624e-05
1.90442e-05
1.78979e-05
1.68196e-05
1.58055e-05
8.53156e-05
8.10148e-05
7.6914e-05
7.30057e-05
6.92834e-05
6.57408e-05
6.23709e-05
5.91669e-05
5.61224e-05
5.32306e-05
5.04854e-05
4.78802e-05
4.54091e-05
4.3066e-05
4.08451e-05
3.87407e-05
3.67473e-05
3.48597e-05
3.30725e-05
3.1381e-05
2.97804e-05
2.8266e-05
2.68334e-05
2.54785e-05
2.41973e-05
2.29857e-05
2.18402e-05
9.46295e-05
9.02391e-05
8.60418e-05
8.2031e-05
7.82007e-05
7.45451e-05
7.10577e-05
6.77325e-05
6.45632e-05
6.15438e-05
5.86684e-05
5.59312e-05
5.33263e-05
5.08481e-05
4.84912e-05
4.62503e-05
4.41201e-05
4.20955e-05
4.01718e-05
3.83443e-05
3.66082e-05
3.49594e-05
3.33934e-05
3.19064e-05
3.04944e-05
2.91536e-05
2.78804e-05
0.000103756
9.92856e-05
9.50014e-05
9.08975e-05
8.69685e-05
8.32091e-05
7.96134e-05
7.61757e-05
7.28904e-05
6.97519e-05
6.67547e-05
6.38933e-05
6.11624e-05
5.85567e-05
5.60711e-05
5.37005e-05
5.14401e-05
4.92851e-05
4.72309e-05
4.5273e-05
4.34071e-05
4.1629e-05
3.99346e-05
3.83201e-05
3.67816e-05
3.53157e-05
3.39188e-05
0.000112692
0.00010815
0.000103788
9.95998e-05
9.55811e-05
9.17267e-05
8.80315e-05
8.449e-05
8.10972e-05
7.78478e-05
7.47369e-05
7.17592e-05
6.89099e-05
6.6184e-05
6.35768e-05
6.10834e-05
5.86995e-05
5.64203e-05
5.42417e-05
5.21593e-05
5.0169e-05
4.82669e-05
4.6449e-05
4.47118e-05
4.30515e-05
4.14646e-05
3.9948e-05
0.000121433
0.000116828
0.000112396
0.000108133
0.000104033
0.000100092
9.63059e-05
9.26689e-05
8.91767e-05
8.58246e-05
8.26077e-05
7.95214e-05
7.65612e-05
7.37224e-05
7.10005e-05
6.83913e-05
6.58902e-05
6.34933e-05
6.11962e-05
5.89951e-05
5.68861e-05
5.48652e-05
5.2929e-05
5.10738e-05
4.92961e-05
4.75927e-05
4.59604e-05
0.000129975
0.000125316
0.000120823
0.000116492
0.000112319
0.0001083
0.000104431
0.000100706
9.71227e-05
9.36754e-05
9.03603e-05
8.71729e-05
8.4109e-05
8.11643e-05
7.83348e-05
7.56162e-05
7.30047e-05
7.04961e-05
6.80867e-05
6.57727e-05
6.35503e-05
6.14161e-05
5.93665e-05
5.73982e-05
5.55079e-05
5.36923e-05
5.19484e-05
0.000138316
0.00013361
0.000129064
0.000124673
0.000120435
0.000116345
0.000112401
0.000108596
0.000104929
0.000101394
9.79879e-05
9.47066e-05
9.15461e-05
8.85026e-05
8.55721e-05
8.27508e-05
8.0035e-05
7.7421e-05
7.49052e-05
7.2484e-05
7.01539e-05
6.79116e-05
6.57538e-05
6.36773e-05
6.16789e-05
5.97556e-05
5.79045e-05
0.000146454
0.000141707
0.000137115
0.000132672
0.000128376
0.000124223
0.00012021
0.000116333
0.000112589
0.000108974
0.000105484
0.000102116
9.88657e-05
9.573e-05
9.27051e-05
8.97875e-05
8.69738e-05
8.42604e-05
8.1644e-05
7.91213e-05
7.6689e-05
7.4344e-05
7.2083e-05
6.99031e-05
6.78014e-05
6.57748e-05
6.38208e-05
0.000154384
0.000149605
0.000144972
0.000140484
0.000136137
0.000131928
0.000127854
0.000123912
0.000120098
0.000116409
0.000112842
0.000109394
0.000106061
0.000102839
9.97266e-05
9.67191e-05
9.38135e-05
9.10067e-05
8.82956e-05
8.5677e-05
8.31479e-05
8.07053e-05
7.83462e-05
7.60679e-05
7.38675e-05
7.17422e-05
6.96895e-05
0.000162106
0.000157299
0.000152633
0.000148106
0.000143714
0.000139456
0.000135327
0.000131326
0.000127449
0.000123694
0.000120057
0.000116535
0.000113125
0.000109824
0.00010663
0.000103538
0.000100547
9.76524e-05
9.48522e-05
9.21432e-05
8.95227e-05
8.69878e-05
8.45357e-05
8.21638e-05
7.98694e-05
7.765e-05
7.5503e-05
0.000169616
0.000164787
0.000160094
0.000155534
0.000151104
0.000146802
0.000142626
0.000138572
0.000134639
0.000130823
0.000127121
0.000123532
0.000120052
0.000116678
0.000113408
0.000110238
0.000107167
0.00010419
0.000101307
9.85126e-05
9.58059e-05
9.31838e-05
9.06437e-05
8.8183e-05
8.57993e-05
8.34902e-05
8.12532e-05
0.000176912
0.000172068
0.000167353
0.000162765
0.000158303
0.000153963
0.000149745
0.000145645
0.00014166
0.00013779
0.00013403
0.00013038
0.000126835
0.000123394
0.000120053
0.000116812
0.000113666
0.000110613
0.000107651
0.000104778
0.00010199
9.92856e-05
9.66624e-05
9.41177e-05
9.16494e-05
8.9255e-05
8.69325e-05
0.000183993
0.000179138
0.000174406
0.000169796
0.000165306
0.000160935
0.00015668
0.000152539
0.00014851
0.00014459
0.000140778
0.000137072
0.000133468
0.000129965
0.000126561
0.000123252
0.000120037
0.000116913
0.000113879
0.000110931
0.000108067
0.000105286
0.000102584
9.99602e-05
9.74118e-05
9.49367e-05
9.25328e-05
0.000190858
0.000185995
0.000181251
0.000176624
0.000172112
0.000167714
0.000163427
0.00015925
0.000155181
0.000151219
0.00014736
0.000143603
0.000139946
0.000136387
0.000132923
0.000129553
0.000126274
0.000123085
0.000119982
0.000116965
0.00011403
0.000111176
0.000108401
0.000105703
0.000103079
0.000100527
9.80463e-05
0.000197503
0.000192638
0.000187886
0.000183246
0.000178716
0.000174296
0.000169982
0.000165775
0.000161671
0.00015767
0.000153769
0.000149967
0.000146262
0.000142652
0.000139134
0.000135708
0.00013237
0.00012912
0.000125955
0.000122873
0.000119872
0.00011695
0.000114106
0.000111337
0.000108642
0.000106019
0.000103465
0.000203927
0.000199063
0.000194308
0.000189659
0.000185116
0.000180677
0.000176342
0.000172108
0.000167975
0.00016394
0.000160002
0.00015616
0.000152411
0.000148754
0.000145187
0.000141709
0.000138318
0.000135012
0.000131789
0.000128647
0.000125584
0.0001226
0.000119691
0.000116857
0.000114095
0.000111403
0.000108781
0.00021013
0.00020527
0.000200514
0.00019586
0.000191307
0.000186855
0.000182502
0.000178246
0.000174087
0.000170023
0.000166052
0.000162174
0.000158387
0.000154688
0.000151077
0.000147552
0.000144112
0.000140754
0.000137477
0.00013428
0.000131161
0.000128117
0.000125149
0.000122253
0.000119428
0.000116673
0.000113986
0.000216108
0.000211256
0.000206503
0.000201847
0.000197288
0.000192826
0.000188458
0.000184185
0.000180004
0.000175915
0.000171916
0.000168006
0.000164184
0.000160448
0.000156797
0.00015323
0.000149744
0.000146339
0.000143014
0.000139765
0.000136593
0.000133496
0.000130471
0.000127518
0.000124635
0.000121821
0.000119073
0.000221861
0.000217019
0.000212271
0.000207617
0.000203055
0.000198586
0.000194207
0.00018992
0.000185721
0.00018161
0.000177587
0.00017365
0.000169797
0.000166028
0.000162341
0.000158735
0.000155209
0.000151762
0.000148391
0.000145096
0.000141875
0.000138727
0.000135651
0.000132645
0.000129707
0.000126837
0.000124033
0.000227387
0.000222557
0.000217817
0.000213167
0.000208605
0.000204132
0.000199746
0.000195447
0.000191234
0.000187106
0.000183061
0.0001791
0.000175221
0.000171422
0.000167703
0.000164063
0.0001605
0.000157014
0.000153602
0.000150264
0.000146999
0.000143805
0.000140681
0.000137625
0.000134637
0.000131715
0.000128858
0.000232684
0.000227868
0.000223138
0.000218494
0.000213935
0.00020946
0.00020507
0.000200763
0.000196538
0.000192395
0.000188333
0.000184352
0.000180449
0.000176625
0.000172878
0.000169207
0.000165611
0.000162089
0.00015864
0.000155263
0.000151957
0.00014872
0.000145552
0.000142451
0.000139416
0.000136446
0.00013354
0.000237749
0.000232949
0.000228231
0.000223595
0.000219041
0.000214567
0.000210175
0.000205862
0.000201629
0.000197475
0.000193398
0.000189399
0.000185477
0.00018163
0.000177858
0.000174159
0.000170534
0.000166981
0.000163498
0.000160086
0.000156742
0.000153467
0.000150258
0.000147115
0.000144037
0.000141023
0.000138071
0.000242581
0.000237798
0.000233094
0.000228468
0.00022392
0.00021945
0.000215057
0.000210742
0.000206502
0.000202339
0.000198251
0.000194238
0.000190298
0.000186431
0.000182637
0.000178915
0.000175263
0.000171682
0.000168169
0.000164725
0.000161347
0.000158036
0.000154791
0.000151609
0.000148491
0.000145436
0.000142442
0.000247178
0.000242413
0.000237723
0.000233108
0.000228568
0.000224103
0.000219713
0.000215396
0.000211153
0.000206983
0.000202886
0.00019886
0.000194907
0.000191023
0.00018721
0.000183467
0.000179792
0.000176185
0.000172645
0.000169172
0.000165764
0.000162421
0.000159141
0.000155925
0.000152771
0.000149678
0.000146645
0.000251536
0.000246789
0.000242115
0.000237513
0.000232983
0.000228524
0.000224137
0.000219821
0.000215576
0.000211402
0.000207297
0.000203262
0.000199297
0.000195399
0.00019157
0.000187808
0.000184113
0.000180483
0.000176919
0.00017342
0.000169985
0.000166612
0.000163302
0.000160054
0.000156867
0.000153739
0.00015067
0.000255652
0.000250925
0.000246267
0.000241678
0.000237158
0.000232707
0.000228325
0.000224012
0.000219766
0.000215589
0.00021148
0.000207437
0.000203462
0.000199553
0.000195709
0.000191932
0.000188218
0.000184569
0.000180984
0.000177462
0.000174001
0.000170603
0.000167265
0.000163988
0.00016077
0.000157611
0.00015451
0.000259523
0.000254815
0.000250174
0.000245599
0.00024109
0.000236648
0.000232272
0.000227962
0.000223718
0.000219539
0.000215427
0.000211379
0.000207395
0.000203477
0.000199622
0.00019583
0.000192101
0.000188435
0.000184831
0.000181288
0.000177806
0.000174384
0.000171021
0.000167718
0.000164473
0.000161285
0.000158154
0.000263145
0.000258456
0.000253831
0.000249271
0.000244774
0.000240341
0.000235971
0.000231666
0.000227425
0.000223246
0.000219131
0.00021508
0.00021109
0.000207164
0.000203299
0.000199496
0.000195754
0.000192073
0.000188452
0.000184891
0.000181389
0.000177946
0.000174561
0.000171234
0.000167964
0.000164751
0.000161593
0.000266513
0.000261843
0.000257235
0.000252688
0.000248203
0.00024378
0.000239418
0.000235118
0.00023088
0.000226703
0.000222587
0.000218533
0.000214539
0.000210606
0.000206733
0.00020292
0.000199167
0.000195473
0.000191838
0.000188261
0.000184742
0.00018128
0.000177876
0.000174528
0.000171236
0.000167999
0.000164817
0.000269622
0.00026497
0.000260378
0.000255846
0.000251373
0.000246959
0.000242605
0.000238311
0.000234077
0.000229902
0.000225787
0.000221731
0.000217734
0.000213796
0.000209916
0.000206095
0.000202332
0.000198627
0.00019498
0.000191389
0.000187855
0.000184377
0.000180955
0.000177589
0.000174277
0.000171019
0.000167816
0.000272466
0.000267832
0.000263256
0.000258737
0.000254275
0.000249871
0.000245526
0.000241238
0.000237008
0.000232835
0.000228721
0.000224664
0.000220665
0.000216723
0.000212839
0.000209011
0.00020524
0.000201526
0.000197868
0.000194265
0.000190718
0.000187226
0.000183789
0.000180406
0.000177076
0.000173801
0.000170578
0.000275038
0.000270421
0.000265859
0.000261353
0.000256903
0.000252508
0.00024817
0.000243889
0.000239663
0.000235494
0.000231381
0.000227325
0.000223324
0.00021938
0.000215491
0.000211658
0.000207881
0.000204158
0.000200491
0.000196878
0.00019332
0.000189816
0.000186365
0.000182968
0.000179623
0.000176331
0.000173092
0.000277331
0.000272729
0.000268181
0.000263686
0.000259246
0.000254861
0.000250531
0.000246255
0.000242034
0.000237868
0.000233758
0.000229702
0.0002257
0.000221754
0.000217862
0.000214025
0.000210242
0.000206513
0.000202838
0.000199217
0.000195649
0.000192134
0.000188672
0.000185263
0.000181905
0.0001786
0.000175345
0.000279336
0.000274747
0.000270211
0.000265727
0.000261297
0.00025692
0.000252596
0.000248326
0.00024411
0.000239948
0.000235839
0.000231784
0.000227782
0.000223835
0.000219941
0.0002161
0.000212313
0.000208579
0.000204898
0.000201269
0.000197693
0.00019417
0.000190698
0.000187278
0.00018391
0.000180592
0.000177325
0.000281042
0.000276465
0.000271939
0.000267465
0.000263043
0.000258673
0.000254356
0.000250091
0.000245879
0.000241719
0.000237613
0.000233559
0.000229558
0.000225609
0.000221714
0.00021787
0.00021408
0.000210341
0.000206655
0.000203021
0.000199439
0.000195908
0.000192429
0.000189
0.000185622
0.000182295
0.000179018
0.000282437
0.00027787
0.000273353
0.000268887
0.000264472
0.000260109
0.000255797
0.000251536
0.000247328
0.000243171
0.000239066
0.000235013
0.000231012
0.000227064
0.000223167
0.000219322
0.000215528
0.000211787
0.000208097
0.000204458
0.000200871
0.000197334
0.000193848
0.000190413
0.000187028
0.000183693
0.000180407
0.000283509
0.000278949
0.00027444
0.00026998
0.000265571
0.000261212
0.000256904
0.000252647
0.000248441
0.000244287
0.000240183
0.000236132
0.000232131
0.000228182
0.000224284
0.000220438
0.000216643
0.000212899
0.000209206
0.000205564
0.000201973
0.000198432
0.000194942
0.000191501
0.000188111
0.000184769
0.000181478
0.000284242
0.000279688
0.000275183
0.000270727
0.000266322
0.000261966
0.000257661
0.000253407
0.000249203
0.00024505
0.000240948
0.000236897
0.000232897
0.000228948
0.00022505
0.000221203
0.000217406
0.000213661
0.000209966
0.000206322
0.000202728
0.000199184
0.000195691
0.000192247
0.000188852
0.000185507
0.000182211
0.000284618
0.000280067
0.000275564
0.000271111
0.000266708
0.000262354
0.00025805
0.000253797
0.000249595
0.000245442
0.000241341
0.00023729
0.00023329
0.000229341
0.000225443
0.000221595
0.000217799
0.000214052
0.000210357
0.000206711
0.000203116
0.000199571
0.000196076
0.00019263
0.000189234
0.000185886
0.000182588
-6.83748e-05
-6.71609e-05
-6.59283e-05
-6.4679e-05
-6.34147e-05
-6.21374e-05
-6.08489e-05
-5.95509e-05
-5.82453e-05
-5.69337e-05
-5.56179e-05
-5.42994e-05
-5.29797e-05
-5.16603e-05
-5.03426e-05
-4.90281e-05
-4.7718e-05
-4.64137e-05
-4.51163e-05
-4.3827e-05
-4.25469e-05
-4.12772e-05
-4.00187e-05
-3.87724e-05
-3.75392e-05
-3.63199e-05
-3.51153e-05
-3.39261e-05
-3.27529e-05
-3.15965e-05
-3.04573e-05
-2.9336e-05
-2.82331e-05
-2.71489e-05
-2.60841e-05
-2.50389e-05
-2.40138e-05
-2.30091e-05
-2.20252e-05
-2.10624e-05
-2.01208e-05
-1.92009e-05
-1.83028e-05
-1.74266e-05
-6.33286e-05
-6.22593e-05
-6.11691e-05
-6.00596e-05
-5.89327e-05
-5.77903e-05
-5.6634e-05
-5.54657e-05
-5.42872e-05
-5.31e-05
-5.19059e-05
-5.07065e-05
-4.95032e-05
-4.82975e-05
-4.7091e-05
-4.58849e-05
-4.46808e-05
-4.34797e-05
-4.22831e-05
-4.10922e-05
-3.9908e-05
-3.87317e-05
-3.75643e-05
-3.64067e-05
-3.526e-05
-3.41249e-05
-3.30022e-05
-3.18929e-05
-3.07974e-05
-2.97166e-05
-2.86511e-05
-2.76014e-05
-2.65681e-05
-2.55518e-05
-2.45528e-05
-2.35716e-05
-2.26087e-05
-2.16645e-05
-2.07392e-05
-1.98333e-05
-1.8947e-05
-1.80807e-05
-1.72345e-05
-1.64087e-05
-5.81907e-05
-5.72662e-05
-5.63186e-05
-5.53495e-05
-5.43607e-05
-5.33539e-05
-5.23309e-05
-5.12934e-05
-5.02431e-05
-4.91817e-05
-4.81107e-05
-4.70319e-05
-4.59465e-05
-4.48563e-05
-4.37626e-05
-4.26668e-05
-4.15703e-05
-4.04745e-05
-3.93806e-05
-3.82898e-05
-3.72034e-05
-3.61224e-05
-3.5048e-05
-3.39811e-05
-3.29226e-05
-3.18736e-05
-3.08349e-05
-2.98072e-05
-2.87913e-05
-2.7788e-05
-2.67978e-05
-2.58215e-05
-2.48596e-05
-2.39127e-05
-2.29812e-05
-2.20657e-05
-2.11665e-05
-2.02842e-05
-1.94192e-05
-1.85716e-05
-1.7742e-05
-1.69306e-05
-1.61377e-05
-1.53635e-05
-5.29649e-05
-5.21851e-05
-5.13802e-05
-5.05518e-05
-4.97015e-05
-4.88311e-05
-4.7942e-05
-4.70362e-05
-4.61151e-05
-4.51805e-05
-4.4234e-05
-4.3277e-05
-4.23111e-05
-4.13378e-05
-4.03584e-05
-3.93745e-05
-3.83874e-05
-3.73985e-05
-3.6409e-05
-3.54202e-05
-3.44334e-05
-3.34496e-05
-3.247e-05
-3.14956e-05
-3.05273e-05
-2.95662e-05
-2.86132e-05
-2.7669e-05
-2.67345e-05
-2.58103e-05
-2.48973e-05
-2.39961e-05
-2.31072e-05
-2.22314e-05
-2.1369e-05
-2.05207e-05
-1.9687e-05
-1.88681e-05
-1.80647e-05
-1.7277e-05
-1.65055e-05
-1.57504e-05
-1.50122e-05
-1.42909e-05
-4.76551e-05
-4.70198e-05
-4.63575e-05
-4.56698e-05
-4.49583e-05
-4.42245e-05
-4.347e-05
-4.26965e-05
-4.19055e-05
-4.10987e-05
-4.02775e-05
-3.94436e-05
-3.85983e-05
-3.77432e-05
-3.68797e-05
-3.60091e-05
-3.5133e-05
-3.42526e-05
-3.33692e-05
-3.24841e-05
-3.15985e-05
-3.07137e-05
-2.98306e-05
-2.89504e-05
-2.80742e-05
-2.72028e-05
-2.63372e-05
-2.54782e-05
-2.46268e-05
-2.37836e-05
-2.29495e-05
-2.2125e-05
-2.13109e-05
-2.05077e-05
-1.97161e-05
-1.89366e-05
-1.81698e-05
-1.74159e-05
-1.66756e-05
-1.59493e-05
-1.52372e-05
-1.45399e-05
-1.38576e-05
-1.31905e-05
-4.22658e-05
-4.17743e-05
-4.12542e-05
-4.07071e-05
-4.01343e-05
-3.95373e-05
-3.89176e-05
-3.82769e-05
-3.76166e-05
-3.69383e-05
-3.62434e-05
-3.55335e-05
-3.481e-05
-3.40742e-05
-3.33278e-05
-3.25719e-05
-3.18081e-05
-3.10377e-05
-3.02619e-05
-2.94821e-05
-2.86994e-05
-2.79151e-05
-2.71303e-05
-2.63461e-05
-2.55635e-05
-2.47835e-05
-2.4007e-05
-2.32351e-05
-2.24684e-05
-2.17079e-05
-2.09542e-05
-2.02082e-05
-1.94704e-05
-1.87416e-05
-1.80224e-05
-1.73132e-05
-1.66148e-05
-1.59274e-05
-1.52518e-05
-1.45882e-05
-1.3937e-05
-1.32988e-05
-1.26737e-05
-1.20622e-05
-3.68015e-05
-3.6453e-05
-3.60745e-05
-3.56674e-05
-3.52331e-05
-3.47728e-05
-3.42881e-05
-3.37804e-05
-3.32511e-05
-3.27018e-05
-3.21339e-05
-3.15488e-05
-3.09479e-05
-3.03325e-05
-2.97042e-05
-2.90643e-05
-2.84141e-05
-2.77549e-05
-2.70882e-05
-2.6415e-05
-2.57368e-05
-2.50546e-05
-2.43696e-05
-2.36829e-05
-2.29956e-05
-2.23086e-05
-2.1623e-05
-2.09396e-05
-2.02594e-05
-1.95831e-05
-1.89116e-05
-1.82456e-05
-1.75859e-05
-1.6933e-05
-1.62876e-05
-1.56504e-05
-1.50219e-05
-1.44025e-05
-1.37929e-05
-1.31935e-05
-1.26047e-05
-1.20269e-05
-1.14604e-05
-1.09057e-05
-3.1267e-05
-3.10604e-05
-3.08226e-05
-3.05549e-05
-3.02585e-05
-2.99346e-05
-2.95847e-05
-2.92101e-05
-2.8812e-05
-2.83921e-05
-2.79515e-05
-2.74918e-05
-2.70142e-05
-2.65201e-05
-2.60109e-05
-2.54878e-05
-2.49523e-05
-2.44057e-05
-2.38492e-05
-2.32841e-05
-2.27116e-05
-2.2133e-05
-2.15493e-05
-2.09616e-05
-2.03711e-05
-1.97787e-05
-1.91855e-05
-1.85923e-05
-1.80001e-05
-1.74097e-05
-1.68219e-05
-1.62375e-05
-1.56573e-05
-1.50819e-05
-1.4512e-05
-1.39482e-05
-1.3391e-05
-1.28412e-05
-1.22991e-05
-1.17652e-05
-1.12401e-05
-1.07241e-05
-1.02176e-05
-9.72107e-06
-2.56673e-05
-2.56013e-05
-2.55031e-05
-2.53739e-05
-2.52147e-05
-2.50267e-05
-2.48111e-05
-2.45693e-05
-2.43025e-05
-2.40119e-05
-2.3699e-05
-2.33651e-05
-2.30113e-05
-2.2639e-05
-2.22497e-05
-2.18444e-05
-2.14246e-05
-2.09915e-05
-2.05464e-05
-2.00905e-05
-1.96251e-05
-1.91513e-05
-1.86702e-05
-1.8183e-05
-1.76907e-05
-1.71944e-05
-1.6695e-05
-1.61935e-05
-1.56908e-05
-1.51878e-05
-1.46853e-05
-1.4184e-05
-1.36849e-05
-1.31884e-05
-1.26954e-05
-1.22065e-05
-1.17223e-05
-1.12433e-05
-1.07702e-05
-1.03033e-05
-9.84322e-06
-9.3904e-06
-8.94523e-06
-8.50808e-06
-2.00077e-05
-2.00808e-05
-2.01209e-05
-2.0129e-05
-2.0106e-05
-2.00531e-05
-1.99713e-05
-1.98619e-05
-1.97259e-05
-1.95647e-05
-1.93795e-05
-1.91714e-05
-1.89418e-05
-1.86919e-05
-1.84229e-05
-1.81361e-05
-1.78328e-05
-1.75141e-05
-1.71814e-05
-1.68358e-05
-1.64785e-05
-1.61107e-05
-1.57335e-05
-1.5348e-05
-1.49553e-05
-1.45564e-05
-1.41523e-05
-1.37439e-05
-1.33322e-05
-1.2918e-05
-1.25022e-05
-1.20855e-05
-1.16689e-05
-1.12529e-05
-1.08383e-05
-1.04257e-05
-1.00158e-05
-9.60913e-06
-9.20628e-06
-8.80779e-06
-8.41413e-06
-8.02579e-06
-7.6432e-06
-7.26675e-06
-1.4294e-05
-1.45043e-05
-1.46811e-05
-1.4825e-05
-1.49371e-05
-1.50182e-05
-1.50694e-05
-1.50917e-05
-1.50861e-05
-1.50539e-05
-1.49962e-05
-1.49141e-05
-1.48087e-05
-1.46814e-05
-1.45332e-05
-1.43653e-05
-1.41791e-05
-1.39755e-05
-1.3756e-05
-1.35215e-05
-1.32734e-05
-1.30127e-05
-1.27405e-05
-1.24579e-05
-1.2166e-05
-1.18657e-05
-1.15582e-05
-1.12442e-05
-1.09248e-05
-1.06008e-05
-1.02731e-05
-9.94253e-06
-9.60978e-06
-9.27564e-06
-8.94081e-06
-8.60597e-06
-8.27176e-06
-7.9388e-06
-7.60764e-06
-7.27885e-06
-6.95293e-06
-6.63039e-06
-6.31166e-06
-5.99716e-06
-8.53179e-06
-8.87745e-06
-9.18904e-06
-9.46731e-06
-9.71295e-06
-9.92683e-06
-1.01099e-05
-1.0263e-05
-1.03872e-05
-1.04834e-05
-1.05528e-05
-1.05964e-05
-1.06152e-05
-1.06105e-05
-1.05833e-05
-1.05347e-05
-1.04659e-05
-1.03781e-05
-1.02724e-05
-1.01498e-05
-1.00116e-05
-9.8589e-06
-9.69268e-06
-9.51404e-06
-9.32401e-06
-9.1236e-06
-8.91379e-06
-8.69552e-06
-8.46971e-06
-8.23723e-06
-7.99894e-06
-7.75566e-06
-7.50817e-06
-7.25722e-06
-7.00352e-06
-6.74777e-06
-6.49061e-06
-6.23266e-06
-5.97451e-06
-5.71674e-06
-5.45985e-06
-5.20437e-06
-4.95076e-06
-4.69944e-06
-2.72733e-06
-3.20606e-06
-3.65048e-06
-4.06119e-06
-4.43878e-06
-4.78398e-06
-5.0976e-06
-5.38046e-06
-5.63336e-06
-5.85727e-06
-6.05317e-06
-6.22203e-06
-6.36481e-06
-6.48255e-06
-6.57631e-06
-6.64715e-06
-6.69613e-06
-6.72436e-06
-6.73291e-06
-6.72287e-06
-6.69532e-06
-6.65131e-06
-6.5919e-06
-6.51811e-06
-6.43094e-06
-6.33139e-06
-6.22042e-06
-6.09895e-06
-5.96789e-06
-5.82811e-06
-5.68046e-06
-5.52576e-06
-5.36479e-06
-5.1983e-06
-5.02702e-06
-4.85164e-06
-4.67281e-06
-4.49117e-06
-4.30731e-06
-4.12181e-06
-3.93521e-06
-3.74804e-06
-3.56076e-06
-3.37384e-06
3.1131e-06
2.50372e-06
1.92872e-06
1.38761e-06
8.79951e-07
4.05122e-07
-3.75812e-08
-4.48835e-07
-8.29349e-07
-1.17996e-06
-1.50157e-06
-1.79503e-06
-2.06122e-06
-2.3011e-06
-2.51564e-06
-2.70582e-06
-2.87263e-06
-3.0171e-06
-3.14025e-06
-3.24311e-06
-3.3267e-06
-3.39204e-06
-3.44012e-06
-3.47195e-06
-3.48849e-06
-3.4907e-06
-3.47953e-06
-3.45587e-06
-3.42062e-06
-3.37463e-06
-3.31876e-06
-3.2538e-06
-3.18053e-06
-3.09971e-06
-3.01206e-06
-2.91827e-06
-2.819e-06
-2.71489e-06
-2.60654e-06
-2.49455e-06
-2.37945e-06
-2.26178e-06
-2.14203e-06
-2.02067e-06
8.98301e-06
8.24559e-06
7.54243e-06
6.87318e-06
6.23752e-06
5.63495e-06
5.06489e-06
4.52677e-06
4.02001e-06
3.54388e-06
3.0976e-06
2.68038e-06
2.29147e-06
1.93e-06
1.59509e-06
1.28583e-06
1.00132e-06
7.40606e-07
5.02732e-07
2.86737e-07
9.16582e-08
-8.34631e-08
-2.39583e-07
-3.77647e-07
-4.98593e-07
-6.03343e-07
-6.92799e-07
-7.67848e-07
-8.29353e-07
-8.78159e-07
-9.15086e-07
-9.40931e-07
-9.56464e-07
-9.62428e-07
-9.5954e-07
-9.4849e-07
-9.29941e-07
-9.04531e-07
-8.72869e-07
-8.35544e-07
-7.93103e-07
-7.46097e-07
-6.95019e-07
-6.4035e-07
1.48757e-05
1.4013e-05
1.31843e-05
1.23894e-05
1.1628e-05
1.08998e-05
1.02043e-05
9.54103e-06
8.90959e-06
8.30935e-06
7.73961e-06
7.19971e-06
6.68898e-06
6.20667e-06
5.75198e-06
5.3241e-06
4.92221e-06
4.54543e-06
4.19289e-06
3.8637e-06
3.55696e-06
3.27178e-06
3.00725e-06
2.76248e-06
2.53657e-06
2.32865e-06
2.13786e-06
1.96334e-06
1.80425e-06
1.65978e-06
1.52912e-06
1.41151e-06
1.30618e-06
1.2124e-06
1.12947e-06
1.05671e-06
9.93451e-07
9.39064e-07
8.9294e-07
8.5449e-07
8.23162e-07
7.98402e-07
7.79711e-07
7.66599e-07
2.07843e-05
1.97993e-05
1.88479e-05
1.79299e-05
1.70452e-05
1.61936e-05
1.53748e-05
1.45884e-05
1.3834e-05
1.31113e-05
1.24195e-05
1.17582e-05
1.11267e-05
1.05245e-05
9.95087e-06
9.40502e-06
8.88625e-06
8.39379e-06
7.92683e-06
7.48456e-06
7.06617e-06
6.67081e-06
6.29766e-06
5.94587e-06
5.6146e-06
5.30303e-06
5.01034e-06
4.7357e-06
4.47833e-06
4.23744e-06
4.01225e-06
3.80201e-06
3.60598e-06
3.42346e-06
3.25376e-06
3.09619e-06
2.95012e-06
2.81491e-06
2.68997e-06
2.5747e-06
2.46856e-06
2.37099e-06
2.28148e-06
2.19955e-06
2.67017e-05
2.55976e-05
2.45264e-05
2.34881e-05
2.24828e-05
2.15103e-05
2.05705e-05
1.9663e-05
1.87877e-05
1.79442e-05
1.7132e-05
1.63508e-05
1.55999e-05
1.4879e-05
1.41873e-05
1.35244e-05
1.28894e-05
1.22818e-05
1.17009e-05
1.11458e-05
1.0616e-05
1.01105e-05
9.62869e-06
9.16973e-06
8.73286e-06
8.3173e-06
7.92229e-06
7.54705e-06
7.19083e-06
6.85288e-06
6.53246e-06
6.22885e-06
5.94135e-06
5.66926e-06
5.41191e-06
5.16865e-06
4.93885e-06
4.72188e-06
4.51716e-06
4.3241e-06
4.14217e-06
3.9708e-06
3.8095e-06
3.65776e-06
3.26209e-05
3.14009e-05
3.0213e-05
2.90574e-05
2.79342e-05
2.68435e-05
2.57851e-05
2.47588e-05
2.37648e-05
2.28025e-05
2.18718e-05
2.09722e-05
2.01035e-05
1.92651e-05
1.84567e-05
1.76776e-05
1.69274e-05
1.62055e-05
1.55111e-05
1.48438e-05
1.42028e-05
1.35875e-05
1.29971e-05
1.2431e-05
1.18885e-05
1.13687e-05
1.08711e-05
1.03949e-05
9.93944e-06
9.50394e-06
9.08774e-06
8.69014e-06
8.31049e-06
7.94811e-06
7.60236e-06
7.27261e-06
6.95824e-06
6.65867e-06
6.37329e-06
6.10156e-06
5.84293e-06
5.59685e-06
5.36283e-06
5.14037e-06
3.85345e-05
3.7202e-05
3.59007e-05
3.46308e-05
3.33928e-05
3.21866e-05
3.10122e-05
2.98697e-05
2.87592e-05
2.76804e-05
2.66331e-05
2.5617e-05
2.46321e-05
2.36779e-05
2.2754e-05
2.18601e-05
2.09957e-05
2.01603e-05
1.93534e-05
1.85745e-05
1.78229e-05
1.70981e-05
1.63995e-05
1.57264e-05
1.50783e-05
1.44544e-05
1.38541e-05
1.32767e-05
1.27217e-05
1.21882e-05
1.16758e-05
1.11838e-05
1.07114e-05
1.02581e-05
9.82333e-06
9.4064e-06
9.00675e-06
8.62381e-06
8.257e-06
7.90579e-06
7.56963e-06
7.24801e-06
6.94042e-06
6.64637e-06
4.44351e-05
4.29936e-05
4.15822e-05
4.02014e-05
3.88515e-05
3.75328e-05
3.62453e-05
3.49892e-05
3.37646e-05
3.25716e-05
3.14099e-05
3.02794e-05
2.91801e-05
2.81118e-05
2.70741e-05
2.60667e-05
2.50894e-05
2.41417e-05
2.32233e-05
2.23336e-05
2.14721e-05
2.06385e-05
1.98321e-05
1.90524e-05
1.82989e-05
1.7571e-05
1.6868e-05
1.61895e-05
1.55347e-05
1.49032e-05
1.42943e-05
1.37074e-05
1.31419e-05
1.25972e-05
1.20729e-05
1.15682e-05
1.10826e-05
1.06157e-05
1.01667e-05
9.73532e-06
9.32091e-06
8.92298e-06
8.54106e-06
8.17465e-06
5.03152e-05
4.87683e-05
4.72503e-05
4.57619e-05
4.43034e-05
4.28753e-05
4.14776e-05
4.01107e-05
3.87747e-05
3.74699e-05
3.61962e-05
3.49535e-05
3.37419e-05
3.25613e-05
3.14115e-05
3.02923e-05
2.92035e-05
2.81449e-05
2.7116e-05
2.61166e-05
2.51462e-05
2.42045e-05
2.3291e-05
2.24052e-05
2.15468e-05
2.07151e-05
1.99097e-05
1.91301e-05
1.83757e-05
1.76459e-05
1.69404e-05
1.62584e-05
1.55995e-05
1.49632e-05
1.43488e-05
1.37559e-05
1.31839e-05
1.26324e-05
1.21008e-05
1.15885e-05
1.10952e-05
1.06203e-05
1.01634e-05
9.72393e-06
5.61672e-05
5.45186e-05
5.28977e-05
5.1305e-05
4.97413e-05
4.82069e-05
4.67021e-05
4.52272e-05
4.37828e-05
4.23689e-05
4.09856e-05
3.9633e-05
3.83113e-05
3.70206e-05
3.57606e-05
3.45313e-05
3.33327e-05
3.21646e-05
3.10266e-05
2.99187e-05
2.88405e-05
2.77916e-05
2.67719e-05
2.57808e-05
2.4818e-05
2.3883e-05
2.29756e-05
2.20951e-05
2.12412e-05
2.04134e-05
1.96112e-05
1.88341e-05
1.80817e-05
1.73534e-05
1.66487e-05
1.59673e-05
1.53086e-05
1.4672e-05
1.40572e-05
1.34637e-05
1.28909e-05
1.23385e-05
1.18059e-05
1.12928e-05
6.19835e-05
6.02369e-05
5.85166e-05
5.68233e-05
5.51578e-05
5.35205e-05
5.19117e-05
5.0332e-05
4.87819e-05
4.72617e-05
4.57715e-05
4.43116e-05
4.28822e-05
4.14835e-05
4.01154e-05
3.87781e-05
3.74714e-05
3.61955e-05
3.495e-05
3.3735e-05
3.25501e-05
3.13953e-05
3.02703e-05
2.91747e-05
2.81083e-05
2.70708e-05
2.60618e-05
2.5081e-05
2.41279e-05
2.32023e-05
2.23036e-05
2.14314e-05
2.05854e-05
1.97651e-05
1.89701e-05
1.81999e-05
1.74541e-05
1.67323e-05
1.60339e-05
1.53587e-05
1.4706e-05
1.40756e-05
1.34669e-05
1.28796e-05
6.77563e-05
6.59156e-05
6.40996e-05
6.23093e-05
6.05454e-05
5.88086e-05
5.70992e-05
5.54178e-05
5.37651e-05
5.21415e-05
5.05473e-05
4.89827e-05
4.74481e-05
4.59438e-05
4.44699e-05
4.30265e-05
4.16139e-05
4.02319e-05
3.88806e-05
3.756e-05
3.627e-05
3.50105e-05
3.37814e-05
3.25824e-05
3.14134e-05
3.02741e-05
2.91643e-05
2.80837e-05
2.7032e-05
2.60089e-05
2.50141e-05
2.40471e-05
2.31077e-05
2.21955e-05
2.13101e-05
2.04511e-05
1.96181e-05
1.88107e-05
1.80286e-05
1.72714e-05
1.65385e-05
1.58298e-05
1.51446e-05
1.44826e-05
7.34779e-05
7.15468e-05
6.9639e-05
6.77554e-05
6.58967e-05
6.40639e-05
6.22572e-05
6.04774e-05
5.87253e-05
5.70013e-05
5.53059e-05
5.36394e-05
5.20023e-05
5.03949e-05
4.88176e-05
4.72705e-05
4.57539e-05
4.4268e-05
4.28128e-05
4.13884e-05
3.99948e-05
3.86322e-05
3.73003e-05
3.59991e-05
3.47286e-05
3.34886e-05
3.22788e-05
3.10992e-05
2.99496e-05
2.88296e-05
2.77391e-05
2.66777e-05
2.56452e-05
2.46412e-05
2.36656e-05
2.27178e-05
2.17977e-05
2.09048e-05
2.00388e-05
1.91994e-05
1.83862e-05
1.75988e-05
1.68369e-05
1.61e-05
7.91403e-05
7.71228e-05
7.5127e-05
7.31537e-05
7.1204e-05
6.92786e-05
6.73782e-05
6.55033e-05
6.3655e-05
6.18339e-05
6.00403e-05
5.82748e-05
5.65379e-05
5.48302e-05
5.3152e-05
5.15036e-05
4.98854e-05
4.82976e-05
4.67405e-05
4.52142e-05
4.37189e-05
4.22547e-05
4.08216e-05
3.94197e-05
3.80489e-05
3.67093e-05
3.54007e-05
3.41231e-05
3.28763e-05
3.16602e-05
3.04746e-05
2.93193e-05
2.81942e-05
2.70989e-05
2.60333e-05
2.4997e-05
2.39899e-05
2.30115e-05
2.20617e-05
2.11402e-05
2.02465e-05
1.93804e-05
1.85415e-05
1.77295e-05
8.47358e-05
8.26358e-05
8.05558e-05
7.84966e-05
7.64595e-05
7.44452e-05
7.24545e-05
7.0488e-05
6.85468e-05
6.66317e-05
6.47431e-05
6.28816e-05
6.10479e-05
5.92426e-05
5.74662e-05
5.57191e-05
5.40017e-05
5.23144e-05
5.06576e-05
4.90315e-05
4.74364e-05
4.58724e-05
4.43398e-05
4.28387e-05
4.13692e-05
3.99313e-05
3.8525e-05
3.71505e-05
3.58076e-05
3.44963e-05
3.32165e-05
3.1968e-05
3.07509e-05
2.95648e-05
2.84097e-05
2.72853e-05
2.61914e-05
2.51279e-05
2.40944e-05
2.30908e-05
2.21167e-05
2.11719e-05
2.02561e-05
1.93689e-05
9.02565e-05
8.80779e-05
8.59174e-05
8.37762e-05
8.16554e-05
7.95559e-05
7.74784e-05
7.54238e-05
7.33932e-05
7.13874e-05
6.9407e-05
6.74526e-05
6.55251e-05
6.36252e-05
6.17534e-05
5.99102e-05
5.80962e-05
5.63118e-05
5.45576e-05
5.28339e-05
5.1141e-05
4.94793e-05
4.78491e-05
4.62505e-05
4.46838e-05
4.31492e-05
4.16468e-05
4.01766e-05
3.87388e-05
3.73333e-05
3.59602e-05
3.46195e-05
3.33111e-05
3.2035e-05
3.0791e-05
2.9579e-05
2.83989e-05
2.72506e-05
2.61338e-05
2.50483e-05
2.3994e-05
2.29707e-05
2.1978e-05
2.10157e-05
9.56944e-05
9.3441e-05
9.1204e-05
8.89845e-05
8.67837e-05
8.46026e-05
8.2442e-05
8.03028e-05
7.81862e-05
7.60932e-05
7.40243e-05
7.19803e-05
6.9962e-05
6.79705e-05
6.60061e-05
6.40697e-05
6.21618e-05
6.0283e-05
5.84339e-05
5.66149e-05
5.48266e-05
5.30693e-05
5.13434e-05
4.96493e-05
4.79872e-05
4.63576e-05
4.47604e-05
4.31961e-05
4.16647e-05
4.01663e-05
3.87012e-05
3.72692e-05
3.58706e-05
3.45052e-05
3.31731e-05
3.18742e-05
3.06085e-05
2.93759e-05
2.81762e-05
2.70094e-05
2.58753e-05
2.47736e-05
2.37043e-05
2.26671e-05
0.000101042
9.87172e-05
9.64075e-05
9.41134e-05
9.18364e-05
8.95775e-05
8.73374e-05
8.51172e-05
8.29181e-05
8.07412e-05
7.85872e-05
7.64568e-05
7.43511e-05
7.2271e-05
7.02172e-05
6.81904e-05
6.61914e-05
6.42208e-05
6.22794e-05
6.03677e-05
5.84863e-05
5.66357e-05
5.48163e-05
5.30288e-05
5.12733e-05
4.95504e-05
4.78604e-05
4.62035e-05
4.458e-05
4.29902e-05
4.14343e-05
3.99123e-05
3.84245e-05
3.6971e-05
3.55517e-05
3.41668e-05
3.28163e-05
3.15001e-05
3.02182e-05
2.89706e-05
2.77571e-05
2.65776e-05
2.54321e-05
2.43202e-05
0.00010629
0.000103898
0.00010152
9.9155e-05
9.68055e-05
9.44724e-05
9.21565e-05
8.98588e-05
8.75808e-05
8.53236e-05
8.30878e-05
8.08744e-05
7.86845e-05
7.6519e-05
7.43788e-05
7.22647e-05
7.01776e-05
6.81181e-05
6.60871e-05
6.40853e-05
6.21133e-05
6.01718e-05
5.82614e-05
5.63825e-05
5.45358e-05
5.27217e-05
5.09406e-05
4.9193e-05
4.74792e-05
4.57995e-05
4.41542e-05
4.25437e-05
4.09681e-05
3.94275e-05
3.79222e-05
3.64523e-05
3.50179e-05
3.36191e-05
3.22558e-05
3.0928e-05
2.96359e-05
2.83792e-05
2.71579e-05
2.59719e-05
0.000111432
0.000108977
0.000106533
0.000104101
0.000101683
9.92791e-05
9.6891e-05
9.45196e-05
9.21662e-05
8.98321e-05
8.75181e-05
8.52251e-05
8.29543e-05
8.07067e-05
7.84833e-05
7.6285e-05
7.41127e-05
7.19673e-05
6.98496e-05
6.77604e-05
6.57006e-05
6.36707e-05
6.16716e-05
5.97039e-05
5.77681e-05
5.5865e-05
5.39949e-05
5.21585e-05
5.03562e-05
4.85884e-05
4.68555e-05
4.5158e-05
4.34959e-05
4.18698e-05
4.02798e-05
3.87261e-05
3.7209e-05
3.57284e-05
3.42847e-05
3.28778e-05
3.15077e-05
3.01746e-05
2.88783e-05
2.76188e-05
0.000116458
0.000113944
0.000111438
0.000108943
0.00010646
0.000103989
0.000101533
9.90911e-05
9.6666e-05
9.42586e-05
9.18698e-05
8.95006e-05
8.71523e-05
8.48259e-05
8.25226e-05
8.02433e-05
7.7989e-05
7.57606e-05
7.35592e-05
7.13855e-05
6.92406e-05
6.71251e-05
6.50399e-05
6.29858e-05
6.09634e-05
5.89735e-05
5.70168e-05
5.50937e-05
5.32049e-05
5.1351e-05
4.95323e-05
4.77494e-05
4.60027e-05
4.42925e-05
4.26193e-05
4.09832e-05
3.93846e-05
3.78236e-05
3.63006e-05
3.48155e-05
3.33686e-05
3.19599e-05
3.05894e-05
2.92572e-05
0.000121362
0.000118792
0.000116228
0.000113673
0.000111129
0.000108595
0.000106073
0.000103565
0.000101072
9.85945e-05
9.61345e-05
9.36926e-05
9.12702e-05
8.88685e-05
8.64886e-05
8.41315e-05
8.17983e-05
7.94902e-05
7.7208e-05
7.49529e-05
7.27257e-05
7.05274e-05
6.83589e-05
6.6221e-05
6.41146e-05
6.20405e-05
5.99993e-05
5.79919e-05
5.60189e-05
5.40808e-05
5.21784e-05
5.03121e-05
4.84825e-05
4.669e-05
4.49352e-05
4.32182e-05
4.15397e-05
3.98997e-05
3.82986e-05
3.67367e-05
3.52141e-05
3.37309e-05
3.22874e-05
3.08834e-05
0.000126135
0.000123512
0.000120894
0.000118283
0.00011568
0.000113087
0.000110504
0.000107933
0.000105375
0.000102831
0.000100304
9.77926e-05
9.52995e-05
9.28258e-05
9.03727e-05
8.79412e-05
8.55324e-05
8.31477e-05
8.0788e-05
7.84544e-05
7.6148e-05
7.38699e-05
7.16209e-05
6.94021e-05
6.72143e-05
6.50585e-05
6.29356e-05
6.08462e-05
5.87912e-05
5.67714e-05
5.47873e-05
5.28398e-05
5.09293e-05
4.90564e-05
4.72218e-05
4.54258e-05
4.36689e-05
4.19515e-05
4.02739e-05
3.86365e-05
3.70396e-05
3.54832e-05
3.39678e-05
3.24932e-05
0.000130768
0.000128096
0.000125427
0.000122764
0.000120107
0.000117457
0.000114816
0.000112186
0.000109567
0.000106961
0.000104369
0.000101792
9.92315e-05
9.66893e-05
9.41663e-05
9.16638e-05
8.91828e-05
8.67247e-05
8.42907e-05
8.18819e-05
7.94995e-05
7.71445e-05
7.4818e-05
7.25211e-05
7.02549e-05
6.80202e-05
6.5818e-05
6.36493e-05
6.1515e-05
5.94157e-05
5.73524e-05
5.53258e-05
5.33367e-05
5.13855e-05
4.94731e-05
4.75999e-05
4.57666e-05
4.39735e-05
4.22211e-05
4.05099e-05
3.88401e-05
3.72121e-05
3.56261e-05
3.40823e-05
0.000135253
0.000132535
0.000129819
0.000127107
0.000124399
0.000121697
0.000119002
0.000116315
0.000113638
0.000110973
0.00010832
0.000105681
0.000103057
0.00010045
9.78607e-05
9.52905e-05
9.27407e-05
9.02127e-05
8.77076e-05
8.52268e-05
8.27715e-05
8.03428e-05
7.7942e-05
7.55701e-05
7.32282e-05
7.09176e-05
6.86391e-05
6.63938e-05
6.41827e-05
6.20067e-05
5.98666e-05
5.77634e-05
5.56979e-05
5.36708e-05
5.16828e-05
4.97346e-05
4.78268e-05
4.596e-05
4.41347e-05
4.23514e-05
4.06105e-05
3.89124e-05
3.72575e-05
3.56459e-05
0.000139582
0.000136822
0.000134062
0.000131303
0.000128548
0.000125796
0.00012305
0.000120311
0.00011758
0.00011486
0.00011215
0.000109452
0.000106768
0.000104099
0.000101447
9.88124e-05
9.61972e-05
9.36025e-05
9.10299e-05
8.84804e-05
8.59555e-05
8.34564e-05
8.09843e-05
7.85405e-05
7.61262e-05
7.37426e-05
7.13907e-05
6.90717e-05
6.67867e-05
6.45366e-05
6.23226e-05
6.01454e-05
5.80061e-05
5.59054e-05
5.38442e-05
5.18232e-05
4.98432e-05
4.79049e-05
4.60087e-05
4.41554e-05
4.23454e-05
4.05791e-05
3.8857e-05
3.71793e-05
0.000143746
0.000140946
0.000138145
0.000135344
0.000132544
0.000129747
0.000126954
0.000124166
0.000121384
0.000118611
0.000115847
0.000113094
0.000110354
0.000107627
0.000104915
0.00010222
9.95429e-05
9.68851e-05
9.42482e-05
9.16335e-05
8.90424e-05
8.64762e-05
8.39362e-05
8.14238e-05
7.89402e-05
7.64867e-05
7.40646e-05
7.1675e-05
6.9319e-05
6.69979e-05
6.47126e-05
6.24642e-05
6.02538e-05
5.80822e-05
5.59504e-05
5.38592e-05
5.18094e-05
4.98018e-05
4.78371e-05
4.59159e-05
4.40388e-05
4.22064e-05
4.04191e-05
3.86773e-05
0.000147735
0.0001449
0.000142061
0.00013922
0.00013638
0.00013354
0.000130703
0.000127869
0.00012504
0.000122218
0.000119404
0.000116599
0.000113805
0.000111024
0.000108256
0.000105504
0.000102768
0.000100051
9.73534e-05
9.46769e-05
9.2023e-05
8.93931e-05
8.67886e-05
8.42109e-05
8.16614e-05
7.91414e-05
7.66522e-05
7.41951e-05
7.17713e-05
6.93821e-05
6.70287e-05
6.47121e-05
6.24334e-05
6.01937e-05
5.79941e-05
5.58353e-05
5.37184e-05
5.16441e-05
4.96133e-05
4.76267e-05
4.56849e-05
4.37886e-05
4.19382e-05
4.01344e-05
0.000151542
0.000148673
0.0001458
0.000142923
0.000140044
0.000137165
0.000134287
0.00013141
0.000128537
0.00012567
0.000122809
0.000119956
0.000117113
0.00011428
0.00011146
0.000108654
0.000105864
0.00010309
0.000100336
9.76008e-05
9.48876e-05
9.21976e-05
8.9532e-05
8.68926e-05
8.42805e-05
8.16974e-05
7.91445e-05
7.66233e-05
7.4135e-05
7.1681e-05
6.92625e-05
6.68808e-05
6.4537e-05
6.22323e-05
5.99677e-05
5.77443e-05
5.5563e-05
5.34248e-05
5.13306e-05
4.92811e-05
4.72772e-05
4.53194e-05
4.34085e-05
4.15449e-05
0.000155156
0.000152257
0.000149352
0.000146441
0.000143528
0.000140613
0.000137697
0.000134781
0.000131867
0.000128958
0.000126054
0.000123156
0.000120266
0.000117386
0.000114517
0.000111661
0.000108819
0.000105993
0.000103185
0.000100395
9.76264e-05
9.48798e-05
9.21568e-05
8.94591e-05
8.67881e-05
8.41454e-05
8.15323e-05
7.89504e-05
7.64011e-05
7.38857e-05
7.14055e-05
6.8962e-05
6.65563e-05
6.41897e-05
6.18633e-05
5.95783e-05
5.73357e-05
5.51366e-05
5.29818e-05
5.08723e-05
4.8809e-05
4.67925e-05
4.48236e-05
4.29029e-05
0.000158568
0.000155641
0.000152707
0.000149766
0.000146821
0.000143872
0.000140922
0.00013797
0.000135019
0.000132071
0.000129126
0.000126187
0.000123254
0.00012033
0.000117416
0.000114513
0.000111623
0.000108749
0.00010589
0.00010305
0.000100229
9.74296e-05
9.46529e-05
9.19006e-05
8.91743e-05
8.64756e-05
8.3806e-05
8.1167e-05
7.85602e-05
7.59869e-05
7.34486e-05
7.09468e-05
6.84826e-05
6.60575e-05
6.36727e-05
6.13294e-05
5.90287e-05
5.67718e-05
5.45596e-05
5.23932e-05
5.02734e-05
4.82011e-05
4.61771e-05
4.42019e-05
0.000161768
0.000158816
0.000155855
0.000152887
0.000149912
0.000146934
0.000143951
0.000140967
0.000137981
0.000134998
0.000132016
0.000129039
0.000126067
0.000123102
0.000120146
0.0001172
0.000114267
0.000111347
0.000108442
0.000105554
0.000102685
9.98364e-05
9.70097e-05
9.42066e-05
9.14288e-05
8.86779e-05
8.59555e-05
8.32632e-05
8.06026e-05
7.79752e-05
7.53825e-05
7.28259e-05
7.0307e-05
6.7827e-05
6.53873e-05
6.29892e-05
6.06339e-05
5.83225e-05
5.60563e-05
5.38362e-05
5.16632e-05
4.95382e-05
4.74621e-05
4.54356e-05
0.000164744
0.00016177
0.000158786
0.000155792
0.000152792
0.000149786
0.000146775
0.00014376
0.000140744
0.000137727
0.000134713
0.0001317
0.000128692
0.00012569
0.000122696
0.000119711
0.000116737
0.000113775
0.000110828
0.000107897
0.000104983
0.000102089
9.92165e-05
9.63665e-05
9.3541e-05
9.07418e-05
8.79705e-05
8.52289e-05
8.25184e-05
7.98407e-05
7.71974e-05
7.459e-05
7.202e-05
6.94889e-05
6.69981e-05
6.45489e-05
6.21426e-05
5.97805e-05
5.74637e-05
5.51934e-05
5.29707e-05
5.07964e-05
4.86715e-05
4.65969e-05
0.000167487
0.000164492
0.000161487
0.000158471
0.000155447
0.000152417
0.00014938
0.000146338
0.000143294
0.000140249
0.000137204
0.00013416
0.000131119
0.000128083
0.000125054
0.000122034
0.000119023
0.000116023
0.000113037
0.000110066
0.000107112
0.000104177
0.000101262
9.8369e-05
9.54999e-05
9.26564e-05
8.98403e-05
8.70533e-05
8.42969e-05
8.15731e-05
7.88832e-05
7.6229e-05
7.36121e-05
7.10338e-05
6.84958e-05
6.59994e-05
6.35461e-05
6.1137e-05
5.87735e-05
5.64568e-05
5.4188e-05
5.19681e-05
4.9798e-05
4.76788e-05
0.000169983
0.000166972
0.000163947
0.000160912
0.000157867
0.000154815
0.000151755
0.00014869
0.00014562
0.000142549
0.000139477
0.000136405
0.000133335
0.000130269
0.000127209
0.000124156
0.000121112
0.000118079
0.000115058
0.000112051
0.00010906
0.000106088
0.000103134
0.000100203
9.7294e-05
9.44104e-05
9.15536e-05
8.87254e-05
8.59275e-05
8.31616e-05
8.04295e-05
7.77327e-05
7.5073e-05
7.24518e-05
6.98708e-05
6.73314e-05
6.48351e-05
6.23832e-05
5.9977e-05
5.76179e-05
5.53069e-05
5.30452e-05
5.08339e-05
4.86737e-05
0.000172222
0.000169195
0.000166154
0.000163102
0.000160039
0.000156967
0.000153888
0.000150801
0.00014771
0.000144615
0.000141519
0.000138423
0.000135327
0.000132234
0.000129147
0.000126065
0.000122992
0.000119928
0.000116876
0.000113838
0.000110815
0.000107809
0.000104821
0.000101855
9.89113e-05
9.59919e-05
9.30989e-05
9.02339e-05
8.73988e-05
8.45953e-05
8.18253e-05
7.90904e-05
7.63923e-05
7.37326e-05
7.1113e-05
6.8535e-05
6.60001e-05
6.35097e-05
6.10652e-05
5.86679e-05
5.6319e-05
5.40197e-05
5.17711e-05
4.95741e-05
0.000174189
0.000171149
0.000168094
0.000165027
0.000161949
0.000158861
0.000155764
0.000152659
0.000149548
0.000146434
0.000143318
0.000140199
0.000137081
0.000133966
0.000130854
0.000127748
0.000124649
0.000121559
0.00011848
0.000115414
0.000112363
0.000109328
0.000106311
0.000103314
0.000100339
9.73888e-05
9.44639e-05
9.15667e-05
8.8699e-05
8.58626e-05
8.30593e-05
8.02909e-05
7.75591e-05
7.48656e-05
7.22121e-05
6.96001e-05
6.70312e-05
6.45069e-05
6.20286e-05
5.95976e-05
5.72153e-05
5.48828e-05
5.26014e-05
5.03719e-05
0.000175871
0.00017282
0.000169753
0.000166674
0.000163582
0.00016048
0.000157369
0.000154249
0.000151123
0.000147992
0.000144858
0.000141721
0.000138584
0.000135449
0.000132317
0.00012919
0.00012607
0.000122958
0.000119856
0.000116766
0.00011369
0.000110631
0.000107589
0.000104566
0.000101565
9.85881e-05
9.56362e-05
9.27115e-05
8.9816e-05
8.69514e-05
8.41198e-05
8.13228e-05
7.85622e-05
7.58398e-05
7.31572e-05
7.05162e-05
6.79182e-05
6.53648e-05
6.28575e-05
6.03977e-05
5.79868e-05
5.56258e-05
5.33162e-05
5.10588e-05
0.000177252
0.000174192
0.000171116
0.000168026
0.000164924
0.000161811
0.000158688
0.000155556
0.000152416
0.000149272
0.000146124
0.000142973
0.000139821
0.00013667
0.000133521
0.000130377
0.000127239
0.000124109
0.000120988
0.00011788
0.000114784
0.000111704
0.000108642
0.000105598
0.000102576
9.95767e-05
9.66026e-05
9.36554e-05
9.07371e-05
8.78495e-05
8.49945e-05
8.2174e-05
7.93898e-05
7.66436e-05
7.39372e-05
7.12723e-05
6.86504e-05
6.60731e-05
6.3542e-05
6.10585e-05
5.86239e-05
5.62396e-05
5.39067e-05
5.16263e-05
0.000178316
0.000175249
0.000172167
0.000169069
0.000165959
0.000162838
0.000159706
0.000156564
0.000153415
0.00015026
0.000147101
0.000143939
0.000140775
0.000137612
0.000134451
0.000131294
0.000128142
0.000124998
0.000121863
0.000118739
0.000115629
0.000112533
0.000109455
0.000106395
0.000103356
0.000100341
9.73493e-05
9.43848e-05
9.14489e-05
8.85436e-05
8.56707e-05
8.28321e-05
8.00297e-05
7.72652e-05
7.45404e-05
7.18571e-05
6.92167e-05
6.66211e-05
6.40716e-05
6.15698e-05
5.9117e-05
5.67145e-05
5.43637e-05
5.20657e-05
0.000179044
0.000175973
0.000172885
0.000169783
0.000166667
0.00016354
0.000160402
0.000157254
0.000154098
0.000150936
0.00014777
0.0001446
0.000141428
0.000138256
0.000135087
0.000131921
0.00012876
0.000125606
0.000122462
0.000119328
0.000116208
0.000113102
0.000110012
0.000106942
0.000103892
0.000100865
9.78618e-05
9.48855e-05
9.19377e-05
8.90203e-05
8.61352e-05
8.32843e-05
8.04695e-05
7.76925e-05
7.49551e-05
7.22591e-05
6.96062e-05
6.69979e-05
6.44358e-05
6.19215e-05
5.94562e-05
5.70414e-05
5.46782e-05
5.2368e-05
0.00017942
0.000176346
0.000173257
0.000170152
0.000167033
0.000163903
0.000160762
0.000157611
0.000154451
0.000151286
0.000148116
0.000144942
0.000141766
0.000138591
0.000135417
0.000132246
0.000129081
0.000125922
0.000122773
0.000119634
0.000116508
0.000113396
0.000110302
0.000107225
0.000104169
0.000101136
9.81272e-05
9.51448e-05
9.21908e-05
8.9267e-05
8.63756e-05
8.35182e-05
8.06969e-05
7.79134e-05
7.51695e-05
7.2467e-05
6.98075e-05
6.71927e-05
6.4624e-05
6.21031e-05
5.96314e-05
5.72101e-05
5.48406e-05
5.25241e-05
)
;

boundaryField
{
    down
    {
        type            symmetryPlane;
    }
    right
    {
        type            fixedValue;
        value           nonuniform List<scalar> 0();
    }
    up
    {
        type            symmetryPlane;
    }
    left
    {
        type            zeroGradient;
    }
    cylinder
    {
        type            zeroGradient;
    }
    frontAndBack
    {
        type            empty;
    }
    procBoundary10to5
    {
        type            processor;
        value           nonuniform List<scalar> 2(-0.00039807 -0.000379879);
    }
    procBoundary10to6
    {
        type            processor;
        value           nonuniform List<scalar> 
72
(
-0.00016767
-0.000163231
-0.00015887
-0.000154587
-0.000147113
-0.000147113
-0.000143088
-0.000139135
-0.000135253
-0.000131442
-0.000127701
-0.000124028
-0.000120424
-0.000116887
-0.000113415
-0.000110009
-0.000106667
-0.000103387
-0.00010017
-9.70139e-05
-9.39179e-05
-9.08813e-05
-8.79033e-05
-8.4983e-05
-8.21198e-05
-7.9313e-05
-7.65621e-05
-7.38664e-05
-7.12254e-05
-6.86388e-05
-6.6106e-05
-6.36267e-05
-6.12007e-05
-5.88276e-05
-5.65072e-05
-5.42393e-05
-5.20237e-05
-4.98602e-05
-4.77488e-05
-4.56892e-05
-4.36814e-05
-4.17253e-05
-3.98206e-05
-3.79674e-05
-3.61653e-05
-0.000402279
-0.000388629
-0.000375349
-0.000362466
-0.00035
-0.000337962
-0.000326359
-0.000315191
-0.000304457
-0.00029415
-0.000284263
-0.000274785
-0.000265705
-0.000257008
-0.000248681
-0.00024071
-0.00023308
-0.000225775
-0.000218781
-0.000212083
-0.000205668
-0.00019952
-0.000193627
-0.000187976
-0.000182554
-0.00017735
-0.000172352
)
;
    }
    procBoundary10to9
    {
        type            processor;
        value           nonuniform List<scalar> 
73
(
-0.000361757
-0.000343759
-0.000325931
-0.000308316
-0.000290948
-0.000273855
-0.000257063
-0.000240591
-0.000224454
-0.000208663
-0.000193229
-0.000178157
-0.000163452
-0.000149114
-0.000135145
-0.000121543
-0.000108305
-9.54272e-05
-8.31612e-05
-7.13592e-05
-5.96535e-05
-4.80526e-05
-3.65651e-05
-2.51989e-05
-1.39619e-05
-2.86146e-06
8.09518e-06
1.89012e-05
2.955e-05
4.00355e-05
5.0352e-05
6.04939e-05
7.04561e-05
8.0234e-05
8.9823e-05
9.92192e-05
0.000108419
0.000117418
0.000126215
0.000134805
0.000143186
0.000151357
0.000159314
0.000167056
0.000174581
0.000181888
0.000188975
0.00019584
0.000202482
0.0002089
0.000215094
0.00022106
0.000226798
0.000232308
0.000237586
0.000242632
0.000247443
0.000252018
0.000256354
0.000260448
0.000264297
0.000267897
0.000271244
0.000274332
0.000277157
0.000279711
0.000281987
0.000283977
0.00028567
0.000287055
0.000288118
0.000288845
0.000289219
)
;
    }
    procBoundary10to11
    {
        type            processor;
        value           nonuniform List<scalar> 
74
(
-3.36473e-05
-3.28644e-05
-3.20662e-05
-3.12529e-05
-3.04251e-05
-2.95831e-05
-2.87274e-05
-2.78583e-05
-2.69763e-05
-2.60818e-05
-2.51753e-05
-2.42573e-05
-2.33282e-05
-2.23884e-05
-2.14384e-05
-2.04787e-05
-1.95098e-05
-1.85321e-05
-1.75461e-05
-1.65728e-05
-1.56036e-05
-1.46084e-05
-1.3587e-05
-1.25391e-05
-1.14646e-05
-1.03632e-05
-9.23485e-06
-8.07943e-06
-6.89693e-06
-5.68739e-06
-4.45093e-06
-3.18778e-06
-1.89821e-06
-5.82605e-07
7.58548e-07
2.12467e-06
3.51507e-06
4.92895e-06
6.36537e-06
7.82327e-06
9.30146e-06
1.07986e-05
1.23132e-05
1.38435e-05
1.53878e-05
1.69441e-05
1.85101e-05
2.00835e-05
2.16617e-05
2.32419e-05
2.4821e-05
2.6396e-05
2.79633e-05
2.95192e-05
3.10597e-05
3.25808e-05
3.4078e-05
3.55465e-05
3.69814e-05
3.83775e-05
3.97292e-05
4.10309e-05
4.22764e-05
4.34594e-05
4.45732e-05
4.56111e-05
4.65658e-05
4.74298e-05
4.81955e-05
4.88548e-05
4.93996e-05
4.98214e-05
5.01116e-05
5.02615e-05
)
;
    }
}


// ************************************************************************* //
