/*--------------------------------*- C++ -*----------------------------------*\
| =========                 |                                                 |
| \\      /  F ield         | OpenFOAM: The Open Source CFD Toolbox           |
|  \\    /   O peration     | Version:  2412                                  |
|   \\  /    A nd           | Website:  www.openfoam.com                      |
|    \\/     M anipulation  |                                                 |
\*---------------------------------------------------------------------------*/
FoamFile
{
    version     2.0;
    format      ascii;
    arch        "LSB;label=32;scalar=64";
    class       volScalarField;
    location    "8.5";
    object      p;
}
// * * * * * * * * * * * * * * * * * * * * * * * * * * * * * * * * * * * * * //

dimensions      [0 2 -2 0 0 0 0];

internalField   nonuniform List<scalar> 
5285
(
-8.11324e-05
-7.88099e-05
-7.65021e-05
-7.42115e-05
-7.19411e-05
-6.96936e-05
-6.74717e-05
-6.52777e-05
-6.3114e-05
-6.09826e-05
-5.88857e-05
-5.68249e-05
-5.4802e-05
-5.28185e-05
-5.08757e-05
-4.89749e-05
-4.7117e-05
-4.53029e-05
-4.35333e-05
-4.18088e-05
-4.01297e-05
-3.84963e-05
-3.69086e-05
-3.53667e-05
-3.38705e-05
-3.24197e-05
-3.1014e-05
-2.9653e-05
-2.8336e-05
-2.70627e-05
-2.58322e-05
-2.4644e-05
-2.34971e-05
-2.23908e-05
-2.13242e-05
-2.02964e-05
-1.93064e-05
-1.83535e-05
-1.74365e-05
-1.65545e-05
-1.57065e-05
-1.48917e-05
-1.41089e-05
-1.33576e-05
-8.47119e-05
-8.22451e-05
-7.97977e-05
-7.73724e-05
-7.49717e-05
-7.25986e-05
-7.02557e-05
-6.79453e-05
-6.56697e-05
-6.34309e-05
-6.12308e-05
-5.90712e-05
-5.69535e-05
-5.48794e-05
-5.28499e-05
-5.08661e-05
-4.89289e-05
-4.7039e-05
-4.51971e-05
-4.34033e-05
-4.16582e-05
-3.99616e-05
-3.83136e-05
-3.6714e-05
-3.51626e-05
-3.36589e-05
-3.22026e-05
-3.07931e-05
-2.94297e-05
-2.81118e-05
-2.68385e-05
-2.5609e-05
-2.44226e-05
-2.32781e-05
-2.21748e-05
-2.11115e-05
-2.00874e-05
-1.91014e-05
-1.81525e-05
-1.72396e-05
-1.63618e-05
-1.55181e-05
-1.47074e-05
-1.3929e-05
-8.82355e-05
-8.56238e-05
-8.30364e-05
-8.0476e-05
-7.7945e-05
-7.54465e-05
-7.29831e-05
-7.0557e-05
-6.81704e-05
-6.58251e-05
-6.35231e-05
-6.12659e-05
-5.9055e-05
-5.68917e-05
-5.4777e-05
-5.27119e-05
-5.06971e-05
-4.87332e-05
-4.68206e-05
-4.49594e-05
-4.31499e-05
-4.13919e-05
-3.96853e-05
-3.80297e-05
-3.64247e-05
-3.48699e-05
-3.33646e-05
-3.19081e-05
-3.04997e-05
-2.91386e-05
-2.78238e-05
-2.65545e-05
-2.53296e-05
-2.41482e-05
-2.30092e-05
-2.19115e-05
-2.08542e-05
-1.98361e-05
-1.88561e-05
-1.79133e-05
-1.70064e-05
-1.61346e-05
-1.52965e-05
-1.44918e-05
-9.16958e-05
-8.89386e-05
-8.6211e-05
-8.35154e-05
-8.08545e-05
-7.82313e-05
-7.56483e-05
-7.31075e-05
-7.0611e-05
-6.81606e-05
-6.57582e-05
-6.3405e-05
-6.11026e-05
-5.88519e-05
-5.66539e-05
-5.45094e-05
-5.24189e-05
-5.03829e-05
-4.84015e-05
-4.6475e-05
-4.4603e-05
-4.27855e-05
-4.10221e-05
-3.93123e-05
-3.76556e-05
-3.60513e-05
-3.44987e-05
-3.29969e-05
-3.1545e-05
-3.01422e-05
-2.87873e-05
-2.74795e-05
-2.62175e-05
-2.50003e-05
-2.38269e-05
-2.2696e-05
-2.16064e-05
-2.05572e-05
-1.95471e-05
-1.85751e-05
-1.76399e-05
-1.67407e-05
-1.58761e-05
-1.50456e-05
-9.50847e-05
-9.21818e-05
-8.93141e-05
-8.6484e-05
-8.3694e-05
-8.0947e-05
-7.82454e-05
-7.55913e-05
-7.29865e-05
-7.04328e-05
-6.79317e-05
-6.54845e-05
-6.30925e-05
-6.07565e-05
-5.84773e-05
-5.62555e-05
-5.40916e-05
-5.19856e-05
-4.99377e-05
-4.79478e-05
-4.60156e-05
-4.41407e-05
-4.23225e-05
-4.05606e-05
-3.8854e-05
-3.72021e-05
-3.56039e-05
-3.40585e-05
-3.25648e-05
-3.11218e-05
-2.97284e-05
-2.83835e-05
-2.70858e-05
-2.58341e-05
-2.46274e-05
-2.34643e-05
-2.23437e-05
-2.12643e-05
-2.0225e-05
-1.92247e-05
-1.82621e-05
-1.73362e-05
-1.64458e-05
-1.55902e-05
-9.83937e-05
-9.53456e-05
-9.23384e-05
-8.93747e-05
-8.64567e-05
-8.35873e-05
-8.07688e-05
-7.80031e-05
-7.52919e-05
-7.26369e-05
-7.00393e-05
-6.75003e-05
-6.5021e-05
-6.26021e-05
-6.02441e-05
-5.79475e-05
-5.57124e-05
-5.35389e-05
-5.14269e-05
-4.9376e-05
-4.73858e-05
-4.54557e-05
-4.3585e-05
-4.1773e-05
-4.00186e-05
-3.83211e-05
-3.66792e-05
-3.5092e-05
-3.35582e-05
-3.20768e-05
-3.06464e-05
-2.92658e-05
-2.79338e-05
-2.6649e-05
-2.54102e-05
-2.42161e-05
-2.30655e-05
-2.19571e-05
-2.08896e-05
-1.98618e-05
-1.88727e-05
-1.79209e-05
-1.70053e-05
-1.61254e-05
-0.000101614
-9.84216e-05
-9.52762e-05
-9.21801e-05
-8.91358e-05
-8.61459e-05
-8.32125e-05
-8.03374e-05
-7.75221e-05
-7.47681e-05
-7.20766e-05
-6.94484e-05
-6.68845e-05
-6.43853e-05
-6.19512e-05
-5.95824e-05
-5.72789e-05
-5.50405e-05
-5.28669e-05
-5.07576e-05
-4.87118e-05
-4.6729e-05
-4.48081e-05
-4.29482e-05
-4.11483e-05
-3.94072e-05
-3.77237e-05
-3.60966e-05
-3.45245e-05
-3.30063e-05
-3.15406e-05
-3.01259e-05
-2.8761e-05
-2.74444e-05
-2.61749e-05
-2.49511e-05
-2.37716e-05
-2.26351e-05
-2.15404e-05
-2.04862e-05
-1.94713e-05
-1.84945e-05
-1.75546e-05
-1.66509e-05
-0.000104737
-0.000101402
-9.81195e-05
-9.4893e-05
-9.17245e-05
-8.86163e-05
-8.55705e-05
-8.25885e-05
-7.96719e-05
-7.68218e-05
-7.40392e-05
-7.13248e-05
-6.86792e-05
-6.61027e-05
-6.35954e-05
-6.11574e-05
-5.87884e-05
-5.6488e-05
-5.42557e-05
-5.20906e-05
-4.99921e-05
-4.7959e-05
-4.59904e-05
-4.40851e-05
-4.22419e-05
-4.04594e-05
-3.87364e-05
-3.70714e-05
-3.5463e-05
-3.39098e-05
-3.24104e-05
-3.09632e-05
-2.9567e-05
-2.82201e-05
-2.69211e-05
-2.56688e-05
-2.44616e-05
-2.32982e-05
-2.21772e-05
-2.10975e-05
-2.00578e-05
-1.90568e-05
-1.80933e-05
-1.71666e-05
-0.000107754
-0.000104277
-0.00010086
-9.75059e-05
-9.42157e-05
-9.0992e-05
-8.78367e-05
-8.47511e-05
-8.17363e-05
-7.87933e-05
-7.59229e-05
-7.31255e-05
-7.04015e-05
-6.7751e-05
-6.51739e-05
-6.267e-05
-6.02386e-05
-5.78793e-05
-5.55912e-05
-5.33734e-05
-5.12249e-05
-4.91444e-05
-4.71307e-05
-4.51825e-05
-4.32984e-05
-4.14769e-05
-3.97165e-05
-3.80157e-05
-3.63729e-05
-3.47866e-05
-3.32553e-05
-3.17773e-05
-3.03512e-05
-2.89754e-05
-2.76485e-05
-2.63688e-05
-2.51351e-05
-2.39459e-05
-2.27998e-05
-2.16956e-05
-2.06319e-05
-1.96076e-05
-1.86212e-05
-1.76723e-05
-0.000110655
-0.000107039
-0.000103491
-0.000100011
-9.66025e-05
-9.32667e-05
-9.00053e-05
-8.68195e-05
-8.37101e-05
-8.06779e-05
-7.77233e-05
-7.48467e-05
-7.2048e-05
-6.93272e-05
-6.66838e-05
-6.41173e-05
-6.16271e-05
-5.92121e-05
-5.68716e-05
-5.46042e-05
-5.24087e-05
-5.02837e-05
-4.82277e-05
-4.62393e-05
-4.43168e-05
-4.24587e-05
-4.06632e-05
-3.89287e-05
-3.72536e-05
-3.56362e-05
-3.40748e-05
-3.25677e-05
-3.11134e-05
-2.97102e-05
-2.83566e-05
-2.7051e-05
-2.5792e-05
-2.45781e-05
-2.34079e-05
-2.22801e-05
-2.11934e-05
-2.01466e-05
-1.91382e-05
-1.81678e-05
-0.00011343
-0.000109679
-0.000106002
-0.000102401
-9.88777e-05
-9.54336e-05
-9.20701e-05
-8.87881e-05
-8.55882e-05
-8.24709e-05
-7.94363e-05
-7.64845e-05
-7.36152e-05
-7.08279e-05
-6.81221e-05
-6.5497e-05
-6.29515e-05
-6.04846e-05
-5.8095e-05
-5.57813e-05
-5.3542e-05
-5.13756e-05
-4.92803e-05
-4.72544e-05
-4.52963e-05
-4.3404e-05
-4.15758e-05
-3.981e-05
-3.81046e-05
-3.6458e-05
-3.48684e-05
-3.33339e-05
-3.1853e-05
-3.0424e-05
-2.90451e-05
-2.7715e-05
-2.64319e-05
-2.51945e-05
-2.40013e-05
-2.28509e-05
-2.17421e-05
-2.06737e-05
-1.9644e-05
-1.86529e-05
-0.000116071
-0.000112188
-0.000108387
-0.000104668
-0.000101034
-9.74863e-05
-9.40253e-05
-9.06517e-05
-8.73658e-05
-8.41679e-05
-8.10579e-05
-7.80353e-05
-7.50997e-05
-7.22503e-05
-6.94863e-05
-6.68065e-05
-6.42098e-05
-6.16947e-05
-5.92598e-05
-5.69033e-05
-5.46237e-05
-5.2419e-05
-5.02874e-05
-4.8227e-05
-4.62359e-05
-4.43121e-05
-4.24537e-05
-4.06588e-05
-3.89254e-05
-3.72516e-05
-3.56357e-05
-3.40757e-05
-3.25699e-05
-3.11165e-05
-2.97139e-05
-2.83605e-05
-2.70546e-05
-2.57948e-05
-2.45797e-05
-2.34078e-05
-2.22779e-05
-2.11886e-05
-2.01386e-05
-1.91275e-05
-0.000118567
-0.000114556
-0.000110635
-0.000106805
-0.000103065
-9.94185e-05
-9.58649e-05
-9.24047e-05
-8.9038e-05
-8.57646e-05
-8.25839e-05
-7.94955e-05
-7.64983e-05
-7.35915e-05
-7.07737e-05
-6.80437e-05
-6.53999e-05
-6.28407e-05
-6.03643e-05
-5.79688e-05
-5.56523e-05
-5.34127e-05
-5.12481e-05
-4.91562e-05
-4.7135e-05
-4.51824e-05
-4.32963e-05
-4.14747e-05
-3.97155e-05
-3.80167e-05
-3.63763e-05
-3.47926e-05
-3.32636e-05
-3.17875e-05
-3.03626e-05
-2.89873e-05
-2.76599e-05
-2.6379e-05
-2.5143e-05
-2.39506e-05
-2.28005e-05
-2.16913e-05
-2.06217e-05
-1.95914e-05
-0.000120908
-0.000116776
-0.00011274
-0.000108803
-0.000104964
-0.000101224
-9.75832e-05
-9.40421e-05
-9.06001e-05
-8.72566e-05
-8.40108e-05
-8.08617e-05
-7.78081e-05
-7.48488e-05
-7.19821e-05
-6.92065e-05
-6.65201e-05
-6.3921e-05
-6.14072e-05
-5.89765e-05
-5.66269e-05
-5.43559e-05
-5.21615e-05
-5.00413e-05
-4.79929e-05
-4.60143e-05
-4.41031e-05
-4.22572e-05
-4.04745e-05
-3.87528e-05
-3.70901e-05
-3.54844e-05
-3.39339e-05
-3.24367e-05
-3.09911e-05
-2.95952e-05
-2.82476e-05
-2.69467e-05
-2.5691e-05
-2.44792e-05
-2.33098e-05
-2.21816e-05
-2.10933e-05
-2.00445e-05
-0.000123084
-0.000118836
-0.000114693
-0.000110655
-0.000106722
-0.000102896
-9.91746e-05
-9.55588e-05
-9.20476e-05
-8.86399e-05
-8.53347e-05
-8.21307e-05
-7.90262e-05
-7.60196e-05
-7.31092e-05
-7.02928e-05
-6.75685e-05
-6.4934e-05
-6.23871e-05
-5.99254e-05
-5.75464e-05
-5.52477e-05
-5.30269e-05
-5.08815e-05
-4.88091e-05
-4.68073e-05
-4.48737e-05
-4.30061e-05
-4.12021e-05
-3.94597e-05
-3.77766e-05
-3.6151e-05
-3.45807e-05
-3.30641e-05
-3.15991e-05
-3.01842e-05
-2.88177e-05
-2.7498e-05
-2.62237e-05
-2.49933e-05
-2.38056e-05
-2.26594e-05
-2.15531e-05
-2.04866e-05
-0.000125086
-0.00012073
-0.000116486
-0.000112354
-0.000108335
-0.000104428
-0.000100634
-9.695e-05
-9.33761e-05
-8.99108e-05
-8.65525e-05
-8.32995e-05
-8.015e-05
-7.71018e-05
-7.4153e-05
-7.13011e-05
-6.85438e-05
-6.58786e-05
-6.33029e-05
-6.08143e-05
-5.841e-05
-5.60874e-05
-5.38438e-05
-5.16766e-05
-4.95832e-05
-4.75611e-05
-4.56078e-05
-4.3721e-05
-4.18982e-05
-4.01372e-05
-3.84358e-05
-3.67921e-05
-3.52039e-05
-3.36693e-05
-3.21866e-05
-3.0754e-05
-2.93698e-05
-2.80326e-05
-2.67408e-05
-2.5493e-05
-2.4288e-05
-2.31246e-05
-2.20012e-05
-2.09178e-05
-0.000126905
-0.000122448
-0.00011811
-0.000113893
-0.000109795
-0.000105816
-0.000101955
-9.82111e-05
-9.45817e-05
-9.10656e-05
-8.76609e-05
-8.43655e-05
-8.11771e-05
-7.80933e-05
-7.51117e-05
-7.22297e-05
-6.94445e-05
-6.67535e-05
-6.41538e-05
-6.16426e-05
-5.92171e-05
-5.68744e-05
-5.46116e-05
-5.2426e-05
-5.03148e-05
-4.82755e-05
-4.63052e-05
-4.44017e-05
-4.25625e-05
-4.07852e-05
-3.90676e-05
-3.74076e-05
-3.58032e-05
-3.42524e-05
-3.27535e-05
-3.13046e-05
-2.99041e-05
-2.85505e-05
-2.72423e-05
-2.59782e-05
-2.47568e-05
-2.3577e-05
-2.24373e-05
-2.13377e-05
-0.00012853
-0.000123981
-0.000119559
-0.000115265
-0.000111097
-0.000107054
-0.000103135
-9.9338e-05
-9.56608e-05
-9.21014e-05
-8.86574e-05
-8.53263e-05
-8.21055e-05
-7.89924e-05
-7.59839e-05
-7.30774e-05
-7.02697e-05
-6.75579e-05
-6.4939e-05
-6.24098e-05
-5.99672e-05
-5.76084e-05
-5.53301e-05
-5.31296e-05
-5.10038e-05
-4.89502e-05
-4.69658e-05
-4.50482e-05
-4.31949e-05
-4.14036e-05
-3.96718e-05
-3.79976e-05
-3.63787e-05
-3.48134e-05
-3.32997e-05
-3.18359e-05
-3.04204e-05
-2.90516e-05
-2.77282e-05
-2.64487e-05
-2.52119e-05
-2.40166e-05
-2.28615e-05
-2.17465e-05
-0.000129954
-0.000125322
-0.000120826
-0.000116464
-0.000112235
-0.000108137
-0.000104169
-0.000100327
-9.66101e-05
-9.30151e-05
-8.95393e-05
-8.61797e-05
-8.29335e-05
-7.97974e-05
-7.67684e-05
-7.38432e-05
-7.10185e-05
-6.82912e-05
-6.56579e-05
-6.31152e-05
-6.066e-05
-5.8289e-05
-5.59991e-05
-5.37871e-05
-5.16501e-05
-4.95851e-05
-4.75895e-05
-4.56605e-05
-4.37956e-05
-4.19924e-05
-4.02486e-05
-3.85619e-05
-3.69304e-05
-3.53521e-05
-3.38252e-05
-3.23479e-05
-3.09187e-05
-2.9536e-05
-2.81983e-05
-2.69045e-05
-2.56532e-05
-2.44434e-05
-2.32736e-05
-2.2144e-05
-0.000131166
-0.000126463
-0.000121903
-0.000117483
-0.000113203
-0.00010906
-0.000105051
-0.000101174
-9.74264e-05
-9.38042e-05
-9.03045e-05
-8.6924e-05
-8.36594e-05
-8.05073e-05
-7.7464e-05
-7.45262e-05
-7.16903e-05
-6.89528e-05
-6.63101e-05
-6.37588e-05
-6.12953e-05
-5.89163e-05
-5.66185e-05
-5.43987e-05
-5.22537e-05
-5.01805e-05
-4.81764e-05
-4.62386e-05
-4.43645e-05
-4.25517e-05
-4.07978e-05
-3.91007e-05
-3.74584e-05
-3.58687e-05
-3.43301e-05
-3.28407e-05
-3.1399e-05
-3.00035e-05
-2.86528e-05
-2.73456e-05
-2.60808e-05
-2.48573e-05
-2.36737e-05
-2.25302e-05
-0.00015335
-0.000151309
-0.000149066
-0.000146644
-0.000144077
-0.000141391
-0.000138601
-0.000135727
-0.000132786
-0.000129793
-0.000126765
-0.000123714
-0.000120653
-0.000117592
-0.000114542
-0.00011151
-0.000108506
-0.000105536
-0.000102605
-9.97196e-05
-9.68833e-05
-9.41002e-05
-9.13732e-05
-8.87049e-05
-8.60974e-05
-8.35522e-05
-0.000164626
-0.000162152
-0.000159483
-0.000156642
-0.000153666
-0.00015058
-0.000147402
-0.000144151
-0.000140845
-0.0001375
-0.000134132
-0.000130755
-0.000127379
-0.000124017
-0.000120679
-0.000117372
-0.000114104
-0.000110883
-0.000107713
-0.0001046
-0.000101547
-9.85577e-05
-9.56352e-05
-9.27814e-05
-8.99979e-05
-8.72856e-05
-0.000176178
-0.00017324
-0.000170116
-0.00016683
-0.000163419
-0.00015991
-0.000156322
-0.000152674
-0.000148984
-0.00014527
-0.000141547
-0.000137829
-0.000134127
-0.000130452
-0.000126815
-0.000123224
-0.000119685
-0.000116205
-0.00011279
-0.000109443
-0.000106169
-0.000102971
-9.98493e-05
-9.68073e-05
-9.38456e-05
-9.09648e-05
-0.000188004
-0.000184571
-0.000180962
-0.000177201
-0.000173329
-0.000169373
-0.000165352
-0.000161286
-0.000157194
-0.000153093
-0.000148999
-0.000144925
-0.000140884
-0.000136885
-0.000132939
-0.000129054
-0.000125236
-0.000121492
-0.000117825
-0.00011424
-0.000110741
-0.000107329
-0.000104006
-0.000100774
-9.7632e-05
-9.45814e-05
-0.000200103
-0.00019614
-0.000192013
-0.000187748
-0.000183387
-0.000178958
-0.000174481
-0.000169975
-0.000165461
-0.000160955
-0.000156474
-0.000152031
-0.000147637
-0.000143304
-0.000139039
-0.000134851
-0.000130747
-0.000126731
-0.000122807
-0.00011898
-0.000115251
-0.000111623
-0.000108096
-0.000104671
-0.000101348
-9.81269e-05
-0.00021247
-0.000207941
-0.000203263
-0.000198463
-0.000193584
-0.000188655
-0.000183696
-0.000178729
-0.000173772
-0.000168844
-0.00016396
-0.000159132
-0.000154374
-0.000149694
-0.000145101
-0.000140602
-0.000136204
-0.00013191
-0.000127724
-0.00012365
-0.000119689
-0.000115841
-0.000112108
-0.00010849
-0.000104985
-0.000101593
-0.000225101
-0.000219968
-0.000214702
-0.000209334
-0.000203906
-0.000198449
-0.000192985
-0.000187533
-0.000182114
-0.000176744
-0.00017144
-0.000166215
-0.000161078
-0.00015604
-0.00015111
-0.000146292
-0.000141593
-0.000137015
-0.000132563
-0.000128239
-0.000124042
-0.000119973
-0.000116033
-0.00011222
-0.000108532
-0.000104969
-0.000237987
-0.000232209
-0.000226319
-0.000220348
-0.00021434
-0.000208327
-0.00020233
-0.000196371
-0.000190468
-0.000184639
-0.000178899
-0.00017326
-0.000167734
-0.000162328
-0.00015705
-0.000151906
-0.000146899
-0.000142034
-0.000137311
-0.000132732
-0.000128298
-0.000124007
-0.000119858
-0.00011585
-0.000111981
-0.000108247
-0.00025112
-0.000244654
-0.0002381
-0.00023149
-0.000224869
-0.000218271
-0.000211715
-0.000205224
-0.000198816
-0.000192509
-0.000186317
-0.000180251
-0.000174322
-0.000168538
-0.000162905
-0.000157427
-0.000152108
-0.000146949
-0.000141953
-0.000137118
-0.000132444
-0.00012793
-0.000123573
-0.00011937
-0.00011532
-0.000111418
-0.000264486
-0.000257288
-0.000250029
-0.000242742
-0.000235475
-0.00022826
-0.000221118
-0.000214071
-0.000207137
-0.000200334
-0.000193674
-0.000187168
-0.000180825
-0.000174653
-0.000168656
-0.000162838
-0.000157201
-0.000151746
-0.000146473
-0.00014138
-0.000136466
-0.000131729
-0.000127164
-0.000122769
-0.000118539
-0.000114469
-0.00027807
-0.000270092
-0.000262086
-0.000254083
-0.000246134
-0.000238272
-0.000230517
-0.00022289
-0.00021541
-0.000208091
-0.000200947
-0.000193988
-0.000187221
-0.000180651
-0.000174284
-0.00016812
-0.000162162
-0.000156407
-0.000150856
-0.000145505
-0.000140351
-0.000135391
-0.00013062
-0.000126034
-0.000121626
-0.000117393
-0.000291855
-0.000283048
-0.000274248
-0.00026549
-0.000256824
-0.000248283
-0.000239887
-0.000231655
-0.000223607
-0.000215756
-0.000208113
-0.000200688
-0.000193486
-0.000186512
-0.000179768
-0.000173254
-0.000166971
-0.000160915
-0.000155085
-0.000149476
-0.000144083
-0.000138902
-0.000133928
-0.000129153
-0.000124572
-0.000120178
-0.000305818
-0.000296129
-0.00028649
-0.000276936
-0.000267516
-0.000258263
-0.000249198
-0.000240338
-0.000231702
-0.000223301
-0.000215146
-0.000207243
-0.000199597
-0.000192211
-0.000185085
-0.000178218
-0.000171608
-0.000165251
-0.000159142
-0.000153276
-0.000147647
-0.000142249
-0.000137073
-0.000132114
-0.000127363
-0.000122813
-0.000319933
-0.000309309
-0.000298783
-0.000288389
-0.000278177
-0.000268182
-0.000258419
-0.000248909
-0.000239664
-0.000230697
-0.000222016
-0.000213625
-0.000205528
-0.000197725
-0.000190213
-0.000182991
-0.000176053
-0.000169395
-0.00016301
-0.00015689
-0.000151027
-0.000145415
-0.000140044
-0.000134905
-0.00012999
-0.000125289
-0.00033417
-0.000322554
-0.000311091
-0.000299814
-0.000288775
-0.000278003
-0.000267517
-0.000257332
-0.00024746
-0.000237913
-0.000228694
-0.000219806
-0.000211251
-0.000203026
-0.000195127
-0.000187549
-0.000180285
-0.000173327
-0.000166668
-0.000160298
-0.000154208
-0.000148387
-0.000142825
-0.000137512
-0.000132439
-0.000127594
-0.000348493
-0.000335828
-0.000323377
-0.000311174
-0.000299268
-0.000287689
-0.000276452
-0.000265571
-0.000255055
-0.000244913
-0.000235146
-0.000225754
-0.000216736
-0.000208087
-0.0001998
-0.000191867
-0.000184279
-0.000177027
-0.000170099
-0.000163484
-0.000157171
-0.000151148
-0.000145403
-0.000139924
-0.000134699
-0.000129717
-0.000362861
-0.000349087
-0.000335598
-0.000322424
-0.000309614
-0.000297197
-0.000285184
-0.000273585
-0.00026241
-0.000251661
-0.000241337
-0.000231436
-0.000221953
-0.000212879
-0.000204205
-0.000195921
-0.000188014
-0.000180471
-0.000173281
-0.000166429
-0.000159901
-0.000153684
-0.000147764
-0.000142126
-0.000136759
-0.000131649
-0.000377228
-0.000362284
-0.000347703
-0.000333515
-0.000319765
-0.000306479
-0.000293666
-0.000281333
-0.000269483
-0.000258117
-0.000247231
-0.000236818
-0.000226869
-0.000217372
-0.000208315
-0.000199685
-0.000191464
-0.00018364
-0.000176195
-0.000169114
-0.000162381
-0.000155979
-0.000149893
-0.000144108
-0.000138607
-0.000133378
-0.000391541
-0.000375365
-0.00035964
-0.000344393
-0.000329668
-0.000315485
-0.00030185
-0.000288765
-0.00027623
-0.00026424
-0.000252788
-0.000241861
-0.000231448
-0.000221533
-0.000212099
-0.000203131
-0.000194607
-0.000186509
-0.00017882
-0.000171521
-0.000164594
-0.000158018
-0.000151778
-0.000145855
-0.000140233
-0.000134895
-0.000215527
-0.000206229
-0.000197413
-0.000189056
-0.000181135
-0.000173631
-0.000166522
-0.000159786
-0.000153404
-0.000147356
-0.000141624
-0.00013619
0.000198395
0.000194867
0.000191383
0.000187945
0.000184555
0.000181211
0.000177912
0.000174659
0.000171453
0.000168292
0.000165177
0.000162107
0.000159083
0.000156105
0.000153172
0.000150284
0.00014744
0.000144641
0.000141887
0.000139176
0.000136509
0.000133885
0.000131305
0.000128767
0.000126271
0.000123818
0.000198041
0.000194511
0.000191027
0.000187589
0.000184198
0.000180854
0.000177555
0.000174302
0.000171096
0.000167936
0.000164821
0.000161753
0.00015873
0.000155753
0.000152822
0.000149935
0.000147093
0.000144296
0.000141544
0.000138835
0.000136171
0.000133549
0.000130971
0.000128436
0.000125943
0.000123493
0.000197352
0.00019382
0.000190333
0.000186894
0.000183503
0.000180158
0.000176859
0.000173607
0.000170402
0.000167243
0.00016413
0.000161063
0.000158043
0.000155069
0.00015214
0.000149256
0.000146418
0.000143625
0.000140877
0.000138173
0.000135512
0.000132896
0.000130323
0.000127793
0.000125306
0.000122861
0.000196343
0.000192808
0.00018932
0.000185879
0.000182487
0.000179141
0.000175843
0.000172591
0.000169387
0.00016623
0.00016312
0.000160056
0.000157039
0.000154069
0.000151144
0.000148266
0.000145433
0.000142645
0.000139903
0.000137205
0.000134552
0.000131943
0.000129377
0.000126855
0.000124376
0.000121939
0.000195031
0.000191492
0.000188001
0.000184558
0.000181165
0.000177819
0.000174521
0.00017127
0.000168068
0.000164913
0.000161806
0.000158747
0.000155734
0.000152769
0.00014985
0.000146978
0.000144152
0.000141372
0.000138638
0.000135949
0.000133304
0.000130705
0.000128149
0.000125637
0.000123168
0.000120742
0.000193427
0.000189884
0.000186389
0.000182944
0.000179549
0.000176203
0.000172906
0.000169657
0.000166457
0.000163306
0.000160203
0.000157149
0.000154142
0.000151184
0.000148272
0.000145408
0.000142591
0.000139821
0.000137096
0.000134418
0.000131785
0.000129196
0.000126653
0.000124154
0.000121698
0.000119286
0.000191542
0.000187994
0.000184496
0.000181049
0.000177653
0.000174307
0.000171011
0.000167764
0.000164568
0.000161421
0.000158324
0.000155276
0.000152276
0.000149326
0.000146423
0.000143569
0.000140763
0.000138003
0.000135291
0.000132625
0.000130006
0.000127432
0.000124903
0.000122419
0.000119979
0.000117583
0.000189386
0.000185834
0.000182332
0.000178883
0.000175486
0.000172141
0.000168846
0.000165603
0.000162411
0.000159269
0.000156179
0.000153138
0.000150147
0.000147207
0.000144315
0.000141472
0.000138678
0.000135933
0.000133235
0.000130584
0.00012798
0.000125422
0.000122911
0.000120444
0.000118023
0.000115646
0.000186968
0.000183411
0.000179906
0.000176455
0.000173058
0.000169714
0.000166422
0.000163182
0.000159996
0.000156861
0.000153778
0.000150747
0.000147766
0.000144837
0.000141958
0.000139129
0.00013635
0.00013362
0.000130938
0.000128304
0.000125719
0.00012318
0.000120688
0.000118242
0.000115842
0.000113486
0.000184296
0.000180734
0.000177226
0.000173773
0.000170377
0.000167034
0.000163746
0.000160512
0.000157332
0.000154205
0.000151132
0.000148111
0.000145143
0.000142227
0.000139363
0.000136549
0.000133787
0.000131075
0.000128412
0.000125798
0.000123233
0.000120716
0.000118246
0.000115823
0.000113446
0.000111115
0.000181376
0.000177809
0.000174298
0.000170845
0.00016745
0.00016411
0.000160827
0.000157599
0.000154427
0.00015131
0.000148248
0.00014524
0.000142286
0.000139386
0.000136538
0.000133743
0.000130999
0.000128307
0.000125666
0.000123074
0.000120533
0.00011804
0.000115595
0.000113198
0.000110848
0.000108544
0.000178213
0.000174642
0.00017113
0.000167677
0.000164284
0.000160949
0.000157672
0.000154452
0.00015129
0.000148184
0.000145135
0.000142142
0.000139204
0.000136321
0.000133493
0.000130718
0.000127996
0.000125327
0.000122709
0.000120143
0.000117627
0.000115161
0.000112744
0.000110376
0.000108055
0.000105781
0.000174813
0.000171239
0.000167726
0.000164274
0.000160885
0.000157556
0.000154286
0.000151076
0.000147926
0.000144834
0.0001418
0.000138824
0.000135905
0.000133042
0.000130235
0.000127483
0.000124785
0.000122142
0.000119551
0.000117013
0.000114526
0.00011209
0.000109704
0.000107367
0.000105079
0.000102838
0.000171181
0.000167605
0.000164092
0.000160643
0.000157259
0.000153937
0.000150677
0.000147479
0.000144342
0.000141266
0.00013825
0.000135293
0.000132395
0.000129555
0.000126772
0.000124046
0.000121376
0.00011876
0.000116199
0.000113692
0.000111237
0.000108834
0.000106482
0.00010418
0.000101927
9.97225e-05
0.00016732
0.000163743
0.000160232
0.000156788
0.000153411
0.000150099
0.00014685
0.000143666
0.000140545
0.000137487
0.000134491
0.000131556
0.000128682
0.000125867
0.000123112
0.000120414
0.000117774
0.00011519
0.000112662
0.000110189
0.000107769
0.000105402
0.000103087
0.000100823
9.86089e-05
9.64442e-05
0.000163234
0.000159658
0.000156151
0.000152713
0.000149345
0.000146044
0.00014281
0.000139642
0.00013654
0.000133502
0.000130529
0.000127619
0.000124772
0.000121986
0.000119261
0.000116595
0.000113988
0.000111439
0.000108947
0.000106511
0.00010413
0.000101802
9.95277e-05
9.73051e-05
9.51333e-05
9.30114e-05
0.000158926
0.000155353
0.000151851
0.000148422
0.000145065
0.000141779
0.000138561
0.000135412
0.000132332
0.000129318
0.000126371
0.000123489
0.000120672
0.000117918
0.000115226
0.000112595
0.000110025
0.000107515
0.000105062
0.000102667
0.000100327
9.80428e-05
9.58122e-05
9.36344e-05
9.15082e-05
8.94326e-05
0.0001544
0.000150831
0.000147337
0.000143919
0.000140577
0.000137307
0.000134108
0.000130982
0.000127926
0.000124939
0.000122021
0.000119171
0.000116387
0.000113668
0.000111013
0.000108422
0.000105892
0.000103423
0.000101014
9.86629e-05
9.63691e-05
9.41312e-05
9.19482e-05
8.98188e-05
8.77418e-05
8.57161e-05
0.000149657
0.000146095
0.000142612
0.000139208
0.000135882
0.000132632
0.000129456
0.000126355
0.000123327
0.000120371
0.000117486
0.000114671
0.000111924
0.000109244
0.00010663
0.000104081
0.000101596
9.91723e-05
9.68099e-05
9.45071e-05
9.22626e-05
9.00751e-05
8.79434e-05
8.58662e-05
8.38421e-05
8.18699e-05
0.0001447
0.000141148
0.000137678
0.000134291
0.000130985
0.000127758
0.000124609
0.000121537
0.000118541
0.000115619
0.00011277
0.000109994
0.000107288
0.000104651
0.000102082
9.95794e-05
9.71421e-05
9.47684e-05
9.2457e-05
9.02064e-05
8.80152e-05
8.58821e-05
8.38056e-05
8.17843e-05
7.98169e-05
7.79019e-05
0.000139532
0.000135993
0.000132539
0.000129172
0.00012589
0.00012269
0.000119571
0.000116531
0.000113571
0.000110687
0.000107879
0.000105145
0.000102484
9.98949e-05
9.7375e-05
9.49233e-05
9.25383e-05
9.02185e-05
8.79622e-05
8.57679e-05
8.36342e-05
8.15594e-05
7.95421e-05
7.75808e-05
7.56739e-05
7.38201e-05
0.000134153
0.000130631
0.000127198
0.000123854
0.0001206
0.000117431
0.000114345
0.000111343
0.000108422
0.000105581
0.000102818
0.000100131
9.752e-05
9.4982e-05
9.25156e-05
9.01191e-05
8.77909e-05
8.55292e-05
8.33324e-05
8.11988e-05
7.91267e-05
7.71145e-05
7.51605e-05
7.32632e-05
7.1421e-05
6.96321e-05
0.000128567
0.000125065
0.000121656
0.00011834
0.000115118
0.000111983
0.000108936
0.000105975
0.000103099
0.000100305
9.75913e-05
9.4957e-05
9.23999e-05
8.99181e-05
8.75098e-05
8.51731e-05
8.29062e-05
8.07073e-05
7.85745e-05
7.6506e-05
7.45e-05
7.25547e-05
7.06684e-05
6.88392e-05
6.70656e-05
6.53458e-05
0.000122776
0.000119297
0.000115916
0.000112634
0.000109447
0.000106352
0.000103348
0.000100433
9.76059e-05
9.48638e-05
9.22051e-05
8.96277e-05
8.71297e-05
8.4709e-05
8.23637e-05
8.00917e-05
7.7891e-05
7.57596e-05
7.36954e-05
7.16967e-05
6.97613e-05
6.78873e-05
6.6073e-05
6.43163e-05
6.26155e-05
6.09688e-05
0.00011678
0.000113331
0.000109982
0.000106737
0.000103591
0.000100541
9.7585e-05
9.47214e-05
9.19483e-05
8.92633e-05
8.66642e-05
8.41489e-05
8.17152e-05
7.93608e-05
7.70836e-05
7.48813e-05
7.27517e-05
7.06927e-05
6.87022e-05
6.67779e-05
6.49177e-05
6.31197e-05
6.13818e-05
5.97019e-05
5.80782e-05
5.65087e-05
0.000110583
0.000107166
0.000103856
0.000100653
9.75533e-05
9.45531e-05
9.16506e-05
8.88437e-05
8.61303e-05
8.35079e-05
8.0974e-05
7.85263e-05
7.61623e-05
7.38795e-05
7.16757e-05
6.95484e-05
6.74951e-05
6.55137e-05
6.36016e-05
6.17567e-05
5.99766e-05
5.82592e-05
5.66023e-05
5.50037e-05
5.34614e-05
5.19733e-05
0.000104185
0.000100808
9.75406e-05
9.43847e-05
9.13372e-05
8.83926e-05
8.55492e-05
8.28048e-05
8.01569e-05
7.76028e-05
7.51398e-05
7.27653e-05
7.04767e-05
6.82713e-05
6.61464e-05
6.40994e-05
6.21279e-05
6.02292e-05
5.84008e-05
5.66403e-05
5.49452e-05
5.33132e-05
5.17419e-05
5.0229e-05
4.87725e-05
4.737e-05
9.75898e-05
9.42563e-05
9.10384e-05
8.79361e-05
8.49463e-05
8.20633e-05
7.92851e-05
7.66092e-05
7.40329e-05
7.15532e-05
6.91672e-05
6.68719e-05
6.46646e-05
6.25422e-05
6.0502e-05
5.85412e-05
5.66568e-05
5.48463e-05
5.31069e-05
5.14359e-05
4.98308e-05
4.8289e-05
4.6808e-05
4.53855e-05
4.40191e-05
4.27065e-05
9.07985e-05
8.75152e-05
8.43524e-05
8.131e-05
7.83843e-05
7.55693e-05
7.28627e-05
7.02617e-05
6.77634e-05
6.53645e-05
6.30617e-05
6.0852e-05
5.8732e-05
5.66988e-05
5.47493e-05
5.28803e-05
5.10888e-05
4.9372e-05
4.7727e-05
4.61508e-05
4.46408e-05
4.31941e-05
4.18083e-05
4.04807e-05
3.92089e-05
3.79904e-05
8.38135e-05
8.05869e-05
7.74859e-05
7.45099e-05
7.16551e-05
6.89148e-05
6.62865e-05
6.37673e-05
6.13537e-05
5.90422e-05
5.68292e-05
5.47114e-05
5.26853e-05
5.07475e-05
4.88947e-05
4.71236e-05
4.54309e-05
4.38136e-05
4.22684e-05
4.07924e-05
3.93825e-05
3.80361e-05
3.67502e-05
3.55221e-05
3.43493e-05
3.32292e-05
7.66371e-05
7.34742e-05
7.04419e-05
6.75396e-05
6.47627e-05
6.21043e-05
5.95614e-05
5.7131e-05
5.48091e-05
5.2592e-05
5.04757e-05
4.84566e-05
4.65309e-05
4.4695e-05
4.29453e-05
4.12782e-05
3.96903e-05
3.81781e-05
3.67384e-05
3.5368e-05
3.40636e-05
3.28224e-05
3.16412e-05
3.05173e-05
2.9448e-05
2.84305e-05
6.92719e-05
6.618e-05
6.32239e-05
6.04027e-05
5.77112e-05
5.51422e-05
5.26923e-05
5.03581e-05
4.81353e-05
4.60197e-05
4.40072e-05
4.20938e-05
4.02754e-05
3.8548e-05
3.69079e-05
3.53511e-05
3.3874e-05
3.2473e-05
3.11445e-05
2.98851e-05
2.86915e-05
2.75605e-05
2.6489e-05
2.54739e-05
2.45124e-05
2.36018e-05
6.17206e-05
5.87075e-05
5.58355e-05
5.31033e-05
5.05052e-05
4.80334e-05
4.56844e-05
4.3454e-05
4.13379e-05
3.93314e-05
3.74301e-05
3.56296e-05
3.39254e-05
3.23135e-05
3.07896e-05
2.93496e-05
2.79895e-05
2.67056e-05
2.54941e-05
2.43513e-05
2.32738e-05
2.22581e-05
2.13011e-05
2.03994e-05
1.95502e-05
1.87505e-05
5.39861e-05
5.10601e-05
4.82805e-05
4.56457e-05
4.31493e-05
4.0783e-05
3.85429e-05
3.64245e-05
3.44231e-05
3.25335e-05
3.07509e-05
2.90707e-05
2.74881e-05
2.59986e-05
2.45976e-05
2.32809e-05
2.20443e-05
2.08836e-05
1.97949e-05
1.87743e-05
1.78181e-05
1.69229e-05
1.60851e-05
1.53014e-05
1.45688e-05
1.38842e-05
4.60715e-05
4.32414e-05
4.0563e-05
3.80344e-05
3.56484e-05
3.33962e-05
3.12735e-05
2.92756e-05
2.7397e-05
2.56323e-05
2.39764e-05
2.24241e-05
2.09704e-05
1.96105e-05
1.83394e-05
1.71527e-05
1.60459e-05
1.50145e-05
1.40544e-05
1.31616e-05
1.23321e-05
1.15623e-05
1.08486e-05
1.01874e-05
9.57563e-06
9.01007e-06
3.79803e-05
3.52553e-05
3.26873e-05
3.0274e-05
2.80075e-05
2.58785e-05
2.38822e-05
2.20133e-05
2.02661e-05
1.86346e-05
1.71134e-05
1.56969e-05
1.43797e-05
1.31566e-05
1.20225e-05
1.09726e-05
1.00019e-05
9.10603e-06
8.28047e-06
7.52098e-06
6.8235e-06
6.18413e-06
5.59913e-06
5.06494e-06
4.57816e-06
4.13557e-06
2.97161e-05
2.71058e-05
2.4658e-05
2.23697e-05
2.02323e-05
1.82357e-05
1.63749e-05
1.46441e-05
1.3037e-05
1.15474e-05
1.01691e-05
8.89637e-06
7.72338e-06
6.64458e-06
5.65455e-06
4.74809e-06
3.92017e-06
3.16594e-06
2.48076e-06
1.86016e-06
1.29991e-06
7.95916e-07
3.44317e-07
-5.85799e-08
-4.16281e-07
-7.32111e-07
2.12828e-05
1.87975e-05
1.64799e-05
1.43267e-05
1.23282e-05
1.04739e-05
8.75814e-06
7.17471e-06
5.71679e-06
4.37767e-06
3.15085e-06
2.03003e-06
1.00908e-06
8.20728e-08
-7.5672e-07
-1.51282e-06
-2.19152e-06
-2.79792e-06
-3.33689e-06
-3.81309e-06
-4.23096e-06
-4.59471e-06
-4.90837e-06
-5.17574e-06
-5.40043e-06
-5.58585e-06
1.26847e-05
1.0335e-05
8.15832e-06
6.15063e-06
4.30135e-06
2.59935e-06
1.03848e-06
-3.88022e-07
-1.68748e-06
-2.86712e-06
-3.93387e-06
-4.89447e-06
-5.75543e-06
-6.52305e-06
-7.20339e-06
-7.80226e-06
-8.32524e-06
-8.77767e-06
-9.16465e-06
-9.49103e-06
-9.76142e-06
-9.98019e-06
-1.01515e-05
-1.02792e-05
-1.03671e-05
-1.04186e-05
3.92622e-06
1.72343e-06
-3.01358e-07
-2.15262e-06
-3.84201e-06
-5.38129e-06
-6.77714e-06
-8.03689e-06
-9.1684e-06
-1.01794e-05
-1.10773e-05
-1.18693e-05
-1.25622e-05
-1.31628e-05
-1.36775e-05
-1.41122e-05
-1.4473e-05
-1.47654e-05
-1.49947e-05
-1.51659e-05
-1.52838e-05
-1.5353e-05
-1.53776e-05
-1.53618e-05
-1.53093e-05
-1.52236e-05
-4.98765e-06
-7.03194e-06
-8.89329e-06
-1.05768e-05
-1.20953e-05
-1.34611e-05
-1.46816e-05
-1.57645e-05
-1.67184e-05
-1.75514e-05
-1.82716e-05
-1.88864e-05
-1.94033e-05
-1.98292e-05
-2.01709e-05
-2.04347e-05
-2.06269e-05
-2.07532e-05
-2.08192e-05
-2.083e-05
-2.07906e-05
-2.07057e-05
-2.05796e-05
-2.04164e-05
-2.022e-05
-1.99939e-05
-1.40517e-05
-1.59254e-05
-1.76113e-05
-1.91155e-05
-2.04516e-05
-2.1633e-05
-2.26673e-05
-2.35631e-05
-2.43295e-05
-2.49752e-05
-2.55086e-05
-2.59377e-05
-2.62704e-05
-2.65139e-05
-2.66754e-05
-2.67616e-05
-2.67788e-05
-2.67332e-05
-2.66303e-05
-2.64757e-05
-2.62743e-05
-2.6031e-05
-2.57501e-05
-2.5436e-05
-2.50924e-05
-2.4723e-05
-2.32605e-05
-2.49508e-05
-2.6449e-05
-2.77617e-05
-2.89038e-05
-2.98894e-05
-3.07267e-05
-3.1425e-05
-3.19938e-05
-3.24426e-05
-3.27801e-05
-3.3015e-05
-3.31553e-05
-3.32088e-05
-3.3183e-05
-3.30848e-05
-3.29208e-05
-3.26974e-05
-3.24203e-05
-3.20953e-05
-3.17274e-05
-3.13216e-05
-3.08823e-05
-3.04138e-05
-2.992e-05
-2.94046e-05
-3.26079e-05
-3.41019e-05
-3.53996e-05
-3.65083e-05
-3.74444e-05
-3.82226e-05
-3.88518e-05
-3.93419e-05
-3.9703e-05
-3.99452e-05
-4.00778e-05
-4.01097e-05
-4.00496e-05
-3.99056e-05
-3.96853e-05
-3.93961e-05
-3.90448e-05
-3.86379e-05
-3.81816e-05
-3.76814e-05
-3.71427e-05
-3.65703e-05
-3.59691e-05
-3.5343e-05
-3.46963e-05
-3.40323e-05
-4.20878e-05
-4.33719e-05
-4.44558e-05
-4.53479e-05
-4.60657e-05
-4.66246e-05
-4.70344e-05
-4.73055e-05
-4.74487e-05
-4.74746e-05
-4.73931e-05
-4.72135e-05
-4.69449e-05
-4.65958e-05
-4.61741e-05
-4.56874e-05
-4.51429e-05
-4.45471e-05
-4.39064e-05
-4.32265e-05
-4.25128e-05
-4.17704e-05
-4.10038e-05
-4.02174e-05
-3.9415e-05
-3.86003e-05
-5.16934e-05
-5.27538e-05
-5.36104e-05
-5.42727e-05
-5.47596e-05
-5.50873e-05
-5.52662e-05
-5.53074e-05
-5.52224e-05
-5.50223e-05
-5.47175e-05
-5.43178e-05
-5.38328e-05
-5.32711e-05
-5.26411e-05
-5.19507e-05
-5.12071e-05
-5.04172e-05
-4.95873e-05
-4.87234e-05
-4.78309e-05
-4.69149e-05
-4.598e-05
-4.50304e-05
-4.40701e-05
-4.31028e-05
-6.1418e-05
-6.22402e-05
-6.28556e-05
-6.32747e-05
-6.35178e-05
-6.36022e-05
-6.35385e-05
-6.33388e-05
-6.30152e-05
-6.25794e-05
-6.20422e-05
-6.1414e-05
-6.07046e-05
-5.99231e-05
-5.90782e-05
-5.81779e-05
-5.72296e-05
-5.62405e-05
-5.5217e-05
-5.4165e-05
-5.309e-05
-5.19972e-05
-5.08912e-05
-4.97761e-05
-4.86559e-05
-4.75341e-05
-7.12542e-05
-7.18235e-05
-7.21835e-05
-7.23457e-05
-7.23321e-05
-7.21606e-05
-7.18427e-05
-7.13911e-05
-7.08185e-05
-7.01372e-05
-6.93586e-05
-6.84935e-05
-6.7552e-05
-6.65436e-05
-6.54772e-05
-6.4361e-05
-6.32028e-05
-6.20097e-05
-6.07881e-05
-5.95442e-05
-5.82835e-05
-5.7011e-05
-5.57313e-05
-5.44487e-05
-5.31668e-05
-5.18891e-05
-8.11947e-05
-8.14959e-05
-8.15859e-05
-8.14772e-05
-8.11937e-05
-8.07538e-05
-8.01699e-05
-7.94552e-05
-7.86233e-05
-7.76869e-05
-7.66579e-05
-7.55476e-05
-7.43664e-05
-7.31241e-05
-7.183e-05
-7.04923e-05
-6.91191e-05
-6.77173e-05
-6.62938e-05
-6.48545e-05
-6.34049e-05
-6.19501e-05
-6.04946e-05
-5.90425e-05
-5.75974e-05
-5.61627e-05
-9.12316e-05
-9.12492e-05
-9.10543e-05
-9.06606e-05
-9.00937e-05
-8.93729e-05
-8.8511e-05
-8.75222e-05
-8.64206e-05
-8.52195e-05
-8.39313e-05
-8.25677e-05
-8.11395e-05
-7.96567e-05
-7.81287e-05
-7.65641e-05
-7.49709e-05
-7.33563e-05
-7.1727e-05
-7.00891e-05
-6.84479e-05
-6.68085e-05
-6.51752e-05
-6.35522e-05
-6.19428e-05
-6.03502e-05
-0.000101357
-0.000101075
-0.00010058
-9.98871e-05
-9.90233e-05
-9.80088e-05
-9.68571e-05
-9.55831e-05
-9.42015e-05
-9.27263e-05
-9.11702e-05
-8.95454e-05
-8.78628e-05
-8.6133e-05
-8.43654e-05
-8.25688e-05
-8.07511e-05
-7.89197e-05
-7.70813e-05
-7.52417e-05
-7.34065e-05
-7.15805e-05
-6.9768e-05
-6.79727e-05
-6.61981e-05
-6.44472e-05
-0.000111563
-0.000110965
-0.000110155
-0.000109148
-0.000107973
-0.000106652
-0.000105199
-0.000103629
-0.000101957
-0.000100198
-9.83658e-05
-9.6472e-05
-9.45283e-05
-9.25452e-05
-9.05325e-05
-8.84989e-05
-8.64526e-05
-8.44007e-05
-8.235e-05
-8.03064e-05
-7.8275e-05
-7.62607e-05
-7.42676e-05
-7.22993e-05
-7.0359e-05
-6.84494e-05
-0.00012184
-0.000120911
-0.000119769
-0.000118433
-0.000116935
-0.000115294
-0.000113527
-0.00011165
-0.000109678
-0.000107627
-0.000105509
-0.000103339
-0.000101128
-9.88855e-05
-9.66224e-05
-9.43473e-05
-9.20684e-05
-8.97928e-05
-8.75271e-05
-8.52771e-05
-8.30479e-05
-8.0844e-05
-7.86694e-05
-7.65275e-05
-7.44212e-05
-7.23531e-05
-0.000132181
-0.000130902
-0.000129414
-0.000127735
-0.000125898
-0.000123925
-0.000121833
-0.000119637
-0.000117355
-0.000115002
-0.000112593
-0.000110139
-0.000107653
-0.000105146
-0.000102628
-0.000100107
-9.75919e-05
-9.50897e-05
-9.26066e-05
-9.01483e-05
-8.77198e-05
-8.53254e-05
-8.29687e-05
-8.0653e-05
-7.83809e-05
-7.61546e-05
-0.000142576
-0.000140931
-0.00013908
-0.000137042
-0.000134853
-0.000132536
-0.000130106
-0.000127582
-0.00012498
-0.000122317
-0.000119607
-0.000116863
-0.000114096
-0.000111319
-0.000108541
-0.000105771
-0.000103017
-0.000100285
-9.75828e-05
-9.49148e-05
-9.2286e-05
-8.97004e-05
-8.71615e-05
-8.4672e-05
-8.22345e-05
-7.98506e-05
0.000121466
0.000119189
0.000116906
0.000114616
0.000112322
0.000110024
0.000107724
0.000105422
0.00010312
0.000100819
9.85206e-05
9.62254e-05
9.3935e-05
9.16507e-05
8.93738e-05
8.71056e-05
8.48474e-05
8.26007e-05
8.03668e-05
7.81471e-05
7.59429e-05
7.37556e-05
7.15865e-05
6.94371e-05
6.73086e-05
6.52024e-05
6.31198e-05
6.1062e-05
5.90304e-05
5.70261e-05
5.50504e-05
5.31045e-05
5.11893e-05
4.93061e-05
4.74558e-05
4.56395e-05
4.3858e-05
4.21122e-05
4.04031e-05
3.87312e-05
3.70973e-05
3.55021e-05
3.39461e-05
3.24297e-05
3.09535e-05
0.000121144
0.00011887
0.00011659
0.000114303
0.000112013
0.000109718
0.000107422
0.000105124
0.000102825
0.000100529
9.8234e-05
9.5943e-05
9.3657e-05
9.13772e-05
8.91049e-05
8.68415e-05
8.45882e-05
8.23465e-05
8.01177e-05
7.79031e-05
7.57042e-05
7.35223e-05
7.13586e-05
6.92147e-05
6.70918e-05
6.49912e-05
6.29142e-05
6.08622e-05
5.88363e-05
5.68378e-05
5.48678e-05
5.29276e-05
5.10182e-05
4.91407e-05
4.72961e-05
4.54855e-05
4.37096e-05
4.19695e-05
4.02658e-05
3.85994e-05
3.69709e-05
3.5381e-05
3.38302e-05
3.23189e-05
3.08478e-05
0.000120518
0.00011825
0.000115975
0.000113695
0.000111411
0.000109123
0.000106834
0.000104543
0.000102252
9.99634e-05
9.76769e-05
9.53944e-05
9.31169e-05
9.0846e-05
8.85827e-05
8.63286e-05
8.40848e-05
8.18528e-05
7.96339e-05
7.74294e-05
7.52408e-05
7.30692e-05
7.09162e-05
6.8783e-05
6.66709e-05
6.45812e-05
6.25152e-05
6.04743e-05
5.84595e-05
5.64722e-05
5.45134e-05
5.25844e-05
5.06862e-05
4.88198e-05
4.69863e-05
4.51867e-05
4.34218e-05
4.16925e-05
3.99996e-05
3.83438e-05
3.67257e-05
3.51461e-05
3.36054e-05
3.2104e-05
3.06426e-05
0.000119604
0.000117344
0.000115079
0.000112808
0.000110533
0.000108256
0.000105977
0.000103697
0.000101417
9.91398e-05
9.68652e-05
9.45949e-05
9.23301e-05
9.0072e-05
8.78221e-05
8.55815e-05
8.33517e-05
8.11339e-05
7.89295e-05
7.67398e-05
7.45662e-05
7.24099e-05
7.02723e-05
6.81547e-05
6.60584e-05
6.39847e-05
6.19348e-05
5.991e-05
5.79115e-05
5.59405e-05
5.39981e-05
5.20853e-05
5.02034e-05
4.83533e-05
4.6536e-05
4.47525e-05
4.30035e-05
4.129e-05
3.96127e-05
3.79723e-05
3.63694e-05
3.48048e-05
3.32788e-05
3.17919e-05
3.03446e-05
0.000118419
0.00011617
0.000113916
0.000111658
0.000109396
0.000107131
0.000104865
0.0001026
0.000100335
9.80724e-05
9.58133e-05
9.3559e-05
9.13107e-05
8.90696e-05
8.6837e-05
8.46142e-05
8.24025e-05
8.02033e-05
7.80178e-05
7.58473e-05
7.36932e-05
7.15568e-05
6.94393e-05
6.73421e-05
6.52663e-05
6.32134e-05
6.11844e-05
5.91806e-05
5.72032e-05
5.52533e-05
5.33321e-05
5.14406e-05
4.95798e-05
4.77507e-05
4.59544e-05
4.41917e-05
4.24634e-05
4.07703e-05
3.91132e-05
3.74927e-05
3.59096e-05
3.43643e-05
3.28573e-05
3.1389e-05
2.996e-05
0.000116976
0.000114741
0.000112501
0.000110258
0.000108011
0.000105763
0.000103514
0.000101266
9.9019e-05
9.6775e-05
9.45351e-05
9.23005e-05
9.00724e-05
8.78521e-05
8.56408e-05
8.34397e-05
8.12503e-05
7.90738e-05
7.69114e-05
7.47645e-05
7.26343e-05
7.05222e-05
6.84292e-05
6.63569e-05
6.43062e-05
6.22786e-05
6.02751e-05
5.82969e-05
5.63452e-05
5.44211e-05
5.25257e-05
5.06599e-05
4.88248e-05
4.70214e-05
4.52505e-05
4.35131e-05
4.18099e-05
4.01416e-05
3.8509e-05
3.69128e-05
3.53535e-05
3.38316e-05
3.23477e-05
3.09021e-05
2.94952e-05
0.000115289
0.000113071
0.000110848
0.000108622
0.000106394
0.000104165
0.000101936
9.97084e-05
9.74829e-05
9.52609e-05
9.30437e-05
9.08323e-05
8.86281e-05
8.64323e-05
8.42461e-05
8.20708e-05
7.99076e-05
7.77578e-05
7.56227e-05
7.35035e-05
7.14014e-05
6.93177e-05
6.72536e-05
6.52104e-05
6.31892e-05
6.11912e-05
5.92176e-05
5.72694e-05
5.53478e-05
5.34539e-05
5.15886e-05
4.97529e-05
4.79479e-05
4.61744e-05
4.44332e-05
4.27253e-05
4.10513e-05
3.9412e-05
3.7808e-05
3.62399e-05
3.47084e-05
3.32138e-05
3.17567e-05
3.03374e-05
2.89562e-05
0.000113371
0.000111171
0.000108969
0.000106763
0.000104557
0.00010235
0.000100144
9.79401e-05
9.57392e-05
9.35425e-05
9.13513e-05
8.91668e-05
8.69901e-05
8.48225e-05
8.26652e-05
8.05194e-05
7.83863e-05
7.62671e-05
7.41632e-05
7.20757e-05
7.00058e-05
6.79547e-05
6.59236e-05
6.39137e-05
6.19261e-05
5.99619e-05
5.80223e-05
5.61083e-05
5.4221e-05
5.23613e-05
5.05303e-05
4.87289e-05
4.6958e-05
4.52184e-05
4.3511e-05
4.18365e-05
4.01957e-05
3.85891e-05
3.70175e-05
3.54814e-05
3.39812e-05
3.25176e-05
3.10907e-05
2.97011e-05
2.8349e-05
0.000111233
0.000109055
0.000106875
0.000104693
0.000102511
0.00010033
9.81497e-05
9.59727e-05
9.37996e-05
9.16317e-05
8.947e-05
8.73158e-05
8.51702e-05
8.30344e-05
8.09096e-05
7.8797e-05
7.66978e-05
7.46131e-05
7.25443e-05
7.04923e-05
6.84585e-05
6.6444e-05
6.44498e-05
6.24772e-05
6.05272e-05
5.86008e-05
5.66993e-05
5.48234e-05
5.29743e-05
5.11529e-05
4.93601e-05
4.75968e-05
4.58639e-05
4.41621e-05
4.24922e-05
4.08548e-05
3.92508e-05
3.76806e-05
3.61449e-05
3.46442e-05
3.31789e-05
3.17494e-05
3.03561e-05
2.89994e-05
2.76794e-05
0.000108886
0.000106733
0.000104578
0.000102423
0.000100268
9.8115e-05
9.59644e-05
9.38176e-05
9.16757e-05
8.95397e-05
8.7411e-05
8.52905e-05
8.31795e-05
8.10791e-05
7.89904e-05
7.69147e-05
7.48531e-05
7.28067e-05
7.07766e-05
6.87641e-05
6.67702e-05
6.4796e-05
6.28426e-05
6.09111e-05
5.90025e-05
5.71179e-05
5.52581e-05
5.34242e-05
5.16171e-05
4.98378e-05
4.80869e-05
4.63654e-05
4.46741e-05
4.30136e-05
4.13847e-05
3.97881e-05
3.82242e-05
3.66938e-05
3.51973e-05
3.37352e-05
3.23078e-05
3.09157e-05
2.9559e-05
2.8238e-05
2.6953e-05
0.000106342
0.000104216
0.000102089
9.99634e-05
9.7839e-05
9.57172e-05
9.3599e-05
9.14856e-05
8.93781e-05
8.72775e-05
8.51851e-05
8.31018e-05
8.10288e-05
7.89673e-05
7.69184e-05
7.48832e-05
7.28628e-05
7.08582e-05
6.88707e-05
6.69013e-05
6.4951e-05
6.30209e-05
6.1112e-05
5.92253e-05
5.73618e-05
5.55225e-05
5.37082e-05
5.19199e-05
5.01585e-05
4.84246e-05
4.67192e-05
4.5043e-05
4.33967e-05
4.1781e-05
4.01964e-05
3.86437e-05
3.71233e-05
3.56357e-05
3.41815e-05
3.27609e-05
3.13745e-05
3.00225e-05
2.87051e-05
2.74226e-05
2.61753e-05
0.000103609
0.000101514
9.94184e-05
9.73248e-05
9.52338e-05
9.31465e-05
9.1064e-05
8.89872e-05
8.69174e-05
8.48555e-05
8.28027e-05
8.07601e-05
7.87287e-05
7.67096e-05
7.47039e-05
7.27127e-05
7.07371e-05
6.8778e-05
6.68366e-05
6.49139e-05
6.30108e-05
6.11284e-05
5.92675e-05
5.74292e-05
5.56144e-05
5.38239e-05
5.20587e-05
5.03194e-05
4.86069e-05
4.6922e-05
4.52654e-05
4.36377e-05
4.20397e-05
4.04718e-05
3.89347e-05
3.7429e-05
3.5955e-05
3.45132e-05
3.3104e-05
3.17279e-05
3.0385e-05
2.90757e-05
2.78002e-05
2.65587e-05
2.53513e-05
0.000100699
9.86362e-05
9.65753e-05
9.4517e-05
9.24626e-05
9.0413e-05
8.83692e-05
8.63324e-05
8.43036e-05
8.22838e-05
8.0274e-05
7.82754e-05
7.6289e-05
7.43158e-05
7.23569e-05
7.04132e-05
6.84859e-05
6.65758e-05
6.46841e-05
6.28115e-05
6.09591e-05
5.91278e-05
5.73185e-05
5.55321e-05
5.37693e-05
5.20311e-05
5.03181e-05
4.86311e-05
4.69709e-05
4.53382e-05
4.37335e-05
4.21574e-05
4.06106e-05
3.90936e-05
3.76069e-05
3.61509e-05
3.4726e-05
3.33327e-05
3.19713e-05
3.0642e-05
2.93452e-05
2.8081e-05
2.68497e-05
2.56514e-05
2.44862e-05
9.76197e-05
9.5593e-05
9.35693e-05
9.15495e-05
8.95348e-05
8.75261e-05
8.55245e-05
8.35309e-05
8.15464e-05
7.9572e-05
7.76087e-05
7.56576e-05
7.37196e-05
7.17957e-05
6.9887e-05
6.79943e-05
6.61187e-05
6.42611e-05
6.24224e-05
6.06034e-05
5.88052e-05
5.70284e-05
5.5274e-05
5.35427e-05
5.18352e-05
5.01524e-05
4.8495e-05
4.68635e-05
4.52586e-05
4.3681e-05
4.21311e-05
4.06096e-05
3.91169e-05
3.76535e-05
3.62198e-05
3.48162e-05
3.3443e-05
3.21006e-05
3.07893e-05
2.95093e-05
2.82607e-05
2.70439e-05
2.58589e-05
2.47057e-05
2.35846e-05
9.43805e-05
9.2393e-05
9.04097e-05
8.84316e-05
8.64598e-05
8.44953e-05
8.2539e-05
8.0592e-05
7.86552e-05
7.67296e-05
7.48161e-05
7.29159e-05
7.10297e-05
6.91586e-05
6.73035e-05
6.54653e-05
6.36448e-05
6.1843e-05
6.00607e-05
5.82987e-05
5.65579e-05
5.48389e-05
5.31426e-05
5.14696e-05
4.98206e-05
4.81963e-05
4.65974e-05
4.50243e-05
4.34777e-05
4.1958e-05
4.04658e-05
3.90015e-05
3.75655e-05
3.61583e-05
3.47801e-05
3.34313e-05
3.21122e-05
3.0823e-05
2.95639e-05
2.83352e-05
2.7137e-05
2.59694e-05
2.48326e-05
2.37265e-05
2.26512e-05
9.09902e-05
8.90449e-05
8.71053e-05
8.51722e-05
8.32466e-05
8.13296e-05
7.9422e-05
7.75249e-05
7.56391e-05
7.37657e-05
7.19056e-05
7.00596e-05
6.82287e-05
6.64137e-05
6.46156e-05
6.28351e-05
6.10732e-05
5.93305e-05
5.76079e-05
5.59061e-05
5.42258e-05
5.25678e-05
5.09327e-05
4.93211e-05
4.77336e-05
4.61708e-05
4.46332e-05
4.31213e-05
4.16357e-05
4.01766e-05
3.87447e-05
3.73401e-05
3.59633e-05
3.46145e-05
3.32942e-05
3.20024e-05
3.07394e-05
2.95055e-05
2.83007e-05
2.71252e-05
2.59792e-05
2.48626e-05
2.37756e-05
2.27182e-05
2.16903e-05
8.74572e-05
8.55575e-05
8.36648e-05
8.17799e-05
7.99039e-05
7.80377e-05
7.61823e-05
7.43385e-05
7.25072e-05
7.06894e-05
6.88859e-05
6.70976e-05
6.53253e-05
6.35698e-05
6.1832e-05
6.01126e-05
5.84124e-05
5.67321e-05
5.50724e-05
5.3434e-05
5.18175e-05
5.02234e-05
4.86525e-05
4.71051e-05
4.5582e-05
4.40834e-05
4.26099e-05
4.11619e-05
3.97398e-05
3.83439e-05
3.69746e-05
3.56321e-05
3.43167e-05
3.30286e-05
3.17681e-05
3.05354e-05
2.93305e-05
2.81536e-05
2.70049e-05
2.58844e-05
2.47921e-05
2.37282e-05
2.26925e-05
2.16851e-05
2.0706e-05
8.37899e-05
8.19391e-05
8.00966e-05
7.82634e-05
7.64404e-05
7.46284e-05
7.28285e-05
7.10414e-05
6.92681e-05
6.75093e-05
6.57658e-05
6.40385e-05
6.23282e-05
6.06356e-05
5.89614e-05
5.73064e-05
5.56712e-05
5.40564e-05
5.24627e-05
5.08907e-05
4.93408e-05
4.78137e-05
4.63098e-05
4.48295e-05
4.33734e-05
4.19417e-05
4.05349e-05
3.91532e-05
3.7797e-05
3.64666e-05
3.51621e-05
3.38838e-05
3.26319e-05
3.14065e-05
3.02078e-05
2.90359e-05
2.78908e-05
2.67727e-05
2.56817e-05
2.46176e-05
2.35805e-05
2.25705e-05
2.15875e-05
2.06314e-05
1.97022e-05
7.99964e-05
7.81978e-05
7.64091e-05
7.46309e-05
7.28643e-05
7.11102e-05
6.93692e-05
6.76423e-05
6.59303e-05
6.42339e-05
6.25539e-05
6.0891e-05
5.9246e-05
5.76195e-05
5.60122e-05
5.44247e-05
5.28576e-05
5.13114e-05
4.97867e-05
4.8284e-05
4.68038e-05
4.53464e-05
4.39122e-05
4.25017e-05
4.11152e-05
3.97529e-05
3.84151e-05
3.71021e-05
3.5814e-05
3.45512e-05
3.33136e-05
3.21015e-05
3.09149e-05
2.9754e-05
2.86188e-05
2.75093e-05
2.64256e-05
2.53678e-05
2.43357e-05
2.33294e-05
2.23488e-05
2.13939e-05
2.04646e-05
1.95608e-05
1.86826e-05
7.60847e-05
7.4342e-05
7.26104e-05
7.08908e-05
6.91842e-05
6.74912e-05
6.58127e-05
6.41494e-05
6.25022e-05
6.08716e-05
5.92584e-05
5.76633e-05
5.60868e-05
5.45297e-05
5.29924e-05
5.14756e-05
4.99796e-05
4.85051e-05
4.70523e-05
4.56218e-05
4.42139e-05
4.28289e-05
4.14672e-05
4.01289e-05
3.88144e-05
3.75237e-05
3.62573e-05
3.5015e-05
3.37972e-05
3.26039e-05
3.14351e-05
3.02909e-05
2.91714e-05
2.80765e-05
2.70063e-05
2.59608e-05
2.49398e-05
2.39435e-05
2.29716e-05
2.20241e-05
2.11011e-05
2.02023e-05
1.93277e-05
1.84771e-05
1.76506e-05
7.20629e-05
7.03794e-05
6.87086e-05
6.70511e-05
6.54079e-05
6.37797e-05
6.21671e-05
6.0571e-05
5.89919e-05
5.74306e-05
5.58875e-05
5.43635e-05
5.28589e-05
5.13743e-05
4.99102e-05
4.8467e-05
4.70452e-05
4.56451e-05
4.42672e-05
4.29116e-05
4.15786e-05
4.02686e-05
3.89816e-05
3.7718e-05
3.64777e-05
3.5261e-05
3.40679e-05
3.28984e-05
3.17527e-05
3.06306e-05
2.95323e-05
2.84577e-05
2.74067e-05
2.63793e-05
2.53755e-05
2.43951e-05
2.3438e-05
2.25042e-05
2.15936e-05
2.0706e-05
1.98413e-05
1.89995e-05
1.81803e-05
1.73837e-05
1.66096e-05
6.79386e-05
6.63181e-05
6.47116e-05
6.31199e-05
6.15437e-05
5.99837e-05
5.84406e-05
5.69151e-05
5.54076e-05
5.39188e-05
5.24493e-05
5.09995e-05
4.957e-05
4.8161e-05
4.67731e-05
4.54066e-05
4.40618e-05
4.27391e-05
4.14385e-05
4.01605e-05
3.8905e-05
3.76723e-05
3.64625e-05
3.52757e-05
3.41118e-05
3.29709e-05
3.18531e-05
3.07582e-05
2.96863e-05
2.86372e-05
2.76108e-05
2.66072e-05
2.56261e-05
2.46674e-05
2.3731e-05
2.28168e-05
2.19247e-05
2.10544e-05
2.02058e-05
1.93788e-05
1.85733e-05
1.7789e-05
1.70259e-05
1.62838e-05
1.55625e-05
6.37198e-05
6.21659e-05
6.06274e-05
5.9105e-05
5.75994e-05
5.61112e-05
5.46411e-05
5.31896e-05
5.17572e-05
5.03443e-05
4.89516e-05
4.75793e-05
4.62278e-05
4.48976e-05
4.35889e-05
4.23019e-05
4.10369e-05
3.97941e-05
3.85736e-05
3.73755e-05
3.62e-05
3.50469e-05
3.39164e-05
3.28084e-05
3.17229e-05
3.06597e-05
2.96189e-05
2.86002e-05
2.76036e-05
2.66288e-05
2.56758e-05
2.47443e-05
2.38343e-05
2.29454e-05
2.20775e-05
2.12304e-05
2.04039e-05
1.95978e-05
1.8812e-05
1.80463e-05
1.73004e-05
1.65742e-05
1.58676e-05
1.51803e-05
1.45123e-05
5.94142e-05
5.79306e-05
5.64638e-05
5.50143e-05
5.35829e-05
5.21701e-05
5.07765e-05
4.94024e-05
4.80484e-05
4.67148e-05
4.5402e-05
4.41103e-05
4.28401e-05
4.15916e-05
4.03648e-05
3.91602e-05
3.79777e-05
3.68174e-05
3.56793e-05
3.45636e-05
3.34701e-05
3.23988e-05
3.13496e-05
3.03224e-05
2.9317e-05
2.83332e-05
2.73709e-05
2.64299e-05
2.55099e-05
2.46108e-05
2.37322e-05
2.2874e-05
2.20359e-05
2.12177e-05
2.0419e-05
1.96398e-05
1.88796e-05
1.81384e-05
1.74158e-05
1.67117e-05
1.60258e-05
1.53581e-05
1.47082e-05
1.4076e-05
1.34615e-05
5.50295e-05
5.36199e-05
5.22284e-05
5.08556e-05
4.9502e-05
4.81682e-05
4.68544e-05
4.55612e-05
4.42889e-05
4.30378e-05
4.18082e-05
4.06002e-05
3.94142e-05
3.82501e-05
3.71082e-05
3.59885e-05
3.4891e-05
3.38156e-05
3.27624e-05
3.17312e-05
3.07219e-05
2.97343e-05
2.87682e-05
2.78235e-05
2.68998e-05
2.59969e-05
2.51146e-05
2.42525e-05
2.34104e-05
2.25879e-05
2.17848e-05
2.10007e-05
2.02354e-05
1.94885e-05
1.87597e-05
1.80488e-05
1.73555e-05
1.66794e-05
1.60204e-05
1.53783e-05
1.47527e-05
1.41436e-05
1.35506e-05
1.29736e-05
1.24126e-05
5.05733e-05
4.92415e-05
4.79291e-05
4.66366e-05
4.53644e-05
4.4113e-05
4.28826e-05
4.16736e-05
4.04863e-05
3.93209e-05
3.81775e-05
3.70562e-05
3.59572e-05
3.48804e-05
3.3826e-05
3.27938e-05
3.17837e-05
3.07956e-05
2.98293e-05
2.88847e-05
2.79615e-05
2.70594e-05
2.61781e-05
2.53174e-05
2.44769e-05
2.36563e-05
2.28551e-05
2.20731e-05
2.13098e-05
2.05649e-05
1.9838e-05
1.91287e-05
1.84368e-05
1.77617e-05
1.71033e-05
1.64611e-05
1.58349e-05
1.52243e-05
1.46291e-05
1.4049e-05
1.34838e-05
1.29333e-05
1.23973e-05
1.18755e-05
1.13679e-05
4.60532e-05
4.48031e-05
4.35735e-05
4.23649e-05
4.11777e-05
4.00121e-05
3.88686e-05
3.77471e-05
3.6648e-05
3.55713e-05
3.45172e-05
3.34855e-05
3.24763e-05
3.14895e-05
3.0525e-05
2.95826e-05
2.86622e-05
2.77635e-05
2.68863e-05
2.60301e-05
2.51948e-05
2.43798e-05
2.35849e-05
2.28096e-05
2.20535e-05
2.13162e-05
2.05973e-05
1.98962e-05
1.92126e-05
1.85459e-05
1.78959e-05
1.7262e-05
1.66439e-05
1.60411e-05
1.54532e-05
1.488e-05
1.4321e-05
1.3776e-05
1.32446e-05
1.27266e-05
1.22217e-05
1.17297e-05
1.12505e-05
1.07838e-05
1.03295e-05
4.1477e-05
4.03122e-05
3.91691e-05
3.8048e-05
3.69493e-05
3.58732e-05
3.48197e-05
3.37891e-05
3.27813e-05
3.17964e-05
3.08344e-05
2.9895e-05
2.89783e-05
2.8084e-05
2.72119e-05
2.63617e-05
2.55331e-05
2.47257e-05
2.39393e-05
2.31734e-05
2.24274e-05
2.17011e-05
2.09938e-05
2.03052e-05
1.96346e-05
1.89817e-05
1.83457e-05
1.77264e-05
1.7123e-05
1.65352e-05
1.59625e-05
1.54043e-05
1.48602e-05
1.43299e-05
1.38128e-05
1.33085e-05
1.28168e-05
1.23373e-05
1.18696e-05
1.14135e-05
1.09688e-05
1.05352e-05
1.01125e-05
9.70052e-06
9.29923e-06
3.68521e-05
3.57764e-05
3.47235e-05
3.36936e-05
3.26869e-05
3.17035e-05
3.07434e-05
2.98068e-05
2.88934e-05
2.80032e-05
2.7136e-05
2.62917e-05
2.547e-05
2.46705e-05
2.3893e-05
2.31371e-05
2.24023e-05
2.16881e-05
2.09942e-05
2.032e-05
1.9665e-05
1.90285e-05
1.84101e-05
1.78091e-05
1.7225e-05
1.66571e-05
1.61049e-05
1.55678e-05
1.50452e-05
1.45366e-05
1.40414e-05
1.35591e-05
1.30893e-05
1.26313e-05
1.21849e-05
1.17496e-05
1.1325e-05
1.09108e-05
1.05066e-05
1.01122e-05
9.72724e-06
9.35163e-06
8.98514e-06
8.62757e-06
8.27888e-06
3.21861e-05
3.12033e-05
3.02442e-05
2.9309e-05
2.83977e-05
2.75104e-05
2.66469e-05
2.58073e-05
2.49912e-05
2.41985e-05
2.3429e-05
2.26822e-05
2.19578e-05
2.12554e-05
2.05746e-05
1.99149e-05
1.92757e-05
1.86564e-05
1.80566e-05
1.74755e-05
1.69125e-05
1.63671e-05
1.58384e-05
1.5326e-05
1.4829e-05
1.43468e-05
1.38789e-05
1.34244e-05
1.29829e-05
1.25536e-05
1.21361e-05
1.17298e-05
1.1334e-05
1.09484e-05
1.05726e-05
1.02059e-05
9.84813e-06
9.49886e-06
9.15778e-06
8.8246e-06
8.49909e-06
8.18103e-06
7.87026e-06
7.5666e-06
7.27003e-06
2.74865e-05
2.66002e-05
2.57386e-05
2.49015e-05
2.4089e-05
2.3301e-05
2.25373e-05
2.17976e-05
2.10817e-05
2.03892e-05
1.97197e-05
1.90729e-05
1.84481e-05
1.78449e-05
1.72628e-05
1.6701e-05
1.6159e-05
1.56361e-05
1.51317e-05
1.46449e-05
1.41751e-05
1.37216e-05
1.32835e-05
1.28602e-05
1.24509e-05
1.20549e-05
1.16715e-05
1.12999e-05
1.09395e-05
1.05897e-05
1.02498e-05
9.91918e-06
9.59739e-06
9.28388e-06
8.97817e-06
8.67983e-06
8.38846e-06
8.1037e-06
7.82523e-06
7.55278e-06
7.28613e-06
7.02507e-06
6.76945e-06
6.51913e-06
6.27409e-06
2.27607e-05
2.19747e-05
2.1214e-05
2.04785e-05
1.97681e-05
1.90825e-05
1.84214e-05
1.77846e-05
1.71715e-05
1.65817e-05
1.60148e-05
1.54701e-05
1.4947e-05
1.44449e-05
1.39632e-05
1.3501e-05
1.30577e-05
1.26325e-05
1.22245e-05
1.18331e-05
1.14574e-05
1.10964e-05
1.07496e-05
1.04159e-05
1.00947e-05
9.78506e-06
9.4863e-06
9.19763e-06
8.91835e-06
8.64778e-06
8.38525e-06
8.13017e-06
7.88197e-06
7.64012e-06
7.40414e-06
7.17359e-06
6.94807e-06
6.72724e-06
6.51078e-06
6.29844e-06
6.09001e-06
5.88529e-06
5.68417e-06
5.48652e-06
5.29234e-06
1.80163e-05
1.73341e-05
1.66778e-05
1.60471e-05
1.54419e-05
1.48618e-05
1.43063e-05
1.37749e-05
1.32673e-05
1.27826e-05
1.23204e-05
1.18799e-05
1.14604e-05
1.10612e-05
1.06814e-05
1.03203e-05
9.97693e-06
9.65047e-06
9.34005e-06
9.04477e-06
8.76372e-06
8.49601e-06
8.24074e-06
7.99703e-06
7.76402e-06
7.54086e-06
7.32673e-06
7.12084e-06
6.92244e-06
6.73083e-06
6.54532e-06
6.36529e-06
6.19018e-06
6.01944e-06
5.85259e-06
5.6892e-06
5.52887e-06
5.37127e-06
5.21611e-06
5.06315e-06
4.91219e-06
4.76307e-06
4.6157e-06
4.46997e-06
4.32592e-06
1.32606e-05
1.26856e-05
1.2137e-05
1.16144e-05
1.11175e-05
1.06457e-05
1.01984e-05
9.77522e-06
9.37532e-06
8.99804e-06
8.64262e-06
8.30825e-06
7.99408e-06
7.69926e-06
7.42287e-06
7.16399e-06
6.92165e-06
6.6949e-06
6.48276e-06
6.28425e-06
6.0984e-06
5.92424e-06
5.7608e-06
5.60715e-06
5.46236e-06
5.32554e-06
5.19584e-06
5.07244e-06
4.95455e-06
4.84144e-06
4.73242e-06
4.62687e-06
4.5242e-06
4.42389e-06
4.32545e-06
4.22846e-06
4.13255e-06
4.03739e-06
3.94271e-06
3.84829e-06
3.75397e-06
3.65963e-06
3.56519e-06
3.47055e-06
3.37583e-06
8.50076e-06
8.03647e-06
7.59882e-06
7.18736e-06
6.80157e-06
6.44084e-06
6.10449e-06
5.79177e-06
5.5019e-06
5.23404e-06
4.98729e-06
4.76075e-06
4.55344e-06
4.3644e-06
4.1926e-06
4.03701e-06
3.89658e-06
3.77025e-06
3.65697e-06
3.55568e-06
3.46533e-06
3.38488e-06
3.31332e-06
3.24964e-06
3.19289e-06
3.14214e-06
3.0965e-06
3.05512e-06
3.01719e-06
2.98198e-06
2.94879e-06
2.917e-06
2.88602e-06
2.85533e-06
2.82446e-06
2.79301e-06
2.76063e-06
2.727e-06
2.69189e-06
2.65512e-06
2.61653e-06
2.57605e-06
2.53363e-06
2.48922e-06
2.44295e-06
3.74408e-06
3.39372e-06
3.07014e-06
2.77274e-06
2.50089e-06
2.25384e-06
2.03076e-06
1.83078e-06
1.65299e-06
1.49642e-06
1.36005e-06
1.24286e-06
1.14376e-06
1.06166e-06
9.95456e-07
9.43999e-07
9.06155e-07
8.80784e-07
8.66748e-07
8.62912e-07
8.68164e-07
8.81411e-07
9.0158e-07
9.2763e-07
9.58566e-07
9.93428e-07
1.0313e-06
1.07133e-06
1.11269e-06
1.15463e-06
1.19647e-06
1.23758e-06
1.27739e-06
1.3154e-06
1.35115e-06
1.38428e-06
1.41443e-06
1.44136e-06
1.46483e-06
1.4847e-06
1.50087e-06
1.51328e-06
1.52191e-06
1.52677e-06
1.52803e-06
-1.00236e-06
-1.23564e-06
-1.4422e-06
-1.62274e-06
-1.77804e-06
-1.909e-06
-2.01657e-06
-2.10176e-06
-2.16561e-06
-2.2092e-06
-2.23368e-06
-2.24021e-06
-2.22996e-06
-2.20413e-06
-2.16395e-06
-2.11063e-06
-2.0454e-06
-1.96949e-06
-1.8841e-06
-1.79044e-06
-1.68968e-06
-1.58295e-06
-1.47138e-06
-1.35603e-06
-1.23793e-06
-1.11808e-06
-9.97378e-07
-8.76713e-07
-7.569e-07
-6.38687e-07
-5.2275e-07
-4.0971e-07
-3.00114e-07
-1.94441e-07
-9.31109e-08
3.51684e-09
9.5145e-08
1.81543e-07
2.62525e-07
3.37976e-07
4.07842e-07
4.72099e-07
5.30774e-07
5.83912e-07
6.3172e-07
-5.73156e-06
-5.84478e-06
-5.9315e-06
-5.99256e-06
-6.02889e-06
-6.04152e-06
-6.03152e-06
-6.00006e-06
-5.94829e-06
-5.87743e-06
-5.78873e-06
-5.68346e-06
-5.56292e-06
-5.42842e-06
-5.28125e-06
-5.12273e-06
-4.95415e-06
-4.77683e-06
-4.59205e-06
-4.40105e-06
-4.20504e-06
-4.00523e-06
-3.80276e-06
-3.59871e-06
-3.39415e-06
-3.19007e-06
-2.9874e-06
-2.78701e-06
-2.58971e-06
-2.39624e-06
-2.20727e-06
-2.02339e-06
-1.84512e-06
-1.67291e-06
-1.50716e-06
-1.34819e-06
-1.19624e-06
-1.05152e-06
-9.14173e-07
-7.84264e-07
-6.61814e-07
-5.46804e-07
-4.39157e-07
-3.38786e-07
-2.45452e-07
-1.04367e-05
-1.0427e-05
-1.03912e-05
-1.03304e-05
-1.02455e-05
-1.01377e-05
-1.00083e-05
-9.85854e-06
-9.68969e-06
-9.50309e-06
-9.30013e-06
-9.08218e-06
-8.85063e-06
-8.60689e-06
-8.35235e-06
-8.0884e-06
-7.81642e-06
-7.53778e-06
-7.25381e-06
-6.96581e-06
-6.67504e-06
-6.38271e-06
-6.09001e-06
-5.79804e-06
-5.50787e-06
-5.2205e-06
-4.93684e-06
-4.65778e-06
-4.3841e-06
-4.11652e-06
-3.85569e-06
-3.60217e-06
-3.35644e-06
-3.11893e-06
-2.89e-06
-2.66991e-06
-2.45887e-06
-2.25705e-06
-2.06454e-06
-1.88136e-06
-1.7075e-06
-1.54287e-06
-1.38737e-06
-1.24085e-06
-1.10305e-06
-1.5111e-05
-1.49758e-05
-1.48151e-05
-1.463e-05
-1.44219e-05
-1.41919e-05
-1.39414e-05
-1.36719e-05
-1.33847e-05
-1.30813e-05
-1.27632e-05
-1.24319e-05
-1.20888e-05
-1.17355e-05
-1.13734e-05
-1.1004e-05
-1.06288e-05
-1.02491e-05
-9.86638e-06
-9.48191e-06
-9.09701e-06
-8.71293e-06
-8.33085e-06
-7.95189e-06
-7.57712e-06
-7.20753e-06
-6.84403e-06
-6.48747e-06
-6.13864e-06
-5.7982e-06
-5.46679e-06
-5.14493e-06
-4.83306e-06
-4.53157e-06
-4.24076e-06
-3.96086e-06
-3.69204e-06
-3.4344e-06
-3.18799e-06
-2.95278e-06
-2.72871e-06
-2.51566e-06
-2.31345e-06
-2.12191e-06
-1.94072e-06
-1.97479e-05
-1.94847e-05
-1.91968e-05
-1.88856e-05
-1.85523e-05
-1.81984e-05
-1.78254e-05
-1.74349e-05
-1.70284e-05
-1.66074e-05
-1.61735e-05
-1.57284e-05
-1.52735e-05
-1.48105e-05
-1.43409e-05
-1.38663e-05
-1.33881e-05
-1.29079e-05
-1.2427e-05
-1.19468e-05
-1.14686e-05
-1.09937e-05
-1.05232e-05
-1.00584e-05
-9.60015e-06
-9.14955e-06
-8.70747e-06
-8.27474e-06
-7.85208e-06
-7.44016e-06
-7.03955e-06
-6.65074e-06
-6.27412e-06
-5.91004e-06
-5.55875e-06
-5.22042e-06
-4.89516e-06
-4.58305e-06
-4.28405e-06
-3.9981e-06
-3.72508e-06
-3.46481e-06
-3.21708e-06
-2.98167e-06
-2.7582e-06
-2.43411e-05
-2.39476e-05
-2.35305e-05
-2.30912e-05
-2.26312e-05
-2.2152e-05
-2.16554e-05
-2.11429e-05
-2.06162e-05
-2.00769e-05
-1.95269e-05
-1.89676e-05
-1.84009e-05
-1.78283e-05
-1.72515e-05
-1.66721e-05
-1.60915e-05
-1.55114e-05
-1.49331e-05
-1.43581e-05
-1.37876e-05
-1.3223e-05
-1.26653e-05
-1.21158e-05
-1.15754e-05
-1.10452e-05
-1.05259e-05
-1.00184e-05
-9.52339e-06
-9.04146e-06
-8.57312e-06
-8.11884e-06
-7.67895e-06
-7.25375e-06
-6.84342e-06
-6.44809e-06
-6.06782e-06
-5.7026e-06
-5.35237e-06
-5.017e-06
-4.69631e-06
-4.39008e-06
-4.09805e-06
-3.81994e-06
-3.55533e-06
-2.88843e-05
-2.83585e-05
-2.78104e-05
-2.72414e-05
-2.66532e-05
-2.60476e-05
-2.54263e-05
-2.47911e-05
-2.41437e-05
-2.34858e-05
-2.28194e-05
-2.21461e-05
-2.14676e-05
-2.07858e-05
-2.01022e-05
-1.94186e-05
-1.87364e-05
-1.80572e-05
-1.73826e-05
-1.67138e-05
-1.60522e-05
-1.5399e-05
-1.47555e-05
-1.41227e-05
-1.35017e-05
-1.28932e-05
-1.22983e-05
-1.17176e-05
-1.11517e-05
-1.06013e-05
-1.00668e-05
-9.54863e-06
-9.04702e-06
-8.56222e-06
-8.09436e-06
-7.64351e-06
-7.20968e-06
-6.79278e-06
-6.39271e-06
-6.00927e-06
-5.64223e-06
-5.29132e-06
-4.95622e-06
-4.63659e-06
-4.33199e-06
-3.33717e-05
-3.27118e-05
-3.20309e-05
-3.13309e-05
-3.06135e-05
-2.98805e-05
-2.91338e-05
-2.83752e-05
-2.76068e-05
-2.68302e-05
-2.60474e-05
-2.52602e-05
-2.44705e-05
-2.36799e-05
-2.28903e-05
-2.21032e-05
-2.13204e-05
-2.05432e-05
-1.97733e-05
-1.9012e-05
-1.82607e-05
-1.75204e-05
-1.67925e-05
-1.6078e-05
-1.53777e-05
-1.46927e-05
-1.40237e-05
-1.33714e-05
-1.27364e-05
-1.21192e-05
-1.15202e-05
-1.09397e-05
-1.03779e-05
-9.83512e-06
-9.31129e-06
-8.80645e-06
-8.32055e-06
-7.85344e-06
-7.40493e-06
-6.9748e-06
-6.56275e-06
-6.16845e-06
-5.79152e-06
-5.43158e-06
-5.08816e-06
-3.77974e-05
-3.70017e-05
-3.61869e-05
-3.53547e-05
-3.45071e-05
-3.3646e-05
-3.27734e-05
-3.18913e-05
-3.10017e-05
-3.01065e-05
-2.92076e-05
-2.8307e-05
-2.74066e-05
-2.6508e-05
-2.56132e-05
-2.47238e-05
-2.38413e-05
-2.29675e-05
-2.21037e-05
-2.12513e-05
-2.04116e-05
-1.95859e-05
-1.87752e-05
-1.79805e-05
-1.72028e-05
-1.64429e-05
-1.57016e-05
-1.49794e-05
-1.42769e-05
-1.35946e-05
-1.29327e-05
-1.22916e-05
-1.16715e-05
-1.10723e-05
-1.04941e-05
-9.93679e-06
-9.40034e-06
-8.88449e-06
-8.389e-06
-7.91358e-06
-7.45786e-06
-7.02147e-06
-6.60398e-06
-6.20493e-06
-5.82385e-06
-4.21559e-05
-4.12232e-05
-4.02732e-05
-3.9308e-05
-3.83295e-05
-3.73399e-05
-3.63412e-05
-3.53355e-05
-3.43249e-05
-3.33114e-05
-3.2297e-05
-3.12836e-05
-3.02732e-05
-2.92677e-05
-2.82688e-05
-2.72782e-05
-2.62975e-05
-2.53283e-05
-2.43721e-05
-2.34302e-05
-2.25039e-05
-2.15943e-05
-2.07025e-05
-1.98295e-05
-1.89761e-05
-1.81432e-05
-1.73313e-05
-1.6541e-05
-1.57729e-05
-1.50273e-05
-1.43044e-05
-1.36044e-05
-1.29274e-05
-1.22735e-05
-1.16426e-05
-1.10345e-05
-1.04491e-05
-9.88597e-06
-9.34496e-06
-8.82565e-06
-8.32763e-06
-7.85046e-06
-7.39366e-06
-6.95673e-06
-6.53916e-06
-4.64419e-05
-4.53711e-05
-4.42852e-05
-4.31863e-05
-4.20765e-05
-4.09582e-05
-3.98334e-05
-3.87043e-05
-3.75731e-05
-3.64418e-05
-3.53126e-05
-3.41874e-05
-3.30682e-05
-3.19568e-05
-3.0855e-05
-2.97647e-05
-2.86872e-05
-2.76243e-05
-2.65774e-05
-2.55477e-05
-2.45365e-05
-2.35449e-05
-2.25739e-05
-2.16244e-05
-2.06972e-05
-1.97931e-05
-1.89126e-05
-1.80561e-05
-1.72242e-05
-1.64171e-05
-1.56349e-05
-1.48779e-05
-1.41459e-05
-1.3439e-05
-1.2757e-05
-1.20997e-05
-1.14668e-05
-1.0858e-05
-1.02729e-05
-9.71114e-06
-9.17218e-06
-8.65555e-06
-8.1607e-06
-7.68711e-06
-7.23423e-06
-5.06505e-05
-4.94407e-05
-4.82183e-05
-4.69853e-05
-4.57442e-05
-4.44972e-05
-4.32465e-05
-4.19945e-05
-4.07434e-05
-3.94952e-05
-3.82521e-05
-3.70161e-05
-3.57893e-05
-3.45734e-05
-3.33704e-05
-3.21818e-05
-3.10093e-05
-2.98544e-05
-2.87185e-05
-2.76029e-05
-2.65087e-05
-2.5437e-05
-2.43887e-05
-2.33647e-05
-2.23658e-05
-2.13924e-05
-2.04452e-05
-1.95245e-05
-1.86307e-05
-1.7764e-05
-1.69245e-05
-1.61121e-05
-1.53269e-05
-1.45687e-05
-1.38373e-05
-1.31324e-05
-1.24537e-05
-1.18007e-05
-1.11731e-05
-1.05702e-05
-9.99172e-06
-9.43694e-06
-8.90531e-06
-8.39626e-06
-7.90922e-06
-5.47769e-05
-5.34276e-05
-5.20683e-05
-5.07012e-05
-4.93288e-05
-4.79534e-05
-4.65775e-05
-4.52033e-05
-4.3833e-05
-4.24689e-05
-4.11132e-05
-3.97678e-05
-3.84348e-05
-3.7116e-05
-3.58133e-05
-3.45283e-05
-3.32625e-05
-3.20175e-05
-3.07946e-05
-2.95951e-05
-2.84199e-05
-2.72702e-05
-2.61467e-05
-2.50503e-05
-2.39816e-05
-2.29411e-05
-2.19292e-05
-2.09463e-05
-1.99926e-05
-1.90682e-05
-1.81732e-05
-1.73074e-05
-1.64708e-05
-1.5663e-05
-1.48839e-05
-1.41331e-05
-1.34101e-05
-1.27144e-05
-1.20457e-05
-1.14032e-05
-1.07865e-05
-1.01949e-05
-9.62772e-06
-9.08444e-06
-8.56438e-06
-5.88167e-05
-5.73277e-05
-5.58314e-05
-5.43303e-05
-5.2827e-05
-5.13239e-05
-4.98234e-05
-4.83278e-05
-4.68396e-05
-4.53609e-05
-4.38939e-05
-4.24406e-05
-4.10031e-05
-3.95832e-05
-3.81826e-05
-3.68031e-05
-3.54461e-05
-3.4113e-05
-3.28052e-05
-3.15238e-05
-3.02699e-05
-2.90442e-05
-2.78477e-05
-2.6681e-05
-2.55446e-05
-2.44391e-05
-2.33646e-05
-2.23215e-05
-2.13099e-05
-2.03298e-05
-1.93812e-05
-1.84639e-05
-1.75776e-05
-1.67222e-05
-1.5897e-05
-1.51019e-05
-1.43362e-05
-1.35995e-05
-1.28911e-05
-1.22104e-05
-1.15568e-05
-1.09297e-05
-1.03282e-05
-9.75189e-06
-6.27657e-05
-6.11369e-05
-5.95039e-05
-5.78693e-05
-5.62357e-05
-5.46056e-05
-5.29816e-05
-5.13659e-05
-4.97611e-05
-4.81692e-05
-4.65925e-05
-4.50331e-05
-4.34929e-05
-4.19737e-05
-4.04774e-05
-3.90054e-05
-3.75593e-05
-3.61403e-05
-3.47498e-05
-3.33888e-05
-3.20583e-05
-3.0759e-05
-2.94917e-05
-2.82569e-05
-2.70551e-05
-2.58866e-05
-2.47517e-05
-2.36505e-05
-2.25831e-05
-2.15493e-05
-2.0549e-05
-1.9582e-05
-1.8648e-05
-1.77465e-05
-1.68771e-05
-1.60393e-05
-1.52325e-05
-1.44562e-05
-1.37096e-05
-1.29921e-05
-1.2303e-05
-1.16416e-05
-1.10071e-05
-1.03989e-05
-6.662e-05
-6.48516e-05
-6.30824e-05
-6.1315e-05
-5.9552e-05
-5.77961e-05
-5.60498e-05
-5.43154e-05
-5.25955e-05
-5.08922e-05
-4.92077e-05
-4.75441e-05
-4.59032e-05
-4.42869e-05
-4.26969e-05
-4.11347e-05
-3.96017e-05
-3.80992e-05
-3.66283e-05
-3.519e-05
-3.37852e-05
-3.24146e-05
-3.10787e-05
-2.97781e-05
-2.85131e-05
-2.7284e-05
-2.60908e-05
-2.49336e-05
-2.38124e-05
-2.27269e-05
-2.1677e-05
-2.06622e-05
-1.96822e-05
-1.87365e-05
-1.78245e-05
-1.69457e-05
-1.60994e-05
-1.52849e-05
-1.45016e-05
-1.37487e-05
-1.30255e-05
-1.23311e-05
-1.16648e-05
-1.10259e-05
-7.0376e-05
-6.84687e-05
-6.65641e-05
-6.46648e-05
-6.27735e-05
-6.08931e-05
-5.9026e-05
-5.71746e-05
-5.53414e-05
-5.35285e-05
-5.17382e-05
-4.99724e-05
-4.82331e-05
-4.6522e-05
-4.48406e-05
-4.31905e-05
-4.15731e-05
-3.99894e-05
-3.84405e-05
-3.69274e-05
-3.54508e-05
-3.40112e-05
-3.26092e-05
-3.12451e-05
-2.99192e-05
-2.86316e-05
-2.73824e-05
-2.61714e-05
-2.49984e-05
-2.38633e-05
-2.27656e-05
-2.17049e-05
-2.06808e-05
-1.96926e-05
-1.87397e-05
-1.78215e-05
-1.69373e-05
-1.60863e-05
-1.52677e-05
-1.44807e-05
-1.37246e-05
-1.29985e-05
-1.23015e-05
-1.16331e-05
-7.40305e-05
-7.1985e-05
-6.9946e-05
-6.79161e-05
-6.5898e-05
-6.38946e-05
-6.19084e-05
-5.99419e-05
-5.79974e-05
-5.60771e-05
-5.41832e-05
-5.23176e-05
-5.04821e-05
-4.86785e-05
-4.69083e-05
-4.51728e-05
-4.34734e-05
-4.1811e-05
-4.01867e-05
-3.86013e-05
-3.70552e-05
-3.55492e-05
-3.40834e-05
-3.26583e-05
-3.12738e-05
-2.993e-05
-2.86269e-05
-2.73642e-05
-2.61417e-05
-2.49589e-05
-2.38154e-05
-2.27108e-05
-2.16443e-05
-2.06154e-05
-1.96233e-05
-1.86674e-05
-1.77467e-05
-1.68606e-05
-1.60082e-05
-1.51885e-05
-1.44009e-05
-1.36443e-05
-1.29178e-05
-1.22209e-05
-7.75806e-05
-7.5398e-05
-7.32258e-05
-7.10668e-05
-6.89236e-05
-6.6799e-05
-6.46957e-05
-6.2616e-05
-6.05624e-05
-5.8537e-05
-5.65418e-05
-5.45788e-05
-5.26498e-05
-5.07563e-05
-4.88997e-05
-4.70815e-05
-4.53027e-05
-4.35643e-05
-4.18672e-05
-4.02119e-05
-3.85991e-05
-3.7029e-05
-3.5502e-05
-3.40181e-05
-3.25774e-05
-3.11798e-05
-2.98251e-05
-2.85129e-05
-2.72428e-05
-2.60144e-05
-2.48271e-05
-2.36804e-05
-2.25734e-05
-2.15055e-05
-2.04759e-05
-1.94838e-05
-1.85283e-05
-1.76085e-05
-1.67236e-05
-1.58726e-05
-1.50547e-05
-1.42688e-05
-1.3514e-05
-1.27898e-05
)
;

boundaryField
{
    down
    {
        type            symmetryPlane;
    }
    right
    {
        type            fixedValue;
        value           nonuniform List<scalar> 0();
    }
    up
    {
        type            symmetryPlane;
    }
    left
    {
        type            zeroGradient;
    }
    cylinder
    {
        type            zeroGradient;
    }
    frontAndBack
    {
        type            empty;
    }
    procBoundary2to1
    {
        type            processor;
        value           nonuniform List<scalar> 
74
(
-0.00015518
-0.000166894
-0.000178916
-0.000191246
-0.000203886
-0.000216832
-0.000230083
-0.000243634
-0.000257477
-0.000271602
-0.000285998
-0.000300648
-0.000315534
-0.000330632
-0.000345914
-0.000361349
-0.000376897
-0.000392515
-0.00040815
0.00020197
0.000201617
0.00020093
0.000199925
0.000198617
0.000197018
0.000195139
0.00019299
0.000190579
0.000187913
0.000184999
0.000181843
0.000178449
0.000174821
0.000170963
0.00016688
0.000162572
0.000158044
0.000153298
0.000148334
0.000143157
0.000137766
0.000132164
0.000126353
0.000120333
0.000114107
0.000107676
0.000101041
9.42044e-05
8.71677e-05
7.9933e-05
7.25023e-05
6.48777e-05
5.70616e-05
4.90569e-05
4.08663e-05
3.24929e-05
2.39403e-05
1.5212e-05
6.31208e-06
-2.75506e-06
-1.19847e-05
-2.13718e-05
-3.0911e-05
-4.05965e-05
-5.04222e-05
-6.03816e-05
-7.0468e-05
-8.06743e-05
-9.09934e-05
-0.000101418
-0.000111939
-0.00012255
-0.000133242
-0.000144006
)
;
    }
    procBoundary2to3
    {
        type            processor;
        value           nonuniform List<scalar> 
76
(
-1.26364e-05
-1.31816e-05
-1.37187e-05
-1.42475e-05
-1.47677e-05
-1.52792e-05
-1.57816e-05
-1.6275e-05
-1.67589e-05
-1.72334e-05
-1.76982e-05
-1.81531e-05
-1.8598e-05
-1.90329e-05
-1.94575e-05
-1.98719e-05
-2.02758e-05
-2.06692e-05
-2.1052e-05
-2.14242e-05
2.95179e-05
2.9417e-05
2.92214e-05
2.89372e-05
2.85705e-05
2.81273e-05
2.76134e-05
2.70346e-05
2.63964e-05
2.57042e-05
2.49631e-05
2.41782e-05
2.33542e-05
2.24956e-05
2.16068e-05
2.0692e-05
1.97551e-05
1.87998e-05
1.78297e-05
1.68479e-05
1.58577e-05
1.4862e-05
1.38633e-05
1.28643e-05
1.18672e-05
1.08743e-05
9.8874e-06
8.90838e-06
7.93887e-06
6.98035e-06
6.03417e-06
5.10152e-06
4.18346e-06
3.28094e-06
2.39477e-06
1.52566e-06
6.74212e-07
-1.59092e-07
-9.73842e-07
-1.76971e-06
-2.54647e-06
-3.30396e-06
-4.04208e-06
-4.76082e-06
-5.46019e-06
-6.14029e-06
-6.80125e-06
-7.44325e-06
-8.06649e-06
-9.19993e-06
-9.19993e-06
-9.81617e-06
-1.04134e-05
-1.0992e-05
-1.15524e-05
-1.20948e-05
)
;
    }
    procBoundary2to6
    {
        type            processor;
        value           nonuniform List<scalar> 
71
(
-0.000132159
-0.000127396
-0.000122783
-0.000118317
-0.000113997
-0.000109819
-0.00010578
-0.000101877
-9.81074e-05
-9.44666e-05
-9.09513e-05
-8.75578e-05
-8.42823e-05
-8.11211e-05
-7.80703e-05
-7.51262e-05
-7.22849e-05
-6.95427e-05
-6.68958e-05
-6.43405e-05
-6.18732e-05
-5.94904e-05
-5.71886e-05
-5.49644e-05
-5.28147e-05
-5.07365e-05
-4.87267e-05
-4.67827e-05
-4.49019e-05
-4.30817e-05
-4.13199e-05
-3.96142e-05
-3.79627e-05
-3.63633e-05
-3.48144e-05
-3.33143e-05
-3.18614e-05
-3.04543e-05
-2.90916e-05
-2.77721e-05
-2.64947e-05
-2.52583e-05
-2.40617e-05
-2.2905e-05
-0.000405737
-0.000388266
-0.000371346
-0.000354998
-0.000339264
-0.000324158
-0.000309681
-0.00029583
-0.0002826
-0.000269983
-0.000257963
-0.000246527
-0.000235655
-0.000225328
-0.000225328
-0.000218566
-0.000208954
-0.000199859
-0.000191255
-0.000183118
-0.000175424
-0.000168148
-0.000161266
-0.000154757
-0.000148599
-0.000142771
-0.000137253
)
;
    }
}


// ************************************************************************* //
