/*--------------------------------*- C++ -*----------------------------------*\
| =========                 |                                                 |
| \\      /  F ield         | OpenFOAM: The Open Source CFD Toolbox           |
|  \\    /   O peration     | Version:  2412                                  |
|   \\  /    A nd           | Website:  www.openfoam.com                      |
|    \\/     M anipulation  |                                                 |
\*---------------------------------------------------------------------------*/
FoamFile
{
    version     2.0;
    format      ascii;
    arch        "LSB;label=32;scalar=64";
    class       volScalarField;
    location    "25";
    object      p;
}
// * * * * * * * * * * * * * * * * * * * * * * * * * * * * * * * * * * * * * //

dimensions      [0 2 -2 0 0 0 0];

internalField   nonuniform List<scalar> 
5285
(
1.37536e-06
1.55291e-06
1.69052e-06
1.79492e-06
1.87046e-06
1.92047e-06
1.94837e-06
1.95725e-06
1.94983e-06
1.92859e-06
1.89573e-06
1.85322e-06
1.80283e-06
1.74607e-06
1.68436e-06
1.61889e-06
1.55072e-06
1.48078e-06
1.40988e-06
1.33872e-06
1.26789e-06
1.19792e-06
1.1292e-06
1.06211e-06
9.96945e-07
9.33907e-07
8.73213e-07
8.14991e-07
7.59354e-07
7.06353e-07
6.56064e-07
8.58208e-07
1.08083e-06
1.26027e-06
1.40335e-06
1.51456e-06
1.59743e-06
1.65552e-06
1.6921e-06
1.71005e-06
1.71201e-06
1.70032e-06
1.67712e-06
1.64429e-06
1.6035e-06
1.55628e-06
1.50393e-06
1.44764e-06
1.38844e-06
1.32724e-06
1.26481e-06
1.20185e-06
1.13895e-06
1.07658e-06
1.01519e-06
9.55132e-07
8.96674e-07
8.40073e-07
7.85512e-07
7.33143e-07
6.83068e-07
6.3537e-07
5.90051e-07
5.47221e-07
5.06769e-07
4.68781e-07
4.33071e-07
3.99859e-07
3.68568e-07
3.4006e-07
3.1262e-07
2.88963e-07
2.64278e-07
2.46316e-07
2.22204e-07
2.12283e-07
1.84457e-07
1.87665e-07
1.4832e-07
1.74129e-07
1.10451e-07
1.73691e-07
6.77843e-08
1.87404e-07
1.93672e-08
2.13031e-07
-3.10157e-08
2.42894e-07
-7.36939e-08
2.64538e-07
-9.62566e-08
2.6703e-07
-9.31792e-08
2.53095e-07
-7.82718e-08
2.49624e-07
-8.97812e-08
3.06013e-07
-1.81615e-07
4.84419e-07
-4.15208e-07
8.60194e-07
3.47031e-07
6.13563e-07
8.33913e-07
1.01492e-06
1.16115e-06
1.27632e-06
1.36414e-06
1.42803e-06
1.47104e-06
1.49593e-06
1.50521e-06
1.50113e-06
1.48573e-06
1.4608e-06
1.42797e-06
1.38869e-06
1.34424e-06
1.29574e-06
1.2442e-06
1.1905e-06
1.1354e-06
1.07957e-06
1.02357e-06
9.6789e-07
9.12952e-07
8.59089e-07
8.06599e-07
7.5572e-07
7.06638e-07
6.59507e-07
6.14421e-07
5.71456e-07
5.30712e-07
4.92121e-07
4.55787e-07
4.21551e-07
3.89649e-07
3.59526e-07
3.3205e-07
3.05541e-07
2.82687e-07
2.58757e-07
2.414e-07
2.17927e-07
2.08414e-07
1.81186e-07
1.84584e-07
1.45884e-07
1.71606e-07
1.08729e-07
1.7154e-07
6.66672e-08
1.85493e-07
1.87332e-08
2.11312e-07
-3.13429e-08
2.41404e-07
-7.39126e-08
2.63311e-07
-9.64968e-08
2.65998e-07
-9.33987e-08
2.5202e-07
-7.82851e-08
2.48164e-07
-8.92722e-08
3.03521e-07
-1.79664e-07
4.79541e-07
-4.10482e-07
8.51969e-07
-1.57382e-07
1.51906e-07
4.12293e-07
6.30382e-07
8.10914e-07
9.57762e-07
1.0748e-06
1.16555e-06
1.23324e-06
1.28075e-06
1.31073e-06
1.32557e-06
1.32741e-06
1.31819e-06
1.29966e-06
1.27335e-06
1.24066e-06
1.20281e-06
1.16091e-06
1.11591e-06
1.06865e-06
1.01988e-06
9.70239e-07
9.20273e-07
8.70463e-07
8.21203e-07
7.72838e-07
7.25651e-07
6.79871e-07
6.35698e-07
5.93235e-07
5.52645e-07
5.14e-07
4.77282e-07
4.42617e-07
4.0987e-07
3.7929e-07
3.5035e-07
3.23916e-07
2.98351e-07
2.76309e-07
2.53144e-07
2.364e-07
2.13576e-07
2.04477e-07
1.77858e-07
1.81447e-07
1.43406e-07
1.69034e-07
1.06979e-07
1.69344e-07
6.55355e-08
1.83539e-07
1.80947e-08
2.09552e-07
-3.16669e-08
2.39873e-07
-7.41224e-08
2.62045e-07
-9.67199e-08
2.64916e-07
-9.35774e-08
2.50857e-07
-7.82088e-08
2.46554e-07
-8.86073e-08
3.00789e-07
-1.77465e-07
4.74264e-07
-4.05346e-07
8.42966e-07
-6.54222e-07
-3.03105e-07
-3.76469e-09
2.50482e-07
4.64517e-07
6.4236e-07
7.88011e-07
9.05138e-07
9.97068e-07
1.06684e-06
1.11722e-06
1.15072e-06
1.1696e-06
1.17593e-06
1.17154e-06
1.15809e-06
1.13707e-06
1.1098e-06
1.07747e-06
1.04113e-06
1.00168e-06
9.5996e-07
9.1666e-07
8.724e-07
8.27718e-07
7.83062e-07
7.38826e-07
6.9534e-07
6.52872e-07
6.11665e-07
5.7185e-07
5.33645e-07
4.97102e-07
4.62269e-07
4.29287e-07
3.9804e-07
3.68794e-07
3.41049e-07
3.15666e-07
2.91055e-07
2.69836e-07
2.47445e-07
2.31321e-07
2.09156e-07
2.00475e-07
1.74476e-07
1.78254e-07
1.40889e-07
1.66416e-07
1.05202e-07
1.67103e-07
6.43902e-08
1.81541e-07
1.74529e-08
2.07751e-07
-3.19866e-08
2.38303e-07
-7.43231e-08
2.6074e-07
-9.69245e-08
2.63782e-07
-9.37119e-08
2.49603e-07
-7.80353e-08
2.44783e-07
-8.77726e-08
2.97801e-07
-1.75002e-07
4.68571e-07
-3.99791e-07
8.33167e-07
-1.14207e-06
-7.5052e-07
-4.13406e-07
-1.24002e-07
1.2267e-07
3.3076e-07
5.04382e-07
6.47322e-07
7.63027e-07
8.54654e-07
9.25088e-07
9.76955e-07
1.01264e-06
1.03429e-06
1.04388e-06
1.04315e-06
1.03368e-06
1.0169e-06
9.94073e-07
9.6632e-07
9.34644e-07
8.99929e-07
8.62945e-07
8.24373e-07
7.84805e-07
7.44746e-07
7.04636e-07
6.6485e-07
6.25698e-07
5.87459e-07
5.50298e-07
5.14459e-07
4.80033e-07
4.47096e-07
4.15806e-07
3.8607e-07
3.58168e-07
3.31628e-07
3.07307e-07
2.8366e-07
2.63271e-07
2.41664e-07
2.26166e-07
2.04668e-07
1.9641e-07
1.71041e-07
1.75009e-07
1.38332e-07
1.63751e-07
1.03398e-07
1.64819e-07
6.32317e-08
1.79502e-07
1.68088e-08
2.05909e-07
-3.23007e-08
2.36694e-07
-7.45135e-08
2.59396e-07
-9.71093e-08
2.62594e-07
-9.37981e-08
2.48253e-07
-7.77557e-08
2.42842e-07
-8.67517e-08
2.94543e-07
-1.72258e-07
4.62451e-07
-3.93801e-07
8.22561e-07
-1.62036e-06
-1.1898e-06
-8.16122e-07
-4.92607e-07
-2.14208e-07
2.33366e-08
2.24245e-07
3.92406e-07
5.31376e-07
6.44423e-07
7.34539e-07
8.04459e-07
8.56671e-07
8.93436e-07
9.16806e-07
9.28636e-07
9.30597e-07
9.24193e-07
9.10776e-07
8.91548e-07
8.67582e-07
8.39831e-07
8.09131e-07
7.76222e-07
7.41751e-07
7.06277e-07
6.70285e-07
6.34197e-07
5.98359e-07
5.6309e-07
5.28588e-07
4.95127e-07
4.62829e-07
4.31795e-07
4.02204e-07
3.73986e-07
3.47436e-07
3.22108e-07
2.98856e-07
2.76181e-07
2.56628e-07
2.35812e-07
2.20946e-07
2.00124e-07
1.92291e-07
1.67561e-07
1.71716e-07
1.35742e-07
1.61043e-07
1.01573e-07
1.62495e-07
6.20626e-08
1.77422e-07
1.6164e-08
2.04026e-07
-3.26088e-08
2.35045e-07
-7.46943e-08
2.58012e-07
-9.72756e-08
2.6135e-07
-9.38365e-08
2.468e-07
-7.73669e-08
2.40714e-07
-8.55355e-08
2.9099e-07
-1.69221e-07
4.5588e-07
-3.87377e-07
8.11132e-07
-2.08848e-06
-1.62033e-06
-1.21134e-06
-8.54808e-07
-5.45643e-07
-2.7948e-07
-5.20131e-08
1.40738e-07
3.0243e-07
4.36428e-07
5.45824e-07
6.33453e-07
7.01901e-07
7.53525e-07
7.90472e-07
8.14687e-07
8.27926e-07
8.31779e-07
8.27673e-07
8.16888e-07
8.00566e-07
7.79727e-07
7.5527e-07
7.27992e-07
6.98595e-07
6.67687e-07
6.35803e-07
6.03404e-07
5.70878e-07
5.38576e-07
5.06738e-07
4.7566e-07
4.45494e-07
4.16369e-07
3.88483e-07
3.6179e-07
3.36598e-07
3.1249e-07
2.90315e-07
2.68617e-07
2.49907e-07
2.29891e-07
2.1566e-07
1.95522e-07
1.88116e-07
1.64036e-07
1.68376e-07
1.33119e-07
1.58294e-07
9.97258e-08
1.60131e-07
6.08833e-08
1.75302e-07
1.55191e-08
2.02104e-07
-3.29101e-08
2.33357e-07
-7.48643e-08
2.56587e-07
-9.74216e-08
2.60049e-07
-9.38228e-08
2.45241e-07
-7.68592e-08
2.38391e-07
-8.41071e-08
2.87129e-07
-1.65874e-07
4.48849e-07
-3.80506e-07
7.98882e-07
-2.54574e-06
-2.04147e-06
-1.59846e-06
-1.21007e-06
-8.71143e-07
-5.77243e-07
-3.23986e-07
-1.07313e-07
7.6519e-08
2.30965e-07
3.59209e-07
4.64175e-07
5.4854e-07
6.14754e-07
6.65047e-07
7.0145e-07
7.25805e-07
7.39776e-07
7.44868e-07
7.42431e-07
7.33677e-07
7.19687e-07
7.01423e-07
6.79737e-07
6.55382e-07
6.29018e-07
6.01224e-07
5.72502e-07
5.43279e-07
5.13942e-07
4.84766e-07
4.56071e-07
4.2804e-07
4.00828e-07
3.74651e-07
3.49488e-07
3.25662e-07
3.02779e-07
2.81686e-07
2.60973e-07
2.43112e-07
2.23901e-07
2.1031e-07
1.90864e-07
1.83888e-07
1.60466e-07
1.64989e-07
1.30462e-07
1.55503e-07
9.78576e-08
1.57727e-07
5.96946e-08
1.73143e-07
1.48751e-08
2.00141e-07
-3.32038e-08
2.3163e-07
-7.50227e-08
2.55123e-07
-9.7546e-08
2.5869e-07
-9.37539e-08
2.43571e-07
-7.62241e-08
2.35862e-07
-8.24503e-08
2.82945e-07
-1.62197e-07
4.4135e-07
-3.73177e-07
7.85815e-07
-2.9915e-06
-2.45263e-06
-1.97695e-06
-1.55788e-06
-1.19024e-06
-8.69524e-07
-5.91286e-07
-3.51396e-07
-1.46037e-07
2.83243e-08
1.74954e-07
2.96858e-07
3.96799e-07
4.77307e-07
5.40695e-07
5.89074e-07
6.24362e-07
6.483e-07
6.62462e-07
6.68268e-07
6.66993e-07
6.59781e-07
6.47651e-07
6.31509e-07
6.1216e-07
5.90311e-07
5.66583e-07
5.41522e-07
5.15592e-07
4.8921e-07
4.62692e-07
4.36378e-07
4.10482e-07
3.85184e-07
3.6072e-07
3.37091e-07
3.14633e-07
2.92981e-07
2.72976e-07
2.53254e-07
2.36247e-07
2.17847e-07
2.04901e-07
1.86153e-07
1.79608e-07
1.56855e-07
1.61559e-07
1.27775e-07
1.52671e-07
9.59697e-08
1.55284e-07
5.84978e-08
1.70944e-07
1.42328e-08
1.98138e-07
-3.3489e-08
2.29865e-07
-7.5169e-08
2.53618e-07
-9.76479e-08
2.57274e-07
-9.36269e-08
2.41786e-07
-7.54539e-08
2.33117e-07
-8.055e-08
2.7842e-07
-1.58176e-07
4.33371e-07
-3.65385e-07
7.71941e-07
-3.42516e-06
-2.85324e-06
-2.34628e-06
-1.89776e-06
-1.5025e-06
-1.15592e-06
-8.53543e-07
-5.91175e-07
-3.64936e-07
-1.71221e-07
-6.69473e-09
1.31725e-07
2.46875e-07
3.41363e-07
4.17577e-07
4.77701e-07
5.23726e-07
5.57463e-07
5.80555e-07
5.94486e-07
6.00593e-07
6.00077e-07
5.94014e-07
5.83362e-07
5.68975e-07
5.51605e-07
5.31917e-07
5.10496e-07
4.87841e-07
4.64405e-07
4.40536e-07
4.16597e-07
3.92834e-07
3.69451e-07
3.467e-07
3.24609e-07
3.03523e-07
2.83105e-07
2.64192e-07
2.45466e-07
2.29316e-07
2.11734e-07
1.99435e-07
1.81392e-07
1.75281e-07
1.53203e-07
1.58085e-07
1.25058e-07
1.49801e-07
9.40635e-08
1.52803e-07
5.7294e-08
1.68705e-07
1.35934e-08
1.96096e-07
-3.37652e-08
2.28062e-07
-7.53026e-08
2.52075e-07
-9.77268e-08
2.55799e-07
-9.34397e-08
2.39883e-07
-7.45412e-08
2.30145e-07
-7.83914e-08
2.73539e-07
-1.53794e-07
4.24903e-07
-3.57125e-07
7.57272e-07
-3.84617e-06
-3.24279e-06
-2.70596e-06
-2.22926e-06
-1.8075e-06
-1.43605e-06
-1.11041e-06
-8.26332e-07
-5.79885e-07
-3.67407e-07
-1.85498e-07
-3.10103e-08
9.89623e-08
2.07095e-07
2.95846e-07
3.67467e-07
4.24018e-07
4.67375e-07
4.99245e-07
5.21171e-07
5.34551e-07
5.40642e-07
5.40571e-07
5.35347e-07
5.25871e-07
5.1294e-07
4.9726e-07
4.79452e-07
4.60054e-07
4.39548e-07
4.18318e-07
3.96747e-07
3.75113e-07
3.53641e-07
3.32604e-07
3.1205e-07
2.92338e-07
2.73157e-07
2.55339e-07
2.37613e-07
2.22325e-07
2.05564e-07
1.93917e-07
1.76585e-07
1.70907e-07
1.49515e-07
1.54572e-07
1.22314e-07
1.46892e-07
9.21405e-08
1.50285e-07
5.60845e-08
1.66429e-07
1.29578e-08
1.94014e-07
-3.40313e-08
2.2622e-07
-7.5423e-08
2.50492e-07
-9.7782e-08
2.54264e-07
-9.31899e-08
2.37858e-07
-7.34789e-08
2.26934e-07
-7.596e-08
2.68286e-07
-1.49037e-07
4.15938e-07
-3.48393e-07
7.41827e-07
-4.25401e-06
-3.6208e-06
-3.05555e-06
-2.55196e-06
-2.10485e-06
-1.70956e-06
-1.36155e-06
-1.05656e-06
-7.90609e-07
-5.59982e-07
-3.61228e-07
-1.91141e-07
-4.67538e-08
7.46701e-08
1.75652e-07
2.58508e-07
3.25359e-07
3.78142e-07
4.18624e-07
4.48407e-07
4.68942e-07
4.8154e-07
4.87378e-07
4.87514e-07
4.82893e-07
4.74355e-07
4.62644e-07
4.48421e-07
4.32255e-07
4.14662e-07
3.96058e-07
3.76845e-07
3.57333e-07
3.37768e-07
3.18442e-07
2.99424e-07
2.81087e-07
2.63145e-07
2.46425e-07
2.29701e-07
2.15277e-07
1.99344e-07
1.88349e-07
1.71734e-07
1.6649e-07
1.45791e-07
1.51019e-07
1.19544e-07
1.43948e-07
9.02021e-08
1.4773e-07
5.48703e-08
1.64114e-07
1.23272e-08
1.91893e-07
-3.42867e-08
2.24341e-07
-7.55297e-08
2.4887e-07
-9.78131e-08
2.5267e-07
-9.28756e-08
2.35707e-07
-7.22602e-08
2.23476e-07
-7.32414e-08
2.62644e-07
-1.4389e-07
4.06471e-07
-3.39187e-07
7.25626e-07
-4.64822e-06
-3.98682e-06
-3.39463e-06
-2.86547e-06
-2.39418e-06
-1.9761e-06
-1.60666e-06
-1.28158e-06
-9.96843e-07
-7.48706e-07
-5.33666e-07
-3.48468e-07
-1.90094e-07
-5.57498e-08
5.71415e-08
1.50953e-07
2.27864e-07
2.89868e-07
3.38786e-07
3.76275e-07
4.03839e-07
4.22836e-07
4.34493e-07
4.39914e-07
4.40085e-07
4.35888e-07
4.28105e-07
4.17432e-07
4.04472e-07
3.8977e-07
3.73774e-07
3.56908e-07
3.39508e-07
3.21844e-07
3.04225e-07
2.86742e-07
2.69779e-07
2.53076e-07
2.37455e-07
2.21736e-07
2.08178e-07
1.93075e-07
1.82735e-07
1.66842e-07
1.62032e-07
1.42034e-07
1.47429e-07
1.1675e-07
1.40968e-07
8.82497e-08
1.4514e-07
5.36529e-08
1.61762e-07
1.17026e-08
1.89734e-07
-3.45305e-08
2.22424e-07
-7.56222e-08
2.47209e-07
-9.78197e-08
2.51015e-07
-9.2495e-08
2.33426e-07
-7.08788e-08
2.19761e-07
-7.02223e-08
2.56601e-07
-1.38339e-07
3.96495e-07
-3.29508e-07
7.08695e-07
-5.02837e-06
-4.34045e-06
-3.72282e-06
-3.16943e-06
-2.67517e-06
-2.23536e-06
-1.84544e-06
-1.50111e-06
-1.19834e-06
-9.33349e-07
-7.02602e-07
-5.02803e-07
-3.30886e-07
-1.8401e-07
-5.95466e-08
4.49283e-08
1.31646e-07
2.02652e-07
2.5982e-07
3.04856e-07
3.39311e-07
3.64592e-07
3.81971e-07
3.92594e-07
3.97489e-07
3.97576e-07
3.93675e-07
3.86513e-07
3.76729e-07
3.64894e-07
3.51486e-07
3.36952e-07
3.21653e-07
3.05882e-07
2.89964e-07
2.74013e-07
2.58422e-07
2.42957e-07
2.28435e-07
2.13723e-07
2.01033e-07
1.86763e-07
1.77078e-07
1.61912e-07
1.57536e-07
1.38247e-07
1.43805e-07
1.13934e-07
1.37954e-07
8.62847e-08
1.42515e-07
5.24332e-08
1.59372e-07
1.10847e-08
1.87537e-07
-3.47622e-08
2.2047e-07
-7.57006e-08
2.45511e-07
-9.7802e-08
2.49302e-07
-9.20472e-08
2.31015e-07
-6.93292e-08
2.1578e-07
-6.68902e-08
2.50142e-07
-1.32373e-07
3.86007e-07
-3.19358e-07
6.91063e-07
-5.39409e-06
-4.68131e-06
-4.03975e-06
-3.4635e-06
-2.94749e-06
-2.48704e-06
-2.07761e-06
-1.71489e-06
-1.39486e-06
-1.11369e-06
-8.67839e-07
-6.53964e-07
-4.68965e-07
-3.09961e-07
-1.74278e-07
-5.94454e-08
3.68139e-08
1.16594e-07
1.81814e-07
2.34226e-07
2.75428e-07
3.0687e-07
3.29866e-07
3.45603e-07
3.55148e-07
3.59458e-07
3.59386e-07
3.55695e-07
3.49051e-07
3.40055e-07
3.29214e-07
3.16994e-07
3.03783e-07
2.89895e-07
2.75671e-07
2.61246e-07
2.47023e-07
2.32796e-07
2.19372e-07
2.05668e-07
1.93846e-07
1.80411e-07
1.71383e-07
1.56948e-07
1.53004e-07
1.34432e-07
1.40147e-07
1.11097e-07
1.34909e-07
8.43086e-08
1.39856e-07
5.12124e-08
1.56947e-07
1.04747e-08
1.85301e-07
-3.49813e-08
2.1848e-07
-7.57647e-08
2.43776e-07
-9.77604e-08
2.47529e-07
-9.15311e-08
2.28471e-07
-6.76062e-08
2.11525e-07
-6.32335e-08
2.43256e-07
-1.25981e-07
3.75005e-07
-3.08739e-07
6.7276e-07
-5.74503e-06
-5.00908e-06
-4.34512e-06
-3.74738e-06
-3.21084e-06
-2.73087e-06
-2.30291e-06
-1.9227e-06
-1.58618e-06
-1.28954e-06
-1.02919e-06
-8.0178e-07
-6.04176e-07
-4.33461e-07
-2.86923e-07
-1.62052e-07
-5.65275e-08
3.17861e-08
1.04851e-07
1.64461e-07
2.12257e-07
2.49729e-07
2.78231e-07
2.98987e-07
3.13102e-07
3.21568e-07
3.25271e-07
3.25004e-07
3.21463e-07
3.15276e-07
3.06976e-07
2.97051e-07
2.85913e-07
2.73895e-07
2.61356e-07
2.48451e-07
2.35592e-07
2.22599e-07
2.10273e-07
1.97575e-07
1.86621e-07
1.74024e-07
1.65652e-07
1.51953e-07
1.4844e-07
1.30591e-07
1.36458e-07
1.08243e-07
1.31831e-07
8.23234e-08
1.37163e-07
4.9993e-08
1.54484e-07
9.87539e-09
1.83026e-07
-3.51841e-08
2.16451e-07
-7.5811e-08
2.42001e-07
-9.76912e-08
2.45695e-07
-9.09431e-08
2.25789e-07
-6.57032e-08
2.06988e-07
-5.92403e-08
2.3593e-07
-1.19151e-07
3.63486e-07
-2.97651e-07
6.53808e-07
-6.08089e-06
-5.32347e-06
-4.63863e-06
-4.02078e-06
-3.46498e-06
-2.96659e-06
-2.52112e-06
-2.12431e-06
-1.7721e-06
-1.46069e-06
-1.18647e-06
-9.46087e-07
-7.36368e-07
-5.54373e-07
-3.97358e-07
-2.62778e-07
-1.48277e-07
-5.16798e-08
2.90127e-08
9.56345e-08
1.49863e-07
1.93227e-07
2.27116e-07
2.52792e-07
2.71393e-07
2.83944e-07
2.91361e-07
2.94468e-07
2.9399e-07
2.90577e-07
2.84791e-07
2.77139e-07
2.68056e-07
2.57895e-07
2.4703e-07
2.35638e-07
2.24137e-07
2.12374e-07
2.01142e-07
1.89451e-07
1.79364e-07
1.67606e-07
1.59889e-07
1.46929e-07
1.43844e-07
1.26727e-07
1.32739e-07
1.05372e-07
1.28723e-07
8.03325e-08
1.34435e-07
4.87795e-08
1.5198e-07
9.2933e-09
1.80705e-07
-3.53625e-08
2.14375e-07
-7.58299e-08
2.40178e-07
-9.75853e-08
2.4379e-07
-9.02745e-08
2.22961e-07
-6.36106e-08
2.02157e-07
-5.48973e-08
2.2815e-07
-1.1187e-07
3.51441e-07
-2.86086e-07
6.34223e-07
-6.40143e-06
-5.6242e-06
-4.92002e-06
-4.28346e-06
-3.70964e-06
-3.19397e-06
-2.73201e-06
-2.3195e-06
-1.95242e-06
-1.62696e-06
-1.33952e-06
-1.08673e-06
-8.65399e-07
-6.72567e-07
-5.05465e-07
-3.61517e-07
-2.38336e-07
-1.33716e-07
-4.56207e-08
2.78171e-08
8.83095e-08
1.3742e-07
1.76574e-07
2.07064e-07
2.3006e-07
2.46619e-07
2.57688e-07
2.64115e-07
2.66654e-07
2.6598e-07
2.62678e-07
2.57275e-07
2.50227e-07
2.41907e-07
2.32705e-07
2.22815e-07
2.12665e-07
2.02129e-07
1.91987e-07
1.813e-07
1.72079e-07
1.61161e-07
1.54097e-07
1.4188e-07
1.39221e-07
1.22841e-07
1.28992e-07
1.02487e-07
1.25586e-07
7.83342e-08
1.31677e-07
4.75675e-08
1.49443e-07
8.72028e-09
1.7835e-07
-3.55287e-08
2.12268e-07
-7.58376e-08
2.38325e-07
-9.74605e-08
2.41834e-07
-8.95408e-08
2.20001e-07
-6.13374e-08
1.97039e-07
-5.02068e-08
2.19921e-07
-1.04144e-07
3.3889e-07
-2.74075e-07
6.14064e-07
-6.70639e-06
-5.91107e-06
-5.18909e-06
-4.53521e-06
-3.94463e-06
-3.41283e-06
-2.93538e-06
-2.5081e-06
-2.12697e-06
-1.7882e-06
-1.48819e-06
-1.22357e-06
-9.9114e-07
-7.87925e-07
-6.11134e-07
-4.58169e-07
-3.26617e-07
-2.1424e-07
-1.18976e-07
-3.8925e-08
2.76564e-08
8.23633e-08
1.26651e-07
1.61844e-07
1.89141e-07
2.09628e-07
2.2428e-07
2.33971e-07
2.39481e-07
2.41505e-07
2.40655e-07
2.37473e-07
2.3244e-07
2.25943e-07
2.1839e-07
2.09992e-07
2.01186e-07
1.91869e-07
1.82814e-07
1.73128e-07
1.64771e-07
1.54691e-07
1.48283e-07
1.36806e-07
1.34578e-07
1.18931e-07
1.2523e-07
9.95748e-08
1.22442e-07
7.63048e-08
1.28924e-07
4.63143e-08
1.46928e-07
8.0881e-09
1.76044e-07
-3.57791e-08
2.10239e-07
-7.59526e-08
2.36566e-07
-9.74411e-08
2.39944e-07
-8.88497e-08
2.17002e-07
-5.89602e-08
1.91698e-07
-4.5226e-08
2.11307e-07
-9.60615e-08
3.25966e-07
-2.61798e-07
5.93566e-07
-6.98964e-06
-6.17828e-06
-5.44039e-06
-4.7709e-06
-4.16515e-06
-3.61865e-06
-3.12706e-06
-2.6862e-06
-2.29212e-06
-1.94104e-06
-1.62937e-06
-1.35374e-06
-1.11095e-06
-8.98021e-07
-7.1214e-07
-5.50695e-07
-4.11251e-07
-2.91549e-07
-1.89498e-07
-1.03175e-07
-3.08073e-08
2.92268e-08
7.84106e-08
1.18096e-07
1.49509e-07
1.73761e-07
1.91852e-07
2.04681e-07
2.1305e-07
2.17676e-07
2.19192e-07
2.18159e-07
2.15075e-07
2.10346e-07
2.04392e-07
1.97444e-07
1.89944e-07
1.81815e-07
1.7382e-07
1.6511e-07
1.57598e-07
1.48335e-07
1.42571e-07
1.31815e-07
1.30014e-07
1.15076e-07
1.21537e-07
9.66928e-08
1.19365e-07
7.42765e-08
1.26249e-07
4.50265e-08
1.44517e-07
7.37809e-09
1.73875e-07
-3.61541e-08
2.08383e-07
-7.62294e-08
2.34999e-07
-9.75868e-08
2.38218e-07
-8.82654e-08
2.14068e-07
-5.65605e-08
1.8627e-07
-4.00789e-08
2.02516e-07
-8.7831e-08
3.1301e-07
-2.49597e-07
5.73253e-07
-7.25483e-06
-6.42921e-06
-5.67703e-06
-4.99341e-06
-4.37383e-06
-3.81387e-06
-3.30925e-06
-2.85585e-06
-2.44975e-06
-2.08719e-06
-1.76462e-06
-1.47866e-06
-1.22612e-06
-1.00402e-06
-8.09546e-07
-6.4006e-07
-4.93115e-07
-3.66433e-07
-2.57904e-07
-1.6558e-07
-8.76669e-08
-2.25174e-08
3.13765e-08
7.53907e-08
1.10777e-07
1.38669e-07
1.60091e-07
1.75964e-07
1.8711e-07
1.94268e-07
1.98088e-07
1.99151e-07
1.97971e-07
1.94971e-07
1.90583e-07
1.85056e-07
1.78838e-07
1.71876e-07
1.64921e-07
1.57176e-07
1.50492e-07
1.42042e-07
1.36902e-07
1.26875e-07
1.25471e-07
1.11274e-07
1.17835e-07
9.38797e-08
1.16239e-07
7.23535e-08
1.23467e-07
4.39041e-08
1.41921e-07
6.91348e-09
1.71431e-07
-3.61992e-08
2.06171e-07
-7.61138e-08
2.33031e-07
-9.73206e-08
2.3609e-07
-8.72813e-08
2.10739e-07
-5.37494e-08
1.80395e-07
-3.44303e-08
1.93149e-07
-7.8956e-08
2.99313e-07
-2.36577e-07
5.51958e-07
-7.50994e-06
-6.67134e-06
-5.90602e-06
-5.20933e-06
-4.57686e-06
-4.00428e-06
-3.48736e-06
-3.02207e-06
-2.60452e-06
-2.23099e-06
-1.89795e-06
-1.60205e-06
-1.3401e-06
-1.10911e-06
-9.06269e-07
-7.28942e-07
-5.74665e-07
-4.41144e-07
-3.26253e-07
-2.28023e-07
-1.4464e-07
-7.4435e-08
-1.58769e-08
3.24326e-08
7.17676e-08
1.03285e-07
1.28028e-07
1.46941e-07
1.60867e-07
1.70561e-07
1.76695e-07
1.79864e-07
1.80599e-07
1.79341e-07
1.76533e-07
1.72443e-07
1.67521e-07
1.61742e-07
1.55842e-07
1.49076e-07
1.43231e-07
1.35612e-07
1.31101e-07
1.21827e-07
1.20812e-07
1.07393e-07
1.14025e-07
9.10212e-08
1.13002e-07
7.0427e-08
1.20554e-07
4.28294e-08
1.3916e-07
6.55301e-09
1.68785e-07
-3.60901e-08
2.03729e-07
-7.58128e-08
2.30819e-07
-9.68534e-08
2.33702e-07
-8.60594e-08
2.07079e-07
-5.05854e-08
1.74017e-07
-2.82272e-08
1.83051e-07
-6.93465e-08
2.84707e-07
-2.2267e-07
5.29428e-07
-7.75411e-06
-6.90385e-06
-6.12664e-06
-5.41797e-06
-4.77362e-06
-4.18931e-06
-3.6609e-06
-3.18442e-06
-2.75604e-06
-2.37209e-06
-2.02905e-06
-1.72361e-06
-1.4526e-06
-1.21304e-06
-1.0021e-06
-8.17163e-07
-6.55745e-07
-5.15547e-07
-3.94427e-07
-2.90402e-07
-2.01639e-07
-1.2645e-07
-6.32846e-08
-1.07234e-08
3.25279e-08
6.76464e-08
9.5697e-08
1.17642e-07
1.34343e-07
1.46575e-07
1.55026e-07
1.60309e-07
1.6297e-07
1.63466e-07
1.62251e-07
1.5961e-07
1.55998e-07
1.51416e-07
1.46583e-07
1.40811e-07
1.35818e-07
1.29044e-07
1.25172e-07
1.16665e-07
1.16045e-07
1.03421e-07
1.10122e-07
8.80966e-08
1.09679e-07
6.84588e-08
1.17559e-07
4.17376e-08
1.36316e-07
6.19635e-09
1.66056e-07
-3.5966e-08
2.0121e-07
-7.54967e-08
2.28539e-07
-9.63642e-08
2.31225e-07
-8.47566e-08
2.03223e-07
-4.71836e-08
1.6723e-07
-2.15582e-08
1.72318e-07
-5.91299e-08
2.69369e-07
-2.08124e-07
5.05989e-07
-7.9864e-06
-7.1259e-06
-6.33809e-06
-5.61865e-06
-4.96346e-06
-4.36837e-06
-3.82932e-06
-3.34241e-06
-2.90386e-06
-2.51007e-06
-2.15757e-06
-1.84305e-06
-1.56337e-06
-1.31557e-06
-1.09684e-06
-9.04533e-07
-7.36189e-07
-5.89495e-07
-4.62299e-07
-3.52606e-07
-2.58568e-07
-1.78481e-07
-1.10776e-07
-5.40171e-08
-6.89086e-09
3.17982e-08
6.31335e-08
8.80952e-08
1.07564e-07
1.22331e-07
1.33101e-07
1.40502e-07
1.45096e-07
1.47354e-07
1.47743e-07
1.46563e-07
1.44273e-07
1.40901e-07
1.37149e-07
1.32384e-07
1.28254e-07
1.22338e-07
1.19114e-07
1.11389e-07
1.11169e-07
9.93595e-08
1.06125e-07
8.5104e-08
1.06273e-07
6.64457e-08
1.14483e-07
4.0624e-08
1.33392e-07
5.83716e-09
1.63249e-07
-3.5835e-08
1.98623e-07
-7.51758e-08
2.26203e-07
-9.58656e-08
2.2867e-07
-8.33861e-08
1.99182e-07
-4.3553e-08
1.60039e-07
-1.4426e-08
1.6095e-07
-4.83084e-08
2.53304e-07
-1.92949e-07
4.81681e-07
-8.20588e-06
-7.33663e-06
-6.5396e-06
-5.81062e-06
-5.14573e-06
-4.54087e-06
-3.99207e-06
-3.49553e-06
-3.04755e-06
-2.64456e-06
-2.28314e-06
-1.96003e-06
-1.67211e-06
-1.41645e-06
-1.19024e-06
-9.90851e-07
-8.15821e-07
-6.62834e-07
-5.29735e-07
-4.14518e-07
-3.15325e-07
-2.30438e-07
-1.58275e-07
-9.73835e-08
-4.64334e-08
-4.21309e-09
3.03778e-08
5.83358e-08
8.05581e-08
9.78519e-08
1.10938e-07
1.20459e-07
1.26989e-07
1.31017e-07
1.33017e-07
1.33308e-07
1.32352e-07
1.30202e-07
1.27541e-07
1.23796e-07
1.2054e-07
1.15495e-07
1.12929e-07
1.06e-07
1.06185e-07
9.52071e-08
1.02035e-07
8.20438e-08
1.02782e-07
6.43897e-08
1.11325e-07
3.94931e-08
1.30381e-07
5.48431e-09
1.60353e-07
-3.56836e-08
1.95953e-07
-7.48336e-08
2.23794e-07
-9.53423e-08
2.26024e-07
-8.19366e-08
1.94946e-07
-3.96859e-08
1.52437e-07
-6.82287e-09
1.48935e-07
-3.68696e-08
2.36494e-07
-1.77124e-07
4.56493e-07
-8.41161e-06
-7.53519e-06
-6.73036e-06
-5.99315e-06
-5.31975e-06
-4.70618e-06
-4.1486e-06
-3.64329e-06
-3.18663e-06
-2.77511e-06
-2.40538e-06
-2.07421e-06
-1.77853e-06
-1.5154e-06
-1.28207e-06
-1.07591e-06
-8.94456e-07
-7.35403e-07
-5.96593e-07
-4.76015e-07
-3.71803e-07
-2.82231e-07
-2.05702e-07
-1.40753e-07
-8.60405e-08
-4.03368e-08
-2.52721e-09
2.83998e-08
5.33565e-08
7.31645e-08
8.85594e-08
1.00196e-07
1.08665e-07
1.14466e-07
1.18084e-07
1.19855e-07
1.20242e-07
1.19323e-07
1.17765e-07
1.15051e-07
1.1268e-07
1.08518e-07
1.06619e-07
1.00499e-07
1.01094e-07
9.09641e-08
9.78531e-08
7.89158e-08
9.92072e-08
6.22901e-08
1.08083e-07
3.83453e-08
1.27283e-07
5.13987e-09
1.57364e-07
-3.55076e-08
1.93194e-07
-7.44652e-08
2.21306e-07
-9.47907e-08
2.23285e-07
-8.04082e-08
1.90517e-07
-3.55846e-08
1.44424e-07
1.24867e-09
1.36276e-07
-2.48157e-08
2.1894e-07
-1.60648e-07
4.30434e-07
-8.60265e-06
-7.72069e-06
-6.90958e-06
-6.16552e-06
-5.48483e-06
-4.86368e-06
-4.29833e-06
-3.78516e-06
-3.32063e-06
-2.90132e-06
-2.52392e-06
-2.18526e-06
-1.88231e-06
-1.61217e-06
-1.37209e-06
-1.15949e-06
-9.71902e-07
-8.07032e-07
-6.62724e-07
-5.36966e-07
-4.27889e-07
-3.33759e-07
-2.52972e-07
-1.84054e-07
-1.25649e-07
-7.65189e-08
-3.55353e-08
-1.67363e-09
2.59919e-08
4.8296e-08
6.59879e-08
7.97352e-08
9.01397e-08
9.77151e-08
1.02955e-07
1.06211e-07
1.07948e-07
1.08271e-07
1.07825e-07
1.06152e-07
1.04677e-07
1.01408e-07
1.00185e-07
9.48856e-08
9.58985e-08
8.66306e-08
9.35798e-08
7.57188e-08
9.55493e-08
6.01456e-08
1.0476e-07
3.71792e-08
1.24097e-07
4.80302e-09
1.54283e-07
-3.53069e-08
1.90345e-07
-7.40702e-08
2.18738e-07
-9.42128e-08
2.20454e-07
-7.88061e-08
1.85899e-07
-3.12569e-08
1.36009e-07
9.77892e-09
1.22981e-07
-1.21583e-08
2.00652e-07
-1.43529e-07
4.03519e-07
-8.77808e-06
-7.89227e-06
-7.07645e-06
-6.32695e-06
-5.64029e-06
-5.01273e-06
-4.44068e-06
-3.92062e-06
-3.44908e-06
-3.02274e-06
-2.63836e-06
-2.29281e-06
-1.98313e-06
-1.70645e-06
-1.46005e-06
-1.24136e-06
-1.04796e-06
-8.77545e-07
-7.27973e-07
-5.97236e-07
-4.83463e-07
-3.84919e-07
-2.99994e-07
-2.27207e-07
-1.65192e-07
-1.12702e-07
-6.85975e-08
-3.18428e-08
-1.5002e-09
2.32767e-08
4.32489e-08
5.9096e-08
7.14305e-08
8.07786e-08
8.76423e-08
9.23878e-08
9.54811e-08
9.70513e-08
9.7727e-08
9.71035e-08
9.65329e-08
9.41682e-08
9.36304e-08
8.91623e-08
9.05991e-08
8.22066e-08
8.9217e-08
7.24523e-08
9.18103e-08
5.79547e-08
1.01356e-07
3.59933e-08
1.20826e-07
4.47309e-09
1.51108e-07
-3.50809e-08
1.87404e-07
-7.36481e-08
2.16092e-07
-9.36103e-08
2.17536e-07
-7.71365e-08
1.811e-07
-2.67129e-08
1.27202e-07
1.87535e-08
1.09066e-07
1.08556e-09
1.81646e-07
-1.25784e-07
3.7576e-07
-8.93696e-06
-8.04908e-06
-7.23016e-06
-6.47672e-06
-5.78543e-06
-5.15271e-06
-4.57507e-06
-4.04911e-06
-3.57148e-06
-3.13893e-06
-2.74829e-06
-2.39651e-06
-2.08067e-06
-1.79795e-06
-1.54568e-06
-1.3213e-06
-1.12242e-06
-9.46759e-07
-7.92179e-07
-6.56682e-07
-5.38403e-07
-4.35604e-07
-3.46676e-07
-2.7013e-07
-2.04599e-07
-1.48825e-07
-1.01662e-07
-6.20632e-08
-2.90819e-08
-1.86145e-09
2.03698e-08
3.83017e-08
5.25569e-08
6.36727e-08
7.21588e-08
7.83952e-08
8.28488e-08
8.56727e-08
8.74763e-08
8.79106e-08
8.82533e-08
8.68011e-08
8.69575e-08
8.33301e-08
8.51984e-08
7.76926e-08
8.47667e-08
6.91155e-08
8.79922e-08
5.57163e-08
9.78738e-08
3.47863e-08
1.17469e-07
4.14962e-09
1.4784e-07
-3.48287e-08
1.84371e-07
-7.31974e-08
2.13365e-07
-9.29842e-08
2.14533e-07
-7.54057e-08
1.7613e-07
-2.19652e-08
1.18019e-07
2.81532e-08
9.45525e-08
1.48925e-08
1.61943e-07
-1.07431e-07
3.4717e-07
-9.07838e-06
-8.19025e-06
-7.36991e-06
-6.61407e-06
-5.91956e-06
-5.28295e-06
-4.7009e-06
-4.17011e-06
-3.68734e-06
-3.24943e-06
-2.8533e-06
-2.49598e-06
-2.17459e-06
-1.88638e-06
-1.62871e-06
-1.39907e-06
-1.19507e-06
-1.01448e-06
-8.55174e-07
-7.15159e-07
-5.92578e-07
-4.857e-07
-3.92917e-07
-3.1274e-07
-2.43796e-07
-1.84825e-07
-1.34673e-07
-9.22877e-08
-5.67131e-08
-2.70842e-08
-2.6205e-09
1.7377e-08
3.35396e-08
4.64149e-08
5.65192e-08
6.42457e-08
7.00615e-08
7.41428e-08
7.70801e-08
7.85786e-08
7.98426e-08
7.93102e-08
8.01696e-08
7.7391e-08
7.96987e-08
7.30892e-08
8.02311e-08
6.57081e-08
8.40973e-08
5.34291e-08
9.43155e-08
3.35568e-08
1.14028e-07
3.83212e-09
1.44478e-07
-3.45493e-08
1.81243e-07
-7.27166e-08
2.10556e-07
-9.23357e-08
2.11448e-07
-7.3621e-08
1.70997e-07
-1.70289e-08
1.08478e-07
3.79533e-08
7.94673e-08
2.92324e-08
1.4157e-07
-8.84942e-08
3.17763e-07
-9.20147e-06
-8.31494e-06
-7.49492e-06
-6.73826e-06
-6.04199e-06
-5.40284e-06
-4.81758e-06
-4.28306e-06
-3.79615e-06
-3.35379e-06
-2.95299e-06
-2.59085e-06
-2.26456e-06
-1.97143e-06
-1.70887e-06
-1.47441e-06
-1.2657e-06
-1.08053e-06
-9.16788e-07
-7.72513e-07
-6.45855e-07
-5.35091e-07
-4.38617e-07
-3.54946e-07
-2.82706e-07
-2.20635e-07
-1.67574e-07
-1.22467e-07
-8.43512e-08
-5.23552e-08
-2.5691e-08
-3.65199e-09
1.44007e-08
2.90238e-08
4.07392e-08
4.99524e-08
5.71302e-08
6.24709e-08
6.65461e-08
6.91136e-08
7.13057e-08
7.16996e-08
7.32704e-08
7.13474e-08
7.4103e-08
6.83974e-08
7.56127e-08
6.22299e-08
8.01279e-08
5.1092e-08
9.06833e-08
3.23034e-08
1.10505e-07
3.51998e-09
1.41022e-07
-3.42417e-08
1.78018e-07
-7.22041e-08
2.07666e-07
-9.1666e-08
2.08286e-07
-7.17907e-08
1.65715e-07
-1.19218e-08
9.86025e-08
4.81235e-08
6.38454e-08
4.40678e-08
1.20562e-07
-6.9006e-08
2.87557e-07
-9.30535e-06
-8.42234e-06
-7.6044e-06
-6.84856e-06
-6.15204e-06
-5.51173e-06
-4.92453e-06
-4.38743e-06
-3.89743e-06
-3.45155e-06
-3.04693e-06
-2.68073e-06
-2.35022e-06
-2.05278e-06
-1.78587e-06
-1.54707e-06
-1.33408e-06
-1.14469e-06
-9.76843e-07
-8.2859e-07
-6.98097e-07
-5.83655e-07
-4.83668e-07
-3.96656e-07
-3.21249e-07
-2.56184e-07
-2.00304e-07
-1.52549e-07
-1.11952e-07
-7.76361e-08
-4.88091e-08
-2.47573e-08
-4.836e-09
1.15195e-08
2.48358e-08
3.55295e-08
4.40668e-08
5.06667e-08
5.58824e-08
5.95224e-08
6.26486e-08
6.39738e-08
6.6264e-08
6.52021e-08
6.84144e-08
6.36185e-08
7.09142e-08
5.86809e-08
7.60869e-08
4.87038e-08
8.69801e-08
3.10246e-08
1.06903e-07
3.21248e-09
1.37472e-07
-3.39048e-08
1.74695e-07
-7.16579e-08
2.04691e-07
-9.09761e-08
2.0505e-07
-6.99236e-08
1.60298e-07
-6.66484e-09
8.84203e-08
5.8628e-08
4.77288e-08
5.93536e-08
9.89618e-08
-4.90055e-08
2.56574e-07
-9.38919e-06
-8.51165e-06
-7.6976e-06
-6.94428e-06
-6.24905e-06
-5.609e-06
-5.02117e-06
-4.48268e-06
-3.99066e-06
-3.54227e-06
-3.1347e-06
-2.76525e-06
-2.43124e-06
-2.13014e-06
-1.85945e-06
-1.61682e-06
-1.39997e-06
-1.20677e-06
-1.03516e-06
-8.83228e-07
-7.49163e-07
-6.31269e-07
-5.27963e-07
-4.37775e-07
-3.5934e-07
-2.91401e-07
-2.32801e-07
-1.82479e-07
-1.39467e-07
-1.02887e-07
-7.19401e-08
-4.59096e-08
-2.41455e-08
-6.0769e-09
8.82688e-09
2.09921e-08
3.08841e-08
3.8741e-08
4.50981e-08
4.98125e-08
5.38777e-08
5.61378e-08
5.9155e-08
5.89581e-08
6.26364e-08
5.87541e-08
6.61388e-08
5.50611e-08
7.19774e-08
4.62635e-08
8.3209e-08
2.97189e-08
1.03223e-07
2.90876e-09
1.3383e-07
-3.35376e-08
1.71272e-07
-7.1076e-08
2.01632e-07
-9.0267e-08
2.01745e-07
-6.80297e-08
1.54761e-07
-1.28158e-09
7.79629e-08
6.94254e-08
3.11659e-08
7.50375e-08
7.68187e-08
-2.85401e-08
2.24848e-07
-9.45219e-06
-8.58211e-06
-7.77381e-06
-7.02471e-06
-6.33237e-06
-5.69404e-06
-5.10692e-06
-4.56828e-06
-4.07538e-06
-3.62548e-06
-3.2159e-06
-2.84402e-06
-2.50728e-06
-2.20317e-06
-1.92931e-06
-1.68338e-06
-1.46316e-06
-1.26655e-06
-1.09155e-06
-9.36267e-07
-7.98908e-07
-6.77804e-07
-5.71389e-07
-4.78204e-07
-3.96895e-07
-3.26211e-07
-2.64999e-07
-2.122e-07
-1.66849e-07
-1.28065e-07
-9.50481e-08
-6.70778e-08
-4.35014e-08
-2.37427e-08
-7.26834e-09
6.35662e-09
1.75958e-08
2.67054e-08
3.42031e-08
3.99921e-08
4.49998e-08
4.81972e-08
5.19485e-08
5.26192e-08
5.67728e-08
5.38062e-08
6.12899e-08
5.1371e-08
6.78028e-08
4.37702e-08
7.93734e-08
2.83846e-08
9.94677e-08
2.60784e-09
1.30096e-07
-3.31393e-08
1.67749e-07
-7.0456e-08
1.98486e-07
-8.95393e-08
1.98376e-07
-6.61195e-08
1.49122e-07
4.20174e-09
6.72662e-08
8.04689e-08
1.42126e-08
9.10592e-08
5.4192e-08
-7.6667e-09
1.92423e-07
-9.49362e-06
-8.633e-06
-7.83233e-06
-7.0892e-06
-6.40137e-06
-5.76626e-06
-5.18124e-06
-4.64372e-06
-4.15108e-06
-3.70074e-06
-3.29011e-06
-2.91668e-06
-2.57797e-06
-2.27158e-06
-1.99517e-06
-1.7465e-06
-1.52341e-06
-1.32385e-06
-1.14584e-06
-9.8754e-07
-8.47187e-07
-7.23132e-07
-6.13832e-07
-5.17843e-07
-4.33824e-07
-3.60536e-07
-2.9683e-07
-2.41656e-07
-1.94048e-07
-1.53127e-07
-1.18095e-07
-8.82297e-08
-6.28759e-08
-4.14543e-08
-2.34296e-08
-8.35987e-09
4.2166e-09
1.45723e-08
2.32079e-08
3.00698e-08
3.60225e-08
4.01582e-08
4.46499e-08
4.61893e-08
5.0828e-08
4.87769e-08
5.63711e-08
4.76112e-08
6.35669e-08
4.1223e-08
7.54772e-08
2.70201e-08
9.56414e-08
2.3086e-09
1.2627e-07
-3.27087e-08
1.64122e-07
-6.97955e-08
1.95252e-07
-8.87936e-08
1.94947e-07
-6.4204e-08
1.434e-07
9.75636e-09
5.63699e-08
9.17068e-08
-3.06893e-09
1.07351e-07
3.11502e-08
1.35481e-08
1.5936e-07
-9.51278e-06
-8.66365e-06
-7.87251e-06
-7.13713e-06
-6.45547e-06
-5.82511e-06
-5.2436e-06
-4.7085e-06
-4.21733e-06
-3.76762e-06
-3.35694e-06
-2.98286e-06
-2.643e-06
-2.33505e-06
-2.05676e-06
-1.80594e-06
-1.5805e-06
-1.37844e-06
-1.19784e-06
-1.03688e-06
-8.93852e-07
-7.67123e-07
-6.55176e-07
-5.5659e-07
-4.7004e-07
-3.94297e-07
-3.28228e-07
-2.70785e-07
-2.2101e-07
-1.78028e-07
-1.41043e-07
-1.09332e-07
-8.22401e-08
-5.91868e-08
-3.96358e-08
-2.31391e-08
-9.23801e-09
2.35487e-09
1.21236e-08
2.00553e-08
2.69541e-08
3.20275e-08
3.72653e-08
3.9673e-08
4.48066e-08
4.3669e-08
5.13866e-08
4.37826e-08
5.92737e-08
3.86214e-08
7.15246e-08
2.56236e-08
9.17473e-08
2.00971e-09
1.22356e-07
-3.22452e-08
1.60392e-07
-6.90917e-08
1.91929e-07
-8.803e-08
1.91463e-07
-6.22948e-08
1.37615e-07
1.53512e-08
4.53175e-08
1.03082e-07
-2.061e-08
1.23838e-07
7.77088e-09
3.5027e-08
1.25736e-07
-9.50905e-06
-8.67345e-06
-7.89376e-06
-7.16792e-06
-6.4941e-06
-5.87005e-06
-5.29349e-06
-4.76213e-06
-4.27365e-06
-3.82572e-06
-3.416e-06
-3.04219e-06
-2.70203e-06
-2.39328e-06
-2.11378e-06
-1.86143e-06
-1.63419e-06
-1.43012e-06
-1.24736e-06
-1.08413e-06
-9.38755e-07
-8.09643e-07
-6.95305e-07
-5.94341e-07
-5.05449e-07
-4.27416e-07
-3.5912e-07
-2.99526e-07
-2.47683e-07
-2.02722e-07
-1.6385e-07
-1.30348e-07
-1.01564e-07
-7.69142e-08
-5.58644e-08
-3.79621e-08
-2.27517e-08
-9.93293e-09
9.62295e-10
9.95858e-09
1.78032e-08
2.38123e-08
2.98011e-08
3.30753e-08
3.87136e-08
3.84855e-08
4.63405e-08
3.98866e-08
5.49275e-08
3.59646e-08
6.75203e-08
2.41933e-08
8.77899e-08
1.70967e-09
1.18356e-07
-3.1748e-08
1.56558e-07
-6.83417e-08
1.88514e-07
-8.72482e-08
1.8793e-07
-6.04034e-08
1.3179e-07
2.09533e-08
3.41558e-08
1.14535e-07
-3.83359e-08
1.40439e-07
-1.58581e-08
5.66815e-08
9.16493e-08
-9.48188e-06
-8.66185e-06
-7.89552e-06
-7.18104e-06
-6.51674e-06
-5.90059e-06
-5.33044e-06
-4.80419e-06
-4.31964e-06
-3.87462e-06
-3.46691e-06
-3.09434e-06
-2.75474e-06
-2.44598e-06
-2.16599e-06
-1.91274e-06
-1.68427e-06
-1.4787e-06
-1.29422e-06
-1.12912e-06
-9.81749e-07
-8.50563e-07
-7.34101e-07
-6.30994e-07
-5.39961e-07
-4.59811e-07
-3.89436e-07
-3.27816e-07
-2.74011e-07
-2.2716e-07
-1.86476e-07
-1.51244e-07
-1.20816e-07
-9.46096e-08
-7.20923e-08
-5.28087e-08
-3.63071e-08
-2.22763e-08
-1.02633e-08
-2.09375e-10
8.57916e-09
1.55204e-08
2.22642e-08
2.64018e-08
3.25544e-08
3.32299e-08
4.12376e-08
3.59245e-08
5.05329e-08
3.32525e-08
6.34691e-08
2.27276e-08
8.37737e-08
1.40677e-09
1.14271e-07
-3.12166e-08
1.52617e-07
-6.75423e-08
1.85006e-07
-8.64473e-08
1.84351e-07
-5.85416e-08
1.25946e-07
2.65278e-08
2.29344e-08
1.26e-07
-5.61665e-08
1.57063e-07
-3.96388e-08
7.84116e-08
5.722e-08
-9.43078e-06
-8.62835e-06
-7.87733e-06
-7.17601e-06
-6.52295e-06
-5.91627e-06
-5.35402e-06
-4.83423e-06
-4.35489e-06
-3.91395e-06
-3.50933e-06
-3.13897e-06
-2.80083e-06
-2.49287e-06
-2.21311e-06
-1.95962e-06
-1.73051e-06
-1.52397e-06
-1.33825e-06
-1.17169e-06
-1.02269e-06
-8.89751e-07
-7.71448e-07
-6.66444e-07
-5.73484e-07
-4.914e-07
-4.19105e-07
-3.55594e-07
-2.9994e-07
-2.51294e-07
-2.08878e-07
-1.71982e-07
-1.39964e-07
-1.12245e-07
-8.82953e-08
-6.76581e-08
-4.98863e-08
-3.46597e-08
-2.15399e-08
-1.04371e-08
-7.07998e-10
7.16046e-09
1.46622e-08
1.96583e-08
2.63347e-08
2.79062e-08
3.60829e-08
3.18985e-08
4.60948e-08
3.04847e-08
5.93765e-08
2.12245e-08
7.9704e-08
1.09906e-09
1.10106e-07
-3.06506e-08
1.48572e-07
-6.66901e-08
1.81402e-07
-8.56259e-08
1.80732e-07
-5.67211e-08
1.20106e-07
3.20389e-08
1.17056e-08
1.3741e-07
-7.40163e-08
1.73616e-07
-6.34629e-08
1.00106e-07
2.25906e-08
-9.35537e-06
-8.57257e-06
-7.83876e-06
-7.15242e-06
-6.51229e-06
-5.91668e-06
-5.36382e-06
-4.8519e-06
-4.37905e-06
-3.94337e-06
-3.54293e-06
-3.17578e-06
-2.84e-06
-2.53367e-06
-2.2549e-06
-2.00185e-06
-1.7727e-06
-1.56574e-06
-1.37926e-06
-1.21167e-06
-1.06143e-06
-9.27079e-07
-8.07232e-07
-7.00589e-07
-6.05926e-07
-5.22102e-07
-4.48053e-07
-3.82794e-07
-3.25414e-07
-2.75075e-07
-2.31012e-07
-1.92525e-07
-1.58976e-07
-1.29792e-07
-1.04449e-07
-8.24886e-08
-6.34706e-08
-4.70668e-08
-3.28533e-08
-2.07124e-08
-1.00478e-08
-1.25866e-09
7.00298e-09
1.28515e-08
2.00607e-08
2.25188e-08
3.08815e-08
2.78107e-08
4.16185e-08
2.76615e-08
5.5248e-08
1.96824e-08
7.55866e-08
7.8433e-10
1.05864e-07
-3.00501e-08
1.4442e-07
-6.57818e-08
1.777e-07
-8.47821e-08
1.77077e-07
-5.49528e-08
1.14296e-07
3.74497e-08
5.23751e-10
1.48695e-07
-9.17954e-08
1.89996e-07
-8.72121e-08
1.2164e-07
-1.20736e-08
-9.25536e-06
-8.49418e-06
-7.77948e-06
-7.10993e-06
-6.48443e-06
-5.90149e-06
-5.35951e-06
-4.85685e-06
-4.39178e-06
-3.96257e-06
-3.5674e-06
-3.20449e-06
-2.872e-06
-2.56814e-06
-2.29113e-06
-2.0392e-06
-1.81065e-06
-1.60382e-06
-1.41709e-06
-1.24893e-06
-1.09784e-06
-9.62423e-07
-8.41339e-07
-7.33326e-07
-6.37196e-07
-5.51837e-07
-4.7621e-07
-4.09353e-07
-3.50375e-07
-2.98454e-07
-2.52836e-07
-2.12833e-07
-1.77817e-07
-1.47221e-07
-1.20526e-07
-9.72777e-08
-7.70402e-08
-5.94806e-08
-4.41887e-08
-3.10225e-08
-1.9429e-08
-9.72729e-09
-7.05052e-10
5.98841e-09
1.3739e-08
1.70725e-08
2.5639e-08
2.36638e-08
3.71094e-08
2.47832e-08
5.10897e-08
1.80994e-08
7.1428e-08
4.60125e-10
1.01551e-07
-2.94155e-08
1.40164e-07
-6.48139e-08
1.73898e-07
-8.3913e-08
1.73388e-07
-5.32471e-08
1.08538e-07
4.27232e-08
-1.05553e-08
1.59782e-07
-1.0941e-07
2.06096e-07
-1.10758e-07
1.42881e-07
-4.65861e-08
-9.13056e-06
-8.39297e-06
-7.69925e-06
-7.04827e-06
-6.43908e-06
-5.87041e-06
-5.3408e-06
-4.84878e-06
-4.3928e-06
-3.97126e-06
-3.58249e-06
-3.22482e-06
-2.89657e-06
-2.59605e-06
-2.32157e-06
-2.07148e-06
-1.84417e-06
-1.63805e-06
-1.45159e-06
-1.2833e-06
-1.13178e-06
-9.9566e-07
-8.7366e-07
-7.64559e-07
-6.67206e-07
-5.80524e-07
-5.03504e-07
-4.35209e-07
-3.74768e-07
-3.21379e-07
-2.74304e-07
-2.32868e-07
-1.96454e-07
-1.64502e-07
-1.36502e-07
-1.12002e-07
-9.05749e-08
-7.18833e-08
-5.55307e-08
-4.13538e-08
-2.88398e-08
-1.82352e-08
-8.4529e-09
-9.23313e-10
7.37669e-09
1.15728e-08
2.03614e-08
1.94611e-08
3.25731e-08
2.18506e-08
4.6908e-08
1.64739e-08
6.72349e-08
1.23717e-10
9.7171e-08
-2.87474e-08
1.35804e-07
-6.3783e-08
1.69993e-07
-8.30152e-08
1.6967e-07
-5.16133e-08
1.02857e-07
4.78222e-08
-2.14749e-08
1.70598e-07
-1.26763e-07
2.21805e-07
-1.33963e-07
1.63683e-07
-8.07412e-08
-8.98092e-06
-8.26883e-06
-7.59793e-06
-6.96725e-06
-6.37605e-06
-5.82321e-06
-5.30745e-06
-4.82747e-06
-4.38188e-06
-3.9692e-06
-3.58795e-06
-3.23657e-06
-2.9135e-06
-2.61718e-06
-2.34603e-06
-2.09851e-06
-1.87308e-06
-1.66826e-06
-1.48259e-06
-1.31466e-06
-1.16312e-06
-1.02668e-06
-9.04089e-07
-7.9419e-07
-6.9587e-07
-6.08087e-07
-5.29866e-07
-4.60298e-07
-3.98537e-07
-3.43802e-07
-2.95373e-07
-2.52591e-07
-2.14851e-07
-1.81604e-07
-1.52348e-07
-1.26638e-07
-1.04054e-07
-8.42566e-08
-6.68631e-08
-5.16922e-08
-3.82679e-08
-2.67715e-08
-1.6231e-08
-7.87548e-09
9.81094e-10
6.02548e-09
1.50548e-08
1.52062e-08
2.80158e-08
1.88648e-08
4.27096e-08
1.48044e-08
6.30149e-08
-2.27884e-10
9.27317e-08
-2.80472e-08
1.31342e-07
-6.26858e-08
1.65982e-07
-8.20843e-08
1.65923e-07
-5.00596e-08
9.72733e-08
5.27107e-08
-3.2178e-08
1.81069e-07
-1.43755e-07
2.37006e-07
-1.56682e-07
1.83893e-07
-1.14318e-07
-8.80648e-06
-8.12174e-06
-7.47545e-06
-6.8668e-06
-6.29521e-06
-5.75975e-06
-5.25931e-06
-4.79274e-06
-4.35882e-06
-3.95622e-06
-3.58359e-06
-3.23953e-06
-2.9226e-06
-2.63136e-06
-2.36434e-06
-2.12011e-06
-1.89723e-06
-1.69431e-06
-1.50996e-06
-1.34287e-06
-1.19175e-06
-1.05536e-06
-9.32527e-07
-8.22129e-07
-7.23103e-07
-6.34449e-07
-5.55227e-07
-4.84558e-07
-4.21626e-07
-3.65673e-07
-3.15999e-07
-2.71963e-07
-2.32974e-07
-1.98496e-07
-1.68038e-07
-1.41162e-07
-1.17455e-07
-9.65813e-08
-7.81691e-08
-6.20227e-08
-4.77003e-08
-3.53247e-08
-2.40294e-08
-1.48593e-08
-5.43986e-09
4.37165e-10
9.72581e-09
1.09034e-08
2.34436e-08
1.58272e-08
3.85016e-08
1.30894e-08
5.87761e-08
-5.9792e-10
8.824e-08
-2.73167e-08
1.26782e-07
-6.15193e-08
1.61864e-07
-8.11155e-08
1.62149e-07
-4.85924e-08
9.18101e-08
5.73537e-08
-4.26079e-08
1.91119e-07
-1.60283e-07
2.51579e-07
-1.78762e-07
2.03349e-07
-1.47084e-07
-8.60743e-06
-7.95184e-06
-7.33188e-06
-6.74692e-06
-6.19653e-06
-5.67997e-06
-5.19628e-06
-4.74448e-06
-4.3235e-06
-3.93217e-06
-3.56928e-06
-3.23357e-06
-2.92373e-06
-2.63843e-06
-2.37635e-06
-2.13614e-06
-1.91648e-06
-1.71606e-06
-1.53359e-06
-1.36782e-06
-1.21755e-06
-1.08161e-06
-9.5888e-07
-8.48289e-07
-7.48828e-07
-6.59539e-07
-5.79521e-07
-5.07932e-07
-4.43983e-07
-3.86944e-07
-3.36138e-07
-2.90943e-07
-2.50787e-07
-2.15146e-07
-1.83543e-07
-1.55547e-07
-1.30757e-07
-1.08838e-07
-8.94312e-08
-7.23299e-08
-5.71233e-08
-4.38828e-08
-3.18374e-08
-2.18654e-08
-1.18778e-08
-5.1851e-09
4.38134e-09
6.55724e-09
1.88631e-08
1.274e-08
3.4291e-08
1.13278e-08
5.45269e-08
-9.8986e-10
8.37041e-08
-2.65584e-08
1.22128e-07
-6.02809e-08
1.57637e-07
-8.0103e-08
1.58348e-07
-4.72164e-08
8.64869e-08
6.17183e-08
-5.27089e-08
2.00678e-07
-1.76246e-07
2.65404e-07
-2.00045e-07
2.21884e-07
-1.78802e-07
-8.38408e-06
-7.75936e-06
-7.16741e-06
-6.60774e-06
-6.08009e-06
-5.58389e-06
-5.11836e-06
-4.68265e-06
-4.27586e-06
-3.89697e-06
-3.54492e-06
-3.21857e-06
-2.91676e-06
-2.63829e-06
-2.38194e-06
-2.14649e-06
-1.93071e-06
-1.7334e-06
-1.55335e-06
-1.38941e-06
-1.24044e-06
-1.10534e-06
-9.83061e-07
-8.72591e-07
-7.7297e-07
-6.83288e-07
-6.02687e-07
-5.3036e-07
-4.65554e-07
-4.07566e-07
-3.55746e-07
-3.09494e-07
-2.68255e-07
-2.31524e-07
-1.98835e-07
-1.69769e-07
-1.43936e-07
-1.21005e-07
-1.00631e-07
-8.25977e-08
-6.65226e-08
-5.24329e-08
-3.96437e-08
-2.88836e-08
-1.83239e-08
-1.08336e-08
-9.71373e-10
2.17323e-09
1.4281e-08
9.60558e-09
3.00856e-08
9.51882e-09
5.02764e-08
-1.40737e-09
7.91334e-08
-2.57755e-08
1.17385e-07
-5.89686e-08
1.53299e-07
-7.90406e-08
1.54519e-07
-4.59342e-08
8.13213e-08
6.57742e-08
-6.24274e-08
2.09672e-07
-1.9154e-07
2.78357e-07
-2.20368e-07
2.39329e-07
-2.09232e-07
-8.13693e-06
-7.54469e-06
-6.98233e-06
-6.44948e-06
-5.94606e-06
-5.47165e-06
-5.02562e-06
-4.60729e-06
-4.21591e-06
-3.8506e-06
-3.51046e-06
-3.19448e-06
-2.90163e-06
-2.63085e-06
-2.38103e-06
-2.15106e-06
-1.93984e-06
-1.74624e-06
-1.56917e-06
-1.40755e-06
-1.26032e-06
-1.12647e-06
-1.005e-06
-8.94962e-07
-7.95461e-07
-7.05633e-07
-6.24665e-07
-5.51789e-07
-4.86289e-07
-4.27495e-07
-3.74783e-07
-3.27576e-07
-2.85344e-07
-2.47596e-07
-2.13885e-07
-1.83802e-07
-1.5697e-07
-1.33064e-07
-1.11751e-07
-9.28093e-08
-7.58833e-08
-6.09617e-08
-4.74367e-08
-3.59034e-08
-2.47688e-08
-1.65001e-08
-6.32467e-09
-2.24268e-09
9.70426e-09
6.42716e-09
2.5893e-08
7.66194e-09
4.60342e-08
-1.85425e-09
7.4538e-08
-2.49719e-08
1.1256e-07
-5.75812e-08
1.4885e-07
-7.79215e-08
1.50661e-07
-4.47463e-08
7.63288e-08
6.94943e-08
-7.17125e-08
2.18035e-07
-2.06064e-07
2.90317e-07
-2.3957e-07
2.55515e-07
-2.38144e-07
-7.86659e-06
-7.30837e-06
-6.77708e-06
-6.27252e-06
-5.79473e-06
-5.34345e-06
-4.91823e-06
-4.51852e-06
-4.14372e-06
-3.79312e-06
-3.46593e-06
-3.1613e-06
-2.87833e-06
-2.61608e-06
-2.37357e-06
-2.14981e-06
-1.9438e-06
-1.75452e-06
-1.58097e-06
-1.42216e-06
-1.27713e-06
-1.14492e-06
-1.02461e-06
-9.15338e-07
-8.16241e-07
-7.26516e-07
-6.454e-07
-5.72168e-07
-5.06142e-07
-4.46685e-07
-3.93206e-07
-3.45153e-07
-3.02019e-07
-2.63333e-07
-2.28664e-07
-1.9762e-07
-1.69834e-07
-1.44991e-07
-1.2277e-07
-1.02947e-07
-8.51899e-08
-6.94551e-08
-5.52037e-08
-4.29134e-08
-3.12026e-08
-2.21755e-08
-1.16705e-08
-6.68384e-09
5.14015e-09
3.20852e-09
2.17211e-08
5.75715e-09
4.18102e-08
-2.33437e-09
6.99293e-08
-2.41523e-08
1.0766e-07
-5.61184e-08
1.4429e-07
-7.67388e-08
1.4677e-07
-4.36505e-08
7.15218e-08
7.28555e-08
-8.05169e-08
2.257e-07
-2.19721e-07
3.01164e-07
-2.5749e-07
2.70274e-07
-2.65316e-07
-7.57386e-06
-7.05106e-06
-6.55224e-06
-6.07733e-06
-5.6265e-06
-5.19965e-06
-4.79647e-06
-4.41657e-06
-4.05948e-06
-3.72465e-06
-3.41142e-06
-3.11908e-06
-2.84688e-06
-2.59399e-06
-2.35956e-06
-2.14271e-06
-1.94256e-06
-1.75819e-06
-1.58871e-06
-1.43321e-06
-1.29081e-06
-1.16064e-06
-1.04187e-06
-9.33665e-07
-8.35255e-07
-7.45886e-07
-6.64843e-07
-5.91449e-07
-5.25067e-07
-4.65096e-07
-4.10977e-07
-3.62188e-07
-3.18246e-07
-2.78702e-07
-2.43145e-07
-2.11196e-07
-1.82506e-07
-1.56766e-07
-1.3367e-07
-1.12994e-07
-9.44263e-08
-7.78983e-08
-6.29319e-08
-4.99017e-08
-3.76148e-08
-2.78503e-08
-1.70004e-08
-1.11429e-08
5.96162e-10
-4.58501e-11
1.75781e-08
3.80499e-09
3.76147e-08
-2.85158e-09
6.53195e-08
-2.33223e-08
1.02696e-07
-5.4581e-08
1.3962e-07
-7.54854e-08
1.42844e-07
-4.26425e-08
6.69096e-08
7.58395e-08
-8.8798e-08
2.32611e-07
-2.32415e-07
3.10783e-07
-2.7397e-07
2.83448e-07
-2.90548e-07
-7.2597e-06
-6.77362e-06
-6.30854e-06
-5.86454e-06
-5.4419e-06
-5.04068e-06
-4.66071e-06
-4.30173e-06
-3.96343e-06
-3.64538e-06
-3.34708e-06
-3.06796e-06
-2.80737e-06
-2.56463e-06
-2.33902e-06
-2.12978e-06
-1.93612e-06
-1.75725e-06
-1.59236e-06
-1.44065e-06
-1.30132e-06
-1.1736e-06
-1.05671e-06
-9.49899e-07
-8.52461e-07
-7.63698e-07
-6.82951e-07
-6.09591e-07
-5.43023e-07
-4.82688e-07
-4.28059e-07
-3.78646e-07
-3.33993e-07
-2.93674e-07
-2.57298e-07
-2.24505e-07
-1.9496e-07
-1.68365e-07
-1.44431e-07
-1.2293e-07
-1.03576e-07
-8.62761e-08
-7.06075e-08
-5.68556e-08
-4.39945e-08
-3.35141e-08
-2.23055e-08
-1.56118e-08
-3.91996e-09
-3.33071e-09
1.34722e-08
1.80663e-09
3.34582e-08
-3.40956e-09
6.07216e-08
-2.24882e-08
9.76789e-08
-5.29713e-08
1.34845e-07
-7.41546e-08
1.38878e-07
-4.17153e-08
6.24982e-08
7.8433e-08
-9.6519e-08
2.38714e-07
-2.4406e-07
3.19065e-07
-2.88862e-07
2.94886e-07
-3.13662e-07
-6.92525e-06
-6.47704e-06
-6.04687e-06
-5.63492e-06
-5.24161e-06
-4.86713e-06
-4.51144e-06
-4.17443e-06
-3.85592e-06
-3.55561e-06
-3.27316e-06
-3.00811e-06
-2.75995e-06
-2.52814e-06
-2.31206e-06
-2.11108e-06
-1.92453e-06
-1.75171e-06
-1.59194e-06
-1.44449e-06
-1.30867e-06
-1.18377e-06
-1.06911e-06
-9.64011e-07
-8.67824e-07
-7.79918e-07
-6.99689e-07
-6.26557e-07
-5.59976e-07
-4.99426e-07
-4.44418e-07
-3.94495e-07
-3.49228e-07
-3.08219e-07
-2.71096e-07
-2.3752e-07
-2.07172e-07
-1.79768e-07
-1.5503e-07
-1.32738e-07
-1.12621e-07
-9.45725e-08
-7.82163e-08
-6.37617e-08
-5.033e-08
-3.91559e-08
-2.75764e-08
-2.00817e-08
-8.40019e-09
-6.64001e-09
9.41161e-09
-2.35995e-10
2.93517e-08
-4.01176e-09
5.61496e-08
-2.1657e-08
9.26224e-08
-5.12928e-08
1.29968e-07
-7.27403e-08
1.34869e-07
-4.08594e-08
5.82895e-08
8.06288e-08
-1.0365e-07
2.43965e-07
-2.54574e-07
3.25909e-07
-3.02029e-07
3.04455e-07
-3.34511e-07
-6.57183e-06
-6.16251e-06
-5.76826e-06
-5.38939e-06
-5.02643e-06
-4.67969e-06
-4.34926e-06
-4.03518e-06
-3.73738e-06
-3.45572e-06
-3.18996e-06
-2.93979e-06
-2.70484e-06
-2.48467e-06
-2.2788e-06
-2.08672e-06
-1.90786e-06
-1.74164e-06
-1.58748e-06
-1.44475e-06
-1.31285e-06
-1.19115e-06
-1.07907e-06
-9.75983e-07
-8.81324e-07
-7.9452e-07
-7.15026e-07
-6.42317e-07
-5.75894e-07
-5.15279e-07
-4.60023e-07
-4.09704e-07
-3.63922e-07
-3.22307e-07
-2.84512e-07
-2.50216e-07
-2.19119e-07
-1.90951e-07
-1.65448e-07
-1.42396e-07
-1.21543e-07
-1.02771e-07
-8.57432e-08
-7.06061e-08
-5.66092e-08
-4.47639e-08
-3.28033e-08
-2.45431e-08
-1.28362e-08
-9.96688e-09
5.40474e-09
-2.32015e-09
2.53058e-08
-4.66118e-09
5.16182e-08
-2.08362e-08
8.75413e-08
-4.95508e-08
1.24998e-07
-7.12373e-08
1.30813e-07
-4.00636e-08
5.4282e-08
8.24263e-08
-1.10168e-07
2.48331e-07
-2.6389e-07
3.31229e-07
-3.13346e-07
3.12037e-07
-3.52979e-07
-6.20097e-06
-5.83138e-06
-5.47393e-06
-5.12903e-06
-4.79731e-06
-4.4792e-06
-4.17492e-06
-3.88463e-06
-3.60838e-06
-3.34618e-06
-3.09789e-06
-2.86336e-06
-2.64232e-06
-2.43447e-06
-2.23945e-06
-2.05685e-06
-1.88623e-06
-1.72713e-06
-1.57905e-06
-1.44148e-06
-1.31389e-06
-1.19577e-06
-1.08658e-06
-9.85814e-07
-8.9295e-07
-8.07489e-07
-7.28945e-07
-6.56849e-07
-5.9075e-07
-5.30219e-07
-4.74846e-07
-4.24244e-07
-3.78047e-07
-3.35913e-07
-2.97519e-07
-2.62567e-07
-2.30776e-07
-2.0189e-07
-1.75663e-07
-1.51886e-07
-1.30325e-07
-1.10854e-07
-9.31726e-08
-7.73741e-08
-6.2819e-08
-5.03258e-08
-3.79756e-08
-2.89857e-08
-1.72195e-08
-1.33036e-08
1.46001e-09
-4.44215e-09
2.13314e-08
-5.36025e-09
4.71426e-08
-2.00341e-08
8.24526e-08
-4.77524e-08
1.19943e-07
-6.96417e-08
1.26706e-07
-3.93142e-08
5.04705e-08
8.38314e-08
-1.16059e-07
2.51789e-07
-2.71951e-07
3.34952e-07
-3.2271e-07
3.17537e-07
-3.68991e-07
-5.81437e-06
-5.48519e-06
-5.16526e-06
-4.85507e-06
-4.55534e-06
-4.26663e-06
-3.98926e-06
-3.72351e-06
-3.46957e-06
-3.22755e-06
-2.99745e-06
-2.77922e-06
-2.57274e-06
-2.37783e-06
-2.19424e-06
-2.02168e-06
-1.85983e-06
-1.70832e-06
-1.56677e-06
-1.43476e-06
-1.31187e-06
-1.19766e-06
-1.09169e-06
-9.93519e-07
-9.02707e-07
-8.1882e-07
-7.41434e-07
-6.70135e-07
-6.04527e-07
-5.44225e-07
-4.88862e-07
-4.3809e-07
-3.91577e-07
-3.49009e-07
-3.10092e-07
-2.74549e-07
-2.4212e-07
-2.12565e-07
-1.85653e-07
-1.61187e-07
-1.38948e-07
-1.18804e-07
-1.00488e-07
-8.40503e-08
-6.89461e-08
-5.58285e-08
-4.30825e-08
-3.33984e-08
-2.1541e-08
-1.66415e-08
-2.41413e-09
-6.59731e-09
1.74393e-08
-6.11065e-09
4.27385e-08
-1.92588e-08
7.73747e-08
-4.59063e-08
1.14816e-07
-6.79517e-08
1.22546e-07
-3.85967e-08
4.68461e-08
8.48573e-08
-1.21321e-07
2.54329e-07
-2.78715e-07
3.37023e-07
-3.30037e-07
3.20888e-07
-3.82509e-07
-5.41393e-06
-5.12567e-06
-4.84381e-06
-4.56891e-06
-4.30179e-06
-4.0431e-06
-3.79328e-06
-3.55272e-06
-3.32172e-06
-3.1005e-06
-2.8892e-06
-2.68789e-06
-2.49655e-06
-2.31513e-06
-2.14349e-06
-1.98147e-06
-1.82885e-06
-1.68538e-06
-1.55077e-06
-1.4247e-06
-1.30686e-06
-1.19689e-06
-1.09443e-06
-9.99132e-07
-9.10617e-07
-8.28524e-07
-7.52493e-07
-6.82171e-07
-6.17211e-07
-5.5728e-07
-5.02053e-07
-4.51221e-07
-4.04489e-07
-3.61573e-07
-3.22206e-07
-2.86137e-07
-2.53125e-07
-2.2295e-07
-1.95397e-07
-1.70278e-07
-1.4739e-07
-1.26602e-07
-1.07673e-07
-9.06186e-08
-7.49762e-08
-6.1258e-08
-4.81125e-08
-3.77694e-08
-2.57915e-08
-1.9971e-08
-6.20919e-09
-8.77988e-09
1.36401e-08
-6.91311e-09
3.84216e-08
-1.8519e-08
7.23278e-08
-4.40228e-08
1.09632e-07
-6.61672e-08
1.18334e-07
-3.78953e-08
4.3397e-08
8.55244e-08
-1.25958e-07
2.55957e-07
-2.8416e-07
3.37406e-07
-3.35268e-07
3.22047e-07
-3.93533e-07
-5.00176e-06
-4.75474e-06
-4.51131e-06
-4.27212e-06
-4.03805e-06
-3.80987e-06
-3.58811e-06
-3.37325e-06
-3.16572e-06
-2.96583e-06
-2.77385e-06
-2.58995e-06
-2.41425e-06
-2.2468e-06
-2.08758e-06
-1.93655e-06
-1.79358e-06
-1.65854e-06
-1.53123e-06
-1.41146e-06
-1.29899e-06
-1.19355e-06
-1.09489e-06
-1.0027e-06
-9.16713e-07
-8.36623e-07
-7.62136e-07
-6.92958e-07
-6.28799e-07
-5.69373e-07
-5.14403e-07
-4.63619e-07
-4.16761e-07
-3.73581e-07
-3.33839e-07
-2.97308e-07
-2.63771e-07
-2.33025e-07
-2.04872e-07
-1.79137e-07
-1.55634e-07
-1.34229e-07
-1.1471e-07
-9.70626e-08
-8.08945e-08
-6.66e-08
-5.30535e-08
-4.20861e-08
-2.99612e-08
-2.32817e-08
-9.91664e-09
-1.0983e-08
9.94398e-09
-7.76726e-09
3.42078e-08
-1.78227e-08
6.73332e-08
-4.2114e-08
1.04408e-07
-6.42907e-08
1.14071e-07
-3.71942e-08
4.01086e-08
8.58602e-08
-1.29989e-07
2.56694e-07
-2.8828e-07
3.36093e-07
-3.38371e-07
3.21006e-07
-4.02107e-07
-4.58017e-06
-4.3745e-06
-4.16968e-06
-3.96644e-06
-3.76572e-06
-3.56836e-06
-3.37501e-06
-3.18624e-06
-3.00256e-06
-2.82441e-06
-2.65216e-06
-2.4861e-06
-2.32645e-06
-2.17337e-06
-2.02696e-06
-1.88728e-06
-1.75433e-06
-1.62806e-06
-1.5084e-06
-1.39523e-06
-1.28841e-06
-1.18778e-06
-1.09314e-06
-1.0043e-06
-9.2105e-07
-8.43153e-07
-7.70384e-07
-7.02509e-07
-6.39292e-07
-5.80501e-07
-5.25902e-07
-4.75268e-07
-4.28378e-07
-3.85015e-07
-3.44969e-07
-3.08039e-07
-2.74033e-07
-2.42765e-07
-2.14057e-07
-1.87745e-07
-1.63658e-07
-1.41667e-07
-1.21581e-07
-1.03365e-07
-8.66855e-08
-7.18391e-08
-5.78927e-08
-4.63353e-08
-3.40402e-08
-2.65624e-08
-1.35279e-08
-1.31985e-08
6.36094e-09
-8.67144e-09
3.01126e-08
-1.71777e-08
6.24133e-08
-4.01932e-08
9.91669e-08
-6.23277e-08
1.09761e-07
-3.64779e-08
3.69645e-08
8.58985e-08
-1.33441e-07
2.56578e-07
-2.91094e-07
3.33097e-07
-3.39344e-07
3.17787e-07
-4.08308e-07
-4.15167e-06
-3.98726e-06
-3.82103e-06
-3.65378e-06
-3.48651e-06
-3.32014e-06
-3.1554e-06
-2.99294e-06
-2.83338e-06
-2.67726e-06
-2.52504e-06
-2.37711e-06
-2.23382e-06
-2.09543e-06
-1.96214e-06
-1.83413e-06
-1.71148e-06
-1.59428e-06
-1.48252e-06
-1.37622e-06
-1.2753e-06
-1.1797e-06
-1.08932e-06
-1.00403e-06
-9.23697e-07
-8.48167e-07
-7.77274e-07
-7.10845e-07
-6.48704e-07
-5.90665e-07
-5.36546e-07
-4.8616e-07
-4.39324e-07
-3.95855e-07
-3.55576e-07
-3.18311e-07
-2.8389e-07
-2.5215e-07
-2.22929e-07
-1.96078e-07
-1.71441e-07
-1.48894e-07
-1.28266e-07
-1.09507e-07
-9.2333e-08
-7.69597e-08
-6.26169e-08
-5.05029e-08
-3.80177e-08
-2.98006e-08
-1.70343e-08
-1.54172e-08
2.90052e-09
-9.62256e-09
2.61511e-08
-1.65907e-08
5.75912e-08
-3.82749e-08
9.39312e-08
-6.02863e-08
1.05414e-07
-3.57324e-08
3.39476e-08
8.56793e-08
-1.36353e-07
2.55665e-07
-2.92642e-07
3.28464e-07
-3.38218e-07
3.12447e-07
-4.1225e-07
-3.71897e-06
-3.5955e-06
-3.46764e-06
-3.33623e-06
-3.20233e-06
-3.06693e-06
-2.93082e-06
-2.79475e-06
-2.65943e-06
-2.52547e-06
-2.39345e-06
-2.26386e-06
-2.13714e-06
-2.01365e-06
-1.89371e-06
-1.77758e-06
-1.66547e-06
-1.55755e-06
-1.45393e-06
-1.35469e-06
-1.25988e-06
-1.16951e-06
-1.08356e-06
-1.00199e-06
-9.24745e-07
-8.51731e-07
-7.82854e-07
-7.18002e-07
-6.57054e-07
-5.99877e-07
-5.46337e-07
-4.96289e-07
-4.49589e-07
-4.06089e-07
-3.65642e-07
-3.28101e-07
-2.93321e-07
-2.61156e-07
-2.31466e-07
-2.04115e-07
-1.78963e-07
-1.55891e-07
-1.34748e-07
-1.15471e-07
-9.78202e-08
-8.19451e-08
-6.72119e-08
-5.45741e-08
-4.18828e-08
-3.29835e-08
-2.04269e-08
-1.76286e-08
-4.28136e-10
-1.0616e-08
2.23376e-08
-1.60676e-08
5.28904e-08
-3.63743e-08
8.87278e-08
-5.81779e-08
1.0104e-07
-3.49457e-08
3.10406e-08
8.52473e-08
-1.38775e-07
2.54029e-07
-2.92989e-07
3.22269e-07
-3.35054e-07
3.05078e-07
-4.14076e-07
-3.28499e-06
-3.20192e-06
-3.11198e-06
-3.01605e-06
-2.91524e-06
-2.81059e-06
-2.70297e-06
-2.59321e-06
-2.48207e-06
-2.37029e-06
-2.25851e-06
-2.14732e-06
-2.03725e-06
-1.92878e-06
-1.82231e-06
-1.71821e-06
-1.61679e-06
-1.5183e-06
-1.42296e-06
-1.33095e-06
-1.2424e-06
-1.15741e-06
-1.07604e-06
-9.98335e-07
-9.24302e-07
-8.53931e-07
-7.87188e-07
-7.24023e-07
-6.64371e-07
-6.08154e-07
-5.55281e-07
-5.05653e-07
-4.59164e-07
-4.15703e-07
-3.75152e-07
-3.37393e-07
-3.02305e-07
-2.69764e-07
-2.39647e-07
-2.11835e-07
-1.86201e-07
-1.62636e-07
-1.41005e-07
-1.21238e-07
-1.0313e-07
-8.67781e-08
-7.1663e-08
-5.85337e-08
-4.56237e-08
-3.60972e-08
-2.36969e-08
-1.98212e-08
-3.6163e-09
-1.16455e-08
1.86859e-08
-1.56123e-08
4.83343e-08
-3.45069e-08
8.35856e-08
-5.60165e-08
9.66576e-08
-3.41087e-08
2.82276e-08
8.46507e-08
-1.40763e-07
2.51761e-07
-2.92225e-07
3.14617e-07
-3.29948e-07
2.95805e-07
-4.13951e-07
-2.85284e-06
-2.80939e-06
-2.75669e-06
-2.69567e-06
-2.62745e-06
-2.55315e-06
-2.47369e-06
-2.38996e-06
-2.30281e-06
-2.21304e-06
-2.1214e-06
-2.02854e-06
-1.9351e-06
-1.84165e-06
-1.74868e-06
-1.65665e-06
-1.56597e-06
-1.477e-06
-1.39004e-06
-1.30534e-06
-1.22315e-06
-1.14364e-06
-1.06695e-06
-9.9321e-07
-9.22494e-07
-8.54864e-07
-7.9035e-07
-7.28964e-07
-6.70696e-07
-6.1552e-07
-5.63392e-07
-5.14257e-07
-4.68048e-07
-4.24688e-07
-3.84092e-07
-3.46169e-07
-3.10822e-07
-2.7795e-07
-2.47449e-07
-2.19214e-07
-1.93134e-07
-1.69109e-07
-1.47017e-07
-1.26787e-07
-1.08243e-07
-9.14409e-08
-7.59548e-08
-6.23654e-08
-4.92281e-08
-3.9127e-08
-2.68348e-08
-2.19822e-08
-6.6556e-09
-1.27031e-08
1.52084e-08
-1.52274e-08
4.39457e-08
-3.26878e-08
7.85356e-08
-5.38193e-08
9.2286e-08
-3.32159e-08
2.54955e-08
8.39397e-08
-1.42382e-07
2.48967e-07
-2.90464e-07
3.05646e-07
-3.23027e-07
2.84786e-07
-4.12057e-07
-2.42582e-06
-2.42096e-06
-2.40459e-06
-2.37767e-06
-2.34134e-06
-2.29677e-06
-2.24494e-06
-2.1868e-06
-2.12326e-06
-2.05519e-06
-1.98342e-06
-1.90869e-06
-1.83172e-06
-1.75316e-06
-1.6736e-06
-1.5936e-06
-1.51364e-06
-1.43417e-06
-1.35559e-06
-1.27825e-06
-1.20245e-06
-1.12847e-06
-1.05652e-06
-9.86801e-07
-9.19469e-07
-8.54647e-07
-7.92431e-07
-7.32892e-07
-6.76076e-07
-6.22007e-07
-5.70688e-07
-5.22108e-07
-4.76238e-07
-4.33036e-07
-3.92449e-07
-3.54412e-07
-3.18854e-07
-2.85696e-07
-2.54851e-07
-2.26231e-07
-1.99739e-07
-1.75286e-07
-1.52763e-07
-1.32099e-07
-1.13141e-07
-9.59149e-08
-8.00711e-08
-6.60527e-08
-5.26833e-08
-4.20576e-08
-2.9831e-08
-2.40978e-08
-9.538e-09
-1.37793e-08
1.19168e-08
-1.49133e-08
3.97469e-08
-3.09318e-08
7.36101e-08
-5.16057e-08
8.79509e-08
-3.22665e-08
2.28347e-08
8.31642e-08
-1.43704e-07
2.45769e-07
-2.87841e-07
2.95528e-07
-3.14453e-07
2.72207e-07
-4.08585e-07
-2.00742e-06
-2.03987e-06
-2.05867e-06
-2.0648e-06
-2.05944e-06
-2.04377e-06
-2.01884e-06
-1.98563e-06
-1.94514e-06
-1.89829e-06
-1.84597e-06
-1.78902e-06
-1.72822e-06
-1.6643e-06
-1.59796e-06
-1.52981e-06
-1.46044e-06
-1.39039e-06
-1.32012e-06
-1.25008e-06
-1.18066e-06
-1.11219e-06
-1.04499e-06
-9.79313e-07
-9.1539e-07
-8.53411e-07
-7.93533e-07
-7.35886e-07
-6.80568e-07
-6.27655e-07
-5.77196e-07
-5.29221e-07
-4.8374e-07
-4.40744e-07
-4.00212e-07
-3.62108e-07
-3.26383e-07
-2.9298e-07
-2.6183e-07
-2.32862e-07
-2.05994e-07
-1.81145e-07
-1.58221e-07
-1.37151e-07
-1.17804e-07
-1.00181e-07
-8.39949e-08
-6.95781e-08
-5.59756e-08
-4.4873e-08
-3.26756e-08
-2.61534e-08
-1.22556e-08
-1.48628e-08
8.82149e-09
-1.46683e-08
3.57587e-08
-2.92524e-08
6.88428e-08
-4.93975e-08
8.36823e-08
-3.1264e-08
2.02413e-08
8.2372e-08
-1.44798e-07
2.42298e-07
-2.84514e-07
2.84463e-07
-3.04413e-07
2.58283e-07
-4.03727e-07
-1.60128e-06
-1.6695e-06
-1.72207e-06
-1.75997e-06
-1.7844e-06
-1.79659e-06
-1.7976e-06
-1.78849e-06
-1.77029e-06
-1.74399e-06
-1.71054e-06
-1.67085e-06
-1.62577e-06
-1.57613e-06
-1.52266e-06
-1.4661e-06
-1.4071e-06
-1.34626e-06
-1.28416e-06
-1.2213e-06
-1.15815e-06
-1.09514e-06
-1.03263e-06
-9.70969e-07
-9.10441e-07
-8.51302e-07
-7.93771e-07
-7.38032e-07
-6.84238e-07
-6.32511e-07
-5.82946e-07
-5.35613e-07
-4.90559e-07
-4.4781e-07
-4.07375e-07
-3.69243e-07
-3.33391e-07
-2.99781e-07
-2.68366e-07
-2.39086e-07
-2.11875e-07
-1.86664e-07
-1.63369e-07
-1.41923e-07
-1.22211e-07
-1.04219e-07
-8.77086e-08
-7.29235e-08
-5.90906e-08
-4.75566e-08
-3.53579e-08
-2.81333e-08
-1.48008e-08
-1.59408e-08
5.93195e-09
-1.44884e-08
3.20007e-08
-2.76615e-08
6.42674e-08
-4.72179e-08
7.95145e-08
-3.02176e-08
1.77175e-08
8.16064e-08
-1.45737e-07
2.38692e-07
-2.80657e-07
2.72678e-07
-2.93128e-07
2.43253e-07
-3.97668e-07
-1.21123e-06
-1.31342e-06
-1.39808e-06
-1.46621e-06
-1.51904e-06
-1.55779e-06
-1.58358e-06
-1.59751e-06
-1.60065e-06
-1.59404e-06
-1.5787e-06
-1.5556e-06
-1.52565e-06
-1.48975e-06
-1.44871e-06
-1.40334e-06
-1.35436e-06
-1.30245e-06
-1.24827e-06
-1.19239e-06
-1.13536e-06
-1.07766e-06
-1.01974e-06
-9.62012e-07
-9.04819e-07
-8.48481e-07
-7.93272e-07
-7.3943e-07
-6.87159e-07
-6.36627e-07
-5.87972e-07
-5.41304e-07
-4.96705e-07
-4.54235e-07
-4.13929e-07
-3.75804e-07
-3.39861e-07
-3.06081e-07
-2.74435e-07
-2.44879e-07
-2.1736e-07
-1.91818e-07
-1.68183e-07
-1.46391e-07
-1.26342e-07
-1.08009e-07
-9.11936e-08
-7.60705e-08
-6.20134e-08
-5.00911e-08
-3.78669e-08
-3.00213e-08
-1.71657e-08
-1.69993e-08
3.25671e-09
-1.43674e-08
2.84911e-08
-2.61691e-08
5.99181e-08
-4.50914e-08
7.54856e-08
-2.91415e-08
1.5273e-08
8.09035e-08
-1.46583e-07
2.35093e-07
-2.76456e-07
2.6043e-07
-2.80842e-07
2.27378e-07
-3.90581e-07
-8.41226e-07
-9.75297e-07
-1.09012e-06
-1.18669e-06
-1.26625e-06
-1.33005e-06
-1.37923e-06
-1.41492e-06
-1.43824e-06
-1.45028e-06
-1.45211e-06
-1.44475e-06
-1.42918e-06
-1.40634e-06
-1.37715e-06
-1.34244e-06
-1.30303e-06
-1.25967e-06
-1.21306e-06
-1.16388e-06
-1.11271e-06
-1.06013e-06
-1.00664e-06
-9.52703e-07
-8.98739e-07
-8.45119e-07
-7.92171e-07
-7.40186e-07
-6.89411e-07
-6.40062e-07
-5.92316e-07
-5.4632e-07
-5.02191e-07
-4.60019e-07
-4.19868e-07
-3.8178e-07
-3.45776e-07
-3.11859e-07
-2.80015e-07
-2.50216e-07
-2.22422e-07
-1.96584e-07
-1.7264e-07
-1.50533e-07
-1.30174e-07
-1.11528e-07
-9.44304e-08
-7.89995e-08
-6.4728e-08
-5.24587e-08
-4.01907e-08
-3.18002e-08
-1.93423e-08
-1.80229e-08
8.03575e-10
-1.42973e-08
2.52464e-08
-2.47835e-08
5.58285e-08
-4.3043e-08
7.16375e-08
-2.80557e-08
1.29261e-08
8.02902e-08
-1.47394e-07
2.31637e-07
-2.72103e-07
2.47992e-07
-2.67825e-07
2.10938e-07
-3.82623e-07
-4.95361e-07
-6.58948e-07
-8.01715e-07
-9.24677e-07
-1.02905e-06
-1.11613e-06
-1.18708e-06
-1.24304e-06
-1.28518e-06
-1.31462e-06
-1.33249e-06
-1.33984e-06
-1.33773e-06
-1.32715e-06
-1.30905e-06
-1.28436e-06
-1.25395e-06
-1.21863e-06
-1.17917e-06
-1.1363e-06
-1.09068e-06
-1.04294e-06
-9.93644e-07
-9.43316e-07
-8.92426e-07
-8.41399e-07
-7.90616e-07
-7.40412e-07
-6.91081e-07
-6.42877e-07
-5.96019e-07
-5.50687e-07
-5.07029e-07
-4.65166e-07
-4.25187e-07
-3.87157e-07
-3.51119e-07
-3.17094e-07
-2.85084e-07
-2.55074e-07
-2.27038e-07
-2.00935e-07
-1.76715e-07
-1.54323e-07
-1.33684e-07
-1.14756e-07
-9.73991e-08
-8.16908e-08
-6.72178e-08
-5.46413e-08
-4.23169e-08
-3.34527e-08
-2.13224e-08
-1.89954e-08
-1.42017e-09
-1.4268e-08
2.22818e-08
-2.35108e-08
5.20316e-08
-4.1098e-08
6.8015e-08
-2.69846e-08
1.07036e-08
7.97822e-08
-1.4821e-07
2.2845e-07
-2.67789e-07
2.35656e-07
-2.54369e-07
1.94231e-07
-3.73941e-07
-1.77825e-07
-3.68279e-07
-5.36505e-07
-6.83525e-07
-8.10558e-07
-9.18901e-07
-1.00974e-06
-1.08425e-06
-1.14362e-06
-1.18902e-06
-1.2216e-06
-1.24248e-06
-1.25273e-06
-1.25342e-06
-1.24555e-06
-1.2301e-06
-1.20799e-06
-1.18009e-06
-1.14724e-06
-1.11022e-06
-1.06975e-06
-1.0265e-06
-9.81105e-07
-9.34135e-07
-8.86112e-07
-8.37511e-07
-7.88755e-07
-7.40226e-07
-6.92256e-07
-6.45139e-07
-5.99127e-07
-5.54433e-07
-5.11235e-07
-4.6968e-07
-4.2988e-07
-3.91925e-07
-3.55874e-07
-3.21765e-07
-2.89617e-07
-2.59428e-07
-2.31181e-07
-2.04846e-07
-1.80381e-07
-1.57738e-07
-1.36848e-07
-1.17668e-07
-1.00079e-07
-8.41237e-08
-6.94654e-08
-5.66199e-08
-4.42323e-08
-3.49609e-08
-2.30971e-08
-1.98999e-08
-3.40746e-09
-1.4268e-08
1.96115e-08
-2.23548e-08
4.85593e-08
-3.92807e-08
6.46637e-08
-2.59553e-08
8.63895e-09
7.93836e-08
-1.49053e-07
2.25634e-07
-2.63686e-07
2.23711e-07
-2.40782e-07
1.77577e-07
-3.64674e-07
1.0711e-07
-1.07268e-07
-2.98184e-07
-4.66661e-07
-6.13915e-07
-7.41253e-07
-8.49878e-07
-9.40987e-07
-1.01579e-06
-1.07549e-06
-1.12126e-06
-1.15427e-06
-1.17563e-06
-1.18646e-06
-1.18779e-06
-1.18066e-06
-1.16603e-06
-1.14484e-06
-1.11796e-06
-1.08622e-06
-1.0504e-06
-1.01123e-06
-9.69371e-07
-9.25452e-07
-8.80039e-07
-8.33647e-07
-7.86745e-07
-7.39748e-07
-6.93029e-07
-6.46914e-07
-6.01686e-07
-5.57588e-07
-5.14823e-07
-4.73563e-07
-4.33943e-07
-3.96069e-07
-3.60021e-07
-3.25851e-07
-2.93591e-07
-2.63251e-07
-2.34824e-07
-2.0829e-07
-1.83613e-07
-1.60751e-07
-1.39642e-07
-1.20242e-07
-1.02447e-07
-8.62771e-08
-7.14524e-08
-5.83756e-08
-4.5923e-08
-3.63065e-08
-2.46571e-08
-2.07189e-08
-5.15119e-09
-1.42846e-08
1.72483e-08
-2.13173e-08
4.54413e-08
-3.76122e-08
6.16272e-08
-2.49947e-08
6.7713e-09
7.90803e-08
-1.49909e-07
2.23248e-07
-2.59928e-07
2.12435e-07
-2.274e-07
1.61325e-07
-3.54974e-07
3.55126e-07
1.20063e-07
-9.04853e-08
-2.77541e-07
-4.42317e-07
-5.86125e-07
-7.10181e-07
-8.15699e-07
-9.0391e-07
-9.76038e-07
-1.03329e-06
-1.07686e-06
-1.10791e-06
-1.12757e-06
-1.13693e-06
-1.13706e-06
-1.12897e-06
-1.11364e-06
-1.09199e-06
-1.06488e-06
-1.03314e-06
-9.97541e-07
-9.58793e-07
-9.17559e-07
-8.74444e-07
-8.30003e-07
-7.84737e-07
-7.39099e-07
-6.93491e-07
-6.48267e-07
-6.03741e-07
-5.60178e-07
-5.17806e-07
-4.76818e-07
-4.37366e-07
-3.99576e-07
-3.63541e-07
-3.29328e-07
-2.96979e-07
-2.66515e-07
-2.3794e-07
-2.11239e-07
-1.86383e-07
-1.63335e-07
-1.4204e-07
-1.22453e-07
-1.04482e-07
-8.81293e-08
-7.31601e-08
-5.98887e-08
-4.73741e-08
-3.74714e-08
-2.59922e-08
-2.1435e-08
-6.64363e-09
-1.43049e-08
1.52058e-08
-2.04002e-08
4.27091e-08
-3.6117e-08
5.8956e-08
-2.41422e-08
5.16105e-09
7.88293e-08
-1.50738e-07
2.21332e-07
-2.56655e-07
2.02156e-07
-2.14645e-07
1.4587e-07
-3.4503e-07
5.61893e-07
3.09681e-07
8.2849e-08
-1.19628e-07
-2.98954e-07
-4.56447e-07
-5.93333e-07
-7.10839e-07
-8.1021e-07
-8.9269e-07
-9.59513e-07
-1.01189e-06
-1.05101e-06
-1.07805e-06
-1.09412e-06
-1.10032e-06
-1.0977e-06
-1.08728e-06
-1.06999e-06
-1.04677e-06
-1.01845e-06
-9.85856e-07
-9.49721e-07
-9.10744e-07
-8.69564e-07
-8.26767e-07
-7.82884e-07
-7.38394e-07
-6.93726e-07
-6.49261e-07
-6.05332e-07
-5.62228e-07
-5.20195e-07
-4.79443e-07
-4.40142e-07
-4.0243e-07
-3.66413e-07
-3.3217e-07
-2.99754e-07
-2.69193e-07
-2.40499e-07
-2.13662e-07
-1.88662e-07
-1.65463e-07
-1.44015e-07
-1.24275e-07
-1.06159e-07
-8.96578e-08
-7.45686e-08
-6.11396e-08
-4.85702e-08
-3.84373e-08
-2.70909e-08
-2.20319e-08
-7.87434e-09
-1.43199e-08
1.35051e-08
-1.96179e-08
4.04155e-08
-3.48508e-08
5.67448e-08
-2.34841e-08
3.90553e-09
7.85939e-08
-1.51564e-07
2.20058e-07
-2.54192e-07
1.93403e-07
-2.03067e-07
1.31683e-07
-3.35132e-07
7.23121e-07
4.57598e-07
2.18119e-07
3.66071e-09
-1.86976e-07
-3.55112e-07
-5.01981e-07
-6.28817e-07
-7.36879e-07
-8.27425e-07
-9.01705e-07
-9.60952e-07
-1.00638e-06
-1.03917e-06
-1.06048e-06
-1.07142e-06
-1.07308e-06
-1.06649e-06
-1.05263e-06
-1.03245e-06
-1.00682e-06
-9.7657e-07
-9.42485e-07
-9.05281e-07
-8.65623e-07
-8.24119e-07
-7.81324e-07
-7.3774e-07
-6.93816e-07
-6.49951e-07
-6.06496e-07
-5.63757e-07
-5.21996e-07
-4.81434e-07
-4.42256e-07
-4.0461e-07
-3.68613e-07
-3.34352e-07
-3.01886e-07
-2.71253e-07
-2.42469e-07
-2.15531e-07
-1.90419e-07
-1.67105e-07
-1.45541e-07
-1.25683e-07
-1.07456e-07
-9.08399e-08
-7.56575e-08
-6.2108e-08
-4.94948e-08
-3.91863e-08
-2.79403e-08
-2.24943e-08
-8.83049e-09
-1.4323e-08
1.21708e-08
-1.89882e-08
3.86179e-08
-3.38669e-08
5.50799e-08
-2.3059e-08
3.02291e-09
7.84433e-08
-1.52465e-07
2.196e-07
-2.52768e-07
1.86583e-07
-1.92975e-07
1.19195e-07
-3.25575e-07
8.34614e-07
5.59919e-07
3.11723e-07
8.89988e-08
-1.09442e-07
-2.84923e-07
-4.38682e-07
-5.71962e-07
-6.86028e-07
-7.82148e-07
-8.61584e-07
-9.25581e-07
-9.75366e-07
-1.01214e-06
-1.03708e-06
-1.05131e-06
-1.05593e-06
-1.052e-06
-1.04052e-06
-1.02244e-06
-9.98668e-07
-9.70056e-07
-9.37395e-07
-9.01424e-07
-8.62823e-07
-8.2222e-07
-7.80184e-07
-7.37231e-07
-6.93826e-07
-6.50381e-07
-6.07258e-07
-5.64776e-07
-5.23207e-07
-4.82781e-07
-4.43691e-07
-4.06094e-07
-3.70112e-07
-3.3584e-07
-3.03343e-07
-2.72663e-07
-2.43818e-07
-2.1681e-07
-1.91624e-07
-1.68231e-07
-1.46587e-07
-1.2665e-07
-1.08346e-07
-9.16519e-08
-7.64058e-08
-6.27732e-08
-5.01315e-08
-3.96982e-08
-2.8532e-08
-2.27954e-08
-9.52347e-09
-1.42575e-08
1.11327e-08
-1.83603e-08
3.70965e-08
-3.28114e-08
5.35142e-08
-2.234e-08
2.16006e-09
7.82572e-08
-1.52488e-07
2.18188e-07
-2.50096e-07
1.79708e-07
-1.83082e-07
1.07935e-07
-3.15781e-07
8.92242e-07
6.12819e-07
3.60132e-07
1.3314e-07
-6.93306e-08
-2.48602e-07
-4.05919e-07
-5.42527e-07
-6.59694e-07
-7.58695e-07
-8.40794e-07
-9.07247e-07
-9.59286e-07
-9.98121e-07
-1.02493e-06
-1.04086e-06
-1.04702e-06
-1.04446e-06
-1.03421e-06
-1.01722e-06
-9.94419e-07
-9.66654e-07
-9.34731e-07
-8.99399e-07
-8.61348e-07
-8.21212e-07
-7.7957e-07
-7.36946e-07
-6.93811e-07
-6.50585e-07
-6.07636e-07
-5.65288e-07
-5.23819e-07
-4.83464e-07
-4.44421e-07
-4.0685e-07
-3.70879e-07
-3.36602e-07
-3.0409e-07
-2.73385e-07
-2.4451e-07
-2.17467e-07
-1.92242e-07
-1.68809e-07
-1.47125e-07
-1.27147e-07
-1.08804e-07
-9.2069e-08
-7.67918e-08
-6.31128e-08
-5.04655e-08
-3.99473e-08
-2.88681e-08
-2.28843e-08
-1.00125e-08
-1.39717e-08
1.0142e-08
-1.72702e-08
3.50977e-08
-3.06035e-08
5.06423e-08
-2.01374e-08
8.95659e-10
7.69832e-08
-1.48377e-07
2.09972e-07
-2.39393e-07
1.66224e-07
-1.7083e-07
9.63571e-08
-3.0438e-07
)
;

boundaryField
{
    down
    {
        type            symmetryPlane;
    }
    right
    {
        type            fixedValue;
        value           uniform 0;
    }
    up
    {
        type            symmetryPlane;
    }
    left
    {
        type            zeroGradient;
    }
    cylinder
    {
        type            zeroGradient;
    }
    frontAndBack
    {
        type            empty;
    }
    procBoundary11to6
    {
        type            processor;
        value           uniform 1.1559e-06;
    }
    procBoundary11to7
    {
        type            processor;
        value           nonuniform List<scalar> 
72
(
1.89747e-06
2.02905e-06
2.12393e-06
2.18894e-06
2.22821e-06
2.24488e-06
2.24218e-06
2.22302e-06
2.18995e-06
2.14529e-06
2.09108e-06
2.02913e-06
1.96105e-06
1.88826e-06
1.812e-06
1.73335e-06
1.65328e-06
1.57259e-06
1.49199e-06
1.41211e-06
1.33343e-06
1.25638e-06
1.18134e-06
1.10858e-06
1.03831e-06
9.70729e-07
9.05968e-07
8.4411e-07
7.85214e-07
7.29331e-07
6.76466e-07
6.0839e-07
6.0839e-07
5.63503e-07
5.212e-07
4.81587e-07
4.44407e-07
4.09902e-07
3.77473e-07
3.47925e-07
3.19581e-07
2.95129e-07
2.69688e-07
2.51154e-07
2.26389e-07
2.16084e-07
1.87657e-07
1.90698e-07
1.50696e-07
1.76607e-07
1.12135e-07
1.75798e-07
6.88815e-08
1.89276e-07
1.99982e-08
2.14713e-07
-3.06879e-08
2.44346e-07
-7.34567e-08
2.65718e-07
-9.60003e-08
2.68014e-07
-9.29028e-08
2.54064e-07
-7.81579e-08
2.50922e-07
-9.01184e-08
3.08275e-07
-1.83336e-07
4.88936e-07
-4.19549e-07
8.67674e-07
)
;
    }
    procBoundary11to10
    {
        type            processor;
        value           nonuniform List<scalar> 
74
(
5.90365e-07
3.18515e-08
-5.18573e-07
-1.05998e-06
-1.59118e-06
-2.11118e-06
-2.61937e-06
-3.11505e-06
-3.59753e-06
-4.06615e-06
-4.52033e-06
-4.95954e-06
-5.38329e-06
-5.79114e-06
-6.18269e-06
-6.5576e-06
-6.91558e-06
-7.25636e-06
-7.57976e-06
-7.87938e-06
-8.15912e-06
-8.42729e-06
-8.68293e-06
-8.92506e-06
-9.15269e-06
-9.36483e-06
-9.56047e-06
-9.73863e-06
-9.89834e-06
-1.00386e-05
-1.01586e-05
-1.02572e-05
-1.03338e-05
-1.03874e-05
-1.04172e-05
-1.04227e-05
-1.04031e-05
-1.03579e-05
-1.02866e-05
-1.01889e-05
-1.00646e-05
-9.91337e-06
-9.73533e-06
-9.53057e-06
-9.29935e-06
-9.04209e-06
-8.75935e-06
-8.45189e-06
-8.1206e-06
-7.76661e-06
-7.39118e-06
-6.9958e-06
-6.58215e-06
-6.15212e-06
-5.70781e-06
-5.25152e-06
-4.78577e-06
-4.31329e-06
-3.83703e-06
-3.36012e-06
-2.88594e-06
-2.41804e-06
-1.96016e-06
-1.51622e-06
-1.09032e-06
-6.86712e-07
-3.09759e-07
3.60479e-08
3.46138e-07
6.1589e-07
8.40668e-07
1.01587e-06
1.13699e-06
1.19959e-06
)
;
    }
}


// ************************************************************************* //
