/*--------------------------------*- C++ -*----------------------------------*\
| =========                 |                                                 |
| \\      /  F ield         | OpenFOAM: The Open Source CFD Toolbox           |
|  \\    /   O peration     | Version:  2412                                  |
|   \\  /    A nd           | Website:  www.openfoam.com                      |
|    \\/     M anipulation  |                                                 |
\*---------------------------------------------------------------------------*/
FoamFile
{
    version     2.0;
    format      ascii;
    arch        "LSB;label=32;scalar=64";
    class       volScalarField;
    location    "3";
    object      p;
}
// * * * * * * * * * * * * * * * * * * * * * * * * * * * * * * * * * * * * * //

dimensions      [0 2 -2 0 0 0 0];

internalField   nonuniform List<scalar> 
5285
(
0.0011661
0.00116105
0.00115569
0.00114999
0.00114394
0.00113752
0.00113073
0.00112355
0.00111596
0.00110794
0.00109949
0.00109058
0.0010812
0.00107134
0.00106098
0.00105011
0.00117782
0.00117294
0.00116773
0.00116218
0.00115627
0.00115
0.00114333
0.00113626
0.00112878
0.00112085
0.00111248
0.00110363
0.0010943
0.00108447
0.00107412
0.00106324
0.00118985
0.00118514
0.0011801
0.00117472
0.00116897
0.00116285
0.00115633
0.00114939
0.00114202
0.00113421
0.00112593
0.00111716
0.00110789
0.00109811
0.00108778
0.0010769
0.00120218
0.00119767
0.00119282
0.00118762
0.00118205
0.00117609
0.00116972
0.00116294
0.00115571
0.00114802
0.00113985
0.00113118
0.00112199
0.00111226
0.00110198
0.00109112
0.00121482
0.00121052
0.00120587
0.00120087
0.00119549
0.00118972
0.00118353
0.00117692
0.00116984
0.0011623
0.00115426
0.0011457
0.00113661
0.00112696
0.00111673
0.00110591
0.00122779
0.0012237
0.00121928
0.00121449
0.00120933
0.00120376
0.00119777
0.00119133
0.00118444
0.00117705
0.00116916
0.00116074
0.00115177
0.00114222
0.00113207
0.0011213
0.00124106
0.00123722
0.00123304
0.00122849
0.00122355
0.0012182
0.00121243
0.0012062
0.0011995
0.00119231
0.00118459
0.00117632
0.00116749
0.00115806
0.001148
0.00113731
0.00125466
0.00125108
0.00124715
0.00124286
0.00123817
0.00123307
0.00122753
0.00122154
0.00121505
0.00120806
0.00120054
0.00119245
0.00118378
0.00117449
0.00116457
0.00115397
0.00126857
0.00126528
0.00126163
0.00125761
0.00125319
0.00124836
0.00124308
0.00123734
0.0012311
0.00122434
0.00121704
0.00120916
0.00120067
0.00119155
0.00118177
0.0011713
0.00128281
0.00127981
0.00127646
0.00127274
0.00126862
0.00126407
0.00125908
0.00125362
0.00124765
0.00124115
0.00123409
0.00122644
0.00121817
0.00120925
0.00119965
0.00118933
0.00129737
0.00129469
0.00129166
0.00128826
0.00128445
0.00128023
0.00127554
0.00127038
0.00126471
0.0012585
0.00125171
0.00124433
0.00123631
0.00122761
0.00121822
0.00120808
0.00131224
0.00130991
0.00130722
0.00130416
0.0013007
0.00129681
0.00129247
0.00128764
0.00128229
0.0012764
0.00126992
0.00126283
0.00125508
0.00124665
0.0012375
0.00122758
0.00132744
0.00132547
0.00132315
0.00132046
0.00131737
0.00131384
0.00130987
0.0013054
0.00130041
0.00129486
0.00128872
0.00128196
0.00127453
0.00126639
0.00125751
0.00124785
0.00134294
0.00134136
0.00133943
0.00133714
0.00133444
0.00133132
0.00132773
0.00132366
0.00131906
0.00131389
0.00130813
0.00130173
0.00129465
0.00128685
0.00127828
0.00126891
0.00135875
0.00135759
0.00135608
0.0013542
0.00135193
0.00134923
0.00134608
0.00134243
0.00133825
0.0013335
0.00132815
0.00132215
0.00131546
0.00130804
0.00129983
0.0012908
0.00137487
0.00137414
0.00137307
0.00137165
0.00136983
0.00136759
0.00136489
0.0013617
0.00135798
0.00135369
0.00134879
0.00134324
0.00133698
0.00132998
0.00132218
0.00131352
0.00139128
0.00139101
0.00139042
0.00138947
0.00138813
0.00138638
0.00138418
0.00138149
0.00137826
0.00137447
0.00137006
0.001365
0.00135922
0.00135268
0.00134533
0.00133712
0.00140797
0.00140819
0.0014081
0.00140766
0.00140684
0.00140561
0.00140394
0.00140178
0.00139909
0.00139584
0.00139197
0.00138743
0.00138218
0.00137617
0.00136932
0.00136159
0.00142494
0.00142568
0.00142611
0.0014262
0.00142594
0.00142527
0.00142416
0.00142257
0.00142046
0.00141779
0.0014145
0.00141055
0.00140588
0.00140044
0.00139415
0.00138697
0.00144217
0.00144345
0.00144443
0.0014451
0.00144541
0.00144534
0.00144483
0.00144386
0.00144237
0.00144033
0.00143767
0.00143436
0.00143032
0.0014255
0.00141984
0.00141327
0.00109587
0.00140942
0.00109303
0.00125951
0.00121669
0.0012074
0.0012177
0.00121603
0.00121551
0.00121629
0.00121679
0.00121728
0.00121785
0.00121846
0.00121908
0.00121971
0.00122034
0.00122096
0.00122157
0.00122214
0.00122268
0.00122318
0.00122362
0.001224
0.00122432
0.00122455
0.00122471
0.00122477
0.00122473
0.00122459
0.00122434
0.00122396
0.00122346
0.00122282
0.00122204
0.00122112
0.00122005
0.00121882
0.00121743
0.00121587
0.00121415
0.00121225
0.00121017
0.00120791
0.00120547
0.00120284
0.00120003
0.00119703
0.00119384
0.00119046
0.00118689
0.00118313
0.00117919
0.00117505
0.00117074
0.00109926
0.00141277
0.0010962
0.00126313
0.00121996
0.00121076
0.00122118
0.00121948
0.001219
0.00121984
0.00122041
0.00122098
0.00122165
0.00122235
0.00122308
0.00122383
0.00122458
0.00122534
0.00122608
0.0012268
0.00122749
0.00122815
0.00122875
0.00122931
0.0012298
0.00123022
0.00123056
0.00123081
0.00123097
0.00123103
0.00123098
0.00123081
0.00123052
0.00123009
0.00122953
0.00122882
0.00122797
0.00122696
0.00122579
0.00122445
0.00122294
0.00122126
0.0012194
0.00121735
0.00121512
0.00121271
0.0012101
0.0012073
0.00120431
0.00120113
0.00119775
0.00119417
0.00119041
0.00118645
0.0011823
0.00110209
0.00141665
0.0010988
0.00126687
0.00122317
0.00121406
0.00122462
0.00122291
0.00122246
0.00122338
0.00122402
0.00122467
0.00122543
0.00122623
0.00122707
0.00122794
0.00122882
0.00122971
0.00123059
0.00123146
0.00123231
0.00123313
0.0012339
0.00123463
0.0012353
0.00123591
0.00123644
0.00123689
0.00123725
0.00123751
0.00123767
0.00123771
0.00123764
0.00123743
0.00123709
0.00123661
0.00123598
0.00123519
0.00123425
0.00123314
0.00123186
0.0012304
0.00122877
0.00122695
0.00122495
0.00122275
0.00122036
0.00121778
0.001215
0.00121202
0.00120884
0.00120547
0.00120189
0.00119812
0.00119414
0.00110478
0.0014204
0.00110142
0.00127047
0.00122637
0.00121733
0.00122802
0.0012263
0.00122591
0.0012269
0.00122761
0.00122834
0.00122919
0.0012301
0.00123106
0.00123204
0.00123305
0.00123408
0.0012351
0.00123613
0.00123713
0.00123811
0.00123906
0.00123997
0.00124082
0.00124162
0.00124235
0.001243
0.00124356
0.00124404
0.00124441
0.00124467
0.00124481
0.00124483
0.00124472
0.00124447
0.00124407
0.00124353
0.00124282
0.00124195
0.0012409
0.00123969
0.00123829
0.0012367
0.00123493
0.00123297
0.00123081
0.00122845
0.0012259
0.00122314
0.00122018
0.00121701
0.00121364
0.00121007
0.00120629
0.00110744
0.00142393
0.00110414
0.0012739
0.00122955
0.00122056
0.00123137
0.00122967
0.00122933
0.00123039
0.00123118
0.001232
0.00123295
0.00123396
0.00123503
0.00123614
0.00123728
0.00123844
0.00123961
0.00124079
0.00124195
0.0012431
0.00124423
0.00124532
0.00124636
0.00124735
0.00124828
0.00124913
0.00124991
0.0012506
0.00125119
0.00125167
0.00125205
0.0012523
0.00125242
0.00125241
0.00125226
0.00125195
0.00125149
0.00125086
0.00125007
0.0012491
0.00124795
0.00124661
0.00124509
0.00124337
0.00124145
0.00123933
0.00123701
0.00123449
0.00123175
0.00122881
0.00122566
0.0012223
0.00121873
0.00111009
0.00142733
0.00110692
0.00127719
0.00123272
0.00122376
0.00123467
0.00123302
0.00123272
0.00123386
0.00123472
0.00123563
0.00123668
0.0012378
0.00123898
0.00124022
0.00124149
0.00124279
0.00124411
0.00124544
0.00124677
0.0012481
0.0012494
0.00125067
0.0012519
0.00125309
0.00125422
0.00125529
0.00125628
0.00125719
0.00125801
0.00125872
0.00125933
0.00125982
0.00126019
0.00126042
0.00126052
0.00126046
0.00126026
0.00125989
0.00125935
0.00125864
0.00125774
0.00125667
0.0012554
0.00125394
0.00125227
0.00125041
0.00124834
0.00124606
0.00124357
0.00124086
0.00123795
0.00123481
0.00123146
0.00111276
0.00143063
0.00110971
0.00128039
0.00123586
0.00122693
0.00123794
0.00123632
0.00123609
0.0012373
0.00123825
0.00123925
0.00124039
0.00124162
0.00124292
0.00124428
0.00124569
0.00124713
0.0012486
0.00125009
0.00125159
0.00125308
0.00125457
0.00125603
0.00125746
0.00125884
0.00126018
0.00126146
0.00126267
0.00126381
0.00126486
0.00126581
0.00126666
0.0012674
0.00126802
0.0012685
0.00126886
0.00126906
0.00126912
0.00126901
0.00126874
0.0012683
0.00126768
0.00126687
0.00126587
0.00126468
0.00126328
0.00126168
0.00125988
0.00125786
0.00125562
0.00125317
0.0012505
0.00124761
0.0012445
0.00111543
0.00143383
0.00111251
0.0012835
0.00123897
0.00123006
0.00124116
0.0012396
0.00123943
0.00124071
0.00124174
0.00124284
0.00124408
0.00124542
0.00124684
0.00124833
0.00124987
0.00125146
0.00125308
0.00125473
0.0012564
0.00125807
0.00125973
0.00126138
0.00126301
0.0012646
0.00126615
0.00126765
0.00126909
0.00127045
0.00127174
0.00127294
0.00127403
0.00127502
0.0012759
0.00127665
0.00127727
0.00127774
0.00127807
0.00127824
0.00127825
0.00127808
0.00127774
0.00127721
0.0012765
0.00127558
0.00127447
0.00127315
0.00127162
0.00126988
0.00126791
0.00126573
0.00126333
0.0012607
0.00125784
0.00111813
0.00143694
0.00111532
0.00128655
0.00124204
0.00123315
0.00124434
0.00124284
0.00124274
0.0012441
0.00124521
0.0012464
0.00124775
0.0012492
0.00125074
0.00125235
0.00125403
0.00125577
0.00125755
0.00125936
0.00126119
0.00126304
0.00126489
0.00126674
0.00126856
0.00127037
0.00127213
0.00127385
0.00127552
0.00127712
0.00127865
0.00128009
0.00128144
0.00128269
0.00128383
0.00128485
0.00128574
0.0012865
0.00128711
0.00128756
0.00128786
0.00128798
0.00128793
0.0012877
0.00128727
0.00128666
0.00128584
0.00128481
0.00128357
0.00128212
0.00128044
0.00127854
0.00127642
0.00127407
0.00127148
0.00112082
0.00143998
0.00111812
0.00128954
0.00124507
0.00123621
0.00124748
0.00124605
0.00124601
0.00124745
0.00124865
0.00124993
0.00125139
0.00125295
0.00125461
0.00125635
0.00125817
0.00126006
0.00126199
0.00126397
0.00126597
0.001268
0.00127004
0.00127208
0.00127412
0.00127613
0.00127811
0.00128006
0.00128196
0.0012838
0.00128558
0.00128728
0.00128889
0.0012904
0.00129181
0.00129311
0.00129428
0.00129532
0.00129622
0.00129697
0.00129756
0.00129799
0.00129824
0.00129831
0.0012982
0.00129789
0.00129737
0.00129666
0.00129572
0.00129457
0.0012932
0.00129161
0.00128978
0.00128772
0.00128543
0.00112352
0.00144295
0.00112091
0.00129248
0.00124806
0.00123924
0.00125058
0.00124921
0.00124925
0.00125077
0.00125206
0.00125344
0.001255
0.00125667
0.00125846
0.00126033
0.00126229
0.00126432
0.00126641
0.00126856
0.00127074
0.00127295
0.00127518
0.00127742
0.00127966
0.00128189
0.00128409
0.00128627
0.00128841
0.0012905
0.00129252
0.00129448
0.00129636
0.00129815
0.00129983
0.00130142
0.00130288
0.00130421
0.00130541
0.00130647
0.00130737
0.0013081
0.00130867
0.00130906
0.00130926
0.00130927
0.00130908
0.00130868
0.00130807
0.00130725
0.00130619
0.00130492
0.0013034
0.00130166
0.00129967
0.0011262
0.00144585
0.00112368
0.00129537
0.00125101
0.00124222
0.00125363
0.00125234
0.00125245
0.00125405
0.00125543
0.00125691
0.00125857
0.00126037
0.00126227
0.00126428
0.00126638
0.00126856
0.00127081
0.00127312
0.00127548
0.00127788
0.0012803
0.00128274
0.00128519
0.00128764
0.00129007
0.00129248
0.00129486
0.0012972
0.00129948
0.0013017
0.00130385
0.00130592
0.00130789
0.00130976
0.00131152
0.00131316
0.00131467
0.00131604
0.00131726
0.00131832
0.00131921
0.00131993
0.00132046
0.0013208
0.00132095
0.00132089
0.00132062
0.00132013
0.00131941
0.00131847
0.00131729
0.00131587
0.00131421
0.00112886
0.0014487
0.00112642
0.00129821
0.00125392
0.00124517
0.00125665
0.00125543
0.00125561
0.0012573
0.00125877
0.00126034
0.00126212
0.00126403
0.00126606
0.0012682
0.00127044
0.00127277
0.00127518
0.00127766
0.0012802
0.00128278
0.0012854
0.00128804
0.0012907
0.00129337
0.00129603
0.00129868
0.00130131
0.0013039
0.00130644
0.00130893
0.00131136
0.00131371
0.00131598
0.00131815
0.00132021
0.00132216
0.00132399
0.00132568
0.00132723
0.00132862
0.00132985
0.00133091
0.00133179
0.00133248
0.00133297
0.00133327
0.00133335
0.00133321
0.00133285
0.00133226
0.00133143
0.00133036
0.00132905
0.00113149
0.00145149
0.00112914
0.001301
0.00125679
0.00124807
0.00125963
0.00125848
0.00125874
0.00126051
0.00126207
0.00126374
0.00126562
0.00126765
0.00126981
0.00127208
0.00127447
0.00127695
0.00127953
0.00128217
0.00128489
0.00128766
0.00129047
0.00129332
0.0012962
0.00129909
0.00130198
0.00130487
0.00130775
0.00131059
0.00131341
0.00131617
0.00131888
0.00132152
0.00132409
0.00132656
0.00132894
0.00133121
0.00133336
0.00133538
0.00133727
0.00133901
0.00134059
0.001342
0.00134324
0.00134429
0.00134515
0.00134581
0.00134626
0.00134649
0.0013465
0.00134628
0.00134582
0.00134512
0.00134418
0.00113409
0.00145423
0.00113182
0.00130376
0.00125961
0.00125094
0.00126256
0.00126149
0.00126182
0.00126368
0.00126533
0.00126711
0.00126909
0.00127124
0.00127352
0.00127593
0.00127846
0.0012811
0.00128383
0.00128665
0.00128954
0.0012925
0.00129552
0.00129857
0.00130167
0.00130478
0.00130791
0.00131105
0.00131417
0.00131728
0.00132036
0.00132341
0.00132641
0.00132934
0.00133221
0.001335
0.0013377
0.0013403
0.00134278
0.00134515
0.00134738
0.00134947
0.00135141
0.00135319
0.0013548
0.00135623
0.00135746
0.0013585
0.00135934
0.00135996
0.00136036
0.00136053
0.00136046
0.00136015
0.00135959
0.00113666
0.00145691
0.00113447
0.00130646
0.00126239
0.00125376
0.00126546
0.00126446
0.00126487
0.0012668
0.00126855
0.00127043
0.00127252
0.00127478
0.00127719
0.00127974
0.00128241
0.00128521
0.0012881
0.00129109
0.00129417
0.00129732
0.00130053
0.0013038
0.00130711
0.00131045
0.00131382
0.0013172
0.00132058
0.00132396
0.00132731
0.00133064
0.00133393
0.00133717
0.00134035
0.00134345
0.00134648
0.00134941
0.00135224
0.00135496
0.00135755
0.00136
0.00136232
0.00136447
0.00136646
0.00136828
0.00136991
0.00137135
0.00137259
0.00137361
0.00137441
0.00137499
0.00137533
0.00137543
0.00137529
0.0011392
0.00145955
0.00113708
0.00130913
0.00126512
0.00125654
0.0012683
0.00126738
0.00126786
0.00126989
0.00127173
0.0012737
0.00127591
0.00127829
0.00128082
0.00128351
0.00128633
0.00128927
0.00129233
0.00129549
0.00129875
0.00130209
0.0013055
0.00130898
0.00131251
0.00131609
0.00131969
0.00132332
0.00132696
0.00133061
0.00133424
0.00133786
0.00134144
0.00134499
0.00134848
0.00135191
0.00135527
0.00135855
0.00136173
0.00136481
0.00136776
0.0013706
0.00137329
0.00137584
0.00137822
0.00138044
0.00138248
0.00138433
0.00138599
0.00138743
0.00138866
0.00138966
0.00139044
0.00139097
0.00139125
0.00114169
0.00146214
0.00113965
0.00131175
0.00126781
0.00125927
0.0012711
0.00127025
0.00127081
0.00127292
0.00127486
0.00127693
0.00127925
0.00128175
0.00128441
0.00128723
0.00129019
0.00129329
0.00129652
0.00129985
0.00130329
0.00130682
0.00131044
0.00131413
0.00131788
0.00132168
0.00132553
0.00132941
0.00133332
0.00133723
0.00134115
0.00134505
0.00134894
0.0013528
0.00135661
0.00136038
0.00136408
0.0013677
0.00137124
0.00137468
0.00137802
0.00138124
0.00138432
0.00138727
0.00139007
0.0013927
0.00139516
0.00139744
0.00139953
0.00140141
0.00140308
0.00140454
0.00140576
0.00140674
0.00140748
0.00114415
0.00146467
0.00114217
0.00131432
0.00127045
0.00126196
0.00127386
0.00127308
0.00127372
0.00127591
0.00127794
0.00128012
0.00128254
0.00128516
0.00128795
0.0012909
0.00129401
0.00129727
0.00130065
0.00130416
0.00130779
0.00131151
0.00131533
0.00131923
0.0013232
0.00132724
0.00133133
0.00133547
0.00133963
0.00134382
0.00134802
0.00135222
0.00135642
0.00136059
0.00136473
0.00136883
0.00137287
0.00137686
0.00138076
0.00138458
0.0013883
0.00139192
0.00139541
0.00139877
0.00140198
0.00140505
0.00140794
0.00141067
0.0014132
0.00141554
0.00141768
0.00141959
0.00142128
0.00142274
0.00142395
0.00139861
0.00140262
0.00140653
0.00141031
0.00141396
0.00141747
0.00142081
0.00142399
0.001427
0.00142981
0.00143242
0.00143482
0.001437
0.00143895
0.00144066
0.000807092
0.00106855
0.00104008
0.00092351
0.00100349
0.00105893
0.00103317
0.00101143
0.00101086
0.00101201
0.00100951
0.00100609
0.00100286
0.000999581
0.000996114
0.000992471
0.000988679
0.000984747
0.000980682
0.000976492
0.000972186
0.000967771
0.000963256
0.000958648
0.000953956
0.000949185
0.000944345
0.00093944
0.00093448
0.000929468
0.000924413
0.00091932
0.000914195
0.000909044
0.000903872
0.000898684
0.000893486
0.000888282
0.000883076
0.000877873
0.000872678
0.000867493
0.000862323
0.000857172
0.000852043
0.000846938
0.000841861
0.000836815
0.000831803
0.000826826
0.000821887
0.000816988
0.000812131
0.00080732
0.000802554
0.00080414
0.00107548
0.00103426
0.00092457
0.00100804
0.00105833
0.00103132
0.00101148
0.00101157
0.00101246
0.00100982
0.00100644
0.00100324
0.000999971
0.000996508
0.000992872
0.000989086
0.000985159
0.000981099
0.000976914
0.000972611
0.0009682
0.000963689
0.000959084
0.000954394
0.000949626
0.000944788
0.000939885
0.000934926
0.000929916
0.000924862
0.00091977
0.000914645
0.000909494
0.000904322
0.000899133
0.000893934
0.000888728
0.000883521
0.000878317
0.000873119
0.000867932
0.00086276
0.000857606
0.000852474
0.000847366
0.000842286
0.000837236
0.000832219
0.000827238
0.000822295
0.000817391
0.00081253
0.000807714
0.000802943
0.000806783
0.00107858
0.0010329
0.000926543
0.00101017
0.00105778
0.00103076
0.00101207
0.00101246
0.00101319
0.0010105
0.00100715
0.00100398
0.00100073
0.000997275
0.00099365
0.000989875
0.000985959
0.000981908
0.00097773
0.000973436
0.000969032
0.000964527
0.000959928
0.000955244
0.000950481
0.000945646
0.000940748
0.000935791
0.000930783
0.000925731
0.00092064
0.000915516
0.000910365
0.000905192
0.000900002
0.000894801
0.000889593
0.000884383
0.000879176
0.000873974
0.000868783
0.000863606
0.000858447
0.000853309
0.000848195
0.000843108
0.000838051
0.000833028
0.000828039
0.000823088
0.000818176
0.000813307
0.000808481
0.000803701
0.000808827
0.00108203
0.00103254
0.000928412
0.00101245
0.001058
0.00103076
0.00101289
0.00101357
0.00101423
0.00101151
0.00100819
0.00100506
0.00100183
0.000998393
0.000994785
0.000991026
0.000987123
0.000983085
0.000978921
0.000974637
0.000970244
0.000965749
0.000961159
0.000956482
0.000951726
0.000946898
0.000942004
0.000937052
0.000932048
0.000926999
0.00092191
0.000916787
0.000911636
0.000906462
0.000901271
0.000896067
0.000890857
0.000885643
0.00088043
0.000875223
0.000870026
0.000864842
0.000859675
0.000854529
0.000849406
0.00084431
0.000839243
0.000834209
0.000829209
0.000824246
0.000819323
0.00081444
0.000809602
0.000804809
0.00081116
0.0010861
0.00103257
0.000930625
0.00101519
0.00105868
0.00103112
0.00101401
0.00101498
0.00101557
0.00101284
0.00100956
0.00100646
0.00100326
0.000999844
0.000996257
0.000992517
0.000988633
0.000984612
0.000980463
0.000976195
0.000971815
0.000967332
0.000962754
0.000958088
0.000953341
0.000948521
0.000943635
0.000938689
0.00093369
0.000928644
0.000923557
0.000918436
0.000913285
0.000908111
0.000902918
0.000897712
0.000892497
0.000887278
0.00088206
0.000876846
0.000871641
0.000866448
0.000861272
0.000856115
0.000850981
0.000845872
0.000840793
0.000835745
0.000830731
0.000825753
0.000820814
0.000815916
0.000811061
0.00080625
0.000813882
0.0010906
0.00103296
0.00093325
0.00101825
0.00105965
0.00103181
0.00101546
0.00101669
0.00101722
0.00101446
0.00101123
0.00100817
0.001005
0.00100161
0.000998047
0.000994331
0.000990469
0.000986468
0.000982339
0.000978088
0.000973725
0.000969258
0.000964694
0.00096004
0.000955305
0.000950495
0.000945618
0.00094068
0.000935687
0.000930646
0.000925563
0.000920444
0.000915294
0.000910119
0.000904924
0.000899715
0.000894496
0.000889271
0.000884046
0.000878824
0.00087361
0.000868407
0.000863219
0.000858049
0.000852901
0.000847779
0.000842684
0.000837619
0.000832588
0.000827592
0.000822634
0.000817717
0.000812841
0.00080801
0.000816952
0.00109546
0.00103364
0.000936225
0.00102161
0.00106089
0.0010328
0.00101722
0.00101869
0.00101914
0.00101638
0.00101319
0.00101017
0.00100703
0.00100367
0.00100014
0.000996448
0.000992611
0.000988635
0.000984528
0.000980298
0.000975955
0.000971506
0.000966958
0.00096232
0.000957599
0.000952802
0.000947935
0.000943006
0.000938021
0.000932986
0.000927908
0.000922791
0.000917643
0.000912468
0.000907272
0.000902059
0.000896835
0.000891605
0.000886372
0.000881141
0.000875916
0.000870701
0.0008655
0.000860316
0.000855153
0.000850013
0.0008449
0.000839817
0.000834766
0.00082975
0.00082477
0.00081983
0.000814931
0.000810076
0.000820339
0.00110066
0.00103456
0.000939532
0.00102524
0.00106236
0.00103408
0.00101928
0.00102097
0.00102134
0.00101856
0.00101543
0.00101245
0.00100934
0.00100601
0.00100251
0.000998851
0.000995043
0.000991093
0.000987012
0.000982806
0.000978486
0.000974057
0.00096953
0.00096491
0.000960205
0.000955422
0.000950568
0.00094565
0.000940674
0.000935647
0.000930574
0.000925462
0.000920316
0.000915141
0.000909944
0.000904728
0.000899499
0.000894262
0.000889021
0.00088378
0.000878544
0.000873316
0.000868101
0.000862901
0.000857721
0.000852563
0.00084743
0.000842326
0.000837253
0.000832213
0.000827209
0.000822243
0.000817319
0.000812436
0.000824019
0.00110618
0.00103569
0.000943152
0.00102915
0.00106406
0.00103561
0.0010216
0.0010235
0.00102378
0.001021
0.00101792
0.00101499
0.00101191
0.00100862
0.00100515
0.00100152
0.000997746
0.000993827
0.000989773
0.000985595
0.0009813
0.000976896
0.00097239
0.000967791
0.000963105
0.000958339
0.0009535
0.000948595
0.00094363
0.000938612
0.000933547
0.00092844
0.000923297
0.000918124
0.000912925
0.000907707
0.000902473
0.00089723
0.00089198
0.000886729
0.000881481
0.000876239
0.000871008
0.000865792
0.000860593
0.000855414
0.00085026
0.000845133
0.000840035
0.00083497
0.00082994
0.000824946
0.000819993
0.00081508
0.00082797
0.001112
0.00103701
0.000947064
0.00103329
0.00106594
0.00103737
0.00102418
0.00102627
0.00102646
0.00102367
0.00102064
0.00101776
0.00101472
0.00101147
0.00100804
0.00100445
0.0010007
0.000996818
0.000992797
0.000988649
0.000984382
0.000980005
0.000975524
0.000970948
0.000966283
0.000961536
0.000956715
0.000951825
0.000946873
0.000941866
0.00093681
0.000931709
0.000926571
0.0009214
0.000916201
0.000910981
0.000905743
0.000900493
0.000895235
0.000889974
0.000884713
0.000879457
0.00087421
0.000868976
0.000863757
0.000858557
0.00085338
0.000848228
0.000843104
0.000838012
0.000832952
0.000827929
0.000822944
0.000817999
0.00083217
0.00111808
0.0010385
0.00095125
0.00103766
0.00106799
0.00103935
0.00102699
0.00102926
0.00102935
0.00102657
0.0010236
0.00102076
0.00101776
0.00101455
0.00101116
0.00100761
0.0010039
0.00100005
0.000996065
0.00099195
0.000987715
0.000983367
0.000978915
0.000974365
0.000969724
0.000964999
0.000960197
0.000955325
0.000950389
0.000945394
0.000940348
0.000935256
0.000930123
0.000924956
0.000919759
0.000914537
0.000909296
0.00090404
0.000898774
0.000893502
0.000888229
0.000882959
0.000877695
0.000872442
0.000867202
0.00086198
0.000856779
0.000851601
0.00084645
0.000841328
0.000836238
0.000831182
0.000826164
0.000821185
0.0008366
0.00112442
0.00104012
0.000955691
0.00104222
0.0010702
0.00104154
0.00103002
0.00103246
0.00103245
0.00102967
0.00102676
0.00102397
0.00102102
0.00101785
0.0010145
0.00101099
0.00100732
0.00100351
0.000999563
0.000995485
0.000991284
0.000986969
0.000982548
0.000978026
0.000973412
0.000968712
0.000963933
0.00095908
0.000954162
0.000949183
0.000944149
0.000939067
0.000933942
0.000928779
0.000923585
0.000918363
0.000913119
0.000907858
0.000902585
0.000897303
0.000892018
0.000886733
0.000881452
0.00087618
0.00087092
0.000865674
0.000860448
0.000855243
0.000850063
0.00084491
0.000839788
0.000834699
0.000829645
0.000824629
0.000841241
0.00113099
0.00104185
0.000960372
0.00104695
0.00107254
0.00104391
0.00103325
0.00103585
0.00103573
0.00103296
0.00103011
0.00102738
0.00102447
0.00102134
0.00101804
0.00101457
0.00101095
0.00100718
0.00100328
0.000999237
0.000995075
0.000990796
0.000986408
0.000981919
0.000977334
0.000972662
0.000967907
0.000963078
0.000958179
0.000953218
0.000948199
0.000943129
0.000938013
0.000932858
0.000927667
0.000922447
0.000917202
0.000911937
0.000906657
0.000901366
0.000896069
0.00089077
0.000885473
0.000880181
0.000874899
0.00086963
0.000864378
0.000859145
0.000853936
0.000848752
0.000843596
0.000838471
0.000833381
0.000828327
0.000846075
0.00113777
0.00104368
0.000965278
0.00105184
0.00107499
0.00104645
0.00103667
0.0010394
0.00103918
0.00103642
0.00103364
0.00103097
0.0010281
0.00102502
0.00102177
0.00101835
0.00101478
0.00101105
0.00100719
0.00100319
0.000999072
0.000994833
0.000990482
0.000986028
0.000981476
0.000976834
0.000972108
0.000967304
0.000962428
0.000957487
0.000952485
0.00094743
0.000942326
0.000937179
0.000931995
0.000926778
0.000921533
0.000916265
0.00091098
0.000905681
0.000900373
0.00089506
0.000889746
0.000884436
0.000879133
0.00087384
0.000868562
0.000863301
0.000858061
0.000852844
0.000847654
0.000842493
0.000837365
0.000832271
0.000851087
0.00114474
0.00104559
0.000970396
0.00105687
0.00107755
0.00104915
0.00104027
0.00104312
0.00104278
0.00104004
0.00103733
0.00103472
0.00103191
0.00102888
0.00102567
0.00102231
0.00101878
0.00101511
0.00101129
0.00100734
0.00100326
0.000999067
0.000994757
0.000990341
0.000985826
0.000981217
0.000976522
0.000971746
0.000966896
0.000961978
0.000956997
0.000951959
0.000946869
0.000941733
0.000936557
0.000931345
0.000926102
0.000920833
0.000915544
0.000910238
0.00090492
0.000899594
0.000894265
0.000888937
0.000883613
0.000878297
0.000872992
0.000867703
0.000862432
0.000857182
0.000851957
0.000846759
0.000841591
0.000836456
0.000856261
0.00115188
0.00104756
0.000975713
0.00106201
0.00108019
0.00105201
0.00104402
0.00104698
0.00104653
0.00104381
0.00104118
0.00103862
0.00103586
0.00103289
0.00102974
0.00102642
0.00102295
0.00101933
0.00101557
0.00101167
0.00100764
0.00100348
0.000999219
0.000994845
0.000990369
0.000985797
0.000981137
0.000976393
0.000971572
0.000966679
0.000961721
0.000956703
0.00095163
0.000946508
0.000941342
0.000936137
0.000930899
0.000925631
0.00092034
0.000915028
0.000909702
0.000904365
0.000899021
0.000893675
0.000888331
0.000882992
0.000877662
0.000872344
0.000867042
0.000861759
0.000856498
0.000851263
0.000846055
0.000840878
0.000861581
0.00115916
0.00104957
0.000981218
0.00106725
0.0010829
0.001055
0.00104792
0.00105096
0.0010504
0.00104772
0.00104516
0.00104267
0.00103996
0.00103704
0.00103395
0.00103069
0.00102728
0.00102371
0.00102
0.00101615
0.00101218
0.00100807
0.00100386
0.000999527
0.000995094
0.000990563
0.000985941
0.000981232
0.000976443
0.00097158
0.000966648
0.000961653
0.0009566
0.000951495
0.000946342
0.000941147
0.000935915
0.00093065
0.000925358
0.000920044
0.000914711
0.000909364
0.000904007
0.000898645
0.000893281
0.00088792
0.000882564
0.000877219
0.000871886
0.00086657
0.000861273
0.000856
0.000850752
0.000845532
0.000867035
0.00116659
0.00105161
0.000986899
0.00107257
0.00108567
0.00105813
0.00105196
0.00105506
0.00105439
0.00105175
0.00104927
0.00104684
0.00104419
0.00104133
0.0010383
0.0010351
0.00103175
0.00102824
0.00102459
0.00102079
0.00101687
0.00101282
0.00100866
0.00100438
0.00099999
0.000995503
0.000990922
0.000986252
0.000981499
0.000976669
0.000971767
0.000966798
0.000961768
0.000956682
0.000951545
0.000946363
0.00094114
0.000935881
0.000930592
0.000925276
0.000919938
0.000914583
0.000909214
0.000903837
0.000898456
0.000893073
0.000887694
0.000882321
0.000876958
0.000871609
0.000866277
0.000860965
0.000855677
0.000850414
0.000872609
0.00117412
0.00105365
0.000992748
0.00107796
0.00108848
0.00106137
0.00105612
0.00105926
0.00105848
0.00105588
0.00105349
0.00105112
0.00104854
0.00104574
0.00104277
0.00103964
0.00103634
0.0010329
0.00102931
0.00102557
0.00102171
0.00101772
0.00101361
0.00100938
0.00100504
0.00100061
0.00099607
0.000991443
0.00098673
0.000981936
0.000977066
0.000972127
0.000967124
0.000962061
0.000956944
0.000951777
0.000946566
0.000941316
0.000936031
0.000930716
0.000925376
0.000920015
0.000914637
0.000909247
0.000903849
0.000898447
0.000893044
0.000887645
0.000882253
0.000876872
0.000871505
0.000866155
0.000860826
0.00085552
0.000878291
0.00118176
0.00105569
0.000998755
0.00108339
0.00109133
0.00106473
0.00106039
0.00106355
0.00106266
0.00106012
0.00105781
0.00105551
0.00105299
0.00105026
0.00104736
0.00104429
0.00104106
0.00103768
0.00103415
0.00103048
0.00102668
0.00102275
0.0010187
0.00101453
0.00101025
0.00100586
0.00100137
0.000996793
0.000992123
0.00098737
0.000982537
0.000977632
0.000972659
0.000967622
0.000962528
0.00095738
0.000952185
0.000946946
0.000941669
0.000936358
0.000931018
0.000925653
0.000920268
0.000914867
0.000909454
0.000904034
0.00089861
0.000893186
0.000887766
0.000882354
0.000876952
0.000871565
0.000866196
0.000860848
0.000884069
0.00118947
0.00105772
0.00100491
0.00108885
0.00109421
0.00106819
0.00106476
0.00106792
0.00106693
0.00106444
0.00106222
0.00105999
0.00105754
0.00105487
0.00105204
0.00104904
0.00104588
0.00104257
0.00103911
0.00103551
0.00103177
0.00102791
0.00102392
0.00101981
0.00101559
0.00101126
0.00100682
0.00100229
0.00099767
0.000992961
0.00098817
0.000983302
0.000978362
0.000973356
0.000968288
0.000963164
0.000957987
0.000952763
0.000947497
0.000942193
0.000936856
0.00093149
0.0009261
0.000920691
0.000915266
0.00090983
0.000904386
0.000898939
0.000893492
0.00088805
0.000882615
0.000877192
0.000871783
0.000866392
0.000889932
0.00119726
0.0010597
0.00101121
0.00109432
0.00109711
0.00107176
0.00106922
0.00107236
0.00107126
0.00106885
0.00106672
0.00106456
0.00106217
0.00105958
0.00105681
0.00105389
0.0010508
0.00104756
0.00104417
0.00104064
0.00103698
0.00103318
0.00102926
0.00102521
0.00102105
0.00101678
0.00101241
0.00100793
0.00100336
0.0009987
0.000993954
0.000989128
0.000984227
0.000979255
0.000974217
0.000969119
0.000963965
0.000958759
0.000953508
0.000948214
0.000942883
0.00093752
0.000932128
0.000926713
0.000921278
0.000915828
0.000910367
0.000904898
0.000899427
0.000893956
0.000888489
0.000883031
0.000877584
0.000872151
0.000895869
0.00120509
0.00106165
0.00101765
0.0010998
0.00110001
0.00107542
0.00107377
0.00107686
0.00107566
0.00107332
0.00107128
0.0010692
0.00106687
0.00106436
0.00106167
0.00105882
0.00105581
0.00105264
0.00104933
0.00104587
0.00104228
0.00103856
0.0010347
0.00103073
0.00102663
0.00102243
0.00101812
0.0010137
0.00100919
0.00100458
0.000999881
0.000995101
0.000990242
0.000985309
0.000980306
0.000975238
0.00097011
0.000964927
0.000959694
0.000954414
0.000949093
0.000943735
0.000938345
0.000932927
0.000927485
0.000922024
0.000916547
0.00091106
0.000905566
0.000900068
0.000894572
0.000889079
0.000883595
0.000878122
0.000901871
0.00121295
0.00106353
0.00102421
0.00110525
0.00110292
0.00107918
0.00107839
0.0010814
0.00108011
0.00107785
0.00107591
0.00107389
0.00107165
0.0010692
0.00106659
0.00106382
0.00106089
0.0010578
0.00105457
0.00105119
0.00104768
0.00104403
0.00104025
0.00103635
0.00103232
0.00102819
0.00102394
0.00101959
0.00101513
0.00101058
0.00100594
0.00100121
0.0009964
0.000991509
0.000986546
0.000981513
0.000976416
0.000971259
0.000966048
0.000960786
0.000955479
0.00095013
0.000944744
0.000939327
0.000933881
0.000928412
0.000922923
0.000917419
0.000911905
0.000906383
0.000900858
0.000895333
0.000889813
0.000884301
0.000907929
0.00122084
0.00106535
0.0010309
0.00111068
0.00110583
0.00108302
0.00108307
0.00108598
0.0010846
0.00108243
0.00108058
0.00107865
0.00107647
0.00107411
0.00107158
0.00106889
0.00106604
0.00106303
0.00105988
0.00105658
0.00105315
0.00104958
0.00104588
0.00104206
0.00103811
0.00103405
0.00102987
0.00102559
0.0010212
0.00101671
0.00101213
0.00100745
0.00100269
0.000997849
0.000992928
0.000987935
0.000982873
0.000977748
0.000972563
0.000967323
0.000962033
0.000956697
0.00095132
0.000945906
0.00094046
0.000934986
0.000929488
0.000923971
0.000918438
0.000912895
0.000907344
0.000901789
0.000896236
0.000890686
0.000914034
0.00122872
0.0010671
0.00103771
0.00111606
0.00110874
0.00108694
0.0010878
0.00109058
0.00108913
0.00108705
0.00108531
0.00108344
0.00108135
0.00107906
0.00107662
0.00107401
0.00107124
0.00106832
0.00106526
0.00106204
0.00105869
0.00105521
0.00105159
0.00104785
0.00104398
0.00104
0.0010359
0.00103169
0.00102737
0.00102295
0.00101843
0.00101381
0.00100911
0.00100432
0.000999446
0.000994497
0.000989475
0.000984385
0.000979231
0.000974018
0.00096875
0.000963431
0.000958066
0.000952661
0.000947218
0.000941742
0.000936238
0.000930711
0.000925163
0.000919601
0.000914026
0.000908444
0.000902859
0.000897274
0.000920178
0.0012366
0.00106875
0.00104464
0.00112138
0.00111164
0.00109095
0.00109257
0.00109521
0.00109369
0.00109171
0.00109006
0.00108828
0.00108626
0.00108406
0.0010817
0.00107917
0.00107649
0.00107366
0.00107069
0.00106756
0.0010643
0.0010609
0.00105738
0.00105372
0.00104994
0.00104603
0.00104201
0.00103788
0.00103364
0.00102929
0.00102483
0.00102029
0.00101564
0.00101091
0.00100609
0.00100119
0.000996214
0.000991164
0.000986046
0.000980864
0.000975622
0.000970325
0.000964977
0.000959583
0.000954147
0.000948674
0.000943168
0.000937634
0.000932075
0.000926496
0.000920901
0.000915295
0.000909681
0.000904063
0.000926354
0.00124445
0.00107031
0.00105167
0.00112663
0.00111454
0.00109503
0.00109739
0.00109984
0.00109827
0.0010964
0.00109485
0.00109314
0.0010912
0.00108908
0.00108681
0.00108438
0.00108179
0.00107905
0.00107616
0.00107313
0.00106996
0.00106666
0.00106322
0.00105965
0.00105596
0.00105214
0.00104821
0.00104415
0.00103999
0.00103572
0.00103134
0.00102686
0.00102229
0.00101762
0.00101286
0.00100801
0.00100308
0.000998078
0.000993
0.000987853
0.000982643
0.000977372
0.000972046
0.000966668
0.000961244
0.000955778
0.000950273
0.000944736
0.000939169
0.000933578
0.000927965
0.000922337
0.000916697
0.000911048
0.000932556
0.00125226
0.00107177
0.00105881
0.0011318
0.00111742
0.00109919
0.00110222
0.00110448
0.00110287
0.00110111
0.00109965
0.00109802
0.00109616
0.00109413
0.00109195
0.00108961
0.00108711
0.00108446
0.00108167
0.00107874
0.00107567
0.00107246
0.00106911
0.00106564
0.00106204
0.00105832
0.00105447
0.00105051
0.00104643
0.00104224
0.00103794
0.00103353
0.00102903
0.00102443
0.00101973
0.00101494
0.00101007
0.00100512
0.00100009
0.000994981
0.000989806
0.000984566
0.000979266
0.00097391
0.000968502
0.000963046
0.000957548
0.000952011
0.000946441
0.00094084
0.000935215
0.000929568
0.000923904
0.000918228
0.000938778
0.00126002
0.00107311
0.00106606
0.00113687
0.00112031
0.00110343
0.00110708
0.00110912
0.00110747
0.00110583
0.00110447
0.00110291
0.00110114
0.0010992
0.00109711
0.00109486
0.00109246
0.00108991
0.00108722
0.00108438
0.00108141
0.0010783
0.00107505
0.00107168
0.00106818
0.00106455
0.0010608
0.00105692
0.00105294
0.00104883
0.00104462
0.00104029
0.00103587
0.00103134
0.00102671
0.00102199
0.00101718
0.00101228
0.0010073
0.00100224
0.000997105
0.000991901
0.000986632
0.000981302
0.000975915
0.000970475
0.000964988
0.000959456
0.000953886
0.00094828
0.000942645
0.000936983
0.0009313
0.000925599
0.000945016
0.00126771
0.00107435
0.00107339
0.00114182
0.00112319
0.00110773
0.00111195
0.00111375
0.00111208
0.00111056
0.00110929
0.00110782
0.00110613
0.00110428
0.00110228
0.00110012
0.00109782
0.00109537
0.00109278
0.00109005
0.00108718
0.00108417
0.00108103
0.00107776
0.00107436
0.00107083
0.00106718
0.0010634
0.00105951
0.0010555
0.00105137
0.00104713
0.00104279
0.00103834
0.00103378
0.00102913
0.00102439
0.00101955
0.00101463
0.00100962
0.00100453
0.000999371
0.000994138
0.000988839
0.000983478
0.000978059
0.000972587
0.000967065
0.000961499
0.000955893
0.000950252
0.000944579
0.00093888
0.000933159
0.000951264
0.00127533
0.00107546
0.00108083
0.00114665
0.00112608
0.00111211
0.00111681
0.00111836
0.00111669
0.00111529
0.00111411
0.00111272
0.00111111
0.00110936
0.00110745
0.00110539
0.00110319
0.00110084
0.00109836
0.00109573
0.00109296
0.00109007
0.00108703
0.00108387
0.00108057
0.00107715
0.0010736
0.00106993
0.00106613
0.00106222
0.00105819
0.00105404
0.00104978
0.00104542
0.00104095
0.00103637
0.0010317
0.00102693
0.00102207
0.00101712
0.00101208
0.00100697
0.00100178
0.000996515
0.000991185
0.000985792
0.00098034
0.000974833
0.000969277
0.000963675
0.000958032
0.000952353
0.000946642
0.000940903
0.000957521
0.00128286
0.00107646
0.00108835
0.00115135
0.00112898
0.00111656
0.00112167
0.00112295
0.00112129
0.00112002
0.00111893
0.00111761
0.00111609
0.00111443
0.00111262
0.00111066
0.00110856
0.00110632
0.00110394
0.00110142
0.00109877
0.00109598
0.00109306
0.00109
0.00108682
0.0010835
0.00108006
0.0010765
0.00107281
0.001069
0.00106506
0.00106102
0.00105685
0.00105257
0.00104819
0.0010437
0.0010391
0.0010344
0.00102961
0.00102472
0.00101975
0.00101469
0.00100954
0.00100432
0.00099903
0.000993668
0.000988241
0.000982755
0.000977213
0.00097162
0.000965981
0.000960299
0.000954581
0.000948829
0.000963785
0.00129029
0.00107733
0.00109596
0.0011559
0.00113189
0.00112107
0.00112651
0.00112751
0.00112588
0.00112474
0.00112373
0.00112249
0.00112106
0.00111949
0.00111778
0.00111593
0.00111393
0.00111179
0.00110952
0.00110712
0.00110458
0.0011019
0.00109909
0.00109615
0.00109308
0.00108989
0.00108656
0.0010831
0.00107952
0.00107582
0.00107199
0.00106805
0.00106398
0.0010598
0.0010555
0.0010511
0.00104659
0.00104197
0.00103725
0.00103243
0.00102752
0.00102252
0.00101743
0.00101226
0.00100701
0.00100168
0.000996286
0.000990826
0.000985303
0.000979725
0.000974093
0.000968415
0.000962693
0.000956933
0.000970056
0.0012976
0.00107809
0.00110366
0.0011603
0.00113482
0.00112565
0.00113132
0.00113203
0.00113045
0.00112944
0.00112852
0.00112735
0.00112602
0.00112454
0.00112293
0.00112117
0.00111928
0.00111726
0.0011151
0.00111281
0.00111038
0.00110783
0.00110514
0.00110232
0.00109937
0.00109628
0.00109307
0.00108974
0.00108627
0.00108268
0.00107896
0.00107512
0.00107116
0.00106708
0.00106289
0.00105857
0.00105415
0.00104962
0.00104498
0.00104024
0.0010354
0.00103046
0.00102543
0.00102031
0.00101511
0.00100983
0.00100447
0.000999039
0.000993543
0.000987983
0.000982366
0.000976695
0.000970975
0.000965211
0.000976334
0.0013048
0.00107872
0.00111145
0.00116453
0.00113777
0.00113027
0.0011361
0.00113653
0.00113501
0.00113412
0.00113327
0.00113219
0.00113094
0.00112956
0.00112805
0.0011264
0.00112462
0.00112271
0.00112066
0.00111849
0.00111618
0.00111375
0.00111118
0.00110848
0.00110565
0.0011027
0.00109961
0.00109639
0.00109304
0.00108957
0.00108597
0.00108224
0.00107839
0.00107442
0.00107033
0.00106611
0.00106178
0.00105734
0.00105279
0.00104813
0.00104337
0.0010385
0.00103354
0.00102848
0.00102333
0.0010181
0.00101278
0.00100739
0.00100192
0.000996391
0.000990793
0.000985135
0.000979422
0.00097366
0.000982622
0.00131186
0.00107925
0.00111931
0.00116858
0.00114076
0.00113495
0.00114084
0.00114098
0.00113954
0.00113877
0.001138
0.001137
0.00113584
0.00113456
0.00113315
0.00113161
0.00112993
0.00112814
0.00112621
0.00112415
0.00112197
0.00111966
0.00111721
0.00111464
0.00111194
0.00110911
0.00110615
0.00110306
0.00109983
0.00109648
0.001093
0.0010894
0.00108566
0.0010818
0.00107782
0.00107371
0.00106948
0.00106514
0.00106068
0.00105611
0.00105142
0.00104664
0.00104174
0.00103675
0.00103167
0.00102649
0.00102122
0.00101587
0.00101045
0.00100494
0.000999369
0.00099373
0.00098803
0.000982275
0.000988924
0.00131879
0.00107967
0.00112726
0.00117245
0.00114379
0.00113967
0.00114552
0.00114538
0.00114404
0.0011434
0.0011427
0.00114177
0.00114071
0.00113952
0.00113821
0.00113678
0.00113522
0.00113353
0.00113173
0.00112979
0.00112774
0.00112555
0.00112324
0.00112079
0.00111822
0.00111552
0.00111269
0.00110973
0.00110664
0.00110341
0.00110006
0.00109657
0.00109296
0.00108922
0.00108535
0.00108135
0.00107723
0.00107299
0.00106863
0.00106415
0.00105956
0.00105486
0.00105005
0.00104513
0.00104011
0.00103499
0.00102978
0.00102448
0.0010191
0.00101363
0.00100809
0.00100248
0.000996795
0.000991051
0.000995246
0.00132556
0.00108
0.00113529
0.00117612
0.00114686
0.00114442
0.00115014
0.00114975
0.00114852
0.00114798
0.00114735
0.00114651
0.00114553
0.00114445
0.00114324
0.00114191
0.00114047
0.0011389
0.00113722
0.00113541
0.00113348
0.00113142
0.00112924
0.00112693
0.00112449
0.00112193
0.00111923
0.0011164
0.00111344
0.00111035
0.00110713
0.00110377
0.00110029
0.00109667
0.00109292
0.00108904
0.00108504
0.0010809
0.00107665
0.00107227
0.00106777
0.00106316
0.00105843
0.0010536
0.00104865
0.0010436
0.00103846
0.00103321
0.00102788
0.00102245
0.00101695
0.00101137
0.00100571
0.000999985
0.0010016
0.00133216
0.00108025
0.00114338
0.00117959
0.00114999
0.00114919
0.00115469
0.00115406
0.00115296
0.00115252
0.00115196
0.0011512
0.00115032
0.00114933
0.00114823
0.00114701
0.00114568
0.00114423
0.00114267
0.00114099
0.00113919
0.00113726
0.00113522
0.00113304
0.00113075
0.00112832
0.00112576
0.00112307
0.00112025
0.0011173
0.00111421
0.00111099
0.00110763
0.00110414
0.00110052
0.00109676
0.00109288
0.00108886
0.00108472
0.00108045
0.00107605
0.00107154
0.0010669
0.00106215
0.00105729
0.00105231
0.00104724
0.00104205
0.00103678
0.0010314
0.00102594
0.0010204
0.00101477
0.00100907
0.00100798
0.00133859
0.00108043
0.00115155
0.00118284
0.00115319
0.00115397
0.00115917
0.00115832
0.00115736
0.00115702
0.00115653
0.00115584
0.00115505
0.00115416
0.00115316
0.00115206
0.00115084
0.00114952
0.00114808
0.00114653
0.00114486
0.00114307
0.00114116
0.00113913
0.00113697
0.00113469
0.00113227
0.00112973
0.00112705
0.00112423
0.00112129
0.0011182
0.00111499
0.00111163
0.00110814
0.00110452
0.00110076
0.00109686
0.00109284
0.00108868
0.00108439
0.00107998
0.00107544
0.00107079
0.00106601
0.00106112
0.00105612
0.00105101
0.00104579
0.00104048
0.00103506
0.00102956
0.00102397
0.0010183
0.00101442
0.00134482
0.00108058
0.00115978
0.00118587
0.00115645
0.00115876
0.00116357
0.00116253
0.00116171
0.00116147
0.00116104
0.00116043
0.00115974
0.00115895
0.00115805
0.00115706
0.00115596
0.00115476
0.00115345
0.00115203
0.00115049
0.00114884
0.00114708
0.00114519
0.00114317
0.00114103
0.00113876
0.00113636
0.00113383
0.00113116
0.00112836
0.00112542
0.00112235
0.00111913
0.00111578
0.00111229
0.00110866
0.00110489
0.00110099
0.00109696
0.00109279
0.00108848
0.00108405
0.0010795
0.00107481
0.00107001
0.00106509
0.00106006
0.00105491
0.00104966
0.00104431
0.00103886
0.00103331
0.00102768
0.00102091
0.00135086
0.0010807
0.00116805
0.00118868
0.00115979
0.00116353
0.00116787
0.00116669
0.00116602
0.00116586
0.00116549
0.00116497
0.00116436
0.00116367
0.00116289
0.00116201
0.00116103
0.00115995
0.00115877
0.00115748
0.00115608
0.00115457
0.00115295
0.0011512
0.00114933
0.00114734
0.00114522
0.00114297
0.00114059
0.00113808
0.00113542
0.00113263
0.00112971
0.00112664
0.00112343
0.00112008
0.00111659
0.00111295
0.00110918
0.00110527
0.00110122
0.00109704
0.00109272
0.00108827
0.00108369
0.00107898
0.00107415
0.0010692
0.00106414
0.00105896
0.00105367
0.00104827
0.00104278
0.00103719
0.00102747
0.00135667
0.00108084
0.00117635
0.00119127
0.00116321
0.00116827
0.00117209
0.0011708
0.00117028
0.0011702
0.00116989
0.00116944
0.00116893
0.00116834
0.00116767
0.0011669
0.00116604
0.00116509
0.00116403
0.00116288
0.00116162
0.00116025
0.00115877
0.00115718
0.00115546
0.00115362
0.00115165
0.00114956
0.00114733
0.00114497
0.00114247
0.00113983
0.00113706
0.00113414
0.00113108
0.00112787
0.00112452
0.00112103
0.0011174
0.00111362
0.0011097
0.00110564
0.00110144
0.0010971
0.00109263
0.00108803
0.0010833
0.00107844
0.00107345
0.00106835
0.00106314
0.00105781
0.00105237
0.00104683
0.0010341
0.00136226
0.001081
0.00118464
0.00119366
0.00116672
0.00117296
0.00117621
0.00117485
0.00117449
0.00117447
0.00117422
0.00117386
0.00117344
0.00117295
0.00117238
0.00117173
0.00117099
0.00117016
0.00116924
0.00116823
0.00116711
0.00116588
0.00116455
0.0011631
0.00116154
0.00115985
0.00115804
0.0011561
0.00115403
0.00115183
0.00114949
0.00114701
0.00114439
0.00114163
0.00113872
0.00113567
0.00113247
0.00112912
0.00112563
0.00112199
0.00111821
0.00111428
0.00111021
0.00110599
0.00110163
0.00109714
0.00109251
0.00108775
0.00108286
0.00107784
0.00107271
0.00106745
0.00106208
0.0010566
0.00104078
0.0013676
0.00108124
0.0011929
0.00119585
0.00117032
0.00117759
0.00118024
0.00117885
0.00117864
0.00117868
0.00117849
0.00117821
0.00117789
0.0011775
0.00117703
0.0011765
0.00117588
0.00117518
0.00117439
0.00117351
0.00117253
0.00117146
0.00117027
0.00116898
0.00116757
0.00116604
0.00116439
0.00116261
0.0011607
0.00115866
0.00115648
0.00115417
0.00115171
0.00114911
0.00114636
0.00114346
0.00114042
0.00113722
0.00113388
0.00113039
0.00112674
0.00112295
0.00111901
0.00111492
0.00111069
0.00110631
0.00110179
0.00109714
0.00109235
0.00108743
0.00108237
0.0010772
0.0010719
0.00106649
0.0010475
0.00137269
0.00108156
0.00120107
0.00119788
0.001174
0.00118215
0.00118417
0.00118279
0.00118273
0.00118282
0.00118269
0.0011825
0.00118226
0.00118197
0.00118162
0.0011812
0.0011807
0.00118013
0.00117948
0.00117874
0.0011779
0.00117697
0.00117594
0.0011748
0.00117355
0.00117218
0.00117069
0.00116907
0.00116733
0.00116546
0.00116344
0.00116129
0.001159
0.00115656
0.00115398
0.00115124
0.00114836
0.00114532
0.00114213
0.00113879
0.00113529
0.00113164
0.00112784
0.00112389
0.00111979
0.00111554
0.00111114
0.0011066
0.00110191
0.00109709
0.00109213
0.00108704
0.00108183
0.00107649
0.0010542
0.00137752
0.00108201
0.00120911
0.00119977
0.00117776
0.00118661
0.001188
0.00118668
0.00118675
0.00118688
0.00118682
0.00118671
0.00118657
0.00118638
0.00118614
0.00118583
0.00118546
0.00118502
0.0011845
0.00118389
0.0011832
0.00118242
0.00118154
0.00118056
0.00117947
0.00117826
0.00117694
0.00117549
0.00117391
0.00117221
0.00117036
0.00116838
0.00116626
0.00116399
0.00116157
0.00115901
0.00115629
0.00115341
0.00115038
0.0011472
0.00114386
0.00114036
0.0011367
0.00113289
0.00112892
0.0011248
0.00112053
0.00111611
0.00111154
0.00110683
0.00110197
0.00109698
0.00109185
0.00108659
0.0010608
0.00138211
0.00108258
0.00121697
0.00120156
0.00118158
0.00119096
0.00119175
0.00119051
0.0011907
0.00119088
0.00119087
0.00119085
0.00119081
0.00119072
0.00119058
0.00119039
0.00119014
0.00118983
0.00118945
0.00118898
0.00118844
0.00118781
0.00118708
0.00118626
0.00118533
0.00118428
0.00118313
0.00118185
0.00118044
0.00117891
0.00117724
0.00117543
0.00117348
0.00117139
0.00116914
0.00116675
0.0011642
0.00116149
0.00115863
0.00115561
0.00115242
0.00114908
0.00114558
0.00114192
0.00113809
0.00113411
0.00112997
0.00112568
0.00112123
0.00111663
0.00111189
0.001107
0.00110197
0.0010968
0.00106718
0.00138647
0.00108331
0.00122457
0.0012033
0.00118545
0.00119519
0.00119541
0.00119427
0.00119458
0.0011948
0.00119486
0.00119492
0.00119497
0.00119498
0.00119496
0.00119488
0.00119476
0.00119457
0.00119432
0.001194
0.00119361
0.00119313
0.00119256
0.00119189
0.00119112
0.00119025
0.00118926
0.00118815
0.00118692
0.00118556
0.00118407
0.00118243
0.00118066
0.00117874
0.00117668
0.00117446
0.00117208
0.00116955
0.00116686
0.001164
0.00116099
0.00115781
0.00115447
0.00115096
0.00114728
0.00114345
0.00113945
0.00113529
0.00113098
0.0011265
0.00112187
0.00111709
0.00111216
0.00110709
0.00107321
0.00139064
0.00108418
0.00123186
0.00120505
0.00118933
0.00119929
0.00119899
0.00119798
0.00119839
0.00119864
0.00119877
0.00119892
0.00119906
0.00119917
0.00119925
0.0011993
0.0011993
0.00119924
0.00119913
0.00119895
0.0011987
0.00119837
0.00119796
0.00119745
0.00119685
0.00119614
0.00119532
0.00119439
0.00119333
0.00119215
0.00119084
0.00118939
0.0011878
0.00118606
0.00118417
0.00118213
0.00117994
0.00117758
0.00117507
0.00117239
0.00116955
0.00116653
0.00116336
0.00116001
0.00115649
0.00115281
0.00114896
0.00114495
0.00114076
0.00113642
0.00113192
0.00112726
0.00112244
0.00111747
0.00107874
0.00139472
0.00108516
0.00123878
0.00120687
0.00119317
0.00120326
0.0012025
0.00120161
0.00120211
0.0012024
0.0012026
0.00120284
0.00120307
0.00120329
0.00120348
0.00120364
0.00120376
0.00120384
0.00120386
0.00120382
0.00120372
0.00120355
0.00120329
0.00120295
0.00120251
0.00120197
0.00120132
0.00120056
0.00119969
0.00119868
0.00119755
0.00119629
0.00119488
0.00119333
0.00119162
0.00118977
0.00118776
0.00118559
0.00118325
0.00118075
0.00117809
0.00117525
0.00117224
0.00116906
0.00116571
0.00116219
0.00115849
0.00115463
0.00115059
0.00114639
0.00114202
0.00113748
0.00113279
0.00112793
0.00108363
0.00139892
0.00108613
0.00124529
0.0012088
0.00119693
0.00120708
0.00120593
0.00120518
0.00120576
0.00120609
0.00120636
0.00120668
0.00120701
0.00120732
0.00120762
0.0012079
0.00120815
0.00120835
0.00120851
0.00120862
0.00120867
0.00120864
0.00120854
0.00120836
0.00120809
0.00120772
0.00120725
0.00120667
0.00120597
0.00120515
0.00120421
0.00120312
0.0012019
0.00120054
0.00119903
0.00119736
0.00119554
0.00119355
0.00119141
0.00118909
0.00118661
0.00118395
0.00118112
0.00117811
0.00117493
0.00117158
0.00116804
0.00116434
0.00116045
0.00115639
0.00115216
0.00114776
0.00114319
0.00113846
0.00108778
0.00140336
0.00108712
0.00125126
0.00121095
0.00120055
0.00121076
0.00120931
0.00120866
0.00120932
0.0012097
0.00121004
0.00121045
0.00121086
0.00121128
0.00121169
0.00121208
0.00121245
0.00121279
0.00121309
0.00121334
0.00121353
0.00121366
0.00121372
0.0012137
0.0012136
0.0012134
0.00121311
0.0012127
0.00121219
0.00121155
0.00121079
0.0012099
0.00120887
0.0012077
0.00120638
0.0012049
0.00120327
0.00120148
0.00119952
0.0011974
0.0011951
0.00119263
0.00118998
0.00118716
0.00118415
0.00118097
0.0011776
0.00117406
0.00117033
0.00116643
0.00116235
0.00115809
0.00115366
0.00114905
0.0010916
0.00140724
0.00108903
0.00125615
0.00121351
0.001204
0.00121428
0.00121264
0.00121207
0.00121279
0.00121323
0.00121364
0.00121413
0.00121464
0.00121516
0.00121568
0.00121619
0.00121668
0.00121715
0.00121758
0.00121798
0.00121832
0.0012186
0.00121882
0.00121897
0.00121903
0.00121901
0.00121889
0.00121866
0.00121833
0.00121788
0.00121731
0.00121661
0.00121577
0.00121479
0.00121366
0.00121239
0.00121095
0.00120936
0.00120759
0.00120566
0.00120356
0.00120128
0.00119882
0.00119618
0.00119336
0.00119035
0.00118717
0.00118379
0.00118023
0.00117649
0.00117256
0.00116846
0.00116417
0.0011597
0.000797684
0.000792659
0.000787588
0.000782469
0.0007773
0.000772082
0.000766817
0.000761509
0.000756158
0.000750761
0.000745321
0.000739839
0.000734317
0.000728755
0.000723154
0.000717516
0.000798067
0.000793038
0.000787961
0.000782836
0.000777661
0.000772436
0.000767166
0.000761851
0.000756493
0.000751089
0.000745641
0.000740152
0.000734622
0.000729052
0.000723443
0.000717795
0.000798817
0.000793777
0.000788689
0.000783553
0.000778366
0.000773129
0.000767846
0.000762518
0.000757146
0.000751728
0.000746266
0.000740761
0.000735216
0.00072963
0.000724005
0.000718341
0.00079991
0.000794855
0.000789751
0.000784599
0.000779395
0.000774141
0.000768839
0.000763492
0.0007581
0.000752662
0.000747179
0.000741653
0.000736085
0.000730476
0.000724826
0.000719138
0.000801333
0.000796259
0.000791135
0.000785961
0.000780735
0.000775458
0.000770132
0.000764761
0.000759343
0.000753878
0.000748367
0.000742813
0.000737216
0.000731577
0.000725897
0.000720177
0.000803071
0.000797974
0.000792825
0.000787625
0.000782373
0.000777067
0.000771713
0.000766311
0.000760862
0.000755365
0.000749821
0.000744232
0.0007386
0.000732924
0.000727207
0.000721449
0.000805112
0.000799987
0.000794809
0.00078958
0.000784296
0.000778958
0.00077357
0.000768133
0.000762648
0.000757113
0.00075153
0.000745901
0.000740227
0.000734509
0.000728747
0.000722944
0.000807443
0.000802287
0.000797077
0.000791814
0.000786495
0.00078112
0.000775693
0.000770217
0.00076469
0.000759112
0.000753485
0.000747811
0.000742089
0.000736322
0.000730511
0.000724656
0.000810055
0.000804865
0.00079962
0.000794319
0.00078896
0.000783545
0.000778076
0.000772555
0.000766982
0.000761357
0.00075568
0.000749954
0.000744181
0.000738359
0.000732492
0.000726579
0.00081294
0.000807713
0.000802428
0.000797086
0.000791685
0.000786225
0.000780709
0.00077514
0.000769517
0.000763839
0.000758108
0.000752327
0.000746495
0.000740614
0.000734685
0.000728708
0.000816088
0.000810821
0.000805495
0.000800109
0.000794662
0.000789154
0.000783588
0.000777966
0.000772288
0.000766554
0.000760765
0.000754922
0.000749028
0.000743082
0.000737085
0.00073104
0.000819494
0.000814185
0.000808814
0.000803381
0.000797885
0.000792325
0.000786706
0.000781028
0.000775292
0.000769497
0.000763645
0.000757737
0.000751775
0.000745759
0.00073969
0.000733571
0.00082315
0.000817797
0.000812379
0.000806897
0.000801349
0.000795735
0.000790059
0.000784322
0.000778523
0.000772664
0.000766745
0.000760767
0.000754733
0.000748642
0.000742497
0.000736298
0.000827051
0.000821652
0.000816185
0.000810651
0.000805049
0.000799378
0.000793642
0.000787843
0.000781979
0.000776051
0.000770061
0.00076401
0.0007579
0.00075173
0.000745503
0.000739219
0.000831193
0.000825745
0.000820228
0.00081464
0.000808981
0.000803251
0.000797453
0.000791588
0.000785656
0.000779657
0.000773592
0.000767464
0.000761273
0.00075502
0.000748706
0.000742334
0.000835569
0.000830073
0.000824503
0.00081886
0.000813143
0.000807351
0.000801488
0.000795555
0.000789551
0.000783478
0.000777335
0.000771126
0.000764851
0.00075851
0.000752106
0.00074564
0.000840177
0.000834631
0.000829008
0.000823308
0.00081753
0.000811675
0.000805744
0.000799741
0.000793664
0.000787513
0.000781289
0.000774996
0.000768633
0.000762201
0.000755702
0.000749138
0.000845013
0.000839415
0.000833738
0.00082798
0.00082214
0.00081622
0.000810221
0.000804145
0.000797991
0.00079176
0.000785453
0.000779072
0.000772618
0.000766091
0.000759494
0.000752827
0.000850072
0.000844423
0.00083869
0.000832874
0.000826971
0.000820984
0.000814915
0.000808764
0.000802532
0.000796219
0.000789826
0.000783354
0.000776806
0.000770181
0.000763481
0.000756708
0.000855353
0.000849652
0.000843864
0.000837987
0.000832021
0.000825967
0.000819825
0.000813599
0.000807287
0.000800889
0.000794407
0.000787842
0.000781196
0.00077447
0.000767664
0.000760781
0.000860851
0.000855099
0.000849255
0.000843318
0.000837288
0.000831165
0.000824951
0.000818647
0.000812253
0.000805769
0.000799196
0.000792536
0.00078579
0.000778959
0.000772044
0.000765047
0.000866564
0.000860761
0.000854861
0.000848865
0.00084277
0.000836578
0.000830291
0.000823909
0.000817431
0.000810859
0.000804194
0.000797436
0.000790588
0.000783649
0.000776622
0.000769508
0.00087249
0.000866636
0.000860681
0.000854625
0.000848467
0.000842205
0.000835844
0.000829382
0.000822821
0.00081616
0.0008094
0.000802543
0.00079559
0.000788541
0.000781399
0.000774164
0.000878625
0.000872722
0.000866713
0.000860598
0.000854375
0.000848045
0.000841609
0.000835068
0.000828422
0.000821671
0.000814815
0.000807857
0.000800797
0.000793637
0.000786376
0.000779018
0.000884968
0.000879017
0.000872955
0.000866782
0.000860495
0.000854097
0.000847587
0.000840966
0.000834234
0.000827392
0.00082044
0.000813379
0.000806211
0.000798936
0.000791556
0.000784072
0.000891516
0.000885518
0.000879405
0.000873174
0.000866826
0.000860359
0.000853775
0.000847075
0.000840258
0.000833324
0.000826275
0.000819111
0.000811833
0.000804442
0.000796939
0.000789326
0.000898265
0.000892224
0.00088606
0.000879774
0.000873365
0.000866831
0.000860175
0.000853396
0.000846493
0.000839468
0.000832321
0.000825052
0.000817663
0.000810155
0.000802528
0.000794784
0.000905215
0.000899131
0.00089292
0.000886581
0.000880112
0.000873512
0.000866784
0.000859927
0.00085294
0.000845824
0.000838578
0.000831205
0.000823704
0.000816077
0.000808324
0.000800448
0.000912362
0.000906238
0.000899982
0.000893591
0.000887065
0.000880402
0.000873603
0.000866669
0.000859598
0.000852391
0.000845048
0.00083757
0.000829957
0.00082221
0.00081433
0.000806319
0.000919703
0.000913543
0.000907244
0.000900805
0.000894223
0.000887499
0.000880632
0.000873622
0.000866469
0.000859171
0.000851731
0.000844148
0.000836422
0.000828555
0.000820547
0.0008124
0.000927236
0.000921043
0.000914705
0.00090822
0.000901585
0.000894801
0.000887868
0.000880785
0.00087355
0.000866165
0.000858628
0.00085094
0.000843102
0.000835115
0.000826978
0.000818694
0.000934957
0.000928735
0.000922361
0.000915833
0.00090915
0.000902309
0.000895312
0.000888157
0.000880844
0.000873371
0.000865739
0.000857948
0.000849999
0.00084189
0.000833625
0.000825203
0.000942865
0.000936617
0.000930211
0.000923644
0.000916914
0.000910021
0.000902963
0.000895739
0.000888349
0.000880791
0.000873066
0.000865173
0.000857112
0.000848884
0.000840489
0.000831928
0.000950954
0.000944685
0.000938251
0.000931649
0.000924878
0.000917934
0.000910819
0.000903529
0.000896065
0.000888424
0.000880608
0.000872614
0.000864443
0.000856096
0.000847573
0.000838874
0.000959223
0.000952937
0.00094648
0.000939847
0.000933037
0.000926048
0.000918879
0.000911527
0.000903991
0.000896271
0.000888365
0.000880273
0.000871994
0.000863529
0.000854878
0.00084604
0.000967667
0.00096137
0.000954894
0.000948235
0.000941392
0.000934361
0.000927141
0.000919731
0.000912128
0.000904331
0.000896339
0.000888151
0.000879766
0.000871184
0.000862406
0.000853431
0.000976282
0.000969979
0.000963489
0.00095681
0.000949938
0.00094287
0.000935605
0.00092814
0.000920474
0.000912603
0.000904528
0.000896247
0.000887758
0.000879062
0.000870158
0.000861047
0.000985065
0.000978761
0.000972264
0.000965569
0.000958673
0.000951573
0.000944267
0.000936753
0.000929027
0.000921087
0.000912933
0.000904562
0.000895972
0.000887164
0.000878137
0.00086889
0.00099401
0.000987712
0.000981213
0.000974508
0.000967594
0.000960468
0.000953127
0.000945567
0.000937787
0.000929783
0.000921553
0.000913095
0.000904409
0.000895492
0.000886343
0.000876963
0.00100311
0.000996828
0.000990333
0.000983624
0.000976699
0.000969552
0.000962181
0.000954582
0.000946752
0.000938688
0.000930387
0.000921848
0.000913067
0.000904044
0.000894778
0.000885267
0.00101237
0.0010061
0.00099962
0.000992914
0.000985983
0.000978821
0.000971426
0.000963794
0.00095592
0.000947801
0.000939435
0.000930818
0.000921948
0.000912823
0.000903442
0.000893803
0.00102178
0.00101554
0.00100907
0.00100237
0.000995442
0.000988273
0.000980861
0.000973201
0.000965289
0.000957121
0.000948694
0.000940005
0.00093105
0.000921828
0.000912336
0.000902572
0.00103133
0.00102512
0.00101868
0.001012
0.00100507
0.000997904
0.00099048
0.000982799
0.000974856
0.000966645
0.000958164
0.000949408
0.000940374
0.000931059
0.00092146
0.000911575
0.00104102
0.00103485
0.00102844
0.00102178
0.00101487
0.00100771
0.00100028
0.000992587
0.000984619
0.000976372
0.000967843
0.000959026
0.000949918
0.000940515
0.000930814
0.000920813
0.00105084
0.00104471
0.00103834
0.00103172
0.00102484
0.00101768
0.00101026
0.00100256
0.000994574
0.000986299
0.000977728
0.000968857
0.000959681
0.000950196
0.000940399
0.000930286
0.00106079
0.00105472
0.00104839
0.00104181
0.00103496
0.00102783
0.00102042
0.00101271
0.00100472
0.000996422
0.000987817
0.000978898
0.000969661
0.000960101
0.000950213
0.000939994
0.00107085
0.00106485
0.00105858
0.00105204
0.00104523
0.00103813
0.00103074
0.00102305
0.00101505
0.00100674
0.000998106
0.000989148
0.000979857
0.000970228
0.000960256
0.000949936
0.00108103
0.0010751
0.0010689
0.00106242
0.00105565
0.00104859
0.00104123
0.00103355
0.00102556
0.00101724
0.00100859
0.000999604
0.000990266
0.000980576
0.000970526
0.000960112
0.00109132
0.00108547
0.00107934
0.00107292
0.00106621
0.0010592
0.00105187
0.00104423
0.00103625
0.00102794
0.00101928
0.00101026
0.00100089
0.000991142
0.000981022
0.000970521
0.00110171
0.00109595
0.0010899
0.00108355
0.00107691
0.00106995
0.00106267
0.00105506
0.00104711
0.00103881
0.00103015
0.00102112
0.00101171
0.00100192
0.000991742
0.000981161
0.00111219
0.00110652
0.00110057
0.00109431
0.00108774
0.00108084
0.00107362
0.00106605
0.00105814
0.00104986
0.0010412
0.00103217
0.00102274
0.00101292
0.00100268
0.000992031
0.00112276
0.0011172
0.00111134
0.00110517
0.00109868
0.00109187
0.00108471
0.0010772
0.00106933
0.00106108
0.00105244
0.00104341
0.00103398
0.00102412
0.00101384
0.00100313
0.00113341
0.00112796
0.00112221
0.00111614
0.00110975
0.00110302
0.00109594
0.00108849
0.00108067
0.00107246
0.00106386
0.00105484
0.0010454
0.00103553
0.00102522
0.00101445
0.00114413
0.0011388
0.00113317
0.00112721
0.00112093
0.00111429
0.00110729
0.00109992
0.00109217
0.00108401
0.00107544
0.00106645
0.00105702
0.00104715
0.00103681
0.00102599
0.00115491
0.00114972
0.00114421
0.00113838
0.0011322
0.00112567
0.00111877
0.00111149
0.00110381
0.00109571
0.0010872
0.00107824
0.00106883
0.00105896
0.0010486
0.00103776
)
;

boundaryField
{
    down
    {
        type            symmetryPlane;
    }
    right
    {
        type            fixedValue;
        value           nonuniform List<scalar> 0();
    }
    up
    {
        type            symmetryPlane;
    }
    left
    {
        type            zeroGradient;
    }
    cylinder
    {
        type            zeroGradient;
    }
    frontAndBack
    {
        type            empty;
    }
    procBoundary0to1
    {
        type            processor;
        value           nonuniform List<scalar> 
73
(
0.00103872
0.00105182
0.00106546
0.00107966
0.00109446
0.00110988
0.00112595
0.00114268
0.00116011
0.00117826
0.00119717
0.00121686
0.00123735
0.00125868
0.00128088
0.00130397
0.00132797
0.00135292
0.00071184
0.000712111
0.00071264
0.000713412
0.000714419
0.000715651
0.000717099
0.000718758
0.000720622
0.000722687
0.000724948
0.000727402
0.000730047
0.000732881
0.000735904
0.000739113
0.000742509
0.000746092
0.000749863
0.000753821
0.000757969
0.000762308
0.000766839
0.000771564
0.000776486
0.000781605
0.000786926
0.000792449
0.000798178
0.000804116
0.000810264
0.000816626
0.000823203
0.00083
0.000837018
0.00084426
0.000851728
0.000859425
0.000867352
0.000875512
0.000883906
0.000892536
0.000901403
0.000910509
0.000919854
0.000929439
0.000939264
0.000949329
0.000959633
0.000970175
0.000980955
0.00099197
0.00100322
0.0010147
0.00102641
)
;
    }
    procBoundary0to4
    {
        type            processor;
        value           nonuniform List<scalar> 
72
(
0.00145964
0.00146149
0.00146307
0.00146433
0.00146526
0.00146581
0.00146595
0.00146563
0.00146481
0.00146344
0.00146147
0.00145884
0.0014555
0.00145137
0.00144639
0.0014405
0.00114656
0.00146716
0.00114466
0.00131685
0.00127304
0.0012646
0.00127656
0.00127586
0.00127658
0.00127885
0.00128098
0.00128325
0.00128579
0.00128852
0.00129144
0.00129453
0.00129778
0.00130119
0.00130474
0.00130842
0.00131223
0.00131615
0.00132017
0.00132428
0.00132848
0.00133275
0.00133709
0.00134147
0.00134591
0.00135037
0.00135486
0.00135936
0.00136386
0.00136835
0.00137282
0.00137726
0.00138166
0.00138601
0.00139029
0.00139449
0.00139449
0.00140892
0.00141335
0.00141768
0.00142189
0.00142599
0.00142995
0.00143376
0.00143741
0.00144089
0.00144419
0.0014473
0.00145021
0.0014529
0.00145536
0.0014576
)
;
    }
    procBoundary0to5
    {
        type            processor;
        value           nonuniform List<scalar> 2(0.00137882 0.00140572);
    }
}


// ************************************************************************* //
