/*--------------------------------*- C++ -*----------------------------------*\
| =========                 |                                                 |
| \\      /  F ield         | OpenFOAM: The Open Source CFD Toolbox           |
|  \\    /   O peration     | Version:  2412                                  |
|   \\  /    A nd           | Website:  www.openfoam.com                      |
|    \\/     M anipulation  |                                                 |
\*---------------------------------------------------------------------------*/
FoamFile
{
    version     2.0;
    format      ascii;
    arch        "LSB;label=32;scalar=64";
    class       volScalarField;
    location    "2.5";
    object      p;
}
// * * * * * * * * * * * * * * * * * * * * * * * * * * * * * * * * * * * * * //

dimensions      [0 2 -2 0 0 0 0];

internalField   nonuniform List<scalar> 
5285
(
-0.00034934
-0.000351715
-0.000353258
-0.000353977
-0.000353916
-0.000353135
-0.0003517
-0.000349679
-0.000347141
-0.00034415
-0.000340764
-0.00033704
-0.000333028
-0.000328771
-0.000324311
-0.000319683
-0.000314919
-0.000310047
-0.000305093
-0.000300077
-0.00029502
-0.000289939
-0.000284849
-0.000279764
-0.000274696
-0.000269657
-0.000264657
-0.000259711
-0.000355327
-0.000356823
-0.000357635
-0.000357742
-0.000357166
-0.000355949
-0.000354143
-0.000351806
-0.000348995
-0.000345769
-0.00034218
-0.000338279
-0.000334111
-0.000329718
-0.000325137
-0.000320402
-0.000315543
-0.000310587
-0.000305556
-0.000300472
-0.000295354
-0.000290217
-0.000285077
-0.000279947
-0.000274839
-0.000269763
-0.000264732
-0.000259758
-0.000367293
-0.000367029
-0.000366374
-0.000365255
-0.000363647
-0.000361557
-0.000359009
-0.000356038
-0.000352684
-0.000348988
-0.000344993
-0.000340737
-0.00033626
-0.000331595
-0.000326774
-0.000321827
-0.000316779
-0.000311654
-0.000306472
-0.000301253
-0.000296012
-0.000290766
-0.000285527
-0.000280308
-0.000275119
-0.000269972
-0.000264878
-0.00025985
-0.00038476
-0.000381929
-0.000379133
-0.000376222
-0.000373107
-0.000369743
-0.000366111
-0.000362214
-0.000358066
-0.000353685
-0.000349096
-0.000344324
-0.000339394
-0.000334332
-0.000329161
-0.000323903
-0.000318579
-0.000313207
-0.000307805
-0.000302388
-0.00029697
-0.000291563
-0.000286179
-0.000280829
-0.000275523
-0.000270272
-0.000265084
-0.000259975
-0.000401607
-0.000395972
-0.000390685
-0.000385575
-0.000380525
-0.000375462
-0.000370344
-0.000365148
-0.000359865
-0.000354494
-0.000349041
-0.000343515
-0.00033793
-0.000332297
-0.00032663
-0.000320942
-0.000315245
-0.000309552
-0.000303874
-0.00029822
-0.000292601
-0.000287026
-0.000281503
-0.000276041
-0.000270649
-0.000265336
-0.000260117
-0.000430563
-0.000420589
-0.000411695
-0.000403572
-0.000395993
-0.000388797
-0.000381872
-0.000375136
-0.000368532
-0.000362024
-0.000355587
-0.000349205
-0.00034287
-0.000336581
-0.000330335
-0.000324135
-0.000317985
-0.000311888
-0.000305848
-0.00029987
-0.00029396
-0.000288123
-0.000282365
-0.000276691
-0.00027111
-0.000265628
-0.000260261
-0.000465997
-0.00045062
-0.000437216
-0.000425318
-0.000414573
-0.000404711
-0.000395531
-0.000386881
-0.000378645
-0.000370739
-0.000363098
-0.000355678
-0.000348443
-0.000341371
-0.000334442
-0.000327645
-0.00032097
-0.00031441
-0.000307962
-0.000301622
-0.000295391
-0.000289267
-0.000283253
-0.000277351
-0.000271564
-0.000265898
-0.000260363
-0.000254816
-0.000249921
-0.000244992
-0.000240036
-0.000235052
-0.000230038
-0.000224988
-0.000219906
-0.000214795
-0.000209667
-0.000204529
-0.000199391
-0.000194261
-0.000189148
-0.000184056
-0.000178993
-0.000173962
-0.000168968
-0.000164015
-0.000159107
-0.000154246
-0.000149438
-0.000144684
-0.000139988
-0.000135352
-0.00013078
-0.000126273
-0.000121835
-0.000117467
-0.000113172
-0.000108952
-0.000104809
-0.000100744
-9.67593e-05
-9.28562e-05
-8.9036e-05
-8.53001e-05
-8.16494e-05
-7.8085e-05
-7.46077e-05
-7.1218e-05
-6.79169e-05
-6.47045e-05
-6.1581e-05
-0.000254852
-0.000249943
-0.000244999
-0.00024003
-0.000235034
-0.000230007
-0.000224946
-0.000219853
-0.000214736
-0.000209602
-0.000204461
-0.000199322
-0.000194192
-0.000189079
-0.000183988
-0.000178925
-0.000173895
-0.000168902
-0.00016395
-0.000159043
-0.000154184
-0.000149377
-0.000144624
-0.00013993
-0.000135295
-0.000130724
-0.000126219
-0.000121783
-0.000117417
-0.000113123
-0.000108905
-0.000104763
-0.0001007
-9.67171e-05
-9.28156e-05
-8.8997e-05
-8.52626e-05
-8.16135e-05
-7.80506e-05
-7.45748e-05
-7.11867e-05
-6.78869e-05
-6.46759e-05
-6.15538e-05
-0.00025492
-0.000249979
-0.000245006
-0.000240012
-0.000234992
-0.000229941
-0.000224857
-0.000219746
-0.000214614
-0.000209471
-0.000204325
-0.000199183
-0.000194053
-0.000188941
-0.000183851
-0.00017879
-0.000173762
-0.000168771
-0.000163821
-0.000158916
-0.00015406
-0.000149255
-0.000144505
-0.000139813
-0.000135182
-0.000130614
-0.000126112
-0.000121679
-0.000117316
-0.000113026
-0.000108811
-0.000104672
-0.000100612
-9.66326e-05
-9.27343e-05
-8.8919e-05
-8.51877e-05
-8.15418e-05
-7.79819e-05
-7.45091e-05
-7.11239e-05
-6.7827e-05
-6.46188e-05
-6.14995e-05
-0.000255001
-0.000250014
-0.000244999
-0.000239968
-0.000234913
-0.000229828
-0.000224715
-0.000219579
-0.000214429
-0.000209274
-0.000204121
-0.000198976
-0.000193845
-0.000188734
-0.000183646
-0.000178587
-0.000173562
-0.000168574
-0.000163627
-0.000158726
-0.000153873
-0.000149072
-0.000144326
-0.000139639
-0.000135012
-0.000130449
-0.000125951
-0.000121523
-0.000117165
-0.00011288
-0.000108669
-0.000104536
-0.000100481
-9.65059e-05
-9.26125e-05
-8.88019e-05
-8.50754e-05
-8.14341e-05
-7.78789e-05
-7.44106e-05
-7.10297e-05
-6.77372e-05
-6.45332e-05
-6.14179e-05
-0.00025507
-0.000250026
-0.000244959
-0.000239882
-0.000234784
-0.000229659
-0.000224511
-0.000219347
-0.000214177
-0.000209009
-0.000203849
-0.000198701
-0.000193569
-0.000188459
-0.000183373
-0.000178317
-0.000173295
-0.000168311
-0.000163369
-0.000158472
-0.000153624
-0.000148828
-0.000144088
-0.000139406
-0.000134785
-0.000130228
-0.000125737
-0.000121314
-0.000116963
-0.000112684
-0.000108481
-0.000104354
-0.000100305
-9.63369e-05
-9.245e-05
-8.86459e-05
-8.49257e-05
-8.12906e-05
-7.77415e-05
-7.42792e-05
-7.09043e-05
-6.76175e-05
-6.4419e-05
-6.13092e-05
-0.000255098
-0.000249992
-0.000244869
-0.000239739
-0.000234591
-0.000229423
-0.000224238
-0.000219046
-0.000213856
-0.000208675
-0.000203508
-0.000198357
-0.000193225
-0.000188116
-0.000183033
-0.00017798
-0.000172962
-0.000167983
-0.000163045
-0.000158154
-0.000153312
-0.000148523
-0.00014379
-0.000139115
-0.000134501
-0.000129952
-0.000125469
-0.000121054
-0.000116711
-0.00011244
-0.000108245
-0.000104126
-0.000100086
-9.61259e-05
-9.22471e-05
-8.84509e-05
-8.47387e-05
-8.11114e-05
-7.75699e-05
-7.41151e-05
-7.07475e-05
-6.74679e-05
-6.42764e-05
-6.11734e-05
-0.000255061
-0.000249894
-0.000244716
-0.000239531
-0.000234332
-0.000229119
-0.000223899
-0.00021868
-0.00021347
-0.000208277
-0.000203102
-0.000197947
-0.000192814
-0.000187706
-0.000182625
-0.000177576
-0.000172563
-0.000167589
-0.000162658
-0.000157773
-0.000152939
-0.000148157
-0.000143432
-0.000138766
-0.000134161
-0.000129621
-0.000125147
-0.000120742
-0.000116408
-0.000112148
-0.000107962
-0.000103854
-9.98232e-05
-9.58728e-05
-9.20037e-05
-8.82172e-05
-8.45144e-05
-8.08965e-05
-7.73642e-05
-7.39184e-05
-7.05596e-05
-6.72885e-05
-6.41054e-05
-6.10106e-05
-0.000254948
-0.000249722
-0.000244489
-0.00023925
-0.000234003
-0.00022875
-0.000223498
-0.000218253
-0.000213024
-0.000207815
-0.00020263
-0.000197467
-0.000192331
-0.000187221
-0.000182142
-0.000177096
-0.000172087
-0.000167119
-0.000162194
-0.000157318
-0.000152492
-0.00014772
-0.000143004
-0.000138348
-0.000133754
-0.000129225
-0.000124762
-0.000120369
-0.000116047
-0.000111798
-0.000107625
-0.000103528
-9.95092e-05
-9.55705e-05
-9.17131e-05
-8.79381e-05
-8.42467e-05
-8.06399e-05
-7.71185e-05
-7.36835e-05
-7.03352e-05
-6.70744e-05
-6.39013e-05
-6.08162e-05
-0.000254782
-0.000249487
-0.00024419
-0.00023889
-0.000233589
-0.000228292
-0.000223005
-0.000217733
-0.000212484
-0.000207261
-0.000202065
-0.000196897
-0.000191758
-0.000186648
-0.000181571
-0.000176529
-0.000171526
-0.000166565
-0.000161649
-0.000156781
-0.000151966
-0.000147204
-0.000142501
-0.000137857
-0.000133276
-0.000128759
-0.00012431
-0.000119931
-0.000115622
-0.000111387
-0.000107228
-0.000103145
-9.91401e-05
-9.52152e-05
-9.13715e-05
-8.761e-05
-8.3932e-05
-8.03383e-05
-7.68299e-05
-7.34075e-05
-7.00715e-05
-6.68228e-05
-6.36615e-05
-6.05878e-05
-0.000254554
-0.000249186
-0.000243821
-0.00023846
-0.000233106
-0.000227766
-0.000222444
-0.000217145
-0.000211875
-0.000206636
-0.000201429
-0.000196254
-0.000191111
-0.000186001
-0.000180925
-0.000175888
-0.000170891
-0.000165938
-0.000161031
-0.000156174
-0.00015137
-0.000146622
-0.000141931
-0.000137301
-0.000132734
-0.000128233
-0.000123799
-0.000119435
-0.000115142
-0.000110923
-0.000106779
-0.000102712
-9.87232e-05
-9.4814e-05
-9.09857e-05
-8.72396e-05
-8.35767e-05
-7.99979e-05
-7.6504e-05
-7.30959e-05
-6.97739e-05
-6.65388e-05
-6.33908e-05
-6.033e-05
-0.000254255
-0.000248811
-0.000243379
-0.000237959
-0.000232555
-0.000227172
-0.000221816
-0.000216489
-0.000211197
-0.000205941
-0.000200721
-0.000195537
-0.000190389
-0.000185278
-0.000180205
-0.000175172
-0.000170182
-0.000165238
-0.000160341
-0.000155497
-0.000150705
-0.000145971
-0.000141295
-0.000136681
-0.00013213
-0.000127646
-0.000123229
-0.000118882
-0.000114607
-0.000110406
-0.000106279
-0.00010223
-9.82586e-05
-9.43669e-05
-9.05559e-05
-8.68269e-05
-8.31808e-05
-7.96186e-05
-7.6141e-05
-7.27488e-05
-6.94424e-05
-6.62225e-05
-6.30893e-05
-6.00429e-05
-0.000253872
-0.000248353
-0.000242855
-0.000237378
-0.000231926
-0.000226502
-0.000221112
-0.000215758
-0.000210443
-0.000205169
-0.000199936
-0.000194743
-0.00018959
-0.000184478
-0.000179407
-0.00017438
-0.000169398
-0.000164463
-0.000159579
-0.000154747
-0.000149971
-0.000145252
-0.000140593
-0.000135996
-0.000131464
-0.000126998
-0.0001226
-0.000118272
-0.000114017
-0.000109835
-0.000105728
-0.000101698
-9.77465e-05
-9.38741e-05
-9.00823e-05
-8.63722e-05
-8.27447e-05
-7.92008e-05
-7.57411e-05
-7.23664e-05
-6.90772e-05
-6.58741e-05
-6.27572e-05
-5.97267e-05
-0.000253393
-0.000247801
-0.00024224
-0.000236709
-0.000231209
-0.000225747
-0.000220324
-0.000214943
-0.000209607
-0.000204316
-0.00019907
-0.000193869
-0.000188712
-0.000183599
-0.000178531
-0.00017351
-0.000168537
-0.000163614
-0.000158743
-0.000153926
-0.000149166
-0.000144465
-0.000139824
-0.000135247
-0.000130734
-0.000126289
-0.000121912
-0.000117606
-0.000113371
-0.000109211
-0.000105126
-0.000101117
-9.7187e-05
-9.33358e-05
-8.95649e-05
-8.58755e-05
-8.22684e-05
-7.87444e-05
-7.53044e-05
-7.19489e-05
-6.86785e-05
-6.54936e-05
-6.23945e-05
-5.93814e-05
-0.000252806
-0.000247144
-0.000241522
-0.000235939
-0.000230396
-0.000224897
-0.000219444
-0.000214038
-0.000208682
-0.000203375
-0.000198118
-0.00019291
-0.00018775
-0.000182638
-0.000177575
-0.000172561
-0.000167598
-0.000162688
-0.000157832
-0.000153032
-0.00014829
-0.000143609
-0.000138989
-0.000134432
-0.000129942
-0.000125519
-0.000121165
-0.000116882
-0.000112671
-0.000108534
-0.000104473
-0.000100487
-9.65803e-05
-9.27521e-05
-8.90041e-05
-8.53371e-05
-8.17521e-05
-7.82499e-05
-7.48311e-05
-7.14965e-05
-6.82464e-05
-6.50814e-05
-6.20016e-05
-5.90073e-05
-0.000252095
-0.000246368
-0.00024069
-0.000235059
-0.000229476
-0.000223943
-0.000218463
-0.000213035
-0.000207661
-0.000202342
-0.000197076
-0.000191862
-0.000186702
-0.000181593
-0.000176536
-0.000171532
-0.000166581
-0.000161686
-0.000156847
-0.000152065
-0.000147344
-0.000142683
-0.000138086
-0.000133553
-0.000129087
-0.000124688
-0.000120359
-0.000116101
-0.000111916
-0.000107805
-0.000103768
-9.98086e-05
-9.59266e-05
-9.21234e-05
-8.83999e-05
-8.47572e-05
-8.11961e-05
-7.77173e-05
-7.43215e-05
-7.10093e-05
-6.77811e-05
-6.46375e-05
-6.15786e-05
-5.86045e-05
-0.000251248
-0.000245461
-0.000239733
-0.000234058
-0.000228439
-0.000222878
-0.000217374
-0.000211927
-0.000206539
-0.00020121
-0.000195938
-0.000190723
-0.000185564
-0.00018046
-0.000175412
-0.00017042
-0.000165484
-0.000160606
-0.000155785
-0.000151025
-0.000146326
-0.000141689
-0.000137116
-0.000132609
-0.000128168
-0.000123797
-0.000119495
-0.000115264
-0.000111106
-0.000107022
-0.000103014
-9.90811e-05
-9.52262e-05
-9.14497e-05
-8.77527e-05
-8.4136e-05
-8.06005e-05
-7.71469e-05
-7.37757e-05
-7.04876e-05
-6.7283e-05
-6.41623e-05
-6.11257e-05
-5.81733e-05
-0.000250252
-0.000244414
-0.00023864
-0.000232929
-0.000227279
-0.000221693
-0.00021617
-0.000210709
-0.000205311
-0.000199975
-0.000194701
-0.000189488
-0.000184334
-0.000179238
-0.000174202
-0.000169224
-0.000164305
-0.000159446
-0.000154647
-0.00014991
-0.000145235
-0.000140625
-0.000136079
-0.000131599
-0.000127187
-0.000122844
-0.000118572
-0.00011437
-0.000110242
-0.000106188
-0.000102208
-9.83051e-05
-9.44792e-05
-9.07314e-05
-8.70627e-05
-8.34739e-05
-7.99658e-05
-7.6539e-05
-7.31941e-05
-6.99317e-05
-6.67521e-05
-6.36559e-05
-6.06431e-05
-5.77138e-05
-0.000249098
-0.000243215
-0.000237404
-0.000231661
-0.000225987
-0.000220382
-0.000214845
-0.000209374
-0.000203971
-0.000198634
-0.000193362
-0.000188154
-0.000183008
-0.000177925
-0.000172903
-0.000167943
-0.000163044
-0.000158207
-0.000153432
-0.000148721
-0.000144073
-0.00013949
-0.000134974
-0.000130524
-0.000126143
-0.000121831
-0.00011759
-0.00011342
-0.000109324
-0.000105301
-0.000101353
-9.7481e-05
-9.3686e-05
-8.99688e-05
-8.63302e-05
-8.2771e-05
-7.9292e-05
-7.58938e-05
-7.25769e-05
-6.93418e-05
-6.61889e-05
-6.31186e-05
-6.01311e-05
-5.72264e-05
-0.000247773
-0.000241854
-0.000236014
-0.000230248
-0.000224556
-0.000218938
-0.000213393
-0.000207919
-0.000202515
-0.000197182
-0.000191916
-0.000186718
-0.000181585
-0.000176517
-0.000171514
-0.000166574
-0.000161698
-0.000156886
-0.000152139
-0.000147456
-0.000142838
-0.000138286
-0.000133801
-0.000129384
-0.000125036
-0.000120758
-0.00011655
-0.000112414
-0.000108351
-0.000104362
-0.000100448
-9.6609e-05
-9.28468e-05
-8.9162e-05
-8.55555e-05
-8.20278e-05
-7.85796e-05
-7.52116e-05
-7.19243e-05
-6.87182e-05
-6.55935e-05
-6.25507e-05
-5.95899e-05
-5.67111e-05
-0.000246269
-0.000240325
-0.000234464
-0.000228683
-0.00022298
-0.000217357
-0.00021181
-0.000206338
-0.00020094
-0.000195615
-0.000190361
-0.000185177
-0.000180061
-0.000175013
-0.000170032
-0.000165117
-0.000160268
-0.000155484
-0.000150767
-0.000146115
-0.00014153
-0.000137011
-0.000132561
-0.000128179
-0.000123866
-0.000119623
-0.000115452
-0.000111352
-0.000107325
-0.000103372
-9.94928e-05
-9.56893e-05
-9.1962e-05
-8.83116e-05
-8.47389e-05
-8.12444e-05
-7.78289e-05
-7.44929e-05
-7.12368e-05
-6.80612e-05
-6.49662e-05
-6.19524e-05
-5.90198e-05
-5.61684e-05
-0.000244578
-0.000238618
-0.000232746
-0.000226959
-0.000221255
-0.000215633
-0.000210091
-0.000204628
-0.000199241
-0.000193931
-0.000188694
-0.000183529
-0.000178436
-0.000173412
-0.000168457
-0.000163571
-0.000158751
-0.000154
-0.000149315
-0.000144698
-0.000140148
-0.000135666
-0.000131253
-0.000126908
-0.000122633
-0.000118429
-0.000114296
-0.000110234
-0.000106245
-0.00010233
-9.84887e-05
-9.47225e-05
-9.1032e-05
-8.74178e-05
-8.38807e-05
-8.04213e-05
-7.70401e-05
-7.37378e-05
-7.05146e-05
-6.73711e-05
-6.43074e-05
-6.13241e-05
-5.8421e-05
-5.55984e-05
-0.000242692
-0.000236728
-0.000230856
-0.000225072
-0.000219374
-0.000213761
-0.000208233
-0.000202785
-0.000197417
-0.000192127
-0.000186913
-0.000181773
-0.000176707
-0.000171712
-0.000166788
-0.000161933
-0.000157148
-0.000152432
-0.000147784
-0.000143204
-0.000138693
-0.00013425
-0.000129877
-0.000125573
-0.000121338
-0.000117175
-0.000113082
-0.000109061
-0.000105113
-0.000101237
-9.74358e-05
-9.37088e-05
-9.0057e-05
-8.6481e-05
-8.29814e-05
-7.95588e-05
-7.62138e-05
-7.29467e-05
-6.9758e-05
-6.66482e-05
-6.36173e-05
-6.06659e-05
-5.7794e-05
-5.50015e-05
-0.000240607
-0.000234649
-0.000228787
-0.000223016
-0.000217334
-0.00021174
-0.000206232
-0.000200807
-0.000195464
-0.0001902
-0.000185015
-0.000179906
-0.000174872
-0.000169911
-0.000165022
-0.000160205
-0.000155458
-0.00015078
-0.000146172
-0.000141634
-0.000137164
-0.000132764
-0.000128433
-0.000124172
-0.000119981
-0.00011586
-0.000111811
-0.000107833
-0.000103927
-0.000100094
-9.63343e-05
-9.26486e-05
-8.90376e-05
-8.55016e-05
-8.20414e-05
-7.86574e-05
-7.53502e-05
-7.21201e-05
-6.89675e-05
-6.58929e-05
-6.28964e-05
-5.99784e-05
-5.71389e-05
-5.43779e-05
-0.000238316
-0.000232378
-0.000226537
-0.000220789
-0.000215132
-0.000209565
-0.000204086
-0.000198691
-0.00019338
-0.00018815
-0.000183
-0.000177928
-0.000172931
-0.000168009
-0.000163161
-0.000158384
-0.000153679
-0.000149045
-0.000144481
-0.000139987
-0.000135562
-0.000131207
-0.000126922
-0.000122707
-0.000118562
-0.000114487
-0.000110483
-0.00010655
-0.000102689
-9.89005e-05
-9.51848e-05
-9.15425e-05
-8.79741e-05
-8.44801e-05
-8.1061e-05
-7.77174e-05
-7.44497e-05
-7.12583e-05
-6.81434e-05
-6.51056e-05
-6.21449e-05
-5.92618e-05
-5.64561e-05
-5.3728e-05
-0.000235818
-0.000229911
-0.000224103
-0.000218388
-0.000212766
-0.000207235
-0.000201793
-0.000196437
-0.000191165
-0.000185975
-0.000180867
-0.000175837
-0.000170883
-0.000166006
-0.000161202
-0.000156471
-0.000151813
-0.000147226
-0.000142709
-0.000138263
-0.000133887
-0.000129581
-0.000125344
-0.000121177
-0.00011708
-0.000113054
-0.000109098
-0.000105213
-0.000101399
-9.76574e-05
-9.39877e-05
-9.03908e-05
-8.6867e-05
-8.34168e-05
-8.00408e-05
-7.67393e-05
-7.35128e-05
-7.03617e-05
-6.72862e-05
-6.42867e-05
-6.13633e-05
-5.85164e-05
-5.5746e-05
-5.30521e-05
-0.00023311
-0.000227247
-0.000221482
-0.000215811
-0.000210234
-0.000204748
-0.000199352
-0.000194042
-0.000188816
-0.000183675
-0.000178614
-0.000173632
-0.000168728
-0.0001639
-0.000159146
-0.000154466
-0.000149858
-0.000145322
-0.000140857
-0.000136463
-0.000132138
-0.000127884
-0.000123699
-0.000119584
-0.000115538
-0.000111563
-0.000107657
-0.000103822
-0.000100058
-9.63651e-05
-9.27436e-05
-8.9194e-05
-8.57168e-05
-8.23124e-05
-7.89812e-05
-7.57236e-05
-7.254e-05
-6.94308e-05
-6.63962e-05
-6.34365e-05
-6.05519e-05
-5.77427e-05
-5.50089e-05
-5.23505e-05
-0.000230193
-0.000224384
-0.000218674
-0.000213059
-0.000207535
-0.000202104
-0.000196762
-0.000191506
-0.000186335
-0.000181248
-0.000176242
-0.000171315
-0.000166465
-0.000161692
-0.000156993
-0.000152368
-0.000147816
-0.000143335
-0.000138926
-0.000134586
-0.000130317
-0.000126118
-0.000121988
-0.000117927
-0.000113935
-0.000110014
-0.000106161
-0.000102379
-9.86662e-05
-9.50242e-05
-9.14529e-05
-8.79528e-05
-8.45241e-05
-8.11673e-05
-7.78827e-05
-7.46708e-05
-7.15318e-05
-6.8466e-05
-6.54739e-05
-6.25555e-05
-5.97111e-05
-5.69411e-05
-5.42452e-05
-5.16236e-05
-0.000227065
-0.000221324
-0.00021568
-0.00021013
-0.000204671
-0.000199303
-0.000194024
-0.00018883
-0.000183721
-0.000178695
-0.00017375
-0.000168884
-0.000164095
-0.000159382
-0.000154744
-0.000150179
-0.000145686
-0.000141265
-0.000136915
-0.000132634
-0.000128424
-0.000124283
-0.00012021
-0.000116207
-0.000112273
-0.000108407
-0.00010461
-0.000100882
-9.72241e-05
-9.36353e-05
-9.01163e-05
-8.66676e-05
-8.32894e-05
-7.9982e-05
-7.67459e-05
-7.35813e-05
-7.04885e-05
-6.74679e-05
-6.45197e-05
-6.16442e-05
-5.88415e-05
-5.61119e-05
-5.34553e-05
-5.08718e-05
-0.00022373
-0.000218068
-0.000212501
-0.000207026
-0.000201641
-0.000196346
-0.000191138
-0.000186015
-0.000180975
-0.000176018
-0.00017114
-0.000166341
-0.000161619
-0.000156971
-0.000152398
-0.000147898
-0.000143469
-0.000139112
-0.000134825
-0.000130608
-0.000126459
-0.00012238
-0.000118368
-0.000114425
-0.00011055
-0.000106744
-0.000103005
-9.93344e-05
-9.57323e-05
-9.2199e-05
-8.87345e-05
-8.53392e-05
-8.20133e-05
-7.87573e-05
-7.55713e-05
-7.24557e-05
-6.94109e-05
-6.6437e-05
-6.35343e-05
-6.07031e-05
-5.79434e-05
-5.52556e-05
-5.26396e-05
-5.00955e-05
-0.00022019
-0.000214619
-0.00020914
-0.00020375
-0.000198448
-0.000193234
-0.000188106
-0.000183061
-0.000178098
-0.000173216
-0.000168413
-0.000163687
-0.000159036
-0.00015446
-0.000149957
-0.000145526
-0.000141167
-0.000136877
-0.000132657
-0.000128506
-0.000124424
-0.000120409
-0.000116462
-0.000112582
-0.000108769
-0.000105024
-0.000101346
-9.77352e-05
-9.41918e-05
-9.0716e-05
-8.7308e-05
-8.39681e-05
-8.06965e-05
-7.74936e-05
-7.43596e-05
-7.12947e-05
-6.82993e-05
-6.53737e-05
-6.2518e-05
-5.97325e-05
-5.70173e-05
-5.43727e-05
-5.17986e-05
-4.9295e-05
-0.00021645
-0.000210979
-0.000205598
-0.000200303
-0.000195094
-0.00018997
-0.00018493
-0.000179971
-0.000175092
-0.000170292
-0.000165569
-0.000160922
-0.000156349
-0.00015185
-0.000147422
-0.000143066
-0.000138779
-0.000134562
-0.000130413
-0.000126332
-0.000122318
-0.000118372
-0.000114492
-0.000110678
-0.000106931
-0.00010325
-9.96346e-05
-9.60857e-05
-9.26032e-05
-8.91871e-05
-8.58377e-05
-8.25551e-05
-7.93397e-05
-7.61917e-05
-7.31113e-05
-7.00988e-05
-6.71545e-05
-6.42786e-05
-6.14714e-05
-5.8733e-05
-5.60636e-05
-5.34635e-05
-5.09325e-05
-4.84708e-05
-0.000212513
-0.000207154
-0.000201881
-0.00019669
-0.000191582
-0.000186557
-0.000181612
-0.000176746
-0.000171958
-0.000167247
-0.000162611
-0.000158049
-0.00015356
-0.000149142
-0.000144795
-0.000140517
-0.000136308
-0.000132167
-0.000128093
-0.000124086
-0.000120144
-0.000116269
-0.000112459
-0.000108715
-0.000105035
-0.000101421
-9.78714e-05
-9.43868e-05
-9.09673e-05
-8.76131e-05
-8.43242e-05
-8.11009e-05
-7.79435e-05
-7.48521e-05
-7.18271e-05
-6.88686e-05
-6.5977e-05
-6.31524e-05
-6.03951e-05
-5.77052e-05
-5.5083e-05
-5.25286e-05
-5.00421e-05
-4.76233e-05
-0.000208387
-0.000203149
-0.000197992
-0.000192915
-0.000187917
-0.000182998
-0.000178156
-0.000173391
-0.0001687
-0.000164084
-0.000159542
-0.00015507
-0.000150669
-0.000146338
-0.000142076
-0.000137882
-0.000133754
-0.000129693
-0.000125698
-0.000121768
-0.000117903
-0.000114102
-0.000110366
-0.000106693
-0.000103084
-9.95389e-05
-9.60573e-05
-9.26393e-05
-8.92851e-05
-8.59947e-05
-8.27684e-05
-7.96064e-05
-7.65087e-05
-7.34758e-05
-7.05077e-05
-6.76049e-05
-6.47674e-05
-6.19956e-05
-5.92896e-05
-5.66496e-05
-5.40758e-05
-5.15685e-05
-4.91275e-05
-4.6753e-05
-0.000204076
-0.000198969
-0.000193938
-0.000188983
-0.000184102
-0.000179297
-0.000174566
-0.000169907
-0.000165321
-0.000160806
-0.000156362
-0.000151987
-0.00014768
-0.000143441
-0.000139268
-0.000135162
-0.00013112
-0.000127143
-0.000123231
-0.000119381
-0.000115595
-0.000111872
-0.000108212
-0.000104614
-0.000101078
-9.76047e-05
-9.41934e-05
-9.08442e-05
-8.75574e-05
-8.4333e-05
-8.11712e-05
-7.80722e-05
-7.50361e-05
-7.20633e-05
-6.91539e-05
-6.63082e-05
-6.35264e-05
-6.08088e-05
-5.81555e-05
-5.55668e-05
-5.30427e-05
-5.05837e-05
-4.81895e-05
-4.58603e-05
-0.00019959
-0.000194621
-0.000189724
-0.000184898
-0.000180142
-0.000175458
-0.000170844
-0.0001663
-0.000161824
-0.000157416
-0.000153076
-0.000148803
-0.000144595
-0.000140452
-0.000136374
-0.000132359
-0.000128407
-0.000124518
-0.000120692
-0.000116927
-0.000113223
-0.000109581
-0.000105999
-0.000102479
-9.90187e-05
-9.56194e-05
-9.22807e-05
-8.90026e-05
-8.57853e-05
-8.26288e-05
-7.95334e-05
-7.64992e-05
-7.35265e-05
-7.06155e-05
-6.77663e-05
-6.49793e-05
-6.22547e-05
-5.95926e-05
-5.69934e-05
-5.44573e-05
-5.19842e-05
-4.95746e-05
-4.72284e-05
-4.49456e-05
-0.000194934
-0.000190112
-0.000185357
-0.000180667
-0.000176044
-0.000171487
-0.000166997
-0.000162572
-0.000158212
-0.000153918
-0.000149687
-0.00014552
-0.000141416
-0.000137374
-0.000133394
-0.000129475
-0.000125618
-0.00012182
-0.000118083
-0.000114405
-0.000110787
-0.000107229
-0.000103729
-0.000100289
-9.69069e-05
-9.35842e-05
-9.03203e-05
-8.71154e-05
-8.39696e-05
-8.08831e-05
-7.7856e-05
-7.48884e-05
-7.19807e-05
-6.91331e-05
-6.63457e-05
-6.36189e-05
-6.09529e-05
-5.83478e-05
-5.5804e-05
-5.33217e-05
-5.09008e-05
-4.85419e-05
-4.62448e-05
-4.40096e-05
-0.000190119
-0.00018545
-0.000180843
-0.000176297
-0.000171811
-0.000167389
-0.000163028
-0.000158729
-0.000154491
-0.000150314
-0.000146198
-0.000142142
-0.000138146
-0.00013421
-0.000130333
-0.000126514
-0.000122753
-0.000119051
-0.000115407
-0.00011182
-0.00010829
-0.000104818
-0.000101403
-9.80452e-05
-9.47442e-05
-9.15003e-05
-8.83135e-05
-8.51839e-05
-8.21117e-05
-7.90969e-05
-7.61399e-05
-7.32407e-05
-7.03997e-05
-6.76171e-05
-6.4893e-05
-6.22278e-05
-5.96218e-05
-5.70751e-05
-5.45879e-05
-5.21606e-05
-4.97932e-05
-4.74861e-05
-4.52392e-05
-4.30525e-05
-0.000167453
-0.000163169
-0.000158944
-0.000154775
-0.000150663
-0.00014661
-0.000142613
-0.000138673
-0.00013479
-0.000130963
-0.000127192
-0.000123477
-0.000119817
-0.000116213
-0.000112665
-0.000109172
-0.000105734
-0.000102351
-9.90228e-05
-9.57499e-05
-9.2532e-05
-8.93692e-05
-8.62616e-05
-8.32093e-05
-8.02125e-05
-7.72714e-05
-7.43862e-05
-7.15571e-05
-6.87844e-05
-6.60682e-05
-6.3409e-05
-6.08068e-05
-5.82621e-05
-5.5775e-05
-5.33458e-05
-5.09748e-05
-4.8662e-05
-4.64078e-05
-4.42121e-05
-4.20751e-05
-0.000444384
-0.000432352
-0.000421533
-0.000411637
-0.000402444
-0.000393791
-0.000385557
-0.000377653
-0.000370011
-0.000362583
-0.000355332
-0.000348232
-0.000341265
-0.000334418
-0.000327683
-0.000321055
-0.000314529
-0.000308105
-0.00030178
-0.000295556
-0.000289433
-0.000283411
-0.000277489
-0.000271668
-0.000265952
-0.000260343
-0.000484054
-0.000466704
-0.000451481
-0.000437925
-0.00042568
-0.000414471
-0.000404086
-0.000394364
-0.000385178
-0.000376433
-0.000368054
-0.000359982
-0.000352174
-0.000344595
-0.000337218
-0.000330024
-0.000322997
-0.000316126
-0.000309402
-0.000302818
-0.000296367
-0.000290046
-0.000283851
-0.000277778
-0.000271825
-0.000265988
-0.000260267
-0.000509703
-0.000488873
-0.000470617
-0.000454423
-0.000439885
-0.000426686
-0.000414577
-0.000403361
-0.00039288
-0.000383012
-0.000373659
-0.000364743
-0.000356202
-0.000347987
-0.000340059
-0.000332387
-0.000324945
-0.000317713
-0.000310675
-0.000303818
-0.00029713
-0.000290603
-0.000284229
-0.000278
-0.00027191
-0.000265955
-0.000260127
-0.000532077
-0.000508411
-0.000487636
-0.000469213
-0.000452712
-0.000437788
-0.000424166
-0.000411624
-0.000399983
-0.000389101
-0.000378862
-0.000369171
-0.000359954
-0.000351149
-0.000342706
-0.000334583
-0.000326748
-0.000319174
-0.000311837
-0.000304718
-0.000297802
-0.000291075
-0.000284526
-0.000278144
-0.00027192
-0.000265847
-0.000259915
-0.000553098
-0.000526898
-0.000503841
-0.000483375
-0.000465055
-0.000448518
-0.000433467
-0.000419664
-0.000406911
-0.00039505
-0.000383951
-0.000373504
-0.000363624
-0.000354237
-0.000345283
-0.000336713
-0.000328486
-0.000320568
-0.00031293
-0.000305548
-0.000298401
-0.000291472
-0.000284745
-0.000278208
-0.000271848
-0.000265655
-0.000259619
-0.000572476
-0.000544069
-0.000518992
-0.000496693
-0.000476719
-0.000458699
-0.000442323
-0.000427339
-0.000413539
-0.000400749
-0.000388826
-0.000377654
-0.000367132
-0.000357179
-0.000347728
-0.00033872
-0.000330108
-0.000321851
-0.000313915
-0.000306271
-0.000298895
-0.000291765
-0.000284862
-0.00027817
-0.000271675
-0.000265364
-0.000259225
-0.00058971
-0.000559472
-0.000532684
-0.000508804
-0.000487384
-0.000468049
-0.000450485
-0.000434432
-0.000419673
-0.000406026
-0.000393341
-0.000381489
-0.000370365
-0.000359878
-0.000349954
-0.000340528
-0.000331547
-0.000322965
-0.000314742
-0.000306846
-0.000299248
-0.000291923
-0.000284849
-0.000278007
-0.000271381
-0.000264956
-0.000258719
-0.000604538
-0.000572855
-0.000544678
-0.000519488
-0.000496845
-0.000476381
-0.000457783
-0.000440788
-0.000425177
-0.000410761
-0.000397385
-0.000384914
-0.000373236
-0.000362257
-0.000351893
-0.000342078
-0.000332751
-0.000323863
-0.00031537
-0.000307236
-0.000299427
-0.000291917
-0.000284681
-0.000277697
-0.000270947
-0.000264414
-0.000258084
-0.000616797
-0.00058405
-0.00055481
-0.000528583
-0.00050495
-0.000483553
-0.000464085
-0.000446288
-0.00042994
-0.000414853
-0.000400867
-0.000387845
-0.000375672
-0.000364248
-0.000353486
-0.000343316
-0.000333673
-0.000324503
-0.000315761
-0.000307406
-0.000299403
-0.000291722
-0.000284335
-0.000277219
-0.000270354
-0.000263723
-0.000257307
-0.000626385
-0.000592943
-0.000562958
-0.000535969
-0.00051158
-0.00048945
-0.000469284
-0.000450828
-0.000433867
-0.000418213
-0.000403707
-0.000390211
-0.000377607
-0.000365793
-0.00035468
-0.000344194
-0.000334269
-0.000324848
-0.000315882
-0.000307328
-0.000299149
-0.000291312
-0.00028379
-0.000276555
-0.000269587
-0.000262866
-0.000256375
-0.000633268
-0.000599479
-0.000569053
-0.000541568
-0.000516654
-0.00049399
-0.000473296
-0.000454331
-0.000436884
-0.000420774
-0.000405842
-0.000391952
-0.000378985
-0.000366841
-0.000355428
-0.000344671
-0.000334502
-0.000324862
-0.0003157
-0.000306973
-0.00029864
-0.000290668
-0.000283026
-0.000275687
-0.000268629
-0.000261831
-0.000255274
-0.000637468
-0.000603653
-0.000573072
-0.000545341
-0.000520123
-0.00049712
-0.000476069
-0.000456742
-0.000438937
-0.000422481
-0.000407219
-0.000393018
-0.000379763
-0.000367351
-0.000355693
-0.000344712
-0.00033434
-0.000324517
-0.000315192
-0.000306318
-0.000297855
-0.000289768
-0.000282026
-0.0002746
-0.000267467
-0.000260604
-0.000253993
-0.000639055
-0.000605504
-0.000575029
-0.000547288
-0.000521975
-0.000498816
-0.000477571
-0.000458025
-0.000439989
-0.000423297
-0.000407802
-0.000393376
-0.000379905
-0.00036729
-0.000355443
-0.000344288
-0.000333756
-0.000323789
-0.000314333
-0.000305342
-0.000296776
-0.000288597
-0.000280775
-0.00027328
-0.000266087
-0.000259174
-0.000252521
-0.000638138
-0.000605106
-0.000574973
-0.000547435
-0.000522219
-0.000499079
-0.000477794
-0.000458166
-0.00044002
-0.0004232
-0.000407568
-0.000393
-0.000379387
-0.000366635
-0.000354657
-0.000343378
-0.000332731
-0.000322658
-0.000313106
-0.000304029
-0.000295386
-0.000287141
-0.00027926
-0.000271714
-0.000264479
-0.000257532
-0.000250851
-0.000634854
-0.000602564
-0.000572979
-0.000545836
-0.000520892
-0.000497929
-0.000476747
-0.000457167
-0.000439027
-0.000422183
-0.000406504
-0.000391876
-0.000378195
-0.000365369
-0.000353317
-0.000341965
-0.000331248
-0.00032111
-0.000311498
-0.000302366
-0.000293675
-0.000285387
-0.000277469
-0.000269894
-0.000262635
-0.000255668
-0.000248974
-0.000629359
-0.000598001
-0.000569144
-0.000542563
-0.000518048
-0.000495405
-0.000474458
-0.000455045
-0.000437018
-0.000420247
-0.00040461
-0.00039
-0.000376321
-0.000363485
-0.000351414
-0.00034004
-0.000329298
-0.000319134
-0.000309497
-0.000300343
-0.000291632
-0.000283327
-0.000275396
-0.000267811
-0.000260546
-0.000253577
-0.000246883
-0.000621828
-0.000591557
-0.00056358
-0.000537706
-0.000513756
-0.000491562
-0.000470967
-0.000451829
-0.000434016
-0.000417408
-0.000401895
-0.000387378
-0.000373767
-0.000360981
-0.000348947
-0.000337598
-0.000326875
-0.000316725
-0.000307099
-0.000297954
-0.000289251
-0.000280955
-0.000273034
-0.00026546
-0.000258207
-0.000251252
-0.000244575
-0.00061244
-0.000583382
-0.00055641
-0.000531366
-0.000508098
-0.000486463
-0.000466326
-0.000447561
-0.000430051
-0.000413689
-0.000398375
-0.00038402
-0.000370541
-0.000357862
-0.000345916
-0.00033464
-0.000323979
-0.000313881
-0.0003043
-0.000295195
-0.000286529
-0.000278267
-0.000270379
-0.000262836
-0.000255614
-0.000248691
-0.000242046
-0.00060138
-0.000573632
-0.000547766
-0.000523652
-0.000501165
-0.000480185
-0.000460596
-0.000442289
-0.000425163
-0.000409121
-0.000394077
-0.000379947
-0.000366658
-0.00035414
-0.000342331
-0.000331173
-0.000320613
-0.000310604
-0.000301102
-0.000292068
-0.000283465
-0.000275262
-0.000267429
-0.000259939
-0.000252767
-0.000245892
-0.000239293
-0.00058883
-0.000562465
-0.000537781
-0.000514678
-0.000493053
-0.000472808
-0.000453844
-0.00043607
-0.000419398
-0.000403744
-0.00038903
-0.000375184
-0.000362139
-0.000349831
-0.000338204
-0.000327205
-0.000316785
-0.0003069
-0.000297508
-0.000288574
-0.000280062
-0.000271942
-0.000264186
-0.000256768
-0.000249664
-0.000242854
-0.000236317
-0.000574969
-0.000550036
-0.000526591
-0.00050456
-0.000483862
-0.000464416
-0.000446143
-0.000428965
-0.000412808
-0.000397599
-0.000383271
-0.000369761
-0.000357007
-0.000344955
-0.000333553
-0.000322751
-0.000312507
-0.000302778
-0.000293527
-0.00028472
-0.000276324
-0.000268311
-0.000260653
-0.000253326
-0.000246308
-0.000239579
-0.000233118
-0.000559971
-0.000536497
-0.00051433
-0.000493416
-0.000473693
-0.000455099
-0.000437569
-0.000421039
-0.000405448
-0.000390735
-0.000376841
-0.000363711
-0.000351293
-0.000339537
-0.000328396
-0.000317828
-0.000307792
-0.00029825
-0.000289168
-0.000280514
-0.000272258
-0.000264373
-0.000256833
-0.000249617
-0.000242701
-0.000236068
-0.000229699
-0.000543998
-0.000521995
-0.000501127
-0.00048136
-0.000462647
-0.000444943
-0.000428197
-0.000412359
-0.000397376
-0.000383201
-0.000369782
-0.000357072
-0.000345027
-0.000333603
-0.000322758
-0.000312455
-0.000302657
-0.00029333
-0.000284443
-0.000275966
-0.000267872
-0.000260136
-0.000252734
-0.000245645
-0.000238849
-0.000232327
-0.000226063
-0.000527205
-0.000506668
-0.000487108
-0.000468502
-0.000450823
-0.000434037
-0.000418106
-0.000402991
-0.000388652
-0.000375048
-0.000362138
-0.000349883
-0.000338244
-0.000327182
-0.000316664
-0.000306654
-0.000297121
-0.000288034
-0.000279366
-0.000271088
-0.000263177
-0.000255609
-0.000248363
-0.000241418
-0.000234756
-0.00022836
-0.000222214
-0.000509735
-0.000490648
-0.00047239
-0.000454951
-0.000438317
-0.000422465
-0.000407371
-0.000393004
-0.000379335
-0.00036633
-0.000353958
-0.000342184
-0.000330978
-0.000320307
-0.000310141
-0.00030045
-0.000291205
-0.000282381
-0.000273953
-0.000265895
-0.000258185
-0.000250803
-0.000243729
-0.000236944
-0.00023043
-0.000224174
-0.000218158
-0.00049172
-0.000474057
-0.000457085
-0.000440807
-0.00042522
-0.000410312
-0.000396066
-0.000382464
-0.000369483
-0.000357099
-0.000345286
-0.000334018
-0.000323267
-0.000313009
-0.000303217
-0.000293866
-0.000284932
-0.000276391
-0.000268221
-0.0002604
-0.00025291
-0.00024573
-0.000238843
-0.000232231
-0.00022588
-0.000219775
-0.000213901
-0.000473283
-0.000457007
-0.000441297
-0.000426167
-0.00041162
-0.000397655
-0.000384265
-0.000371437
-0.000359157
-0.000347408
-0.000336171
-0.000325425
-0.000315149
-0.000305322
-0.000295923
-0.00028693
-0.000278324
-0.000270083
-0.000262188
-0.000254622
-0.000247365
-0.000240402
-0.000233715
-0.000227291
-0.000221114
-0.000215172
-0.00020945
-0.000454531
-0.000439601
-0.000425123
-0.000411118
-0.000397599
-0.000384571
-0.000372034
-0.000359984
-0.000348412
-0.000337307
-0.000326657
-0.000316447
-0.000306659
-0.000297279
-0.000288288
-0.000279669
-0.000271405
-0.000263479
-0.000255875
-0.000248576
-0.000241567
-0.000234833
-0.000228359
-0.000222133
-0.000216142
-0.000210373
-0.000204814
-0.000435566
-0.000421934
-0.000408651
-0.000395745
-0.000383234
-0.00037113
-0.00035944
-0.000348165
-0.000337302
-0.000326847
-0.000316791
-0.000307125
-0.000297836
-0.000288913
-0.000280341
-0.000272108
-0.0002642
-0.000256601
-0.000249299
-0.00024228
-0.00023553
-0.000229037
-0.000222788
-0.000216771
-0.000210974
-0.000205388
-0.000200002
-0.000416475
-0.000404091
-0.000391963
-0.000380124
-0.000368597
-0.0003574
-0.000346545
-0.000336038
-0.000325882
-0.000316076
-0.000306617
-0.0002975
-0.000288716
-0.000280258
-0.000272115
-0.000264277
-0.000256733
-0.000249472
-0.000242483
-0.000235753
-0.000229272
-0.00022303
-0.000217014
-0.000211215
-0.000205623
-0.000200228
-0.000195021
-0.000465994
-0.000450616
-0.000437213
-0.000425316
-0.00041457
-0.000404707
-0.000395527
-0.000386877
-0.000378641
-0.000370735
-0.000363095
-0.000355674
-0.00034844
-0.000341368
-0.00033444
-0.000327643
-0.000320968
-0.000314408
-0.00030796
-0.00030162
-0.000295389
-0.000289265
-0.000283251
-0.000277349
-0.000271562
-0.000265896
-0.000260362
-0.00043056
-0.000420586
-0.000411693
-0.00040357
-0.00039599
-0.000388794
-0.000381868
-0.000375132
-0.000368529
-0.000362021
-0.000355583
-0.000349202
-0.000342867
-0.000336578
-0.000330333
-0.000324133
-0.000317983
-0.000311886
-0.000305846
-0.000299869
-0.000293959
-0.000288122
-0.000282363
-0.00027669
-0.000271108
-0.000265627
-0.000260259
-0.000401606
-0.00039597
-0.000390684
-0.000385573
-0.000380522
-0.000375459
-0.000370341
-0.000365145
-0.000359862
-0.000354491
-0.000349038
-0.000343513
-0.000337927
-0.000332294
-0.000326628
-0.00032094
-0.000315244
-0.000309551
-0.000303872
-0.000298219
-0.0002926
-0.000287024
-0.000281501
-0.000276039
-0.000270648
-0.000265335
-0.000260116
-0.000384759
-0.000381928
-0.000379132
-0.000376222
-0.000373107
-0.000369741
-0.000366109
-0.000362212
-0.000358063
-0.000353683
-0.000349094
-0.000344322
-0.000339392
-0.00033433
-0.000329159
-0.000323901
-0.000318577
-0.000313206
-0.000307804
-0.000302387
-0.000296968
-0.000291562
-0.000286178
-0.000280828
-0.000275522
-0.000270271
-0.000265083
-0.000259974
-0.000367293
-0.000367029
-0.000366374
-0.000365255
-0.000363647
-0.000361556
-0.000359008
-0.000356037
-0.000352682
-0.000348987
-0.000344991
-0.000340736
-0.000336259
-0.000331594
-0.000326773
-0.000321826
-0.000316778
-0.000311653
-0.000306471
-0.000301252
-0.000296011
-0.000290765
-0.000285526
-0.000280307
-0.000275118
-0.000269972
-0.000264877
-0.000259849
-0.000355326
-0.000356823
-0.000357635
-0.000357742
-0.000357166
-0.000355949
-0.000354143
-0.000351805
-0.000348995
-0.000345768
-0.000342179
-0.000338278
-0.00033411
-0.000329717
-0.000325137
-0.000320402
-0.000315543
-0.000310586
-0.000305555
-0.000300472
-0.000295353
-0.000290217
-0.000285077
-0.000279947
-0.000274838
-0.000269763
-0.000264732
-0.000259758
-0.00034934
-0.000351715
-0.000353258
-0.000353977
-0.000353916
-0.000353135
-0.0003517
-0.000349679
-0.000347141
-0.000344149
-0.000340764
-0.00033704
-0.000333028
-0.000328771
-0.000324311
-0.000319683
-0.000314919
-0.000310047
-0.000305093
-0.000300077
-0.00029502
-0.000289939
-0.000284849
-0.000279764
-0.000274696
-0.000269656
-0.000264657
-0.000259711
-0.00025506
-0.000249892
-0.000244715
-0.00023953
-0.00023433
-0.000229118
-0.000223898
-0.000218679
-0.000213469
-0.000208276
-0.000203101
-0.000197946
-0.000192813
-0.000187705
-0.000182625
-0.000177576
-0.000172562
-0.000167588
-0.000162657
-0.000157772
-0.000152938
-0.000148156
-0.000143431
-0.000138765
-0.00013416
-0.00012962
-0.000125146
-0.000120742
-0.000116408
-0.000112147
-0.000107962
-0.000103853
-9.98227e-05
-9.58723e-05
-9.20032e-05
-8.82167e-05
-8.4514e-05
-8.0896e-05
-7.73637e-05
-7.39179e-05
-7.05591e-05
-6.72881e-05
-6.4105e-05
-6.10102e-05
-0.000255097
-0.00024999
-0.000244868
-0.000239738
-0.00023459
-0.000229422
-0.000224237
-0.000219045
-0.000213855
-0.000208674
-0.000203507
-0.000198356
-0.000193224
-0.000188115
-0.000183032
-0.000177979
-0.000172961
-0.000167982
-0.000163045
-0.000158154
-0.000153312
-0.000148523
-0.000143789
-0.000139114
-0.000134501
-0.000129951
-0.000125468
-0.000121054
-0.00011671
-0.00011244
-0.000108245
-0.000104126
-0.000100086
-9.61255e-05
-9.22466e-05
-8.84505e-05
-8.47383e-05
-8.1111e-05
-7.75696e-05
-7.41148e-05
-7.07472e-05
-6.74675e-05
-6.42761e-05
-6.11731e-05
-0.000255068
-0.000250025
-0.000244958
-0.000239881
-0.000234783
-0.000229658
-0.00022451
-0.000219346
-0.000214176
-0.000209008
-0.000203848
-0.0001987
-0.000193569
-0.000188458
-0.000183373
-0.000178317
-0.000173295
-0.00016831
-0.000163368
-0.000158471
-0.000153623
-0.000148828
-0.000144087
-0.000139405
-0.000134785
-0.000130227
-0.000125736
-0.000121314
-0.000116963
-0.000112684
-0.00010848
-0.000104353
-0.000100305
-9.63366e-05
-9.24497e-05
-8.86456e-05
-8.49254e-05
-8.12903e-05
-7.77412e-05
-7.42789e-05
-7.0904e-05
-6.76172e-05
-6.44187e-05
-6.13089e-05
-0.000255
-0.000250014
-0.000244998
-0.000239967
-0.000234912
-0.000229828
-0.000224714
-0.000219578
-0.000214428
-0.000209273
-0.00020412
-0.000198976
-0.000193845
-0.000188733
-0.000183646
-0.000178587
-0.000173561
-0.000168573
-0.000163627
-0.000158725
-0.000153873
-0.000149072
-0.000144326
-0.000139638
-0.000135012
-0.000130448
-0.000125951
-0.000121522
-0.000117164
-0.000112879
-0.000108669
-0.000104536
-0.000100481
-9.65056e-05
-9.26122e-05
-8.88017e-05
-8.50752e-05
-8.14339e-05
-7.78786e-05
-7.44103e-05
-7.10295e-05
-6.7737e-05
-6.45329e-05
-6.14177e-05
-0.000254919
-0.000249979
-0.000245005
-0.000240011
-0.000234991
-0.00022994
-0.000224857
-0.000219745
-0.000214614
-0.000209471
-0.000204325
-0.000199183
-0.000194053
-0.00018894
-0.000183851
-0.00017879
-0.000173761
-0.000168771
-0.000163821
-0.000158916
-0.00015406
-0.000149255
-0.000144505
-0.000139813
-0.000135182
-0.000130614
-0.000126112
-0.000121678
-0.000117316
-0.000113026
-0.000108811
-0.000104672
-0.000100612
-9.66324e-05
-9.27341e-05
-8.89188e-05
-8.51876e-05
-8.15416e-05
-7.79817e-05
-7.45089e-05
-7.11237e-05
-6.78269e-05
-6.46187e-05
-6.14993e-05
-0.000254852
-0.000249942
-0.000244999
-0.00024003
-0.000235034
-0.000230007
-0.000224946
-0.000219853
-0.000214735
-0.000209601
-0.000204461
-0.000199321
-0.000194192
-0.000189078
-0.000183988
-0.000178925
-0.000173895
-0.000168902
-0.00016395
-0.000159043
-0.000154184
-0.000149377
-0.000144624
-0.000139929
-0.000135295
-0.000130724
-0.000126219
-0.000121783
-0.000117417
-0.000113123
-0.000108905
-0.000104763
-0.0001007
-9.67169e-05
-9.28154e-05
-8.89969e-05
-8.52625e-05
-8.16134e-05
-7.80505e-05
-7.45747e-05
-7.11866e-05
-6.78869e-05
-6.46758e-05
-6.15537e-05
-0.000254815
-0.000249921
-0.000244992
-0.000240036
-0.000235052
-0.000230038
-0.000224988
-0.000219905
-0.000214795
-0.000209666
-0.000204529
-0.000199391
-0.000194261
-0.000189148
-0.000184056
-0.000178993
-0.000173962
-0.000168968
-0.000164015
-0.000159107
-0.000154246
-0.000149438
-0.000144684
-0.000139988
-0.000135352
-0.00013078
-0.000126273
-0.000121835
-0.000117467
-0.000113172
-0.000108952
-0.000104809
-0.000100744
-9.67592e-05
-9.28561e-05
-8.9036e-05
-8.53e-05
-8.16494e-05
-7.80849e-05
-7.46076e-05
-7.1218e-05
-6.79169e-05
-6.47044e-05
-6.1581e-05
-0.000190114
-0.000185445
-0.000180838
-0.000176292
-0.000171807
-0.000167384
-0.000163024
-0.000158724
-0.000154486
-0.00015031
-0.000146194
-0.000142138
-0.000138143
-0.000134206
-0.000130329
-0.00012651
-0.00012275
-0.000119048
-0.000115403
-0.000111816
-0.000108287
-0.000104815
-0.0001014
-9.80419e-05
-9.4741e-05
-9.14972e-05
-8.83105e-05
-8.5181e-05
-8.21088e-05
-7.90942e-05
-7.61372e-05
-7.32381e-05
-7.03972e-05
-6.76146e-05
-6.48906e-05
-6.22255e-05
-5.96195e-05
-5.70729e-05
-5.45858e-05
-5.21586e-05
-4.97912e-05
-4.74842e-05
-4.52373e-05
-4.30507e-05
-0.000194929
-0.000190107
-0.000185352
-0.000180662
-0.000176039
-0.000171482
-0.000166992
-0.000162567
-0.000158208
-0.000153913
-0.000149683
-0.000145516
-0.000141412
-0.00013737
-0.00013339
-0.000129472
-0.000125614
-0.000121817
-0.000118079
-0.000114402
-0.000110784
-0.000107225
-0.000103726
-0.000100285
-9.69037e-05
-9.3581e-05
-9.03172e-05
-8.71125e-05
-8.39668e-05
-8.08803e-05
-7.78533e-05
-7.48858e-05
-7.19782e-05
-6.91306e-05
-6.63434e-05
-6.36166e-05
-6.09506e-05
-5.83457e-05
-5.58019e-05
-5.33196e-05
-5.08989e-05
-4.854e-05
-4.62429e-05
-4.40077e-05
-0.000199585
-0.000194616
-0.000189719
-0.000184893
-0.000180138
-0.000175453
-0.00017084
-0.000166295
-0.000161819
-0.000157412
-0.000153072
-0.000148799
-0.000144591
-0.000140448
-0.00013637
-0.000132355
-0.000128404
-0.000124515
-0.000120688
-0.000116923
-0.00011322
-0.000109577
-0.000105996
-0.000102475
-9.90156e-05
-9.56163e-05
-9.22776e-05
-8.89997e-05
-8.57824e-05
-8.26261e-05
-7.95308e-05
-7.64967e-05
-7.3524e-05
-7.0613e-05
-6.7764e-05
-6.4977e-05
-6.22524e-05
-5.95905e-05
-5.69913e-05
-5.44552e-05
-5.19823e-05
-4.95727e-05
-4.72265e-05
-4.49438e-05
-0.000204071
-0.000198964
-0.000193934
-0.000188978
-0.000184097
-0.000179292
-0.000174561
-0.000169903
-0.000165317
-0.000160802
-0.000156358
-0.000151983
-0.000147676
-0.000143437
-0.000139265
-0.000135158
-0.000131117
-0.00012714
-0.000123227
-0.000119378
-0.000115592
-0.000111869
-0.000108209
-0.000104611
-0.000101075
-9.76017e-05
-9.41904e-05
-9.08414e-05
-8.75546e-05
-8.43303e-05
-8.11686e-05
-7.80697e-05
-7.50337e-05
-7.20609e-05
-6.91516e-05
-6.6306e-05
-6.35242e-05
-6.08067e-05
-5.81534e-05
-5.55648e-05
-5.30408e-05
-5.05818e-05
-4.81877e-05
-4.58585e-05
-0.000208382
-0.000203144
-0.000197988
-0.000192911
-0.000187912
-0.000182993
-0.000178152
-0.000173387
-0.000168696
-0.00016408
-0.000159538
-0.000155066
-0.000150666
-0.000146335
-0.000142073
-0.000137878
-0.000133751
-0.00012969
-0.000125695
-0.000121765
-0.0001179
-0.000114099
-0.000110363
-0.00010669
-0.000103081
-9.9536e-05
-9.60544e-05
-9.26365e-05
-8.92824e-05
-8.59921e-05
-8.27659e-05
-7.96039e-05
-7.65064e-05
-7.34735e-05
-7.05055e-05
-6.76027e-05
-6.47653e-05
-6.19935e-05
-5.92876e-05
-5.66477e-05
-5.4074e-05
-5.15667e-05
-4.91258e-05
-4.67513e-05
-0.000212508
-0.00020715
-0.000201876
-0.000196686
-0.000191578
-0.000186553
-0.000181608
-0.000176742
-0.000171954
-0.000167243
-0.000162607
-0.000158046
-0.000153556
-0.000149138
-0.000144791
-0.000140513
-0.000136304
-0.000132163
-0.000128089
-0.000124082
-0.000120141
-0.000116266
-0.000112456
-0.000108712
-0.000105032
-0.000101418
-9.78686e-05
-9.43841e-05
-9.09647e-05
-8.76105e-05
-8.43217e-05
-8.10986e-05
-7.79412e-05
-7.48499e-05
-7.18249e-05
-6.88665e-05
-6.59749e-05
-6.31504e-05
-6.03931e-05
-5.77034e-05
-5.50812e-05
-5.25269e-05
-5.00403e-05
-4.76216e-05
-0.000216445
-0.000210975
-0.000205594
-0.000200299
-0.00019509
-0.000189966
-0.000184926
-0.000179967
-0.000175088
-0.000170288
-0.000165565
-0.000160918
-0.000156346
-0.000151846
-0.000147419
-0.000143062
-0.000138776
-0.000134558
-0.00013041
-0.000126329
-0.000122315
-0.000118369
-0.000114489
-0.000110675
-0.000106928
-0.000103247
-9.96319e-05
-9.60831e-05
-9.26006e-05
-8.91846e-05
-8.58353e-05
-8.25528e-05
-7.93375e-05
-7.61895e-05
-7.31092e-05
-7.00967e-05
-6.71525e-05
-6.42767e-05
-6.14695e-05
-5.87312e-05
-5.60619e-05
-5.34618e-05
-5.09308e-05
-4.84691e-05
-0.000220186
-0.000214614
-0.000209135
-0.000203745
-0.000198444
-0.00019323
-0.000188102
-0.000183057
-0.000178094
-0.000173212
-0.000168409
-0.000163683
-0.000159033
-0.000154457
-0.000149954
-0.000145523
-0.000141163
-0.000136874
-0.000132654
-0.000128503
-0.000124421
-0.000120406
-0.000116459
-0.000112579
-0.000108767
-0.000105021
-0.000101343
-9.77326e-05
-9.41893e-05
-9.07136e-05
-8.73057e-05
-8.39659e-05
-8.06944e-05
-7.74915e-05
-7.43575e-05
-7.12927e-05
-6.82974e-05
-6.53718e-05
-6.25162e-05
-5.97307e-05
-5.70155e-05
-5.4371e-05
-5.17969e-05
-4.92934e-05
-0.000223726
-0.000218064
-0.000212497
-0.000207022
-0.000201637
-0.000196342
-0.000191134
-0.000186011
-0.000180971
-0.000176014
-0.000171137
-0.000166338
-0.000161615
-0.000156968
-0.000152395
-0.000147895
-0.000143466
-0.000139109
-0.000134822
-0.000130604
-0.000126456
-0.000122377
-0.000118365
-0.000114422
-0.000110548
-0.000106741
-0.000103002
-9.93319e-05
-9.57299e-05
-9.21966e-05
-8.87322e-05
-8.5337e-05
-8.20112e-05
-7.87552e-05
-7.55693e-05
-7.24538e-05
-6.9409e-05
-6.64351e-05
-6.35325e-05
-6.07013e-05
-5.79417e-05
-5.5254e-05
-5.2638e-05
-5.00939e-05
-0.000227061
-0.00022132
-0.000215676
-0.000210126
-0.000204667
-0.000199299
-0.00019402
-0.000188826
-0.000183718
-0.000178692
-0.000173747
-0.000168881
-0.000164092
-0.000159379
-0.000154741
-0.000150176
-0.000145683
-0.000141262
-0.000136912
-0.000132632
-0.000128421
-0.00012428
-0.000120208
-0.000116204
-0.00011227
-0.000108404
-0.000104608
-0.00010088
-9.72217e-05
-9.3633e-05
-9.01141e-05
-8.66655e-05
-8.32873e-05
-7.998e-05
-7.6744e-05
-7.35794e-05
-7.04867e-05
-6.74662e-05
-6.4518e-05
-6.16425e-05
-5.88398e-05
-5.61103e-05
-5.34537e-05
-5.08702e-05
-0.000230188
-0.00022438
-0.00021867
-0.000213054
-0.000207531
-0.0002021
-0.000196758
-0.000191502
-0.000186332
-0.000181244
-0.000176238
-0.000171311
-0.000166462
-0.000161689
-0.00015699
-0.000152365
-0.000147813
-0.000143332
-0.000138923
-0.000134584
-0.000130314
-0.000126115
-0.000121985
-0.000117924
-0.000113933
-0.000110011
-0.000106159
-0.000102376
-9.8664e-05
-9.5022e-05
-9.14508e-05
-8.79507e-05
-8.45221e-05
-8.11653e-05
-7.78808e-05
-7.46689e-05
-7.153e-05
-6.84643e-05
-6.54722e-05
-6.25539e-05
-5.97095e-05
-5.69395e-05
-5.42437e-05
-5.16221e-05
-0.000233106
-0.000227243
-0.000221478
-0.000215807
-0.00021023
-0.000204744
-0.000199348
-0.000194038
-0.000188813
-0.000183671
-0.000178611
-0.000173629
-0.000168725
-0.000163897
-0.000159143
-0.000154463
-0.000149855
-0.000145319
-0.000140855
-0.00013646
-0.000132136
-0.000127881
-0.000123696
-0.000119581
-0.000115536
-0.00011156
-0.000107655
-0.00010382
-0.000100056
-9.6363e-05
-9.27415e-05
-8.9192e-05
-8.57149e-05
-8.23105e-05
-7.89794e-05
-7.57219e-05
-7.25383e-05
-6.94291e-05
-6.63945e-05
-6.34349e-05
-6.05503e-05
-5.77412e-05
-5.50074e-05
-5.2349e-05
-0.000235814
-0.000229907
-0.000224099
-0.000218384
-0.000212762
-0.000207231
-0.000201789
-0.000196433
-0.000191161
-0.000185972
-0.000180864
-0.000175834
-0.00017088
-0.000166003
-0.000161199
-0.000156468
-0.00015181
-0.000147223
-0.000142707
-0.00013826
-0.000133884
-0.000129578
-0.000125342
-0.000121175
-0.000117078
-0.000113052
-0.000109096
-0.000105211
-0.000101397
-9.76554e-05
-9.39858e-05
-9.03888e-05
-8.68651e-05
-8.3415e-05
-8.00391e-05
-7.67376e-05
-7.35112e-05
-7.03601e-05
-6.72846e-05
-6.42851e-05
-6.13618e-05
-5.85149e-05
-5.57445e-05
-5.30506e-05
-0.000238312
-0.000232374
-0.000226533
-0.000220785
-0.000215128
-0.000209561
-0.000204082
-0.000198688
-0.000193377
-0.000188147
-0.000182997
-0.000177925
-0.000172928
-0.000168006
-0.000163158
-0.000158381
-0.000153677
-0.000149042
-0.000144478
-0.000139984
-0.00013556
-0.000131205
-0.00012692
-0.000122704
-0.000118559
-0.000114484
-0.000110481
-0.000106548
-0.000102687
-9.88986e-05
-9.51829e-05
-9.15406e-05
-8.79723e-05
-8.44783e-05
-8.10593e-05
-7.77158e-05
-7.44481e-05
-7.12567e-05
-6.81419e-05
-6.51041e-05
-6.21434e-05
-5.92603e-05
-5.64547e-05
-5.37266e-05
-0.000240603
-0.000234645
-0.000228783
-0.000223012
-0.00021733
-0.000211736
-0.000206228
-0.000200804
-0.00019546
-0.000190197
-0.000185012
-0.000179903
-0.000174869
-0.000169908
-0.00016502
-0.000160202
-0.000155455
-0.000150778
-0.00014617
-0.000141631
-0.000137162
-0.000132762
-0.000128431
-0.00012417
-0.000119979
-0.000115858
-0.000111809
-0.000107831
-0.000103925
-0.000100092
-9.63325e-05
-9.26469e-05
-8.90358e-05
-8.54999e-05
-8.20398e-05
-7.86558e-05
-7.53486e-05
-7.21186e-05
-6.8966e-05
-6.58915e-05
-6.2895e-05
-5.9977e-05
-5.71375e-05
-5.43766e-05
-0.000242688
-0.000236724
-0.000230852
-0.000225068
-0.00021937
-0.000213758
-0.00020823
-0.000202782
-0.000197414
-0.000192124
-0.00018691
-0.00018177
-0.000176704
-0.000171709
-0.000166785
-0.000161931
-0.000157146
-0.000152429
-0.000147781
-0.000143202
-0.000138691
-0.000134248
-0.000129875
-0.00012557
-0.000121336
-0.000117173
-0.00011308
-0.000109059
-0.000105111
-0.000101235
-9.7434e-05
-9.37071e-05
-9.00553e-05
-8.64794e-05
-8.29799e-05
-7.95573e-05
-7.62123e-05
-7.29452e-05
-6.97566e-05
-6.66468e-05
-6.3616e-05
-6.06646e-05
-5.77926e-05
-5.50002e-05
-0.000244574
-0.000238614
-0.000232743
-0.000226955
-0.000221251
-0.000215629
-0.000210088
-0.000204625
-0.000199238
-0.000193928
-0.000188691
-0.000183527
-0.000178433
-0.00017341
-0.000168455
-0.000163568
-0.000158749
-0.000153997
-0.000149313
-0.000144696
-0.000140146
-0.000135664
-0.000131251
-0.000126906
-0.000122631
-0.000118427
-0.000114294
-0.000110232
-0.000106244
-0.000102328
-9.84871e-05
-9.47209e-05
-9.10304e-05
-8.74163e-05
-8.38792e-05
-8.04198e-05
-7.70387e-05
-7.37364e-05
-7.05132e-05
-6.73697e-05
-6.43061e-05
-6.13228e-05
-5.84198e-05
-5.55972e-05
-0.000246265
-0.000240321
-0.00023446
-0.000228679
-0.000222977
-0.000217353
-0.000211807
-0.000206335
-0.000200937
-0.000195612
-0.000190358
-0.000185174
-0.000180059
-0.000175011
-0.00017003
-0.000165115
-0.000160266
-0.000155482
-0.000150764
-0.000146113
-0.000141527
-0.000137009
-0.000132559
-0.000128177
-0.000123864
-0.000119622
-0.00011545
-0.00011135
-0.000107323
-0.00010337
-9.94912e-05
-9.56878e-05
-9.19605e-05
-8.83101e-05
-8.47374e-05
-8.1243e-05
-7.78275e-05
-7.44915e-05
-7.12355e-05
-6.80599e-05
-6.4965e-05
-6.19512e-05
-5.90186e-05
-5.61672e-05
-0.000247769
-0.000241851
-0.00023601
-0.000230245
-0.000224553
-0.000218935
-0.00021339
-0.000207916
-0.000202512
-0.000197179
-0.000191914
-0.000186715
-0.000181582
-0.000176515
-0.000171511
-0.000166572
-0.000161696
-0.000156884
-0.000152137
-0.000147454
-0.000142836
-0.000138284
-0.000133799
-0.000129382
-0.000125034
-0.000120756
-0.000116548
-0.000112412
-0.00010835
-0.00010436
-0.000100446
-9.66075e-05
-9.28454e-05
-8.91606e-05
-8.55541e-05
-8.20264e-05
-7.85783e-05
-7.52104e-05
-7.19231e-05
-6.8717e-05
-6.55923e-05
-6.25495e-05
-5.95887e-05
-5.671e-05
-0.000249094
-0.000243211
-0.0002374
-0.000231658
-0.000225984
-0.000220379
-0.000214842
-0.000209372
-0.000203968
-0.000198631
-0.000193359
-0.000188151
-0.000183006
-0.000177922
-0.000172901
-0.000167941
-0.000163042
-0.000158205
-0.00015343
-0.000148719
-0.000144071
-0.000139489
-0.000134972
-0.000130523
-0.000126141
-0.00012183
-0.000117588
-0.000113419
-0.000109322
-0.000105299
-0.000101351
-9.74796e-05
-9.36846e-05
-8.99674e-05
-8.63289e-05
-8.27698e-05
-7.92908e-05
-7.58926e-05
-7.25757e-05
-6.93407e-05
-6.61878e-05
-6.31175e-05
-6.013e-05
-5.72253e-05
-0.000250249
-0.00024441
-0.000238637
-0.000232925
-0.000227276
-0.00022169
-0.000216167
-0.000210706
-0.000205308
-0.000199973
-0.000194699
-0.000189485
-0.000184331
-0.000179236
-0.0001742
-0.000169222
-0.000164303
-0.000159444
-0.000154646
-0.000149908
-0.000145234
-0.000140623
-0.000136077
-0.000131597
-0.000127186
-0.000122843
-0.00011857
-0.000114369
-0.000110241
-0.000106186
-0.000102207
-9.83038e-05
-9.44779e-05
-9.07301e-05
-8.70615e-05
-8.34727e-05
-7.99646e-05
-7.65378e-05
-7.3193e-05
-6.99306e-05
-6.67511e-05
-6.36549e-05
-6.06421e-05
-5.77128e-05
-0.000251244
-0.000245458
-0.00023973
-0.000234055
-0.000228436
-0.000222875
-0.000217371
-0.000211925
-0.000206537
-0.000201208
-0.000195936
-0.000190721
-0.000185562
-0.000180458
-0.00017541
-0.000170418
-0.000165482
-0.000160604
-0.000155784
-0.000151023
-0.000146324
-0.000141687
-0.000137114
-0.000132607
-0.000128167
-0.000123795
-0.000119493
-0.000115263
-0.000111105
-0.000107021
-0.000103012
-9.90798e-05
-9.52249e-05
-9.14485e-05
-8.77515e-05
-8.41349e-05
-8.05994e-05
-7.71458e-05
-7.37747e-05
-7.04866e-05
-6.7282e-05
-6.41613e-05
-6.11247e-05
-5.81723e-05
-0.000252091
-0.000246365
-0.000240687
-0.000235056
-0.000229473
-0.000223941
-0.00021846
-0.000213033
-0.000207659
-0.000202339
-0.000197074
-0.00019186
-0.0001867
-0.000181591
-0.000176534
-0.00017153
-0.00016658
-0.000161684
-0.000156845
-0.000152064
-0.000147342
-0.000142682
-0.000138084
-0.000133552
-0.000129085
-0.000124687
-0.000120358
-0.0001161
-0.000111915
-0.000107803
-0.000103767
-9.98075e-05
-9.59255e-05
-9.21223e-05
-8.83988e-05
-8.47561e-05
-8.1195e-05
-7.77163e-05
-7.43205e-05
-7.10083e-05
-6.77802e-05
-6.46366e-05
-6.15777e-05
-5.86036e-05
-0.000252803
-0.000247141
-0.00024152
-0.000235936
-0.000230393
-0.000224894
-0.000219442
-0.000214036
-0.00020868
-0.000203373
-0.000198116
-0.000192908
-0.000187748
-0.000182636
-0.000177573
-0.00017256
-0.000167597
-0.000162687
-0.000157831
-0.000153031
-0.000148289
-0.000143607
-0.000138987
-0.000134431
-0.000129941
-0.000125518
-0.000121164
-0.000116881
-0.00011267
-0.000108533
-0.000104471
-0.000100486
-9.65792e-05
-9.27511e-05
-8.90031e-05
-8.53361e-05
-8.17511e-05
-7.82489e-05
-7.48302e-05
-7.14956e-05
-6.82455e-05
-6.50805e-05
-6.20008e-05
-5.90064e-05
-0.000253391
-0.000247799
-0.000242238
-0.000236706
-0.000231207
-0.000225745
-0.000220322
-0.000214941
-0.000209605
-0.000204314
-0.000199068
-0.000193867
-0.00018871
-0.000183597
-0.00017853
-0.000173508
-0.000168535
-0.000163612
-0.000158741
-0.000153925
-0.000149165
-0.000144463
-0.000139823
-0.000135245
-0.000130733
-0.000126287
-0.000121911
-0.000117604
-0.00011337
-0.00010921
-0.000105125
-0.000101116
-9.7186e-05
-9.33348e-05
-8.9564e-05
-8.58746e-05
-8.22675e-05
-7.87436e-05
-7.53035e-05
-7.19481e-05
-6.86776e-05
-6.54928e-05
-6.23938e-05
-5.93806e-05
-0.00025387
-0.00024835
-0.000242853
-0.000237376
-0.000231923
-0.0002265
-0.00022111
-0.000215756
-0.000210441
-0.000205168
-0.000199935
-0.000194742
-0.000189589
-0.000184477
-0.000179406
-0.000174378
-0.000169396
-0.000164462
-0.000159577
-0.000154746
-0.00014997
-0.000145251
-0.000140592
-0.000135995
-0.000131463
-0.000126997
-0.000122599
-0.000118271
-0.000114016
-0.000109834
-0.000105727
-0.000101697
-9.77456e-05
-9.38732e-05
-9.00814e-05
-8.63713e-05
-8.27439e-05
-7.92e-05
-7.57403e-05
-7.23657e-05
-6.90764e-05
-6.58733e-05
-6.27564e-05
-5.9726e-05
-0.000254253
-0.000248808
-0.000243377
-0.000237957
-0.000232553
-0.00022717
-0.000221814
-0.000216487
-0.000211195
-0.000205939
-0.00020072
-0.000195536
-0.000190388
-0.000185276
-0.000180203
-0.000175171
-0.000170181
-0.000165236
-0.00016034
-0.000155495
-0.000150704
-0.00014597
-0.000141294
-0.00013668
-0.000132129
-0.000127645
-0.000123228
-0.000118881
-0.000114606
-0.000110405
-0.000106278
-0.000102229
-9.82578e-05
-9.43661e-05
-9.05552e-05
-8.68262e-05
-8.31801e-05
-7.96179e-05
-7.61403e-05
-7.27481e-05
-6.94417e-05
-6.62218e-05
-6.30886e-05
-6.00423e-05
-0.000254552
-0.000249183
-0.000243819
-0.000238458
-0.000233105
-0.000227764
-0.000222442
-0.000217144
-0.000211873
-0.000206635
-0.000201428
-0.000196253
-0.000191109
-0.000185999
-0.000180924
-0.000175887
-0.00017089
-0.000165937
-0.00016103
-0.000156173
-0.000151369
-0.000146621
-0.00014193
-0.0001373
-0.000132733
-0.000128232
-0.000123798
-0.000119434
-0.000115141
-0.000110922
-0.000106778
-0.000102711
-9.87224e-05
-9.48132e-05
-9.0985e-05
-8.72389e-05
-8.3576e-05
-7.99972e-05
-7.65034e-05
-7.30952e-05
-6.97733e-05
-6.65382e-05
-6.33902e-05
-6.03294e-05
-0.00025478
-0.000249485
-0.000244188
-0.000238888
-0.000233587
-0.00022829
-0.000223003
-0.000217732
-0.000212483
-0.00020726
-0.000202064
-0.000196896
-0.000191756
-0.000186647
-0.00018157
-0.000176528
-0.000171525
-0.000166564
-0.000161648
-0.00015678
-0.000151965
-0.000147203
-0.0001425
-0.000137856
-0.000133275
-0.000128758
-0.000124309
-0.00011993
-0.000115622
-0.000111387
-0.000107227
-0.000103144
-9.91394e-05
-9.52146e-05
-9.13708e-05
-8.76094e-05
-8.39314e-05
-8.03377e-05
-7.68293e-05
-7.34069e-05
-7.0071e-05
-6.68223e-05
-6.3661e-05
-6.05873e-05
-0.000254946
-0.00024972
-0.000244488
-0.000239248
-0.000234001
-0.000228749
-0.000223497
-0.000218252
-0.000213023
-0.000207814
-0.000202628
-0.000197466
-0.00019233
-0.00018722
-0.000182141
-0.000177095
-0.000172086
-0.000167118
-0.000162194
-0.000157317
-0.000152491
-0.000147719
-0.000143003
-0.000138347
-0.000133753
-0.000129224
-0.000124762
-0.000120369
-0.000116047
-0.000111798
-0.000107624
-0.000103527
-9.95086e-05
-9.55699e-05
-9.17125e-05
-8.79375e-05
-8.42462e-05
-8.06394e-05
-7.7118e-05
-7.3683e-05
-7.03347e-05
-6.70739e-05
-6.39009e-05
-6.08157e-05
-0.000386142
-0.000375125
-0.000364318
-0.000353748
-0.000343437
-0.000333401
-0.000323651
-0.000314194
-0.000305034
-0.000296171
-0.000287604
-0.000279329
-0.00027134
-0.000263632
-0.000404085
-0.000391958
-0.000380118
-0.000368591
-0.000357395
-0.000346539
-0.000336032
-0.000325876
-0.00031607
-0.000306612
-0.000297494
-0.00028871
-0.000280252
-0.000272109
-0.000264271
-0.000256728
-0.000249467
-0.000242477
-0.000235748
-0.000229267
-0.000223024
-0.000217009
-0.00021121
-0.000205618
-0.000200223
-0.000195016
-0.000421928
-0.000408646
-0.00039574
-0.000383228
-0.000371125
-0.000359435
-0.000348159
-0.000337297
-0.000326842
-0.000316786
-0.000307119
-0.000297831
-0.000288907
-0.000280336
-0.000272103
-0.000264194
-0.000256596
-0.000249294
-0.000242274
-0.000235525
-0.000229031
-0.000222782
-0.000216765
-0.000210969
-0.000205383
-0.000199997
-0.000439596
-0.000425118
-0.000411112
-0.000397593
-0.000384565
-0.000372028
-0.000359978
-0.000348406
-0.000337302
-0.000326652
-0.000316441
-0.000306654
-0.000297273
-0.000288282
-0.000279663
-0.000271399
-0.000263474
-0.000255869
-0.00024857
-0.000241561
-0.000234827
-0.000228354
-0.000222128
-0.000216137
-0.000210368
-0.000204809
-0.000457001
-0.000441292
-0.000426161
-0.000411614
-0.000397649
-0.000384259
-0.000371431
-0.000359151
-0.000347402
-0.000336165
-0.000325419
-0.000315143
-0.000305316
-0.000295917
-0.000286925
-0.000278318
-0.000270077
-0.000262183
-0.000254616
-0.00024736
-0.000240396
-0.00023371
-0.000227286
-0.000221109
-0.000215167
-0.000209445
-0.000474051
-0.000457079
-0.000440801
-0.000425214
-0.000410306
-0.00039606
-0.000382458
-0.000369478
-0.000357093
-0.00034528
-0.000334012
-0.000323262
-0.000313004
-0.000303212
-0.000293861
-0.000284926
-0.000276385
-0.000268215
-0.000260395
-0.000252904
-0.000245725
-0.000238837
-0.000232226
-0.000225875
-0.00021977
-0.000213896
-0.000490643
-0.000472384
-0.000454945
-0.000438311
-0.000422459
-0.000407365
-0.000392998
-0.000379329
-0.000366324
-0.000353952
-0.000342179
-0.000330972
-0.000320301
-0.000310135
-0.000300444
-0.0002912
-0.000282376
-0.000273947
-0.000265889
-0.00025818
-0.000250798
-0.000243724
-0.000236939
-0.000230425
-0.000224169
-0.000218153
-0.000506662
-0.000487102
-0.000468496
-0.000450817
-0.000434031
-0.0004181
-0.000402985
-0.000388646
-0.000375042
-0.000362133
-0.000349877
-0.000338238
-0.000327177
-0.000316658
-0.000306649
-0.000297116
-0.000288029
-0.00027936
-0.000271083
-0.000263172
-0.000255604
-0.000248358
-0.000241413
-0.000234751
-0.000228355
-0.000222209
-0.000521989
-0.000501122
-0.000481354
-0.000462641
-0.000444937
-0.000428191
-0.000412353
-0.000397371
-0.000383195
-0.000369776
-0.000357067
-0.000345021
-0.000333597
-0.000322753
-0.000312449
-0.000302651
-0.000293325
-0.000284437
-0.00027596
-0.000267867
-0.000260131
-0.000252729
-0.00024564
-0.000238844
-0.000232322
-0.000226058
-0.000536491
-0.000514325
-0.00049341
-0.000473687
-0.000455093
-0.000437563
-0.000421033
-0.000405442
-0.000390729
-0.000376835
-0.000363706
-0.000351287
-0.000339531
-0.000328391
-0.000317822
-0.000307786
-0.000298245
-0.000289163
-0.000280509
-0.000272253
-0.000264368
-0.000256828
-0.000249612
-0.000242697
-0.000236064
-0.000229695
-0.00055003
-0.000526586
-0.000504554
-0.000483856
-0.00046441
-0.000446137
-0.00042896
-0.000412802
-0.000397593
-0.000383266
-0.000369755
-0.000357002
-0.00034495
-0.000333547
-0.000322746
-0.000312501
-0.000302773
-0.000293522
-0.000284715
-0.000276319
-0.000268306
-0.000260648
-0.000253321
-0.000246303
-0.000239574
-0.000233114
-0.000562459
-0.000537775
-0.000514672
-0.000493047
-0.000472802
-0.000453838
-0.000436064
-0.000419392
-0.000403738
-0.000389024
-0.000375178
-0.000362133
-0.000349826
-0.000338199
-0.0003272
-0.00031678
-0.000306895
-0.000297503
-0.000288569
-0.000280057
-0.000271937
-0.000264181
-0.000256763
-0.00024966
-0.00024285
-0.000236313
-0.000573626
-0.00054776
-0.000523646
-0.000501159
-0.000480179
-0.00046059
-0.000442283
-0.000425157
-0.000409115
-0.000394071
-0.000379942
-0.000366653
-0.000354135
-0.000342326
-0.000331167
-0.000320608
-0.000310599
-0.000301097
-0.000292063
-0.00028346
-0.000275257
-0.000267424
-0.000259934
-0.000252762
-0.000245888
-0.000239289
-0.000583376
-0.000556404
-0.00053136
-0.000508092
-0.000486457
-0.00046632
-0.000447555
-0.000430045
-0.000413683
-0.000398369
-0.000384014
-0.000370535
-0.000357857
-0.000345911
-0.000334635
-0.000323974
-0.000313876
-0.000304295
-0.00029519
-0.000286524
-0.000278262
-0.000270374
-0.000262831
-0.00025561
-0.000248687
-0.000242041
-0.000591551
-0.000563574
-0.0005377
-0.00051375
-0.000491556
-0.000470961
-0.000451823
-0.00043401
-0.000417402
-0.000401889
-0.000387372
-0.000373761
-0.000360975
-0.000348941
-0.000337593
-0.00032687
-0.00031672
-0.000307094
-0.000297949
-0.000289246
-0.00028095
-0.000273029
-0.000265455
-0.000258202
-0.000251248
-0.000244571
-0.000597995
-0.000569138
-0.000542557
-0.000518042
-0.000495399
-0.000474452
-0.000455039
-0.000437013
-0.000420241
-0.000404604
-0.000389995
-0.000376316
-0.00036348
-0.000351409
-0.000340034
-0.000329293
-0.000319129
-0.000309492
-0.000300338
-0.000291627
-0.000283322
-0.000275392
-0.000267807
-0.000260541
-0.000253573
-0.000246879
-0.000602558
-0.000572973
-0.00054583
-0.000520886
-0.000497923
-0.000476741
-0.000457161
-0.000439021
-0.000422177
-0.000406499
-0.000391871
-0.00037819
-0.000365364
-0.000353312
-0.00034196
-0.000331243
-0.000321105
-0.000311493
-0.000302362
-0.00029367
-0.000285382
-0.000277465
-0.00026989
-0.00026263
-0.000255664
-0.00024897
-0.0006051
-0.000574967
-0.000547429
-0.000522213
-0.000499073
-0.000477788
-0.00045816
-0.000440015
-0.000423195
-0.000407562
-0.000392994
-0.000379382
-0.00036663
-0.000354652
-0.000343373
-0.000332726
-0.000322653
-0.000313102
-0.000304025
-0.000295382
-0.000287136
-0.000279255
-0.00027171
-0.000264475
-0.000257528
-0.000250847
-0.000605497
-0.000575023
-0.000547282
-0.000521969
-0.000498811
-0.000477565
-0.000458019
-0.000439984
-0.000423291
-0.000407797
-0.000393371
-0.0003799
-0.000367285
-0.000355438
-0.000344283
-0.000333752
-0.000323784
-0.000314328
-0.000305338
-0.000296771
-0.000288593
-0.000280771
-0.000273276
-0.000266083
-0.00025917
-0.000252517
-0.000603646
-0.000573066
-0.000545336
-0.000520118
-0.000497114
-0.000476063
-0.000456736
-0.000438932
-0.000422475
-0.000407214
-0.000393013
-0.000379758
-0.000367346
-0.000355688
-0.000344707
-0.000334335
-0.000324512
-0.000315187
-0.000306313
-0.000297851
-0.000289764
-0.000282022
-0.000274596
-0.000267463
-0.0002606
-0.000253989
-0.000599473
-0.000569047
-0.000541562
-0.000516648
-0.000493984
-0.000473291
-0.000454326
-0.000436879
-0.000420768
-0.000405836
-0.000391947
-0.00037898
-0.000366836
-0.000355423
-0.000344666
-0.000334497
-0.000324857
-0.000315696
-0.000306969
-0.000298636
-0.000290664
-0.000283022
-0.000275683
-0.000268625
-0.000261827
-0.00025527
-0.000592937
-0.000562952
-0.000535964
-0.000511575
-0.000489444
-0.000469278
-0.000450823
-0.000433862
-0.000418208
-0.000403702
-0.000390206
-0.000377602
-0.000365788
-0.000354675
-0.000344189
-0.000334264
-0.000324843
-0.000315877
-0.000307324
-0.000299145
-0.000291308
-0.000283786
-0.000276551
-0.000269583
-0.000262863
-0.000256371
-0.000584043
-0.000554804
-0.000528578
-0.000504945
-0.000483547
-0.00046408
-0.000446282
-0.000429934
-0.000414847
-0.000400862
-0.000387841
-0.000375667
-0.000364243
-0.000353482
-0.000343311
-0.000333668
-0.000324499
-0.000315757
-0.000307402
-0.000299399
-0.000291718
-0.000284331
-0.000277215
-0.000270351
-0.000263719
-0.000257304
-0.000572849
-0.000544672
-0.000519483
-0.00049684
-0.000476375
-0.000457777
-0.000440783
-0.000425172
-0.000410756
-0.00039738
-0.000384909
-0.000373232
-0.000362252
-0.000351889
-0.000342073
-0.000332747
-0.000323859
-0.000315366
-0.000307232
-0.000299423
-0.000291913
-0.000284677
-0.000277693
-0.000270943
-0.000264411
-0.000258081
-0.000559465
-0.000532677
-0.000508799
-0.000487379
-0.000468043
-0.000450479
-0.000434426
-0.000419668
-0.000406021
-0.000393336
-0.000381485
-0.00037036
-0.000359874
-0.00034995
-0.000340524
-0.000331543
-0.000322961
-0.000314739
-0.000306843
-0.000299245
-0.000291919
-0.000284845
-0.000278004
-0.000271378
-0.000264953
-0.000258716
-0.000544062
-0.000518986
-0.000496688
-0.000476714
-0.000458693
-0.000442318
-0.000427334
-0.000413534
-0.000400744
-0.000388822
-0.000377649
-0.000367127
-0.000357175
-0.000347724
-0.000338716
-0.000330104
-0.000321847
-0.000313911
-0.000306268
-0.000298892
-0.000291762
-0.000284859
-0.000278167
-0.000271672
-0.000265361
-0.000259223
-0.000526892
-0.000503835
-0.00048337
-0.00046505
-0.000448512
-0.000433462
-0.000419658
-0.000406906
-0.000395046
-0.000383946
-0.0003735
-0.000363619
-0.000354232
-0.000345279
-0.000336709
-0.000328482
-0.000320564
-0.000312926
-0.000305544
-0.000298398
-0.000291469
-0.000284742
-0.000278205
-0.000271845
-0.000265653
-0.000259617
-0.000508405
-0.00048763
-0.000469208
-0.000452706
-0.000437783
-0.000424161
-0.000411619
-0.000399979
-0.000389096
-0.000378857
-0.000369167
-0.00035995
-0.000351145
-0.000342702
-0.00033458
-0.000326745
-0.00031917
-0.000311833
-0.000304715
-0.000297799
-0.000291072
-0.000284523
-0.000278141
-0.000271918
-0.000265844
-0.000259913
-0.000488868
-0.000470612
-0.000454418
-0.00043988
-0.000426681
-0.000414572
-0.000403356
-0.000392875
-0.000383008
-0.000373655
-0.000364739
-0.000356198
-0.000347983
-0.000340055
-0.000332383
-0.000324941
-0.00031771
-0.000310672
-0.000303815
-0.000297127
-0.0002906
-0.000284226
-0.000277997
-0.000271908
-0.000265952
-0.000260125
-0.0004667
-0.000451476
-0.000437921
-0.000425675
-0.000414466
-0.000404081
-0.000394359
-0.000385174
-0.000376429
-0.00036805
-0.000359979
-0.00035217
-0.000344591
-0.000337214
-0.000330021
-0.000322994
-0.000316123
-0.000309399
-0.000302815
-0.000296364
-0.000290044
-0.000283849
-0.000277776
-0.000271823
-0.000265986
-0.000260265
-0.00044438
-0.000432347
-0.000421528
-0.000411632
-0.000402439
-0.000393787
-0.000385553
-0.000377649
-0.000370007
-0.000362579
-0.000355328
-0.000348229
-0.000341262
-0.000334415
-0.000327681
-0.000321052
-0.000314526
-0.000308102
-0.000301778
-0.000295554
-0.000289431
-0.000283408
-0.000277487
-0.000271666
-0.00026595
-0.000260342
)
;

boundaryField
{
    down
    {
        type            symmetryPlane;
    }
    right
    {
        type            fixedValue;
        value           nonuniform List<scalar> 0();
    }
    up
    {
        type            symmetryPlane;
    }
    left
    {
        type            zeroGradient;
    }
    cylinder
    {
        type            zeroGradient;
    }
    frontAndBack
    {
        type            empty;
    }
    procBoundary6to2
    {
        type            processor;
        value           nonuniform List<scalar> 
71
(
-0.000185148
-0.000180639
-0.000176186
-0.000171789
-0.000167448
-0.000163165
-0.000158939
-0.000154771
-0.000150659
-0.000146606
-0.000142609
-0.000138669
-0.000134786
-0.000130959
-0.000127188
-0.000123473
-0.000119814
-0.00011621
-0.000112661
-0.000109168
-0.00010573
-0.000102347
-9.90195e-05
-9.57466e-05
-9.25288e-05
-8.93661e-05
-8.62585e-05
-8.32064e-05
-8.02097e-05
-7.72686e-05
-7.43835e-05
-7.15545e-05
-6.87818e-05
-6.60657e-05
-6.34066e-05
-6.08045e-05
-5.82598e-05
-5.57728e-05
-5.33437e-05
-5.09727e-05
-4.86599e-05
-4.64058e-05
-4.42102e-05
-4.20733e-05
-0.000368168
-0.000358216
-0.000348402
-0.000338758
-0.000329308
-0.000320072
-0.000311065
-0.000302298
-0.000293776
-0.000285506
-0.000277487
-0.000269721
-0.000262204
-0.000254933
-0.000256196
-0.000256196
-0.000249025
-0.000242109
-0.00023544
-0.000229008
-0.000222805
-0.000216821
-0.000211047
-0.000205474
-0.000200094
-0.000194898
-0.000189878
)
;
    }
    procBoundary6to5
    {
        type            processor;
        value           nonuniform List<scalar> 
80
(
-0.000346178
-0.000353224
-0.000367314
-0.000387872
-0.000407852
-0.000407852
-0.00044204
-0.000483961
-0.000458018
-0.000458018
-0.000458018
-0.000504131
-0.000533757
-0.000559308
-0.00058312
-0.000604884
-0.000624047
-0.000640345
-0.000653627
-0.000663815
-0.000670902
-0.00067495
-0.000676066
-0.000674402
-0.000670134
-0.000663461
-0.000654593
-0.000643746
-0.000631136
-0.000616974
-0.000601465
-0.000584801
-0.000567166
-0.00054873
-0.000529647
-0.000510061
-0.000490101
-0.000469883
-0.00044951
-0.000429075
-0.000483958
-0.000458015
-0.000442038
-0.000407851
-0.000407851
-0.000387871
-0.000367313
-0.000353224
-0.000346178
-0.000397332
-0.000416469
-0.000435559
-0.000454525
-0.000473276
-0.000491714
-0.000509728
-0.000527198
-0.000543991
-0.000559964
-0.000574963
-0.000588823
-0.000601373
-0.000612434
-0.000621822
-0.000629353
-0.000634847
-0.000638132
-0.000639049
-0.000637462
-0.000633262
-0.000626379
-0.000616791
-0.000604533
-0.000589705
-0.000572471
-0.000553093
-0.000532072
-0.000509699
-0.00048405
-0.000458015
)
;
    }
    procBoundary6to7
    {
        type            processor;
        value           nonuniform List<scalar> 
74
(
-5.85472e-05
-5.85213e-05
-5.84696e-05
-5.8392e-05
-5.82886e-05
-5.81594e-05
-5.80045e-05
-5.78196e-05
-5.76023e-05
-5.73571e-05
-5.7084e-05
-5.67831e-05
-5.64547e-05
-5.60988e-05
-5.57157e-05
-5.53055e-05
-5.48685e-05
-5.44049e-05
-5.39148e-05
-5.33986e-05
-5.28565e-05
-5.22888e-05
-5.16958e-05
-5.10777e-05
-5.0435e-05
-4.97678e-05
-4.90766e-05
-4.83617e-05
-4.76235e-05
-4.68623e-05
-4.60786e-05
-4.52727e-05
-4.44452e-05
-4.35963e-05
-4.27267e-05
-4.18366e-05
-4.09266e-05
-5.80041e-05
-5.8159e-05
-5.82883e-05
-5.83918e-05
-5.84694e-05
-5.85212e-05
-5.85471e-05
-4.09248e-05
-4.18348e-05
-4.27249e-05
-4.35946e-05
-4.44435e-05
-4.52711e-05
-4.6077e-05
-4.68607e-05
-4.76219e-05
-4.83602e-05
-4.90751e-05
-4.97664e-05
-5.04336e-05
-5.10764e-05
-5.16945e-05
-5.22876e-05
-5.28553e-05
-5.33975e-05
-5.39137e-05
-5.44038e-05
-5.48675e-05
-5.53046e-05
-5.57148e-05
-5.6098e-05
-5.64539e-05
-5.67824e-05
-5.70833e-05
-5.73565e-05
-5.76018e-05
-5.78191e-05
)
;
    }
    procBoundary6to10
    {
        type            processor;
        value           nonuniform List<scalar> 
72
(
-0.000185152
-0.000180644
-0.000176191
-0.000171794
-0.000171794
-0.000162973
-0.000158834
-0.000154749
-0.000150716
-0.000146735
-0.000142809
-0.000138936
-0.000135116
-0.000131349
-0.000127635
-0.000123974
-0.000120367
-0.000116812
-0.000113309
-0.00010986
-0.000106463
-0.000103119
-9.98282e-05
-9.65899e-05
-9.34043e-05
-9.02717e-05
-8.71922e-05
-8.41658e-05
-8.11928e-05
-7.82733e-05
-7.54077e-05
-7.2596e-05
-6.98385e-05
-6.71356e-05
-6.44875e-05
-6.18944e-05
-5.93567e-05
-5.68747e-05
-5.44485e-05
-5.20784e-05
-4.97648e-05
-4.75077e-05
-4.53075e-05
-4.31641e-05
-4.10778e-05
-0.000397338
-0.000386148
-0.000375131
-0.000364324
-0.000353754
-0.000343443
-0.000333407
-0.000323657
-0.0003142
-0.00030504
-0.000296178
-0.000287611
-0.000279335
-0.000271347
-0.000263638
-0.000256202
-0.00024903
-0.000242115
-0.000235445
-0.000229014
-0.000222811
-0.000216826
-0.000211052
-0.000205479
-0.000200099
-0.000194903
-0.000189883
)
;
    }
    procBoundary6to11
    {
        type            processor;
        value           uniform -3.99972e-05;
    }
}


// ************************************************************************* //
