/*--------------------------------*- C++ -*----------------------------------*\
| =========                 |                                                 |
| \\      /  F ield         | OpenFOAM: The Open Source CFD Toolbox           |
|  \\    /   O peration     | Version:  2412                                  |
|   \\  /    A nd           | Website:  www.openfoam.com                      |
|    \\/     M anipulation  |                                                 |
\*---------------------------------------------------------------------------*/
FoamFile
{
    version     2.0;
    format      ascii;
    arch        "LSB;label=32;scalar=64";
    class       volScalarField;
    location    "19.5";
    object      p;
}
// * * * * * * * * * * * * * * * * * * * * * * * * * * * * * * * * * * * * * //

dimensions      [0 2 -2 0 0 0 0];

internalField   nonuniform List<scalar> 
5285
(
0.00104484
0.00104534
0.00104555
0.00104545
0.00104499
0.00104414
0.00104288
0.00104115
0.00103893
0.00103616
0.00103279
0.00102879
0.00102409
0.00101864
0.00101238
0.00100524
0.00102973
0.00102976
0.00102948
0.00102888
0.00102791
0.00102655
0.00102476
0.0010225
0.00101974
0.00101643
0.00101252
0.00100798
0.00100273
0.000996747
0.000989956
0.000982304
0.00101487
0.00101444
0.00101371
0.00101264
0.00101119
0.00100935
0.00100707
0.00100432
0.00100105
0.000997241
0.000992835
0.000987789
0.000982055
0.000975582
0.000968318
0.000960207
0.00100026
0.000999412
0.000998244
0.000996729
0.000994837
0.000992539
0.000989802
0.00098659
0.000982866
0.000978592
0.000973727
0.000968227
0.000962046
0.000955137
0.000947449
0.000938932
0.000985921
0.000984669
0.000983092
0.000981162
0.000978852
0.000976131
0.000972968
0.000969329
0.00096518
0.000960482
0.000955198
0.000949285
0.000942701
0.0009354
0.000927337
0.000918461
0.000971855
0.000970223
0.000968262
0.000965943
0.000963241
0.000960126
0.000956569
0.000952536
0.000947995
0.00094291
0.000937244
0.000930957
0.000924011
0.000916361
0.000907965
0.000898778
0.000958069
0.000956081
0.000953759
0.000951077
0.00094801
0.000944529
0.000940607
0.000936211
0.000931311
0.000925872
0.00091986
0.000913237
0.000905966
0.000898007
0.00088932
0.000879862
0.000944571
0.000942247
0.000939587
0.000936566
0.000933159
0.00092934
0.000925081
0.000920352
0.000915123
0.000909363
0.000903038
0.000896113
0.000888554
0.000880323
0.000871382
0.000861693
0.000931362
0.000928725
0.000925749
0.000922413
0.000918691
0.000914559
0.00090999
0.000904956
0.000899428
0.000893376
0.00088677
0.000879576
0.000871762
0.000863293
0.000854134
0.000844249
0.000918448
0.000915516
0.000912247
0.000908617
0.000904604
0.000900183
0.00089533
0.000890017
0.000884218
0.000877904
0.000871046
0.000863614
0.000855576
0.000846901
0.000837556
0.000827508
0.000905828
0.000902622
0.00089908
0.000895178
0.000890896
0.000886211
0.000881097
0.000875531
0.000869487
0.000862938
0.000855856
0.000848213
0.000839981
0.000831129
0.000821628
0.000811447
0.000893505
0.000890044
0.000886247
0.000882095
0.000877566
0.000872637
0.000867287
0.000861492
0.000855227
0.000848467
0.000841188
0.000833361
0.000824961
0.00081596
0.00080633
0.000796044
0.000881477
0.00087778
0.000873749
0.000869365
0.000864608
0.000859458
0.000853893
0.000847891
0.000841428
0.000834482
0.000827029
0.000819043
0.0008105
0.000801375
0.000791642
0.000781275
0.000869746
0.000865828
0.000861581
0.000856984
0.00085202
0.000846668
0.000840909
0.000834721
0.000828082
0.000820972
0.000813367
0.000805245
0.000796582
0.000787356
0.000777543
0.000767119
0.000858308
0.000854188
0.000849741
0.000844949
0.000839795
0.000834261
0.000828326
0.000821972
0.000815178
0.000807924
0.000800189
0.000791952
0.000783191
0.000773884
0.000764012
0.000753551
0.000847163
0.000842855
0.000838225
0.000833255
0.000827929
0.00082223
0.000816139
0.000809637
0.000802707
0.000795328
0.000787482
0.000779148
0.000770308
0.000760941
0.000751029
0.00074055
0.000836306
0.000831826
0.000827029
0.000821897
0.000816416
0.000810568
0.000804337
0.000797705
0.000790656
0.00078317
0.000775231
0.00076682
0.000757918
0.000748509
0.000738573
0.000728094
0.000825736
0.000821098
0.000816148
0.000810869
0.000805247
0.000799267
0.000792912
0.000786167
0.000779015
0.000771439
0.000763423
0.000754951
0.000746005
0.000736568
0.000726626
0.000716161
0.000815449
0.000810667
0.000805577
0.000800165
0.000794418
0.00078832
0.000781857
0.000775013
0.000767773
0.000760123
0.000752045
0.000743526
0.00073455
0.000725102
0.000715167
0.00070473
0.00080544
0.000800526
0.000795311
0.00078978
0.00078392
0.000777718
0.00077116
0.000764232
0.000756919
0.000749207
0.000741083
0.000732532
0.000723539
0.000714092
0.000704177
0.000693781
0.000902355
0.000902504
0.000902972
0.000903695
0.00090466
0.000905858
0.000907274
0.000908898
0.000910719
0.000900329
0.000900472
0.000900924
0.000901621
0.000902552
0.000903706
0.000905071
0.000906636
0.000908389
0.000910321
0.000912421
0.000914679
0.000917086
0.000919633
0.000922309
0.000925108
0.000928022
0.000931044
0.000934168
0.000937388
0.000940698
0.000944091
0.00094756
0.000951097
0.000954695
0.000958345
0.000962039
0.000965768
0.000969523
0.000973294
0.000977072
0.000980848
0.000984612
0.000988355
0.000992066
0.000995736
0.000999355
0.00100291
0.0010064
0.0010098
0.00101311
0.00101632
0.00101942
0.00102239
0.00102523
0.00102793
0.00103047
0.00103285
0.00103505
0.00103707
0.0010389
0.00104052
0.00104193
0.00104313
0.00104409
0.000898267
0.000898405
0.00089884
0.000899511
0.000900407
0.000901518
0.000902831
0.000904335
0.00090602
0.000907875
0.000909891
0.000912057
0.000914364
0.000916802
0.000919362
0.000922036
0.000924818
0.000927699
0.000930675
0.000933738
0.000936883
0.000940102
0.000943389
0.000946736
0.000950135
0.000953577
0.000957054
0.000960557
0.000964076
0.000967602
0.000971126
0.000974638
0.000978129
0.000981589
0.000985007
0.000988375
0.000991682
0.000994919
0.000998074
0.00100114
0.0010041
0.00100695
0.00100968
0.00101228
0.00101474
0.00101705
0.00101919
0.00102117
0.00102296
0.00102456
0.00102597
0.00102717
0.00102815
0.00102891
0.00102943
0.00089617
0.000896303
0.000896721
0.000897366
0.000898227
0.000899294
0.000900555
0.000901998
0.000903614
0.000905393
0.000907324
0.000909397
0.000911603
0.000913932
0.000916375
0.000918925
0.000921574
0.000924314
0.000927141
0.000930048
0.000933027
0.000936074
0.000939179
0.000942337
0.000945537
0.000948773
0.000952034
0.000955312
0.000958597
0.000961881
0.000965153
0.000968404
0.000971625
0.000974805
0.000977936
0.000981006
0.000984007
0.000986928
0.000989759
0.000992491
0.000995114
0.000997617
0.000999991
0.00100223
0.00100431
0.00100624
0.001008
0.00100959
0.00101098
0.00101219
0.00101319
0.00101398
0.00101455
0.00101489
0.001015
0.00089404
0.000894167
0.000894568
0.000895188
0.000896013
0.000897036
0.000898244
0.000899627
0.000901174
0.000902875
0.000904721
0.000906701
0.000908805
0.000911025
0.000913352
0.000915776
0.000918292
0.000920892
0.00092357
0.00092632
0.000929136
0.000932009
0.000934934
0.000937903
0.000940906
0.000943936
0.000946983
0.000950038
0.000953092
0.000956135
0.000959158
0.000962152
0.000965106
0.000968011
0.000970858
0.000973636
0.000976336
0.000978948
0.000981463
0.00098387
0.00098616
0.000988324
0.000990351
0.000992232
0.000993959
0.000995522
0.000996911
0.000998119
0.000999136
0.000999955
0.00100057
0.00100097
0.00100114
0.00100109
0.00100081
0.000891878
0.000892
0.000892384
0.000892977
0.000893767
0.000894746
0.000895901
0.000897222
0.0008987
0.000900324
0.000902084
0.00090397
0.000905973
0.000908084
0.000910293
0.000912593
0.000914976
0.000917435
0.000919965
0.000922559
0.00092521
0.000927912
0.000930658
0.000933438
0.000936246
0.000939071
0.000941906
0.00094474
0.000947565
0.000950371
0.000953148
0.000955887
0.000958579
0.000961213
0.000963781
0.000966272
0.000968678
0.000970988
0.000973192
0.000975282
0.000977249
0.000979082
0.000980772
0.000982311
0.000983689
0.000984898
0.000985929
0.000986774
0.000987426
0.000987875
0.000988116
0.00098814
0.000987942
0.000987514
0.000986853
0.000889685
0.000889802
0.000890169
0.000890735
0.00089149
0.000892424
0.000893526
0.000894786
0.000896194
0.00089774
0.000899415
0.000901208
0.00090311
0.000905111
0.000907203
0.000909377
0.000911628
0.000913947
0.000916328
0.000918767
0.000921255
0.000923786
0.000926352
0.000928946
0.000931559
0.000934183
0.000936807
0.000939423
0.000942021
0.000944593
0.000947128
0.000949616
0.00095205
0.000954418
0.000956712
0.000958922
0.000961039
0.000963054
0.000964956
0.000966737
0.000968388
0.0009699
0.000971263
0.00097247
0.000973512
0.000974379
0.000975066
0.000975562
0.000975862
0.000975958
0.000975843
0.000975511
0.000974955
0.000974171
0.000973153
0.000887463
0.000887574
0.000887924
0.000888464
0.000889183
0.000890073
0.000891122
0.00089232
0.000893659
0.000895127
0.000896716
0.000898415
0.000900215
0.000902107
0.000904082
0.000906132
0.00090825
0.000910429
0.000912663
0.000914946
0.000917272
0.000919633
0.000922022
0.000924431
0.000926852
0.000929275
0.000931691
0.000934092
0.000936467
0.000938807
0.000941103
0.000943345
0.000945525
0.000947632
0.000949658
0.000951593
0.000953428
0.000955154
0.000956761
0.000958242
0.000959587
0.000960787
0.000961834
0.000962719
0.000963436
0.000963975
0.000964329
0.000964491
0.000964454
0.000964212
0.000963758
0.000963086
0.000962191
0.000961068
0.000959713
0.000885213
0.000885319
0.000885651
0.000886165
0.000886848
0.000887693
0.000888689
0.000889826
0.000891095
0.000892486
0.000893989
0.000895594
0.000897293
0.000899076
0.000900934
0.000902859
0.000904845
0.000906885
0.000908972
0.000911101
0.000913266
0.000915458
0.000917671
0.000919897
0.000922127
0.000924352
0.000926563
0.000928751
0.000930905
0.000933018
0.000935079
0.000937079
0.00093901
0.000940861
0.000942625
0.000944291
0.00094585
0.000947295
0.000948616
0.000949804
0.000950851
0.000951749
0.00095249
0.000953066
0.000953469
0.000953692
0.000953727
0.000953569
0.00095321
0.000952645
0.000951867
0.000950873
0.000949656
0.000948213
0.00094654
0.000882937
0.000883037
0.000883352
0.000883839
0.000884487
0.000885287
0.00088623
0.000887306
0.000888505
0.000889818
0.000891235
0.000892747
0.000894345
0.000896019
0.00089776
0.000899562
0.000901416
0.000903317
0.000905258
0.000907234
0.000909239
0.000911264
0.000913303
0.000915348
0.000917389
0.000919419
0.000921427
0.000923404
0.000925342
0.000927231
0.000929061
0.000930824
0.00093251
0.000934111
0.000935618
0.000937021
0.000938312
0.000939483
0.000940525
0.00094143
0.000942189
0.000942795
0.00094324
0.000943517
0.000943618
0.000943537
0.000943267
0.000942802
0.000942136
0.000941263
0.000940178
0.000938877
0.000937356
0.00093561
0.000933637
0.000880635
0.00088073
0.000881028
0.000881488
0.0008821
0.000882856
0.000883746
0.00088476
0.000885889
0.000887125
0.000888457
0.000889876
0.000891373
0.000892938
0.000894564
0.000896241
0.000897965
0.000899728
0.000901524
0.000903348
0.000905194
0.000907054
0.000908921
0.000910786
0.000912641
0.000914478
0.000916286
0.000918057
0.000919781
0.00092145
0.000923054
0.000924584
0.000926032
0.000927387
0.000928643
0.00092979
0.00093082
0.000931725
0.000932496
0.000933126
0.000933606
0.00093393
0.00093409
0.000934079
0.000933891
0.000933518
0.000932955
0.000932197
0.000931237
0.000930071
0.000928695
0.000927104
0.000925295
0.000923264
0.000921009
0.00087831
0.000878399
0.00087868
0.000879114
0.00087969
0.000880401
0.000881238
0.000882191
0.000883251
0.000884409
0.000885656
0.000886982
0.000888379
0.000889836
0.000891346
0.000892901
0.000894494
0.00089612
0.000897773
0.000899446
0.000901135
0.000902831
0.000904527
0.000906216
0.000907888
0.000909534
0.000911145
0.000912713
0.000914228
0.000915681
0.000917062
0.000918364
0.000919578
0.000920695
0.000921706
0.000922604
0.00092338
0.000924026
0.000924534
0.000924898
0.000925109
0.000925161
0.000925046
0.000924758
0.000924291
0.000923639
0.000922797
0.000921758
0.000920519
0.000919076
0.000917423
0.000915557
0.000913476
0.000911177
0.000908658
0.000875962
0.000876046
0.00087631
0.000876717
0.000877257
0.000877924
0.000878708
0.0008796
0.000880591
0.000881672
0.000882834
0.000884068
0.000885365
0.000886714
0.000888109
0.000889542
0.000891006
0.000892496
0.000894006
0.000895531
0.000897064
0.000898598
0.000900126
0.00090164
0.000903131
0.00090459
0.000906008
0.000907376
0.000908685
0.000909926
0.000911091
0.00091217
0.000913155
0.000914038
0.000914812
0.000915467
0.000915995
0.000916391
0.000916645
0.000916751
0.000916702
0.000916491
0.000916112
0.000915559
0.000914825
0.000913906
0.000912797
0.000911492
0.000909987
0.000908279
0.000906365
0.00090424
0.000901903
0.000899352
0.000896585
0.000873593
0.000873672
0.000873919
0.000874299
0.000874804
0.000875426
0.000876158
0.000876988
0.000877911
0.000878915
0.000879993
0.000881135
0.000882332
0.000883575
0.000884856
0.000886167
0.000887503
0.000888858
0.000890227
0.000891604
0.000892984
0.000894358
0.000895721
0.000897063
0.000898375
0.00089965
0.000900878
0.00090205
0.000903157
0.000904191
0.000905143
0.000906004
0.000906767
0.000907423
0.000907964
0.000908383
0.000908672
0.000908825
0.000908833
0.000908691
0.000908391
0.000907927
0.000907294
0.000906486
0.000905497
0.000904323
0.000902959
0.0009014
0.000899644
0.000897686
0.000895524
0.000893155
0.000890577
0.00088779
0.000884791
0.000871205
0.000871278
0.000871508
0.000871862
0.000872331
0.00087291
0.000873588
0.000874359
0.000875212
0.000876141
0.000877135
0.000878186
0.000879284
0.000880421
0.000881588
0.000882779
0.000883988
0.00088521
0.000886439
0.00088767
0.000888898
0.000890115
0.000891314
0.000892486
0.000893624
0.000894718
0.000895759
0.000896739
0.000897649
0.000898479
0.000899223
0.000899872
0.000900417
0.000900852
0.000901168
0.000901358
0.000901415
0.000901332
0.000901103
0.000900721
0.000900179
0.000899473
0.000898596
0.000897544
0.000896311
0.000894893
0.000893287
0.000891487
0.000889492
0.000887297
0.000884902
0.000882303
0.0008795
0.000876491
0.000873277
0.000868798
0.000868866
0.000869079
0.000869406
0.00086984
0.000870375
0.000871001
0.000871711
0.000872497
0.00087335
0.000874261
0.000875221
0.000876221
0.000877253
0.000878308
0.00087938
0.000880463
0.000881552
0.000882643
0.00088373
0.000884808
0.00088587
0.000886908
0.000887914
0.000888879
0.000889796
0.000890654
0.000891446
0.000892162
0.000892794
0.000893335
0.000893777
0.000894111
0.00089433
0.000894427
0.000894395
0.000894228
0.000893918
0.000893459
0.000892846
0.000892072
0.000891132
0.000890022
0.000888736
0.00088727
0.000885621
0.000883783
0.000881755
0.000879534
0.000877116
0.000874501
0.000871687
0.000868672
0.000865457
0.000862041
0.000866375
0.000866437
0.000866633
0.000866934
0.000867333
0.000867824
0.000868399
0.000869049
0.000869767
0.000870544
0.000871373
0.000872243
0.000873147
0.000874074
0.000875017
0.000875971
0.000876929
0.000877887
0.000878842
0.000879787
0.000880718
0.000881626
0.000882506
0.000883349
0.000884145
0.000884887
0.000885566
0.000886174
0.000886701
0.00088714
0.000887483
0.000887722
0.00088785
0.000887861
0.000887745
0.000887499
0.000887113
0.000886584
0.000885904
0.000885068
0.000884072
0.000882909
0.000881575
0.000880066
0.000878378
0.000876507
0.000874451
0.000872206
0.000869771
0.000867143
0.000864322
0.000861305
0.000858093
0.000854685
0.000851082
0.000863935
0.000863992
0.000864171
0.000864446
0.000864811
0.000865258
0.000865781
0.000866372
0.000867023
0.000867726
0.000868473
0.000869254
0.000870061
0.000870885
0.000871718
0.000872554
0.000873389
0.000874218
0.000875038
0.000875843
0.000876629
0.000877387
0.000878111
0.000878793
0.000879424
0.000879996
0.000880499
0.000880926
0.000881269
0.000881519
0.000881669
0.000881712
0.00088164
0.000881447
0.000881127
0.000880672
0.000880076
0.000879335
0.000878442
0.000877393
0.000876182
0.000874805
0.000873257
0.000871535
0.000869636
0.000867555
0.000865292
0.000862842
0.000860205
0.00085738
0.000854364
0.000851158
0.000847761
0.000844174
0.000840398
0.000861482
0.000861533
0.000861695
0.000861945
0.000862275
0.000862679
0.000863151
0.000863683
0.000864267
0.000864896
0.000865562
0.000866255
0.000866967
0.000867688
0.000868412
0.000869133
0.000869846
0.000870547
0.000871234
0.000871902
0.000872544
0.000873155
0.000873726
0.00087425
0.000874719
0.000875123
0.000875455
0.000875706
0.000875869
0.000875935
0.000875897
0.000875749
0.000875483
0.000875093
0.000874573
0.000873917
0.000873119
0.000872174
0.000871077
0.000869822
0.000868405
0.000866823
0.000865071
0.000863147
0.000861046
0.000858767
0.000856307
0.000853664
0.000850837
0.000847825
0.000844628
0.000841245
0.000837676
0.000833923
0.000829987
0.000859015
0.000859061
0.000859207
0.000859431
0.000859726
0.000860088
0.000860509
0.000860982
0.000861501
0.000862057
0.000862642
0.000863248
0.000863866
0.000864486
0.000865101
0.000865708
0.0008663
0.000866876
0.000867432
0.000867964
0.000868466
0.000868931
0.000869353
0.000869723
0.000870032
0.000870273
0.000870437
0.000870517
0.000870503
0.00087039
0.00087017
0.000869836
0.000869382
0.000868802
0.000868089
0.000867239
0.000866245
0.000865104
0.000863809
0.000862358
0.000860745
0.000858967
0.00085702
0.000854902
0.000852611
0.000850143
0.000847497
0.000844672
0.000841666
0.00083848
0.000835113
0.000831564
0.000827836
0.000823929
0.000819845
0.000856537
0.000856578
0.000856707
0.000856905
0.000857167
0.000857486
0.000857857
0.000858272
0.000858725
0.000859209
0.000859715
0.000860235
0.000860759
0.000861279
0.000861788
0.000862281
0.000862755
0.000863207
0.000863634
0.000864032
0.000864396
0.000864719
0.000864994
0.000865213
0.000865367
0.000865448
0.000865448
0.00086536
0.000865176
0.000864888
0.00086449
0.000863976
0.00086334
0.000862575
0.000861677
0.000860639
0.000859457
0.000858127
0.000856643
0.000855003
0.000853202
0.000851237
0.000849105
0.000846804
0.000844331
0.000841684
0.000838863
0.000835866
0.000832693
0.000829343
0.000825817
0.000822115
0.000818239
0.00081419
0.00080997
0.0008541
0.000854136
0.000854249
0.000854422
0.000854651
0.000854929
0.000855251
0.00085561
0.000856
0.000856413
0.000856842
0.000857278
0.000857712
0.000858135
0.000858541
0.000858925
0.000859285
0.000859617
0.00085992
0.00086019
0.000860421
0.000860608
0.000860742
0.000860815
0.00086082
0.000860749
0.000860593
0.000860344
0.000859997
0.000859543
0.000858977
0.000858292
0.000857482
0.000856543
0.000855468
0.000854254
0.000852894
0.000851386
0.000849725
0.000847908
0.000845931
0.000843791
0.000841487
0.000839015
0.000836374
0.000833562
0.000830579
0.000827424
0.000824096
0.000820597
0.000816926
0.000813085
0.000809075
0.000804897
0.000800555
0.000851681
0.000851712
0.00085181
0.000851959
0.000852155
0.000852393
0.000852667
0.000852971
0.000853299
0.000853644
0.000853998
0.000854352
0.000854698
0.000855027
0.000855332
0.00085561
0.000855857
0.000856073
0.000856256
0.000856401
0.000856503
0.000856557
0.000856554
0.000856488
0.000856349
0.00085613
0.000855822
0.00085542
0.000854915
0.000854302
0.000853573
0.000852724
0.000851749
0.000850643
0.0008494
0.000848017
0.000846489
0.000844812
0.000842982
0.000840998
0.000838854
0.00083655
0.000834082
0.00083145
0.000828651
0.000825685
0.000822551
0.000819249
0.000815778
0.00081214
0.000808336
0.000804366
0.000800233
0.000795939
0.000791485
0.000849207
0.000849233
0.000849315
0.00084944
0.000849603
0.0008498
0.000850026
0.000850274
0.00085054
0.000850815
0.000851094
0.000851366
0.000851623
0.000851857
0.000852061
0.000852231
0.000852367
0.000852467
0.000852528
0.000852548
0.000852522
0.000852443
0.000852304
0.000852097
0.000851815
0.000851449
0.000850991
0.000850436
0.000849775
0.000849004
0.000848115
0.000847104
0.000845965
0.000844694
0.000843286
0.000841737
0.000840043
0.000838201
0.000836207
0.000834059
0.000831754
0.000829289
0.000826664
0.000823877
0.000820926
0.000817811
0.000814532
0.000811088
0.000807482
0.000803712
0.000799781
0.00079569
0.000791442
0.000787037
0.000782481
0.000846677
0.000846698
0.000846764
0.000846864
0.000846994
0.00084715
0.000847327
0.00084752
0.000847722
0.000847928
0.00084813
0.00084832
0.000848488
0.000848626
0.000848728
0.000848792
0.000848815
0.000848797
0.000848738
0.000848633
0.000848478
0.000848267
0.000847992
0.000847646
0.000847221
0.000846708
0.000846102
0.000845395
0.00084458
0.000843652
0.000842604
0.000841434
0.000840134
0.000838701
0.000837131
0.000835419
0.000833563
0.000831559
0.000829405
0.000827098
0.000824635
0.000822016
0.000819238
0.000816301
0.000813203
0.000809946
0.000806528
0.00080295
0.000799213
0.000795319
0.000791268
0.000787063
0.000782706
0.0007782
0.000773548
0.00084409
0.000844106
0.000844156
0.000844231
0.000844328
0.000844443
0.000844571
0.000844707
0.000844846
0.000844982
0.000845108
0.000845214
0.000845292
0.000845335
0.000845335
0.000845291
0.000845202
0.000845067
0.000844887
0.000844657
0.000844373
0.00084403
0.00084362
0.000843136
0.000842568
0.000841911
0.000841157
0.000840299
0.000839331
0.000838248
0.000837045
0.000835717
0.000834259
0.000832667
0.000830937
0.000829067
0.000827052
0.000824891
0.000822581
0.000820119
0.000817504
0.000814734
0.000811809
0.000808728
0.00080549
0.000802096
0.000798545
0.000794839
0.000790979
0.000786967
0.000782804
0.000778492
0.000774034
0.000769433
0.000764693
0.000841448
0.000841459
0.000841492
0.000841542
0.000841606
0.000841679
0.000841758
0.000841837
0.000841913
0.000841978
0.000842027
0.000842049
0.000842038
0.000841984
0.000841882
0.00084173
0.000841529
0.000841278
0.000840976
0.000840622
0.00084021
0.000839736
0.000839191
0.000838568
0.00083786
0.000837059
0.000836158
0.000835151
0.000834033
0.000832798
0.00083144
0.000829957
0.000828343
0.000826596
0.00082471
0.000822685
0.000820516
0.000818201
0.000815739
0.000813128
0.000810365
0.000807451
0.000804384
0.000801164
0.000797792
0.000794267
0.00079059
0.000786763
0.000782787
0.000778663
0.000774395
0.000769983
0.000765432
0.000760744
0.000755923
0.00083875
0.000838756
0.000838773
0.000838798
0.000838827
0.000838859
0.000838888
0.00083891
0.000838922
0.000838916
0.000838887
0.000838826
0.000838724
0.000838574
0.00083837
0.000838111
0.000837798
0.00083743
0.000837008
0.000836529
0.00083599
0.000835385
0.000834706
0.000833947
0.000833099
0.000832155
0.000831109
0.000829956
0.000828688
0.000827303
0.000825794
0.000824159
0.000822392
0.000820492
0.000818455
0.000816278
0.000813958
0.000811495
0.000808886
0.000806129
0.000803225
0.000800171
0.000796968
0.000793616
0.000790115
0.000786466
0.000782669
0.000778728
0.000774642
0.000770414
0.000766047
0.000761544
0.000756906
0.000752138
0.000747244
0.000835996
0.000835997
0.000835998
0.000835997
0.000835993
0.000835982
0.000835961
0.000835927
0.000835874
0.000835797
0.000835691
0.000835545
0.000835353
0.000835107
0.000834801
0.000834435
0.000834009
0.000833525
0.000832983
0.000832382
0.000831716
0.000830981
0.000830169
0.000829273
0.000828287
0.000827202
0.000826013
0.000824714
0.000823301
0.000821767
0.00082011
0.000818325
0.00081641
0.000814361
0.000812175
0.00080985
0.000807385
0.000804777
0.000802026
0.00079913
0.000796088
0.0007929
0.000789567
0.000786089
0.000782465
0.000778698
0.000774789
0.000770739
0.000766551
0.000762226
0.000757768
0.000753179
0.000748463
0.000743623
0.000738662
0.000833188
0.000833183
0.000833167
0.000833141
0.000833103
0.00083305
0.000832979
0.000832887
0.000832769
0.000832622
0.000832437
0.000832208
0.000831925
0.000831583
0.000831176
0.000830703
0.000830166
0.000829567
0.000828905
0.000828181
0.000827389
0.000826525
0.000825581
0.000824551
0.000823427
0.000822203
0.000820873
0.000819432
0.000817874
0.000816195
0.000814392
0.000812462
0.0008104
0.000808206
0.000805876
0.000803408
0.000800801
0.000798054
0.000795165
0.000792134
0.000788961
0.000785645
0.000782188
0.000778589
0.00077485
0.000770971
0.000766956
0.000762805
0.000758521
0.000754106
0.000749564
0.000744897
0.000740109
0.000735203
0.000730184
0.000830324
0.000830314
0.000830282
0.00083023
0.000830158
0.000830062
0.000829941
0.000829792
0.00082961
0.000829391
0.000829128
0.000828815
0.000828442
0.000828004
0.000827496
0.000826917
0.000826269
0.000825555
0.000824776
0.00082393
0.000823013
0.000822021
0.000820947
0.000819783
0.000818524
0.000817162
0.000815693
0.000814111
0.000812411
0.00081059
0.000808645
0.000806572
0.000804368
0.000802032
0.000799562
0.000796955
0.000794212
0.00079133
0.000788309
0.000785149
0.00078185
0.000778412
0.000774836
0.000771123
0.000767274
0.000763291
0.000759175
0.00075493
0.000750557
0.000746059
0.00074144
0.000736702
0.00073185
0.000726886
0.000721815
0.000827407
0.000827391
0.000827343
0.000827266
0.000827159
0.000827021
0.00082685
0.000826643
0.000826396
0.000826106
0.000825765
0.000825368
0.000824905
0.000824371
0.000823763
0.000823079
0.000822322
0.000821494
0.000820597
0.000819631
0.00081859
0.000817471
0.000816268
0.000814972
0.000813579
0.000812083
0.000810476
0.000808756
0.000806918
0.000804958
0.000802873
0.000800661
0.000798319
0.000795845
0.000793239
0.000790498
0.000787622
0.000784611
0.000781463
0.000778179
0.00077476
0.000771206
0.000767517
0.000763696
0.000759744
0.000755663
0.000751454
0.000747121
0.000742666
0.000738092
0.000733403
0.000728601
0.000723691
0.000718677
0.000713562
0.000824437
0.000824416
0.000824351
0.000824248
0.000824107
0.000823927
0.000823705
0.00082344
0.000823129
0.000822767
0.000822349
0.000821868
0.000821316
0.000820687
0.000819979
0.000819191
0.000818326
0.000817386
0.000816373
0.000815286
0.000814123
0.000812879
0.000811548
0.000810123
0.000808598
0.000806968
0.000805227
0.000803371
0.000801397
0.000799301
0.00079708
0.000794733
0.000792256
0.00078965
0.000786912
0.000784042
0.000781039
0.000777903
0.000774633
0.000771232
0.000767698
0.000764033
0.000760238
0.000756316
0.000752267
0.000748094
0.000743799
0.000739385
0.000734854
0.000730211
0.000725459
0.0007206
0.00071564
0.000710581
0.000705429
0.000821416
0.000821388
0.000821308
0.000821179
0.000821003
0.000820781
0.000820509
0.000820187
0.000819811
0.000819378
0.000818882
0.000818317
0.000817677
0.000816954
0.000816147
0.000815256
0.000814283
0.000813232
0.000812104
0.0008109
0.000809616
0.000808248
0.00080679
0.000805237
0.000803583
0.000801822
0.000799949
0.000797961
0.000795854
0.000793625
0.000791272
0.000788793
0.000786186
0.000783451
0.000780586
0.000777591
0.000774466
0.000771211
0.000767826
0.000764312
0.000760669
0.0007569
0.000753005
0.000748987
0.000744848
0.000740589
0.000736215
0.000731726
0.000727128
0.000722422
0.000717614
0.000712705
0.000707701
0.000702605
0.000697421
0.000818343
0.00081831
0.000818213
0.000818059
0.000817849
0.000817584
0.000817262
0.000816883
0.000816442
0.000815938
0.000815366
0.000814718
0.000813989
0.000813173
0.000812269
0.000811276
0.000810197
0.000809036
0.000807795
0.000806474
0.000805071
0.000803581
0.000801999
0.00080032
0.000798539
0.000796649
0.000794647
0.000792529
0.000790293
0.000787934
0.000785453
0.000782847
0.000780114
0.000777255
0.000774268
0.000771153
0.000767911
0.000764542
0.000761046
0.000757425
0.00075368
0.000749813
0.000745824
0.000741717
0.000737494
0.000733156
0.000728708
0.000724153
0.000719492
0.000714731
0.000709873
0.00070492
0.000699879
0.000694752
0.000689545
0.000815222
0.000815183
0.00081507
0.00081489
0.000814646
0.000814339
0.000813967
0.00081353
0.000813026
0.000812451
0.000811802
0.000811072
0.000810255
0.000809348
0.000808347
0.000807253
0.00080607
0.000804802
0.000803449
0.000802013
0.000800492
0.000798882
0.000797179
0.000795376
0.000793469
0.000791453
0.000789325
0.000787081
0.000784718
0.000782235
0.000779629
0.000776899
0.000774045
0.000771066
0.000767962
0.000764732
0.000761379
0.000757901
0.000754301
0.000750579
0.000746737
0.000742777
0.000738701
0.000734511
0.00073021
0.000725801
0.000721286
0.000716669
0.000711954
0.000707143
0.000702241
0.000697252
0.00069218
0.000687029
0.000681803
0.000812052
0.000812008
0.000811879
0.000811673
0.000811396
0.000811046
0.000810625
0.000810131
0.000809564
0.000808919
0.000808193
0.000807382
0.000806479
0.00080548
0.000804384
0.000803192
0.000801906
0.000800531
0.000799069
0.00079752
0.000795884
0.000794156
0.000792332
0.000790408
0.000788379
0.00078624
0.000783989
0.000781622
0.000779136
0.000776531
0.000773804
0.000770956
0.000767985
0.000764891
0.000761674
0.000758335
0.000754875
0.000751295
0.000747595
0.000743778
0.000739845
0.000735799
0.000731642
0.000727375
0.000723003
0.000718528
0.000713953
0.000709281
0.000704517
0.000699664
0.000694725
0.000689706
0.000684609
0.00067944
0.000674202
0.000808838
0.000808788
0.000808643
0.000808411
0.0008081
0.000807709
0.000807238
0.000806688
0.000806057
0.000805343
0.000804542
0.00080365
0.000802662
0.000801574
0.000800384
0.000799094
0.000797708
0.000796228
0.000794658
0.000792999
0.000791249
0.000789405
0.000787464
0.000785421
0.000783272
0.000781014
0.000778642
0.000776156
0.000773551
0.000770828
0.000767985
0.000765022
0.000761939
0.000758734
0.00075541
0.000751967
0.000748406
0.000744728
0.000740936
0.000737029
0.000733012
0.000728885
0.000724652
0.000720316
0.000715879
0.000711344
0.000706715
0.000701995
0.000697188
0.000692298
0.000687329
0.000682285
0.00067717
0.000671989
0.000666745
0.000805579
0.000805524
0.000805363
0.000805106
0.000804762
0.000804329
0.00080381
0.000803204
0.00080251
0.000801727
0.000800852
0.00079988
0.000798808
0.000797631
0.000796349
0.000794964
0.000793479
0.000791897
0.000790221
0.000788453
0.000786591
0.000784634
0.000782578
0.000780419
0.000778154
0.000775779
0.000773291
0.000770688
0.000767969
0.000765132
0.000762177
0.000759104
0.000755913
0.000752603
0.000749177
0.000745635
0.000741978
0.000738209
0.000734328
0.000730338
0.000726242
0.000722041
0.000717739
0.000713338
0.000708842
0.000704254
0.000699577
0.000694816
0.000689973
0.000685052
0.000680059
0.000674996
0.000669868
0.00066468
0.000659436
0.000802279
0.000802219
0.000802042
0.000801761
0.000801382
0.000800909
0.000800341
0.00079968
0.000798924
0.000798074
0.000797125
0.000796075
0.000794919
0.000793656
0.000792284
0.000790805
0.000789222
0.00078754
0.000785761
0.000783886
0.000781916
0.000779848
0.00077768
0.000775408
0.000773029
0.000770541
0.00076794
0.000765225
0.000762395
0.000759449
0.000756386
0.000753207
0.000749913
0.000746503
0.00074298
0.000739344
0.000735597
0.000731742
0.000727779
0.000723712
0.000719542
0.000715273
0.000710908
0.000706449
0.0007019
0.000697265
0.000692546
0.000687748
0.000682875
0.00067793
0.000672918
0.000667842
0.000662707
0.000657518
0.000652278
0.000798941
0.000798874
0.000798682
0.000798376
0.000797965
0.000797451
0.000796836
0.00079612
0.000795303
0.000794386
0.000793365
0.000792237
0.000791
0.000789651
0.000788191
0.00078662
0.000784943
0.000783162
0.000781282
0.000779303
0.000777227
0.000775051
0.000772774
0.000770392
0.000767903
0.000765305
0.000762594
0.000759771
0.000756834
0.000753783
0.000750617
0.000747338
0.000743945
0.00074044
0.000736825
0.000733101
0.00072927
0.000725333
0.000721294
0.000717155
0.000712918
0.000708587
0.000704164
0.000699653
0.000695057
0.00069038
0.000685626
0.000680798
0.0006759
0.000670936
0.000665911
0.000660828
0.000655691
0.000650506
0.000645276
0.000795567
0.000795495
0.000795287
0.000794957
0.000794513
0.000793959
0.000793297
0.000792527
0.00079165
0.000790667
0.000789575
0.000788371
0.000787054
0.000785622
0.000784075
0.000782414
0.000780644
0.000778767
0.000776788
0.000774709
0.000772529
0.000770248
0.000767865
0.000765377
0.000762781
0.000760076
0.00075726
0.000754333
0.000751293
0.000748141
0.000744877
0.000741501
0.000738015
0.000734421
0.000730719
0.000726911
0.000723001
0.000718989
0.00071488
0.000710674
0.000706376
0.000701988
0.000697514
0.000692956
0.00068832
0.000683607
0.000678822
0.00067397
0.000669052
0.000664075
0.000659042
0.000653957
0.000648824
0.000643648
0.000638432
0.00079216
0.000792082
0.00079186
0.000791505
0.00079103
0.000790436
0.000789727
0.000788904
0.000787969
0.00078692
0.000785758
0.000784481
0.000783086
0.000781572
0.00077994
0.000778191
0.00077633
0.000774361
0.000772285
0.000770107
0.000767827
0.000765445
0.000762958
0.000760367
0.000757668
0.00075486
0.000751943
0.000748916
0.000745777
0.000742529
0.000739171
0.000735704
0.00073213
0.00072845
0.000724667
0.000720782
0.000716797
0.000712716
0.000708541
0.000704275
0.000699921
0.000695482
0.000690962
0.000686364
0.000681692
0.000676949
0.00067214
0.000667268
0.000662337
0.000657352
0.000652316
0.000647234
0.000642109
0.000636946
0.00063175
0.000788723
0.00078864
0.000788403
0.000788025
0.000787518
0.000786886
0.000786131
0.000785256
0.000784262
0.000783151
0.00078192
0.00078057
0.000779098
0.000777505
0.00077579
0.000773956
0.000772007
0.000769946
0.000767778
0.000765504
0.000763126
0.000760645
0.000758059
0.000755368
0.00075257
0.000749664
0.000746649
0.000743525
0.000740293
0.000736953
0.000733505
0.000729952
0.000726295
0.000722535
0.000718675
0.000714718
0.000710665
0.00070652
0.000702285
0.000697964
0.00069356
0.000689076
0.000684515
0.000679882
0.00067518
0.000670412
0.000665584
0.000660698
0.000655758
0.00065077
0.000645736
0.000640661
0.000635549
0.000630405
0.000625231
0.000785261
0.000785172
0.000784921
0.00078452
0.000783982
0.000783311
0.000782512
0.000781586
0.000780535
0.000779362
0.000778065
0.000776643
0.000775097
0.000773426
0.00077163
0.000769713
0.000767678
0.000765529
0.00076327
0.000760904
0.000758432
0.000755855
0.000753174
0.000750386
0.000747492
0.000744492
0.000741383
0.000738168
0.000734846
0.000731419
0.000727887
0.000724252
0.000720516
0.000716682
0.000712751
0.000708726
0.00070461
0.000700407
0.000696118
0.000691747
0.000687298
0.000682773
0.000678178
0.000673515
0.000668788
0.000664001
0.000659158
0.000654263
0.00064932
0.000644332
0.000639305
0.000634242
0.000629148
0.000624025
0.000618879
0.000781777
0.000781683
0.000781417
0.000780993
0.000780425
0.000779718
0.000778874
0.000777898
0.000776792
0.000775558
0.000774196
0.000772705
0.000771086
0.000769339
0.000767465
0.000765467
0.000763349
0.000761114
0.000758768
0.000756312
0.000753749
0.000751081
0.000748307
0.000745427
0.000742442
0.00073935
0.000736153
0.00073285
0.000729443
0.000725933
0.000722322
0.00071861
0.000714801
0.000710897
0.0007069
0.000702813
0.000698639
0.000694382
0.000690044
0.000685629
0.00068114
0.000676581
0.000671955
0.000667268
0.000662521
0.000657719
0.000652867
0.000647967
0.000643025
0.000638044
0.000633028
0.000627981
0.000622907
0.000617811
0.000612695
0.000778275
0.000778176
0.000777897
0.000777451
0.000776853
0.000776109
0.000775222
0.000774198
0.000773038
0.000771744
0.000770319
0.000768761
0.000767071
0.000765251
0.0007633
0.000761224
0.000759025
0.000756708
0.000754276
0.000751734
0.000749084
0.000746327
0.000743465
0.000740497
0.000737424
0.000734246
0.000730964
0.000727578
0.000724091
0.000720503
0.000716816
0.000713032
0.000709155
0.000705186
0.000701128
0.000696984
0.000692758
0.000688452
0.00068407
0.000679615
0.000675092
0.000670503
0.000665853
0.000661145
0.000656384
0.000651572
0.000646715
0.000641816
0.000636879
0.000631908
0.000626907
0.00062188
0.000616831
0.000611764
0.000606682
0.000774761
0.000774657
0.000774364
0.000773896
0.000773269
0.00077249
0.000771562
0.000770489
0.000769277
0.000767926
0.000766438
0.000764815
0.000763057
0.000761165
0.000759141
0.000756989
0.000754712
0.000752315
0.000749802
0.000747177
0.000744443
0.000741601
0.000738654
0.000735602
0.000732445
0.000729185
0.000725822
0.000722358
0.000718795
0.000715133
0.000711376
0.000707526
0.000703584
0.000699555
0.000695441
0.000691246
0.000686972
0.000682622
0.000678202
0.000673713
0.00066916
0.000664546
0.000659876
0.000655153
0.000650381
0.000645564
0.000640707
0.000635812
0.000630884
0.000625927
0.000620945
0.000615941
0.00061092
0.000605886
0.000600841
0.000771239
0.00077113
0.000770824
0.000770335
0.00076968
0.000768865
0.000767897
0.000766778
0.000765514
0.000764108
0.000762561
0.000760874
0.00075905
0.000757089
0.000754994
0.000752768
0.000750416
0.000747942
0.00074535
0.000742646
0.000739831
0.000736909
0.000733881
0.000730748
0.000727512
0.000724174
0.000720735
0.000717197
0.000713562
0.000709832
0.000706009
0.000702096
0.000698096
0.000694012
0.000689847
0.000685604
0.000681287
0.000676899
0.000672444
0.000667926
0.000663348
0.000658714
0.000654029
0.000649295
0.000644517
0.000639699
0.000634845
0.000629959
0.000625044
0.000620104
0.000615145
0.000610168
0.000605178
0.000600179
0.000595174
0.000767715
0.0007676
0.000767282
0.000766772
0.00076609
0.000765242
0.000764233
0.00076307
0.000761757
0.000760296
0.000758691
0.000756943
0.000755055
0.000753027
0.000750863
0.000748567
0.000746143
0.000743595
0.000740928
0.000738147
0.000735256
0.000732256
0.000729151
0.000725942
0.000722631
0.000719219
0.000715708
0.000712101
0.000708399
0.000704605
0.000700721
0.00069675
0.000692696
0.000688562
0.00068435
0.000680065
0.00067571
0.000671288
0.000666804
0.000662261
0.000657663
0.000653013
0.000648316
0.000643576
0.000638796
0.000633981
0.000629134
0.00062426
0.000619362
0.000614443
0.000609509
0.000604562
0.000599606
0.000594644
0.000589681
0.000764193
0.000764074
0.000763743
0.000763213
0.000762504
0.000761624
0.000760577
0.000759371
0.000758009
0.000756496
0.000754835
0.000753029
0.000751078
0.000748987
0.000746757
0.000744393
0.000741899
0.00073928
0.000736542
0.000733688
0.000730724
0.000727651
0.000724472
0.000721191
0.000717809
0.000714327
0.000710749
0.000707077
0.000703312
0.000699459
0.000695518
0.000691495
0.000687392
0.000683212
0.000678958
0.000674635
0.000670247
0.000665796
0.000661286
0.000656723
0.000652108
0.000647447
0.000642743
0.000638
0.000633223
0.000628414
0.000623578
0.000618719
0.000613841
0.000608946
0.00060404
0.000599125
0.000594205
0.000589284
0.000584365
0.000760681
0.000760557
0.000760214
0.000759665
0.000758931
0.000758018
0.000756935
0.000755687
0.000754279
0.000752716
0.000751001
0.000749137
0.000747127
0.000744974
0.000742681
0.000740252
0.000737692
0.000735005
0.000732199
0.000729276
0.000726241
0.000723099
0.000719852
0.000716502
0.000713053
0.000709506
0.000705865
0.000702132
0.000698309
0.000694401
0.000690409
0.000686337
0.000682188
0.000677967
0.000673676
0.00066932
0.000664902
0.000660426
0.000655896
0.000651316
0.00064669
0.000642021
0.000637314
0.000632572
0.0006278
0.000623001
0.00061818
0.000613339
0.000608483
0.000603616
0.00059874
0.00059386
0.000588979
0.0005841
0.000579227
0.000757185
0.000757056
0.000756702
0.000756134
0.000755375
0.000754432
0.000753313
0.000752024
0.000750572
0.00074896
0.000747194
0.000745275
0.000743209
0.000740997
0.000738643
0.000736151
0.000733528
0.000730777
0.000727905
0.000724917
0.000721816
0.000718608
0.000715296
0.000711882
0.00070837
0.000704763
0.000701063
0.000697273
0.000693397
0.000689438
0.000685398
0.000681282
0.000677093
0.000672835
0.000668511
0.000664126
0.000659683
0.000655187
0.00065064
0.000646047
0.000641413
0.00063674
0.000632033
0.000627296
0.000622533
0.000617747
0.000612943
0.000608123
0.000603293
0.000598454
0.000593612
0.000588768
0.000583927
0.000579092
0.000574266
0.000753711
0.000753577
0.000753212
0.000752627
0.000751843
0.000750871
0.000749718
0.000748391
0.000746895
0.000745237
0.000743421
0.000741451
0.00073933
0.000737061
0.000734649
0.000732099
0.000729415
0.000726603
0.000723669
0.000720618
0.000717456
0.000714186
0.000710812
0.000707339
0.000703768
0.000700104
0.00069635
0.000692508
0.000688582
0.000684576
0.000680494
0.000676338
0.000672113
0.000667822
0.000663469
0.000659059
0.000654595
0.000650082
0.000645522
0.000640921
0.000636281
0.000631608
0.000626905
0.000622176
0.000617425
0.000612655
0.00060787
0.000603075
0.000598272
0.000593464
0.000588657
0.000583852
0.000579053
0.000574263
0.000569485
0.000750266
0.000750129
0.000749753
0.00074915
0.000748344
0.000747344
0.000746158
0.000744793
0.000743257
0.000741554
0.000739691
0.000737671
0.000735497
0.000733175
0.000730708
0.000728101
0.00072536
0.000722491
0.000719498
0.000716389
0.000713168
0.00070984
0.000706409
0.000702879
0.000699254
0.000695538
0.000691733
0.000687843
0.000683872
0.000679824
0.000675702
0.000671511
0.000667253
0.000662934
0.000658557
0.000654125
0.000649644
0.000645117
0.000640549
0.000635942
0.000631301
0.000626631
0.000621935
0.000617216
0.000612479
0.000607728
0.000602966
0.000598196
0.000593422
0.000588648
0.000583877
0.000579112
0.000574356
0.000569613
0.000564884
0.00074686
0.000746718
0.000746332
0.000745713
0.000744884
0.000743858
0.00074264
0.00074124
0.000739664
0.000737919
0.000736011
0.000733943
0.00073172
0.000729347
0.000726828
0.000724168
0.000721372
0.000718448
0.000715401
0.000712236
0.00070896
0.000705578
0.000702094
0.000698512
0.000694836
0.000691071
0.00068722
0.000683286
0.000679274
0.000675188
0.000671031
0.000666808
0.000662522
0.000658178
0.00065378
0.000649331
0.000644836
0.000640299
0.000635725
0.000631116
0.000626477
0.000621812
0.000617126
0.00061242
0.0006077
0.00060297
0.000598232
0.00059349
0.000588748
0.000584008
0.000579275
0.000574551
0.000569839
0.000565143
0.000560464
0.000743498
0.000743352
0.000742957
0.000742322
0.000741473
0.00074042
0.000739173
0.000737739
0.000736126
0.000734341
0.000732389
0.000730276
0.000728007
0.000725585
0.000723016
0.000720306
0.000717459
0.000714483
0.000711385
0.000708169
0.000704842
0.000701409
0.000697875
0.000694245
0.000690522
0.000686712
0.000682819
0.000678845
0.000674796
0.000670676
0.000666488
0.000662236
0.000657926
0.000653561
0.000649145
0.000644682
0.000640177
0.000635633
0.000631056
0.000626448
0.000621814
0.000617157
0.000612482
0.000607793
0.000603092
0.000598384
0.000593672
0.00058896
0.00058425
0.000579547
0.000574852
0.00057017
0.000565503
0.000560854
0.000556226
0.000740191
0.000740041
0.000739637
0.000738987
0.000738118
0.000737041
0.000735765
0.000734298
0.00073265
0.000730827
0.000728834
0.000726679
0.000724365
0.000721898
0.000719282
0.000716524
0.00071363
0.000710606
0.000707459
0.000704195
0.00070082
0.00069734
0.00069376
0.000690086
0.000686321
0.00068247
0.000678537
0.000674528
0.000670445
0.000666294
0.000662079
0.000657803
0.000653471
0.000649088
0.000644658
0.000640185
0.000635672
0.000631125
0.000626547
0.000621943
0.000617316
0.00061267
0.000608009
0.000603337
0.000598658
0.000593974
0.00058929
0.000584608
0.000579932
0.000575265
0.000570611
0.000565971
0.000561349
0.000556748
0.000552169
0.000736947
0.000736793
0.00073638
0.000735716
0.000734828
0.000733728
0.000732425
0.000730928
0.000729246
0.000727387
0.000725356
0.00072316
0.000720805
0.000718294
0.000715635
0.000712833
0.000709894
0.000706824
0.000703632
0.000700323
0.000696904
0.000693381
0.000689759
0.000686044
0.000682239
0.000678351
0.000674384
0.000670342
0.00066623
0.000662051
0.000657812
0.000653515
0.000649166
0.000644768
0.000640327
0.000635845
0.000631329
0.000626781
0.000622205
0.000617607
0.000612989
0.000608356
0.000603711
0.000599058
0.000594401
0.000589743
0.000585088
0.000580438
0.000575797
0.000571167
0.000566553
0.000561956
0.000557379
0.000552825
0.000548297
0.000733775
0.000733618
0.000733197
0.00073252
0.000731613
0.000730491
0.000729163
0.000727637
0.000725924
0.00072403
0.000721964
0.00071973
0.000717335
0.000714785
0.000712084
0.00070924
0.000706259
0.000703148
0.000699914
0.000696564
0.000693104
0.000689541
0.00068588
0.000682127
0.000678288
0.000674366
0.000670367
0.000666296
0.000662157
0.000657955
0.000653695
0.00064938
0.000645016
0.000640607
0.000636157
0.000631671
0.000627152
0.000622606
0.000618035
0.000613445
0.000608838
0.000604219
0.000599592
0.00059496
0.000590327
0.000585695
0.000581069
0.000576452
0.000571846
0.000567254
0.00056268
0.000558126
0.000553594
0.000549088
0.000544608
0.000730686
0.000730525
0.000730096
0.000729407
0.000728483
0.000727341
0.000725988
0.000724436
0.000722693
0.000720767
0.000718667
0.000716398
0.000713966
0.000711378
0.00070864
0.000705757
0.000702737
0.000699587
0.000696314
0.000692926
0.000689428
0.000685829
0.000682133
0.000678346
0.000674474
0.000670522
0.000666495
0.000662398
0.000658236
0.000654014
0.000649736
0.000645406
0.00064103
0.000636612
0.000632156
0.000627667
0.000623149
0.000618606
0.000614042
0.000609462
0.000604868
0.000600265
0.000595657
0.000591047
0.000586438
0.000581834
0.000577239
0.000572654
0.000568083
0.00056353
0.000558996
0.000554484
0.000549997
0.000545537
0.000541106
0.000727689
0.000727526
0.000727089
0.000726388
0.000725449
0.000724287
0.000722912
0.000721334
0.000719564
0.000717608
0.000715476
0.000713174
0.000710708
0.000708085
0.000705311
0.000702393
0.000699337
0.000696151
0.000692843
0.000689419
0.000685887
0.000682254
0.000678526
0.000674709
0.000670808
0.000666829
0.000662777
0.000658658
0.000654476
0.000650236
0.000645942
0.000641601
0.000637215
0.000632791
0.000628332
0.000623842
0.000619326
0.000614789
0.000610233
0.000605664
0.000601085
0.000596499
0.000591911
0.000587323
0.00058274
0.000578164
0.000573599
0.000569047
0.000564512
0.000559996
0.000555501
0.000551031
0.000546588
0.000542173
0.00053779
0.000724796
0.00072463
0.000724187
0.000723474
0.000722521
0.000721341
0.000719945
0.000718344
0.000716547
0.000714564
0.000712402
0.00071007
0.000707572
0.000704917
0.00070211
0.000699159
0.00069607
0.000692851
0.00068951
0.000686054
0.000682491
0.000678828
0.000675071
0.000671226
0.000667299
0.000663296
0.000659223
0.000655084
0.000650884
0.000646629
0.000642323
0.000637972
0.00063358
0.000629151
0.00062469
0.000620202
0.000615691
0.00061116
0.000606614
0.000602058
0.000597494
0.000592926
0.000588358
0.000583794
0.000579236
0.000574689
0.000570154
0.000565635
0.000561134
0.000556655
0.0005522
0.000547771
0.00054337
0.000539
0.000534663
0.000722019
0.000721849
0.0007214
0.000720677
0.00071971
0.000718513
0.000717098
0.000715475
0.000713654
0.000711646
0.000709457
0.000707096
0.00070457
0.000701885
0.000699048
0.000696066
0.000692946
0.000689698
0.000686327
0.000682842
0.000679251
0.00067556
0.000671777
0.000667908
0.000663958
0.000659934
0.000655841
0.000651685
0.00064747
0.000643203
0.000638887
0.000634528
0.000630131
0.0006257
0.00062124
0.000616755
0.000612249
0.000607727
0.000603192
0.000598649
0.000594101
0.000589552
0.000585005
0.000580464
0.000575932
0.000571412
0.000566908
0.000562421
0.000557955
0.000553512
0.000549095
0.000544705
0.000540346
0.000536019
0.000531726
0.000719368
0.000719196
0.00071874
0.000718009
0.000717029
0.000715816
0.000714383
0.00071274
0.000710898
0.000708865
0.000706652
0.000704265
0.000701712
0.000699
0.000696135
0.000693126
0.000689979
0.000686702
0.000683305
0.000679794
0.000676177
0.000672462
0.000668655
0.000664764
0.000660794
0.000656752
0.000652642
0.000648471
0.000644244
0.000639967
0.000635643
0.000631279
0.000626879
0.000622447
0.000617989
0.000613508
0.000609009
0.000604496
0.000599973
0.000595444
0.000590912
0.000586382
0.000581856
0.000577339
0.000572832
0.00056834
0.000563865
0.00055941
0.000554977
0.000550569
0.000546189
0.000541838
0.000537518
0.000533233
0.000528982
0.000716856
0.000716682
0.000716221
0.000715481
0.000714489
0.000713263
0.000711813
0.000710152
0.000708289
0.000706236
0.000703999
0.000701589
0.000699011
0.000696274
0.000693385
0.00069035
0.000687178
0.000683877
0.000680455
0.000676921
0.000673281
0.000669544
0.000665717
0.000661807
0.000657819
0.00065376
0.000649637
0.000645453
0.000641216
0.00063693
0.000632601
0.000628233
0.000623831
0.0006194
0.000614945
0.000610469
0.000605978
0.000601475
0.000596964
0.00059245
0.000587935
0.000583423
0.000578919
0.000574424
0.000569943
0.000565477
0.000561031
0.000556606
0.000552205
0.000547831
0.000543486
0.000539172
0.00053489
0.000530644
0.000526434
0.000714497
0.00071432
0.000713855
0.000713107
0.000712105
0.000710866
0.000709401
0.000707723
0.000705842
0.000703769
0.000701512
0.00069908
0.000696481
0.000693721
0.000690809
0.000687752
0.000684558
0.000681234
0.000677791
0.000674235
0.000670575
0.000666819
0.000662974
0.000659047
0.000655044
0.000650971
0.000646835
0.000642642
0.000638396
0.000634104
0.00062977
0.0006254
0.000620998
0.000616569
0.000612117
0.000607648
0.000603165
0.000598672
0.000594174
0.000589674
0.000585176
0.000580683
0.000576199
0.000571726
0.000567269
0.000562829
0.00055841
0.000554015
0.000549645
0.000545303
0.000540991
0.000536711
0.000532466
0.000528256
0.000524085
0.000712304
0.000712125
0.000711656
0.0007109
0.000709889
0.000708638
0.00070716
0.000705467
0.00070357
0.000701479
0.000699204
0.000696753
0.000694134
0.000691354
0.000688422
0.000685344
0.00068213
0.000678787
0.000675324
0.00067175
0.000668072
0.000664299
0.000660438
0.000656496
0.00065248
0.000648396
0.00064425
0.000640048
0.000635796
0.000631498
0.000627161
0.00062279
0.000618389
0.000613962
0.000609516
0.000605053
0.000600579
0.000596097
0.000591611
0.000587125
0.000582643
0.000578168
0.000573703
0.000569252
0.000564818
0.000560403
0.00055601
0.000551642
0.0005473
0.000542988
0.000538708
0.000534461
0.000530249
0.000526074
0.000521938
0.000710291
0.00071011
0.000709636
0.000708875
0.000707855
0.000706594
0.000705104
0.000703398
0.000701486
0.00069938
0.000697088
0.00069462
0.000691984
0.000689187
0.000686236
0.000683141
0.000679909
0.000676549
0.000673069
0.000669478
0.000665785
0.000661997
0.000658122
0.000654168
0.00065014
0.000646046
0.000641892
0.000637683
0.000633426
0.000629125
0.000624786
0.000620414
0.000616015
0.000611592
0.00060715
0.000602695
0.000598229
0.000593757
0.000589283
0.000584811
0.000580345
0.000575887
0.000571441
0.00056701
0.000562597
0.000558205
0.000553836
0.000549493
0.000545178
0.000540894
0.000536643
0.000532426
0.000528245
0.000524102
0.000519998
0.000708472
0.000708289
0.000707813
0.000707046
0.000706018
0.000704748
0.000703248
0.00070153
0.000699605
0.000697485
0.000695179
0.000692697
0.000690045
0.000687233
0.000684267
0.000681156
0.000677908
0.000674533
0.000671038
0.000667433
0.000663727
0.000659927
0.00065604
0.000652075
0.000648038
0.000643936
0.000639775
0.000635561
0.000631299
0.000626996
0.000622656
0.000618285
0.000613887
0.000609468
0.000605032
0.000600583
0.000596125
0.000591664
0.000587202
0.000582743
0.00057829
0.000573848
0.000569419
0.000565007
0.000560614
0.000556242
0.000551896
0.000547576
0.000543286
0.000539027
0.000534802
0.000530612
0.000526459
0.000522345
0.000518271
0.000706863
0.000706679
0.000706199
0.000705428
0.000704393
0.000703115
0.000701606
0.000699878
0.000697943
0.000695811
0.000693493
0.000690998
0.000688334
0.000685508
0.000682529
0.000679404
0.000676144
0.000672755
0.000669248
0.000665631
0.000661913
0.000658102
0.000654206
0.000650232
0.000646187
0.000642078
0.000637912
0.000633693
0.000629429
0.000625123
0.000620783
0.000616413
0.000612018
0.000607603
0.000603172
0.000598729
0.00059428
0.000589827
0.000585376
0.000580929
0.000576489
0.000572062
0.000567648
0.000563253
0.000558877
0.000554525
0.000550198
0.000545899
0.000541631
0.000537395
0.000533193
0.000529027
0.000524899
0.00052081
0.000516762
0.000705479
0.000705294
0.000704812
0.000704036
0.000702997
0.000701712
0.000700195
0.000698459
0.000696515
0.000694373
0.000692045
0.000689539
0.000686864
0.000684027
0.000681037
0.000677902
0.00067463
0.00067123
0.000667713
0.000664086
0.000660358
0.000656538
0.000652634
0.000648653
0.000644602
0.000640488
0.000636317
0.000632095
0.000627828
0.000623522
0.000619182
0.000614813
0.000610421
0.000606009
0.000601583
0.000597147
0.000592704
0.00058826
0.000583818
0.000579381
0.000574954
0.000570538
0.000566139
0.000561757
0.000557397
0.000553061
0.000548752
0.000544471
0.000540221
0.000536005
0.000531823
0.000527678
0.000523572
0.000519505
0.00051548
0.000704337
0.00070415
0.000703667
0.000702888
0.000701844
0.000700554
0.000699032
0.000697288
0.000695337
0.000693188
0.000690851
0.000688337
0.000685653
0.000682807
0.000679808
0.000676664
0.000673383
0.000669975
0.000666449
0.000662814
0.000659079
0.000655252
0.000651341
0.000647355
0.000643299
0.00063918
0.000635006
0.000630782
0.000626514
0.000622207
0.000617867
0.0006135
0.00060911
0.000604701
0.000600279
0.000595848
0.000591412
0.000586975
0.00058254
0.000578113
0.000573695
0.00056929
0.000564902
0.000560533
0.000556185
0.000551863
0.000547568
0.000543302
0.000539068
0.000534868
0.000530703
0.000526575
0.000522486
0.000518437
0.000514431
0.000703454
0.000703266
0.000702781
0.000702001
0.000700953
0.000699659
0.000698132
0.000696383
0.000694426
0.000692271
0.000689929
0.000687408
0.000684717
0.000681865
0.000678859
0.000675708
0.00067242
0.000669005
0.000665473
0.000661832
0.000658091
0.000654259
0.000650344
0.000646353
0.000642293
0.000638172
0.000633995
0.000629769
0.0006255
0.000621193
0.000616854
0.000612488
0.000608099
0.000603694
0.000599275
0.000594848
0.000590417
0.000585985
0.000581557
0.000577137
0.000572726
0.00056833
0.00056395
0.000559591
0.000555254
0.000550942
0.000546658
0.000542404
0.000538182
0.000533994
0.000529842
0.000525728
0.000521652
0.000517618
0.000513625
0.000702847
0.000702658
0.000702173
0.00070139
0.000700341
0.000699044
0.000697513
0.000695761
0.0006938
0.000691642
0.000689295
0.00068677
0.000684075
0.000681218
0.000678207
0.000675051
0.000671759
0.00066834
0.000664803
0.000661158
0.000657413
0.000653578
0.000649659
0.000645665
0.000641603
0.00063748
0.000633302
0.000629075
0.000624805
0.000620498
0.00061616
0.000611794
0.000607407
0.000603003
0.000598587
0.000594163
0.000589736
0.000585308
0.000580884
0.000576468
0.000572063
0.000567673
0.000563299
0.000558946
0.000554616
0.000550312
0.000546036
0.000541789
0.000537576
0.000533396
0.000529253
0.000525148
0.000521082
0.000517058
0.000513075
0.000702535
0.000702345
0.000701859
0.000701076
0.000700026
0.000698727
0.000697195
0.000695441
0.000693478
0.000691317
0.000688969
0.000686441
0.000683744
0.000680884
0.000677872
0.000674713
0.000671419
0.000667997
0.000664459
0.000660811
0.000657065
0.000653227
0.000649307
0.000645312
0.000641249
0.000637124
0.000632946
0.000628718
0.000624448
0.000620141
0.000615802
0.000611438
0.000607051
0.000602649
0.000598234
0.000593811
0.000589385
0.00058496
0.000580538
0.000576125
0.000571723
0.000567335
0.000562965
0.000558615
0.000554289
0.000549988
0.000545716
0.000541474
0.000537264
0.00053309
0.000528951
0.000524851
0.00052079
0.00051677
0.000512793
0.000795906
0.000790875
0.000785548
0.000779912
0.000773955
0.000767664
0.000761026
0.000754028
0.000746656
0.000738898
0.00073074
0.000722169
0.000713173
0.000703738
0.000693854
0.000683508
0.000786728
0.000781593
0.000776167
0.000770439
0.000764397
0.000758029
0.000751323
0.000744266
0.000736848
0.000729054
0.000720874
0.000712294
0.000703305
0.000693893
0.000684049
0.000673761
0.000777624
0.000772391
0.000766875
0.000761064
0.000754946
0.00074851
0.000741746
0.000734641
0.000727185
0.000719366
0.000711174
0.000702596
0.000693623
0.000684245
0.00067445
0.000664231
0.000768599
0.000763278
0.00075768
0.000751794
0.000745609
0.000739115
0.000732302
0.000725159
0.000717675
0.000709841
0.000701645
0.000693079
0.000684132
0.000674796
0.000665061
0.000654918
0.00075966
0.000754259
0.000748588
0.000742635
0.000736392
0.000729849
0.000722996
0.000715824
0.000708322
0.000700481
0.000692293
0.000683747
0.000674836
0.000665551
0.000655884
0.000645827
0.000750813
0.000745341
0.000739604
0.000733595
0.000727302
0.000720719
0.000713835
0.000706642
0.000699131
0.000691294
0.000683121
0.000674605
0.000665738
0.000656512
0.000646921
0.000636959
0.000742066
0.00073653
0.000730736
0.000724678
0.000718345
0.00071173
0.000704824
0.000697619
0.000690108
0.000682282
0.000674133
0.000665655
0.000656841
0.000647683
0.000638176
0.000733423
0.000727831
0.00072199
0.00071589
0.000709525
0.000702886
0.000695967
0.000688759
0.000681255
0.000673449
0.000665334
0.000656902
0.000648148
0.000639065
0.000629649
0.000724892
0.000719252
0.00071337
0.000707237
0.000700847
0.000694194
0.000687269
0.000680066
0.000672578
0.0006648
0.000656725
0.000648347
0.000639661
0.000630661
0.000621343
0.000716477
0.000710797
0.000704882
0.000698724
0.000692318
0.000685657
0.000678734
0.000671544
0.00066408
0.000656338
0.00064831
0.000639993
0.000631382
0.000622471
0.000613258
0.000708185
0.000702472
0.000696531
0.000690356
0.000683941
0.00067728
0.000670367
0.000663197
0.000655765
0.000648065
0.000640092
0.000631843
0.000623312
0.000614497
0.000605393
0.00070002
0.000694281
0.000688322
0.000682137
0.00067572
0.000669066
0.000662171
0.000655028
0.000647634
0.000639983
0.000632072
0.000623897
0.000615453
0.000606739
0.000597751
0.000691987
0.00068623
0.00068026
0.000674072
0.00066766
0.000661021
0.000654149
0.00064704
0.000639691
0.000632096
0.000624252
0.000616157
0.000607806
0.000599198
0.000590329
0.000684092
0.000678323
0.000672349
0.000666164
0.000659764
0.000653146
0.000646305
0.000639236
0.000631937
0.000624404
0.000616634
0.000608624
0.000600371
0.000591873
0.000583128
0.000676339
0.000670564
0.000664592
0.000658417
0.000652036
0.000645445
0.00063864
0.000631618
0.000624376
0.00061691
0.000609218
0.000601298
0.000593147
0.000584764
0.000576147
0.000668731
0.000662958
0.000656994
0.000650835
0.000644479
0.000637921
0.000631158
0.000624188
0.000617007
0.000609614
0.000602005
0.000594179
0.000586135
0.00057787
0.000569385
0.000661274
0.000655508
0.000649558
0.000643421
0.000637095
0.000630575
0.00062386
0.000616947
0.000609833
0.000602517
0.000594996
0.000587268
0.000579334
0.000571191
0.000562839
0.00065397
0.000648216
0.000642286
0.000636177
0.000629886
0.000623411
0.000616748
0.000609897
0.000602854
0.000595619
0.000588189
0.000580564
0.000572743
0.000564724
0.000556508
0.000646824
0.000641088
0.000635183
0.000629106
0.000622856
0.000616429
0.000609824
0.000603038
0.000596071
0.000588921
0.000581586
0.000574066
0.00056636
0.000558468
0.000550391
0.000639838
0.000634125
0.00062825
0.00062221
0.000616005
0.000609631
0.000603087
0.000596372
0.000589484
0.000582422
0.000575185
0.000567773
0.000560185
0.000552422
0.000544483
0.000633015
0.000627329
0.000621489
0.000615491
0.000609335
0.000603018
0.00059654
0.000589898
0.000583092
0.000576122
0.000568986
0.000561684
0.000554216
0.000546582
0.000538784
0.000626357
0.000620704
0.000614902
0.000608951
0.000602847
0.000596592
0.000590182
0.000583617
0.000576896
0.00057002
0.000562986
0.000555796
0.00054845
0.000540947
0.00053329
0.000619868
0.000614251
0.000608492
0.00060259
0.000596543
0.000590352
0.000584013
0.000577528
0.000570896
0.000564115
0.000557186
0.00055011
0.000542885
0.000535514
0.000527997
0.000613549
0.000607971
0.000602259
0.00059641
0.000590423
0.000584298
0.000578035
0.000571632
0.000565089
0.000558406
0.000551583
0.000544621
0.00053752
0.000530281
0.000522904
0.000607401
0.000601867
0.000596204
0.000590411
0.000584488
0.000578432
0.000572245
0.000565926
0.000559475
0.000552891
0.000546176
0.000539329
0.000532351
0.000525243
0.000518007
0.000601428
0.00059594
0.000590329
0.000584595
0.000578737
0.000572753
0.000566645
0.000560412
0.000554053
0.00054757
0.000540962
0.00053423
0.000527376
0.000520399
0.000513302
0.000595629
0.000590191
0.000584635
0.000578962
0.00057317
0.000567261
0.000561233
0.000555086
0.000548822
0.000542439
0.00053594
0.000529323
0.000522591
0.000515745
0.000508785
0.000590007
0.00058462
0.000579121
0.000573511
0.000567789
0.000561954
0.000556008
0.000549949
0.000543779
0.000537498
0.000531106
0.000524605
0.000517995
0.000511278
0.000504454
0.000584562
0.000579228
0.000573789
0.000568243
0.000562592
0.000556834
0.000550969
0.000544999
0.000538924
0.000532744
0.00052646
0.000520073
0.000513584
0.000506994
0.000500305
0.000579295
0.000574017
0.000568638
0.000563159
0.000557578
0.000551897
0.000546116
0.000540235
0.000534254
0.000528175
0.000521998
0.000515724
0.000509355
0.000502891
0.000496334
0.000574207
0.000568986
0.000563669
0.000558256
0.000552748
0.000547145
0.000541447
0.000535655
0.000529768
0.000523789
0.000517718
0.000511556
0.000505304
0.000498964
0.000492537
0.000569299
0.000564136
0.000558881
0.000553537
0.000548101
0.000542576
0.000536961
0.000531257
0.000525464
0.000519584
0.000513618
0.000507566
0.00050143
0.000495211
0.000488911
0.000564571
0.000559466
0.000554276
0.000548999
0.000543636
0.000538188
0.000532656
0.00052704
0.00052134
0.000515558
0.000509695
0.000503751
0.000497729
0.000491629
0.000485453
0.000560024
0.000554978
0.000549851
0.000544642
0.000539352
0.000533982
0.000528531
0.000523002
0.000517394
0.000511708
0.000505946
0.000500109
0.000494197
0.000488213
0.000482158
0.000555658
0.000550672
0.000545608
0.000540467
0.000535249
0.000529955
0.000524586
0.000519142
0.000513623
0.000508032
0.00050237
0.000496636
0.000490833
0.000484962
0.000479025
0.000551474
0.000546547
0.000541546
0.000536473
0.000531326
0.000526108
0.000520818
0.000515458
0.000510028
0.000504529
0.000498963
0.000493331
0.000487633
0.000481872
0.000476048
0.000547472
0.000542604
0.000537666
0.000532659
0.000527583
0.000522438
0.000517227
0.000511949
0.000506605
0.000501196
0.000495724
0.00049019
0.000484595
0.00047894
0.000473227
0.000543652
0.000538843
0.000533967
0.000529025
0.000524018
0.000518946
0.000513811
0.000508613
0.000503353
0.000498032
0.000492651
0.000487212
0.000481716
0.000476163
0.000470557
0.000540017
0.000535265
0.000530449
0.000525571
0.000520632
0.000515631
0.00051057
0.00050545
0.000500271
0.000495035
0.000489742
0.000484395
0.000478994
0.00047354
0.000468036
0.000536566
0.00053187
0.000527114
0.000522298
0.000517424
0.000512492
0.000507503
0.000502458
0.000497358
0.000492203
0.000486996
0.000481737
0.000476427
0.000471068
0.000465661
0.000533301
0.000528659
0.000523961
0.000519206
0.000514395
0.000509529
0.000504609
0.000499637
0.000494612
0.000489536
0.00048441
0.000479235
0.000474013
0.000468744
0.000463431
0.000530223
0.000525634
0.000520991
0.000516294
0.000511544
0.000506742
0.000501889
0.000496986
0.000492033
0.000487032
0.000481984
0.00047689
0.000471751
0.000466568
0.000461343
0.000527334
0.000522795
0.000518206
0.000513565
0.000508873
0.000504132
0.000499343
0.000494506
0.000489622
0.000484692
0.000479717
0.000474699
0.000469639
0.000464538
0.000459397
0.000524635
0.000520145
0.000515606
0.000511019
0.000506383
0.0005017
0.00049697
0.000492196
0.000487377
0.000482514
0.000477609
0.000472664
0.000467678
0.000462653
0.000457591
0.00052213
0.000517686
0.000513195
0.000508658
0.000504074
0.000499446
0.000494773
0.000490057
0.000485299
0.0004805
0.00047566
0.000470782
0.000465865
0.000460912
0.000455924
0.000519821
0.00051542
0.000510974
0.000506484
0.000501949
0.000497372
0.000492752
0.000488091
0.00048339
0.00047865
0.000473871
0.000469055
0.000464203
0.000459316
0.000454396
0.000517712
0.000513351
0.000508947
0.0005045
0.000500011
0.000495481
0.00049091
0.0004863
0.000481651
0.000476965
0.000472242
0.000467483
0.000462691
0.000457865
0.000453007
0.000515806
0.000511483
0.000507117
0.00050271
0.000498263
0.000493775
0.000489249
0.000484685
0.000480084
0.000475447
0.000470775
0.000466069
0.00046133
0.00045656
0.000451759
0.00051411
0.00050982
0.000505489
0.000501118
0.000496708
0.000492259
0.000487773
0.00048325
0.000478692
0.000474099
0.000469473
0.000464814
0.000460123
0.000455402
0.000450652
0.000512629
0.000508368
0.000504068
0.000499728
0.000495351
0.000490937
0.000486486
0.000482
0.000477479
0.000472925
0.000468339
0.000463721
0.000459072
0.000454395
0.000449689
0.00051137
0.000507134
0.00050286
0.000498548
0.000494199
0.000489813
0.000485393
0.000480938
0.00047645
0.000471929
0.000467377
0.000462794
0.000458182
0.000453541
0.000448873
0.000510341
0.000506126
0.000501873
0.000497583
0.000493257
0.000488896
0.0004845
0.000480071
0.000475609
0.000471116
0.000466591
0.000462037
0.000457455
0.000452845
0.000448208
0.000509551
0.000505352
0.000501116
0.000496843
0.000492535
0.000488192
0.000483816
0.000479407
0.000474965
0.000470492
0.00046599
0.000461458
0.000456898
0.000452311
0.000447698
0.000509011
0.000504823
0.000500598
0.000496337
0.000492042
0.000487712
0.000483348
0.000478953
0.000474525
0.000470067
0.000465579
0.000461062
0.000456518
0.000451947
0.000447351
0.000508733
0.000504551
0.000500332
0.000496078
0.000491789
0.000487465
0.000483109
0.00047872
0.000474299
0.000469849
0.000465368
0.000460859
0.000456323
0.000451761
0.000447173
)
;

boundaryField
{
    down
    {
        type            symmetryPlane;
    }
    right
    {
        type            fixedValue;
        value           nonuniform List<scalar> 0();
    }
    up
    {
        type            symmetryPlane;
    }
    left
    {
        type            zeroGradient;
    }
    cylinder
    {
        type            zeroGradient;
    }
    frontAndBack
    {
        type            empty;
    }
    procBoundary8to4
    {
        type            processor;
        value           nonuniform List<scalar> 
72
(
0.00106018
0.00106119
0.00106191
0.00106233
0.0010624
0.00106211
0.0010614
0.00106025
0.0010586
0.00105642
0.00105364
0.00105023
0.00104612
0.00104126
0.00103558
0.00102902
0.000904343
0.000904498
0.000904982
0.000905731
0.00090673
0.00090797
0.000909438
0.000911121
0.000913009
0.000912727
0.000912727
0.00091491
0.000917261
0.000919768
0.000922422
0.000925214
0.000928137
0.000931183
0.000934346
0.000937618
0.000940995
0.00094447
0.000948036
0.000951687
0.000955415
0.000959213
0.000963072
0.000966984
0.00097094
0.000974932
0.000978949
0.000982984
0.000987027
0.000991067
0.000995096
0.000999104
0.00100308
0.00100702
0.0010109
0.00101472
0.00101847
0.00102214
0.00102571
0.00102919
0.00103254
0.00103577
0.00103887
0.00104182
0.00104462
0.00104724
0.0010497
0.00105196
0.00105403
0.00105589
0.00105754
0.00105896
)
;
    }
    procBoundary8to5
    {
        type            processor;
        value           uniform 0.000997158;
    }
    procBoundary8to9
    {
        type            processor;
        value           nonuniform List<scalar> 
75
(
0.000973726
0.000951189
0.000929529
0.000908724
0.000888752
0.000869591
0.000851215
0.000833601
0.000816723
0.000800555
0.000785073
0.000770249
0.000756061
0.000742481
0.000729487
0.000717053
0.000705158
0.000693778
0.000682891
0.000672688
0.00066302
0.000653577
0.000644361
0.000635374
0.000626618
0.000628314
0.000628314
0.000619895
0.000611703
0.000603738
0.000595999
0.000588486
0.000581199
0.000574137
0.000567297
0.000560678
0.000554279
0.000548096
0.000542127
0.00053637
0.000530821
0.000525477
0.000520336
0.000515392
0.000510643
0.000506085
0.000501714
0.000497526
0.000493518
0.000489686
0.000486024
0.000482531
0.000479202
0.000476034
0.000473022
0.000470165
0.000467457
0.000464897
0.000462481
0.000460208
0.000458074
0.000456078
0.000454218
0.000452492
0.000450901
0.000449443
0.000448119
0.000446929
0.000445874
0.000444957
0.000444179
0.000443546
0.000443061
0.00044273
0.00044256
)
;
    }
}


// ************************************************************************* //
