/*--------------------------------*- C++ -*----------------------------------*\
| =========                 |                                                 |
| \\      /  F ield         | OpenFOAM: The Open Source CFD Toolbox           |
|  \\    /   O peration     | Version:  2412                                  |
|   \\  /    A nd           | Website:  www.openfoam.com                      |
|    \\/     M anipulation  |                                                 |
\*---------------------------------------------------------------------------*/
FoamFile
{
    version     2.0;
    format      ascii;
    arch        "LSB;label=32;scalar=64";
    class       volScalarField;
    location    "15";
    object      p;
}
// * * * * * * * * * * * * * * * * * * * * * * * * * * * * * * * * * * * * * //

dimensions      [0 2 -2 0 0 0 0];

internalField   nonuniform List<scalar> 
5285
(
-0.00013505
-0.000128358
-0.000121925
-0.000115751
-0.000135744
-0.000129133
-0.000122768
-0.000116648
-0.000110769
-0.000105133
-9.97323e-05
-9.45657e-05
-8.9627e-05
-8.49122e-05
-8.0416e-05
-7.61327e-05
-7.20563e-05
-6.81804e-05
-6.44984e-05
-6.10036e-05
-5.76891e-05
-5.45477e-05
-5.15725e-05
-4.87562e-05
-4.6092e-05
-4.35727e-05
-4.11915e-05
-3.89416e-05
-3.68162e-05
-3.4809e-05
-3.29136e-05
-3.11237e-05
-2.94335e-05
-2.78373e-05
-2.63295e-05
-2.49049e-05
-2.35584e-05
-2.22854e-05
-2.10813e-05
-1.99419e-05
-1.88633e-05
-1.78416e-05
-1.68734e-05
-1.59554e-05
-1.50846e-05
-1.42582e-05
-1.34735e-05
-1.27281e-05
-0.000136123
-0.00012961
-0.000123327
-0.000117274
-0.000111451
-0.000105855
-0.000100487
-9.53421e-05
-9.04164e-05
-8.57064e-05
-8.12079e-05
-7.69157e-05
-7.28246e-05
-6.89291e-05
-6.52233e-05
-6.17011e-05
-5.83561e-05
-5.5182e-05
-5.21723e-05
-4.93202e-05
-4.66193e-05
-4.40629e-05
-4.16445e-05
-3.93576e-05
-3.71959e-05
-3.5153e-05
-3.32229e-05
-3.13996e-05
-2.96773e-05
-2.80503e-05
-2.65134e-05
-2.50613e-05
-2.36889e-05
-2.23918e-05
-2.11652e-05
-2.00051e-05
-1.89074e-05
-1.78683e-05
-1.68844e-05
-1.59522e-05
-1.50687e-05
-1.4231e-05
-1.34364e-05
-1.26824e-05
-0.000136191
-0.000129789
-0.000123603
-0.000117633
-0.000111879
-0.000106342
-0.000101019
-9.59096e-05
-9.10099e-05
-8.63173e-05
-8.18283e-05
-7.75387e-05
-7.3444e-05
-6.95394e-05
-6.58198e-05
-6.22797e-05
-5.89134e-05
-5.57151e-05
-5.26789e-05
-4.97985e-05
-4.7068e-05
-4.44811e-05
-4.20316e-05
-3.97135e-05
-3.75206e-05
-3.5447e-05
-3.34867e-05
-3.16341e-05
-2.98834e-05
-2.82292e-05
-2.66663e-05
-2.51895e-05
-2.3794e-05
-2.24751e-05
-2.12283e-05
-2.00494e-05
-1.89344e-05
-1.78795e-05
-1.68813e-05
-1.59362e-05
-1.50412e-05
-1.41933e-05
-1.33897e-05
-1.26279e-05
-0.000135959
-0.000129682
-0.000123605
-0.000117731
-0.00011206
-0.000106593
-0.00010133
-9.62686e-05
-9.14074e-05
-8.67442e-05
-8.22764e-05
-7.80006e-05
-7.39131e-05
-7.00099e-05
-6.62863e-05
-6.27377e-05
-5.93591e-05
-5.61451e-05
-5.30904e-05
-5.01893e-05
-4.74362e-05
-4.48254e-05
-4.2351e-05
-4.00074e-05
-3.77887e-05
-3.56893e-05
-3.37034e-05
-3.18256e-05
-3.00505e-05
-2.83727e-05
-2.6787e-05
-2.52886e-05
-2.38725e-05
-2.25343e-05
-2.12695e-05
-2.00739e-05
-1.89435e-05
-1.78745e-05
-1.68634e-05
-1.59068e-05
-1.50015e-05
-1.41445e-05
-1.3333e-05
-1.25643e-05
-0.000135445
-0.000129302
-0.000123346
-0.000117579
-0.000112003
-0.000106618
-0.000101425
-9.64231e-05
-9.16118e-05
-8.69893e-05
-8.25537e-05
-7.83024e-05
-7.42324e-05
-7.03404e-05
-6.66225e-05
-6.30746e-05
-5.96923e-05
-5.6471e-05
-5.34056e-05
-5.04912e-05
-4.77226e-05
-4.50944e-05
-4.26013e-05
-4.02379e-05
-3.79987e-05
-3.58784e-05
-3.38716e-05
-3.19729e-05
-3.01772e-05
-2.84794e-05
-2.68743e-05
-2.53572e-05
-2.39235e-05
-2.25685e-05
-2.1288e-05
-2.00777e-05
-1.89338e-05
-1.78525e-05
-1.68302e-05
-1.58635e-05
-1.49492e-05
-1.40842e-05
-1.32658e-05
-1.24912e-05
-0.000134664
-0.000128666
-0.00012284
-0.00011719
-0.000111718
-0.000106425
-0.000101313
-9.63813e-05
-9.16301e-05
-8.70586e-05
-8.26652e-05
-7.84483e-05
-7.44055e-05
-7.0534e-05
-6.68308e-05
-6.32923e-05
-5.99146e-05
-5.66937e-05
-5.36253e-05
-5.07047e-05
-4.79272e-05
-4.5288e-05
-4.27821e-05
-4.04046e-05
-3.81502e-05
-3.60139e-05
-3.39906e-05
-3.20753e-05
-3.02629e-05
-2.85486e-05
-2.69274e-05
-2.53948e-05
-2.39461e-05
-2.25769e-05
-2.1283e-05
-2.00603e-05
-1.89049e-05
-1.78129e-05
-1.6781e-05
-1.58056e-05
-1.48836e-05
-1.4012e-05
-1.31878e-05
-1.24082e-05
-0.000133632
-0.000127786
-0.000122099
-0.000116574
-0.000111216
-0.000106025
-0.000101003
-9.61511e-05
-9.14696e-05
-8.69584e-05
-8.26167e-05
-7.84433e-05
-7.44366e-05
-7.05944e-05
-6.69143e-05
-6.33932e-05
-6.00281e-05
-5.68152e-05
-5.37508e-05
-5.08308e-05
-4.80511e-05
-4.5407e-05
-4.28941e-05
-4.05078e-05
-3.82433e-05
-3.60958e-05
-3.40605e-05
-3.21326e-05
-3.03074e-05
-2.85802e-05
-2.69462e-05
-2.54011e-05
-2.39402e-05
-2.25594e-05
-2.12545e-05
-2.00214e-05
-1.88564e-05
-1.77557e-05
-1.67157e-05
-1.57332e-05
-1.48048e-05
-1.39276e-05
-1.30987e-05
-1.23152e-05
-0.000132362
-0.000126675
-0.000121135
-0.000115744
-0.000110507
-0.000105426
-0.000100503
-9.57397e-05
-9.11367e-05
-8.66944e-05
-8.24129e-05
-7.82916e-05
-7.43294e-05
-7.05247e-05
-6.68756e-05
-6.33798e-05
-6.00346e-05
-5.68369e-05
-5.37835e-05
-5.08707e-05
-4.80949e-05
-4.54519e-05
-4.29376e-05
-4.05478e-05
-3.82781e-05
-3.61241e-05
-3.40811e-05
-3.21448e-05
-3.03106e-05
-2.85739e-05
-2.69305e-05
-2.53757e-05
-2.39055e-05
-2.25157e-05
-2.12021e-05
-1.99608e-05
-1.87881e-05
-1.76804e-05
-1.66341e-05
-1.56459e-05
-1.47126e-05
-1.38311e-05
-1.29986e-05
-1.22121e-05
-0.000130869
-0.000125348
-0.00011996
-0.00011471
-0.000109602
-0.000104639
-9.98221e-05
-9.51547e-05
-9.06379e-05
-8.62726e-05
-8.20593e-05
-7.79979e-05
-7.40879e-05
-7.03283e-05
-6.67178e-05
-6.32545e-05
-5.99363e-05
-5.67606e-05
-5.37247e-05
-5.08254e-05
-4.80594e-05
-4.54232e-05
-4.2913e-05
-4.05249e-05
-3.82549e-05
-3.60988e-05
-3.40525e-05
-3.21117e-05
-3.02722e-05
-2.85296e-05
-2.68798e-05
-2.53186e-05
-2.38418e-05
-2.24454e-05
-2.11254e-05
-1.98781e-05
-1.86998e-05
-1.75869e-05
-1.65359e-05
-1.55435e-05
-1.46065e-05
-1.3722e-05
-1.2887e-05
-1.20988e-05
-0.000129168
-0.000123817
-0.000118587
-0.000113484
-0.000108511
-0.000103671
-9.89681e-05
-9.44038e-05
-8.99804e-05
-8.56992e-05
-8.15613e-05
-7.7567e-05
-7.37164e-05
-7.0009e-05
-6.6444e-05
-6.302e-05
-5.97354e-05
-5.65882e-05
-5.3576e-05
-5.06962e-05
-4.79459e-05
-4.53219e-05
-4.2821e-05
-4.04395e-05
-3.81739e-05
-3.60202e-05
-3.39747e-05
-3.20334e-05
-3.01922e-05
-2.84472e-05
-2.67942e-05
-2.52294e-05
-2.37487e-05
-2.23483e-05
-2.10244e-05
-1.97732e-05
-1.85912e-05
-1.74748e-05
-1.64208e-05
-1.54257e-05
-1.44866e-05
-1.36003e-05
-1.2764e-05
-1.19749e-05
-0.000127272
-0.000122095
-0.000117029
-0.000112077
-0.000107244
-0.000102534
-9.79498e-05
-9.34948e-05
-8.91711e-05
-8.49805e-05
-8.09245e-05
-7.7004e-05
-7.32194e-05
-6.95707e-05
-6.60577e-05
-6.26794e-05
-5.94347e-05
-5.6322e-05
-5.33394e-05
-5.04847e-05
-4.77556e-05
-4.51491e-05
-4.26624e-05
-4.02924e-05
-3.80356e-05
-3.58887e-05
-3.38481e-05
-3.191e-05
-3.00707e-05
-2.83265e-05
-2.66736e-05
-2.5108e-05
-2.36262e-05
-2.22243e-05
-2.08987e-05
-1.96458e-05
-1.84621e-05
-1.73442e-05
-1.62887e-05
-1.52926e-05
-1.43526e-05
-1.34658e-05
-1.26294e-05
-1.18405e-05
-0.000125195
-0.000120196
-0.000115296
-0.000110499
-0.000105811
-0.000101235
-9.67759e-05
-9.24356e-05
-8.82172e-05
-8.4123e-05
-8.01549e-05
-7.63141e-05
-7.26015e-05
-6.90176e-05
-6.55625e-05
-6.22359e-05
-5.90368e-05
-5.59643e-05
-5.30169e-05
-5.01928e-05
-4.74899e-05
-4.49059e-05
-4.24383e-05
-4.00843e-05
-3.78408e-05
-3.57048e-05
-3.36729e-05
-3.17418e-05
-2.99079e-05
-2.81679e-05
-2.65179e-05
-2.49546e-05
-2.34743e-05
-2.20734e-05
-2.07484e-05
-1.94959e-05
-1.83124e-05
-1.71947e-05
-1.61396e-05
-1.51438e-05
-1.42044e-05
-1.33183e-05
-1.2483e-05
-1.16954e-05
-0.000122951
-0.000118132
-0.0001134
-0.000108762
-0.000104223
-9.97857e-05
-9.54549e-05
-9.1234e-05
-8.71259e-05
-8.31333e-05
-7.92583e-05
-7.55026e-05
-7.18676e-05
-6.8354e-05
-6.49624e-05
-6.16927e-05
-5.85448e-05
-5.55178e-05
-5.26107e-05
-4.98222e-05
-4.71506e-05
-4.45939e-05
-4.21499e-05
-3.98162e-05
-3.75902e-05
-3.5469e-05
-3.34497e-05
-3.15292e-05
-2.97041e-05
-2.79714e-05
-2.63275e-05
-2.47692e-05
-2.3293e-05
-2.18955e-05
-2.05734e-05
-1.93234e-05
-1.81421e-05
-1.70265e-05
-1.59732e-05
-1.49794e-05
-1.40419e-05
-1.31579e-05
-1.23247e-05
-1.15395e-05
-0.000120553
-0.000115914
-0.000111354
-0.000106877
-0.000102489
-9.81936e-05
-9.39954e-05
-8.98979e-05
-8.59045e-05
-8.20179e-05
-7.82408e-05
-7.45751e-05
-7.10225e-05
-6.75842e-05
-6.42611e-05
-6.10536e-05
-5.79617e-05
-5.49852e-05
-5.21233e-05
-4.93752e-05
-4.67394e-05
-4.42145e-05
-4.17985e-05
-3.94894e-05
-3.72848e-05
-3.51823e-05
-3.31792e-05
-3.12727e-05
-2.94598e-05
-2.77374e-05
-2.61025e-05
-2.45519e-05
-2.30824e-05
-2.16907e-05
-2.03738e-05
-1.91283e-05
-1.79512e-05
-1.68393e-05
-1.57896e-05
-1.47992e-05
-1.38651e-05
-1.29845e-05
-1.21546e-05
-1.13728e-05
-0.000118012
-0.000113555
-0.000109167
-0.000104854
-0.000100619
-9.64684e-05
-9.24058e-05
-8.84352e-05
-8.45601e-05
-8.07835e-05
-7.71084e-05
-7.3537e-05
-7.00713e-05
-6.67129e-05
-6.34628e-05
-6.0322e-05
-5.72908e-05
-5.43694e-05
-5.15572e-05
-4.88539e-05
-4.62583e-05
-4.37694e-05
-4.13855e-05
-3.91049e-05
-3.69256e-05
-3.48455e-05
-3.28621e-05
-3.0973e-05
-2.91753e-05
-2.74664e-05
-2.58433e-05
-2.43031e-05
-2.28427e-05
-2.14592e-05
-2.01496e-05
-1.89107e-05
-1.77396e-05
-1.66333e-05
-1.55888e-05
-1.46033e-05
-1.36739e-05
-1.27979e-05
-1.19726e-05
-1.11953e-05
-0.000115342
-0.000111067
-0.000106852
-0.000102702
-9.8623e-05
-9.4619e-05
-9.06945e-05
-8.68535e-05
-8.30998e-05
-7.94367e-05
-7.58672e-05
-7.23939e-05
-6.9019e-05
-6.57445e-05
-6.25717e-05
-5.95018e-05
-5.65355e-05
-5.36733e-05
-5.09151e-05
-4.82607e-05
-4.57094e-05
-4.32604e-05
-4.09125e-05
-3.86642e-05
-3.65139e-05
-3.44596e-05
-3.24993e-05
-3.06307e-05
-2.88514e-05
-2.71588e-05
-2.55502e-05
-2.4023e-05
-2.25743e-05
-2.12012e-05
-1.9901e-05
-1.86707e-05
-1.75075e-05
-1.64085e-05
-1.53708e-05
-1.43917e-05
-1.34684e-05
-1.25983e-05
-1.17786e-05
-1.10069e-05
-0.000112552
-0.000108459
-0.000104417
-0.000100432
-9.65099e-05
-9.26541e-05
-8.88695e-05
-8.51605e-05
-8.15308e-05
-7.7984e-05
-7.45232e-05
-7.11512e-05
-6.78707e-05
-6.46837e-05
-6.15918e-05
-5.85967e-05
-5.56992e-05
-5.29001e-05
-5.01997e-05
-4.7598e-05
-4.50948e-05
-4.26895e-05
-4.03812e-05
-3.81688e-05
-3.60508e-05
-3.40257e-05
-3.20917e-05
-3.02467e-05
-2.84886e-05
-2.68151e-05
-2.52238e-05
-2.3712e-05
-2.22773e-05
-2.0917e-05
-1.96283e-05
-1.84085e-05
-1.7255e-05
-1.6165e-05
-1.51357e-05
-1.41644e-05
-1.32486e-05
-1.23856e-05
-1.15728e-05
-1.08077e-05
-0.000109656
-0.000105743
-0.000101874
-9.80541e-05
-9.42886e-05
-9.0582e-05
-8.69389e-05
-8.33635e-05
-7.98599e-05
-7.64317e-05
-7.30823e-05
-6.98146e-05
-6.66314e-05
-6.35351e-05
-6.05275e-05
-5.76105e-05
-5.47853e-05
-5.20528e-05
-4.94137e-05
-4.68684e-05
-4.44168e-05
-4.20587e-05
-3.97934e-05
-3.76201e-05
-3.55378e-05
-3.3545e-05
-3.16403e-05
-2.98219e-05
-2.80878e-05
-2.64361e-05
-2.48645e-05
-2.33707e-05
-2.19522e-05
-2.06067e-05
-1.93316e-05
-1.81243e-05
-1.69823e-05
-1.59029e-05
-1.48835e-05
-1.39216e-05
-1.30146e-05
-1.21599e-05
-1.1355e-05
-1.05976e-05
-0.000106662
-0.000102929
-9.92316e-05
-9.55764e-05
-9.19681e-05
-8.84112e-05
-8.49104e-05
-8.147e-05
-7.80941e-05
-7.47864e-05
-7.15505e-05
-6.83895e-05
-6.53063e-05
-6.23034e-05
-5.93831e-05
-5.65472e-05
-5.37974e-05
-5.11348e-05
-4.85603e-05
-4.60745e-05
-4.36778e-05
-4.137e-05
-3.91509e-05
-3.702e-05
-3.49763e-05
-3.30188e-05
-3.11463e-05
-2.93572e-05
-2.76499e-05
-2.60225e-05
-2.44731e-05
-2.29995e-05
-2.15995e-05
-2.0271e-05
-1.90114e-05
-1.78184e-05
-1.66896e-05
-1.56225e-05
-1.46146e-05
-1.36634e-05
-1.27664e-05
-1.19213e-05
-1.11255e-05
-1.03768e-05
-0.000563765
-0.000538903
-0.00051446
-0.000490528
-0.000467186
-0.0004445
-0.000422522
-0.000401293
-0.000380844
-0.000361197
-0.000342364
-0.000324351
-0.000307156
-0.000290772
-0.000275187
-0.000260386
-0.000246347
-0.000233048
-0.000220466
-0.000208573
-0.000197342
-0.000186744
-0.000176751
-0.000167334
-0.000158465
-0.000150115
-0.000142257
-0.000542594
-0.000519686
-0.00049709
-0.000474895
-0.000453179
-0.000432008
-0.000411436
-0.000391508
-0.000372256
-0.000353707
-0.000335876
-0.000318775
-0.000302407
-0.00028677
-0.000271856
-0.000257656
-0.000244153
-0.000231331
-0.00021917
-0.000207647
-0.00019674
-0.000186425
-0.000176676
-0.000167469
-0.000158779
-0.000150581
-0.000142849
-0.000521767
-0.000500683
-0.000479817
-0.000459256
-0.000439076
-0.000419343
-0.000400112
-0.000381427
-0.000363326
-0.000345837
-0.00032898
-0.000312769
-0.000297212
-0.000282311
-0.000268063
-0.000254463
-0.000241499
-0.00022916
-0.000217428
-0.000206286
-0.000195716
-0.000185697
-0.000176207
-0.000167226
-0.00015873
-0.000150699
-0.00014311
-0.000501313
-0.00048193
-0.000462684
-0.000443658
-0.000424927
-0.000406556
-0.000388598
-0.000371102
-0.000354105
-0.000337637
-0.000321722
-0.000306376
-0.000291612
-0.000277434
-0.000263845
-0.000250841
-0.000238416
-0.000226562
-0.000215265
-0.000204512
-0.000194288
-0.000184576
-0.000175358
-0.000166615
-0.000158328
-0.000150479
-0.000143047
-0.000481255
-0.000463458
-0.000445726
-0.000428142
-0.000410776
-0.000393692
-0.000376945
-0.000360581
-0.00034464
-0.000329154
-0.000314149
-0.000299643
-0.000285651
-0.000272182
-0.000259241
-0.000246827
-0.000234939
-0.00022357
-0.000212711
-0.000202353
-0.000192482
-0.000183086
-0.000174149
-0.000165655
-0.000157589
-0.000149933
-0.000142671
-0.000461612
-0.000445292
-0.000428977
-0.000412745
-0.000396665
-0.000380798
-0.000365199
-0.000349914
-0.000334983
-0.00032044
-0.000306311
-0.000292618
-0.000279377
-0.0002666
-0.000254295
-0.000242463
-0.000231106
-0.000220221
-0.000209801
-0.00019984
-0.000190328
-0.000181254
-0.000172606
-0.000164371
-0.000156535
-0.000149084
-0.000142002
-0.000442399
-0.000427456
-0.000412465
-0.000397502
-0.000382631
-0.000367914
-0.000353402
-0.000339144
-0.000325177
-0.000311537
-0.000298252
-0.000285344
-0.000272832
-0.00026073
-0.000249046
-0.000237786
-0.000226954
-0.000216549
-0.000206567
-0.000197005
-0.000187855
-0.000179108
-0.000170755
-0.000162785
-0.000155187
-0.000147949
-0.000141057
-0.000423628
-0.000409967
-0.000396213
-0.000382438
-0.000368706
-0.000355073
-0.000341592
-0.000328308
-0.000315262
-0.000302486
-0.000290011
-0.000277861
-0.000266054
-0.000254607
-0.00024353
-0.000232832
-0.000222516
-0.000212585
-0.000203039
-0.000193875
-0.000185087
-0.00017667
-0.000168616
-0.000160918
-0.000153564
-0.000146546
-0.000139852
-0.000405306
-0.000392838
-0.00038024
-0.000367579
-0.000354916
-0.000342307
-0.0003298
-0.000317442
-0.000305272
-0.000293323
-0.000281626
-0.000270204
-0.000259079
-0.000248267
-0.000237782
-0.000227631
-0.000217823
-0.00020836
-0.000199245
-0.000190475
-0.00018205
-0.000173965
-0.000166213
-0.000158789
-0.000151685
-0.000144892
-0.000138403
-0.000387439
-0.000376082
-0.000364563
-0.000352945
-0.000341287
-0.000329641
-0.000318057
-0.000306577
-0.00029524
-0.00028408
-0.000273128
-0.000262407
-0.000251939
-0.000241743
-0.000231831
-0.000222215
-0.000212904
-0.000203901
-0.00019521
-0.000186833
-0.000178768
-0.000171014
-0.000163566
-0.000156419
-0.000149568
-0.000143006
-0.000136725
-0.000370028
-0.000359705
-0.000349193
-0.000338552
-0.000327838
-0.0003171
-0.000306386
-0.000295738
-0.000285194
-0.000274788
-0.000264547
-0.000254499
-0.000244665
-0.000235063
-0.000225709
-0.000216613
-0.000207786
-0.000199234
-0.000190961
-0.000182971
-0.000175264
-0.000167839
-0.000160695
-0.000153826
-0.00014723
-0.000140902
-0.000134834
-0.000353075
-0.000343714
-0.000334141
-0.000324415
-0.000314586
-0.000304703
-0.000294812
-0.000284952
-0.000275161
-0.000265471
-0.000255912
-0.000246509
-0.000237284
-0.000228256
-0.00021944
-0.00021085
-0.000202495
-0.000194384
-0.000186522
-0.000178913
-0.00017156
-0.000164462
-0.000157619
-0.00015103
-0.00014469
-0.000138597
-0.000132746
-0.000336577
-0.000328111
-0.000319415
-0.000310544
-0.000301546
-0.000292468
-0.000283353
-0.000274239
-0.000265163
-0.000256156
-0.000247247
-0.000238462
-0.000229822
-0.000221346
-0.000213051
-0.000204951
-0.000197056
-0.000189374
-0.000181914
-0.00017468
-0.000167675
-0.000160901
-0.000154359
-0.000148047
-0.000141964
-0.000136107
-0.000130474
-0.000320531
-0.000312898
-0.00030502
-0.000296949
-0.000288731
-0.00028041
-0.000272026
-0.000263618
-0.00025522
-0.000246863
-0.000238574
-0.000230379
-0.000222301
-0.000214357
-0.000206565
-0.000198938
-0.000191489
-0.000184227
-0.000177159
-0.000170292
-0.00016363
-0.000157175
-0.00015093
-0.000144894
-0.000139067
-0.000133447
-0.000128033
-0.000304934
-0.000298075
-0.00029096
-0.000283638
-0.000276151
-0.000268541
-0.000260847
-0.000253106
-0.000245351
-0.00023761
-0.000229913
-0.000222283
-0.000214742
-0.00020731
-0.000200002
-0.000192833
-0.000185817
-0.000178962
-0.000172277
-0.000165769
-0.000159443
-0.000153302
-0.00014735
-0.000141588
-0.000136015
-0.000130632
-0.000125436
-0.000289779
-0.00028364
-0.000277237
-0.000270614
-0.000263812
-0.000256871
-0.000249828
-0.000242717
-0.000235571
-0.000228417
-0.000221282
-0.000214191
-0.000207165
-0.000200223
-0.000193382
-0.000186656
-0.000180057
-0.000173597
-0.000167285
-0.000161128
-0.000155131
-0.000149299
-0.000143636
-0.000138143
-0.000132823
-0.000127674
-0.000122698
-0.000275059
-0.00026959
-0.000263851
-0.000257882
-0.000251723
-0.00024541
-0.00023898
-0.000232464
-0.000225894
-0.000219296
-0.000212697
-0.000206121
-0.000199587
-0.000193115
-0.000186722
-0.000180422
-0.000174228
-0.000168152
-0.000162201
-0.000156385
-0.00015071
-0.000145181
-0.000139802
-0.000134575
-0.000129504
-0.000124588
-0.000119829
-0.000260768
-0.000255922
-0.000250801
-0.000245444
-0.000239887
-0.000234165
-0.000228311
-0.000222357
-0.000216332
-0.000210262
-0.000204173
-0.000198086
-0.000192023
-0.000186002
-0.000180039
-0.00017415
-0.000168346
-0.00016264
-0.000157041
-0.000151557
-0.000146196
-0.000140962
-0.000135862
-0.000130897
-0.000126072
-0.000121387
-0.000116844
-0.000246897
-0.000242631
-0.000238087
-0.000233301
-0.000228308
-0.00022314
-0.00021783
-0.000212406
-0.000206896
-0.000201327
-0.000195722
-0.000190102
-0.000184488
-0.000178898
-0.000173348
-0.000167853
-0.000162426
-0.000157078
-0.000151819
-0.000146658
-0.000141602
-0.000136658
-0.00013183
-0.000127122
-0.000122539
-0.000118081
-0.000113752
-0.000233438
-0.000229711
-0.000225705
-0.000221453
-0.000216988
-0.000212341
-0.000207541
-0.000202617
-0.000197595
-0.0001925
-0.000187354
-0.000182179
-0.000176994
-0.000171816
-0.000166662
-0.000161546
-0.000156481
-0.000151479
-0.00014655
-0.000141702
-0.000136943
-0.00013228
-0.000127719
-0.000123263
-0.000118917
-0.000114683
-0.000110565
-0.000220649
-0.000217413
-0.000213898
-0.000210135
-0.000206154
-0.000201985
-0.000197656
-0.000193194
-0.000188624
-0.000183968
-0.00017925
-0.000174489
-0.000169704
-0.000164912
-0.000160129
-0.00015537
-0.000150647
-0.000145971
-0.000141354
-0.000136803
-0.000132327
-0.000127933
-0.000123626
-0.000119411
-0.000115294
-0.000111276
-0.000107361
-0.000208371
-0.000205588
-0.000202526
-0.000199216
-0.000195685
-0.000191961
-0.000188071
-0.00018404
-0.000179892
-0.000175649
-0.000171332
-0.000166961
-0.000162554
-0.000158127
-0.000153696
-0.000149276
-0.000144878
-0.000140514
-0.000136194
-0.000131928
-0.000127723
-0.000123587
-0.000119526
-0.000115545
-0.000111649
-0.00010784
-0.000104123
-0.000196219
-0.000193866
-0.000191237
-0.000188358
-0.000185258
-0.00018196
-0.000178492
-0.000174876
-0.000171134
-0.00016729
-0.000163362
-0.000159369
-0.000155329
-0.000151258
-0.000147171
-0.000143082
-0.000139002
-0.000134945
-0.000130918
-0.000126933
-0.000122997
-0.000119117
-0.0001153
-0.000111551
-0.000107875
-0.000104276
-0.000100758
-0.000184201
-0.000182257
-0.000180038
-0.000177571
-0.000174881
-0.000171992
-0.000168927
-0.000165709
-0.000162361
-0.0001589
-0.000155348
-0.000151722
-0.000148039
-0.000144314
-0.000140562
-0.000136796
-0.000133029
-0.000129271
-0.000125533
-0.000121825
-0.000118154
-0.000114527
-0.000110952
-0.000107434
-0.000103978
-0.000100588
-9.72679e-05
-0.000172325
-0.000170767
-0.000168938
-0.000166863
-0.000164564
-0.000162065
-0.000159387
-0.000156552
-0.00015358
-0.00015049
-0.000147301
-0.000144029
-0.000140692
-0.000137303
-0.000133877
-0.000130427
-0.000126964
-0.000123501
-0.000120047
-0.00011661
-0.0001132
-0.000109824
-0.000106489
-0.000103199
-9.99613e-05
-9.67795e-05
-9.36577e-05
-0.000160598
-0.000159406
-0.000157947
-0.000156243
-0.000154317
-0.000152189
-0.000149881
-0.000147413
-0.000144803
-0.000142069
-0.00013923
-0.0001363
-0.000133297
-0.000130234
-0.000127125
-0.000123982
-0.000120818
-0.000117642
-0.000114465
-0.000111296
-0.000108143
-0.000105014
-0.000101915
-9.88521e-05
-9.58309e-05
-9.28561e-05
-8.99318e-05
-0.000149027
-0.00014818
-0.00014707
-0.000145719
-0.000144148
-0.000142374
-0.000140419
-0.000138301
-0.000136038
-0.000133646
-0.000131143
-0.000128545
-0.000125864
-0.000123117
-0.000120315
-0.000117472
-0.000114597
-0.000111702
-0.000108797
-0.00010589
-0.00010299
-0.000100103
-9.72375e-05
-9.43987e-05
-9.15922e-05
-8.88228e-05
-8.60948e-05
-0.000137617
-0.000137096
-0.000136317
-0.0001353
-0.000134065
-0.000132628
-0.000131009
-0.000129226
-0.000127294
-0.000125231
-0.000123052
-0.000120771
-0.000118403
-0.000115961
-0.000113457
-0.000110903
-0.000108311
-0.00010569
-0.00010305
-0.000100399
-9.77465e-05
-9.50989e-05
-9.24631e-05
-8.98453e-05
-8.72509e-05
-8.4685e-05
-8.2152e-05
-0.000126376
-0.000126161
-0.000125694
-0.000124993
-0.000124076
-0.00012296
-0.000121661
-0.000120197
-0.000118582
-0.000116833
-0.000114964
-0.000112989
-0.000110922
-0.000108774
-0.000106558
-0.000104286
-0.000101968
-9.96131e-05
-9.72316e-05
-9.48318e-05
-9.24215e-05
-9.00081e-05
-8.75983e-05
-8.51981e-05
-8.28132e-05
-8.04486e-05
-7.81087e-05
-0.000115308
-0.000115381
-0.000115208
-0.000114806
-0.00011419
-0.000113377
-0.000112382
-0.000111222
-0.00010991
-0.000108461
-0.00010689
-0.000105208
-0.00010343
-0.000101566
-9.96289e-05
-9.76288e-05
-9.55762e-05
-9.34806e-05
-9.13509e-05
-8.91956e-05
-8.70223e-05
-8.48383e-05
-8.26502e-05
-8.04641e-05
-7.82855e-05
-7.61194e-05
-7.39706e-05
-0.000104419
-0.000104763
-0.000104866
-0.000104744
-0.000104413
-0.000103888
-0.000103182
-0.00010231
-0.000101287
-0.000100125
-9.88376e-05
-9.74376e-05
-9.59366e-05
-9.43463e-05
-9.26775e-05
-9.09405e-05
-8.91452e-05
-8.73007e-05
-8.54158e-05
-8.34986e-05
-8.15566e-05
-7.95969e-05
-7.76261e-05
-7.565e-05
-7.36743e-05
-7.17039e-05
-6.97437e-05
-9.37145e-05
-9.43109e-05
-9.46733e-05
-9.48164e-05
-9.4754e-05
-9.44996e-05
-9.40671e-05
-9.34697e-05
-9.27205e-05
-9.1832e-05
-9.08165e-05
-8.96858e-05
-8.84512e-05
-8.71235e-05
-8.57131e-05
-8.42299e-05
-8.26833e-05
-8.10822e-05
-7.94348e-05
-7.77492e-05
-7.60325e-05
-7.42918e-05
-7.25333e-05
-7.07631e-05
-6.89865e-05
-6.72087e-05
-6.54342e-05
-8.31979e-05
-8.40308e-05
-8.46363e-05
-8.50279e-05
-8.52183e-05
-8.52201e-05
-8.50461e-05
-8.47087e-05
-8.42199e-05
-8.35917e-05
-8.28353e-05
-8.1962e-05
-8.09823e-05
-7.99066e-05
-7.87447e-05
-7.7506e-05
-7.61995e-05
-7.48336e-05
-7.34164e-05
-7.19555e-05
-7.0458e-05
-6.89306e-05
-6.73796e-05
-6.58106e-05
-6.42292e-05
-6.26404e-05
-6.10487e-05
-7.28737e-05
-7.39273e-05
-7.47603e-05
-7.53849e-05
-7.5813e-05
-7.60562e-05
-7.61263e-05
-7.60349e-05
-7.57931e-05
-7.54121e-05
-7.49025e-05
-7.42748e-05
-7.35389e-05
-7.27046e-05
-7.17812e-05
-7.07777e-05
-6.97025e-05
-6.85638e-05
-6.73692e-05
-6.61261e-05
-6.48414e-05
-6.35216e-05
-6.21726e-05
-6.08002e-05
-5.94098e-05
-5.80061e-05
-5.65938e-05
-6.27458e-05
-6.4005e-05
-6.50503e-05
-6.58931e-05
-6.65443e-05
-6.70146e-05
-6.73148e-05
-6.74558e-05
-6.74479e-05
-6.73015e-05
-6.70265e-05
-6.66328e-05
-6.61296e-05
-6.55263e-05
-6.48315e-05
-6.40537e-05
-6.3201e-05
-6.22813e-05
-6.13017e-05
-6.02694e-05
-5.9191e-05
-5.80726e-05
-5.69203e-05
-5.57395e-05
-5.45355e-05
-5.3313e-05
-5.20766e-05
-5.28178e-05
-5.4268e-05
-5.55112e-05
-5.65579e-05
-5.74181e-05
-5.81016e-05
-5.86185e-05
-5.89787e-05
-5.91919e-05
-5.92678e-05
-5.92155e-05
-5.90443e-05
-5.8763e-05
-5.83802e-05
-5.79041e-05
-5.73428e-05
-5.67039e-05
-5.59948e-05
-5.52226e-05
-5.43938e-05
-5.3515e-05
-5.25921e-05
-5.16307e-05
-5.06364e-05
-4.96141e-05
-4.85685e-05
-4.75041e-05
-4.30928e-05
-4.47202e-05
-4.61475e-05
-4.73844e-05
-4.844e-05
-4.93234e-05
-5.00439e-05
-5.06106e-05
-5.10325e-05
-5.13186e-05
-5.14774e-05
-5.15176e-05
-5.14474e-05
-5.12748e-05
-5.10077e-05
-5.06535e-05
-5.02197e-05
-4.9713e-05
-4.91403e-05
-4.85079e-05
-4.78219e-05
-4.70881e-05
-4.63119e-05
-4.54986e-05
-4.46531e-05
-4.378e-05
-4.28835e-05
-3.35738e-05
-3.53652e-05
-3.69635e-05
-3.83774e-05
-3.96155e-05
-4.06859e-05
-4.15973e-05
-4.23582e-05
-4.29768e-05
-4.34613e-05
-4.382e-05
-4.40606e-05
-4.41909e-05
-4.42185e-05
-4.41507e-05
-4.39945e-05
-4.37569e-05
-4.34445e-05
-4.30635e-05
-4.26201e-05
-4.212e-05
-4.15689e-05
-4.0972e-05
-4.03343e-05
-3.96605e-05
-3.89552e-05
-3.82225e-05
-2.42636e-05
-2.62063e-05
-2.7963e-05
-2.95414e-05
-3.09495e-05
-3.21947e-05
-3.32849e-05
-3.42279e-05
-3.50315e-05
-3.57033e-05
-3.62506e-05
-3.6681e-05
-3.70015e-05
-3.72194e-05
-3.73414e-05
-3.73741e-05
-3.73241e-05
-3.71976e-05
-3.70006e-05
-3.67388e-05
-3.64178e-05
-3.6043e-05
-3.56192e-05
-3.51515e-05
-3.46442e-05
-3.41018e-05
-3.35284e-05
-1.51645e-05
-1.72467e-05
-1.91497e-05
-2.08807e-05
-2.24468e-05
-2.3855e-05
-2.51123e-05
-2.62261e-05
-2.72034e-05
-2.80513e-05
-2.87766e-05
-2.93863e-05
-2.98871e-05
-3.02854e-05
-3.05878e-05
-3.08005e-05
-3.09295e-05
-3.09808e-05
-3.09599e-05
-3.08725e-05
-3.07236e-05
-3.05184e-05
-3.02618e-05
-2.99582e-05
-2.96122e-05
-2.92278e-05
-2.8809e-05
-6.27881e-06
-8.48924e-06
-1.05272e-05
-1.23993e-05
-1.41121e-05
-1.56718e-05
-1.70851e-05
-1.83586e-05
-1.94988e-05
-2.05121e-05
-2.14051e-05
-2.21839e-05
-2.2855e-05
-2.34244e-05
-2.3898e-05
-2.42818e-05
-2.45814e-05
-2.48023e-05
-2.49499e-05
-2.50294e-05
-2.50457e-05
-2.50036e-05
-2.49078e-05
-2.47627e-05
-2.45723e-05
-2.43409e-05
-2.40721e-05
2.39143e-06
6.35572e-08
-2.09857e-06
-4.10097e-06
-5.94955e-06
-7.65006e-06
-9.20855e-06
-1.06311e-05
-1.19236e-05
-1.30922e-05
-1.41426e-05
-1.50809e-05
-1.59127e-05
-1.66438e-05
-1.72797e-05
-1.78259e-05
-1.82877e-05
-1.86703e-05
-1.89787e-05
-1.92178e-05
-1.93923e-05
-1.95068e-05
-1.95656e-05
-1.9573e-05
-1.95329e-05
-1.94492e-05
-1.93256e-05
1.08444e-05
8.40924e-06
6.13321e-06
4.01085e-06
2.0368e-06
2.05834e-07
-1.48758e-06
-3.04896e-06
-4.48383e-06
-5.79766e-06
-6.99592e-06
-8.08402e-06
-9.0673e-06
-9.95104e-06
-1.07404e-05
-1.14405e-05
-1.20564e-05
-1.25927e-05
-1.30544e-05
-1.34459e-05
-1.37717e-05
-1.40361e-05
-1.42433e-05
-1.43973e-05
-1.45018e-05
-1.45606e-05
-1.45772e-05
1.90785e-05
1.65456e-05
1.41653e-05
1.19328e-05
9.84313e-06
7.89154e-06
6.07303e-06
4.38253e-06
2.81501e-06
1.36543e-06
2.87687e-08
-1.19995e-06
-2.32568e-06
-3.35329e-06
-4.2876e-06
-5.13334e-06
-5.89515e-06
-6.57754e-06
-7.18496e-06
-7.7217e-06
-8.19196e-06
-8.59978e-06
-8.94909e-06
-9.24368e-06
-9.48721e-06
-9.68318e-06
-9.83496e-06
2.70922e-05
2.44706e-05
2.19953e-05
1.96618e-05
1.74658e-05
1.5403e-05
1.34687e-05
1.16584e-05
9.96752e-06
8.39136e-06
6.92534e-06
5.56489e-06
4.30544e-06
3.14248e-06
2.07157e-06
1.0883e-06
1.88369e-07
-6.32448e-07
-1.37829e-06
-2.05319e-06
-2.66108e-06
-3.20578e-06
-3.691e-06
-4.12031e-06
-4.49719e-06
-4.82498e-06
-5.10688e-06
3.48843e-05
3.21824e-05
2.96206e-05
2.7195e-05
2.49015e-05
2.27363e-05
2.06952e-05
1.8774e-05
1.69686e-05
1.52746e-05
1.36879e-05
1.22043e-05
1.08195e-05
9.52949e-06
8.33005e-06
7.21713e-06
6.18675e-06
5.23495e-06
4.35789e-06
3.55179e-06
2.81297e-06
2.13783e-06
1.5229e-06
9.64778e-07
4.60192e-07
5.97253e-09
-4.0094e-07
4.24534e-05
3.96792e-05
3.70391e-05
3.45296e-05
3.2147e-05
2.98879e-05
2.77484e-05
2.57248e-05
2.38132e-05
2.20098e-05
2.03108e-05
1.87122e-05
1.72103e-05
1.58011e-05
1.4481e-05
1.32461e-05
1.20927e-05
1.10172e-05
1.0016e-05
9.0855e-06
8.22235e-06
7.42315e-06
6.68462e-06
6.00357e-06
5.37691e-06
4.80164e-06
4.27484e-06
4.97986e-05
4.69595e-05
4.42487e-05
4.16631e-05
3.91992e-05
3.68541e-05
3.46242e-05
3.25062e-05
3.04966e-05
2.85918e-05
2.67884e-05
2.50828e-05
2.34715e-05
2.1951e-05
2.05177e-05
1.91682e-05
1.78991e-05
1.6707e-05
1.55885e-05
1.45403e-05
1.35593e-05
1.26423e-05
1.17862e-05
1.09881e-05
1.0245e-05
9.55399e-06
8.91245e-06
5.69188e-05
5.40218e-05
5.12474e-05
4.85929e-05
4.60552e-05
4.36316e-05
4.1319e-05
3.91143e-05
3.70142e-05
3.50157e-05
3.31156e-05
3.13105e-05
2.95973e-05
2.79728e-05
2.64336e-05
2.49767e-05
2.35989e-05
2.2297e-05
2.1068e-05
1.99087e-05
1.88162e-05
1.77876e-05
1.68199e-05
1.59104e-05
1.50563e-05
1.4255e-05
1.35039e-05
6.38131e-05
6.08646e-05
5.80334e-05
5.53168e-05
5.27123e-05
5.02173e-05
4.78291e-05
4.55448e-05
4.33616e-05
4.12767e-05
3.9287e-05
3.73897e-05
3.55818e-05
3.38603e-05
3.22224e-05
3.0665e-05
2.91853e-05
2.77803e-05
2.64472e-05
2.51832e-05
2.39854e-05
2.28512e-05
2.17778e-05
2.07627e-05
1.98031e-05
1.88968e-05
1.80411e-05
7.04807e-05
6.74867e-05
6.46047e-05
6.18325e-05
5.91677e-05
5.66079e-05
5.41509e-05
5.17939e-05
4.95345e-05
4.73699e-05
4.52977e-05
4.3315e-05
4.14193e-05
3.96078e-05
3.78778e-05
3.62266e-05
3.46515e-05
3.31499e-05
3.17191e-05
3.03565e-05
2.90595e-05
2.78256e-05
2.66522e-05
2.5537e-05
2.44774e-05
2.34712e-05
2.25161e-05
7.69205e-05
7.38866e-05
7.09598e-05
6.81379e-05
6.54188e-05
6.28006e-05
6.0281e-05
5.78578e-05
5.55285e-05
5.3291e-05
5.11427e-05
4.90813e-05
4.71042e-05
4.52092e-05
4.33935e-05
4.16549e-05
3.99908e-05
3.83988e-05
3.68765e-05
3.54213e-05
3.4031e-05
3.27032e-05
3.14355e-05
3.02256e-05
2.90714e-05
2.79705e-05
2.69209e-05
8.31318e-05
8.00632e-05
7.70968e-05
7.42307e-05
7.14631e-05
6.87922e-05
6.62161e-05
6.37326e-05
6.13397e-05
5.90353e-05
5.68172e-05
5.46833e-05
5.26312e-05
5.06587e-05
4.87637e-05
4.69438e-05
4.51968e-05
4.35204e-05
4.19124e-05
4.03706e-05
3.88927e-05
3.74765e-05
3.61199e-05
3.48208e-05
3.35771e-05
3.23866e-05
3.12474e-05
8.91137e-05
8.6015e-05
8.3014e-05
8.01088e-05
7.7298e-05
7.45799e-05
7.19527e-05
6.94147e-05
6.6964e-05
6.45985e-05
6.23165e-05
6.01159e-05
5.79947e-05
5.59508e-05
5.39823e-05
5.2087e-05
5.02629e-05
4.85079e-05
4.682e-05
4.51971e-05
4.36371e-05
4.21381e-05
4.0698e-05
3.93149e-05
3.79867e-05
3.67117e-05
3.54878e-05
9.4865e-05
9.17407e-05
8.87095e-05
8.57701e-05
8.29209e-05
8.01607e-05
7.74877e-05
7.49004e-05
7.23972e-05
6.99762e-05
6.76358e-05
6.53741e-05
6.31894e-05
6.10798e-05
5.90433e-05
5.70783e-05
5.51827e-05
5.33546e-05
5.15923e-05
4.98937e-05
4.82571e-05
4.66805e-05
4.51621e-05
4.37e-05
4.22925e-05
4.09377e-05
3.96339e-05
0.000100385
9.72387e-05
9.41816e-05
9.12122e-05
8.83293e-05
8.55315e-05
8.28176e-05
8.0186e-05
7.76353e-05
7.5164e-05
7.27704e-05
7.0453e-05
6.821e-05
6.60399e-05
6.3941e-05
6.19115e-05
5.99497e-05
5.8054e-05
5.62225e-05
5.44535e-05
5.27453e-05
5.10963e-05
4.95046e-05
4.79686e-05
4.64865e-05
4.50568e-05
4.36778e-05
0.000105672
0.000102507
9.94282e-05
9.64329e-05
9.35203e-05
9.06894e-05
8.7939e-05
8.52678e-05
8.26744e-05
8.01574e-05
7.77156e-05
7.53473e-05
7.30512e-05
7.08257e-05
6.86693e-05
6.65805e-05
6.45577e-05
6.25993e-05
6.07037e-05
5.88693e-05
5.70947e-05
5.53781e-05
5.3718e-05
5.21128e-05
5.0561e-05
4.9061e-05
4.76113e-05
0.000110724
0.000107545
0.000104447
0.00010143
9.84912e-05
9.56312e-05
9.28484e-05
9.01418e-05
8.75101e-05
8.4952e-05
8.24665e-05
8.00521e-05
7.77075e-05
7.54314e-05
7.32224e-05
7.10791e-05
6.90001e-05
6.69838e-05
6.5029e-05
6.31341e-05
6.12977e-05
5.95184e-05
5.77946e-05
5.61249e-05
5.4508e-05
5.29423e-05
5.14264e-05
0.000115541
0.00011235
0.000109236
0.0001062
0.000103239
0.000100353
9.75422e-05
9.48041e-05
9.21381e-05
8.95432e-05
8.70183e-05
8.45621e-05
8.21735e-05
7.98513e-05
7.75942e-05
7.5401e-05
7.32703e-05
7.1201e-05
6.91915e-05
6.72407e-05
6.53472e-05
6.35097e-05
6.17268e-05
5.99972e-05
5.83195e-05
5.66925e-05
5.51148e-05
0.000120119
0.000116919
0.000113793
0.00011074
0.00010776
0.000104853
0.000102016
9.92505e-05
9.65541e-05
9.39262e-05
9.13658e-05
8.8872e-05
8.64436e-05
8.40795e-05
8.17786e-05
7.95398e-05
7.73619e-05
7.52438e-05
7.31842e-05
7.11819e-05
6.92357e-05
6.73444e-05
6.55068e-05
6.37215e-05
6.19875e-05
6.03035e-05
5.86682e-05
0.000124458
0.00012125
0.000118114
0.000115048
0.000112052
0.000109125
0.000106267
0.000103477
0.000100753
9.8096e-05
9.5504e-05
9.29762e-05
9.05119e-05
8.81099e-05
8.57693e-05
8.3489e-05
8.12681e-05
7.91054e-05
7.69998e-05
7.49502e-05
7.29556e-05
7.10147e-05
6.91266e-05
6.729e-05
6.55038e-05
6.37669e-05
6.20782e-05
0.000128553
0.000125341
0.000122196
0.00011912
0.00011611
0.000113167
0.00011029
0.000107478
0.000104731
0.000102047
9.94271e-05
9.68691e-05
9.43724e-05
9.19363e-05
8.95598e-05
8.72419e-05
8.49818e-05
8.27785e-05
8.06309e-05
7.85381e-05
7.64991e-05
7.45128e-05
7.25782e-05
7.06943e-05
6.886e-05
6.70743e-05
6.53361e-05
0.000132403
0.000129187
0.000126036
0.000122951
0.00011993
0.000116973
0.00011408
0.000111249
0.000108481
0.000105775
0.00010313
0.000100544
9.80189e-05
9.55521e-05
9.31432e-05
9.07914e-05
8.84959e-05
8.62557e-05
8.407e-05
8.19378e-05
7.98583e-05
7.78304e-05
7.58533e-05
7.3926e-05
7.20475e-05
7.02169e-05
6.84332e-05
0.000136003
0.000132785
0.00012963
0.000126538
0.000123508
0.000120539
0.000117632
0.000114785
0.000111999
0.000109272
0.000106605
0.000103996
0.000101445
9.89504e-05
9.65125e-05
9.41303e-05
9.18028e-05
8.95293e-05
8.7309e-05
8.51412e-05
8.30248e-05
8.09592e-05
7.89433e-05
7.69764e-05
7.50575e-05
7.31858e-05
7.13604e-05
0.000139349
0.000136131
0.000132973
0.000129875
0.000126837
0.000123859
0.00012094
0.00011808
0.000115278
0.000112534
0.000109847
0.000107217
0.000104643
0.000102124
9.96603e-05
9.72507e-05
9.48946e-05
9.25912e-05
9.03399e-05
8.81398e-05
8.59902e-05
8.38903e-05
8.18393e-05
7.98364e-05
7.78808e-05
7.59717e-05
7.41082e-05
0.000142437
0.000139219
0.000136059
0.000132958
0.000129914
0.000126928
0.000123999
0.000121127
0.000118311
0.000115552
0.000112848
0.000110199
0.000107605
0.000105065
0.000102578
0.000100145
9.77629e-05
9.54329e-05
9.31537e-05
9.09247e-05
8.87453e-05
8.66146e-05
8.4532e-05
8.24967e-05
8.0508e-05
7.8565e-05
7.66671e-05
0.000145261
0.000142044
0.000138883
0.000135779
0.00013273
0.000129738
0.0001268
0.000123918
0.000121091
0.000118319
0.0001156
0.000112936
0.000110324
0.000107765
0.000105258
0.000102803
0.000100399
9.80452e-05
9.57414e-05
9.34867e-05
9.12807e-05
8.91226e-05
8.70117e-05
8.49474e-05
8.29289e-05
8.09556e-05
7.90268e-05
0.000147814
0.000144598
0.000141438
0.000138331
0.000135279
0.000132281
0.000129338
0.000126447
0.000123611
0.000120827
0.000118096
0.000115417
0.00011279
0.000110215
0.000107691
0.000105217
0.000102793
0.000100419
9.8093e-05
9.58158e-05
9.35863e-05
9.14039e-05
8.9268e-05
8.7178e-05
8.51332e-05
8.3133e-05
8.11767e-05
0.000150089
0.000146875
0.000143715
0.000140607
0.000137553
0.000134551
0.000131602
0.000128705
0.00012586
0.000123067
0.000120325
0.000117634
0.000114995
0.000112405
0.000109866
0.000107376
0.000104935
0.000102542
0.000100198
9.79013e-05
9.56513e-05
9.34478e-05
9.12901e-05
8.91777e-05
8.71098e-05
8.5086e-05
8.31056e-05
0.000152077
0.000148866
0.000145706
0.000142598
0.000139541
0.000136536
0.000133583
0.00013068
0.000127829
0.000125028
0.000122277
0.000119577
0.000116926
0.000114325
0.000111773
0.000109269
0.000106814
0.000104406
0.000102045
9.97318e-05
9.74644e-05
9.52427e-05
9.30663e-05
9.09346e-05
8.88469e-05
8.68028e-05
8.48016e-05
0.000153769
0.000150559
0.0001474
0.000144292
0.000141234
0.000138227
0.00013527
0.000132363
0.000129506
0.000126699
0.000123941
0.000121233
0.000118573
0.000115962
0.000113399
0.000110884
0.000108417
0.000105996
0.000103623
0.000101295
9.9013e-05
9.67762e-05
9.45842e-05
9.24363e-05
9.0332e-05
8.82708e-05
8.62522e-05
0.000155152
0.000151945
0.000148787
0.000145679
0.00014262
0.000139611
0.000136651
0.000133741
0.00013088
0.000128068
0.000125304
0.00012259
0.000119923
0.000117304
0.000114733
0.000112209
0.000109732
0.000107301
0.000104916
0.000102578
0.000100284
9.80349e-05
9.58302e-05
9.36692e-05
9.15516e-05
8.94767e-05
8.7444e-05
0.000156215
0.000153009
0.000149852
0.000146744
0.000143685
0.000140674
0.000137713
0.0001348
0.000131936
0.00012912
0.000126353
0.000123633
0.000120961
0.000118336
0.000115759
0.000113228
0.000110743
0.000108305
0.000105912
0.000103565
0.000101262
9.90041e-05
9.67898e-05
9.4619e-05
9.24911e-05
9.04057e-05
8.83623e-05
0.000156941
0.000153737
0.00015058
0.000147472
0.000144413
0.000141402
0.000138439
0.000135525
0.000132659
0.00012984
0.00012707
0.000124347
0.000121671
0.000119043
0.000116461
0.000113926
0.000111436
0.000108993
0.000106595
0.000104241
0.000101933
9.96682e-05
9.74474e-05
9.52698e-05
9.3135e-05
9.10425e-05
8.89918e-05
0.000157314
0.00015411
0.000150954
0.000147846
0.000144787
0.000141775
0.000138812
0.000135897
0.00013303
0.00013021
0.000127438
0.000124714
0.000122036
0.000119406
0.000116822
0.000114284
0.000111792
0.000109346
0.000106945
0.000104589
0.000102277
0.00010001
9.77854e-05
9.56044e-05
9.34661e-05
9.137e-05
8.93155e-05
-0.000103645
-0.000100086
-9.65559e-05
-9.30612e-05
-8.96065e-05
-8.61964e-05
-8.28354e-05
-7.95281e-05
-7.62784e-05
-7.30902e-05
-6.99672e-05
-6.69126e-05
-6.39295e-05
-6.10205e-05
-5.81882e-05
-5.54345e-05
-5.27612e-05
-5.01698e-05
-4.76614e-05
-4.52369e-05
-4.28967e-05
-4.06412e-05
-3.84702e-05
-3.63835e-05
-3.43805e-05
-3.24603e-05
-3.0622e-05
-2.88642e-05
-2.71855e-05
-2.55844e-05
-2.4059e-05
-2.26074e-05
-2.12276e-05
-1.99176e-05
-1.86751e-05
-1.74979e-05
-1.63837e-05
-1.53301e-05
-1.43349e-05
-1.33955e-05
-1.25097e-05
-1.16751e-05
-1.08893e-05
-1.01501e-05
-0.00010059
-9.72007e-05
-9.38347e-05
-9.04977e-05
-8.71941e-05
-8.39287e-05
-8.07061e-05
-7.75307e-05
-7.44065e-05
-7.13375e-05
-6.83274e-05
-6.53796e-05
-6.24971e-05
-5.96829e-05
-5.69396e-05
-5.42693e-05
-5.1674e-05
-4.91554e-05
-4.67149e-05
-4.43534e-05
-4.20718e-05
-3.98705e-05
-3.77497e-05
-3.57093e-05
-3.3749e-05
-3.18681e-05
-3.0066e-05
-2.83415e-05
-2.66934e-05
-2.51203e-05
-2.36207e-05
-2.21929e-05
-2.0835e-05
-1.95452e-05
-1.83213e-05
-1.71613e-05
-1.60631e-05
-1.50244e-05
-1.40429e-05
-1.31166e-05
-1.2243e-05
-1.14198e-05
-1.0645e-05
-9.91613e-06
-9.74081e-05
-9.41895e-05
-9.09889e-05
-8.7811e-05
-8.46606e-05
-8.15422e-05
-7.84605e-05
-7.54197e-05
-7.2424e-05
-6.94772e-05
-6.65833e-05
-6.37455e-05
-6.09672e-05
-5.82513e-05
-5.56006e-05
-5.30173e-05
-5.05038e-05
-4.80617e-05
-4.56926e-05
-4.33978e-05
-4.11783e-05
-3.90347e-05
-3.69675e-05
-3.49767e-05
-3.30624e-05
-3.1224e-05
-2.94611e-05
-2.77728e-05
-2.61581e-05
-2.46159e-05
-2.31447e-05
-2.17431e-05
-2.04094e-05
-1.91419e-05
-1.79387e-05
-1.67979e-05
-1.57175e-05
-1.46954e-05
-1.37295e-05
-1.28176e-05
-1.19577e-05
-1.11474e-05
-1.03846e-05
-9.66732e-06
-9.41019e-05
-9.10552e-05
-8.80209e-05
-8.50037e-05
-8.20081e-05
-7.90387e-05
-7.61001e-05
-7.31963e-05
-7.03317e-05
-6.75101e-05
-6.47352e-05
-6.20107e-05
-5.93398e-05
-5.67256e-05
-5.41709e-05
-5.16782e-05
-4.92498e-05
-4.68878e-05
-4.45937e-05
-4.23692e-05
-4.02152e-05
-3.81328e-05
-3.61225e-05
-3.41848e-05
-3.23196e-05
-3.05269e-05
-2.88062e-05
-2.71571e-05
-2.55787e-05
-2.40699e-05
-2.26298e-05
-2.12569e-05
-1.99497e-05
-1.87068e-05
-1.75265e-05
-1.64069e-05
-1.53462e-05
-1.43425e-05
-1.33938e-05
-1.2498e-05
-1.16531e-05
-1.0857e-05
-1.01077e-05
-9.40313e-06
-9.06755e-05
-8.78011e-05
-8.49339e-05
-8.20784e-05
-7.9239e-05
-7.64203e-05
-7.36266e-05
-7.08621e-05
-6.81309e-05
-6.5437e-05
-6.2784e-05
-6.01756e-05
-5.76152e-05
-5.51058e-05
-5.26504e-05
-5.02516e-05
-4.79118e-05
-4.56332e-05
-4.34176e-05
-4.12667e-05
-3.91817e-05
-3.71639e-05
-3.52139e-05
-3.33323e-05
-3.15196e-05
-2.97756e-05
-2.81003e-05
-2.64932e-05
-2.49539e-05
-2.34814e-05
-2.20749e-05
-2.07331e-05
-1.9455e-05
-1.8239e-05
-1.70836e-05
-1.59873e-05
-1.49483e-05
-1.39648e-05
-1.30349e-05
-1.21569e-05
-1.13286e-05
-1.05482e-05
-9.8136e-06
-9.12299e-06
-8.71331e-05
-8.4431e-05
-8.17313e-05
-7.90382e-05
-7.63561e-05
-7.36894e-05
-7.10422e-05
-6.84188e-05
-6.58232e-05
-6.32592e-05
-6.07306e-05
-5.82411e-05
-5.57939e-05
-5.33923e-05
-5.10392e-05
-4.87375e-05
-4.64895e-05
-4.42976e-05
-4.21638e-05
-4.00898e-05
-3.80771e-05
-3.61271e-05
-3.42407e-05
-3.24186e-05
-3.06614e-05
-2.89692e-05
-2.73422e-05
-2.57802e-05
-2.42827e-05
-2.28492e-05
-2.1479e-05
-2.0171e-05
-1.89242e-05
-1.77374e-05
-1.66092e-05
-1.55382e-05
-1.45229e-05
-1.35614e-05
-1.26523e-05
-1.17936e-05
-1.09835e-05
-1.02202e-05
-9.50171e-06
-8.82635e-06
-8.3479e-05
-8.0949e-05
-7.84168e-05
-7.58866e-05
-7.33625e-05
-7.08487e-05
-6.83494e-05
-6.58687e-05
-6.34104e-05
-6.09784e-05
-5.85765e-05
-5.62081e-05
-5.38768e-05
-5.15857e-05
-4.93378e-05
-4.71361e-05
-4.49829e-05
-4.28809e-05
-4.08319e-05
-3.88381e-05
-3.6901e-05
-3.5022e-05
-3.32023e-05
-3.14428e-05
-2.97442e-05
-2.81069e-05
-2.65312e-05
-2.50171e-05
-2.35644e-05
-2.21726e-05
-2.08412e-05
-1.95695e-05
-1.83565e-05
-1.72012e-05
-1.61025e-05
-1.50589e-05
-1.40692e-05
-1.31317e-05
-1.2245e-05
-1.14074e-05
-1.06171e-05
-9.87237e-06
-9.17145e-06
-8.51265e-06
-7.97181e-05
-7.73596e-05
-7.49947e-05
-7.26273e-05
-7.02616e-05
-6.79015e-05
-6.55511e-05
-6.32142e-05
-6.08947e-05
-5.85965e-05
-5.63231e-05
-5.40782e-05
-5.1865e-05
-4.96869e-05
-4.75469e-05
-4.54479e-05
-4.33925e-05
-4.13832e-05
-3.94222e-05
-3.75115e-05
-3.5653e-05
-3.38481e-05
-3.20982e-05
-3.04044e-05
-2.87674e-05
-2.7188e-05
-2.56665e-05
-2.42032e-05
-2.2798e-05
-2.14506e-05
-2.01607e-05
-1.89278e-05
-1.7751e-05
-1.66296e-05
-1.55625e-05
-1.45485e-05
-1.35865e-05
-1.26749e-05
-1.18125e-05
-1.09976e-05
-1.02287e-05
-9.50418e-06
-8.82224e-06
-8.18136e-06
-7.58553e-05
-7.36674e-05
-7.14692e-05
-6.92645e-05
-6.70572e-05
-6.48511e-05
-6.26502e-05
-6.04581e-05
-5.82787e-05
-5.61157e-05
-5.39726e-05
-5.18529e-05
-4.97601e-05
-4.76972e-05
-4.56675e-05
-4.36737e-05
-4.17187e-05
-3.98049e-05
-3.79346e-05
-3.611e-05
-3.4333e-05
-3.26052e-05
-3.09281e-05
-2.93029e-05
-2.77305e-05
-2.62119e-05
-2.47475e-05
-2.33378e-05
-2.19828e-05
-2.06825e-05
-1.94368e-05
-1.82452e-05
-1.71071e-05
-1.60218e-05
-1.49886e-05
-1.40064e-05
-1.3074e-05
-1.21903e-05
-1.1354e-05
-1.05637e-05
-9.81787e-06
-9.11503e-06
-8.45354e-06
-7.83196e-06
-7.18961e-05
-6.98775e-05
-6.78451e-05
-6.58025e-05
-6.37534e-05
-6.17014e-05
-5.96503e-05
-5.76037e-05
-5.55653e-05
-5.35386e-05
-5.15271e-05
-4.95344e-05
-4.75636e-05
-4.5618e-05
-4.37007e-05
-4.18146e-05
-3.99624e-05
-3.81466e-05
-3.63698e-05
-3.4634e-05
-3.29413e-05
-3.12934e-05
-2.96919e-05
-2.81381e-05
-2.66332e-05
-2.51782e-05
-2.37737e-05
-2.24203e-05
-2.11183e-05
-1.98678e-05
-1.86687e-05
-1.75209e-05
-1.64239e-05
-1.53772e-05
-1.43801e-05
-1.34317e-05
-1.25312e-05
-1.16773e-05
-1.0869e-05
-1.0105e-05
-9.38391e-06
-8.70436e-06
-8.06484e-06
-7.46396e-06
-6.78462e-05
-6.59953e-05
-6.41275e-05
-6.22461e-05
-6.03546e-05
-5.84564e-05
-5.65552e-05
-5.46544e-05
-5.27575e-05
-5.0868e-05
-4.89894e-05
-4.71248e-05
-4.52777e-05
-4.34512e-05
-4.16482e-05
-3.98718e-05
-3.81246e-05
-3.64093e-05
-3.47283e-05
-3.30839e-05
-3.14781e-05
-2.99128e-05
-2.83896e-05
-2.691e-05
-2.54754e-05
-2.40867e-05
-2.27448e-05
-2.14505e-05
-2.0204e-05
-1.90059e-05
-1.78561e-05
-1.67545e-05
-1.5701e-05
-1.46952e-05
-1.37364e-05
-1.28241e-05
-1.19573e-05
-1.11353e-05
-1.03569e-05
-9.62096e-06
-8.92632e-06
-8.27168e-06
-7.65563e-06
-7.0769e-06
-6.37114e-05
-6.20265e-05
-6.03217e-05
-5.86003e-05
-5.68655e-05
-5.51206e-05
-5.3369e-05
-5.1614e-05
-4.9859e-05
-4.81073e-05
-4.63622e-05
-4.4627e-05
-4.29048e-05
-4.11987e-05
-3.95118e-05
-3.78469e-05
-3.62068e-05
-3.45941e-05
-3.30112e-05
-3.14605e-05
-2.99441e-05
-2.84638e-05
-2.70215e-05
-2.56188e-05
-2.4257e-05
-2.29373e-05
-2.16607e-05
-2.04279e-05
-1.92397e-05
-1.80964e-05
-1.69984e-05
-1.59455e-05
-1.49379e-05
-1.39752e-05
-1.3057e-05
-1.21828e-05
-1.1352e-05
-1.05637e-05
-9.8171e-06
-9.11109e-06
-8.44462e-06
-7.8165e-06
-7.22548e-06
-6.67035e-06
-5.9498e-05
-5.79768e-05
-5.64334e-05
-5.48704e-05
-5.32912e-05
-5.16987e-05
-5.00961e-05
-4.84866e-05
-4.68735e-05
-4.52598e-05
-4.36488e-05
-4.20437e-05
-4.04474e-05
-3.88631e-05
-3.72936e-05
-3.57419e-05
-3.42106e-05
-3.27024e-05
-3.12197e-05
-2.97649e-05
-2.83401e-05
-2.69472e-05
-2.55883e-05
-2.42648e-05
-2.29783e-05
-2.17301e-05
-2.05213e-05
-1.93527e-05
-1.82252e-05
-1.71393e-05
-1.60953e-05
-1.50936e-05
-1.41342e-05
-1.32169e-05
-1.23415e-05
-1.15076e-05
-1.07148e-05
-9.96224e-06
-9.24926e-06
-8.57496e-06
-7.93837e-06
-7.33843e-06
-6.77397e-06
-6.24392e-06
-5.52125e-05
-5.38527e-05
-5.24683e-05
-5.10621e-05
-4.96369e-05
-4.81956e-05
-4.67412e-05
-4.52767e-05
-4.38051e-05
-4.23294e-05
-4.08528e-05
-3.93782e-05
-3.79086e-05
-3.6447e-05
-3.49961e-05
-3.35589e-05
-3.2138e-05
-3.0736e-05
-2.93553e-05
-2.79983e-05
-2.66672e-05
-2.5364e-05
-2.40906e-05
-2.28487e-05
-2.16399e-05
-2.04656e-05
-1.93269e-05
-1.82249e-05
-1.71605e-05
-1.61343e-05
-1.51469e-05
-1.41986e-05
-1.32896e-05
-1.242e-05
-1.15896e-05
-1.07981e-05
-1.00452e-05
-9.33041e-06
-8.65298e-06
-8.0122e-06
-7.40721e-06
-6.83708e-06
-6.30077e-06
-5.79727e-06
-5.08615e-05
-4.96603e-05
-4.84327e-05
-4.71812e-05
-4.59083e-05
-4.46167e-05
-4.33093e-05
-4.19888e-05
-4.06582e-05
-3.93203e-05
-3.7978e-05
-3.66341e-05
-3.52916e-05
-3.39534e-05
-3.26221e-05
-3.13004e-05
-2.99912e-05
-2.86968e-05
-2.74197e-05
-2.61623e-05
-2.49267e-05
-2.37151e-05
-2.25293e-05
-2.13712e-05
-2.02423e-05
-1.91441e-05
-1.80779e-05
-1.70448e-05
-1.60458e-05
-1.50817e-05
-1.41531e-05
-1.32605e-05
-1.24042e-05
-1.15844e-05
-1.0801e-05
-1.00541e-05
-9.34317e-06
-8.66799e-06
-8.02797e-06
-7.4225e-06
-6.85085e-06
-6.31218e-06
-5.80556e-06
-5.33011e-06
-4.64518e-05
-4.54065e-05
-4.4333e-05
-4.32338e-05
-4.21111e-05
-4.09676e-05
-3.98057e-05
-3.86282e-05
-3.74376e-05
-3.62368e-05
-3.50285e-05
-3.38153e-05
-3.26001e-05
-3.13856e-05
-3.01744e-05
-2.89693e-05
-2.77726e-05
-2.65871e-05
-2.5415e-05
-2.42587e-05
-2.31204e-05
-2.20022e-05
-2.09059e-05
-1.98335e-05
-1.87865e-05
-1.77665e-05
-1.67749e-05
-1.58129e-05
-1.48815e-05
-1.39816e-05
-1.3114e-05
-1.22793e-05
-1.14779e-05
-1.071e-05
-9.97583e-06
-9.27536e-06
-8.60845e-06
-7.97481e-06
-7.37406e-06
-6.80568e-06
-6.26906e-06
-5.76349e-06
-5.28814e-06
-4.84222e-06
-4.19907e-05
-4.10979e-05
-4.01757e-05
-3.92262e-05
-3.82515e-05
-3.7254e-05
-3.6236e-05
-3.51999e-05
-3.41483e-05
-3.30837e-05
-3.20087e-05
-3.09259e-05
-2.98379e-05
-2.87473e-05
-2.76566e-05
-2.65685e-05
-2.54853e-05
-2.44096e-05
-2.33436e-05
-2.22897e-05
-2.12501e-05
-2.02268e-05
-1.92217e-05
-1.82368e-05
-1.72736e-05
-1.63338e-05
-1.54189e-05
-1.45299e-05
-1.36682e-05
-1.28347e-05
-1.20302e-05
-1.12554e-05
-1.05109e-05
-9.79703e-06
-9.11404e-06
-8.46205e-06
-7.84103e-06
-7.25083e-06
-6.69116e-06
-6.16162e-06
-5.66173e-06
-5.19087e-06
-4.74834e-06
-4.33344e-06
-3.74852e-05
-3.67416e-05
-3.59677e-05
-3.51651e-05
-3.43358e-05
-3.3482e-05
-3.26059e-05
-3.17096e-05
-3.07956e-05
-2.98661e-05
-2.89235e-05
-2.79704e-05
-2.70092e-05
-2.60423e-05
-2.50723e-05
-2.41014e-05
-2.31322e-05
-2.2167e-05
-2.12081e-05
-2.02577e-05
-1.9318e-05
-1.8391e-05
-1.74786e-05
-1.65828e-05
-1.57051e-05
-1.48473e-05
-1.40107e-05
-1.31968e-05
-1.24067e-05
-1.16415e-05
-1.09021e-05
-1.01893e-05
-9.50367e-06
-8.84575e-06
-8.21589e-06
-7.61429e-06
-7.04104e-06
-6.49609e-06
-5.97928e-06
-5.49032e-06
-5.02881e-06
-4.59427e-06
-4.18609e-06
-3.80368e-06
-3.29428e-05
-3.23449e-05
-3.17158e-05
-3.10571e-05
-3.03706e-05
-2.9658e-05
-2.89215e-05
-2.81631e-05
-2.73849e-05
-2.6589e-05
-2.57778e-05
-2.49536e-05
-2.41185e-05
-2.3275e-05
-2.24253e-05
-2.15719e-05
-2.07169e-05
-1.98627e-05
-1.90115e-05
-1.81654e-05
-1.73266e-05
-1.6497e-05
-1.56786e-05
-1.48732e-05
-1.40826e-05
-1.33083e-05
-1.25519e-05
-1.18148e-05
-1.10981e-05
-1.0403e-05
-9.73055e-06
-9.08155e-06
-8.45671e-06
-7.85663e-06
-7.28175e-06
-6.73238e-06
-6.20871e-06
-5.7108e-06
-5.23857e-06
-4.79186e-06
-4.37037e-06
-3.97372e-06
-3.60141e-06
-3.25294e-06
-2.83709e-05
-2.7915e-05
-2.74273e-05
-2.69093e-05
-2.63624e-05
-2.57885e-05
-2.51892e-05
-2.45664e-05
-2.39221e-05
-2.32582e-05
-2.25769e-05
-2.18803e-05
-2.11705e-05
-2.04497e-05
-1.972e-05
-1.89837e-05
-1.8243e-05
-1.75e-05
-1.67569e-05
-1.60157e-05
-1.52786e-05
-1.45474e-05
-1.3824e-05
-1.31103e-05
-1.2408e-05
-1.17187e-05
-1.10439e-05
-1.03851e-05
-9.74347e-06
-9.12025e-06
-8.51646e-06
-7.93304e-06
-7.37077e-06
-6.8303e-06
-6.31218e-06
-5.81681e-06
-5.34445e-06
-4.89528e-06
-4.46931e-06
-4.06648e-06
-3.68659e-06
-3.32936e-06
-2.9944e-06
-2.68129e-06
-2.37773e-05
-2.34594e-05
-2.31095e-05
-2.27287e-05
-2.23184e-05
-2.188e-05
-2.14152e-05
-2.09257e-05
-2.04131e-05
-1.98794e-05
-1.93264e-05
-1.8756e-05
-1.81703e-05
-1.75712e-05
-1.69608e-05
-1.63413e-05
-1.57146e-05
-1.50828e-05
-1.44479e-05
-1.3812e-05
-1.3177e-05
-1.25449e-05
-1.19174e-05
-1.12964e-05
-1.06835e-05
-1.00804e-05
-9.48857e-06
-8.90947e-06
-8.34439e-06
-7.79455e-06
-7.26104e-06
-6.74482e-06
-6.24676e-06
-5.76758e-06
-5.30789e-06
-4.86818e-06
-4.4488e-06
-4.04999e-06
-3.6719e-06
-3.31452e-06
-2.97777e-06
-2.66145e-06
-2.36528e-06
-2.08893e-06
-1.91695e-05
-1.89857e-05
-1.87697e-05
-1.85226e-05
-1.82455e-05
-1.79396e-05
-1.76065e-05
-1.72475e-05
-1.68644e-05
-1.64586e-05
-1.60319e-05
-1.55861e-05
-1.51231e-05
-1.46446e-05
-1.41526e-05
-1.36491e-05
-1.31359e-05
-1.2615e-05
-1.20883e-05
-1.15578e-05
-1.10253e-05
-1.04926e-05
-9.96165e-06
-9.43406e-06
-8.91152e-06
-8.39564e-06
-7.88791e-06
-7.38978e-06
-6.90256e-06
-6.42748e-06
-5.96568e-06
-5.51816e-06
-5.08584e-06
-4.66949e-06
-4.26979e-06
-3.8873e-06
-3.52246e-06
-3.17558e-06
-2.84688e-06
-2.53646e-06
-2.24432e-06
-1.97036e-06
-1.71438e-06
-1.47613e-06
-1.45555e-05
-1.45016e-05
-1.44156e-05
-1.42984e-05
-1.41509e-05
-1.39743e-05
-1.37697e-05
-1.35386e-05
-1.32821e-05
-1.3002e-05
-1.26995e-05
-1.23765e-05
-1.20345e-05
-1.16752e-05
-1.13004e-05
-1.09119e-05
-1.05115e-05
-1.0101e-05
-9.68216e-06
-9.25688e-06
-8.82692e-06
-8.39403e-06
-7.95994e-06
-7.52633e-06
-7.09482e-06
-6.66697e-06
-6.24428e-06
-5.82815e-06
-5.41991e-06
-5.02082e-06
-4.63201e-06
-4.25453e-06
-3.88932e-06
-3.53723e-06
-3.19897e-06
-2.87516e-06
-2.56632e-06
-2.27282e-06
-1.99497e-06
-1.73294e-06
-1.48681e-06
-1.25658e-06
-1.04212e-06
-8.43284e-07
-9.94301e-06
-1.00148e-05
-1.00547e-05
-1.00635e-05
-1.0042e-05
-9.99119e-06
-9.912e-06
-9.80559e-06
-9.67318e-06
-9.51603e-06
-9.33554e-06
-9.13311e-06
-8.91026e-06
-8.66853e-06
-8.40953e-06
-8.13488e-06
-7.84626e-06
-7.54534e-06
-7.23384e-06
-6.91344e-06
-6.58584e-06
-6.2527e-06
-5.91568e-06
-5.57638e-06
-5.23638e-06
-4.89718e-06
-4.56025e-06
-4.22697e-06
-3.89867e-06
-3.5766e-06
-3.26189e-06
-2.95563e-06
-2.65879e-06
-2.37222e-06
-2.09671e-06
-1.83293e-06
-1.58143e-06
-1.34267e-06
-1.11702e-06
-9.04725e-07
-7.05944e-07
-5.20742e-07
-3.49085e-07
-1.90897e-07
-5.34001e-06
-5.53305e-06
-5.69476e-06
-5.82567e-06
-5.9264e-06
-5.99772e-06
-6.04049e-06
-6.05567e-06
-6.04427e-06
-6.00743e-06
-5.94632e-06
-5.86222e-06
-5.75645e-06
-5.63041e-06
-5.48554e-06
-5.32332e-06
-5.14529e-06
-4.95298e-06
-4.74798e-06
-4.53186e-06
-4.30621e-06
-4.0726e-06
-3.83258e-06
-3.5877e-06
-3.33945e-06
-3.0893e-06
-2.83866e-06
-2.58889e-06
-2.34129e-06
-2.09709e-06
-1.85744e-06
-1.62341e-06
-1.396e-06
-1.1761e-06
-9.64522e-07
-7.61965e-07
-5.69045e-07
-3.86276e-07
-2.14075e-07
-5.27616e-08
9.74367e-08
2.36382e-07
3.64035e-07
4.80395e-07
-7.5443e-07
-1.06437e-06
-1.3436e-06
-1.59249e-06
-1.81153e-06
-2.00131e-06
-2.16252e-06
-2.29594e-06
-2.40244e-06
-2.48297e-06
-2.53854e-06
-2.57026e-06
-2.57929e-06
-2.56687e-06
-2.53427e-06
-2.48284e-06
-2.41395e-06
-2.32903e-06
-2.2295e-06
-2.11683e-06
-1.99248e-06
-1.85793e-06
-1.71463e-06
-1.56405e-06
-1.4076e-06
-1.24668e-06
-1.08265e-06
-9.16834e-07
-7.50492e-07
-5.84831e-07
-4.20993e-07
-2.60048e-07
-1.0299e-07
4.92664e-08
1.95894e-07
3.36152e-07
4.69391e-07
5.9505e-07
7.12661e-07
8.21846e-07
9.22317e-07
1.01387e-06
1.09639e-06
1.16982e-06
3.80575e-06
3.38338e-06
2.99094e-06
2.62821e-06
2.29486e-06
1.99046e-06
1.71447e-06
1.46626e-06
1.24514e-06
1.05033e-06
8.80967e-07
7.36112e-07
6.14762e-07
5.15846e-07
4.38232e-07
3.80736e-07
3.42126e-07
3.21128e-07
3.16438e-07
3.26723e-07
3.50636e-07
3.86816e-07
4.33902e-07
4.90537e-07
5.55378e-07
6.27098e-07
7.04403e-07
7.86026e-07
8.70747e-07
9.57393e-07
1.04484e-06
1.13204e-06
1.218e-06
1.3018e-06
1.3826e-06
1.45964e-06
1.53223e-06
1.59979e-06
1.66179e-06
1.71781e-06
1.76752e-06
1.81064e-06
1.84701e-06
1.87648e-06
8.33253e-06
7.80222e-06
7.30094e-06
6.82859e-06
6.38502e-06
5.96991e-06
5.58289e-06
5.2235e-06
4.89118e-06
4.58531e-06
4.3052e-06
4.05006e-06
3.81905e-06
3.61125e-06
3.42569e-06
3.26133e-06
3.11708e-06
2.99183e-06
2.88439e-06
2.79357e-06
2.71815e-06
2.65687e-06
2.60848e-06
2.57174e-06
2.54537e-06
2.52814e-06
2.51883e-06
2.51623e-06
2.51918e-06
2.52653e-06
2.53722e-06
2.55019e-06
2.56449e-06
2.57919e-06
2.59345e-06
2.60649e-06
2.61762e-06
2.62621e-06
2.63172e-06
2.63367e-06
2.63169e-06
2.62545e-06
2.61472e-06
2.59932e-06
1.28179e-05
1.21842e-05
1.15784e-05
1.10008e-05
1.04511e-05
9.92928e-06
9.43509e-06
8.96819e-06
8.5282e-06
8.11465e-06
7.72697e-06
7.36455e-06
7.0267e-06
6.71266e-06
6.42159e-06
6.15263e-06
5.90482e-06
5.67718e-06
5.46868e-06
5.27825e-06
5.1048e-06
4.94719e-06
4.8043e-06
4.67495e-06
4.55801e-06
4.45231e-06
4.3567e-06
4.27006e-06
4.19128e-06
4.11927e-06
4.05301e-06
3.99147e-06
3.93372e-06
3.87885e-06
3.82603e-06
3.77448e-06
3.72348e-06
3.6724e-06
3.62067e-06
3.56777e-06
3.51329e-06
3.45687e-06
3.39823e-06
3.33712e-06
1.72539e-05
1.65212e-05
1.58154e-05
1.51367e-05
1.44852e-05
1.38607e-05
1.32633e-05
1.26927e-05
1.21486e-05
1.16309e-05
1.11389e-05
1.06724e-05
1.02307e-05
9.8132e-06
9.41925e-06
9.04811e-06
8.69899e-06
8.37103e-06
8.06336e-06
7.77503e-06
7.50507e-06
7.25249e-06
7.01626e-06
6.79533e-06
6.58865e-06
6.39516e-06
6.2138e-06
6.04352e-06
5.88327e-06
5.73204e-06
5.58883e-06
5.4527e-06
5.32271e-06
5.198e-06
5.07773e-06
4.96114e-06
4.84752e-06
4.73621e-06
4.62663e-06
4.51825e-06
4.41061e-06
4.30331e-06
4.19604e-06
4.08851e-06
2.16323e-05
2.08053e-05
2.00039e-05
1.92285e-05
1.84792e-05
1.77563e-05
1.70596e-05
1.63891e-05
1.57448e-05
1.51264e-05
1.45336e-05
1.39662e-05
1.34238e-05
1.29058e-05
1.24117e-05
1.1941e-05
1.1493e-05
1.1067e-05
1.06623e-05
1.02779e-05
9.9132e-06
9.5672e-06
9.23902e-06
8.92772e-06
8.63237e-06
8.352e-06
8.08564e-06
7.83232e-06
7.59108e-06
7.36097e-06
7.14106e-06
6.93043e-06
6.72821e-06
6.53355e-06
6.34566e-06
6.16378e-06
5.98721e-06
5.81528e-06
5.6474e-06
5.48304e-06
5.32171e-06
5.16298e-06
5.00651e-06
4.85195e-06
2.59453e-05
2.50283e-05
2.41357e-05
2.3268e-05
2.24253e-05
2.16079e-05
2.0816e-05
2.00497e-05
1.93088e-05
1.85934e-05
1.79034e-05
1.72386e-05
1.65986e-05
1.59832e-05
1.5392e-05
1.48245e-05
1.42802e-05
1.37586e-05
1.3259e-05
1.27807e-05
1.23232e-05
1.18855e-05
1.1467e-05
1.10667e-05
1.0684e-05
1.03179e-05
9.96746e-06
9.63194e-06
9.3104e-06
9.00196e-06
8.70576e-06
8.42096e-06
8.14671e-06
7.88221e-06
7.62671e-06
7.37946e-06
7.13977e-06
6.90701e-06
6.68056e-06
6.45988e-06
6.24448e-06
6.03391e-06
5.82777e-06
5.62572e-06
3.01848e-05
2.91823e-05
2.82029e-05
2.72471e-05
2.63152e-05
2.54076e-05
2.45246e-05
2.36663e-05
2.28328e-05
2.20242e-05
2.12405e-05
2.04817e-05
1.97476e-05
1.9038e-05
1.83526e-05
1.76912e-05
1.70534e-05
1.64388e-05
1.58468e-05
1.5277e-05
1.47287e-05
1.42013e-05
1.36942e-05
1.32067e-05
1.2738e-05
1.22875e-05
1.18542e-05
1.14376e-05
1.10366e-05
1.06506e-05
1.02788e-05
9.92031e-06
9.57444e-06
9.24041e-06
8.91749e-06
8.60498e-06
8.30222e-06
8.00857e-06
7.72344e-06
7.44628e-06
7.17659e-06
6.9139e-06
6.6578e-06
6.40792e-06
3.43426e-05
3.3259e-05
3.21972e-05
3.11576e-05
3.01408e-05
2.91472e-05
2.81771e-05
2.72308e-05
2.63086e-05
2.54106e-05
2.4537e-05
2.36878e-05
2.2863e-05
2.20625e-05
2.12862e-05
2.0534e-05
1.98056e-05
1.91007e-05
1.8419e-05
1.776e-05
1.71232e-05
1.65083e-05
1.59147e-05
1.53417e-05
1.47888e-05
1.42554e-05
1.37407e-05
1.32441e-05
1.27648e-05
1.23023e-05
1.18556e-05
1.14242e-05
1.10074e-05
1.06043e-05
1.02144e-05
9.83693e-06
9.47131e-06
9.11691e-06
8.77317e-06
8.43953e-06
8.11548e-06
7.80057e-06
7.49436e-06
7.19646e-06
3.84107e-05
3.72504e-05
3.61105e-05
3.49915e-05
3.3894e-05
3.28185e-05
3.17654e-05
3.07352e-05
2.97282e-05
2.87447e-05
2.77848e-05
2.68489e-05
2.59369e-05
2.5049e-05
2.41851e-05
2.33453e-05
2.25293e-05
2.17371e-05
2.09683e-05
2.02227e-05
1.95001e-05
1.88e-05
1.8122e-05
1.74656e-05
1.68304e-05
1.62157e-05
1.56212e-05
1.50461e-05
1.44899e-05
1.3952e-05
1.34316e-05
1.29282e-05
1.24412e-05
1.19698e-05
1.15135e-05
1.10716e-05
1.06435e-05
1.02287e-05
9.82662e-06
9.43668e-06
9.05841e-06
8.69133e-06
8.33502e-06
7.98905e-06
4.23811e-05
4.11483e-05
3.99345e-05
3.87403e-05
3.75663e-05
3.6413e-05
3.52811e-05
3.41711e-05
3.30832e-05
3.2018e-05
3.09758e-05
2.99569e-05
2.89614e-05
2.79895e-05
2.70415e-05
2.61173e-05
2.52169e-05
2.43404e-05
2.34875e-05
2.26582e-05
2.18523e-05
2.10694e-05
2.03094e-05
1.95718e-05
1.88564e-05
1.81626e-05
1.749e-05
1.68381e-05
1.62065e-05
1.55946e-05
1.50018e-05
1.44275e-05
1.38713e-05
1.33326e-05
1.28107e-05
1.2305e-05
1.18152e-05
1.13405e-05
1.08804e-05
1.04346e-05
1.00024e-05
9.58336e-06
9.17712e-06
8.78322e-06
4.62454e-05
4.49445e-05
4.3661e-05
4.23957e-05
4.11494e-05
3.99226e-05
3.87159e-05
3.753e-05
3.63654e-05
3.52224e-05
3.41017e-05
3.30035e-05
3.19282e-05
3.0876e-05
2.98473e-05
2.88421e-05
2.78606e-05
2.69029e-05
2.5969e-05
2.50589e-05
2.41725e-05
2.33096e-05
2.24701e-05
2.16538e-05
2.08604e-05
2.00895e-05
1.93409e-05
1.86141e-05
1.79088e-05
1.72245e-05
1.65608e-05
1.59171e-05
1.5293e-05
1.4688e-05
1.41015e-05
1.35331e-05
1.29822e-05
1.24484e-05
1.19311e-05
1.14298e-05
1.09442e-05
1.04736e-05
1.00178e-05
9.57628e-06
4.99956e-05
4.86306e-05
4.72816e-05
4.59494e-05
4.46348e-05
4.33385e-05
4.20612e-05
4.08035e-05
3.9566e-05
3.83493e-05
3.71539e-05
3.59803e-05
3.48289e-05
3.37001e-05
3.25943e-05
3.15116e-05
3.04524e-05
2.94169e-05
2.84052e-05
2.74173e-05
2.64534e-05
2.55133e-05
2.45971e-05
2.37046e-05
2.28356e-05
2.199e-05
2.11676e-05
2.0368e-05
1.9591e-05
1.88361e-05
1.81031e-05
1.73916e-05
1.6701e-05
1.60311e-05
1.53813e-05
1.47512e-05
1.41404e-05
1.35483e-05
1.29746e-05
1.24187e-05
1.18803e-05
1.13589e-05
1.0854e-05
1.03653e-05
5.36233e-05
5.21983e-05
5.07878e-05
4.93928e-05
4.80141e-05
4.66524e-05
4.53084e-05
4.39829e-05
4.26766e-05
4.13901e-05
4.0124e-05
3.88788e-05
3.76551e-05
3.64534e-05
3.52741e-05
3.41176e-05
3.29842e-05
3.18742e-05
3.0788e-05
2.97256e-05
2.86872e-05
2.76729e-05
2.66828e-05
2.57169e-05
2.47751e-05
2.38573e-05
2.29634e-05
2.20933e-05
2.12467e-05
2.04233e-05
1.9623e-05
1.88454e-05
1.80901e-05
1.73568e-05
1.66452e-05
1.59548e-05
1.52852e-05
1.46361e-05
1.4007e-05
1.33975e-05
1.28072e-05
1.22357e-05
1.16825e-05
1.11473e-05
5.71201e-05
5.5639e-05
5.41711e-05
5.27173e-05
5.12784e-05
4.98553e-05
4.84487e-05
4.70595e-05
4.56883e-05
4.43359e-05
4.3003e-05
4.16902e-05
4.0398e-05
3.91272e-05
3.78782e-05
3.66514e-05
3.54474e-05
3.42665e-05
3.31092e-05
3.19756e-05
3.0866e-05
2.97806e-05
2.87197e-05
2.76833e-05
2.66714e-05
2.56842e-05
2.47215e-05
2.37833e-05
2.28695e-05
2.19799e-05
2.11144e-05
2.02727e-05
1.94546e-05
1.86597e-05
1.78879e-05
1.71388e-05
1.6412e-05
1.57072e-05
1.5024e-05
1.4362e-05
1.37209e-05
1.31003e-05
1.24997e-05
1.19188e-05
6.04775e-05
5.89442e-05
5.74228e-05
5.59141e-05
5.4419e-05
5.29385e-05
5.14733e-05
5.00242e-05
4.85922e-05
4.71779e-05
4.57821e-05
4.44055e-05
4.30488e-05
4.17127e-05
4.03977e-05
3.91045e-05
3.78335e-05
3.65853e-05
3.53604e-05
3.4159e-05
3.29816e-05
3.18285e-05
3.07e-05
2.95961e-05
2.85173e-05
2.74634e-05
2.64347e-05
2.54311e-05
2.44526e-05
2.34993e-05
2.25709e-05
2.16674e-05
2.07885e-05
1.99342e-05
1.91041e-05
1.8298e-05
1.75156e-05
1.67567e-05
1.60209e-05
1.53078e-05
1.46173e-05
1.39487e-05
1.33019e-05
1.26765e-05
6.36867e-05
6.21051e-05
6.05339e-05
5.89742e-05
5.74269e-05
5.58928e-05
5.43729e-05
5.28681e-05
5.13791e-05
4.99068e-05
4.84521e-05
4.70157e-05
4.55983e-05
4.42008e-05
4.28237e-05
4.14678e-05
4.01337e-05
3.88219e-05
3.7533e-05
3.62674e-05
3.50257e-05
3.38083e-05
3.26154e-05
3.14475e-05
3.03047e-05
2.91873e-05
2.80955e-05
2.70294e-05
2.59891e-05
2.49746e-05
2.39859e-05
2.3023e-05
2.20858e-05
2.11741e-05
2.02879e-05
1.94269e-05
1.85909e-05
1.77797e-05
1.6993e-05
1.62305e-05
1.54919e-05
1.47769e-05
1.40852e-05
1.34164e-05
6.67388e-05
6.51126e-05
6.34955e-05
6.18886e-05
6.02928e-05
5.87091e-05
5.71384e-05
5.55816e-05
5.40396e-05
5.25133e-05
5.10036e-05
4.95113e-05
4.80373e-05
4.65822e-05
4.5147e-05
4.37323e-05
4.23388e-05
4.09672e-05
3.96181e-05
3.8292e-05
3.69897e-05
3.57114e-05
3.44577e-05
3.32291e-05
3.20257e-05
3.08481e-05
2.96964e-05
2.85708e-05
2.74716e-05
2.63988e-05
2.53526e-05
2.4333e-05
2.334e-05
2.23735e-05
2.14334e-05
2.05197e-05
1.96323e-05
1.87708e-05
1.79351e-05
1.71251e-05
1.63403e-05
1.55805e-05
1.48455e-05
1.41348e-05
6.96248e-05
6.79574e-05
6.62981e-05
6.46477e-05
6.30073e-05
6.13778e-05
5.97601e-05
5.81553e-05
5.65642e-05
5.49879e-05
5.34272e-05
5.18829e-05
5.03561e-05
4.88476e-05
4.73581e-05
4.58885e-05
4.44395e-05
4.30119e-05
4.16065e-05
4.02238e-05
3.88644e-05
3.75291e-05
3.62183e-05
3.49324e-05
3.36721e-05
3.24376e-05
3.12293e-05
3.00475e-05
2.88926e-05
2.77646e-05
2.66639e-05
2.55904e-05
2.45443e-05
2.35257e-05
2.25345e-05
2.15706e-05
2.0634e-05
1.97246e-05
1.88422e-05
1.79865e-05
1.71575e-05
1.63549e-05
1.55783e-05
1.48275e-05
7.2335e-05
7.06302e-05
6.89322e-05
6.7242e-05
6.55606e-05
6.38891e-05
6.22283e-05
6.05793e-05
5.89431e-05
5.73206e-05
5.57128e-05
5.41206e-05
5.2545e-05
5.09869e-05
4.94472e-05
4.79267e-05
4.64263e-05
4.49467e-05
4.34888e-05
4.20534e-05
4.0641e-05
3.92524e-05
3.78881e-05
3.65489e-05
3.52351e-05
3.39473e-05
3.2686e-05
3.14515e-05
3.02442e-05
2.90644e-05
2.79123e-05
2.67881e-05
2.5692e-05
2.46241e-05
2.35845e-05
2.25732e-05
2.15901e-05
2.06352e-05
1.97085e-05
1.88097e-05
1.79387e-05
1.70952e-05
1.62791e-05
1.54901e-05
7.48598e-05
7.31209e-05
7.13878e-05
6.96614e-05
6.79428e-05
6.62329e-05
6.45328e-05
6.28435e-05
6.1166e-05
5.95013e-05
5.78504e-05
5.62142e-05
5.45939e-05
5.29903e-05
5.14044e-05
4.9837e-05
4.82892e-05
4.67617e-05
4.52555e-05
4.37712e-05
4.23098e-05
4.08718e-05
3.94582e-05
3.80693e-05
3.6706e-05
3.53688e-05
3.40581e-05
3.27745e-05
3.15184e-05
3.02902e-05
2.90902e-05
2.79186e-05
2.67758e-05
2.56618e-05
2.45769e-05
2.3521e-05
2.24943e-05
2.14968e-05
2.05284e-05
1.95889e-05
1.86784e-05
1.77965e-05
1.69432e-05
1.61181e-05
7.71888e-05
7.54193e-05
7.36546e-05
7.18956e-05
7.01433e-05
6.83988e-05
6.66631e-05
6.49373e-05
6.32224e-05
6.15194e-05
5.98294e-05
5.81533e-05
5.64923e-05
5.48473e-05
5.32193e-05
5.16092e-05
5.00181e-05
4.84469e-05
4.68964e-05
4.53675e-05
4.38611e-05
4.2378e-05
4.09189e-05
3.94846e-05
3.80757e-05
3.6693e-05
3.53369e-05
3.4008e-05
3.27069e-05
3.1434e-05
3.01897e-05
2.89743e-05
2.77882e-05
2.66315e-05
2.55046e-05
2.44074e-05
2.33403e-05
2.23031e-05
2.12959e-05
2.03186e-05
1.93712e-05
1.84536e-05
1.75655e-05
1.67067e-05
7.93114e-05
7.75147e-05
7.57218e-05
7.39336e-05
7.21513e-05
7.03759e-05
6.86084e-05
6.68499e-05
6.51014e-05
6.33641e-05
6.1639e-05
5.99271e-05
5.82294e-05
5.65471e-05
5.48812e-05
5.32327e-05
5.16025e-05
4.99917e-05
4.84013e-05
4.6832e-05
4.5285e-05
4.37609e-05
4.22606e-05
4.0785e-05
3.93348e-05
3.79106e-05
3.65132e-05
3.51432e-05
3.38011e-05
3.24874e-05
3.12027e-05
2.99473e-05
2.87216e-05
2.75259e-05
2.63604e-05
2.52255e-05
2.41212e-05
2.30476e-05
2.20048e-05
2.09928e-05
2.00116e-05
1.9061e-05
1.81409e-05
1.72512e-05
8.12163e-05
7.93957e-05
7.7578e-05
7.57642e-05
7.39554e-05
7.21527e-05
7.03572e-05
6.85698e-05
6.67918e-05
6.50241e-05
6.32678e-05
6.15241e-05
5.97941e-05
5.80787e-05
5.63792e-05
5.46964e-05
5.30315e-05
5.13856e-05
4.97595e-05
4.81543e-05
4.65709e-05
4.50103e-05
4.34733e-05
4.19608e-05
4.04735e-05
3.90123e-05
3.75779e-05
3.61709e-05
3.4792e-05
3.34418e-05
3.21207e-05
3.08293e-05
2.9568e-05
2.83372e-05
2.71371e-05
2.5968e-05
2.48302e-05
2.37238e-05
2.26489e-05
2.16055e-05
2.05936e-05
1.96132e-05
1.86642e-05
1.77464e-05
8.28918e-05
8.10505e-05
7.92113e-05
7.73754e-05
7.55438e-05
7.37175e-05
7.18976e-05
7.00853e-05
6.82815e-05
6.64874e-05
6.47042e-05
6.29329e-05
6.11746e-05
5.94305e-05
5.77016e-05
5.59891e-05
5.42939e-05
5.26172e-05
5.09601e-05
4.93235e-05
4.77083e-05
4.61157e-05
4.45465e-05
4.30017e-05
4.1482e-05
3.99883e-05
3.85213e-05
3.70819e-05
3.56707e-05
3.42882e-05
3.29352e-05
3.16121e-05
3.03194e-05
2.90576e-05
2.78269e-05
2.66277e-05
2.54603e-05
2.43249e-05
2.32215e-05
2.21503e-05
2.11114e-05
2.01046e-05
1.91299e-05
1.81871e-05
8.4325e-05
8.24663e-05
8.06092e-05
7.87546e-05
7.69037e-05
7.50575e-05
7.32171e-05
7.13837e-05
6.95582e-05
6.77419e-05
6.59358e-05
6.41411e-05
6.23589e-05
6.05904e-05
5.88367e-05
5.70988e-05
5.5378e-05
5.36752e-05
5.19916e-05
5.03283e-05
4.86861e-05
4.70663e-05
4.54697e-05
4.38972e-05
4.23498e-05
4.08284e-05
3.93337e-05
3.78665e-05
3.64276e-05
3.50177e-05
3.36373e-05
3.2287e-05
3.09674e-05
2.9679e-05
2.84221e-05
2.71971e-05
2.60043e-05
2.48439e-05
2.3716e-05
2.2621e-05
2.15586e-05
2.05291e-05
1.95323e-05
1.85681e-05
8.55027e-05
8.36299e-05
8.17582e-05
7.98885e-05
7.8022e-05
7.61596e-05
7.43026e-05
7.24519e-05
7.06088e-05
6.87743e-05
6.69497e-05
6.51359e-05
6.33343e-05
6.15459e-05
5.97719e-05
5.80134e-05
5.62716e-05
5.45475e-05
5.28423e-05
5.11571e-05
4.94929e-05
4.78507e-05
4.62316e-05
4.46366e-05
4.30665e-05
4.15223e-05
4.00048e-05
3.85149e-05
3.70533e-05
3.56207e-05
3.42178e-05
3.28452e-05
3.15035e-05
3.01932e-05
2.89147e-05
2.76684e-05
2.64546e-05
2.52736e-05
2.41256e-05
2.30108e-05
2.19292e-05
2.08809e-05
1.98658e-05
1.88839e-05
8.64103e-05
8.45269e-05
8.2644e-05
8.07628e-05
7.88843e-05
7.70096e-05
7.51398e-05
7.32761e-05
7.14195e-05
6.95712e-05
6.77323e-05
6.5904e-05
6.40875e-05
6.22838e-05
6.04943e-05
5.872e-05
5.69621e-05
5.52216e-05
5.34999e-05
5.17979e-05
5.01167e-05
4.84574e-05
4.68211e-05
4.52087e-05
4.36211e-05
4.20594e-05
4.05244e-05
3.90169e-05
3.75378e-05
3.60878e-05
3.46676e-05
3.32778e-05
3.1919e-05
3.05917e-05
2.92965e-05
2.80338e-05
2.68038e-05
2.56069e-05
2.44433e-05
2.33132e-05
2.22167e-05
2.11539e-05
2.01247e-05
1.9129e-05
8.70326e-05
8.51419e-05
8.32514e-05
8.13624e-05
7.94758e-05
7.75927e-05
7.57143e-05
7.38416e-05
7.19758e-05
7.0118e-05
6.82695e-05
6.64312e-05
6.46045e-05
6.27905e-05
6.09904e-05
5.92053e-05
5.74363e-05
5.56848e-05
5.39517e-05
5.22382e-05
5.05454e-05
4.88745e-05
4.72263e-05
4.5602e-05
4.40025e-05
4.24288e-05
4.08818e-05
3.93623e-05
3.78712e-05
3.64092e-05
3.49771e-05
3.35755e-05
3.2205e-05
3.08661e-05
2.95595e-05
2.82854e-05
2.70443e-05
2.58365e-05
2.46622e-05
2.35216e-05
2.24149e-05
2.1342e-05
2.0303e-05
1.92979e-05
8.73526e-05
8.54581e-05
8.35638e-05
8.16707e-05
7.978e-05
7.78926e-05
7.60097e-05
7.41325e-05
7.2262e-05
7.03994e-05
6.85459e-05
6.67025e-05
6.48706e-05
6.30513e-05
6.12457e-05
5.94551e-05
5.76805e-05
5.59232e-05
5.41843e-05
5.2465e-05
5.07662e-05
4.90892e-05
4.7435e-05
4.58046e-05
4.4199e-05
4.26191e-05
4.10659e-05
3.95403e-05
3.8043e-05
3.65749e-05
3.51366e-05
3.37289e-05
3.23524e-05
3.10076e-05
2.9695e-05
2.84152e-05
2.71683e-05
2.59549e-05
2.47751e-05
2.36291e-05
2.25171e-05
2.1439e-05
2.03951e-05
1.9385e-05
)
;

boundaryField
{
    down
    {
        type            symmetryPlane;
    }
    right
    {
        type            fixedValue;
        value           nonuniform List<scalar> 0();
    }
    up
    {
        type            symmetryPlane;
    }
    left
    {
        type            zeroGradient;
    }
    cylinder
    {
        type            zeroGradient;
    }
    frontAndBack
    {
        type            empty;
    }
    procBoundary10to5
    {
        type            processor;
        value           nonuniform List<scalar> 2(-0.000588937 -0.000565708);
    }
    procBoundary10to6
    {
        type            processor;
        value           nonuniform List<scalar> 
72
(
-0.000134026
-0.000127268
-0.000120784
-0.000114573
-0.000109834
-0.000109834
-0.000104169
-9.87516e-05
-9.35757e-05
-8.86371e-05
-8.39303e-05
-7.94489e-05
-7.51866e-05
-7.11364e-05
-6.72911e-05
-6.36436e-05
-6.01862e-05
-5.69114e-05
-5.38117e-05
-5.08793e-05
-4.81066e-05
-4.54863e-05
-4.30109e-05
-4.06732e-05
-3.84659e-05
-3.63824e-05
-3.44157e-05
-3.25594e-05
-3.08071e-05
-2.91529e-05
-2.75908e-05
-2.61153e-05
-2.47211e-05
-2.34031e-05
-2.21566e-05
-2.09771e-05
-1.98604e-05
-1.88025e-05
-1.77998e-05
-1.68487e-05
-1.59463e-05
-1.50893e-05
-1.42752e-05
-1.35014e-05
-1.27654e-05
-0.000585243
-0.000558289
-0.000531877
-0.000506101
-0.00048104
-0.000456757
-0.000433304
-0.000410719
-0.000389027
-0.000368246
-0.000348383
-0.000329437
-0.000311403
-0.000294265
-0.000278007
-0.000262606
-0.000248037
-0.000234272
-0.00022128
-0.00020903
-0.00019749
-0.000186626
-0.000176406
-0.000166797
-0.000157767
-0.000149284
-0.000141317
)
;
    }
    procBoundary10to9
    {
        type            processor;
        value           nonuniform List<scalar> 
73
(
-0.000542968
-0.000520736
-0.000499027
-0.00047785
-0.000457213
-0.00043712
-0.000417571
-0.000398565
-0.000380098
-0.000362164
-0.000344756
-0.000327867
-0.000311487
-0.000295606
-0.000280213
-0.000265297
-0.000250846
-0.00023685
-0.000223571
-0.000210844
-0.000198266
-0.000185844
-0.000173587
-0.0001615
-0.000149589
-0.000137861
-0.00012632
-0.000114972
-0.00010382
-9.28698e-05
-8.21243e-05
-7.15873e-05
-6.12617e-05
-5.11505e-05
-4.12561e-05
-3.15809e-05
-2.2127e-05
-1.2896e-05
-3.88962e-06
4.89074e-06
1.34439e-05
2.17687e-05
2.98644e-05
3.77301e-05
4.53652e-05
5.27691e-05
5.99413e-05
6.68813e-05
7.35888e-05
8.00633e-05
8.63043e-05
9.23113e-05
9.80837e-05
0.000103621
0.000108922
0.000113985
0.00011881
0.000123394
0.000127737
0.000131834
0.000135684
0.000139284
0.000142628
0.000145714
0.000148534
0.000151084
0.000153356
0.00015534
0.000157029
0.00015841
0.00015947
0.000160195
0.000160567
)
;
    }
    procBoundary10to11
    {
        type            processor;
        value           nonuniform List<scalar> 
74
(
-1.20197e-05
-1.19666e-05
-1.19056e-05
-1.18362e-05
-1.17581e-05
-1.1671e-05
-1.15748e-05
-1.14695e-05
-1.13548e-05
-1.12305e-05
-1.10967e-05
-1.09532e-05
-1.07998e-05
-1.06367e-05
-1.04636e-05
-1.02807e-05
-1.00879e-05
-9.8853e-06
-9.67284e-06
-9.45518e-06
-9.23092e-06
-8.99295e-06
-8.74079e-06
-8.47387e-06
-8.19167e-06
-7.89365e-06
-7.57933e-06
-7.24819e-06
-6.89979e-06
-6.53367e-06
-6.14944e-06
-5.74671e-06
-5.32517e-06
-4.88453e-06
-4.42457e-06
-3.94513e-06
-3.44612e-06
-2.9275e-06
-2.38935e-06
-1.83182e-06
-1.25515e-06
-6.59692e-07
-4.58983e-08
5.85654e-07
1.23427e-06
1.89911e-06
2.5792e-06
3.27344e-06
3.98055e-06
4.6991e-06
5.4275e-06
6.16396e-06
6.90653e-06
7.65309e-06
8.4013e-06
9.14865e-06
9.89241e-06
1.06297e-05
1.13573e-05
1.2072e-05
1.27702e-05
1.34482e-05
1.41021e-05
1.47278e-05
1.53209e-05
1.58771e-05
1.63915e-05
1.68595e-05
1.72762e-05
1.76363e-05
1.79349e-05
1.81667e-05
1.83265e-05
1.84089e-05
)
;
    }
}


// ************************************************************************* //
