/*--------------------------------*- C++ -*----------------------------------*\
| =========                 |                                                 |
| \\      /  F ield         | OpenFOAM: The Open Source CFD Toolbox           |
|  \\    /   O peration     | Version:  2412                                  |
|   \\  /    A nd           | Website:  www.openfoam.com                      |
|    \\/     M anipulation  |                                                 |
\*---------------------------------------------------------------------------*/
FoamFile
{
    version     2.0;
    format      ascii;
    arch        "LSB;label=32;scalar=64";
    class       volScalarField;
    location    "29";
    object      p;
}
// * * * * * * * * * * * * * * * * * * * * * * * * * * * * * * * * * * * * * //

dimensions      [0 2 -2 0 0 0 0];

internalField   nonuniform List<scalar> 
5285
(
0.00196031
0.00200522
0.0020526
0.00210264
0.00215555
0.00221155
0.00227089
0.00233384
0.00240069
0.00247178
0.00254746
0.00262813
0.00271423
0.00280624
0.0029047
0.00301017
0.00312329
0.00324475
0.00337528
0.00351563
0.0036666
0.0038289
0.00400317
0.00418978
0.00438867
0.0045991
0.00481934
0.00504648
0.0052768
0.00550662
0.00573265
0.00596147
0.00625732
0.00670797
0.00195925
0.00200413
0.00205147
0.00210147
0.00215432
0.00221025
0.00226951
0.00233235
0.00239907
0.00246999
0.00254546
0.00262588
0.00271167
0.00280328
0.00290124
0.00300609
0.00311843
0.00323889
0.00336815
0.00350687
0.00365573
0.00381532
0.00398605
0.00416805
0.00436092
0.00456349
0.00477348
0.00498729
0.00520036
0.00540816
0.00560688
0.00580225
0.00605433
0.00644398
0.00195713
0.00200195
0.00204922
0.00209913
0.00215187
0.00220766
0.00226675
0.00232938
0.00239583
0.00246643
0.00254151
0.00262143
0.00270659
0.00279743
0.00289442
0.00299805
0.00310884
0.00322733
0.00335408
0.00348958
0.00363429
0.00378848
0.0039522
0.00412502
0.00430588
0.00449269
0.00468205
0.00486899
0.00504726
0.00521053
0.0053542
0.00548251
0.00564315
0.00592309
0.00195391
0.00199863
0.00204579
0.00209555
0.00214812
0.00220369
0.00226251
0.00232481
0.00239086
0.00246096
0.00253542
0.00261457
0.00269879
0.00278844
0.00288394
0.00298571
0.00309415
0.00320968
0.00333264
0.0034633
0.00360176
0.00374789
0.00390112
0.00406026
0.0042232
0.00438655
0.00454518
0.00469207
0.00481845
0.00491522
0.00497649
0.00500762
0.00504106
0.00512789
0.00194975
0.00199436
0.00204137
0.00209096
0.0021433
0.00219861
0.00225708
0.00231896
0.00238449
0.00245393
0.00252757
0.00260571
0.00268866
0.00277674
0.00287026
0.00296953
0.00307481
0.00318633
0.00330417
0.00342827
0.00355828
0.00369346
0.00383246
0.00397306
0.00411178
0.00424347
0.00436083
0.00445415
0.00451154
0.00452025
0.00447176
0.00437426
0.00424906
0.00403758
0.0019455
0.00199012
0.00203712
0.00208667
0.00213895
0.00219415
0.00225247
0.00231413
0.00237936
0.00244839
0.00252148
0.00259889
0.00268087
0.00276768
0.00285952
0.00295659
0.00305898
0.00316666
0.0032794
0.00339667
0.0035175
0.00364025
0.00376233
0.00387983
0.00398706
0.00407593
0.00413554
0.00415189
0.00410826
0.00398699
0.00377525
0.00348202
0.00312036
0.00250682
0.00193912
0.00198366
0.00203056
0.00207999
0.00213212
0.00218714
0.00224523
0.0023066
0.00237146
0.00244003
0.00251253
0.00258918
0.00267019
0.00275573
0.00284594
0.00294087
0.00304046
0.00314443
0.00325221
0.00336278
0.00347443
0.00358448
0.00368878
0.00378124
0.00385305
0.00389203
0.00388203
0.00380303
0.00363188
0.00334384
0.0029228
0.0023817
0.00168375
0.000545251
-0.0034656
-0.00352973
-0.00355212
-0.0035454
-0.00352054
-0.00348043
-0.00342687
-0.00336139
-0.00328519
-0.00320164
-0.00310965
-0.00301051
-0.00290531
-0.00279486
-0.00267996
-0.00256136
-0.0024398
-0.00231602
-0.00219073
-0.00206461
-0.00193834
-0.00181253
-0.00353076
-0.00357569
-0.00358642
-0.00357263
-0.00354292
-0.00349951
-0.00344378
-0.00337699
-0.00330054
-0.003216
-0.00312363
-0.00302439
-0.00291919
-0.0028088
-0.00269395
-0.00257542
-0.00245389
-0.00233011
-0.00220478
-0.00207858
-0.00195217
-0.00182618
-0.00366053
-0.00366656
-0.00365406
-0.00362621
-0.0035867
-0.00353661
-0.00347651
-0.00340689
-0.00332931
-0.00324338
-0.0031504
-0.00305096
-0.00294579
-0.00283561
-0.00272072
-0.00260241
-0.00248102
-0.00235728
-0.00223191
-0.00210558
-0.00197895
-0.00185263
-0.00386085
-0.00379632
-0.003753
-0.00370396
-0.00364956
-0.00358961
-0.00352302
-0.00344866
-0.00336935
-0.00328182
-0.00318812
-0.0030882
-0.00298302
-0.00287307
-0.00275868
-0.00264059
-0.00251939
-0.00239577
-0.0022704
-0.00214394
-0.00201704
-0.00189032
-0.00411561
-0.00396617
-0.00388136
-0.00380164
-0.00372724
-0.00365445
-0.00357881
-0.00349617
-0.00341638
-0.00332752
-0.00323296
-0.00313306
-0.00302805
-0.00291834
-0.00280438
-0.0026867
-0.00256589
-0.00244256
-0.00231732
-0.00219084
-0.00206375
-0.00193666
-0.00181019
-0.00438472
-0.00417742
-0.00404169
-0.00392456
-0.00382302
-0.00373087
-0.00364308
-0.00356102
-0.00346855
-0.0033754
-0.00327941
-0.0031791
-0.00307434
-0.00296531
-0.00285225
-0.00273556
-0.0026157
-0.00249321
-0.00236865
-0.00224264
-0.00211582
-0.00198878
-0.00186212
-0.0046439
-0.00444419
-0.0042596
-0.00409545
-0.00395654
-0.00383446
-0.00372525
-0.00362916
-0.00353164
-0.00343456
-0.00333582
-0.00323417
-0.00312913
-0.00302047
-0.00290815
-0.00279235
-0.0026734
-0.00255172
-0.0024278
-0.00230222
-0.00217557
-0.00204846
-0.00192147
-0.00485223
-0.0046149
-0.00441712
-0.00423985
-0.00409687
-0.00397659
-0.00386652
-0.00375677
-0.00365224
-0.00354958
-0.00344599
-0.00334015
-0.00323134
-0.0031192
-0.00300361
-0.00288469
-0.0027627
-0.00263801
-0.0025111
-0.0023825
-0.0022528
-0.00212259
-0.00199246
-0.00186299
-0.00484891
-0.00463708
-0.00446267
-0.00427774
-0.00412441
-0.00399542
-0.00387927
-0.00376993
-0.00366507
-0.00356169
-0.00345772
-0.00335195
-0.0032436
-0.00313224
-0.00301768
-0.00289998
-0.00277933
-0.00265606
-0.0025306
-0.00240344
-0.00227514
-0.00214628
-0.00201741
-0.0047829
-0.00460051
-0.00446116
-0.00428265
-0.0041284
-0.00399779
-0.00387975
-0.00376925
-0.00366319
-0.00355898
-0.00345472
-0.00334915
-0.0032414
-0.00313099
-0.00301768
-0.00290145
-0.00278245
-0.00266096
-0.00253736
-0.0024121
-0.00228571
-0.00215873
-0.00203171
-0.00470987
-0.00454837
-0.00444084
-0.00427397
-0.00412347
-0.0039949
-0.00387762
-0.00376697
-0.0036605
-0.00355603
-0.00345179
-0.00334653
-0.00323941
-0.00312989
-0.00301773
-0.00290285
-0.00278536
-0.00266552
-0.00254365
-0.00242019
-0.00229561
-0.00217044
-0.0020452
-0.00463397
-0.00448565
-0.00440333
-0.00424967
-0.00410486
-0.00397969
-0.00386442
-0.00375478
-0.00364886
-0.00354484
-0.00344112
-0.00333656
-0.00323036
-0.00312199
-0.00301118
-0.00289786
-0.00278209
-0.00266409
-0.00254417
-0.00242272
-0.00230019
-0.00217707
-0.00205387
-0.00455278
-0.00441308
-0.00434908
-0.00420914
-0.00407142
-0.00395068
-0.0038384
-0.00373067
-0.00362607
-0.0035231
-0.00342041
-0.00331696
-0.00321202
-0.0031051
-0.00299594
-0.00288444
-0.00277065
-0.00265477
-0.00253708
-0.00241792
-0.00229774
-0.002177
-0.00205616
-0.00446183
-0.00432962
-0.00427771
-0.00415149
-0.00402219
-0.00390694
-0.00379862
-0.00369373
-0.00359122
-0.00348999
-0.00338889
-0.00328702
-0.00318375
-0.00307865
-0.00297146
-0.00286209
-0.00275059
-0.00263712
-0.00252195
-0.0024054
-0.00228788
-0.00216982
-0.00205168
-0.00435576
-0.00423253
-0.00418782
-0.00407509
-0.00395553
-0.00384691
-0.0037436
-0.00364255
-0.00354308
-0.00344437
-0.00334554
-0.00324586
-0.00314478
-0.00304195
-0.00293713
-0.00283027
-0.00272141
-0.00261071
-0.0024984
-0.0023848
-0.00227027
-0.00215524
-0.00204012
-0.00423016
-0.00411897
-0.00407826
-0.00397876
-0.00387018
-0.00376938
-0.00367218
-0.00357607
-0.00348063
-0.00338536
-0.00328961
-0.00319281
-0.00309454
-0.00299452
-0.00289259
-0.00278869
-0.00268289
-0.00257534
-0.00246627
-0.00235597
-0.0022448
-0.00213315
-0.00202141
-0.00408285
-0.0039872
-0.00394899
-0.00386245
-0.00376589
-0.00367403
-0.00358401
-0.00349391
-0.00340355
-0.00331267
-0.00322085
-0.0031277
-0.00303292
-0.00293633
-0.00283782
-0.00273738
-0.00263509
-0.00253112
-0.00242569
-0.00231909
-0.00221164
-0.00210371
-0.00199569
-0.00391441
-0.00383719
-0.0038014
-0.00372754
-0.00364367
-0.00356167
-0.00347976
-0.00339663
-0.00331228
-0.0032267
-0.00313964
-0.0030509
-0.00296031
-0.00286776
-0.00277324
-0.00267677
-0.00257847
-0.00247851
-0.00237712
-0.00227458
-0.00217121
-0.00206735
-0.00196337
-0.00372787
-0.00367077
-0.00363818
-0.00357671
-0.00350578
-0.0034342
-0.00336107
-0.00328563
-0.00320808
-0.00312855
-0.003047
-0.00296335
-0.00287758
-0.00278967
-0.00269966
-0.00260766
-0.00251378
-0.00241824
-0.00232126
-0.00222313
-0.00212416
-0.00202467
-0.00192503
-0.00352808
-0.00349132
-0.00346306
-0.00341346
-0.00335533
-0.00329438
-0.00323036
-0.00316309
-0.00309287
-0.00301996
-0.00294447
-0.00286648
-0.00278605
-0.00270327
-0.00261824
-0.00253111
-0.00244205
-0.00235127
-0.00225904
-0.00216562
-0.00207132
-0.00197646
-0.0018814
-0.00332074
-0.00330316
-0.0032803
-0.00324196
-0.00319597
-0.00314546
-0.00309061
-0.00303165
-0.00296902
-0.00290307
-0.00283403
-0.00276207
-0.00268737
-0.00261008
-0.00253037
-0.00244844
-0.00236449
-0.00227876
-0.00219152
-0.00210304
-0.00201363
-0.0019236
-0.00183329
-0.0031115
-0.00311094
-0.00309417
-0.00306625
-0.00303147
-0.00299091
-0.00294495
-0.00289419
-0.00283916
-0.00278027
-0.00271782
-0.0026521
-0.00258334
-0.00251176
-0.0024376
-0.00236108
-0.00228245
-0.00220195
-0.00211987
-0.00203648
-0.0019521
-0.00186703
-0.0017816
-0.00290534
-0.00291905
-0.00290864
-0.00289013
-0.00286542
-0.002834
-0.00279645
-0.00275354
-0.00270589
-0.00265393
-0.00259805
-0.00253858
-0.00247582
-0.00241004
-0.00234152
-0.00227051
-0.00219728
-0.0021221
-0.00204525
-0.00196704
-0.00188775
-0.0018077
-0.00172718
-0.00270617
-0.0027312
-0.00272702
-0.0027168
-0.0027009
-0.00267771
-0.00264785
-0.00261226
-0.00257158
-0.00252627
-0.00247676
-0.00242341
-0.00236657
-0.00230654
-0.00224363
-0.00217811
-0.00211028
-0.00204041
-0.0019688
-0.00189575
-0.00182155
-0.00174649
-0.00167089
-0.00251672
-0.00255028
-0.00255185
-0.00254875
-0.00254037
-0.00252438
-0.00250143
-0.00247253
-0.00243831
-0.00239925
-0.00235578
-0.00230831
-0.00225718
-0.00220274
-0.0021453
-0.00208517
-0.00202263
-0.00195799
-0.00189154
-0.00182357
-0.00175438
-0.00168425
-0.00161348
-0.00233868
-0.00237825
-0.00238491
-0.00238779
-0.00238567
-0.00237588
-0.00235901
-0.0023361
-0.00230776
-0.00227446
-0.00223663
-0.00219468
-0.00214899
-0.00209989
-0.00204772
-0.00199278
-0.00193537
-0.00187581
-0.00181436
-0.00175134
-0.00168702
-0.0016217
-0.00155564
-0.00217282
-0.00221632
-0.00222729
-0.00223505
-0.00223807
-0.0022335
-0.00222191
-0.00220428
-0.00218121
-0.00215313
-0.00212049
-0.00208368
-0.00204307
-0.00199902
-0.00195184
-0.00190185
-0.00184935
-0.00179465
-0.00173802
-0.00167975
-0.00162014
-0.00155944
-0.00149795
-0.00201926
-0.00206501
-0.00207951
-0.00209117
-0.00209832
-0.00209809
-0.00209099
-0.00207796
-0.00205955
-0.00203617
-0.00200825
-0.00197615
-0.00194026
-0.0019009
-0.00185841
-0.00181309
-0.00176524
-0.00171515
-0.0016631
-0.00160938
-0.00155426
-0.001498
-0.00144086
-0.00187766
-0.00192436
-0.00194164
-0.00195635
-0.00196675
-0.00197007
-0.00196676
-0.0019577
-0.00194338
-0.00192418
-0.00190049
-0.00187269
-0.00184112
-0.00180612
-0.00176798
-0.00172703
-0.00168354
-0.0016378
-0.00159008
-0.00154066
-0.0014898
-0.00143775
-0.00138477
-0.00174736
-0.00179407
-0.00181347
-0.00183048
-0.0018434
-0.0018496
-0.00184946
-0.00184378
-0.00183301
-0.0018175
-0.00179761
-0.00177368
-0.00174605
-0.00171504
-0.00168093
-0.00164403
-0.0016046
-0.00156293
-0.00151928
-0.00147391
-0.00142706
-0.001379
-0.00132995
-0.00162759
-0.00167362
-0.00169457
-0.00171327
-0.0017281
-0.00173658
-0.00173907
-0.00173626
-0.00172856
-0.00171628
-0.00169976
-0.00167932
-0.00165526
-0.00162789
-0.00159748
-0.00156432
-0.00152867
-0.00149079
-0.00145093
-0.00140935
-0.00136627
-0.00132195
-0.0012766
-0.00151748
-0.00156236
-0.00158439
-0.00160429
-0.00162051
-0.0016308
-0.00163544
-0.00163504
-0.00162998
-0.00162053
-0.001607
-0.00158967
-0.00156883
-0.00154477
-0.00151775
-0.00148803
-0.00145586
-0.00142149
-0.00138516
-0.00134711
-0.00130757
-0.00126675
-0.00122488
-0.00141617
-0.00145962
-0.00148233
-0.00150302
-0.00152024
-0.00153193
-0.00153831
-0.00153994
-0.00153714
-0.00153015
-0.00151924
-0.00150469
-0.00148676
-0.0014657
-0.00144176
-0.00141519
-0.00138623
-0.0013551
-0.00132205
-0.00128728
-0.00125102
-0.00121348
-0.00117486
-0.00132285
-0.00136468
-0.00138777
-0.00140893
-0.00142683
-0.00143958
-0.00144737
-0.00145069
-0.00144981
-0.00144496
-0.00143636
-0.00142428
-0.00140894
-0.00139059
-0.00136946
-0.00134577
-0.00131975
-0.00129162
-0.00126159
-0.00122987
-0.00119667
-0.00116218
-0.00112659
-0.00123675
-0.00127688
-0.0013001
-0.00132149
-0.00133981
-0.00135334
-0.00136226
-0.00136698
-0.00136774
-0.00136473
-0.00135816
-0.00134827
-0.00133526
-0.00131936
-0.00130077
-0.00127971
-0.00125639
-0.00123101
-0.00120377
-0.00117487
-0.0011445
-0.00111284
-0.00108009
-0.00115719
-0.00119559
-0.00121875
-0.00124017
-0.0012587
-0.00127281
-0.00128261
-0.00128848
-0.00129063
-0.00128921
-0.00128443
-0.00127647
-0.00126555
-0.00125184
-0.00123556
-0.0012169
-0.00119604
-0.00117319
-0.00114852
-0.00112222
-0.00109448
-0.00106546
-0.00103534
-0.00108353
-0.00112021
-0.00114318
-0.00116448
-0.00118307
-0.00119756
-0.00120805
-0.00121487
-0.00121818
-0.00121814
-0.00121492
-0.00120868
-0.00119961
-0.00118789
-0.0011737
-0.00115721
-0.00113861
-0.00111807
-0.00109577
-0.00107187
-0.00104656
-0.00101998
-0.000992313
-0.00101523
-0.00105022
-0.00107289
-0.00109396
-0.00111249
-0.00112722
-0.00113824
-0.00114582
-0.00115012
-0.00115127
-0.0011494
-0.00114468
-0.00113727
-0.00112732
-0.00111502
-0.00110051
-0.00108397
-0.00106555
-0.00104542
-0.00102375
-0.00100068
-0.000976369
-0.000950974
-0.000985158
-0.00100745
-0.0010282
-0.00104657
-0.00106142
-0.00107283
-0.00108104
-0.00108616
-0.00108832
-0.00108764
-0.00108426
-0.00107832
-0.00106998
-0.00105938
-0.00104667
-0.001032
-0.00101553
-0.0009974
-0.000977765
-0.000956771
-0.000934561
-0.000911277
-0.00652333
-0.00677643
-0.00688465
-0.00686909
-0.00673409
-0.0064483
-0.00593742
-0.0061061
-0.00632566
-0.0064405
-0.00646348
-0.00639482
-0.00625081
-0.00597354
-0.00573947
-0.00594577
-0.00606985
-0.00612433
-0.00611459
-0.00607893
-0.00596768
-0.00537198
-0.0055802
-0.00572229
-0.00580919
-0.00584654
-0.0058886
-0.00590951
-0.00498197
-0.00519904
-0.00536347
-0.00548389
-0.0055643
-0.0056673
-0.00579721
-0.00458604
-0.00481268
-0.00499875
-0.00515079
-0.00527042
-0.0054199
-0.00563524
-0.00420134
-0.00443407
-0.00463704
-0.00481517
-0.00496777
-0.00515074
-0.00542855
-0.00383894
-0.00407227
-0.00428525
-0.00448167
-0.00465931
-0.00486461
-0.00518332
-0.00350458
-0.00373336
-0.0039493
-0.00415566
-0.00434965
-0.00456756
-0.00490734
-0.00320088
-0.00342088
-0.00363371
-0.00384233
-0.0040442
-0.00426628
-0.00460973
-0.00292745
-0.00313588
-0.00334104
-0.00354571
-0.00374805
-0.00396736
-0.00430027
-0.00268229
-0.00287762
-0.00307213
-0.00326842
-0.00346543
-0.00367666
-0.00398855
-0.00246271
-0.00264439
-0.00282661
-0.00301172
-0.00319934
-0.00339886
-0.00368308
-0.00226585
-0.00243398
-0.00260329
-0.00277579
-0.00295159
-0.00313725
-0.0033907
-0.00208894
-0.00224406
-0.00240054
-0.00256002
-0.00272287
-0.00289378
-0.0031162
-0.00192949
-0.00207241
-0.00221657
-0.00236329
-0.00251305
-0.00266923
-0.00286239
-0.0017854
-0.00191702
-0.00204961
-0.00218422
-0.00232137
-0.00246347
-0.0026304
-0.00165469
-0.00177596
-0.00189791
-0.00202132
-0.0021467
-0.00227575
-0.00242001
-0.00153587
-0.00164767
-0.00175989
-0.00187309
-0.00198771
-0.0021049
-0.0022301
-0.00142754
-0.00153073
-0.00163413
-0.00173809
-0.00184299
-0.00194957
-0.00205903
-0.00132848
-0.00142389
-0.00151931
-0.00161496
-0.00171117
-0.00180832
-0.00190491
-0.00123769
-0.00132606
-0.00141429
-0.00150249
-0.00159094
-0.00167974
-0.00176583
-0.00115428
-0.00123629
-0.00131803
-0.00139955
-0.00148107
-0.00156252
-0.00164
-0.00107749
-0.00115374
-0.00122963
-0.00130514
-0.00138049
-0.00145542
-0.00152579
-0.00100663
-0.00107768
-0.00114827
-0.00121839
-0.0012882
-0.00135736
-0.00142177
-0.000941117
-0.00100743
-0.00107324
-0.00113849
-0.00120334
-0.00126735
-0.00132669
-0.000880426
-0.000942446
-0.00100391
-0.00106476
-0.00112513
-0.00118454
-0.00123951
-0.000824093
-0.000882198
-0.000939713
-0.000996577
-0.00105289
-0.00110818
-0.00115931
-0.000771709
-0.000826241
-0.000880156
-0.00093339
-0.000986028
-0.00103759
-0.00108532
-0.000722915
-0.000774178
-0.000824804
-0.000874729
-0.000924016
-0.000972202
-0.00101688
-0.000773272
-0.000820169
-0.000866401
-0.000911515
-0.000953427
0.0024414
0.000157529
-0.00184909
-0.00335846
-0.00457223
-0.0054702
-0.0060982
0.000756102
-0.00107748
-0.00263779
-0.00374199
-0.00458484
-0.00525487
-0.0057589
-3.22342e-05
-0.00151954
-0.0028393
-0.00372285
-0.00443317
-0.00500275
-0.00543246
-0.000522106
-0.00175473
-0.00286212
-0.00358918
-0.00419233
-0.00469373
-0.00508238
-0.00085438
-0.00186162
-0.00277107
-0.00337902
-0.00389651
-0.00434138
-0.00470046
-0.00105589
-0.00187699
-0.00261705
-0.00312976
-0.00358001
-0.00397664
-0.00431031
-0.00116313
-0.00183731
-0.00243691
-0.00286257
-0.0032653
-0.00362256
-0.00393288
-0.00120784
-0.00176879
-0.00226489
-0.00265605
-0.00297651
-0.00329228
-0.00358061
-0.00121085
-0.00168218
-0.00208941
-0.00241652
-0.00270788
-0.00299295
-0.00325917
-0.001187
-0.00158743
-0.00192679
-0.00220866
-0.00247019
-0.00272676
-0.0029706
-0.00114684
-0.00149074
-0.00177759
-0.00202429
-0.00225918
-0.00249039
-0.00271315
-0.00109742
-0.00139581
-0.00164149
-0.00185941
-0.00207113
-0.00228037
-0.00248392
-0.00104341
-0.00130473
-0.0015179
-0.00171201
-0.00190352
-0.00209361
-0.00227972
-0.000987786
-0.00121854
-0.0014057
-0.00157991
-0.00175376
-0.00192711
-0.00209741
-0.000932428
-0.00113765
-0.00130364
-0.00146077
-0.00161866
-0.00177794
-0.00193406
-0.000878503
-0.00106222
-0.00121081
-0.00135299
-0.00149444
-0.0016431
-0.00178695
-0.000826667
-0.000992159
-0.00112652
-0.00125779
-0.00139471
-0.00152289
-0.00165398
-0.000777147
-0.000926914
-0.00104897
-0.00116876
-0.00129175
-0.00141229
-0.00153347
-0.00073004
-0.000866123
-0.000977545
-0.00108755
-0.00120025
-0.00131221
-0.00142409
-0.000685362
-0.000809491
-0.000911702
-0.00101319
-0.00111725
-0.00122092
-0.0013243
-0.00064306
-0.000756694
-0.000850853
-0.000944773
-0.00104109
-0.0011372
-0.00123294
-0.00060304
-0.000707413
-0.000794481
-0.000881639
-0.000971007
-0.00106025
-0.0011491
-0.000565191
-0.000661355
-0.000742137
-0.000823235
-0.000906349
-0.000989373
-0.00107198
-0.000529389
-0.000618248
-0.00069343
-0.000769075
-0.000846543
-0.000923924
-0.00100088
-0.000495514
-0.000577849
-0.000648017
-0.00071874
-0.000791099
-0.000863357
-0.00093518
-0.000463448
-0.000539937
-0.000605598
-0.000671867
-0.00073959
-0.000807193
-0.000874355
-0.000433078
-0.000504312
-0.00056591
-0.000628134
-0.000691643
-0.00075501
-0.000817929
-0.000404297
-0.000470795
-0.000528717
-0.000587261
-0.000646931
-0.000706433
-0.000765483
-0.000377005
-0.000439222
-0.000493808
-0.000548996
-0.000605162
-0.000661135
-0.000716651
-0.00035111
-0.00040945
-0.000461002
-0.000513122
-0.000566083
-0.000618825
-0.000671107
-0.000326534
-0.000381352
-0.000430135
-0.000479444
-0.000529466
0.00191941
0.00196209
0.00200689
0.00205393
0.00210333
0.00215522
0.00220973
0.00226696
0.00232704
0.00239005
0.00245609
0.00252517
0.0025973
0.00267239
0.00275024
0.00283052
0.00291267
0.00299587
0.00307889
0.00316002
0.00323683
0.00330602
0.00336318
0.00340257
0.00341693
0.00339753
0.00333446
0.00321769
0.00303894
0.00279461
0.00249396
0.00215696
0.00169642
0.00106679
0.00189705
0.00193786
0.00198059
0.00202532
0.00207215
0.00212115
0.00217241
0.00222599
0.00228195
0.0023403
0.00240104
0.0024641
0.00252936
0.0025966
0.00266547
0.00273544
0.00280577
0.00287541
0.00294292
0.00300632
0.00306302
0.00310954
0.00314145
0.00315312
0.00313761
0.00308673
0.00299121
0.00284141
0.00262814
0.00234404
0.00198845
0.00155979
0.000947541
9.21255e-05
0.00187139
0.00191008
0.00195045
0.00199257
0.00203649
0.00208227
0.00212992
0.00217948
0.00223093
0.00228424
0.0023393
0.00239599
0.00245407
0.00251322
0.00257296
0.00263267
0.00269145
0.00274813
0.00280116
0.0028485
0.00288749
0.00291473
0.00292591
0.00291564
0.00287735
0.00280314
0.0026839
0.00250943
0.00226877
0.00195054
0.00154716
0.00105348
0.000387683
-0.000476624
0.00184359
0.00188
0.00191786
0.0019572
0.00199804
0.00204039
0.00208425
0.00212957
0.00217629
0.0022243
0.00227346
0.00232352
0.00237418
0.00242501
0.00247544
0.00252471
0.00257184
0.00261554
0.00265419
0.00268567
0.00270735
0.00271591
0.00270723
0.00267627
0.00261695
0.00252206
0.00238325
0.00219116
0.00193556
0.00160573
0.00119393
0.000697431
6.17386e-05
-0.000737852
0.001814
0.00184805
0.00188331
0.00191979
0.00195747
0.00199632
0.0020363
0.00207732
0.00211927
0.00216198
0.00220524
0.00224875
0.00229211
0.00233483
0.00237625
0.00241553
0.00245161
0.00248315
0.00250848
0.00252549
0.00253161
0.00252365
0.00249776
0.0024493
0.00237276
0.00226173
0.00210888
0.0019061
0.0016447
0.0013158
0.000912872
0.000434734
-0.000154371
-0.000882017
0.00178279
0.00181442
0.00184702
0.00188057
0.00191504
0.00195035
0.00198643
0.00202314
0.00206034
0.00209781
0.00213528
0.00217239
0.00220869
0.00224363
0.00227649
0.00230638
0.00233221
0.00235262
0.00236592
0.00237009
0.00236266
0.00234063
0.00230046
0.00223796
0.00214824
0.0020257
0.00186405
0.00165645
0.00139576
0.00107487
0.000688606
0.00023667
-0.000303323
-0.000956486
0.00175017
0.00177934
0.00180925
0.00183985
0.00187108
0.00190285
0.00193504
0.0019675
0.00200001
0.00203235
0.00206418
0.00209511
0.00212466
0.00215221
0.00217703
0.0021982
0.00221461
0.00222491
0.00222748
0.00222037
0.00220126
0.00216741
0.00211559
0.00204209
0.00194264
0.00181243
0.00164619
0.00143831
0.00118308
0.000875049
0.000510362
8.93969e-05
-0.000401177
-0.000982148
0.00171638
0.00174306
0.00177027
0.00179793
0.00182594
0.00185421
0.00188257
0.00191085
0.0019388
0.00196617
0.00199258
0.00201762
0.00204077
0.0020614
0.00207875
0.0020919
0.00209976
0.00210102
0.00209412
0.00207725
0.00204824
0.00200462
0.00194352
0.00186167
0.00175541
0.0016207
0.0014532
0.00124841
0.00100192
0.000709708
0.0003691
-1.91083e-05
-0.000462451
-0.00097728
0.00168162
0.00170584
0.00173036
0.0017551
0.00177995
0.00180478
0.0018294
0.00185363
0.00187719
0.00189978
0.00192104
0.00194052
0.00195768
0.00197189
0.00198238
0.00198825
0.00198845
0.00198171
0.00196659
0.00194139
0.00190416
0.00185267
0.00178439
0.0016965
0.0015859
0.00144926
0.00128306
0.00108377
0.000848082
0.000573115
0.000257161
-9.87565e-05
-0.000498508
-0.000954271
0.00164612
0.00166788
0.00168976
0.00171164
0.0017334
0.00175489
0.0017759
0.00179623
0.00181559
0.00183366
0.00185007
0.00186434
0.00187595
0.00188426
0.00188852
0.00188786
0.00188126
0.00186756
0.00184539
0.00181321
0.00176927
0.00171159
0.00163797
0.00154602
0.00143313
0.00129657
0.00113358
0.000941417
0.000717653
0.000460326
0.000168447
-0.000156839
-0.000517102
-0.000920932
0.00161006
0.00162943
0.00164872
0.00166782
0.00168658
0.00170484
0.00172239
0.001739
0.00175438
0.0017682
0.00178007
0.00178952
0.00179603
0.00179898
0.00179763
0.00179117
0.00177863
0.00175892
0.0017308
0.00169288
0.00164359
0.0015812
0.00150382
0.00140944
0.00129589
0.00116099
0.00100255
0.00081853
0.000607177
0.000367222
9.82116e-05
-0.000198662
-0.000523553
-0.000882202
0.00157364
0.00159067
0.00160745
0.00162385
0.00163974
0.00165491
0.00166917
0.00168226
0.0016939
0.00170375
0.00171141
0.00171644
0.00171831
0.00171642
0.00171008
0.00169852
0.00168083
0.00165602
0.00162295
0.00158039
0.00152695
0.00146114
0.00138134
0.00128586
0.00117296
0.00104087
0.000887911
0.000712583
0.000513672
0.00029042
4.27546e-05
-0.000228135
-0.000521559
-0.000841111
0.00153703
0.00155179
0.00156615
0.00157997
0.0015931
0.00160535
0.00161649
0.00162628
0.00163442
0.00164059
0.00164439
0.00164538
0.00164306
0.00163686
0.00162612
0.00161012
0.00158803
0.00155894
0.00152184
0.00147563
0.00141909
0.00135094
0.00126982
0.00117433
0.00106306
0.000934622
0.000787742
0.000621332
0.000434596
0.000227151
-8.18483e-07
-0.000248153
-0.000513687
-0.000799457
0.00150039
0.00151297
0.00152501
0.00153637
0.00154688
0.00155636
0.00156458
0.00157129
0.00157619
0.00157897
0.00157925
0.00157659
0.00157052
0.0015605
0.00154592
0.0015261
0.0015003
0.00146769
0.00142736
0.00137835
0.00131961
0.00125005
0.00116852
0.00107388
0.000964992
0.000840785
0.00070031
0.000542807
0.00036779
0.000175141
-3.47819e-05
-0.000260873
-0.000501722
-0.000758266
0.00146388
0.00147436
0.00148419
0.00149321
0.00150126
0.00150814
0.00151363
0.00151748
0.00151941
0.00151909
0.00151617
0.00151024
0.00150085
0.00148748
0.00146958
0.00144652
0.00141763
0.00138216
0.00133933
0.00128827
0.0012281
0.00115788
0.00107668
0.000983546
0.000877591
0.000757994
0.000624063
0.000475291
0.000311423
0.000132527
-6.09348e-05
-0.000267919
-0.000486916
-0.000718108
0.00142761
0.00143611
0.00144384
0.00145066
0.00145639
0.00146084
0.0014638
0.00146502
0.00146423
0.0014611
0.00145531
0.00144647
0.00143414
0.00141787
0.00139713
0.00137135
0.00133993
0.00130222
0.0012575
0.00120504
0.00114408
0.00107384
0.000993533
0.000902414
0.000799779
0.000685011
0.000557622
0.000417297
0.000263949
9.77719e-05
-8.07112e-05
-0.00027053
-0.000470163
-0.000679289
0.00139172
0.00139833
0.00140409
0.00140883
0.00141241
0.00141461
0.00141523
0.00141404
0.00141077
0.00140512
0.00139677
0.00138535
0.00137047
0.00135169
0.00132855
0.00130053
0.00126709
0.00122765
0.00118158
0.00112827
0.00106706
0.000997301
0.000918355
0.000829622
0.000730562
0.00062072
0.000499768
0.000367537
0.000224058
6.96079e-05
-9.52629e-05
-0.000269659
-0.000452101
-0.000641946
0.0013563
0.00136114
0.00136504
0.00136785
0.00136942
0.00136955
0.00136803
0.00136465
0.00135914
0.00135122
0.00134059
0.00132692
0.00130983
0.00128893
0.0012638
0.00123396
0.00119894
0.00115823
0.00111129
0.00105758
0.000996561
0.000927688
0.000850447
0.000764365
0.000669031
0.000564122
0.000449432
0.000324899
0.00019064
4.6982e-05
-0.000105521
-0.000266046
-0.000433185
-0.000606091
0.00132145
0.00132462
0.00132679
0.00132781
0.00132752
0.00132574
0.00132228
0.0013169
0.00130939
0.00129946
0.00128683
0.0012712
0.00125223
0.00122954
0.00120277
0.00117149
0.00113529
0.0010937
0.00104628
0.000992567
0.000932096
0.00086443
0.000789154
0.0007059
0.000614364
0.000514326
0.000405674
0.000288425
0.000162755
2.90168e-05
-0.000112244
-0.000260277
-0.000413754
-0.000571708
0.00128725
0.00128886
0.00128942
0.00128878
0.00128678
0.00128327
0.00127803
0.00127087
0.00126156
0.00124986
0.00123549
0.00121818
0.00119761
0.00117345
0.00114536
0.00111298
0.00107593
0.00103381
0.000986246
0.000932837
0.000873205
0.00080699
0.000733865
0.000653547
0.000565819
0.000470541
0.000367672
0.000257288
0.000139601
1.49782e-05
-0.000116057
-0.000252819
-0.000394069
-0.000538771
0.00125376
0.00125392
0.00125299
0.00125082
0.00124727
0.00124217
0.00123534
0.00122658
0.00121569
0.00120243
0.00118656
0.00116781
0.0011459
0.00112055
0.00109144
0.00105824
0.00102064
0.000978286
0.000930853
0.00087801
0.000819445
0.000754865
0.000684016
0.000606688
0.00052273
0.000432066
0.000334709
0.000230775
0.000120499
4.24934e-06
-0.000117476
-0.000244052
-0.00037433
-0.000507245
0.00122104
0.00121986
0.00121756
0.00121399
0.00120902
0.00120249
0.00119423
0.00118405
0.00117176
0.00115715
0.00113999
0.00112004
0.00109704
0.00107074
0.00104085
0.0010071
0.000969201
0.000926857
0.000879788
0.00082772
0.000770396
0.000707586
0.000639091
0.000564762
0.000484501
0.000398282
0.000306157
0.000208269
0.000104867
-3.68945e-06
-0.000116929
-0.000234284
-0.000354692
-0.000477086
0.00118915
0.00118673
0.00118316
0.00117831
0.00117206
0.00116424
0.00115471
0.00114328
0.00112977
0.001114
0.00109574
0.0010748
0.00105092
0.00102389
0.00099346
0.000959375
0.00092139
0.00087926
0.000832744
0.000781616
0.000725667
0.000664717
0.000598616
0.000527262
0.0004506
0.000368641
0.000281466
0.000189238
9.22068e-05
-9.27707e-06
-0.000114773
-0.000223765
-0.000335273
-0.000448247
0.0011581
0.00115454
0.00114982
0.00114382
0.00113641
0.00112744
0.00111677
0.00110425
0.00108969
0.00107293
0.00105376
0.00103201
0.00100745
0.000979883
0.000949094
0.000914866
0.000876984
0.000835239
0.000789429
0.000739369
0.000684893
0.000625859
0.000562161
0.000493731
0.000420552
0.000342661
0.000260159
0.00017322
8.2094e-05
-1.28849e-05
-0.000111305
-0.0002127
-0.000316164
-0.000420678
0.00112793
0.00112334
0.00111757
0.00111052
0.00110207
0.00109208
0.00108042
0.00106694
0.00105148
0.00103389
0.00101397
0.000991575
0.000966504
0.000938575
0.0009076
0.000873392
0.000835766
0.000794546
0.000749565
0.000700671
0.000647733
0.000590645
0.000529332
0.00046376
0.000393934
0.000319915
0.000241816
0.000159818
7.41639e-05
-1.48279e-05
-0.000106775
-0.000201254
-0.000297432
-0.000394329
0.00109867
0.00109312
0.00108641
0.00107842
0.00106904
0.00105815
0.00104563
0.00103132
0.0010151
0.000996816
0.000976305
0.000953413
0.000927978
0.000899834
0.000868818
0.000834769
0.000797528
0.000756947
0.000712889
0.000665232
0.000613874
0.000558739
0.000499777
0.000436979
0.000370371
0.000300027
0.000226073
0.000148686
6.81037e-05
-1.53732e-05
-0.000101391
-0.000189565
-0.00027913
-0.000369148
0.00107032
0.00106391
0.00105634
0.00104751
0.00103732
0.00102564
0.00101236
0.000997359
0.000980501
0.000961652
0.000940673
0.000917422
0.000891754
0.000863525
0.000832593
0.000798819
0.000762068
0.000722218
0.000679156
0.000632785
0.000583029
0.000529834
0.000473175
0.000413059
0.000349528
0.000282668
0.000212608
0.000139524
6.36446e-05
-1.47482e-05
-9.53269e-05
-0.000177743
-0.000261292
-0.000345085
0.00104289
0.00103571
0.00102737
0.00101779
0.00100688
0.000994512
0.000980592
0.000965
0.000947619
0.000928326
0.000906996
0.000883502
0.000857717
0.000829516
0.000798773
0.000765371
0.000729197
0.000690148
0.000648135
0.000603082
0.000554933
0.000503654
0.000449237
0.000391704
0.000331109
0.000267545
0.000201142
0.000132073
6.05557e-05
-1.31458e-05
-8.87291e-05
-0.000165877
-0.000243945
-0.000322089
0.00101639
0.0010085
0.000999484
0.000989247
0.000977699
0.000964744
0.000950279
0.000934199
0.000916398
0.000896765
0.000875188
0.000851555
0.000825754
0.000797675
0.000767211
0.000734262
0.000698733
0.000660541
0.000619613
0.000575894
0.000529343
0.000479944
0.000427702
0.00037265
0.000314851
0.000254401
0.00019143
0.000126108
5.8639e-05
-1.07297e-05
-8.1719e-05
-0.000154041
-0.000227102
-0.000300111
0.000990804
0.000982292
0.000972669
0.000961853
0.00094976
0.000936299
0.000921379
0.000904903
0.000886775
0.000866895
0.000845164
0.000821482
0.000795751
0.000767876
0.000737766
0.000705335
0.000670505
0.000633209
0.000593391
0.000551009
0.000506038
0.000458474
0.000408334
0.000355658
0.000300517
0.000243007
0.000183258
0.000121432
5.77219e-05
-7.64113e-06
-7.44001e-05
-0.000142293
-0.000210775
-0.000279105
0.000966128
0.00095706
0.000946905
0.000935586
0.000923024
0.000909139
0.000893846
0.000877056
0.000858684
0.00083864
0.000816835
0.000793183
0.000767598
0.000739996
0.000710301
0.000678441
0.000644352
0.000607979
0.000569282
0.000528231
0.000484813
0.000439033
0.000390918
0.000340515
0.000287896
0.000233161
0.000176434
0.000117871
5.76536e-05
-4.00292e-06
-6.68617e-05
-0.000130684
-0.000194971
-0.000259029
0.00193912
0.00198366
0.00203056
0.00207999
0.00213212
0.00218714
0.00224523
0.0023066
0.00237146
0.00244003
0.00251253
0.00258918
0.00267019
0.00275573
0.00284594
0.00294088
0.00304046
0.00314443
0.00325221
0.00336278
0.00347444
0.00358448
0.00368879
0.00378124
0.00385306
0.00389203
0.00388204
0.00380304
0.0036319
0.00334386
0.00292282
0.00238172
0.00168377
0.000545273
0.0019455
0.00199012
0.00203712
0.00208667
0.00213895
0.00219415
0.00225247
0.00231413
0.00237936
0.00244839
0.00252148
0.00259889
0.00268087
0.00276768
0.00285952
0.00295659
0.00305898
0.00316666
0.0032794
0.00339668
0.0035175
0.00364025
0.00376233
0.00387984
0.00398706
0.00407594
0.00413555
0.0041519
0.00410827
0.003987
0.00377526
0.00348204
0.00312038
0.00250684
0.00194975
0.00199436
0.00204137
0.00209096
0.0021433
0.00219861
0.00225708
0.00231896
0.00238449
0.00245393
0.00252757
0.00260571
0.00268866
0.00277674
0.00287026
0.00296953
0.00307481
0.00318633
0.00330417
0.00342827
0.00355828
0.00369346
0.00383246
0.00397306
0.00411178
0.00424347
0.00436083
0.00445416
0.00451155
0.00452026
0.00447178
0.00437428
0.00424908
0.0040376
0.00195391
0.00199863
0.00204579
0.00209555
0.00214812
0.00220369
0.00226251
0.00232481
0.00239086
0.00246096
0.00253542
0.00261457
0.00269879
0.00278844
0.00288394
0.00298571
0.00309415
0.00320968
0.00333264
0.0034633
0.00360176
0.00374789
0.00390112
0.00406026
0.00422321
0.00438655
0.00454519
0.00469207
0.00481846
0.00491523
0.0049765
0.00500763
0.00504107
0.00512791
0.00195713
0.00200195
0.00204922
0.00209913
0.00215187
0.00220766
0.00226675
0.00232938
0.00239583
0.00246643
0.00254151
0.00262143
0.00270659
0.00279743
0.00289442
0.00299805
0.00310884
0.00322734
0.00335408
0.00348959
0.00363429
0.00378849
0.0039522
0.00412502
0.00430588
0.00449269
0.00468206
0.004869
0.00504726
0.00521053
0.00535421
0.00548252
0.00564316
0.0059231
0.00195925
0.00200413
0.00205147
0.00210147
0.00215432
0.00221025
0.00226951
0.00233235
0.00239907
0.00246999
0.00254546
0.00262588
0.00271167
0.00280328
0.00290124
0.00300609
0.00311843
0.00323889
0.00336815
0.00350687
0.00365573
0.00381532
0.00398605
0.00416805
0.00436093
0.00456349
0.00477348
0.00498729
0.00520037
0.00540816
0.00560688
0.00580226
0.00605434
0.00644398
0.00196031
0.00200522
0.0020526
0.00210264
0.00215555
0.00221155
0.00227089
0.00233384
0.00240069
0.00247178
0.00254746
0.00262813
0.00271423
0.00280624
0.0029047
0.00301017
0.00312329
0.00324475
0.00337528
0.00351563
0.0036666
0.0038289
0.00400317
0.00418978
0.00438867
0.0045991
0.00481934
0.00504649
0.0052768
0.00550663
0.00573265
0.00596147
0.00625732
0.00670797
-0.0046439
-0.0044442
-0.0042596
-0.00409545
-0.00395654
-0.00383446
-0.00372525
-0.00362916
-0.00353164
-0.00343455
-0.00333581
-0.00323416
-0.00312912
-0.00302045
-0.00290812
-0.00279232
-0.00267336
-0.00255167
-0.00242776
-0.00230218
-0.00217553
-0.00204842
-0.00192143
-0.00438473
-0.00417742
-0.00404169
-0.00392457
-0.00382302
-0.00373087
-0.00364308
-0.00356102
-0.00346854
-0.00337539
-0.0032794
-0.00317908
-0.00307433
-0.00296529
-0.00285223
-0.00273553
-0.00261567
-0.00249317
-0.00236861
-0.00224261
-0.00211578
-0.00198875
-0.00186209
-0.00411562
-0.00396617
-0.00388137
-0.00380164
-0.00372724
-0.00365446
-0.00357881
-0.00349617
-0.00341637
-0.00332752
-0.00323295
-0.00313305
-0.00302803
-0.00291832
-0.00280435
-0.00268668
-0.00256586
-0.00244252
-0.00231729
-0.00219081
-0.00206372
-0.00193663
-0.00181016
-0.00386086
-0.00379632
-0.003753
-0.00370396
-0.00364956
-0.00358961
-0.00352301
-0.00344866
-0.00336935
-0.00328181
-0.00318812
-0.00308819
-0.00298301
-0.00287306
-0.00275867
-0.00264057
-0.00251937
-0.00239575
-0.00227038
-0.00214391
-0.00201701
-0.00189029
-0.00366054
-0.00366657
-0.00365406
-0.00362621
-0.0035867
-0.00353661
-0.0034765
-0.00340689
-0.00332931
-0.00324338
-0.00315039
-0.00305095
-0.00294578
-0.0028356
-0.00272071
-0.00260239
-0.002481
-0.00235727
-0.00223189
-0.00210556
-0.00197893
-0.00185261
-0.00353077
-0.00357569
-0.00358642
-0.00357263
-0.00354292
-0.00349951
-0.00344378
-0.00337699
-0.00330053
-0.003216
-0.00312363
-0.00302439
-0.00291918
-0.00280879
-0.00269394
-0.00257541
-0.00245388
-0.0023301
-0.00220476
-0.00207857
-0.00195216
-0.00182617
-0.0034656
-0.00352973
-0.00355212
-0.0035454
-0.00352054
-0.00348043
-0.00342687
-0.00336139
-0.0032852
-0.00320164
-0.00310965
-0.00301051
-0.0029053
-0.00279486
-0.00267995
-0.00256136
-0.0024398
-0.00231602
-0.00219072
-0.00206461
-0.00193833
-0.00181252
-0.000951794
-0.000985153
-0.00100744
-0.0010282
-0.00104656
-0.00106142
-0.00107283
-0.00108103
-0.00108616
-0.00108831
-0.00108763
-0.00108425
-0.00107832
-0.00101523
-0.00105022
-0.00107289
-0.00109396
-0.00111248
-0.00112721
-0.00113823
-0.00114582
-0.00115012
-0.00115126
-0.00114939
-0.00114467
-0.00113726
-0.00112731
-0.00111501
-0.0011005
-0.00108396
-0.00106554
-0.00104542
-0.00102374
-0.00100067
-0.000976367
-0.000950975
-0.000924643
-0.00108353
-0.0011202
-0.00114318
-0.00116447
-0.00118307
-0.00119755
-0.00120805
-0.00121486
-0.00121818
-0.00121814
-0.00121491
-0.00120867
-0.0011996
-0.00118788
-0.00117368
-0.0011572
-0.00113859
-0.00111805
-0.00109575
-0.00107186
-0.00104654
-0.00101997
-0.000992308
-0.000963704
-0.00115718
-0.00119558
-0.00121875
-0.00124016
-0.0012587
-0.0012728
-0.0012826
-0.00128847
-0.00129062
-0.0012892
-0.00128442
-0.00127647
-0.00126554
-0.00125183
-0.00123555
-0.00121689
-0.00119603
-0.00117317
-0.0011485
-0.00112221
-0.00109446
-0.00106545
-0.00103534
-0.00100429
-0.00123675
-0.00127688
-0.0013001
-0.00132148
-0.0013398
-0.00135334
-0.00136225
-0.00136697
-0.00136773
-0.00136472
-0.00135816
-0.00134826
-0.00133525
-0.00131935
-0.00130076
-0.0012797
-0.00125638
-0.001231
-0.00120376
-0.00117486
-0.00114449
-0.00111284
-0.00108009
-0.00104642
-0.00132284
-0.00136468
-0.00138777
-0.00140893
-0.00142683
-0.00143957
-0.00144736
-0.00145068
-0.0014498
-0.00144495
-0.00143635
-0.00142427
-0.00140893
-0.00139058
-0.00136945
-0.00134576
-0.00131974
-0.00129161
-0.00126158
-0.00122986
-0.00119666
-0.00116217
-0.00112659
-0.00109011
-0.00141616
-0.00145961
-0.00148233
-0.00150301
-0.00152024
-0.00153192
-0.00153831
-0.00153994
-0.00153713
-0.00153014
-0.00151923
-0.00150468
-0.00148675
-0.00146568
-0.00144175
-0.00141518
-0.00138621
-0.00135509
-0.00132204
-0.00128727
-0.00125101
-0.00121347
-0.00117486
-0.00113536
-0.00151747
-0.00156236
-0.00158439
-0.00160428
-0.00162051
-0.0016308
-0.00163543
-0.00163504
-0.00162997
-0.00162052
-0.00160699
-0.00158966
-0.00156882
-0.00154476
-0.00151774
-0.00148802
-0.00145585
-0.00142148
-0.00138515
-0.0013471
-0.00130756
-0.00126674
-0.00122487
-0.00118216
-0.00162759
-0.00167361
-0.00169457
-0.00171327
-0.00172809
-0.00173658
-0.00173906
-0.00173625
-0.00172855
-0.00171627
-0.00169975
-0.00167931
-0.00165525
-0.00162788
-0.00159747
-0.00156431
-0.00152865
-0.00149077
-0.00145092
-0.00140933
-0.00136626
-0.00132194
-0.0012766
-0.00123045
-0.00174736
-0.00179406
-0.00181347
-0.00183048
-0.00184339
-0.00184959
-0.00184945
-0.00184377
-0.001833
-0.00181749
-0.00179759
-0.00177367
-0.00174604
-0.00171502
-0.00168092
-0.00164401
-0.00160459
-0.00156292
-0.00151927
-0.00147389
-0.00142705
-0.00137899
-0.00132994
-0.00128014
-0.00187765
-0.00192436
-0.00194164
-0.00195634
-0.00196674
-0.00197006
-0.00196675
-0.00195769
-0.00194336
-0.00192417
-0.00190048
-0.00187268
-0.00184111
-0.0018061
-0.00176797
-0.00172701
-0.00168352
-0.00163778
-0.00159006
-0.00154064
-0.00148978
-0.00143774
-0.00138476
-0.00133109
-0.00201926
-0.00206501
-0.0020795
-0.00209116
-0.00209831
-0.00209808
-0.00209098
-0.00207795
-0.00205954
-0.00203616
-0.00200823
-0.00197614
-0.00194024
-0.00190089
-0.00185839
-0.00181307
-0.00176522
-0.00171513
-0.00166309
-0.00160937
-0.00155424
-0.00149798
-0.00144085
-0.0013831
-0.00217282
-0.00221632
-0.00222729
-0.00223505
-0.00223807
-0.0022335
-0.0022219
-0.00220427
-0.00218119
-0.00215312
-0.00212048
-0.00208367
-0.00204306
-0.001999
-0.00195182
-0.00190183
-0.00184933
-0.00179463
-0.001738
-0.00167974
-0.00162012
-0.00155943
-0.00149793
-0.0014359
-0.00233868
-0.00237825
-0.00238491
-0.00238778
-0.00238567
-0.00237587
-0.002359
-0.00233609
-0.00230775
-0.00227445
-0.00223662
-0.00219467
-0.00214897
-0.00209987
-0.0020477
-0.00199276
-0.00193535
-0.00187578
-0.00181434
-0.00175132
-0.001687
-0.00162168
-0.00155563
-0.00148913
-0.00251672
-0.00255027
-0.00255185
-0.00254875
-0.00254036
-0.00252437
-0.00250142
-0.00247252
-0.0024383
-0.00239924
-0.00235577
-0.00230829
-0.00225716
-0.00220272
-0.00214528
-0.00208514
-0.00202261
-0.00195797
-0.00189152
-0.00182355
-0.00175435
-0.00168423
-0.00161346
-0.00154234
-0.00270617
-0.0027312
-0.00272702
-0.00271679
-0.00270089
-0.0026777
-0.00264784
-0.00261225
-0.00257157
-0.00252626
-0.00247674
-0.00242339
-0.00236655
-0.00230652
-0.00224361
-0.00217809
-0.00211025
-0.00204038
-0.00196878
-0.00189572
-0.00182152
-0.00174647
-0.00167086
-0.00159501
-0.00290534
-0.00291905
-0.00290864
-0.00289012
-0.00286542
-0.002834
-0.00279644
-0.00275353
-0.00270587
-0.00265391
-0.00259803
-0.00253856
-0.0024758
-0.00241002
-0.00234149
-0.00227048
-0.00219725
-0.00212207
-0.00204522
-0.00196701
-0.00188772
-0.00180767
-0.00172715
-0.00164649
-0.0031115
-0.00311094
-0.00309417
-0.00306625
-0.00303147
-0.0029909
-0.00294494
-0.00289418
-0.00283915
-0.00278025
-0.0027178
-0.00265208
-0.00258331
-0.00251174
-0.00243758
-0.00236105
-0.00228242
-0.00220192
-0.00211983
-0.00203645
-0.00195207
-0.001867
-0.00178156
-0.00169608
-0.00332074
-0.00330316
-0.0032803
-0.00324196
-0.00319596
-0.00314545
-0.0030906
-0.00303164
-0.00296901
-0.00290306
-0.00283401
-0.00276205
-0.00268734
-0.00261005
-0.00253034
-0.00244841
-0.00236446
-0.00227873
-0.00219148
-0.002103
-0.00201359
-0.00192357
-0.00183326
-0.00174299
-0.00352809
-0.00349132
-0.00346306
-0.00341346
-0.00335533
-0.00329437
-0.00323036
-0.00316307
-0.00309285
-0.00301994
-0.00294446
-0.00286646
-0.00278603
-0.00270324
-0.00261821
-0.00253107
-0.00244201
-0.00235124
-0.002259
-0.00216558
-0.00207127
-0.00197642
-0.00188136
-0.00178642
-0.00372788
-0.00367077
-0.00363818
-0.00357671
-0.00350578
-0.00343419
-0.00336106
-0.00328562
-0.00320807
-0.00312854
-0.00304698
-0.00296333
-0.00287755
-0.00278964
-0.00269963
-0.00260762
-0.00251374
-0.0024182
-0.00232122
-0.00222309
-0.00212411
-0.00202463
-0.00192499
-0.00182555
-0.00391441
-0.00383719
-0.0038014
-0.00372755
-0.00364367
-0.00356167
-0.00347976
-0.00339662
-0.00331227
-0.00322668
-0.00313962
-0.00305088
-0.00296028
-0.00286773
-0.0027732
-0.00267673
-0.00257843
-0.00247847
-0.00237708
-0.00227453
-0.00217115
-0.00206729
-0.00196332
-0.00185962
-0.00408286
-0.0039872
-0.003949
-0.00386246
-0.00376589
-0.00367403
-0.00358401
-0.00349391
-0.00340354
-0.00331265
-0.00322083
-0.00312767
-0.00303289
-0.0029363
-0.00283778
-0.00273734
-0.00263505
-0.00253107
-0.00242564
-0.00231903
-0.00221158
-0.00210365
-0.00199564
-0.00188794
-0.00423017
-0.00411898
-0.00407827
-0.00397877
-0.00387018
-0.00376938
-0.00367217
-0.00357606
-0.00348062
-0.00338535
-0.00328959
-0.00319279
-0.00309451
-0.00299449
-0.00289255
-0.00278864
-0.00268284
-0.00257528
-0.00246621
-0.00235591
-0.00224474
-0.00213308
-0.00202135
-0.00190996
-0.00435577
-0.00423254
-0.00418783
-0.0040751
-0.00395554
-0.00384692
-0.0037436
-0.00364255
-0.00354307
-0.00344436
-0.00334552
-0.00324584
-0.00314475
-0.00304191
-0.00293709
-0.00283023
-0.00272136
-0.00261065
-0.00249834
-0.00238473
-0.0022702
-0.00215517
-0.00204006
-0.00192533
-0.00446184
-0.00432963
-0.00427772
-0.00415149
-0.00402219
-0.00390694
-0.00379862
-0.00369372
-0.00359121
-0.00348998
-0.00338887
-0.003287
-0.00318373
-0.00307862
-0.00297142
-0.00286204
-0.00275053
-0.00263706
-0.00252188
-0.00240533
-0.00228781
-0.00216974
-0.00205161
-0.00193387
-0.00455279
-0.00441309
-0.00434909
-0.00420915
-0.00407143
-0.00395069
-0.0038384
-0.00373067
-0.00362606
-0.00352309
-0.00342039
-0.00331694
-0.00321199
-0.00310507
-0.0029959
-0.00288439
-0.0027706
-0.00265471
-0.00253701
-0.00241785
-0.00229766
-0.00217691
-0.00205609
-0.00193569
-0.00463398
-0.00448566
-0.00440334
-0.00424968
-0.00410487
-0.00397969
-0.00386442
-0.00375478
-0.00364886
-0.00354483
-0.00344111
-0.00333654
-0.00323033
-0.00312196
-0.00301114
-0.00289781
-0.00278204
-0.00266403
-0.0025441
-0.00242264
-0.0023001
-0.00217698
-0.0020538
-0.00193107
-0.00470988
-0.00454838
-0.00444085
-0.00427398
-0.00412348
-0.0039949
-0.00387762
-0.00376697
-0.0036605
-0.00355602
-0.00345178
-0.00334651
-0.00323938
-0.00312986
-0.00301769
-0.0029028
-0.00278531
-0.00266546
-0.00254358
-0.00242011
-0.00229553
-0.00217035
-0.00204513
-0.0019204
-0.00478291
-0.00460052
-0.00446117
-0.00428266
-0.00412841
-0.00399779
-0.00387976
-0.00376925
-0.00366318
-0.00355897
-0.00345471
-0.00334913
-0.00324138
-0.00313096
-0.00301764
-0.00290141
-0.0027824
-0.0026609
-0.00253729
-0.00241203
-0.00228562
-0.00215864
-0.00203164
-0.00190517
-0.00484892
-0.00463709
-0.00446268
-0.00427775
-0.00412442
-0.00399543
-0.00387928
-0.00376993
-0.00366507
-0.00356168
-0.00345771
-0.00335193
-0.00324358
-0.00313221
-0.00301765
-0.00289994
-0.00277928
-0.00265601
-0.00253054
-0.00240337
-0.00227506
-0.00214619
-0.00201733
-0.00188907
-0.00485224
-0.00461491
-0.00441713
-0.00423986
-0.00409688
-0.0039766
-0.00386652
-0.00375677
-0.00365224
-0.00354958
-0.00344598
-0.00334013
-0.00323132
-0.00311918
-0.00300358
-0.00288466
-0.00276265
-0.00263796
-0.00251104
-0.00238243
-0.00225272
-0.00212251
-0.00199239
-0.00186296
-0.00077327
-0.000820167
-0.000866398
-0.000911512
-0.000953423
-0.000722913
-0.000774176
-0.000824802
-0.000874726
-0.000924014
-0.000972199
-0.00101687
-0.000771707
-0.000826238
-0.000880154
-0.000933388
-0.000986025
-0.00103759
-0.00108531
-0.000824091
-0.000882196
-0.00093971
-0.000996575
-0.00105289
-0.00110818
-0.0011593
-0.000880424
-0.000942444
-0.00100391
-0.00106476
-0.00112512
-0.00118454
-0.00123951
-0.000941114
-0.00100743
-0.00107324
-0.00113849
-0.00120333
-0.00126735
-0.00132669
-0.00100663
-0.00107767
-0.00114827
-0.00121839
-0.0012882
-0.00135736
-0.00142177
-0.00107748
-0.00115374
-0.00122963
-0.00130514
-0.00138049
-0.00145542
-0.00152579
-0.00115428
-0.00123629
-0.00131803
-0.00139954
-0.00148107
-0.00156251
-0.00164
-0.00123768
-0.00132606
-0.00141429
-0.00150249
-0.00159093
-0.00167974
-0.00176583
-0.00132847
-0.00142389
-0.00151931
-0.00161496
-0.00171117
-0.00180831
-0.0019049
-0.00142753
-0.00153072
-0.00163412
-0.00173809
-0.00184299
-0.00194956
-0.00205903
-0.00153587
-0.00164767
-0.00175989
-0.00187309
-0.00198771
-0.0021049
-0.0022301
-0.00165468
-0.00177596
-0.00189791
-0.00202132
-0.0021467
-0.00227574
-0.00242
-0.0017854
-0.00191701
-0.00204961
-0.00218422
-0.00232137
-0.00246347
-0.00263039
-0.00192949
-0.00207241
-0.00221657
-0.00236328
-0.00251305
-0.00266923
-0.00286239
-0.00208894
-0.00224406
-0.00240054
-0.00256001
-0.00272287
-0.00289378
-0.0031162
-0.00226584
-0.00243397
-0.00260329
-0.00277579
-0.00295159
-0.00313725
-0.0033907
-0.00246271
-0.00264439
-0.00282661
-0.00301172
-0.00319934
-0.00339886
-0.00368309
-0.00268228
-0.00287762
-0.00307213
-0.00326843
-0.00346543
-0.00367667
-0.00398855
-0.00292745
-0.00313588
-0.00334104
-0.00354572
-0.00374806
-0.00396737
-0.00430028
-0.00320088
-0.00342088
-0.00363371
-0.00384233
-0.0040442
-0.00426629
-0.00460974
-0.00350458
-0.00373336
-0.00394931
-0.00415567
-0.00434966
-0.00456757
-0.00490736
-0.00383894
-0.00407227
-0.00428525
-0.00448168
-0.00465931
-0.00486462
-0.00518334
-0.00420134
-0.00443407
-0.00463705
-0.00481518
-0.00496778
-0.00515075
-0.00542857
-0.00458604
-0.00481269
-0.00499876
-0.0051508
-0.00527043
-0.00541992
-0.00563526
-0.00498197
-0.00519904
-0.00536348
-0.0054839
-0.00556431
-0.00566731
-0.00579723
-0.00537198
-0.0055802
-0.0057223
-0.0058092
-0.00584655
-0.00588861
-0.00590952
-0.00573947
-0.00594578
-0.00606986
-0.00612434
-0.0061146
-0.00607894
-0.0059677
-0.00610611
-0.00632567
-0.00644051
-0.00646349
-0.00639483
-0.00625082
-0.00597355
-0.00652334
-0.00677644
-0.00688467
-0.0068691
-0.0067341
-0.00644831
-0.00593743
-0.00032653
-0.000381348
-0.00043013
-0.000479442
-0.000529464
-0.000351109
-0.000409447
-0.000460999
-0.000513119
-0.00056608
-0.000618823
-0.000671105
-0.000377004
-0.00043922
-0.000493805
-0.000548993
-0.000605159
-0.000661132
-0.000716648
-0.000404295
-0.000470793
-0.000528714
-0.000587258
-0.000646928
-0.000706431
-0.000765481
-0.000433076
-0.00050431
-0.000565907
-0.000628131
-0.00069164
-0.000755007
-0.000817926
-0.000463446
-0.000539934
-0.000605596
-0.000671864
-0.000739587
-0.000807191
-0.000874352
-0.000495512
-0.000577847
-0.000648014
-0.000718738
-0.000791096
-0.000863355
-0.000935177
-0.000529387
-0.000618246
-0.000693427
-0.000769073
-0.000846541
-0.000923921
-0.00100087
-0.000565188
-0.000661352
-0.000742134
-0.000823232
-0.000906346
-0.00098937
-0.00107198
-0.000603038
-0.000707411
-0.000794479
-0.000881637
-0.000971004
-0.00106025
-0.0011491
-0.000643057
-0.000756691
-0.000850851
-0.000944771
-0.00104109
-0.0011372
-0.00123294
-0.000685359
-0.000809489
-0.000911699
-0.00101319
-0.00111725
-0.00122092
-0.0013243
-0.000730037
-0.00086612
-0.000977542
-0.00108754
-0.00120025
-0.0013122
-0.00142409
-0.000777144
-0.000926911
-0.00104897
-0.00116875
-0.00129174
-0.00141228
-0.00153347
-0.000826663
-0.000992155
-0.00112652
-0.00125778
-0.0013947
-0.00152288
-0.00165398
-0.000878499
-0.00106222
-0.00121081
-0.00135299
-0.00149444
-0.0016431
-0.00178694
-0.000932425
-0.00113764
-0.00130364
-0.00146077
-0.00161866
-0.00177794
-0.00193406
-0.000987782
-0.00121853
-0.0014057
-0.00157991
-0.00175376
-0.0019271
-0.0020974
-0.0010434
-0.00130473
-0.0015179
-0.001712
-0.00190352
-0.00209361
-0.00227972
-0.00109742
-0.00139581
-0.00164149
-0.0018594
-0.00207113
-0.00228037
-0.00248392
-0.00114683
-0.00149074
-0.00177758
-0.00202429
-0.00225917
-0.00249039
-0.00271315
-0.001187
-0.00158743
-0.00192679
-0.00220866
-0.00247019
-0.00272676
-0.00297059
-0.00121084
-0.00168218
-0.00208941
-0.00241651
-0.00270787
-0.00299295
-0.00325917
-0.00120784
-0.00176878
-0.00226489
-0.00265605
-0.00297651
-0.00329228
-0.00358061
-0.00116313
-0.00183731
-0.0024369
-0.00286257
-0.0032653
-0.00362256
-0.00393288
-0.00105588
-0.00187698
-0.00261704
-0.00312976
-0.00358001
-0.00397665
-0.00431031
-0.000854371
-0.00186161
-0.00277107
-0.00337902
-0.00389651
-0.00434138
-0.00470046
-0.000522095
-0.00175473
-0.00286211
-0.00358918
-0.00419233
-0.00469373
-0.00508239
-3.22223e-05
-0.00151953
-0.0028393
-0.00372285
-0.00443317
-0.00500276
-0.00543247
0.000756115
-0.00107747
-0.00263779
-0.00374199
-0.00458484
-0.00525487
-0.00575891
0.00244142
0.000157543
-0.00184908
-0.00335845
-0.00457223
-0.00547021
-0.0060982
0.000942354
0.000932795
0.000922174
0.000910421
0.000897463
0.000883227
0.000867633
0.000850605
0.000832063
0.000811928
0.000790121
0.000766567
0.00074119
0.00071392
0.00068469
0.000653442
0.000620124
0.000584694
0.00054712
0.000507385
0.000465486
0.000421436
0.000375268
0.000327034
0.000276808
0.000224689
0.000170797
0.000115281
5.83113e-05
8.81213e-08
-5.91702e-05
-0.000119246
-0.000179682
-0.000239835
0.000966129
0.000957061
0.000946906
0.000935587
0.000923025
0.00090914
0.000893847
0.000877057
0.000858685
0.000838641
0.000816837
0.000793185
0.000767599
0.000739997
0.000710302
0.000678442
0.000644353
0.000607981
0.000569284
0.000528233
0.000484815
0.000439035
0.00039092
0.000340517
0.000287899
0.000233163
0.000176437
0.000117873
5.76562e-05
-4.00027e-06
-6.6859e-05
-0.000130681
-0.000194968
-0.000259027
0.000990804
0.000982291
0.000972668
0.000961853
0.000949759
0.000936299
0.000921379
0.000904903
0.000886775
0.000866895
0.000845164
0.000821482
0.000795751
0.000767876
0.000737766
0.000705335
0.000670505
0.000633209
0.000593391
0.000551009
0.000506038
0.000458474
0.000408334
0.000355658
0.000300517
0.000243007
0.000183258
0.000121432
5.77219e-05
-7.64114e-06
-7.44001e-05
-0.000142293
-0.000210775
-0.000279105
0.00101639
0.0010085
0.000999484
0.000989247
0.000977699
0.000964743
0.000950278
0.000934199
0.000916398
0.000896765
0.000875188
0.000851555
0.000825754
0.000797675
0.000767211
0.000734262
0.000698733
0.000660541
0.000619613
0.000575894
0.000529343
0.000479944
0.000427702
0.00037265
0.000314851
0.000254401
0.000191431
0.000126108
5.86393e-05
-1.07293e-05
-8.17185e-05
-0.00015404
-0.000227102
-0.000300111
0.00104289
0.00103571
0.00102737
0.00101779
0.00100688
0.000994512
0.000980592
0.000965001
0.00094762
0.000928327
0.000906996
0.000883503
0.000857718
0.000829516
0.000798774
0.000765371
0.000729197
0.000690149
0.000648136
0.000603083
0.000554934
0.000503655
0.000449238
0.000391705
0.000331111
0.000267546
0.000201143
0.000132074
6.05573e-05
-1.31441e-05
-8.87274e-05
-0.000165876
-0.000243943
-0.000322087
0.00107032
0.00106391
0.00105634
0.00104751
0.00103732
0.00102564
0.00101236
0.00099736
0.000980502
0.000961653
0.000940674
0.000917422
0.000891755
0.000863526
0.000832594
0.000798819
0.000762069
0.000722219
0.000679157
0.000632786
0.00058303
0.000529836
0.000473177
0.00041306
0.00034953
0.00028267
0.000212609
0.000139526
6.36466e-05
-1.47462e-05
-9.53248e-05
-0.000177741
-0.00026129
-0.000345082
0.00109867
0.00109312
0.00108641
0.00107842
0.00106904
0.00105815
0.00104563
0.00103133
0.0010151
0.000996816
0.000976306
0.000953414
0.000927978
0.000899835
0.000868819
0.00083477
0.000797529
0.000756948
0.00071289
0.000665233
0.000613876
0.00055874
0.000499779
0.000436981
0.000370373
0.000300029
0.000226075
0.000148688
6.81057e-05
-1.53711e-05
-0.000101389
-0.000189563
-0.000279128
-0.000369145
0.00112793
0.00112334
0.00111757
0.00111052
0.00110207
0.00109208
0.00108042
0.00106694
0.00105148
0.00103389
0.00101398
0.000991576
0.000966505
0.000938576
0.000907601
0.000873393
0.000835767
0.000794547
0.000749566
0.000700672
0.000647734
0.000590646
0.000529334
0.000463761
0.000393936
0.000319916
0.000241818
0.00015982
7.4166e-05
-1.48257e-05
-0.000106773
-0.000201252
-0.00029743
-0.000394326
0.0011581
0.00115454
0.00114982
0.00114382
0.00113641
0.00112744
0.00111678
0.00110425
0.00108969
0.00107293
0.00105376
0.00103201
0.00100745
0.000979884
0.000949095
0.000914867
0.000876985
0.00083524
0.00078943
0.000739371
0.000684894
0.00062586
0.000562162
0.000493733
0.000420554
0.000342663
0.000260161
0.000173222
8.20962e-05
-1.28826e-05
-0.000111303
-0.000212697
-0.000316161
-0.000420676
0.00118915
0.00118673
0.00118316
0.00117831
0.00117206
0.00116424
0.00115471
0.00114328
0.00112977
0.001114
0.00109575
0.0010748
0.00105093
0.00102389
0.000993461
0.000959376
0.000921392
0.000879261
0.000832745
0.000781617
0.000725669
0.000664719
0.000598618
0.000527264
0.000450602
0.000368643
0.000281468
0.00018924
9.22092e-05
-9.27466e-06
-0.00011477
-0.000223763
-0.000335271
-0.000448245
0.00122104
0.00121987
0.00121756
0.00121399
0.00120902
0.00120249
0.00119423
0.00118405
0.00117176
0.00115715
0.00113999
0.00112004
0.00109704
0.00107074
0.00104086
0.00100711
0.000969203
0.000926858
0.000879789
0.000827721
0.000770398
0.000707587
0.000639093
0.000564764
0.000484504
0.000398284
0.000306159
0.000208272
0.000104869
-3.6869e-06
-0.000116926
-0.000234282
-0.000354689
-0.000477084
0.00125376
0.00125392
0.00125299
0.00125082
0.00124727
0.00124217
0.00123534
0.00122658
0.00121569
0.00120243
0.00118656
0.00116781
0.00114591
0.00112055
0.00109144
0.00105824
0.00102064
0.000978288
0.000930855
0.000878012
0.000819446
0.000754867
0.000684019
0.00060669
0.000522733
0.000432069
0.000334712
0.000230778
0.000120502
4.25204e-06
-0.000117473
-0.000244049
-0.000374327
-0.000507243
0.00128725
0.00128886
0.00128942
0.00128878
0.00128679
0.00128327
0.00127803
0.00127087
0.00126156
0.00124986
0.00123549
0.00121818
0.00119761
0.00117345
0.00114536
0.00111298
0.00107593
0.00103381
0.000986247
0.000932839
0.000873207
0.000806992
0.000733867
0.00065355
0.000565822
0.000470544
0.000367675
0.000257291
0.000139604
1.49811e-05
-0.000116054
-0.000252816
-0.000394066
-0.000538769
0.00132145
0.00132462
0.00132679
0.00132781
0.00132752
0.00132574
0.00132228
0.0013169
0.00130939
0.00129946
0.00128684
0.0012712
0.00125223
0.00122955
0.00120277
0.00117149
0.00113529
0.0010937
0.00104628
0.000992568
0.000932098
0.000864432
0.000789156
0.000705902
0.000614367
0.000514329
0.000405677
0.000288428
0.000162758
2.90199e-05
-0.000112241
-0.000260274
-0.000413751
-0.000571705
0.0013563
0.00136114
0.00136504
0.00136785
0.00136942
0.00136955
0.00136803
0.00136465
0.00135914
0.00135122
0.0013406
0.00132692
0.00130983
0.00128894
0.0012638
0.00123396
0.00119894
0.00115823
0.00111129
0.00105758
0.000996563
0.00092769
0.00085045
0.000764368
0.000669034
0.000564125
0.000449435
0.000324902
0.000190643
4.69853e-05
-0.000105517
-0.000266043
-0.000433182
-0.000606088
0.00139172
0.00139833
0.00140409
0.00140884
0.00141241
0.00141461
0.00141524
0.00141404
0.00141077
0.00140512
0.00139677
0.00138535
0.00137047
0.00135169
0.00132855
0.00130053
0.00126709
0.00122765
0.00118159
0.00112827
0.00106706
0.000997304
0.000918358
0.000829625
0.000730565
0.000620723
0.000499772
0.00036754
0.000224061
6.96115e-05
-9.52593e-05
-0.000269656
-0.000452097
-0.000641943
0.00142761
0.00143611
0.00144384
0.00145066
0.00145639
0.00146084
0.0014638
0.00146502
0.00146423
0.00146111
0.00145531
0.00144647
0.00143415
0.00141787
0.00139713
0.00137135
0.00133994
0.00130222
0.0012575
0.00120504
0.00114408
0.00107384
0.000993536
0.000902417
0.000799782
0.000685014
0.000557625
0.000417301
0.000263953
9.77758e-05
-8.07074e-05
-0.000270527
-0.000470159
-0.000679286
0.00146388
0.00147436
0.00148419
0.00149321
0.00150126
0.00150814
0.00151363
0.00151748
0.00151941
0.00151909
0.00151618
0.00151024
0.00150085
0.00148748
0.00146958
0.00144652
0.00141763
0.00138217
0.00133933
0.00128828
0.0012281
0.00115789
0.00107668
0.000983549
0.000877594
0.000757998
0.000624067
0.000475295
0.000311428
0.000132531
-6.09306e-05
-0.000267915
-0.000486912
-0.000718104
0.00150039
0.00151297
0.00152501
0.00153637
0.00154688
0.00155636
0.00156458
0.00157129
0.0015762
0.00157897
0.00157925
0.00157659
0.00157052
0.0015605
0.00154592
0.00152611
0.0015003
0.00146769
0.00142737
0.00137835
0.00131962
0.00125005
0.00116852
0.00107388
0.000964995
0.000840789
0.000700314
0.000542811
0.000367794
0.000175146
-3.47774e-05
-0.000260868
-0.000501718
-0.000758262
0.00153703
0.00155179
0.00156615
0.00157997
0.0015931
0.00160535
0.00161649
0.00162628
0.00163442
0.00164059
0.00164439
0.00164538
0.00164306
0.00163686
0.00162612
0.00161012
0.00158803
0.00155895
0.00152185
0.00147563
0.00141909
0.00135094
0.00126982
0.00117434
0.00106306
0.000934626
0.000787746
0.000621336
0.000434601
0.000227156
-8.13482e-07
-0.000248148
-0.000513682
-0.000799452
0.00157364
0.00159067
0.00160745
0.00162385
0.00163974
0.00165491
0.00166917
0.00168226
0.0016939
0.00170375
0.00171141
0.00171644
0.00171831
0.00171642
0.00171008
0.00169852
0.00168083
0.00165602
0.00162296
0.00158039
0.00152695
0.00146114
0.00138134
0.00128587
0.00117296
0.00104087
0.000887916
0.000712588
0.000513677
0.000290426
4.27601e-05
-0.000228129
-0.000521554
-0.000841106
0.00161006
0.00162943
0.00164872
0.00166782
0.00168658
0.00170484
0.00172239
0.001739
0.00175438
0.0017682
0.00178007
0.00178952
0.00179603
0.00179898
0.00179763
0.00179117
0.00177863
0.00175892
0.0017308
0.00169288
0.00164359
0.0015812
0.00150383
0.00140944
0.0012959
0.001161
0.00100256
0.000818535
0.000607182
0.000367227
9.82177e-05
-0.000198656
-0.000523547
-0.000882197
0.00164612
0.00166788
0.00168976
0.00171164
0.0017334
0.00175489
0.0017759
0.00179623
0.00181559
0.00183366
0.00185007
0.00186434
0.00187595
0.00188426
0.00188852
0.00188786
0.00188126
0.00186756
0.00184539
0.00181322
0.00176927
0.00171159
0.00163798
0.00154602
0.00143313
0.00129658
0.00113358
0.000941423
0.000717659
0.000460332
0.000168454
-0.000156833
-0.000517096
-0.000920926
0.00168162
0.00170584
0.00173036
0.0017551
0.00177995
0.00180478
0.0018294
0.00185363
0.00187719
0.00189979
0.00192105
0.00194052
0.00195768
0.00197189
0.00198238
0.00198825
0.00198845
0.00198172
0.0019666
0.0019414
0.00190417
0.00185267
0.00178439
0.0016965
0.00158591
0.00144926
0.00128306
0.00108378
0.000848089
0.000573122
0.000257168
-9.87492e-05
-0.000498501
-0.000954264
0.00171638
0.00174306
0.00177027
0.00179793
0.00182595
0.00185421
0.00188257
0.00191085
0.00193881
0.00196617
0.00199258
0.00201762
0.00204077
0.0020614
0.00207875
0.0020919
0.00209976
0.00210102
0.00209413
0.00207725
0.00204825
0.00200463
0.00194353
0.00186168
0.00175541
0.0016207
0.0014532
0.00124842
0.00100193
0.000709716
0.000369108
-1.91002e-05
-0.000462444
-0.000977273
0.00175017
0.00177934
0.00180925
0.00183985
0.00187108
0.00190285
0.00193504
0.0019675
0.00200001
0.00203235
0.00206418
0.00209511
0.00212466
0.00215222
0.00217703
0.0021982
0.00221461
0.00222491
0.00222748
0.00222038
0.00220127
0.00216741
0.0021156
0.0020421
0.00194264
0.00181243
0.0016462
0.00143832
0.00118309
0.000875058
0.000510371
8.94059e-05
-0.000401168
-0.00098214
0.00178279
0.00181442
0.00184702
0.00188057
0.00191504
0.00195035
0.00198643
0.00202314
0.00206034
0.00209781
0.00213528
0.00217239
0.00220869
0.00224363
0.00227649
0.00230639
0.00233222
0.00235262
0.00236593
0.0023701
0.00236266
0.00234063
0.00230047
0.00223797
0.00214825
0.00202571
0.00186405
0.00165645
0.00139577
0.00107488
0.000688616
0.00023668
-0.000303313
-0.000956478
0.001814
0.00184805
0.00188331
0.00191979
0.00195747
0.00199632
0.0020363
0.00207732
0.00211927
0.00216198
0.00220524
0.00224875
0.00229211
0.00233483
0.00237625
0.00241553
0.00245161
0.00248315
0.00250848
0.0025255
0.00253161
0.00252366
0.00249777
0.0024493
0.00237277
0.00226174
0.00210889
0.00190611
0.00164471
0.00131581
0.000912883
0.000434745
-0.00015436
-0.000882007
0.00184359
0.00188
0.00191786
0.0019572
0.00199804
0.00204039
0.00208425
0.00212957
0.00217629
0.0022243
0.00227346
0.00232352
0.00237419
0.00242502
0.00247544
0.00252471
0.00257184
0.00261555
0.00265419
0.00268567
0.00270735
0.00271591
0.00270723
0.00267627
0.00261696
0.00252207
0.00238326
0.00219116
0.00193557
0.00160574
0.00119394
0.000697443
6.17507e-05
-0.000737841
0.00187139
0.00191008
0.00195045
0.00199257
0.00203649
0.00208227
0.00212992
0.00217948
0.00223093
0.00228424
0.0023393
0.00239599
0.00245407
0.00251322
0.00257296
0.00263267
0.00269145
0.00274813
0.00280117
0.0028485
0.00288749
0.00291473
0.00292591
0.00291565
0.00287735
0.00280315
0.00268391
0.00250944
0.00226878
0.00195055
0.00154717
0.00105349
0.000387697
-0.000476611
0.00189705
0.00193786
0.00198059
0.00202532
0.00207215
0.00212115
0.00217241
0.00222599
0.00228195
0.0023403
0.00240104
0.0024641
0.00252936
0.0025966
0.00266547
0.00273544
0.00280577
0.00287541
0.00294292
0.00300633
0.00306302
0.00310955
0.00314146
0.00315312
0.00313762
0.00308673
0.00299122
0.00284142
0.00262816
0.00234405
0.00198846
0.00155981
0.000947557
9.21397e-05
0.00191941
0.00196209
0.00200689
0.00205393
0.00210333
0.00215522
0.00220973
0.00226696
0.00232704
0.00239006
0.00245609
0.00252517
0.0025973
0.00267239
0.00275024
0.00283052
0.00291267
0.00299587
0.0030789
0.00316002
0.00323683
0.00330602
0.00336318
0.00340257
0.00341694
0.00339753
0.00333446
0.0032177
0.00303895
0.00279462
0.00249398
0.00215697
0.00169643
0.00106681
)
;

boundaryField
{
    down
    {
        type            symmetryPlane;
    }
    right
    {
        type            fixedValue;
        value           nonuniform List<scalar> 0();
    }
    up
    {
        type            symmetryPlane;
    }
    left
    {
        type            zeroGradient;
    }
    cylinder
    {
        type            zeroGradient;
    }
    frontAndBack
    {
        type            empty;
    }
    procBoundary5to0
    {
        type            processor;
        value           nonuniform List<scalar> 2(0.000950921 0.000974184);
    }
    procBoundary5to1
    {
        type            processor;
        value           nonuniform List<scalar> 
77
(
-0.000892771
-0.000924566
-0.00094642
-0.000966801
-0.000984939
-0.000999825
-0.00101151
-0.00102021
-0.00102602
-0.00102905
-0.0010294
-0.0010272
-0.00102259
-0.00089448
-0.00106998
-0.00106998
-0.00105938
-0.00104667
-0.001032
-0.00101553
-0.000997402
-0.000977768
-0.000956774
-0.000934565
-0.000911282
-0.000887063
-0.000725204
-0.000769329
-0.000812765
-0.00085508
-0.00089448
-0.000677387
-0.000725654
-0.000725654
-0.000303189
-0.000303189
-0.0003548
-0.000401051
-0.00044778
-0.000495103
-0.000579246
-0.000579246
-0.000628559
0.000919465
0.000909475
0.000898451
0.000886327
0.000873038
0.000858516
0.000842689
0.000825489
0.000806843
0.000786681
0.000764935
0.000741536
0.000716422
0.000689531
0.000660808
0.000630204
0.000597678
0.000563198
0.000526743
0.000488304
0.000447885
0.000405506
0.000361206
0.000315039
0.000267081
0.000217427
0.000166195
0.000113525
5.95772e-05
4.53736e-06
-5.13933e-05
-0.000108016
-0.000164912
-0.000221484
)
;
    }
    procBoundary5to4
    {
        type            processor;
        value           nonuniform List<scalar> 
74
(
0.00191771
0.00191668
0.0019146
0.00191145
0.00190738
0.00190312
0.00189682
0.00187874
0.00185806
0.00183433
0.00180859
0.00178115
0.00175215
0.00172179
0.00169027
0.00165779
0.00162455
0.00159072
0.00155648
0.00152199
0.00148741
0.00145286
0.00141848
0.00138438
0.00135066
0.00131741
0.00128471
0.00125263
0.00122122
0.00119053
0.00116061
0.00113148
0.00110316
0.00107567
0.00104903
0.00102323
0.000998286
0.00189682
0.00190312
0.00190738
0.00191145
0.0019146
0.00191668
0.00191771
0.000998286
0.00102323
0.00104903
0.00107567
0.00110316
0.00113148
0.00116061
0.00119053
0.00122122
0.00125263
0.00128471
0.00131741
0.00135066
0.00138438
0.00141848
0.00145286
0.00148741
0.00152199
0.00155648
0.00159072
0.00162455
0.00165779
0.00169027
0.00172179
0.00175215
0.00178115
0.00180859
0.00183433
0.00185806
0.00187874
)
;
    }
    procBoundary5to6
    {
        type            processor;
        value           nonuniform List<scalar> 
80
(
-0.00168781
-0.00170123
-0.00172725
-0.00176438
-0.00176438
-0.00168494
-0.00173645
-0.00179518
-0.00179518
-0.00173484
-0.0018891
-0.0018891
-0.0019052
-0.00192043
-0.00193109
-0.00193571
-0.00193389
-0.00192534
-0.00190998
-0.00188796
-0.00185964
-0.00182557
-0.00178644
-0.00174301
-0.0016961
-0.00164651
-0.00159503
-0.00154236
-0.00148914
-0.00143591
-0.00138312
-0.0013311
-0.00128015
-0.00123046
-0.00118217
-0.00113538
-0.00109012
-0.00104643
-0.0010043
-0.000963715
-0.00179516
-0.00179516
-0.00173643
-0.00168492
-0.00176435
-0.00176435
-0.00172724
-0.00170122
-0.00168781
-0.000897527
-0.000934327
-0.000972485
-0.00101201
-0.00105292
-0.0010952
-0.00113882
-0.00118373
-0.00122983
-0.00127698
-0.00132499
-0.00137359
-0.00142245
-0.00147115
-0.00151919
-0.00156598
-0.00161086
-0.0016531
-0.00169196
-0.00172668
-0.00175655
-0.00178094
-0.00179933
-0.0018114
-0.00181699
-0.0018162
-0.0018093
-0.00179671
-0.00177981
-0.001762
-0.00173483
)
;
    }
    procBoundary5to8
    {
        type            processor;
        value           uniform 0.000974184;
    }
    procBoundary5to9
    {
        type            processor;
        value           nonuniform List<scalar> 
74
(
-0.000951799
-0.000951799
-0.000924571
-0.000946424
-0.000966806
-0.000984943
-0.000999829
-0.00101152
-0.00102021
-0.00102603
-0.00102905
-0.00102941
-0.00102721
-0.00102259
-0.00101568
-0.00100662
-0.000995539
-0.000982583
-0.000967889
-0.000951595
-0.000933841
-0.000914762
-0.000894492
-0.000873165
-0.000677389
-0.000725656
-0.000725656
-0.000725206
-0.000769331
-0.000812768
-0.000855083
-0.000894483
-0.000579248
-0.000628561
-0.000303195
-0.000354805
-0.000401054
-0.000447781
-0.000579248
-0.000495104
0.000942353
0.000932793
0.000922172
0.000910419
0.000897461
0.000883224
0.000867631
0.000850602
0.00083206
0.000811925
0.000790119
0.000766564
0.000741187
0.000713916
0.000684687
0.000653439
0.000620121
0.00058469
0.000547117
0.000507382
0.000465482
0.000421432
0.000375264
0.00032703
0.000276804
0.000224684
0.000170792
0.000115275
5.8306e-05
8.27227e-08
-5.91757e-05
-0.000119251
-0.000179688
-0.000239839
)
;
    }
    procBoundary5to10
    {
        type            processor;
        value           nonuniform List<scalar> 2(-0.000924652 -0.000887069);
    }
}


// ************************************************************************* //
