/*--------------------------------*- C++ -*----------------------------------*\
| =========                 |                                                 |
| \\      /  F ield         | OpenFOAM: The Open Source CFD Toolbox           |
|  \\    /   O peration     | Version:  2412                                  |
|   \\  /    A nd           | Website:  www.openfoam.com                      |
|    \\/     M anipulation  |                                                 |
\*---------------------------------------------------------------------------*/
FoamFile
{
    version     2.0;
    format      ascii;
    arch        "LSB;label=32;scalar=64";
    class       volScalarField;
    location    "5.5";
    object      p;
}
// * * * * * * * * * * * * * * * * * * * * * * * * * * * * * * * * * * * * * //

dimensions      [0 2 -2 0 0 0 0];

internalField   nonuniform List<scalar> 
5285
(
-2.75116e-05
-2.61591e-05
-2.48492e-05
-2.35812e-05
-2.23548e-05
-2.11693e-05
-2.00245e-05
-1.89199e-05
-1.78549e-05
-1.6829e-05
-1.58419e-05
-1.48928e-05
-1.39813e-05
-1.31068e-05
-1.22686e-05
-1.14662e-05
-1.06989e-05
-9.96604e-06
-9.26687e-06
-8.60068e-06
-7.9667e-06
-7.36417e-06
-6.79225e-06
-6.25016e-06
-5.73703e-06
-5.25197e-06
-4.79413e-06
-4.3626e-06
-3.9565e-06
-3.57485e-06
-3.21675e-06
-2.69514e-05
-2.56242e-05
-2.43389e-05
-2.30949e-05
-2.18919e-05
-2.07292e-05
-1.96065e-05
-1.85233e-05
-1.74791e-05
-1.64733e-05
-1.55056e-05
-1.45753e-05
-1.36819e-05
-1.28247e-05
-1.20033e-05
-1.1217e-05
-1.04651e-05
-9.74691e-06
-9.06183e-06
-8.40907e-06
-7.7879e-06
-7.19757e-06
-6.63724e-06
-6.10615e-06
-5.60343e-06
-5.12824e-06
-4.67972e-06
-4.25697e-06
-3.85913e-06
-3.48527e-06
-3.13447e-06
-2.80585e-06
-2.49841e-06
-2.21132e-06
-1.94358e-06
-1.69432e-06
-1.46257e-06
-1.24747e-06
-1.04804e-06
-8.63459e-07
-6.92766e-07
-5.35103e-07
-3.89633e-07
-2.55381e-07
-1.31608e-07
-1.74144e-08
8.80981e-08
1.8556e-07
2.76164e-07
3.60326e-07
4.39664e-07
5.13237e-07
5.87069e-07
6.47553e-07
7.36428e-07
7.45047e-07
9.58151e-07
6.80918e-07
1.53211e-06
-2.43653e-08
3.25827e-06
-2.41034e-06
7.16819e-06
-6.65777e-06
1.14023e-05
-7.52676e-06
7.39361e-06
4.26733e-06
-8.98101e-06
2.13547e-05
-1.74256e-05
-2.63783e-05
-2.5077e-05
-2.38171e-05
-2.25978e-05
-2.14187e-05
-2.02794e-05
-1.91793e-05
-1.81181e-05
-1.70951e-05
-1.611e-05
-1.51621e-05
-1.4251e-05
-1.33761e-05
-1.25367e-05
-1.17324e-05
-1.09625e-05
-1.02263e-05
-9.52319e-06
-8.85249e-06
-8.21347e-06
-7.60538e-06
-7.0275e-06
-6.47901e-06
-5.95915e-06
-5.46706e-06
-5.00194e-06
-4.56293e-06
-4.14916e-06
-3.75976e-06
-3.39384e-06
-3.05049e-06
-2.72886e-06
-2.42795e-06
-2.14698e-06
-1.88493e-06
-1.64097e-06
-1.41416e-06
-1.20363e-06
-1.00845e-06
-8.27795e-07
-6.60733e-07
-5.06425e-07
-3.64043e-07
-2.32647e-07
-1.115e-07
2.75673e-10
1.0355e-07
1.98973e-07
2.87661e-07
3.70081e-07
4.47758e-07
5.19829e-07
5.92176e-07
6.51427e-07
7.38751e-07
7.46836e-07
9.57054e-07
6.82524e-07
1.52441e-06
-1.69411e-08
3.23526e-06
-2.38562e-06
7.12016e-06
-6.61349e-06
1.13466e-05
-7.50276e-06
7.3949e-06
4.20878e-06
-8.87207e-06
2.1207e-05
-1.72038e-05
-2.57926e-05
-2.4518e-05
-2.3284e-05
-2.209e-05
-2.09355e-05
-1.98201e-05
-1.87432e-05
-1.77045e-05
-1.67033e-05
-1.57392e-05
-1.48116e-05
-1.39201e-05
-1.30641e-05
-1.22429e-05
-1.1456e-05
-1.07028e-05
-9.98271e-06
-9.29497e-06
-8.63895e-06
-8.01394e-06
-7.41921e-06
-6.85403e-06
-6.31762e-06
-5.80921e-06
-5.32798e-06
-4.87313e-06
-4.44382e-06
-4.03919e-06
-3.65841e-06
-3.30059e-06
-2.96484e-06
-2.65034e-06
-2.3561e-06
-2.08136e-06
-1.82511e-06
-1.58657e-06
-1.36478e-06
-1.15892e-06
-9.68071e-07
-7.91424e-07
-6.28065e-07
-4.77179e-07
-3.37947e-07
-2.09463e-07
-9.09943e-08
1.83148e-08
1.19306e-07
2.12648e-07
2.99381e-07
3.80025e-07
4.56007e-07
5.26548e-07
5.9738e-07
6.55372e-07
7.411e-07
7.48655e-07
9.55888e-07
6.84203e-07
1.51638e-06
-9.14206e-09
3.21126e-06
-2.35974e-06
7.07006e-06
-6.56728e-06
1.12886e-05
-7.47794e-06
7.39603e-06
4.14856e-06
-8.76119e-06
2.10569e-05
-1.69768e-05
-2.51945e-05
-2.39472e-05
-2.27398e-05
-2.15717e-05
-2.04424e-05
-1.93515e-05
-1.82983e-05
-1.72826e-05
-1.63036e-05
-1.5361e-05
-1.44542e-05
-1.35827e-05
-1.27459e-05
-1.19433e-05
-1.11743e-05
-1.04382e-05
-9.73442e-06
-9.06236e-06
-8.42131e-06
-7.81058e-06
-7.22947e-06
-6.67725e-06
-6.15314e-06
-5.65641e-06
-5.18625e-06
-4.74186e-06
-4.32243e-06
-3.92714e-06
-3.55513e-06
-3.20557e-06
-2.87756e-06
-2.57033e-06
-2.28288e-06
-2.01449e-06
-1.76416e-06
-1.53113e-06
-1.31447e-06
-1.11337e-06
-9.26928e-07
-7.54363e-07
-5.94776e-07
-4.47378e-07
-3.11356e-07
-1.85839e-07
-7.01012e-08
3.66954e-08
1.35361e-07
2.26581e-07
3.11322e-07
3.90152e-07
4.64409e-07
5.33393e-07
6.02676e-07
6.59383e-07
7.43475e-07
7.50503e-07
9.54647e-07
6.85959e-07
1.50801e-06
-9.47587e-10
3.18623e-06
-2.33265e-06
7.01783e-06
-6.51913e-06
1.12283e-05
-7.45237e-06
7.39707e-06
4.08667e-06
-8.64864e-06
2.09047e-05
-1.67452e-05
-2.45842e-05
-2.33649e-05
-2.21848e-05
-2.10432e-05
-1.99397e-05
-1.88737e-05
-1.78449e-05
-1.68525e-05
-1.58963e-05
-1.49757e-05
-1.40901e-05
-1.3239e-05
-1.24219e-05
-1.16382e-05
-1.08873e-05
-1.01686e-05
-9.48154e-06
-8.82544e-06
-8.19965e-06
-7.60348e-06
-7.03624e-06
-6.49721e-06
-5.98564e-06
-5.50081e-06
-5.04192e-06
-4.6082e-06
-4.19883e-06
-3.81304e-06
-3.44996e-06
-3.10882e-06
-2.78869e-06
-2.48886e-06
-2.20833e-06
-1.9464e-06
-1.7021e-06
-1.47468e-06
-1.26325e-06
-1.06698e-06
-8.85036e-07
-7.16627e-07
-5.60881e-07
-4.17035e-07
-2.84281e-07
-1.61786e-07
-4.88281e-08
5.54094e-08
1.51706e-07
2.40764e-07
3.23476e-07
4.0046e-07
4.72959e-07
5.40356e-07
6.08061e-07
6.63459e-07
7.45872e-07
7.52381e-07
9.53326e-07
6.87797e-07
1.49929e-06
7.66244e-09
3.16013e-06
-2.3043e-06
6.9634e-06
-6.46899e-06
1.11658e-05
-7.42613e-06
7.39807e-06
4.02309e-06
-8.53471e-06
2.07511e-05
-1.65096e-05
-2.39619e-05
-2.27714e-05
-2.16192e-05
-2.05047e-05
-1.94275e-05
-1.83871e-05
-1.7383e-05
-1.64146e-05
-1.54816e-05
-1.45833e-05
-1.37193e-05
-1.28891e-05
-1.2092e-05
-1.13275e-05
-1.05952e-05
-9.89423e-06
-9.22417e-06
-8.58433e-06
-7.97407e-06
-7.39272e-06
-6.8396e-06
-6.31401e-06
-5.8152e-06
-5.34248e-06
-4.89505e-06
-4.47219e-06
-4.07307e-06
-3.69694e-06
-3.34296e-06
-3.01037e-06
-2.69827e-06
-2.40596e-06
-2.13247e-06
-1.87712e-06
-1.63896e-06
-1.41724e-06
-1.21112e-06
-1.01979e-06
-8.42413e-07
-6.78233e-07
-5.26395e-07
-3.86163e-07
-2.56735e-07
-1.37314e-07
-2.71847e-08
7.44485e-08
1.68335e-07
2.55192e-07
3.35839e-07
4.10944e-07
4.81653e-07
5.47434e-07
6.13532e-07
6.67596e-07
7.48289e-07
7.54289e-07
9.5192e-07
6.89721e-07
1.4902e-06
1.6709e-08
3.13292e-06
-2.27464e-06
6.90673e-06
-6.41686e-06
1.1101e-05
-7.39933e-06
7.39911e-06
3.95781e-06
-8.41973e-06
2.05964e-05
-1.62707e-05
-2.33281e-05
-2.21668e-05
-2.10432e-05
-1.99564e-05
-1.89061e-05
-1.78918e-05
-1.69129e-05
-1.5969e-05
-1.50596e-05
-1.41841e-05
-1.33421e-05
-1.25331e-05
-1.17564e-05
-1.10116e-05
-1.0298e-05
-9.61518e-06
-8.96241e-06
-8.33912e-06
-7.74467e-06
-7.1784e-06
-6.63964e-06
-6.12772e-06
-5.64189e-06
-5.18149e-06
-4.74572e-06
-4.33389e-06
-3.94519e-06
-3.57889e-06
-3.23416e-06
-2.91027e-06
-2.60633e-06
-2.32168e-06
-2.05535e-06
-1.80668e-06
-1.57476e-06
-1.35885e-06
-1.15813e-06
-9.71803e-07
-7.99077e-07
-6.39198e-07
-4.91333e-07
-3.54776e-07
-2.28729e-07
-1.12434e-07
-5.18033e-09
9.38043e-08
1.85241e-07
2.69857e-07
3.48405e-07
4.21598e-07
4.90488e-07
5.54624e-07
6.19086e-07
6.71794e-07
7.50725e-07
7.56225e-07
9.50424e-07
6.91738e-07
1.48072e-06
2.62128e-08
3.10457e-06
-2.24364e-06
6.84775e-06
-6.3627e-06
1.1034e-05
-7.37206e-06
7.40027e-06
3.89081e-06
-8.30403e-06
2.04413e-05
-1.60295e-05
-2.26828e-05
-2.15515e-05
-2.0457e-05
-1.93985e-05
-1.83757e-05
-1.73879e-05
-1.64348e-05
-1.55158e-05
-1.46304e-05
-1.37782e-05
-1.29586e-05
-1.21712e-05
-1.14153e-05
-1.06904e-05
-9.99604e-06
-9.33156e-06
-8.69639e-06
-8.08992e-06
-7.51155e-06
-6.96061e-06
-6.43645e-06
-5.93841e-06
-5.46579e-06
-5.0179e-06
-4.59399e-06
-4.19337e-06
-3.81526e-06
-3.45894e-06
-3.12361e-06
-2.80857e-06
-2.51292e-06
-2.23604e-06
-1.97698e-06
-1.73511e-06
-1.50953e-06
-1.29952e-06
-1.10429e-06
-9.23051e-07
-7.55047e-07
-5.99537e-07
-4.5571e-07
-3.22886e-07
-2.00275e-07
-8.71569e-08
1.71755e-08
1.13468e-07
2.02416e-07
2.84753e-07
3.6117e-07
4.32418e-07
4.9946e-07
5.61922e-07
6.2472e-07
6.76049e-07
7.53178e-07
7.58191e-07
9.48835e-07
6.93852e-07
1.47086e-06
3.61944e-08
3.07503e-06
-2.21124e-06
6.78643e-06
-6.30649e-06
1.09647e-05
-7.34445e-06
7.40164e-06
3.82208e-06
-8.18798e-06
2.02862e-05
-1.5787e-05
-2.20264e-05
-2.09257e-05
-1.98609e-05
-1.88313e-05
-1.78364e-05
-1.68757e-05
-1.59488e-05
-1.50552e-05
-1.41944e-05
-1.33658e-05
-1.2569e-05
-1.18035e-05
-1.10688e-05
-1.03642e-05
-9.6893e-06
-9.0435e-06
-8.42621e-06
-7.83684e-06
-7.2748e-06
-6.73943e-06
-6.23011e-06
-5.74618e-06
-5.28696e-06
-4.85178e-06
-4.43991e-06
-4.05068e-06
-3.68332e-06
-3.33715e-06
-3.01137e-06
-2.7053e-06
-2.41808e-06
-2.14909e-06
-1.89742e-06
-1.66244e-06
-1.4433e-06
-1.23927e-06
-1.04962e-06
-8.7355e-07
-7.10342e-07
-5.59268e-07
-4.19541e-07
-2.90508e-07
-1.71387e-07
-6.14933e-08
3.98729e-08
1.33432e-07
2.19853e-07
2.99875e-07
3.74127e-07
4.43399e-07
5.08564e-07
5.69325e-07
6.30431e-07
6.8036e-07
7.55644e-07
7.60186e-07
9.47149e-07
6.96067e-07
1.46058e-06
4.66745e-08
3.04428e-06
-2.1774e-06
6.7227e-06
-6.24824e-06
1.08933e-05
-7.31663e-06
7.40334e-06
3.75159e-06
-8.07198e-06
2.0132e-05
-1.55443e-05
-2.13591e-05
-2.02897e-05
-1.92552e-05
-1.8255e-05
-1.72886e-05
-1.63555e-05
-1.54553e-05
-1.45875e-05
-1.37516e-05
-1.29471e-05
-1.21735e-05
-1.14303e-05
-1.0717e-05
-1.00331e-05
-9.37795e-06
-8.75112e-06
-8.15199e-06
-7.57999e-06
-7.03452e-06
-6.51497e-06
-6.02071e-06
-5.5511e-06
-5.10548e-06
-4.68321e-06
-4.28356e-06
-3.90589e-06
-3.54944e-06
-3.21357e-06
-2.89747e-06
-2.60051e-06
-2.32184e-06
-2.06086e-06
-1.81669e-06
-1.5887e-06
-1.3761e-06
-1.17815e-06
-9.94148e-07
-8.23324e-07
-6.64981e-07
-5.18409e-07
-3.82843e-07
-2.57656e-07
-1.42075e-07
-3.54544e-08
6.29021e-08
1.53687e-07
2.37544e-07
3.15215e-07
3.87271e-07
4.54537e-07
5.17796e-07
5.76828e-07
6.36215e-07
6.84724e-07
7.58121e-07
7.62209e-07
9.45362e-07
6.98388e-07
1.44988e-06
5.76735e-08
3.01227e-06
-2.14208e-06
6.65652e-06
-6.18792e-06
1.08197e-05
-7.28875e-06
7.40547e-06
3.67931e-06
-7.95644e-06
1.99791e-05
-1.53029e-05
-2.06814e-05
-1.96438e-05
-1.86401e-05
-1.76699e-05
-1.67325e-05
-1.58275e-05
-1.49544e-05
-1.41128e-05
-1.33023e-05
-1.25222e-05
-1.17721e-05
-1.10516e-05
-1.03601e-05
-9.69714e-06
-9.06212e-06
-8.45454e-06
-7.87385e-06
-7.31947e-06
-6.79083e-06
-6.28732e-06
-5.80834e-06
-5.35326e-06
-4.92145e-06
-4.51226e-06
-4.12501e-06
-3.75906e-06
-3.41368e-06
-3.08825e-06
-2.78197e-06
-2.49425e-06
-2.22425e-06
-1.97139e-06
-1.73482e-06
-1.51393e-06
-1.30795e-06
-1.11616e-06
-9.37899e-07
-7.72393e-07
-6.18985e-07
-4.76978e-07
-3.4563e-07
-2.24343e-07
-1.12354e-07
-9.05136e-09
8.62531e-08
1.74224e-07
2.55481e-07
3.30767e-07
4.00595e-07
4.65825e-07
5.27152e-07
5.84429e-07
6.4207e-07
6.89139e-07
7.60608e-07
7.6426e-07
9.43469e-07
7.00821e-07
1.43874e-06
6.92116e-08
2.97897e-06
-2.10523e-06
6.58783e-06
-6.12553e-06
1.0744e-05
-7.26096e-06
7.40819e-06
3.6052e-06
-7.84182e-06
1.98284e-05
-1.50641e-05
-1.99933e-05
-1.89882e-05
-1.8016e-05
-1.70762e-05
-1.61682e-05
-1.52918e-05
-1.44463e-05
-1.36314e-05
-1.28466e-05
-1.20913e-05
-1.13652e-05
-1.06677e-05
-9.99832e-06
-9.35658e-06
-8.74195e-06
-8.15391e-06
-7.59191e-06
-7.0554e-06
-6.54382e-06
-6.05658e-06
-5.59309e-06
-5.15275e-06
-4.73492e-06
-4.339e-06
-3.96431e-06
-3.61025e-06
-3.27609e-06
-2.96124e-06
-2.66492e-06
-2.38656e-06
-2.12535e-06
-1.88072e-06
-1.65186e-06
-1.43816e-06
-1.23889e-06
-1.05335e-06
-8.80897e-07
-7.2078e-07
-5.72372e-07
-4.34991e-07
-3.0792e-07
-1.90585e-07
-8.22351e-08
1.77044e-08
1.09916e-07
1.95034e-07
2.73657e-07
3.46524e-07
4.14096e-07
4.77259e-07
5.36628e-07
5.92124e-07
6.47993e-07
6.93603e-07
7.63102e-07
7.66339e-07
9.41467e-07
7.0337e-07
1.42716e-06
8.13085e-08
2.94435e-06
-2.06682e-06
6.5166e-06
-6.06108e-06
1.06663e-05
-7.23344e-06
7.41163e-06
3.52922e-06
-7.72858e-06
1.96806e-05
-1.483e-05
-1.92954e-05
-1.83232e-05
-1.7383e-05
-1.64741e-05
-1.55962e-05
-1.47487e-05
-1.39313e-05
-1.31435e-05
-1.23848e-05
-1.16547e-05
-1.09528e-05
-1.02787e-05
-9.63173e-06
-9.01153e-06
-8.41757e-06
-7.84933e-06
-7.30628e-06
-6.78789e-06
-6.2936e-06
-5.82284e-06
-5.37505e-06
-4.94964e-06
-4.54599e-06
-4.16351e-06
-3.80155e-06
-3.45953e-06
-3.13673e-06
-2.8326e-06
-2.54637e-06
-2.27749e-06
-2.02518e-06
-1.78889e-06
-1.56783e-06
-1.36141e-06
-1.16895e-06
-9.89726e-07
-8.23164e-07
-6.68506e-07
-5.25163e-07
-3.92467e-07
-2.69727e-07
-1.56395e-07
-5.1732e-08
4.48013e-08
1.3388e-07
2.16108e-07
2.92063e-07
3.62479e-07
4.27765e-07
4.88834e-07
5.46219e-07
5.99908e-07
6.5398e-07
6.98114e-07
7.656e-07
7.68446e-07
9.39352e-07
7.06039e-07
1.41512e-06
9.39838e-08
2.90836e-06
-2.0268e-06
6.44279e-06
-5.99456e-06
1.05866e-05
-7.2064e-06
7.41599e-06
3.4513e-06
-7.61722e-06
1.95365e-05
-1.46025e-05
-1.85879e-05
-1.76492e-05
-1.67415e-05
-1.58641e-05
-1.50166e-05
-1.41985e-05
-1.34096e-05
-1.26492e-05
-1.1917e-05
-1.12125e-05
-1.05352e-05
-9.88469e-06
-9.2605e-06
-8.66214e-06
-8.08913e-06
-7.54095e-06
-7.0171e-06
-6.51705e-06
-6.04027e-06
-5.58621e-06
-5.15432e-06
-4.74402e-06
-4.35472e-06
-3.98586e-06
-3.63679e-06
-3.30696e-06
-2.99567e-06
-2.70238e-06
-2.42636e-06
-2.16708e-06
-1.92378e-06
-1.69593e-06
-1.48277e-06
-1.28373e-06
-1.09815e-06
-9.25329e-07
-7.64727e-07
-6.15595e-07
-4.77377e-07
-3.49425e-07
-2.31069e-07
-1.21788e-07
-2.08575e-08
7.22278e-08
1.58135e-07
2.37437e-07
3.10693e-07
3.78625e-07
4.41598e-07
5.00544e-07
5.55921e-07
6.07779e-07
6.60028e-07
7.02668e-07
7.681e-07
7.70579e-07
9.3712e-07
7.08832e-07
1.4026e-06
1.07255e-07
2.87098e-06
-1.98514e-06
6.36635e-06
-5.92601e-06
1.05051e-05
-7.18006e-06
7.42146e-06
3.37139e-06
-7.50828e-06
1.9397e-05
-1.43839e-05
-1.78711e-05
-1.69665e-05
-1.60917e-05
-1.52462e-05
-1.44296e-05
-1.36414e-05
-1.28813e-05
-1.21488e-05
-1.14434e-05
-1.07648e-05
-1.01125e-05
-9.48594e-06
-8.8848e-06
-8.30856e-06
-7.75675e-06
-7.22889e-06
-6.72448e-06
-6.243e-06
-5.78395e-06
-5.34679e-06
-4.93099e-06
-4.53599e-06
-4.16122e-06
-3.80613e-06
-3.4701e-06
-3.1526e-06
-2.85295e-06
-2.57064e-06
-2.30495e-06
-2.05539e-06
-1.8212e-06
-1.60189e-06
-1.39673e-06
-1.20514e-06
-1.02653e-06
-8.60182e-07
-7.05609e-07
-5.62067e-07
-4.29036e-07
-3.05881e-07
-1.91961e-07
-8.67789e-08
1.03752e-08
9.99723e-08
1.82671e-07
2.59012e-07
3.29537e-07
3.94955e-07
4.55588e-07
5.12384e-07
5.65729e-07
6.15732e-07
6.66135e-07
7.07264e-07
7.706e-07
7.72737e-07
9.34767e-07
7.11752e-07
1.3896e-06
1.21139e-07
2.83217e-06
-1.9418e-06
6.28726e-06
-5.85545e-06
1.04218e-05
-7.15467e-06
7.42826e-06
3.28939e-06
-7.40231e-06
1.9263e-05
-1.41768e-05
-1.71453e-05
-1.62753e-05
-1.54339e-05
-1.46208e-05
-1.38355e-05
-1.30777e-05
-1.23468e-05
-1.16425e-05
-1.09644e-05
-1.0312e-05
-9.68484e-06
-9.0826e-06
-8.50478e-06
-7.95093e-06
-7.42059e-06
-6.91328e-06
-6.42854e-06
-5.96585e-06
-5.52474e-06
-5.10468e-06
-4.70515e-06
-4.32562e-06
-3.96554e-06
-3.62438e-06
-3.30154e-06
-2.99651e-06
-2.70864e-06
-2.43743e-06
-2.1822e-06
-1.94245e-06
-1.71748e-06
-1.5068e-06
-1.30972e-06
-1.12568e-06
-9.54107e-07
-7.94313e-07
-6.45835e-07
-5.07947e-07
-3.80159e-07
-2.61856e-07
-1.52421e-07
-5.13825e-08
4.19529e-08
1.28023e-07
2.07478e-07
2.80824e-07
3.48587e-07
4.11462e-07
4.69729e-07
5.2435e-07
5.7564e-07
6.23763e-07
6.72296e-07
7.11899e-07
7.73096e-07
7.74921e-07
9.3229e-07
7.14806e-07
1.3761e-06
1.35666e-07
2.79189e-06
-1.8967e-06
6.20539e-06
-5.78278e-06
1.03368e-05
-7.13032e-06
7.43653e-06
3.20523e-06
-7.29972e-06
1.91351e-05
-1.39838e-05
-1.64109e-05
-1.55759e-05
-1.47685e-05
-1.39882e-05
-1.32347e-05
-1.25075e-05
-1.18062e-05
-1.11305e-05
-1.04799e-05
-9.85407e-06
-9.25251e-06
-8.67483e-06
-8.12061e-06
-7.58941e-06
-7.08078e-06
-6.59427e-06
-6.12941e-06
-5.68573e-06
-5.26275e-06
-4.85997e-06
-4.4769e-06
-4.11301e-06
-3.76778e-06
-3.44071e-06
-3.1312e-06
-2.83878e-06
-2.5628e-06
-2.30282e-06
-2.05814e-06
-1.82832e-06
-1.61267e-06
-1.41071e-06
-1.2218e-06
-1.04538e-06
-8.80924e-07
-7.27749e-07
-5.85431e-07
-4.53255e-07
-3.30766e-07
-2.17366e-07
-1.12464e-07
-1.56137e-08
7.38622e-08
1.56368e-07
2.32544e-07
3.02864e-07
3.67836e-07
4.28138e-07
4.84015e-07
5.36435e-07
5.85647e-07
6.3187e-07
6.78508e-07
7.16572e-07
7.75587e-07
7.77131e-07
9.29681e-07
7.18007e-07
1.36207e-06
1.50895e-07
2.75e-06
-1.84965e-06
6.12049e-06
-5.70768e-06
1.02496e-05
-7.10685e-06
7.44624e-06
3.11878e-06
-7.20066e-06
1.90136e-05
-1.3807e-05
-1.56682e-05
-1.48687e-05
-1.40957e-05
-1.33487e-05
-1.26273e-05
-1.19312e-05
-1.12599e-05
-1.06131e-05
-9.99037e-06
-9.39136e-06
-8.81564e-06
-8.26281e-06
-7.73245e-06
-7.22415e-06
-6.73747e-06
-6.27197e-06
-5.82722e-06
-5.40274e-06
-4.99809e-06
-4.61278e-06
-4.24633e-06
-3.89825e-06
-3.56803e-06
-3.25518e-06
-2.95914e-06
-2.67945e-06
-2.4155e-06
-2.16684e-06
-1.93284e-06
-1.71304e-06
-1.5068e-06
-1.31366e-06
-1.133e-06
-9.64277e-07
-8.07008e-07
-6.60519e-07
-5.24422e-07
-3.98017e-07
-2.8088e-07
-1.72432e-07
-7.21085e-08
2.05122e-08
1.0609e-07
1.84995e-07
2.57859e-07
3.25121e-07
3.87274e-07
4.44978e-07
4.9844e-07
5.48634e-07
5.95748e-07
6.40047e-07
6.84769e-07
7.21278e-07
7.7807e-07
7.79364e-07
9.26943e-07
7.21341e-07
1.34754e-06
1.66772e-07
2.70663e-06
-1.80087e-06
6.03291e-06
-5.63076e-06
1.01611e-05
-7.08528e-06
7.45821e-06
3.02982e-06
-7.10622e-06
1.89004e-05
-1.36506e-05
-1.49176e-05
-1.41541e-05
-1.34159e-05
-1.27025e-05
-1.20137e-05
-1.13489e-05
-1.0708e-05
-1.00904e-05
-9.4959e-06
-8.92403e-06
-8.37443e-06
-7.84671e-06
-7.34047e-06
-6.85531e-06
-6.3908e-06
-5.94654e-06
-5.52209e-06
-5.11702e-06
-4.73088e-06
-4.36321e-06
-4.01355e-06
-3.68143e-06
-3.36636e-06
-3.06787e-06
-2.78543e-06
-2.5186e-06
-2.26679e-06
-2.02958e-06
-1.80634e-06
-1.59667e-06
-1.39993e-06
-1.21568e-06
-1.04335e-06
-8.82404e-07
-7.32391e-07
-5.92651e-07
-4.62834e-07
-3.42256e-07
-2.30521e-07
-1.27073e-07
-3.13715e-08
5.69792e-08
1.38621e-07
2.13891e-07
2.83412e-07
3.47586e-07
4.06894e-07
4.61972e-07
5.12996e-07
5.60942e-07
6.05936e-07
6.48291e-07
6.91076e-07
7.26012e-07
7.80552e-07
7.81595e-07
9.24128e-07
7.24686e-07
1.33276e-06
1.82741e-07
2.66283e-06
-1.75222e-06
5.94566e-06
-5.55635e-06
1.00768e-05
-7.07107e-06
7.47609e-06
2.9385e-06
-7.02158e-06
1.88041e-05
-1.35252e-05
-1.4175e-05
-1.34472e-05
-1.27434e-05
-1.20634e-05
-1.14068e-05
-1.07731e-05
-1.01622e-05
-9.57361e-06
-9.007e-06
-8.462e-06
-7.93824e-06
-7.43536e-06
-6.95298e-06
-6.4907e-06
-6.04813e-06
-5.62487e-06
-5.2205e-06
-4.83461e-06
-4.46677e-06
-4.11654e-06
-3.78348e-06
-3.46714e-06
-3.16704e-06
-2.88276e-06
-2.61376e-06
-2.35964e-06
-2.11983e-06
-1.89392e-06
-1.68133e-06
-1.48166e-06
-1.29431e-06
-1.11886e-06
-9.54761e-07
-8.01496e-07
-6.58654e-07
-5.25585e-07
-4.01974e-07
-2.87153e-07
-1.80757e-07
-8.225e-08
8.88334e-09
9.3014e-08
1.70766e-07
2.42444e-07
3.0866e-07
3.69783e-07
4.26278e-07
4.78761e-07
5.27375e-07
5.73097e-07
6.15995e-07
6.56426e-07
6.97295e-07
7.30672e-07
7.82982e-07
7.83772e-07
9.2131e-07
7.27928e-07
1.31816e-06
1.98249e-07
2.61996e-06
-1.70558e-06
5.86201e-06
-5.48819e-06
1.00012e-05
-7.06755e-06
7.50166e-06
2.84677e-06
-6.95157e-06
1.87319e-05
-1.34391e-05
-1.3434e-05
-1.27418e-05
-1.20725e-05
-1.14258e-05
-1.08014e-05
-1.01988e-05
-9.61786e-06
-9.05817e-06
-8.5194e-06
-8.00122e-06
-7.50326e-06
-7.02517e-06
-6.56659e-06
-6.12715e-06
-5.70646e-06
-5.30414e-06
-4.9198e-06
-4.55304e-06
-4.20345e-06
-3.87061e-06
-3.55411e-06
-3.2535e-06
-2.96834e-06
-2.69821e-06
-2.44262e-06
-2.20117e-06
-1.97332e-06
-1.75869e-06
-1.55671e-06
-1.36702e-06
-1.18903e-06
-1.02234e-06
-8.66448e-07
-7.20841e-07
-5.85146e-07
-4.58728e-07
-3.41303e-07
-2.32223e-07
-1.31148e-07
-3.75673e-08
4.90122e-08
1.28936e-07
2.0281e-07
2.70907e-07
3.33829e-07
3.91909e-07
4.456e-07
4.95495e-07
5.41706e-07
5.8521e-07
6.26016e-07
6.64529e-07
7.03477e-07
7.35324e-07
7.85333e-07
7.86048e-07
9.18159e-07
7.31805e-07
1.3021e-06
2.16412e-07
2.57217e-06
-1.65122e-06
5.76693e-06
-5.40616e-06
9.91077e-06
-7.05319e-06
7.52221e-06
2.75129e-06
-6.87499e-06
1.86505e-05
-1.33559e-05
-1.26717e-05
-1.20162e-05
-1.13824e-05
-1.077e-05
-1.01786e-05
-9.60808e-06
-9.058e-06
-8.52807e-06
-8.01797e-06
-7.52738e-06
-7.05596e-06
-6.60339e-06
-6.16929e-06
-5.75334e-06
-5.35516e-06
-4.97439e-06
-4.61065e-06
-4.26356e-06
-3.93275e-06
-3.61779e-06
-3.31831e-06
-3.03388e-06
-2.76407e-06
-2.5085e-06
-2.26669e-06
-2.03827e-06
-1.82271e-06
-1.61967e-06
-1.42861e-06
-1.24916e-06
-1.0808e-06
-9.23123e-07
-7.75668e-07
-6.37933e-07
-5.09587e-07
-3.90005e-07
-2.78939e-07
-1.75759e-07
-8.01553e-08
8.36226e-09
9.02606e-08
1.6586e-07
2.35747e-07
3.00163e-07
3.59698e-07
4.14649e-07
4.65459e-07
5.12691e-07
5.56433e-07
5.97653e-07
6.3631e-07
6.72849e-07
7.09814e-07
7.401e-07
7.87696e-07
7.88437e-07
9.14699e-07
7.36149e-07
1.2847e-06
2.36614e-07
2.52012e-06
-1.59107e-06
5.66296e-06
-5.31522e-06
9.81157e-06
-7.03596e-06
7.54353e-06
2.65002e-06
-6.79787e-06
1.85707e-05
-1.32874e-05
-1.18876e-05
-1.12699e-05
-1.06727e-05
-1.00956e-05
-9.53835e-06
-9.00072e-06
-8.4824e-06
-7.98309e-06
-7.50249e-06
-7.04029e-06
-6.59618e-06
-6.16984e-06
-5.76093e-06
-5.36913e-06
-4.99409e-06
-4.63548e-06
-4.29292e-06
-3.96606e-06
-3.65454e-06
-3.35797e-06
-3.07598e-06
-2.80818e-06
-2.55416e-06
-2.31355e-06
-2.0859e-06
-1.87086e-06
-1.66795e-06
-1.47682e-06
-1.29697e-06
-1.12806e-06
-9.69585e-07
-8.2117e-07
-6.82384e-07
-5.52741e-07
-4.31944e-07
-3.19388e-07
-2.14855e-07
-1.1774e-07
-2.77574e-08
5.55565e-08
1.32644e-07
2.03801e-07
2.6959e-07
3.30224e-07
3.86278e-07
4.38014e-07
4.85862e-07
5.30357e-07
5.71561e-07
6.10433e-07
6.46879e-07
6.81388e-07
7.16312e-07
7.44993e-07
7.90091e-07
7.9089e-07
9.11037e-07
7.40716e-07
1.26642e-06
2.57893e-07
2.46549e-06
-1.52795e-06
5.55432e-06
-5.22112e-06
9.71023e-06
-7.02229e-06
7.56957e-06
2.54339e-06
-6.72637e-06
1.85023e-05
-1.32449e-05
-1.10815e-05
-1.05028e-05
-9.94313e-06
-9.40238e-06
-8.88025e-06
-8.3765e-06
-7.89085e-06
-7.42303e-06
-6.97276e-06
-6.53976e-06
-6.12372e-06
-5.72435e-06
-5.34134e-06
-4.97437e-06
-4.62312e-06
-4.28727e-06
-3.96648e-06
-3.66041e-06
-3.36872e-06
-3.09105e-06
-2.82703e-06
-2.57632e-06
-2.33852e-06
-2.11328e-06
-1.90018e-06
-1.6989e-06
-1.50897e-06
-1.33008e-06
-1.16174e-06
-1.00366e-06
-8.55344e-07
-7.16443e-07
-5.86563e-07
-4.6523e-07
-3.52189e-07
-2.46851e-07
-1.49029e-07
-5.81436e-08
2.60652e-08
1.04033e-07
1.7618e-07
2.42772e-07
3.04352e-07
3.611e-07
4.13579e-07
4.62011e-07
5.06817e-07
5.48499e-07
5.87095e-07
6.23553e-07
6.57728e-07
6.90148e-07
7.22971e-07
7.50002e-07
7.92523e-07
7.93391e-07
9.072e-07
7.45439e-07
1.24738e-06
2.80069e-07
2.4085e-06
-1.46213e-06
5.44115e-06
-5.12382e-06
9.6064e-06
-7.01176e-06
7.59994e-06
2.43135e-06
-6.66029e-06
1.84444e-05
-1.32282e-05
-1.02532e-05
-9.71448e-06
-9.19352e-06
-8.69015e-06
-8.20411e-06
-7.73518e-06
-7.28313e-06
-6.84769e-06
-6.4286e-06
-6.0256e-06
-5.63842e-06
-5.26677e-06
-4.91037e-06
-4.56891e-06
-4.24211e-06
-3.92965e-06
-3.63123e-06
-3.34651e-06
-3.07519e-06
-2.81692e-06
-2.57138e-06
-2.33821e-06
-2.11707e-06
-1.90762e-06
-1.70947e-06
-1.52231e-06
-1.34571e-06
-1.17939e-06
-1.02289e-06
-8.75919e-07
-7.38035e-07
-6.08904e-07
-4.88168e-07
-3.75371e-07
-2.70294e-07
-1.72367e-07
-8.14368e-08
3.0511e-09
8.13313e-08
1.5381e-07
2.20882e-07
2.82787e-07
3.40044e-07
3.92802e-07
4.41609e-07
4.86649e-07
5.2833e-07
5.67122e-07
6.03041e-07
6.37017e-07
6.68859e-07
6.99129e-07
7.29796e-07
7.55124e-07
7.94996e-07
7.95924e-07
9.03209e-07
7.50271e-07
1.22763e-06
3.03061e-07
2.34917e-06
-1.39348e-06
5.32292e-06
-5.02236e-06
9.4985e-06
-7.00269e-06
7.6333e-06
2.31395e-06
-6.59836e-06
1.83944e-05
-1.3234e-05
-9.40243e-06
-8.90482e-06
-8.42363e-06
-7.95867e-06
-7.50973e-06
-7.0766e-06
-6.65906e-06
-6.25689e-06
-5.86984e-06
-5.49768e-06
-5.14013e-06
-4.79696e-06
-4.46789e-06
-4.15264e-06
-3.85094e-06
-3.56251e-06
-3.28705e-06
-3.02427e-06
-2.77386e-06
-2.53552e-06
-2.30893e-06
-2.09379e-06
-1.88974e-06
-1.6965e-06
-1.51369e-06
-1.34104e-06
-1.17813e-06
-1.02472e-06
-8.80354e-07
-7.44796e-07
-6.17622e-07
-4.9852e-07
-3.87171e-07
-2.83135e-07
-1.86233e-07
-9.59149e-08
-1.20575e-08
6.58629e-08
1.38058e-07
2.04901e-07
2.66765e-07
3.23858e-07
3.76678e-07
4.25341e-07
4.70378e-07
5.11935e-07
5.50408e-07
5.86233e-07
6.19402e-07
6.50828e-07
6.80275e-07
7.08334e-07
7.36786e-07
7.60357e-07
7.97516e-07
7.98476e-07
8.99087e-07
7.55152e-07
1.20725e-06
3.26724e-07
2.28762e-06
-1.32211e-06
5.19949e-06
-4.91621e-06
9.38547e-06
-6.99384e-06
7.66852e-06
2.19131e-06
-6.5397e-06
1.83502e-05
-1.32588e-05
-8.52893e-06
-8.07359e-06
-7.63325e-06
-7.20776e-06
-6.79692e-06
-6.40056e-06
-6.01849e-06
-5.65048e-06
-5.29634e-06
-4.95583e-06
-4.62872e-06
-4.31479e-06
-4.01377e-06
-3.72544e-06
-3.44951e-06
-3.18574e-06
-2.93386e-06
-2.69358e-06
-2.46465e-06
-2.24676e-06
-2.03963e-06
-1.84297e-06
-1.65648e-06
-1.47988e-06
-1.31281e-06
-1.15504e-06
-1.00618e-06
-8.66006e-07
-7.34107e-07
-6.10256e-07
-4.94072e-07
-3.85261e-07
-2.83544e-07
-1.88499e-07
-9.99831e-08
-1.74727e-08
5.91275e-08
1.30309e-07
1.9626e-07
2.57321e-07
3.1384e-07
3.65997e-07
4.14264e-07
4.58724e-07
4.99892e-07
5.37875e-07
5.73057e-07
6.05835e-07
6.36183e-07
6.6499e-07
6.91978e-07
7.17764e-07
7.43944e-07
7.65697e-07
8.00085e-07
8.01028e-07
8.9486e-07
7.60015e-07
1.18634e-06
3.50877e-07
2.22407e-06
-1.24823e-06
5.07083e-06
-4.80506e-06
9.26644e-06
-6.98412e-06
7.70456e-06
2.0636e-06
-6.48355e-06
1.83096e-05
-1.32986e-05
-7.63258e-06
-7.22064e-06
-6.82224e-06
-6.43727e-06
-6.06555e-06
-5.70694e-06
-5.36126e-06
-5.02833e-06
-4.70795e-06
-4.39994e-06
-4.10407e-06
-3.82015e-06
-3.54793e-06
-3.2872e-06
-3.03772e-06
-2.79926e-06
-2.57156e-06
-2.35438e-06
-2.14747e-06
-1.95057e-06
-1.7634e-06
-1.58572e-06
-1.41723e-06
-1.25769e-06
-1.10678e-06
-9.64273e-07
-8.29823e-07
-7.03226e-07
-5.84109e-07
-4.72268e-07
-3.67356e-07
-2.691e-07
-1.77262e-07
-9.14382e-08
-1.15247e-08
6.29774e-08
1.32135e-07
1.96404e-07
2.55951e-07
3.11082e-07
3.62119e-07
4.09213e-07
4.52809e-07
4.92959e-07
5.30158e-07
5.64476e-07
5.9628e-07
6.25933e-07
6.53387e-07
6.79505e-07
7.0397e-07
7.27419e-07
7.5127e-07
7.71142e-07
8.02709e-07
8.03564e-07
8.90553e-07
7.64794e-07
1.16501e-06
3.75334e-07
2.15872e-06
-1.17208e-06
4.93699e-06
-4.68864e-06
9.14052e-06
-6.9724e-06
7.74024e-06
1.93108e-06
-6.42907e-06
1.82701e-05
-1.33484e-05
-6.71326e-06
-6.34585e-06
-5.99049e-06
-5.64708e-06
-5.3155e-06
-4.99561e-06
-4.68728e-06
-4.39033e-06
-4.1046e-06
-3.82992e-06
-3.56609e-06
-3.31294e-06
-3.07026e-06
-2.83785e-06
-2.6155e-06
-2.40299e-06
-2.2001e-06
-2.0066e-06
-1.82228e-06
-1.64689e-06
-1.4802e-06
-1.32197e-06
-1.17194e-06
-1.0299e-06
-8.9555e-07
-7.68694e-07
-6.4902e-07
-5.36345e-07
-4.30335e-07
-3.30805e-07
-2.3745e-07
-1.50015e-07
-6.83057e-08
8.06378e-09
7.91589e-08
1.45451e-07
2.06978e-07
2.6416e-07
3.17142e-07
3.66193e-07
4.1161e-07
4.53513e-07
4.9232e-07
5.28052e-07
5.61182e-07
5.91741e-07
6.20082e-07
6.4653e-07
6.71016e-07
6.94374e-07
7.16253e-07
7.37299e-07
7.58764e-07
7.76687e-07
8.05389e-07
8.06067e-07
8.86191e-07
7.69422e-07
1.14335e-06
3.99898e-07
2.09182e-06
-1.09394e-06
4.79803e-06
-4.56669e-06
9.00682e-06
-6.95745e-06
7.77426e-06
1.79405e-06
-6.37534e-06
1.82292e-05
-1.34029e-05
-5.7709e-06
-5.44914e-06
-5.13791e-06
-4.83712e-06
-4.5467e-06
-4.26652e-06
-3.99646e-06
-3.7364e-06
-3.48619e-06
-3.24569e-06
-3.01471e-06
-2.79312e-06
-2.58072e-06
-2.37734e-06
-2.18279e-06
-1.99688e-06
-1.81942e-06
-1.6502e-06
-1.48903e-06
-1.3357e-06
-1.18999e-06
-1.05169e-06
-9.20588e-07
-7.96472e-07
-6.79096e-07
-5.68281e-07
-4.63748e-07
-3.65341e-07
-2.72761e-07
-1.85848e-07
-1.04337e-07
-2.79913e-08
4.33401e-08
1.10021e-07
1.7208e-07
2.29958e-07
2.83667e-07
3.33586e-07
3.79842e-07
4.22661e-07
4.6232e-07
4.98904e-07
5.32804e-07
5.64007e-07
5.92967e-07
6.19674e-07
6.44466e-07
6.67628e-07
6.89071e-07
7.09599e-07
7.28827e-07
7.47403e-07
7.66428e-07
7.82331e-07
8.08129e-07
8.08522e-07
8.81795e-07
7.73833e-07
1.12147e-06
4.24367e-07
2.02361e-06
-1.01414e-06
4.65409e-06
-4.43903e-06
8.86447e-06
-6.93798e-06
7.8052e-06
1.65295e-06
-6.32147e-06
1.8184e-05
-1.34561e-05
-4.80551e-06
-4.53052e-06
-4.26448e-06
-4.00737e-06
-3.75911e-06
-3.51961e-06
-3.28879e-06
-3.06653e-06
-2.85271e-06
-2.64722e-06
-2.44991e-06
-2.26064e-06
-2.07926e-06
-1.90563e-06
-1.73956e-06
-1.58091e-06
-1.4295e-06
-1.28515e-06
-1.1477e-06
-1.01695e-06
-8.92737e-07
-7.74865e-07
-6.63141e-07
-5.57392e-07
-4.57401e-07
-3.63015e-07
-2.73992e-07
-1.90199e-07
-1.11376e-07
-3.73859e-08
3.19956e-08
9.69825e-08
1.57684e-07
2.14442e-07
2.67246e-07
3.16506e-07
3.62208e-07
4.04688e-07
4.44055e-07
4.80493e-07
5.14253e-07
5.45389e-07
5.74262e-07
6.00828e-07
6.25515e-07
6.48277e-07
6.69433e-07
6.89228e-07
7.07554e-07
7.2518e-07
7.41691e-07
7.57732e-07
7.74259e-07
7.88068e-07
8.10929e-07
8.10913e-07
8.77387e-07
7.77964e-07
1.09947e-06
4.48535e-07
1.95437e-06
-9.33027e-07
4.50538e-06
-4.30556e-06
8.71266e-06
-6.91273e-06
7.83154e-06
1.50832e-06
-6.2666e-06
1.81312e-05
-1.35021e-05
-3.81713e-06
-3.59002e-06
-3.37026e-06
-3.15786e-06
-2.95277e-06
-2.75492e-06
-2.56426e-06
-2.38071e-06
-2.20416e-06
-2.03452e-06
-1.87167e-06
-1.71551e-06
-1.56589e-06
-1.42271e-06
-1.28581e-06
-1.15506e-06
-1.03032e-06
-9.1144e-07
-7.9827e-07
-6.90656e-07
-5.88445e-07
-4.9148e-07
-3.99598e-07
-3.12653e-07
-2.3046e-07
-1.52894e-07
-7.97479e-08
-1.09158e-08
5.38241e-08
1.14585e-07
1.7155e-07
2.24909e-07
2.7473e-07
3.21328e-07
3.6466e-07
4.05097e-07
4.42603e-07
4.77468e-07
5.09782e-07
5.39687e-07
5.67409e-07
5.9297e-07
6.16695e-07
6.38515e-07
6.58827e-07
6.7755e-07
6.94983e-07
7.1133e-07
7.26464e-07
7.41116e-07
7.54846e-07
7.68283e-07
7.82256e-07
7.93896e-07
8.13791e-07
8.13228e-07
8.72985e-07
7.81753e-07
1.07746e-06
4.7219e-07
1.88439e-06
-8.51013e-07
4.35216e-06
-4.16629e-06
8.55065e-06
-6.88042e-06
7.85167e-06
1.36082e-06
-6.20995e-06
1.80679e-05
-1.35349e-05
-2.80591e-06
-2.62776e-06
-2.45534e-06
-2.28867e-06
-2.12774e-06
-1.97252e-06
-1.82295e-06
-1.67899e-06
-1.54057e-06
-1.40762e-06
-1.28004e-06
-1.15775e-06
-1.04064e-06
-9.28614e-07
-8.21562e-07
-7.19368e-07
-6.21919e-07
-5.29091e-07
-4.40768e-07
-3.5682e-07
-2.77123e-07
-2.01552e-07
-1.29971e-07
-6.22649e-08
1.71751e-09
6.20745e-08
1.18976e-07
1.72502e-07
2.22833e-07
2.7006e-07
3.1432e-07
3.55783e-07
3.94473e-07
4.30677e-07
4.64318e-07
4.95728e-07
5.24849e-07
5.51923e-07
5.77022e-07
6.00244e-07
6.21787e-07
6.41643e-07
6.60102e-07
6.77065e-07
6.92902e-07
7.07493e-07
7.21114e-07
7.33933e-07
7.458e-07
7.57406e-07
7.68289e-07
7.79054e-07
7.90418e-07
7.99811e-07
8.16714e-07
8.15453e-07
8.68606e-07
7.85144e-07
1.05552e-06
4.95124e-07
1.81398e-06
-7.68539e-07
4.19481e-06
-4.02133e-06
8.37781e-06
-6.83983e-06
7.8639e-06
1.21124e-06
-6.15086e-06
1.79906e-05
-1.35485e-05
-1.77206e-06
-1.64394e-06
-1.51989e-06
-1.39997e-06
-1.28418e-06
-1.17252e-06
-1.06497e-06
-9.61495e-07
-8.62059e-07
-7.66614e-07
-6.75093e-07
-5.87436e-07
-5.03565e-07
-4.23403e-07
-3.46869e-07
-2.73873e-07
-2.04331e-07
-1.38146e-07
-7.52285e-08
-1.54805e-08
4.11936e-08
9.48895e-08
1.45712e-07
1.93746e-07
2.39108e-07
2.81869e-07
3.22161e-07
3.60035e-07
3.95634e-07
4.29022e-07
4.60293e-07
4.89592e-07
5.169e-07
5.42477e-07
5.66209e-07
5.88389e-07
6.08937e-07
6.28045e-07
6.45767e-07
6.62155e-07
6.77382e-07
6.91404e-07
7.04479e-07
7.16476e-07
7.27734e-07
7.381e-07
7.47823e-07
7.57034e-07
7.65558e-07
7.74047e-07
7.82018e-07
7.90045e-07
7.98743e-07
8.0581e-07
8.19697e-07
8.17578e-07
8.64263e-07
7.88085e-07
1.03374e-06
5.17131e-07
1.74344e-06
-6.86083e-07
4.03375e-06
-3.87091e-06
8.19365e-06
-6.7898e-06
7.86652e-06
1.06051e-06
-6.08884e-06
1.78961e-05
-1.3537e-05
-7.1585e-07
-6.3881e-07
-5.64157e-07
-4.91969e-07
-4.22283e-07
-3.55116e-07
-2.90479e-07
-2.28366e-07
-1.68758e-07
-1.11635e-07
-5.69564e-08
-4.68678e-09
4.52244e-08
9.28279e-08
1.38179e-07
1.81339e-07
2.22366e-07
2.61326e-07
2.98282e-07
3.33301e-07
3.6645e-07
3.97793e-07
4.27403e-07
4.55336e-07
4.81671e-07
5.06452e-07
5.29771e-07
5.51653e-07
5.72198e-07
5.91445e-07
6.09444e-07
6.26313e-07
6.41992e-07
6.56709e-07
6.70316e-07
6.83065e-07
6.94853e-07
7.05822e-07
7.16005e-07
7.25411e-07
7.34183e-07
7.42245e-07
7.49817e-07
7.56741e-07
7.6332e-07
7.69368e-07
7.75106e-07
7.80628e-07
7.85736e-07
7.91036e-07
7.9603e-07
8.0125e-07
8.07226e-07
8.11888e-07
8.22739e-07
8.19593e-07
8.59968e-07
7.90527e-07
1.01222e-06
5.38012e-07
1.67309e-06
-6.04155e-07
3.8695e-06
-3.7154e-06
7.99782e-06
-6.72929e-06
7.85778e-06
9.09678e-07
-6.02357e-06
1.77811e-05
-1.34952e-05
3.62329e-07
3.87279e-07
4.11548e-07
4.35037e-07
4.57682e-07
4.79441e-07
5.00281e-07
5.2018e-07
5.39133e-07
5.57137e-07
5.74203e-07
5.90344e-07
6.05583e-07
6.19945e-07
6.33457e-07
6.46153e-07
6.58063e-07
6.69225e-07
6.79671e-07
6.8944e-07
6.98568e-07
7.07086e-07
7.15036e-07
7.22442e-07
7.29349e-07
7.35769e-07
7.41757e-07
7.47309e-07
7.52483e-07
7.5729e-07
7.61737e-07
7.65914e-07
7.69719e-07
7.73346e-07
7.76616e-07
7.79735e-07
7.82578e-07
7.85235e-07
7.8772e-07
7.89997e-07
7.92177e-07
7.94153e-07
7.96106e-07
7.97849e-07
7.99649e-07
8.01289e-07
8.02955e-07
8.04711e-07
8.06328e-07
8.08368e-07
8.1032e-07
8.12667e-07
8.15865e-07
8.18043e-07
8.25836e-07
8.21489e-07
8.55727e-07
7.92432e-07
9.91031e-07
5.57579e-07
1.60324e-06
-5.23286e-07
3.70264e-06
-3.55531e-06
7.79015e-06
-6.65741e-06
7.83595e-06
7.59914e-07
-5.955e-06
1.76426e-05
-1.3418e-05
1.46202e-06
1.43389e-06
1.40682e-06
1.38068e-06
1.35537e-06
1.33083e-06
1.30702e-06
1.28387e-06
1.26136e-06
1.23946e-06
1.21816e-06
1.19745e-06
1.17732e-06
1.15777e-06
1.1388e-06
1.12042e-06
1.10262e-06
1.08542e-06
1.06882e-06
1.05282e-06
1.03744e-06
1.02267e-06
1.00852e-06
9.94982e-07
9.82065e-07
9.6975e-07
9.58055e-07
9.46944e-07
9.36434e-07
9.26507e-07
9.17126e-07
9.08353e-07
9.00042e-07
8.92353e-07
8.85076e-07
8.78368e-07
8.72084e-07
8.66261e-07
8.60891e-07
8.55894e-07
8.51348e-07
8.47114e-07
8.43332e-07
8.39788e-07
8.36711e-07
8.33852e-07
8.31363e-07
8.29274e-07
8.27326e-07
8.26037e-07
8.24883e-07
8.2429e-07
8.24655e-07
8.2427e-07
8.28985e-07
8.23259e-07
8.51545e-07
7.93764e-07
9.70228e-07
5.75657e-07
1.53419e-06
-4.44024e-07
3.53385e-06
-3.3913e-06
7.57069e-06
-6.57346e-06
7.7994e-06
6.12471e-07
-5.88333e-06
1.74775e-05
-1.33006e-05
2.58264e-06
2.50051e-06
2.42118e-06
2.34449e-06
2.27036e-06
2.19867e-06
2.12936e-06
2.06236e-06
1.9976e-06
1.93505e-06
1.87466e-06
1.81638e-06
1.7602e-06
1.70609e-06
1.654e-06
1.60394e-06
1.55586e-06
1.50974e-06
1.46557e-06
1.42331e-06
1.38294e-06
1.34442e-06
1.30774e-06
1.27285e-06
1.23972e-06
1.20831e-06
1.17858e-06
1.15048e-06
1.12398e-06
1.09903e-06
1.07555e-06
1.05357e-06
1.03291e-06
1.01368e-06
9.95655e-07
9.78927e-07
9.63338e-07
9.48868e-07
9.3549e-07
9.23076e-07
9.11672e-07
9.01106e-07
8.91477e-07
8.82543e-07
8.74491e-07
8.67045e-07
8.60317e-07
8.54306e-07
8.48723e-07
8.44036e-07
8.39712e-07
8.36115e-07
8.3359e-07
8.30565e-07
8.32181e-07
8.24899e-07
8.47423e-07
7.94497e-07
9.49869e-07
5.92089e-07
1.46624e-06
-3.66922e-07
3.36383e-06
-3.22415e-06
7.33969e-06
-6.47697e-06
7.74658e-06
4.68672e-07
-5.80906e-06
1.72831e-05
-1.31392e-05
3.72354e-06
3.5865e-06
3.45403e-06
3.32595e-06
3.20213e-06
3.08248e-06
2.96688e-06
2.85524e-06
2.74748e-06
2.64354e-06
2.54334e-06
2.44682e-06
2.35393e-06
2.26462e-06
2.17882e-06
2.09648e-06
2.01756e-06
1.94199e-06
1.86973e-06
1.80072e-06
1.73489e-06
1.67219e-06
1.61256e-06
1.55591e-06
1.5022e-06
1.45132e-06
1.40323e-06
1.35783e-06
1.31504e-06
1.27478e-06
1.23694e-06
1.20151e-06
1.16827e-06
1.13729e-06
1.1083e-06
1.08137e-06
1.0563e-06
1.03302e-06
1.01148e-06
9.91512e-07
9.73121e-07
9.56104e-07
9.40519e-07
9.26093e-07
9.12972e-07
9.00853e-07
8.89804e-07
8.79797e-07
8.70508e-07
8.62355e-07
8.548e-07
8.48135e-07
8.42664e-07
8.36924e-07
8.35418e-07
8.26403e-07
8.43359e-07
7.94611e-07
9.29996e-07
6.06737e-07
1.39967e-06
-2.92527e-07
3.19335e-06
-3.05479e-06
7.09762e-06
-6.36773e-06
7.67613e-06
3.29871e-07
-5.73301e-06
1.70572e-05
-1.29302e-05
4.88392e-06
4.69114e-06
4.50469e-06
4.3244e-06
4.15011e-06
3.9817e-06
3.81904e-06
3.66202e-06
3.51054e-06
3.36451e-06
3.22382e-06
3.08841e-06
2.95817e-06
2.83304e-06
2.71294e-06
2.59777e-06
2.48746e-06
2.38193e-06
2.28108e-06
2.18484e-06
2.09311e-06
2.0058e-06
1.9228e-06
1.84402e-06
1.76935e-06
1.69867e-06
1.63189e-06
1.56887e-06
1.5095e-06
1.45367e-06
1.40121e-06
1.35209e-06
1.30603e-06
1.26309e-06
1.22295e-06
1.18563e-06
1.15091e-06
1.11867e-06
1.08882e-06
1.06117e-06
1.03566e-06
1.01208e-06
9.90431e-07
9.70415e-07
9.52133e-07
9.35257e-07
9.19809e-07
9.05733e-07
8.92669e-07
8.80985e-07
8.70136e-07
8.60341e-07
8.5187e-07
8.43341e-07
8.38691e-07
8.2777e-07
8.39348e-07
7.94094e-07
9.10637e-07
6.19487e-07
1.3347e-06
-2.2137e-07
3.0232e-06
-2.88427e-06
6.8452e-06
-6.24583e-06
7.58688e-06
1.9741e-07
-5.65634e-06
1.67977e-05
-1.26709e-05
6.06289e-06
5.81358e-06
5.57238e-06
5.3391e-06
5.11359e-06
4.89568e-06
4.68524e-06
4.48214e-06
4.28625e-06
4.09746e-06
3.91564e-06
3.7407e-06
3.57252e-06
3.41099e-06
3.25601e-06
3.10747e-06
2.96526e-06
2.82926e-06
2.69936e-06
2.57544e-06
2.45737e-06
2.34503e-06
2.23828e-06
2.13699e-06
2.04101e-06
1.95019e-06
1.8644e-06
1.78347e-06
1.70724e-06
1.63557e-06
1.56825e-06
1.5052e-06
1.44613e-06
1.39102e-06
1.33954e-06
1.29165e-06
1.24712e-06
1.20576e-06
1.16747e-06
1.13199e-06
1.09926e-06
1.069e-06
1.04118e-06
1.01548e-06
9.91949e-07
9.70236e-07
9.50311e-07
9.32096e-07
9.15191e-07
8.99913e-07
8.85712e-07
8.72727e-07
8.612e-07
8.49812e-07
8.41993e-07
8.28997e-07
8.35383e-07
7.92939e-07
8.91808e-07
6.30248e-07
1.27157e-06
-1.53952e-07
2.85419e-06
-2.71373e-06
6.58336e-06
-6.11165e-06
7.47793e-06
7.25751e-08
-5.58052e-06
1.65033e-05
-1.23595e-05
7.25942e-06
6.95285e-06
6.65618e-06
6.36922e-06
6.09178e-06
5.82369e-06
5.56479e-06
5.31494e-06
5.074e-06
4.84181e-06
4.61826e-06
4.40319e-06
4.19649e-06
3.99801e-06
3.80763e-06
3.6252e-06
3.45059e-06
3.28366e-06
3.12425e-06
2.97221e-06
2.8274e-06
2.68963e-06
2.55876e-06
2.4346e-06
2.31698e-06
2.20571e-06
2.10061e-06
2.00148e-06
1.90812e-06
1.82036e-06
1.73794e-06
1.66075e-06
1.58844e-06
1.52097e-06
1.45798e-06
1.39936e-06
1.34486e-06
1.29424e-06
1.24737e-06
1.20394e-06
1.16386e-06
1.12682e-06
1.09274e-06
1.06126e-06
1.03239e-06
1.00576e-06
9.8129e-07
9.58867e-07
9.38058e-07
9.19124e-07
9.01514e-07
8.85281e-07
8.70645e-07
8.5633e-07
8.45316e-07
8.30084e-07
8.31455e-07
7.91149e-07
8.73514e-07
6.38955e-07
1.21045e-06
-9.07331e-08
2.68713e-06
-2.54438e-06
6.31325e-06
-5.96589e-06
7.34868e-06
-4.34544e-08
-5.50734e-06
1.6173e-05
-1.19947e-05
8.47235e-06
8.10787e-06
7.75509e-06
7.41379e-06
7.08377e-06
6.76486e-06
6.45689e-06
6.15968e-06
5.87308e-06
5.59692e-06
5.33106e-06
5.07532e-06
4.82956e-06
4.59361e-06
4.36732e-06
4.15053e-06
3.94306e-06
3.74474e-06
3.55539e-06
3.37484e-06
3.20288e-06
3.03933e-06
2.88397e-06
2.73661e-06
2.59703e-06
2.465e-06
2.34031e-06
2.22271e-06
2.11198e-06
2.00789e-06
1.91015e-06
1.8186e-06
1.73287e-06
1.65286e-06
1.57818e-06
1.50866e-06
1.44404e-06
1.38403e-06
1.32844e-06
1.27696e-06
1.22942e-06
1.18549e-06
1.14505e-06
1.10771e-06
1.07343e-06
1.04181e-06
1.01272e-06
9.86024e-07
9.61251e-07
9.38603e-07
9.17528e-07
8.97994e-07
8.80196e-07
8.62889e-07
8.48652e-07
8.3103e-07
8.27551e-07
7.88732e-07
8.55745e-07
6.45571e-07
1.15148e-06
-3.21236e-08
2.52279e-06
-2.3775e-06
6.03618e-06
-5.80957e-06
7.19885e-06
-1.49654e-07
-5.43888e-06
1.58065e-05
-1.15763e-05
9.70038e-06
9.27741e-06
8.86793e-06
8.47171e-06
8.08855e-06
7.71826e-06
7.36064e-06
7.01552e-06
6.68271e-06
6.36205e-06
6.05334e-06
5.75642e-06
5.47111e-06
5.19722e-06
4.93456e-06
4.68295e-06
4.44219e-06
4.21207e-06
3.99239e-06
3.78294e-06
3.58348e-06
3.39379e-06
3.21362e-06
3.04275e-06
2.88091e-06
2.72784e-06
2.58329e-06
2.44697e-06
2.31863e-06
2.19798e-06
2.08471e-06
1.97861e-06
1.87927e-06
1.78654e-06
1.70001e-06
1.61946e-06
1.54458e-06
1.47504e-06
1.41063e-06
1.35097e-06
1.29587e-06
1.24496e-06
1.19808e-06
1.15479e-06
1.11502e-06
1.07835e-06
1.04457e-06
1.01354e-06
9.84748e-07
9.58331e-07
9.33738e-07
9.10851e-07
8.89841e-07
8.69482e-07
8.51994e-07
8.31836e-07
8.23659e-07
7.85702e-07
8.38484e-07
6.50084e-07
1.09477e-06
2.15292e-08
2.36189e-06
-2.21436e-06
5.75364e-06
-5.64399e-06
7.02851e-06
-2.45205e-07
-5.37746e-06
1.54042e-05
-1.1105e-05
1.09421e-05
1.04601e-05
9.99344e-06
9.5418e-06
9.10498e-06
8.68279e-06
8.27503e-06
7.88149e-06
7.502e-06
7.13634e-06
6.78433e-06
6.44577e-06
6.12046e-06
5.80818e-06
5.50874e-06
5.2219e-06
4.94745e-06
4.68516e-06
4.43479e-06
4.19608e-06
3.96878e-06
3.75264e-06
3.54736e-06
3.35269e-06
3.16831e-06
2.99395e-06
2.82929e-06
2.67403e-06
2.52785e-06
2.39045e-06
2.26145e-06
2.14061e-06
2.0275e-06
1.9219e-06
1.82337e-06
1.73164e-06
1.64638e-06
1.56719e-06
1.49384e-06
1.42591e-06
1.36315e-06
1.30517e-06
1.25176e-06
1.20246e-06
1.15713e-06
1.11533e-06
1.07681e-06
1.04139e-06
1.00853e-06
9.78287e-07
9.50129e-07
9.2384e-07
8.9957e-07
8.76101e-07
8.55333e-07
8.32503e-07
8.19765e-07
7.82078e-07
8.21703e-07
6.52509e-07
1.04037e-06
6.99463e-08
2.20512e-06
-2.05621e-06
5.46721e-06
-5.47074e-06
6.83811e-06
-3.29532e-07
-5.32559e-06
1.49671e-05
-1.05821e-05
1.21958e-05
1.16545e-05
1.11302e-05
1.06227e-05
1.01318e-05
9.65727e-06
9.19893e-06
8.75656e-06
8.32994e-06
7.91888e-06
7.52315e-06
7.14254e-06
6.77683e-06
6.42578e-06
6.08917e-06
5.76675e-06
5.45827e-06
5.16346e-06
4.88206e-06
4.61379e-06
4.35836e-06
4.11547e-06
3.88481e-06
3.66607e-06
3.45892e-06
3.26302e-06
3.07803e-06
2.90362e-06
2.7394e-06
2.58506e-06
2.44016e-06
2.30443e-06
2.17739e-06
2.05877e-06
1.94811e-06
1.84508e-06
1.74931e-06
1.66037e-06
1.57798e-06
1.50168e-06
1.43119e-06
1.36606e-06
1.30604e-06
1.25066e-06
1.1997e-06
1.15272e-06
1.1094e-06
1.06954e-06
1.03255e-06
9.98449e-07
9.66678e-07
9.36946e-07
9.09369e-07
8.82738e-07
8.5866e-07
8.33033e-07
8.15857e-07
7.77885e-07
8.05367e-07
6.52885e-07
9.88297e-07
1.12924e-07
2.05305e-06
-1.90426e-06
5.17857e-06
-5.29161e-06
6.62841e-06
-4.02344e-07
-5.2859e-06
1.44966e-05
-1.00102e-05
1.34598e-05
1.28588e-05
1.22766e-05
1.17129e-05
1.11676e-05
1.06404e-05
1.01311e-05
9.63954e-06
9.16545e-06
8.70862e-06
8.26882e-06
7.84581e-06
7.43936e-06
7.04922e-06
6.67512e-06
6.31679e-06
5.97397e-06
5.64635e-06
5.33364e-06
5.03554e-06
4.75171e-06
4.48182e-06
4.22554e-06
3.9825e-06
3.75235e-06
3.53471e-06
3.32921e-06
3.13545e-06
2.95303e-06
2.78157e-06
2.62063e-06
2.46985e-06
2.32874e-06
2.19698e-06
2.07407e-06
1.95963e-06
1.85325e-06
1.75447e-06
1.66294e-06
1.57819e-06
1.49988e-06
1.42754e-06
1.36085e-06
1.29932e-06
1.24269e-06
1.19047e-06
1.14231e-06
1.09796e-06
1.05681e-06
1.01879e-06
9.83366e-07
9.5015e-07
9.19224e-07
8.89383e-07
8.61967e-07
8.33428e-07
8.11921e-07
7.73149e-07
7.89436e-07
6.51274e-07
9.38539e-07
1.50337e-07
1.90618e-06
-1.75963e-06
4.88939e-06
-5.10857e-06
6.40055e-06
-4.63656e-07
-5.26107e-06
1.3995e-05
-9.39236e-06
1.47322e-05
1.40713e-05
1.34309e-05
1.28108e-05
1.22108e-05
1.16307e-05
1.10702e-05
1.05291e-05
1.00073e-05
9.50441e-06
9.02026e-06
8.55458e-06
8.10711e-06
7.67759e-06
7.26573e-06
6.87125e-06
6.49382e-06
6.13315e-06
5.7889e-06
5.46072e-06
5.14827e-06
4.85118e-06
4.56906e-06
4.30154e-06
4.04821e-06
3.80866e-06
3.58246e-06
3.3692e-06
3.16843e-06
2.97972e-06
2.80259e-06
2.63664e-06
2.48135e-06
2.33633e-06
2.20107e-06
2.07513e-06
1.95805e-06
1.84934e-06
1.74861e-06
1.65534e-06
1.56915e-06
1.48952e-06
1.41612e-06
1.34839e-06
1.28602e-06
1.22853e-06
1.17548e-06
1.1266e-06
1.08125e-06
1.03928e-06
1.00017e-06
9.63434e-07
9.29122e-07
8.96027e-07
8.65245e-07
8.33691e-07
8.07945e-07
7.67902e-07
7.73866e-07
6.47759e-07
8.91038e-07
1.82138e-07
1.76491e-06
-1.6233e-06
4.60133e-06
-4.92371e-06
6.15592e-06
-5.138e-07
-5.25376e-06
1.3465e-05
-8.73256e-06
1.60108e-05
1.52899e-05
1.45912e-05
1.39146e-05
1.32597e-05
1.26265e-05
1.20146e-05
1.14239e-05
1.08541e-05
1.0305e-05
9.77628e-06
9.26772e-06
8.77903e-06
8.30992e-06
7.8601e-06
7.42925e-06
7.01703e-06
6.6231e-06
6.24711e-06
5.88869e-06
5.54744e-06
5.22297e-06
4.91486e-06
4.6227e-06
4.34603e-06
4.08442e-06
3.83741e-06
3.60451e-06
3.38527e-06
3.1792e-06
2.98577e-06
2.80456e-06
2.63499e-06
2.47663e-06
2.32893e-06
2.1914e-06
2.06356e-06
1.94485e-06
1.83485e-06
1.733e-06
1.63888e-06
1.55193e-06
1.47175e-06
1.39778e-06
1.32965e-06
1.26684e-06
1.20886e-06
1.15542e-06
1.10583e-06
1.0599e-06
1.01706e-06
9.76777e-07
9.39045e-07
9.02659e-07
8.68485e-07
8.33823e-07
8.03916e-07
7.62179e-07
7.58611e-07
6.42438e-07
8.45712e-07
2.0836e-07
1.62951e-06
-1.49613e-06
4.31597e-06
-4.73916e-06
5.89622e-06
-5.5343e-07
-5.2665e-06
1.29098e-05
-8.03544e-06
1.72933e-05
1.65125e-05
1.57555e-05
1.50223e-05
1.43126e-05
1.36262e-05
1.29628e-05
1.23224e-05
1.17045e-05
1.1109e-05
1.05356e-05
9.98401e-06
9.45396e-06
8.94513e-06
8.45721e-06
7.98984e-06
7.54269e-06
7.11538e-06
6.70752e-06
6.31871e-06
5.94854e-06
5.59657e-06
5.26235e-06
4.94543e-06
4.64533e-06
4.36155e-06
4.09361e-06
3.841e-06
3.60318e-06
3.37966e-06
3.16987e-06
2.97331e-06
2.78939e-06
2.61763e-06
2.45743e-06
2.30826e-06
2.16959e-06
2.04084e-06
1.92153e-06
1.81106e-06
1.70896e-06
1.61464e-06
1.52766e-06
1.44742e-06
1.37348e-06
1.30533e-06
1.24241e-06
1.18437e-06
1.13053e-06
1.0806e-06
1.03401e-06
9.90158e-07
9.48977e-07
9.09268e-07
8.71681e-07
8.33828e-07
7.99827e-07
7.56014e-07
7.43627e-07
6.35426e-07
8.02451e-07
2.29106e-07
1.50018e-06
-1.37881e-06
4.03479e-06
-4.55704e-06
5.6233e-06
-5.83503e-07
-5.30164e-06
1.23329e-05
-7.30622e-06
1.85774e-05
1.77367e-05
1.69216e-05
1.61319e-05
1.53673e-05
1.46278e-05
1.3913e-05
1.32227e-05
1.25568e-05
1.19149e-05
1.12967e-05
1.07021e-05
1.01306e-05
9.58203e-06
9.05594e-06
8.552e-06
8.06984e-06
7.60907e-06
7.16927e-06
6.75001e-06
6.35084e-06
5.9713e-06
5.6109e-06
5.26915e-06
4.94554e-06
4.63954e-06
4.35061e-06
4.07822e-06
3.82178e-06
3.58076e-06
3.35454e-06
3.1426e-06
2.94428e-06
2.75907e-06
2.58633e-06
2.42549e-06
2.27597e-06
2.13714e-06
2.00848e-06
1.88936e-06
1.77926e-06
1.67755e-06
1.58374e-06
1.49721e-06
1.41746e-06
1.34394e-06
1.27606e-06
1.21341e-06
1.1553e-06
1.10135e-06
1.05099e-06
1.00355e-06
9.58899e-07
9.15841e-07
8.74822e-07
8.33709e-07
7.95671e-07
7.49445e-07
7.28872e-07
6.26847e-07
7.61128e-07
2.44552e-07
1.37697e-06
-1.27185e-06
3.75912e-06
-4.37938e-06
5.3392e-06
-6.05257e-07
-5.36124e-06
1.17381e-05
-6.5506e-06
1.98602e-05
1.896e-05
1.8087e-05
1.72409e-05
1.64217e-05
1.56292e-05
1.48631e-05
1.41232e-05
1.34092e-05
1.2721e-05
1.20582e-05
1.14206e-05
1.08077e-05
1.02193e-05
9.65509e-06
9.11458e-06
8.59742e-06
8.10318e-06
7.63143e-06
7.1817e-06
6.75352e-06
6.34639e-06
5.9598e-06
5.59321e-06
5.24607e-06
4.91782e-06
4.6079e-06
4.3157e-06
4.04063e-06
3.78209e-06
3.53943e-06
3.31207e-06
3.09935e-06
2.90068e-06
2.71539e-06
2.54285e-06
2.38246e-06
2.23355e-06
2.09553e-06
1.96775e-06
1.84964e-06
1.74053e-06
1.63989e-06
1.54705e-06
1.46148e-06
1.38259e-06
1.30973e-06
1.24247e-06
1.18008e-06
1.1221e-06
1.06797e-06
1.01693e-06
9.68791e-07
9.22365e-07
8.77901e-07
8.33469e-07
7.91441e-07
7.42512e-07
7.14308e-07
6.16838e-07
7.21607e-07
2.54929e-07
1.25988e-06
-1.17557e-06
3.49011e-06
-4.20807e-06
5.04601e-06
-6.20166e-07
-5.44701e-06
1.11295e-05
-5.77461e-06
2.11389e-05
2.01796e-05
1.9249e-05
1.83471e-05
1.74735e-05
1.66283e-05
1.58111e-05
1.50217e-05
1.426e-05
1.35256e-05
1.28183e-05
1.21378e-05
1.14837e-05
1.08556e-05
1.02533e-05
9.67636e-06
9.12427e-06
8.59664e-06
8.09299e-06
7.61286e-06
7.15572e-06
6.72105e-06
6.30829e-06
5.9169e-06
5.54627e-06
5.19581e-06
4.8649e-06
4.55293e-06
4.25924e-06
3.9832e-06
3.72412e-06
3.48138e-06
3.25427e-06
3.04214e-06
2.84431e-06
2.6601e-06
2.48885e-06
2.32986e-06
2.1825e-06
2.04607e-06
1.91995e-06
1.80345e-06
1.69598e-06
1.59684e-06
1.50545e-06
1.42119e-06
1.34337e-06
1.27149e-06
1.20482e-06
1.14282e-06
1.0849e-06
1.03026e-06
9.78634e-07
9.28826e-07
8.80911e-07
8.33114e-07
7.87137e-07
7.35254e-07
6.99906e-07
6.05538e-07
6.83744e-07
2.60523e-07
1.1488e-06
-1.09011e-06
3.22872e-06
-4.0448e-06
4.74585e-06
-6.29895e-07
-5.56026e-06
1.05111e-05
-4.98453e-06
2.24104e-05
2.13926e-05
2.0405e-05
1.94475e-05
1.85201e-05
1.76226e-05
1.67547e-05
1.59162e-05
1.5107e-05
1.43268e-05
1.35752e-05
1.2852e-05
1.21569e-05
1.14894e-05
1.08493e-05
1.0236e-05
9.64914e-06
9.08826e-06
8.55287e-06
8.04245e-06
7.55647e-06
7.09437e-06
6.65556e-06
6.23945e-06
5.84542e-06
5.47283e-06
5.12103e-06
4.78935e-06
4.47711e-06
4.18363e-06
3.90819e-06
3.65012e-06
3.40866e-06
3.18313e-06
2.97281e-06
2.77696e-06
2.59488e-06
2.42585e-06
2.26917e-06
2.12412e-06
1.99002e-06
1.86616e-06
1.75188e-06
1.64647e-06
1.54928e-06
1.45965e-06
1.37688e-06
1.30041e-06
1.22946e-06
1.16345e-06
1.10176e-06
1.04352e-06
9.88403e-07
9.3521e-07
8.83844e-07
8.32646e-07
7.8276e-07
7.27713e-07
6.8564e-07
5.93093e-07
6.47399e-07
2.61665e-07
1.04354e-06
-1.01543e-06
2.97573e-06
-3.89103e-06
4.44085e-06
-6.36238e-07
-5.70183e-06
9.88681e-06
-4.18673e-06
2.36715e-05
2.25958e-05
2.15518e-05
2.05396e-05
1.95588e-05
1.86095e-05
1.76914e-05
1.68043e-05
1.59481e-05
1.51224e-05
1.4327e-05
1.35615e-05
1.28257e-05
1.21191e-05
1.14414e-05
1.0792e-05
1.01707e-05
9.57679e-06
9.00987e-06
8.46938e-06
7.95476e-06
7.4654e-06
7.00071e-06
6.56005e-06
6.14277e-06
5.74818e-06
5.37561e-06
5.02436e-06
4.69368e-06
4.38287e-06
4.09117e-06
3.81785e-06
3.56213e-06
3.32329e-06
3.10054e-06
2.89312e-06
2.70029e-06
2.52127e-06
2.35533e-06
2.20171e-06
2.05968e-06
1.92849e-06
1.80744e-06
1.69579e-06
1.59284e-06
1.49789e-06
1.4102e-06
1.32914e-06
1.25394e-06
1.18394e-06
1.11849e-06
1.05668e-06
9.98075e-07
9.41502e-07
8.86693e-07
8.32073e-07
7.78313e-07
7.19932e-07
6.71496e-07
5.79651e-07
6.1244e-07
2.58717e-07
9.43889e-07
-9.51318e-07
2.73172e-06
-3.74795e-06
4.13301e-06
-6.41053e-07
-5.87205e-06
9.26048e-06
-3.38754e-06
2.49185e-05
2.37858e-05
2.26864e-05
2.162e-05
2.05867e-05
1.95863e-05
1.86187e-05
1.76836e-05
1.67809e-05
1.59103e-05
1.50715e-05
1.42642e-05
1.34881e-05
1.27428e-05
1.20279e-05
1.13429e-05
1.06874e-05
1.00609e-05
9.46273e-06
8.89246e-06
8.34946e-06
7.83311e-06
7.34278e-06
6.8778e-06
6.43747e-06
6.0211e-06
5.62795e-06
5.25729e-06
4.90834e-06
4.58036e-06
4.27254e-06
3.98411e-06
3.71426e-06
3.46221e-06
3.22715e-06
3.00826e-06
2.80477e-06
2.61585e-06
2.44074e-06
2.27862e-06
2.12873e-06
1.99028e-06
1.86252e-06
1.74468e-06
1.63601e-06
1.53578e-06
1.44321e-06
1.35761e-06
1.2782e-06
1.20424e-06
1.13505e-06
1.06969e-06
1.00763e-06
9.47686e-07
8.89451e-07
8.314e-07
7.73806e-07
7.11953e-07
6.57468e-07
5.65362e-07
5.78749e-07
2.5207e-07
8.49577e-07
-8.9742e-07
2.4971e-06
-3.61645e-06
3.82426e-06
-6.46193e-07
-6.07075e-06
8.63563e-06
-2.59318e-06
2.61477e-05
2.49592e-05
2.38052e-05
2.26857e-05
2.16007e-05
2.055e-05
1.95336e-05
1.85513e-05
1.76028e-05
1.6688e-05
1.58065e-05
1.4958e-05
1.41423e-05
1.33588e-05
1.26072e-05
1.1887e-05
1.11978e-05
1.0539e-05
9.91006e-06
9.31039e-06
8.73938e-06
8.19639e-06
7.68074e-06
7.19173e-06
6.72865e-06
6.29075e-06
5.87728e-06
5.48744e-06
5.12045e-06
4.7755e-06
4.45175e-06
4.1484e-06
3.86459e-06
3.59949e-06
3.35226e-06
3.12205e-06
2.90802e-06
2.70932e-06
2.52514e-06
2.35462e-06
2.19696e-06
2.05134e-06
1.91695e-06
1.79299e-06
1.67868e-06
1.57323e-06
1.47583e-06
1.38574e-06
1.30216e-06
1.22429e-06
1.1514e-06
1.08251e-06
1.01703e-06
9.53745e-07
8.92111e-07
8.30634e-07
7.69248e-07
7.03824e-07
6.43562e-07
5.50376e-07
5.46227e-07
2.42129e-07
7.60324e-07
-8.53235e-07
2.27211e-06
-3.49712e-06
3.51639e-06
-6.53437e-07
-6.29722e-06
8.01546e-06
-1.8096e-06
2.73552e-05
2.6112e-05
2.49046e-05
2.37331e-05
2.25974e-05
2.14976e-05
2.04334e-05
1.94047e-05
1.84113e-05
1.7453e-05
1.65296e-05
1.56407e-05
1.47859e-05
1.39649e-05
1.31773e-05
1.24226e-05
1.17002e-05
1.10097e-05
1.03504e-05
9.72182e-06
9.12326e-06
8.55404e-06
8.01347e-06
7.50082e-06
7.01534e-06
6.55626e-06
6.12277e-06
5.71407e-06
5.32931e-06
4.96765e-06
4.62822e-06
4.31018e-06
4.01262e-06
3.73468e-06
3.47547e-06
3.2341e-06
3.00969e-06
2.80136e-06
2.60825e-06
2.42946e-06
2.26416e-06
2.11146e-06
1.97055e-06
1.84057e-06
1.72069e-06
1.61009e-06
1.50794e-06
1.41344e-06
1.32574e-06
1.24401e-06
1.16747e-06
1.09512e-06
1.02625e-06
9.59662e-07
8.94668e-07
8.29784e-07
7.64655e-07
6.95592e-07
6.29794e-07
5.34844e-07
5.14795e-07
2.29316e-07
6.75848e-07
-8.1815e-07
2.05687e-06
-3.39025e-06
3.21102e-06
-6.64416e-07
-6.55023e-06
7.4028e-06
-1.04239e-06
2.85367e-05
2.72402e-05
2.59808e-05
2.47585e-05
2.35735e-05
2.24255e-05
2.13146e-05
2.02406e-05
1.92034e-05
1.82027e-05
1.72382e-05
1.63097e-05
1.54168e-05
1.45591e-05
1.37362e-05
1.29476e-05
1.21927e-05
1.14712e-05
1.07822e-05
1.01253e-05
9.49971e-06
8.90478e-06
8.33979e-06
7.80397e-06
7.29653e-06
6.81667e-06
6.36357e-06
5.93636e-06
5.53417e-06
5.15613e-06
4.80133e-06
4.46887e-06
4.15782e-06
3.86729e-06
3.59632e-06
3.34401e-06
3.10943e-06
2.89165e-06
2.68977e-06
2.50288e-06
2.33007e-06
2.17044e-06
2.02312e-06
1.88723e-06
1.76189e-06
1.64625e-06
1.53943e-06
1.4406e-06
1.34886e-06
1.26335e-06
1.18323e-06
1.10746e-06
1.03526e-06
9.65419e-07
8.97115e-07
8.28859e-07
7.60046e-07
6.87306e-07
6.16189e-07
5.18916e-07
4.84401e-07
2.14054e-07
5.95881e-07
-7.91454e-07
1.85139e-06
-3.29583e-06
2.90966e-06
-6.80555e-07
-6.82807e-06
6.8001e-06
-2.96647e-07
2.96878e-05
2.83395e-05
2.70296e-05
2.57581e-05
2.4525e-05
2.33304e-05
2.21741e-05
2.1056e-05
1.99761e-05
1.8934e-05
1.79296e-05
1.69626e-05
1.60325e-05
1.5139e-05
1.42817e-05
1.34601e-05
1.26736e-05
1.19217e-05
1.12038e-05
1.05192e-05
9.86727e-06
9.24727e-06
8.65844e-06
8.09999e-06
7.57112e-06
7.07098e-06
6.59872e-06
6.15344e-06
5.73424e-06
5.3402e-06
4.97039e-06
4.62385e-06
4.29964e-06
3.9968e-06
3.71436e-06
3.45136e-06
3.20684e-06
2.97984e-06
2.7694e-06
2.57458e-06
2.39444e-06
2.22805e-06
2.07447e-06
1.93281e-06
1.80214e-06
1.68157e-06
1.57019e-06
1.46712e-06
1.37144e-06
1.28222e-06
1.1986e-06
1.11949e-06
1.04403e-06
9.70997e-07
8.99447e-07
8.2787e-07
7.55441e-07
6.7902e-07
6.02786e-07
5.02745e-07
4.55021e-07
1.96774e-07
5.20184e-07
-7.72359e-07
1.65562e-06
-3.2136e-06
2.61366e-06
-7.03007e-07
-7.12856e-06
6.20944e-06
4.23158e-07
3.08037e-05
2.94056e-05
2.80469e-05
2.67277e-05
2.54482e-05
2.42084e-05
2.30082e-05
2.18475e-05
2.07262e-05
1.96441e-05
1.8601e-05
1.75965e-05
1.66304e-05
1.57022e-05
1.48115e-05
1.39579e-05
1.31407e-05
1.23594e-05
1.16134e-05
1.09019e-05
1.02244e-05
9.58005e-06
8.96807e-06
8.38765e-06
7.83796e-06
7.31812e-06
6.82725e-06
6.36442e-06
5.92868e-06
5.5191e-06
5.13469e-06
4.77448e-06
4.43747e-06
4.12268e-06
3.82909e-06
3.5557e-06
3.30152e-06
3.06555e-06
2.8468e-06
2.64428e-06
2.45701e-06
2.28404e-06
2.12438e-06
1.9771e-06
1.84125e-06
1.71589e-06
1.60008e-06
1.49289e-06
1.39337e-06
1.30056e-06
1.21352e-06
1.13116e-06
1.05253e-06
9.76378e-07
9.01659e-07
8.26829e-07
7.50867e-07
6.7079e-07
5.89633e-07
4.86486e-07
4.26656e-07
1.77903e-07
4.4856e-07
-7.60017e-07
1.46947e-06
-3.143e-06
2.32427e-06
-7.32603e-07
-7.44909e-06
5.63261e-06
1.11333e-06
3.18796e-05
3.04335e-05
2.90279e-05
2.76631e-05
2.63389e-05
2.50556e-05
2.38131e-05
2.26114e-05
2.14502e-05
2.03296e-05
1.92491e-05
1.82087e-05
1.72078e-05
1.62462e-05
1.53233e-05
1.44387e-05
1.35919e-05
1.27822e-05
1.2009e-05
1.12717e-05
1.05695e-05
9.9016e-06
9.26726e-06
8.66561e-06
8.09581e-06
7.55694e-06
7.04809e-06
6.5683e-06
6.11659e-06
5.69199e-06
5.29348e-06
4.92006e-06
4.57068e-06
4.24433e-06
3.93996e-06
3.65654e-06
3.39302e-06
3.14839e-06
2.9216e-06
2.71164e-06
2.51749e-06
2.33815e-06
2.17262e-06
2.01991e-06
1.87905e-06
1.74906e-06
1.62896e-06
1.51779e-06
1.41456e-06
1.31826e-06
1.22792e-06
1.14241e-06
1.06072e-06
9.81539e-07
9.03748e-07
8.2575e-07
7.46353e-07
6.62674e-07
5.76788e-07
4.70293e-07
3.9934e-07
1.57867e-07
3.80859e-07
-7.53533e-07
1.29286e-06
-3.08328e-06
2.0427e-06
-7.69812e-07
-7.78668e-06
5.07115e-06
1.77078e-06
3.29102e-05
3.14184e-05
2.99681e-05
2.85595e-05
2.71927e-05
2.58679e-05
2.45849e-05
2.33439e-05
2.21447e-05
2.09871e-05
1.9871e-05
1.8796e-05
1.77619e-05
1.67681e-05
1.58144e-05
1.49002e-05
1.4025e-05
1.31881e-05
1.23889e-05
1.16267e-05
1.09008e-05
1.02103e-05
9.5545e-06
8.93249e-06
8.34338e-06
7.78625e-06
7.26014e-06
6.76406e-06
6.29702e-06
5.858e-06
5.44596e-06
5.05985e-06
4.6986e-06
4.36115e-06
4.04644e-06
3.75337e-06
3.4809e-06
3.22793e-06
2.99343e-06
2.77632e-06
2.57556e-06
2.39011e-06
2.21894e-06
2.06102e-06
1.91535e-06
1.78091e-06
1.6567e-06
1.5417e-06
1.4349e-06
1.33526e-06
1.24175e-06
1.15321e-06
1.06855e-06
9.86462e-07
9.05707e-07
8.24647e-07
7.41931e-07
6.54735e-07
5.64321e-07
4.54326e-07
3.73133e-07
1.3709e-07
3.1699e-07
-7.51985e-07
1.12573e-06
-3.03347e-06
1.77009e-06
-8.14701e-07
-8.13802e-06
4.52649e-06
2.39286e-06
3.38901e-05
3.23551e-05
3.08624e-05
2.94123e-05
2.80051e-05
2.66408e-05
2.53195e-05
2.40412e-05
2.28058e-05
2.16132e-05
2.04631e-05
1.93553e-05
1.82895e-05
1.72653e-05
1.62822e-05
1.53398e-05
1.44375e-05
1.35747e-05
1.27508e-05
1.19649e-05
1.12164e-05
1.05044e-05
9.8282e-06
9.1868e-06
8.5793e-06
8.00477e-06
7.46221e-06
6.95063e-06
6.46898e-06
6.01622e-06
5.59128e-06
5.19307e-06
4.82051e-06
4.47249e-06
4.14791e-06
3.84567e-06
3.56465e-06
3.30375e-06
3.06189e-06
2.83797e-06
2.63091e-06
2.43964e-06
2.26309e-06
2.10021e-06
1.94995e-06
1.81127e-06
1.68313e-06
1.56448e-06
1.45429e-06
1.35145e-06
1.25491e-06
1.16348e-06
1.076e-06
9.91124e-07
9.07533e-07
8.23536e-07
7.37638e-07
6.47039e-07
5.52312e-07
4.38747e-07
3.48124e-07
1.15993e-07
2.56922e-07
-7.54428e-07
9.68094e-07
-2.99244e-06
1.50765e-06
-8.66922e-07
-8.49945e-06
4.00002e-06
2.97738e-06
3.48137e-05
3.3238e-05
3.17055e-05
3.02165e-05
2.87713e-05
2.73699e-05
2.60125e-05
2.46991e-05
2.34296e-05
2.22039e-05
2.10219e-05
1.98832e-05
1.87876e-05
1.77346e-05
1.67239e-05
1.57549e-05
1.48271e-05
1.39398e-05
1.30925e-05
1.22843e-05
1.15145e-05
1.07822e-05
1.00867e-05
9.42699e-06
8.80213e-06
8.21117e-06
7.65309e-06
7.12686e-06
6.63141e-06
6.16568e-06
5.72855e-06
5.31893e-06
4.93568e-06
4.57767e-06
4.24378e-06
3.93285e-06
3.64376e-06
3.37538e-06
3.12657e-06
2.89622e-06
2.6832e-06
2.48643e-06
2.3048e-06
2.13722e-06
1.98263e-06
1.83995e-06
1.7081e-06
1.586e-06
1.47259e-06
1.36674e-06
1.26734e-06
1.17317e-06
1.08302e-06
9.95501e-07
9.09222e-07
8.22434e-07
7.33512e-07
6.39655e-07
5.40847e-07
4.23722e-07
3.24426e-07
9.49921e-08
2.00689e-07
-7.59913e-07
8.20042e-07
-2.95893e-06
1.25666e-06
-9.25693e-07
-8.86706e-06
3.49331e-06
3.52247e-06
3.56751e-05
3.40616e-05
3.24921e-05
3.09669e-05
2.94863e-05
2.80504e-05
2.66594e-05
2.53133e-05
2.4012e-05
2.27556e-05
2.15437e-05
2.03762e-05
1.92527e-05
1.8173e-05
1.71364e-05
1.61426e-05
1.5191e-05
1.4281e-05
1.34118e-05
1.25827e-05
1.1793e-05
1.10418e-05
1.03283e-05
9.65145e-06
9.01038e-06
8.40406e-06
7.83148e-06
7.29156e-06
6.78322e-06
6.30536e-06
5.85685e-06
5.43656e-06
5.04332e-06
4.67598e-06
4.33338e-06
4.01434e-06
3.71771e-06
3.44232e-06
3.18702e-06
2.95065e-06
2.73208e-06
2.53017e-06
2.34379e-06
2.17182e-06
2.01318e-06
1.86675e-06
1.73143e-06
1.60612e-06
1.4897e-06
1.38103e-06
1.27895e-06
1.18221e-06
1.08957e-06
9.99571e-07
9.1077e-07
8.21361e-07
7.29594e-07
6.32657e-07
5.30024e-07
4.09422e-07
3.02181e-07
7.45029e-08
1.48389e-07
-7.67493e-07
6.81783e-07
-2.93157e-06
1.01856e-06
-9.89809e-07
-9.23664e-06
3.00826e-06
4.02649e-06
3.64682e-05
3.482e-05
3.32164e-05
3.1658e-05
3.01449e-05
2.86773e-05
2.72554e-05
2.58792e-05
2.45488e-05
2.3264e-05
2.20247e-05
2.08307e-05
1.96816e-05
1.85771e-05
1.75168e-05
1.65002e-05
1.55266e-05
1.45955e-05
1.37062e-05
1.28579e-05
1.20499e-05
1.12812e-05
1.05511e-05
9.85848e-06
9.20246e-06
8.58199e-06
7.99603e-06
7.44348e-06
6.92325e-06
6.43421e-06
5.9752e-06
5.54507e-06
5.14261e-06
4.76667e-06
4.41604e-06
4.08952e-06
3.78593e-06
3.50409e-06
3.24279e-06
3.00088e-06
2.77717e-06
2.57051e-06
2.37975e-06
2.20374e-06
2.04136e-06
1.89147e-06
1.75296e-06
1.62467e-06
1.50548e-06
1.3942e-06
1.28965e-06
1.19055e-06
1.09559e-06
1.00331e-06
9.12174e-07
8.20334e-07
7.25929e-07
6.26121e-07
5.19946e-07
3.9602e-07
2.81548e-07
5.4935e-08
1.00185e-07
-7.76235e-07
5.53661e-07
-2.90897e-06
7.95076e-07
-1.05765e-06
-9.60368e-06
2.54733e-06
4.48787e-06
3.71864e-05
3.55069e-05
3.38727e-05
3.22842e-05
3.07417e-05
2.92454e-05
2.77956e-05
2.63922e-05
2.50354e-05
2.37249e-05
2.24608e-05
2.12428e-05
2.00705e-05
1.89437e-05
1.78618e-05
1.68245e-05
1.5831e-05
1.48809e-05
1.39733e-05
1.31076e-05
1.2283e-05
1.14985e-05
1.07532e-05
1.00463e-05
9.37674e-06
8.74344e-06
8.14534e-06
7.58134e-06
7.05032e-06
6.55114e-06
6.0826e-06
5.64353e-06
5.23272e-06
4.84897e-06
4.49105e-06
4.15774e-06
3.84784e-06
3.56013e-06
3.2934e-06
3.04645e-06
2.81809e-06
2.60713e-06
2.41239e-06
2.23271e-06
2.06693e-06
1.91391e-06
1.77249e-06
1.64151e-06
1.5198e-06
1.40616e-06
1.29936e-06
1.19811e-06
1.10105e-06
1.00668e-06
9.13428e-07
8.19374e-07
7.22562e-07
6.20126e-07
5.10721e-07
3.83695e-07
2.6271e-07
3.66931e-08
5.63008e-08
-7.85239e-07
4.36177e-07
-2.88975e-06
5.88226e-07
-1.12714e-06
-9.9633e-06
2.11372e-06
4.90503e-06
3.78234e-05
3.61162e-05
3.44548e-05
3.28397e-05
3.12712e-05
2.97495e-05
2.82749e-05
2.68475e-05
2.54672e-05
2.41341e-05
2.2848e-05
2.16086e-05
2.04158e-05
1.92691e-05
1.81681e-05
1.71124e-05
1.61013e-05
1.51343e-05
1.42105e-05
1.33294e-05
1.24899e-05
1.16914e-05
1.09328e-05
1.02132e-05
9.53155e-06
8.88684e-06
8.27796e-06
7.70379e-06
7.1632e-06
6.655e-06
6.17801e-06
5.731e-06
5.31276e-06
4.92207e-06
4.55768e-06
4.21835e-06
3.90284e-06
3.60992e-06
3.33836e-06
3.08694e-06
2.85444e-06
2.63966e-06
2.44138e-06
2.25844e-06
2.08965e-06
1.93385e-06
1.78985e-06
1.65647e-06
1.53252e-06
1.41677e-06
1.30798e-06
1.20482e-06
1.1059e-06
1.00967e-06
9.14527e-07
8.18499e-07
7.1954e-07
6.14751e-07
5.02464e-07
3.72623e-07
2.45863e-07
2.01735e-08
1.70188e-08
-7.9365e-07
3.30002e-07
-2.87259e-06
4.00299e-07
-1.19572e-06
-1.03097e-05
1.7113e-06
5.27581e-06
3.83722e-05
3.66412e-05
3.49565e-05
3.33185e-05
3.17276e-05
3.01841e-05
2.86882e-05
2.72401e-05
2.58396e-05
2.44869e-05
2.31818e-05
2.19241e-05
2.07136e-05
1.95498e-05
1.84324e-05
1.73608e-05
1.63345e-05
1.53529e-05
1.44152e-05
1.35207e-05
1.26685e-05
1.18578e-05
1.10877e-05
1.03571e-05
9.66512e-06
9.01057e-06
8.3924e-06
7.80946e-06
7.2606e-06
6.74463e-06
6.26033e-06
5.80648e-06
5.38184e-06
4.98516e-06
4.61518e-06
4.27065e-06
3.9503e-06
3.65289e-06
3.37716e-06
3.12188e-06
2.88582e-06
2.66773e-06
2.46641e-06
2.28065e-06
2.10926e-06
1.95105e-06
1.80483e-06
1.66938e-06
1.5435e-06
1.42594e-06
1.31542e-06
1.21061e-06
1.11007e-06
1.01225e-06
9.15468e-07
8.17731e-07
7.16912e-07
6.1008e-07
4.95293e-07
3.62986e-07
2.31218e-07
5.7599e-09
-1.73228e-08
-8.00686e-07
2.36012e-07
-2.85629e-06
2.34042e-07
-1.26131e-06
-1.0636e-05
1.34577e-06
5.59714e-06
3.88259e-05
3.70753e-05
3.53713e-05
3.37144e-05
3.21051e-05
3.05436e-05
2.90301e-05
2.75648e-05
2.61477e-05
2.47788e-05
2.3458e-05
2.21852e-05
2.096e-05
1.97821e-05
1.8651e-05
1.75663e-05
1.65275e-05
1.55338e-05
1.45845e-05
1.3679e-05
1.28163e-05
1.19956e-05
1.12159e-05
1.04763e-05
9.77568e-06
9.113e-06
8.48713e-06
7.89693e-06
7.34122e-06
6.81882e-06
6.32848e-06
5.86896e-06
5.43902e-06
5.03738e-06
4.66278e-06
4.31394e-06
3.98959e-06
3.68846e-06
3.40929e-06
3.15081e-06
2.91179e-06
2.69097e-06
2.48712e-06
2.29904e-06
2.1255e-06
1.9653e-06
1.81723e-06
1.68007e-06
1.55259e-06
1.43353e-06
1.32159e-06
1.2154e-06
1.11353e-06
1.01438e-06
9.16244e-07
8.17091e-07
7.14727e-07
6.06197e-07
4.89332e-07
3.54969e-07
2.19e-07
-6.18334e-09
-4.63079e-08
-8.05747e-07
1.55536e-07
-2.84054e-06
9.47777e-08
-1.3239e-06
-1.0938e-05
1.02966e-06
5.87002e-06
3.91773e-05
3.74115e-05
3.56926e-05
3.40212e-05
3.23975e-05
3.0822e-05
2.92949e-05
2.78164e-05
2.63864e-05
2.5005e-05
2.36721e-05
2.23875e-05
2.1151e-05
1.99621e-05
1.88205e-05
1.77257e-05
1.66771e-05
1.5674e-05
1.47158e-05
1.38018e-05
1.29309e-05
1.21024e-05
1.13153e-05
1.05687e-05
9.86141e-06
9.19241e-06
8.56058e-06
7.96474e-06
7.40374e-06
6.87634e-06
6.38132e-06
5.91741e-06
5.48336e-06
5.07788e-06
4.69969e-06
4.34751e-06
4.02005e-06
3.71604e-06
3.43419e-06
3.17324e-06
2.93193e-06
2.70899e-06
2.50319e-06
2.31329e-06
2.13808e-06
1.97634e-06
1.82684e-06
1.68835e-06
1.55963e-06
1.43941e-06
1.32636e-06
1.21912e-06
1.11621e-06
1.01603e-06
9.16844e-07
8.16592e-07
7.13029e-07
6.0318e-07
4.84697e-07
3.48753e-07
2.09448e-07
-1.53292e-08
-6.94276e-08
-8.08516e-07
9.05096e-08
-2.82672e-06
-7.94859e-09
-1.38048e-06
-1.12224e-05
7.80152e-07
6.1064e-06
3.94191e-05
3.76429e-05
3.59138e-05
3.42323e-05
3.25988e-05
3.10137e-05
2.94773e-05
2.79896e-05
2.65508e-05
2.51608e-05
2.38195e-05
2.25268e-05
2.12825e-05
2.00861e-05
1.89372e-05
1.78354e-05
1.67801e-05
1.57706e-05
1.48063e-05
1.38863e-05
1.30098e-05
1.2176e-05
1.13838e-05
1.06323e-05
9.92043e-06
9.24709e-06
8.61114e-06
8.01143e-06
7.44678e-06
6.91595e-06
6.41769e-06
5.95076e-06
5.51387e-06
5.10575e-06
4.7251e-06
4.37062e-06
4.04102e-06
3.73502e-06
3.45133e-06
3.18867e-06
2.94578e-06
2.72138e-06
2.51423e-06
2.3231e-06
2.14674e-06
1.98393e-06
1.83345e-06
1.69405e-06
1.56447e-06
1.44345e-06
1.32964e-06
1.22167e-06
1.11805e-06
1.01716e-06
9.17247e-07
8.16239e-07
7.11851e-07
6.01098e-07
4.81489e-07
3.44495e-07
2.02767e-07
-2.13005e-08
-8.64965e-08
-8.07642e-07
3.94579e-08
-2.80911e-06
-7.72401e-08
-1.41129e-06
-1.14724e-05
5.73204e-07
6.28533e-06
3.95438e-05
3.77622e-05
3.60278e-05
3.43411e-05
3.27026e-05
3.11126e-05
2.95713e-05
2.80789e-05
2.66355e-05
2.5241e-05
2.38955e-05
2.25986e-05
2.13502e-05
2.015e-05
1.89974e-05
1.7892e-05
1.68332e-05
1.58204e-05
1.48529e-05
1.39298e-05
1.30505e-05
1.22139e-05
1.14191e-05
1.06651e-05
9.95084e-06
9.27526e-06
8.6372e-06
8.03549e-06
7.46895e-06
6.93635e-06
6.43643e-06
5.96794e-06
5.5296e-06
5.1201e-06
4.73818e-06
4.38251e-06
4.05181e-06
3.74479e-06
3.46015e-06
3.19662e-06
2.95292e-06
2.72777e-06
2.51992e-06
2.32814e-06
2.15119e-06
1.98784e-06
1.83685e-06
1.69697e-06
1.56696e-06
1.44552e-06
1.33132e-06
1.22298e-06
1.11899e-06
1.01774e-06
9.17449e-07
8.16051e-07
7.11236e-07
6.00021e-07
4.7981e-07
3.42352e-07
1.99068e-07
-2.34808e-08
-9.8318e-08
-7.98435e-07
-1.06532e-08
-2.75477e-06
-1.92417e-07
-1.39955e-06
-1.14012e-05
1.95663e-07
6.22102e-06
)
;

boundaryField
{
    down
    {
        type            symmetryPlane;
    }
    right
    {
        type            fixedValue;
        value           uniform 0;
    }
    up
    {
        type            symmetryPlane;
    }
    left
    {
        type            zeroGradient;
    }
    cylinder
    {
        type            zeroGradient;
    }
    frontAndBack
    {
        type            empty;
    }
    procBoundary11to6
    {
        type            processor;
        value           uniform -2.89069e-05;
    }
    procBoundary11to7
    {
        type            processor;
        value           nonuniform List<scalar> 
72
(
-2.80588e-05
-2.66818e-05
-2.53479e-05
-2.40565e-05
-2.28072e-05
-2.15996e-05
-2.04333e-05
-1.93077e-05
-1.82224e-05
-1.71769e-05
-1.61708e-05
-1.52034e-05
-1.42742e-05
-1.33827e-05
-1.25282e-05
-1.17101e-05
-1.09278e-05
-1.01805e-05
-9.46755e-06
-8.78821e-06
-8.14169e-06
-7.52723e-06
-6.94398e-06
-6.39112e-06
-5.86777e-06
-5.37308e-06
-4.90614e-06
-4.46599e-06
-4.05179e-06
-3.66252e-06
-3.29728e-06
-2.88128e-06
-2.88128e-06
-2.56742e-06
-2.27437e-06
-2.00105e-06
-1.74657e-06
-1.51002e-06
-1.2904e-06
-1.08687e-06
-8.98371e-07
-7.24189e-07
-5.63166e-07
-4.14728e-07
-2.77626e-07
-1.51339e-07
-3.47338e-08
7.2924e-08
1.72461e-07
2.64957e-07
3.50764e-07
4.31745e-07
5.06725e-07
5.81967e-07
6.43731e-07
7.34222e-07
7.43362e-07
9.59175e-07
6.79328e-07
1.53943e-06
-3.14878e-08
3.28028e-06
-2.43395e-06
7.21415e-06
-6.70016e-06
1.14557e-05
-7.54986e-06
7.39212e-06
4.32421e-06
-9.08775e-06
2.14995e-05
-1.76416e-05
)
;
    }
    procBoundary11to10
    {
        type            processor;
        value           nonuniform List<scalar> 
74
(
-2.83208e-05
-2.77212e-05
-2.71082e-05
-2.6482e-05
-2.58429e-05
-2.51913e-05
-2.45272e-05
-2.38511e-05
-2.31632e-05
-2.24638e-05
-2.17532e-05
-2.10318e-05
-2.02999e-05
-1.95578e-05
-1.88058e-05
-1.80443e-05
-1.72737e-05
-1.64943e-05
-1.57066e-05
-1.49271e-05
-1.41493e-05
-1.3349e-05
-1.25259e-05
-1.16796e-05
-1.08099e-05
-9.91654e-06
-8.99933e-06
-8.0581e-06
-7.09274e-06
-6.10318e-06
-5.08944e-06
-4.05157e-06
-2.98974e-06
-1.90418e-06
-7.9519e-07
3.36807e-07
1.49131e-06
2.66771e-06
3.86529e-06
5.08321e-06
6.32051e-06
7.57609e-06
8.84873e-06
1.0137e-05
1.14395e-05
1.27544e-05
1.40798e-05
1.54138e-05
1.67541e-05
1.80983e-05
1.94438e-05
2.07877e-05
2.21271e-05
2.34587e-05
2.4779e-05
2.60843e-05
2.73708e-05
2.86342e-05
2.98702e-05
3.10741e-05
3.22411e-05
3.33659e-05
3.44431e-05
3.54673e-05
3.64324e-05
3.73323e-05
3.81606e-05
3.89108e-05
3.95759e-05
4.0149e-05
4.06227e-05
4.09895e-05
4.12419e-05
4.13721e-05
)
;
    }
}


// ************************************************************************* //
