/*--------------------------------*- C++ -*----------------------------------*\
| =========                 |                                                 |
| \\      /  F ield         | OpenFOAM: The Open Source CFD Toolbox           |
|  \\    /   O peration     | Version:  2412                                  |
|   \\  /    A nd           | Website:  www.openfoam.com                      |
|    \\/     M anipulation  |                                                 |
\*---------------------------------------------------------------------------*/
FoamFile
{
    version     2.0;
    format      ascii;
    arch        "LSB;label=32;scalar=64";
    class       volScalarField;
    location    "28.5";
    object      p;
}
// * * * * * * * * * * * * * * * * * * * * * * * * * * * * * * * * * * * * * //

dimensions      [0 2 -2 0 0 0 0];

internalField   nonuniform List<scalar> 
5285
(
-6.16326e-06
-5.26065e-06
-4.44805e-06
-3.71919e-06
-3.06802e-06
-2.4887e-06
-1.97563e-06
-1.52349e-06
-1.12717e-06
-7.81864e-07
-4.82999e-07
-2.26271e-07
-7.6373e-09
1.7669e-07
3.30244e-07
4.56313e-07
5.57945e-07
6.37959e-07
6.98946e-07
7.43291e-07
7.73171e-07
7.90569e-07
7.97292e-07
7.94968e-07
7.85068e-07
7.68904e-07
7.47652e-07
7.22357e-07
6.93937e-07
6.63203e-07
6.30863e-07
5.97518e-07
5.63722e-07
5.29868e-07
4.96429e-07
4.63551e-07
4.31779e-07
4.00809e-07
3.71673e-07
3.43013e-07
3.17368e-07
2.90787e-07
2.69715e-07
2.44071e-07
2.294e-07
2.02119e-07
1.97167e-07
1.6355e-07
1.73943e-07
1.26538e-07
1.60641e-07
8.93391e-08
1.57492e-07
5.12903e-08
1.62941e-07
1.41127e-08
1.72692e-07
-1.75484e-08
1.80165e-07
-3.81012e-08
1.80306e-07
-4.64859e-08
1.76485e-07
-5.2733e-08
1.84286e-07
-7.67011e-08
2.25018e-07
-1.40029e-07
3.26039e-07
-2.78191e-07
5.32448e-07
-5.66554e-06
-4.79021e-06
-4.00451e-06
-3.30194e-06
-2.67631e-06
-2.12171e-06
-1.63247e-06
-1.20319e-06
-8.28736e-07
-5.04265e-07
-2.25193e-07
1.27879e-08
2.13714e-07
3.81357e-07
5.19229e-07
6.30591e-07
7.18458e-07
7.85616e-07
8.34618e-07
8.67807e-07
8.87321e-07
8.95103e-07
8.92917e-07
8.82352e-07
8.64836e-07
8.41646e-07
8.13917e-07
7.82659e-07
7.48756e-07
7.12983e-07
6.76021e-07
6.38436e-07
6.00757e-07
5.63349e-07
5.26662e-07
4.90815e-07
4.5634e-07
4.22896e-07
3.91525e-07
3.60805e-07
3.33331e-07
3.05025e-07
2.82492e-07
2.55373e-07
2.39592e-07
2.10995e-07
2.05292e-07
1.70417e-07
1.80444e-07
1.31743e-07
1.65883e-07
9.31876e-08
1.61753e-07
5.40723e-08
1.66414e-07
1.60948e-08
1.75543e-07
-1.61985e-08
1.82664e-07
-3.74497e-08
1.82964e-07
-4.6916e-08
1.80071e-07
-5.48181e-08
1.89616e-07
-8.09442e-08
2.32847e-07
-1.46942e-07
3.37576e-07
-2.89087e-07
5.5071e-07
-5.14915e-06
-4.30316e-06
-3.54628e-06
-2.87171e-06
-2.27318e-06
-1.7447e-06
-1.28054e-06
-8.75256e-07
-5.23677e-07
-2.20939e-07
3.75454e-08
2.56075e-07
4.38672e-07
5.89086e-07
7.10799e-07
8.07038e-07
8.8078e-07
9.34768e-07
9.71513e-07
9.93316e-07
1.00227e-06
1.00026e-06
9.89026e-07
9.70099e-07
9.44869e-07
9.14568e-07
8.80295e-07
8.43019e-07
8.03588e-07
7.62742e-07
7.21129e-07
6.79285e-07
6.37707e-07
5.96736e-07
5.56796e-07
5.17975e-07
4.80797e-07
4.44879e-07
4.11277e-07
3.785e-07
3.49203e-07
3.19176e-07
2.95188e-07
2.66599e-07
2.49717e-07
2.19805e-07
2.13365e-07
1.77225e-07
1.86908e-07
1.36892e-07
1.71105e-07
9.69777e-08
1.66012e-07
5.6789e-08
1.69907e-07
1.80026e-08
1.78434e-07
-1.4929e-08
1.85204e-07
-3.68642e-08
1.85639e-07
-4.73601e-08
1.83604e-07
-5.68247e-08
1.94791e-07
-8.50177e-08
2.40465e-07
-1.53698e-07
3.48951e-07
-2.99892e-07
5.68805e-07
-4.61434e-06
-3.79981e-06
-3.07362e-06
-2.42877e-06
-1.85889e-06
-1.35793e-06
-9.20107e-07
-5.39929e-07
-2.12217e-07
6.79055e-08
3.05019e-07
5.03407e-07
6.67069e-07
7.99722e-07
9.04812e-07
9.85524e-07
1.04479e-06
1.08531e-06
1.10953e-06
1.11973e-06
1.11792e-06
1.10598e-06
1.08555e-06
1.05815e-06
1.02511e-06
9.87625e-07
9.46744e-07
9.03399e-07
8.58401e-07
8.12451e-07
7.66164e-07
7.20042e-07
6.74555e-07
6.30012e-07
5.86813e-07
5.45018e-07
5.05138e-07
4.66749e-07
4.30919e-07
3.9609e-07
3.64976e-07
3.33235e-07
3.07798e-07
2.77746e-07
2.59767e-07
2.28549e-07
2.21372e-07
1.83982e-07
1.93315e-07
1.42003e-07
1.76276e-07
1.00742e-07
1.70225e-07
5.94896e-08
1.7336e-07
1.9901e-08
1.81288e-07
-1.36615e-08
1.87705e-07
-3.6262e-08
1.88251e-07
-4.77406e-08
1.87008e-07
-5.8681e-08
1.99738e-07
-8.88461e-08
2.4778e-07
-1.60186e-07
3.60014e-07
-3.10435e-07
5.86518e-07
-4.06151e-06
-3.28051e-06
-2.58691e-06
-1.9735e-06
-1.4338e-06
-9.61741e-07
-5.51487e-07
-1.9752e-07
1.05347e-07
3.61988e-07
5.76965e-07
7.54541e-07
8.98679e-07
1.01306e-06
1.10108e-06
1.16587e-06
1.21033e-06
1.23708e-06
1.24855e-06
1.24692e-06
1.23419e-06
1.21214e-06
1.18241e-06
1.14643e-06
1.1055e-06
1.06075e-06
1.01321e-06
9.63749e-07
9.13148e-07
8.62068e-07
8.11087e-07
7.60675e-07
7.1127e-07
6.6315e-07
6.16692e-07
5.71923e-07
5.29343e-07
4.88489e-07
4.50436e-07
4.13563e-07
3.80638e-07
3.47191e-07
3.20311e-07
2.88806e-07
2.69733e-07
2.37223e-07
2.29307e-07
1.90684e-07
1.99659e-07
1.47075e-07
1.8139e-07
1.04483e-07
1.74386e-07
6.2179e-08
1.76764e-07
2.17977e-08
1.84096e-07
-1.23858e-08
1.90156e-07
-3.56317e-08
1.90787e-07
-4.80465e-08
1.90273e-07
-6.0378e-08
2.04448e-07
-9.24199e-08
2.54782e-07
-1.66391e-07
3.70747e-07
-3.20682e-07
6.03805e-07
-3.49105e-06
-2.74566e-06
-2.08653e-06
-1.50625e-06
-9.98264e-07
-5.56472e-07
-1.75003e-07
1.51672e-07
4.28735e-07
6.61048e-07
8.53146e-07
1.00926e-06
1.1333e-06
1.22891e-06
1.29942e-06
1.34793e-06
1.37725e-06
1.38997e-06
1.38844e-06
1.3748e-06
1.35097e-06
1.31869e-06
1.27952e-06
1.23487e-06
1.18596e-06
1.1339e-06
1.07964e-06
1.02403e-06
9.67795e-07
9.11562e-07
8.55872e-07
8.0116e-07
7.4783e-07
6.96132e-07
6.46415e-07
5.98677e-07
5.53402e-07
5.10088e-07
4.69819e-07
4.3091e-07
3.96181e-07
3.61038e-07
3.32722e-07
2.99774e-07
2.79612e-07
2.45823e-07
2.37168e-07
1.97328e-07
2.05939e-07
1.52104e-07
1.86448e-07
1.08195e-07
1.78497e-07
6.48516e-08
1.80122e-07
2.36867e-08
1.86862e-07
-1.11084e-08
1.92562e-07
-3.49804e-08
1.93252e-07
-4.82852e-08
1.93407e-07
-6.19251e-08
2.08931e-07
-9.57513e-08
2.6148e-07
-1.72323e-07
3.81152e-07
-3.30639e-07
6.20657e-07
-2.9034e-06
-2.1957e-06
-1.57292e-06
-1.02746e-06
-5.52693e-07
-1.4251e-07
2.0898e-07
5.07302e-07
7.57627e-07
9.64788e-07
1.13329e-06
1.2673e-06
1.3707e-06
1.44705e-06
1.49966e-06
1.53152e-06
1.54541e-06
1.54383e-06
1.52909e-06
1.50324e-06
1.46815e-06
1.42551e-06
1.37681e-06
1.32339e-06
1.26644e-06
1.207e-06
1.14598e-06
1.08419e-06
1.0223e-06
9.60894e-07
9.00485e-07
8.41466e-07
7.8421e-07
7.28935e-07
6.75963e-07
6.2526e-07
5.77297e-07
5.31532e-07
4.89056e-07
4.4812e-07
4.11597e-07
3.74767e-07
3.45023e-07
3.10644e-07
2.89398e-07
2.54342e-07
2.44951e-07
2.03909e-07
2.12151e-07
1.57087e-07
1.91447e-07
1.11875e-07
1.82556e-07
6.75043e-08
1.83436e-07
2.55648e-08
1.89587e-07
-9.83234e-09
1.94923e-07
-3.43107e-08
1.9565e-07
-4.84599e-08
1.96413e-07
-6.33276e-08
2.13194e-07
-9.88481e-08
2.67883e-07
-1.77987e-07
3.9123e-07
-3.40303e-07
6.37061e-07
-2.29906e-06
-1.63112e-06
-1.04654e-06
-5.37563e-07
-9.74982e-08
2.79757e-07
6.00095e-07
8.6903e-07
1.09171e-06
1.27292e-06
1.41712e-06
1.52842e-06
1.61065e-06
1.6673e-06
1.70159e-06
1.71648e-06
1.71464e-06
1.69853e-06
1.67036e-06
1.63213e-06
1.58564e-06
1.53251e-06
1.47418e-06
1.41192e-06
1.34687e-06
1.28e-06
1.21219e-06
1.14418e-06
1.07662e-06
1.01003e-06
9.44895e-07
8.81567e-07
8.20386e-07
7.61537e-07
7.05316e-07
6.51656e-07
6.01015e-07
5.52809e-07
5.08135e-07
4.65184e-07
4.26876e-07
3.88372e-07
3.57208e-07
3.2141e-07
2.99087e-07
2.62777e-07
2.52651e-07
2.10424e-07
2.18295e-07
1.62021e-07
1.96387e-07
1.15521e-07
1.86563e-07
7.01355e-08
1.86702e-07
2.74309e-08
1.9227e-07
-8.55817e-09
1.97239e-07
-3.36232e-08
1.97979e-07
-4.85723e-08
1.99293e-07
-6.45901e-08
2.17241e-07
-1.01718e-07
2.73995e-07
-1.83386e-07
4.00977e-07
-3.49669e-07
6.52995e-07
-1.67858e-06
-1.05243e-06
-5.07896e-07
-3.70329e-08
3.6687e-07
7.09904e-07
9.97948e-07
1.23649e-06
1.43064e-06
1.58513e-06
1.70435e-06
1.79237e-06
1.85291e-06
1.88942e-06
1.90503e-06
1.90262e-06
1.88479e-06
1.85391e-06
1.81212e-06
1.76135e-06
1.70334e-06
1.63962e-06
1.57157e-06
1.5004e-06
1.42718e-06
1.35285e-06
1.27822e-06
1.20397e-06
1.13071e-06
1.05894e-06
9.89072e-07
9.21436e-07
8.56334e-07
7.93918e-07
7.34456e-07
6.7785e-07
6.2454e-07
5.73905e-07
5.27045e-07
4.82092e-07
4.4201e-07
4.01844e-07
3.69271e-07
3.32067e-07
3.08673e-07
2.71123e-07
2.60265e-07
2.1687e-07
2.24365e-07
1.66904e-07
2.01264e-07
1.19131e-07
1.90515e-07
7.27437e-08
1.89921e-07
2.9284e-08
1.94909e-07
-7.28656e-09
1.9951e-07
-3.29185e-08
2.0024e-07
-4.86241e-08
2.02049e-07
-6.57176e-08
2.2108e-07
-1.04368e-07
2.79822e-07
-1.88525e-07
4.10391e-07
-3.58729e-07
6.68437e-07
-1.04255e-06
-4.60228e-07
4.24693e-08
4.73608e-07
8.39925e-07
1.14748e-06
1.40212e-06
1.6093e-06
1.77406e-06
1.90108e-06
1.99468e-06
2.05885e-06
2.09724e-06
2.11319e-06
2.10977e-06
2.08976e-06
2.05568e-06
2.00982e-06
1.95425e-06
1.8908e-06
1.82114e-06
1.74673e-06
1.66888e-06
1.58874e-06
1.50732e-06
1.42549e-06
1.344e-06
1.26351e-06
1.18455e-06
1.10758e-06
1.03298e-06
9.61044e-07
8.92029e-07
8.26056e-07
7.63365e-07
7.03824e-07
6.4786e-07
5.94809e-07
5.45776e-07
4.98835e-07
4.56991e-07
4.15177e-07
3.81205e-07
3.42607e-07
3.18151e-07
2.79376e-07
2.6779e-07
2.23243e-07
2.3036e-07
1.71732e-07
2.06077e-07
1.22703e-07
1.94412e-07
7.53272e-08
1.93091e-07
3.11229e-08
1.97505e-07
-6.01837e-09
2.01733e-07
-3.21975e-08
2.02432e-07
-4.86177e-08
2.04685e-07
-6.67157e-08
2.24717e-07
-1.06809e-07
2.85373e-07
-1.93409e-07
4.19468e-07
-3.67481e-07
6.83369e-07
-3.91646e-07
1.44875e-07
6.03962e-07
9.93806e-07
1.32115e-06
1.592e-06
1.81216e-06
1.98703e-06
2.12159e-06
2.22044e-06
2.28781e-06
2.3276e-06
2.34337e-06
2.33839e-06
2.31561e-06
2.27772e-06
2.22716e-06
2.16613e-06
2.0966e-06
2.02034e-06
1.93892e-06
1.85374e-06
1.76603e-06
1.67687e-06
1.58721e-06
1.49785e-06
1.4095e-06
1.32274e-06
1.23808e-06
1.15592e-06
1.0766e-06
1.00037e-06
9.27447e-07
8.57929e-07
7.92024e-07
7.29563e-07
6.70958e-07
6.15507e-07
5.64317e-07
5.15402e-07
4.7181e-07
4.28362e-07
3.93003e-07
3.53027e-07
3.27517e-07
2.87531e-07
2.75221e-07
2.2954e-07
2.36278e-07
1.76503e-07
2.10823e-07
1.26236e-07
1.98251e-07
7.78845e-08
1.96212e-07
3.29463e-08
2.00056e-07
-4.75458e-09
2.0391e-07
-3.14614e-08
2.04557e-07
-4.85555e-08
2.07202e-07
-6.75903e-08
2.28158e-07
-1.09049e-07
2.90654e-07
-1.98043e-07
4.28209e-07
-3.7592e-07
6.97771e-07
2.73428e-07
7.62199e-07
1.17595e-06
1.52297e-06
1.80999e-06
2.04295e-06
2.22761e-06
2.36927e-06
2.47284e-06
2.54284e-06
2.5834e-06
2.59831e-06
2.59105e-06
2.56476e-06
2.52231e-06
2.4663e-06
2.39905e-06
2.32267e-06
2.23905e-06
2.14986e-06
2.05659e-06
1.96057e-06
1.86294e-06
1.76472e-06
1.66678e-06
1.56988e-06
1.47465e-06
1.38163e-06
1.29127e-06
1.20392e-06
1.11989e-06
1.03937e-06
9.62563e-07
8.89517e-07
8.20413e-07
7.55049e-07
6.93821e-07
6.35986e-07
5.82655e-07
5.31783e-07
4.86458e-07
4.41393e-07
4.04659e-07
3.63319e-07
3.36765e-07
2.95585e-07
2.82555e-07
2.35757e-07
2.42114e-07
1.81215e-07
2.15502e-07
1.29726e-07
2.02032e-07
8.04138e-08
1.99282e-07
3.4753e-08
2.02562e-07
-3.49615e-09
2.0604e-07
-3.07114e-08
2.06614e-07
-4.844e-08
2.09605e-07
-6.83475e-08
2.31412e-07
-1.11098e-07
2.95674e-07
-2.02433e-07
4.36613e-07
-3.84042e-07
7.11627e-07
9.51899e-07
1.39102e-06
1.75775e-06
2.06047e-06
2.30587e-06
2.49981e-06
2.64796e-06
2.75556e-06
2.82741e-06
2.86791e-06
2.88111e-06
2.87068e-06
2.83999e-06
2.79206e-06
2.72967e-06
2.65529e-06
2.57116e-06
2.47928e-06
2.38144e-06
2.27922e-06
2.17403e-06
2.0671e-06
1.95951e-06
1.8522e-06
1.74597e-06
1.64151e-06
1.5394e-06
1.44012e-06
1.34407e-06
1.25155e-06
1.16281e-06
1.07803e-06
9.97353e-07
9.20798e-07
8.48514e-07
7.80266e-07
7.16435e-07
6.56236e-07
6.0078e-07
5.4797e-07
5.00928e-07
4.54261e-07
4.16166e-07
3.73479e-07
3.45891e-07
3.03532e-07
2.89788e-07
2.41892e-07
2.47867e-07
1.85864e-07
2.20109e-07
1.33171e-07
2.05753e-07
8.29136e-08
2.023e-07
3.65418e-08
2.05021e-07
-2.24407e-09
2.08121e-07
-2.99487e-08
2.08605e-07
-4.82742e-08
2.11896e-07
-6.89938e-08
2.34487e-07
-1.12967e-07
3.00443e-07
-2.06586e-07
4.44681e-07
-3.91846e-07
7.24923e-07
1.64294e-06
2.03056e-06
2.34865e-06
2.60564e-06
2.80817e-06
2.962e-06
3.07271e-06
3.14543e-06
3.18485e-06
3.19527e-06
3.18059e-06
3.14439e-06
3.0899e-06
3.02004e-06
2.93745e-06
2.8445e-06
2.74332e-06
2.6358e-06
2.52363e-06
2.4083e-06
2.29112e-06
2.17324e-06
2.05566e-06
1.93924e-06
1.82471e-06
1.7127e-06
1.60371e-06
1.49818e-06
1.39645e-06
1.29876e-06
1.20535e-06
1.11632e-06
1.03179e-06
9.5175e-07
8.76309e-07
8.05198e-07
7.38785e-07
6.76241e-07
6.18682e-07
5.63952e-07
5.1521e-07
4.6696e-07
4.27519e-07
3.83501e-07
3.5489e-07
3.11369e-07
2.96917e-07
2.4794e-07
2.53534e-07
1.90448e-07
2.24645e-07
1.36571e-07
2.09412e-07
8.53823e-08
2.05265e-07
3.83115e-08
2.07434e-07
-9.99361e-10
2.10154e-07
-2.91747e-08
2.1053e-07
-4.80609e-08
2.1408e-07
-6.95356e-08
2.3739e-07
-1.14665e-07
3.04969e-07
-2.1051e-07
4.52414e-07
-3.99332e-07
7.37647e-07
2.34565e-06
2.68e-06
2.94787e-06
3.15777e-06
3.31624e-06
3.42894e-06
3.50132e-06
3.5384e-06
3.54474e-06
3.52451e-06
3.48149e-06
3.41912e-06
3.3405e-06
3.24843e-06
3.14542e-06
3.03372e-06
2.91534e-06
2.79206e-06
2.66548e-06
2.53697e-06
2.40775e-06
2.27889e-06
2.1513e-06
2.02575e-06
1.90292e-06
1.78336e-06
1.66751e-06
1.55574e-06
1.44835e-06
1.34553e-06
1.24746e-06
1.15421e-06
1.06586e-06
9.82352e-07
9.03778e-07
8.29828e-07
7.60856e-07
6.95991e-07
6.36348e-07
5.7972e-07
5.29296e-07
4.79483e-07
4.3871e-07
3.93379e-07
3.63756e-07
3.19092e-07
3.03938e-07
2.53899e-07
2.59111e-07
1.94965e-07
2.29106e-07
1.39922e-07
2.13009e-07
8.78183e-08
2.08177e-07
4.00609e-08
2.09798e-07
2.36956e-10
2.1214e-07
-2.83908e-08
2.12391e-07
-4.78031e-08
2.16161e-07
-6.99797e-08
2.4013e-07
-1.16202e-07
3.09262e-07
-2.14211e-07
4.59815e-07
-4.06497e-07
7.4979e-07
3.05914e-06
3.33851e-06
3.55467e-06
3.71616e-06
3.82945e-06
3.90003e-06
3.93325e-06
3.93397e-06
3.90662e-06
3.85524e-06
3.78345e-06
3.69455e-06
3.59151e-06
3.47699e-06
3.35335e-06
3.22275e-06
3.08705e-06
2.94792e-06
2.80685e-06
2.66511e-06
2.52382e-06
2.38395e-06
2.24635e-06
2.11168e-06
1.98055e-06
1.85346e-06
1.73076e-06
1.61278e-06
1.49975e-06
1.39182e-06
1.28912e-06
1.19168e-06
1.09953e-06
1.01259e-06
9.30907e-07
8.54143e-07
7.82638e-07
7.15475e-07
6.5377e-07
5.95267e-07
5.43179e-07
4.91823e-07
4.49735e-07
4.03109e-07
3.72488e-07
3.26696e-07
3.10848e-07
2.59766e-07
2.64598e-07
1.99413e-07
2.33491e-07
1.43223e-07
2.16542e-07
9.02204e-08
2.11034e-07
4.17888e-08
2.12115e-07
1.46371e-09
2.14076e-07
-2.75987e-08
2.14188e-07
-4.75044e-08
2.18142e-07
-7.03327e-08
2.42714e-07
-1.1759e-07
3.13331e-07
-2.17699e-07
4.66888e-07
-4.13344e-07
7.61346e-07
3.78261e-06
4.00533e-06
4.16835e-06
4.2802e-06
4.34723e-06
4.37478e-06
4.36804e-06
4.33174e-06
4.27014e-06
4.18713e-06
4.08618e-06
3.97043e-06
3.8427e-06
3.7055e-06
3.56108e-06
3.41143e-06
3.2583e-06
3.10325e-06
2.94763e-06
2.79263e-06
2.63924e-06
2.48836e-06
2.34074e-06
2.19696e-06
2.05755e-06
1.92294e-06
1.79342e-06
1.66926e-06
1.55063e-06
1.43761e-06
1.33031e-06
1.22871e-06
1.13279e-06
1.04244e-06
9.57686e-07
8.78136e-07
8.04124e-07
7.34688e-07
6.70944e-07
6.10589e-07
5.56858e-07
5.03977e-07
4.60592e-07
4.12689e-07
3.81081e-07
3.34182e-07
3.17646e-07
2.6554e-07
2.69993e-07
2.0379e-07
2.378e-07
1.46474e-07
2.20011e-07
9.25876e-08
2.13836e-07
4.34943e-08
2.14382e-07
2.67961e-09
2.15964e-07
-2.68006e-08
2.15922e-07
-4.71687e-08
2.20027e-07
-7.06018e-08
2.4515e-07
-1.18839e-07
3.17185e-07
-2.2098e-07
4.73633e-07
-4.19877e-07
7.72309e-07
4.51481e-06
4.67933e-06
4.78786e-06
4.8489e-06
4.86868e-06
4.85235e-06
4.80495e-06
4.73102e-06
4.63468e-06
4.51962e-06
4.38916e-06
4.24628e-06
4.09364e-06
3.9336e-06
3.76825e-06
3.59945e-06
3.42883e-06
3.25779e-06
3.0876e-06
2.91932e-06
2.75384e-06
2.59196e-06
2.43433e-06
2.28146e-06
2.13381e-06
1.99172e-06
1.85541e-06
1.7251e-06
1.6009e-06
1.48284e-06
1.37098e-06
1.26525e-06
1.16559e-06
1.07188e-06
9.8408e-07
9.01774e-07
8.25285e-07
7.53604e-07
6.87847e-07
6.25666e-07
5.70312e-07
5.15931e-07
4.71267e-07
4.22107e-07
3.89527e-07
3.41538e-07
3.24325e-07
2.71214e-07
2.7529e-07
2.08092e-07
2.42027e-07
1.49669e-07
2.23413e-07
9.49174e-08
2.16582e-07
4.5176e-08
2.166e-07
3.88433e-09
2.17803e-07
-2.59965e-08
2.17595e-07
-4.67965e-08
2.21818e-07
-7.07951e-08
2.47444e-07
-1.19961e-07
3.20829e-07
-2.24067e-07
4.80054e-07
-4.261e-07
7.82677e-07
5.25445e-06
5.3593e-06
5.4121e-06
5.42129e-06
5.39293e-06
5.33196e-06
5.24325e-06
5.13118e-06
4.99965e-06
4.85219e-06
4.69195e-06
4.52171e-06
4.34398e-06
4.16096e-06
3.97458e-06
3.78657e-06
3.59841e-06
3.41137e-06
3.22659e-06
3.04504e-06
2.86748e-06
2.69462e-06
2.52703e-06
2.36511e-06
2.20924e-06
2.05971e-06
1.91666e-06
1.78024e-06
1.65052e-06
1.52747e-06
1.41108e-06
1.30127e-06
1.19792e-06
1.10087e-06
1.01007e-06
9.25041e-07
8.46106e-07
7.72212e-07
7.04468e-07
6.40487e-07
5.83536e-07
5.27677e-07
4.81754e-07
4.31357e-07
3.97821e-07
3.48762e-07
3.3088e-07
2.76784e-07
2.80488e-07
2.12316e-07
2.46172e-07
1.52809e-07
2.26746e-07
9.72091e-08
2.1927e-07
4.68323e-08
2.18767e-07
5.07618e-09
2.19593e-07
-2.51885e-08
2.19208e-07
-4.63928e-08
2.23524e-07
-7.09153e-08
2.49608e-07
-1.20961e-07
3.24282e-07
-2.26962e-07
4.86163e-07
-4.3201e-07
7.92461e-07
6.00021e-06
6.0441e-06
6.04002e-06
5.99639e-06
5.91909e-06
5.81282e-06
5.68225e-06
5.53158e-06
5.36449e-06
5.18434e-06
4.99408e-06
4.7963e-06
4.59337e-06
4.38727e-06
4.1798e-06
3.97253e-06
3.76682e-06
3.56377e-06
3.36443e-06
3.16963e-06
2.98003e-06
2.79623e-06
2.61872e-06
2.4478e-06
2.28378e-06
2.12686e-06
1.97712e-06
1.83464e-06
1.69946e-06
1.57145e-06
1.45058e-06
1.33674e-06
1.22974e-06
1.1294e-06
1.03563e-06
9.47918e-07
8.66572e-07
7.90497e-07
7.20795e-07
6.55044e-07
5.96521e-07
5.39206e-07
4.92047e-07
4.40434e-07
4.05959e-07
3.5585e-07
3.37308e-07
2.82247e-07
2.85583e-07
2.16459e-07
2.50232e-07
1.55891e-07
2.30009e-07
9.94613e-08
2.21901e-07
4.84616e-08
2.20884e-07
6.25395e-09
2.21334e-07
-2.43789e-08
2.20763e-07
-4.596e-08
2.25147e-07
-7.09701e-08
2.51649e-07
-1.21851e-07
3.2755e-07
-2.29674e-07
4.91965e-07
-4.37611e-07
8.01664e-07
2.26691e-07
-7.09655e-08
2.53576e-07
-1.2264e-07
3.30642e-07
-2.32211e-07
4.97466e-07
-4.42908e-07
8.10295e-07
-5.34156e-06
-5.37032e-06
-5.37522e-06
-5.35768e-06
-5.31925e-06
-5.26158e-06
-5.18628e-06
-5.09489e-06
-4.98898e-06
-4.87012e-06
-4.73981e-06
-4.59955e-06
-4.45077e-06
-4.29487e-06
-4.1332e-06
-3.96702e-06
-3.79756e-06
-3.62596e-06
-3.45328e-06
-3.28054e-06
-3.10864e-06
-2.93844e-06
-2.7707e-06
-2.60611e-06
-2.44528e-06
-2.28875e-06
-2.13698e-06
-1.99036e-06
-1.84923e-06
-1.71383e-06
-1.58437e-06
-1.46098e-06
-1.34376e-06
-1.23274e-06
-1.12791e-06
-1.02923e-06
-9.36618e-07
-8.49947e-07
-7.69077e-07
-6.93839e-07
-6.24044e-07
-5.59486e-07
-4.99946e-07
-4.45192e-07
-3.95003e-07
-3.49105e-07
-3.07337e-07
-2.69273e-07
-2.35105e-07
-2.03659e-07
-1.76734e-07
-1.49934e-07
-1.31382e-07
-1.05033e-07
-9.94109e-08
-6.53392e-08
-8.08052e-08
-3.12194e-08
-6.66981e-08
-1.91491e-08
-2.82231e-08
-6.17353e-08
5.75602e-08
-1.47285e-07
1.27476e-07
-1.74959e-07
9.86771e-08
-1.59043e-07
1.06249e-07
-2.8019e-07
-5.38756e-06
-5.41166e-06
-5.41218e-06
-5.39051e-06
-5.3482e-06
-5.28694e-06
-5.2083e-06
-5.11382e-06
-5.00508e-06
-4.88362e-06
-4.75094e-06
-4.60854e-06
-4.45784e-06
-4.30022e-06
-4.13702e-06
-3.9695e-06
-3.79886e-06
-3.62624e-06
-3.4527e-06
-3.27922e-06
-3.10672e-06
-2.93602e-06
-2.76789e-06
-2.60299e-06
-2.44194e-06
-2.28526e-06
-2.13341e-06
-1.98676e-06
-1.84564e-06
-1.71029e-06
-1.58091e-06
-1.45764e-06
-1.34055e-06
-1.22967e-06
-1.12501e-06
-1.02649e-06
-9.34047e-07
-8.47548e-07
-7.66849e-07
-6.91779e-07
-6.22148e-07
-5.57747e-07
-4.98358e-07
-4.43747e-07
-3.93693e-07
-3.47919e-07
-3.06273e-07
-2.68308e-07
-2.34262e-07
-2.02863e-07
-1.76106e-07
-1.49222e-07
-1.31026e-07
-1.0424e-07
-9.94881e-08
-6.41961e-08
-8.15366e-08
-2.9535e-08
-6.79475e-08
-1.75173e-08
-2.86838e-08
-6.20789e-08
6.00718e-08
-1.51658e-07
1.34551e-07
-1.82914e-07
1.08101e-07
-1.67822e-07
1.15041e-07
-2.90651e-07
-5.47642e-06
-5.4915e-06
-5.48351e-06
-5.45384e-06
-5.40405e-06
-5.33582e-06
-5.25071e-06
-5.15026e-06
-5.03603e-06
-4.90955e-06
-4.7723e-06
-4.62577e-06
-4.47135e-06
-4.31041e-06
-4.14426e-06
-3.97414e-06
-3.80124e-06
-3.62666e-06
-3.45145e-06
-3.27656e-06
-3.10288e-06
-2.93124e-06
-2.76235e-06
-2.59688e-06
-2.43541e-06
-2.27844e-06
-2.12643e-06
-1.97972e-06
-1.83863e-06
-1.70339e-06
-1.57418e-06
-1.45112e-06
-1.33429e-06
-1.2237e-06
-1.11935e-06
-1.02116e-06
-9.29045e-07
-8.42882e-07
-7.62517e-07
-6.87774e-07
-6.18461e-07
-5.54366e-07
-4.95271e-07
-4.40937e-07
-3.91147e-07
-3.45615e-07
-3.04205e-07
-2.66438e-07
-2.32612e-07
-2.01341e-07
-1.74841e-07
-1.47934e-07
-1.30155e-07
-1.03029e-07
-9.90725e-08
-6.29002e-08
-8.15749e-08
-2.81834e-08
-6.8154e-08
-1.64676e-08
-2.8572e-08
-6.16409e-08
6.07649e-08
-1.5197e-07
1.3645e-07
-1.85833e-07
1.13658e-07
-1.74531e-07
1.222e-07
-2.98641e-07
-5.60465e-06
-5.60663e-06
-5.5863e-06
-5.54504e-06
-5.48442e-06
-5.40611e-06
-5.31164e-06
-5.20255e-06
-5.08038e-06
-4.94664e-06
-4.8028e-06
-4.65029e-06
-4.4905e-06
-4.32477e-06
-4.15438e-06
-3.98052e-06
-3.80436e-06
-3.62697e-06
-3.44936e-06
-3.27245e-06
-3.0971e-06
-2.92409e-06
-2.75413e-06
-2.58784e-06
-2.42578e-06
-2.26842e-06
-2.11618e-06
-1.9694e-06
-1.82837e-06
-1.69329e-06
-1.56434e-06
-1.44161e-06
-1.32516e-06
-1.215e-06
-1.1111e-06
-1.01338e-06
-9.21759e-07
-8.36086e-07
-7.56208e-07
-6.81943e-07
-6.13095e-07
-5.49448e-07
-4.9078e-07
-4.36851e-07
-3.87445e-07
-3.42265e-07
-3.01197e-07
-2.63719e-07
-2.30213e-07
-1.99131e-07
-1.72993e-07
-1.46081e-07
-1.28853e-07
-1.01335e-07
-9.83547e-08
-6.11963e-08
-8.13727e-08
-2.65521e-08
-6.80647e-08
-1.53047e-08
-2.81546e-08
-6.09399e-08
6.12342e-08
-1.51393e-07
1.37657e-07
-1.87829e-07
1.19183e-07
-1.81176e-07
1.29702e-07
-3.05904e-07
-5.76859e-06
-5.75372e-06
-5.71751e-06
-5.66136e-06
-5.58682e-06
-5.49554e-06
-5.38907e-06
-5.2689e-06
-5.13656e-06
-4.99352e-06
-4.84122e-06
-4.68108e-06
-4.51444e-06
-4.34259e-06
-4.16677e-06
-3.98815e-06
-3.80784e-06
-3.62688e-06
-3.44621e-06
-3.26674e-06
-3.08928e-06
-2.91456e-06
-2.74325e-06
-2.57593e-06
-2.41313e-06
-2.25529e-06
-2.1028e-06
-1.95595e-06
-1.81501e-06
-1.68017e-06
-1.55155e-06
-1.42925e-06
-1.31331e-06
-1.20371e-06
-1.1004e-06
-1.00331e-06
-9.12325e-07
-8.27291e-07
-7.48046e-07
-6.74402e-07
-6.06157e-07
-5.43089e-07
-4.84976e-07
-4.3157e-07
-3.82661e-07
-3.37938e-07
-2.97313e-07
-2.60207e-07
-2.27116e-07
-1.96278e-07
-1.70607e-07
-1.43691e-07
-1.2717e-07
-9.91576e-08
-9.74147e-08
-5.90168e-08
-8.10934e-08
-2.445e-08
-6.79707e-08
-1.37436e-08
-2.76777e-08
-6.00202e-08
6.19386e-08
-1.50911e-07
1.39554e-07
-1.9045e-07
1.25893e-07
-1.88618e-07
1.38206e-07
-3.13246e-07
-5.96448e-06
-5.9293e-06
-5.87398e-06
-5.7999e-06
-5.70862e-06
-5.60177e-06
-5.48088e-06
-5.34742e-06
-5.20288e-06
-5.0487e-06
-4.8863e-06
-4.71702e-06
-4.54219e-06
-4.36304e-06
-4.18076e-06
-3.99647e-06
-3.81123e-06
-3.62602e-06
-3.44175e-06
-3.25925e-06
-3.07929e-06
-2.90256e-06
-2.72967e-06
-2.56117e-06
-2.39753e-06
-2.23915e-06
-2.08637e-06
-1.93948e-06
-1.79868e-06
-1.66414e-06
-1.53596e-06
-1.41421e-06
-1.29889e-06
-1.18998e-06
-1.08741e-06
-9.91086e-07
-9.00875e-07
-8.16621e-07
-7.38148e-07
-6.65261e-07
-5.9775e-07
-5.35387e-07
-4.77947e-07
-4.25176e-07
-3.76871e-07
-3.32701e-07
-2.92614e-07
-2.55957e-07
-2.23372e-07
-1.92824e-07
-1.67726e-07
-1.40797e-07
-1.25136e-07
-9.65285e-08
-9.62681e-08
-5.64015e-08
-8.07306e-08
-2.19306e-08
-6.78548e-08
-1.1826e-08
-2.71632e-08
-5.88558e-08
6.28065e-08
-1.50439e-07
1.41974e-07
-1.93524e-07
1.33482e-07
-1.96584e-07
1.47371e-07
-3.20449e-07
-6.18846e-06
-6.12983e-06
-6.05245e-06
-5.9577e-06
-5.84713e-06
-5.72236e-06
-5.58488e-06
-5.43615e-06
-5.2776e-06
-5.11066e-06
-4.93667e-06
-4.75695e-06
-4.57275e-06
-4.38527e-06
-4.19562e-06
-4.00488e-06
-3.81404e-06
-3.62402e-06
-3.43566e-06
-3.24975e-06
-3.06699e-06
-2.88801e-06
-2.71336e-06
-2.54355e-06
-2.37899e-06
-2.22004e-06
-2.067e-06
-1.92009e-06
-1.7795e-06
-1.64534e-06
-1.51771e-06
-1.39661e-06
-1.28204e-06
-1.17396e-06
-1.07226e-06
-9.76833e-07
-8.87536e-07
-8.04197e-07
-7.2663e-07
-6.54628e-07
-5.87974e-07
-5.26433e-07
-4.69779e-07
-4.17748e-07
-3.70147e-07
-3.26618e-07
-2.8716e-07
-2.51022e-07
-2.19031e-07
-1.88813e-07
-1.64389e-07
-1.37433e-07
-1.22781e-07
-9.34789e-08
-9.49312e-08
-5.33885e-08
-8.02777e-08
-1.90499e-08
-6.76863e-08
-9.61687e-09
-2.65817e-08
-5.74781e-08
6.38024e-08
-1.49898e-07
1.44722e-07
-1.9677e-07
1.41562e-07
-2.04683e-07
1.56831e-07
-3.27234e-07
-6.43669e-06
-6.35175e-06
-6.24966e-06
-6.13177e-06
-5.99964e-06
-5.85485e-06
-5.69887e-06
-5.53311e-06
-5.35898e-06
-5.17783e-06
-4.99097e-06
-4.79967e-06
-4.6051e-06
-4.40839e-06
-4.21062e-06
-4.01276e-06
-3.81576e-06
-3.62045e-06
-3.42763e-06
-3.238e-06
-3.05219e-06
-2.87078e-06
-2.69426e-06
-2.52306e-06
-2.35755e-06
-2.19803e-06
-2.04475e-06
-1.89788e-06
-1.75757e-06
-1.6239e-06
-1.49691e-06
-1.37659e-06
-1.2629e-06
-1.15577e-06
-1.05507e-06
-9.6068e-07
-8.7243e-07
-7.90137e-07
-7.13601e-07
-6.42605e-07
-5.76925e-07
-5.16317e-07
-4.60555e-07
-4.09363e-07
-3.62559e-07
-3.19754e-07
-2.81009e-07
-2.45453e-07
-2.14139e-07
-1.84284e-07
-1.60635e-07
-1.33632e-07
-1.20138e-07
-9.00357e-08
-9.34241e-08
-5.00075e-08
-7.974e-08
-1.58437e-08
-6.74583e-08
-7.15349e-09
-2.59228e-08
-5.59196e-08
6.49258e-08
-1.49284e-07
1.47718e-07
-2.00036e-07
1.49878e-07
-2.12624e-07
1.66315e-07
-3.33417e-07
-6.7053e-06
-6.59151e-06
-6.46235e-06
-6.31914e-06
-6.16344e-06
-5.99679e-06
-5.82063e-06
-5.63632e-06
-5.44523e-06
-5.24865e-06
-5.04784e-06
-4.84398e-06
-4.63819e-06
-4.43153e-06
-4.22499e-06
-4.01949e-06
-3.81588e-06
-3.61492e-06
-3.41734e-06
-3.22375e-06
-3.03473e-06
-2.85077e-06
-2.6723e-06
-2.49968e-06
-2.33322e-06
-2.17316e-06
-2.01969e-06
-1.87294e-06
-1.73301e-06
-1.59992e-06
-1.47369e-06
-1.35428e-06
-1.24159e-06
-1.13554e-06
-1.03598e-06
-9.42749e-07
-8.55674e-07
-7.74551e-07
-6.99167e-07
-6.29294e-07
-5.64698e-07
-5.05128e-07
-4.50356e-07
-4.00093e-07
-3.54174e-07
-3.1217e-07
-2.74218e-07
-2.39301e-07
-2.08746e-07
-1.79276e-07
-1.56505e-07
-1.29425e-07
-1.17238e-07
-8.62253e-08
-9.17669e-08
-4.62873e-08
-7.91237e-08
-1.23448e-08
-6.71685e-08
-4.46509e-09
-2.5188e-08
-5.41977e-08
6.61623e-08
-1.48581e-07
1.50885e-07
-2.03199e-07
1.58224e-07
-2.20173e-07
1.75593e-07
-3.38853e-07
-6.99051e-06
-6.84563e-06
-6.68731e-06
-6.51688e-06
-6.33585e-06
-6.14576e-06
-5.94798e-06
-5.74383e-06
-5.53462e-06
-5.32159e-06
-5.10591e-06
-4.8887e-06
-4.67101e-06
-4.45381e-06
-4.23801e-06
-4.02445e-06
-3.81388e-06
-3.60701e-06
-3.40445e-06
-3.20676e-06
-3.01442e-06
-2.82785e-06
-2.6474e-06
-2.47337e-06
-2.306e-06
-2.14546e-06
-1.99188e-06
-1.84535e-06
-1.7059e-06
-1.57352e-06
-1.44818e-06
-1.32978e-06
-1.21823e-06
-1.11339e-06
-1.01509e-06
-9.23157e-07
-8.37381e-07
-7.57548e-07
-6.83432e-07
-6.1479e-07
-5.51383e-07
-4.92949e-07
-4.3926e-07
-3.9001e-07
-3.45059e-07
-3.03925e-07
-2.66843e-07
-2.32612e-07
-2.02895e-07
-1.73828e-07
-1.52036e-07
-1.2484e-07
-1.14109e-07
-8.20739e-08
-8.99778e-08
-4.22565e-08
-7.84332e-08
-8.58663e-09
-6.6813e-08
-1.58042e-09
-2.43808e-08
-5.23209e-08
6.74818e-08
-1.47754e-07
1.54124e-07
-2.06122e-07
1.66396e-07
-2.27126e-07
1.84454e-07
-3.43412e-07
-7.28863e-06
-7.11068e-06
-6.92141e-06
-6.72212e-06
-6.51428e-06
-6.2994e-06
-6.0788e-06
-5.85374e-06
-5.62546e-06
-5.39513e-06
-5.16387e-06
-4.93269e-06
-4.70256e-06
-4.47437e-06
-4.24895e-06
-4.02703e-06
-3.80928e-06
-3.59632e-06
-3.38867e-06
-3.18679e-06
-2.9911e-06
-2.80191e-06
-2.61951e-06
-2.44412e-06
-2.2759e-06
-2.11497e-06
-1.96139e-06
-1.81519e-06
-1.67634e-06
-1.54479e-06
-1.42046e-06
-1.30323e-06
-1.19295e-06
-1.08945e-06
-9.9254e-07
-9.02019e-07
-8.17661e-07
-7.39234e-07
-6.66494e-07
-5.99188e-07
-5.37068e-07
-4.7986e-07
-4.27341e-07
-3.79183e-07
-3.35277e-07
-2.95077e-07
-2.58935e-07
-2.25434e-07
-1.96632e-07
-1.67976e-07
-1.47263e-07
-1.19907e-07
-1.10779e-07
-7.76073e-08
-8.80737e-08
-3.7944e-08
-7.76717e-08
-4.60191e-09
-6.63885e-08
1.47384e-09
-2.35076e-08
-5.02917e-08
6.88453e-08
-1.46751e-07
1.57323e-07
-2.08665e-07
1.74202e-07
-2.33294e-07
1.92707e-07
-3.46966e-07
-7.59604e-06
-7.38336e-06
-7.16162e-06
-6.93208e-06
-6.69621e-06
-6.45544e-06
-6.21103e-06
-5.9642e-06
-5.71611e-06
-5.46786e-06
-5.22045e-06
-4.97484e-06
-4.7319e-06
-4.49242e-06
-4.25712e-06
-4.02666e-06
-3.80161e-06
-3.58247e-06
-3.36968e-06
-3.16362e-06
-2.96459e-06
-2.77284e-06
-2.58856e-06
-2.4119e-06
-2.24295e-06
-2.08174e-06
-1.92828e-06
-1.78253e-06
-1.64442e-06
-1.51385e-06
-1.39067e-06
-1.27473e-06
-1.16585e-06
-1.06382e-06
-9.68428e-07
-8.79442e-07
-7.96619e-07
-7.19707e-07
-6.48448e-07
-5.82576e-07
-5.21835e-07
-4.6594e-07
-4.14671e-07
-3.67678e-07
-3.24889e-07
-2.85679e-07
-2.50547e-07
-2.1781e-07
-1.89998e-07
-1.61754e-07
-1.42222e-07
-1.14652e-07
-1.07276e-07
-7.2851e-08
-8.60694e-08
-3.33781e-08
-7.68415e-08
-4.22166e-10
-6.58925e-08
4.67452e-09
-2.25782e-08
-4.81073e-08
7.02081e-08
-1.45517e-07
1.60371e-07
-2.10696e-07
1.81466e-07
-2.38511e-07
2.00174e-07
-3.49391e-07
-7.90928e-06
-7.66047e-06
-7.405e-06
-7.14411e-06
-6.8792e-06
-6.61168e-06
-6.34272e-06
-6.07348e-06
-5.80502e-06
-5.53837e-06
-5.27445e-06
-5.01411e-06
-4.75811e-06
-4.50717e-06
-4.26188e-06
-4.02281e-06
-3.79041e-06
-3.56511e-06
-3.34722e-06
-3.13703e-06
-2.93475e-06
-2.74054e-06
-2.5545e-06
-2.3767e-06
-2.20715e-06
-2.0458e-06
-1.89261e-06
-1.74747e-06
-1.61024e-06
-1.48078e-06
-1.3589e-06
-1.24439e-06
-1.13704e-06
-1.03662e-06
-9.42865e-07
-8.55534e-07
-7.74357e-07
-6.99065e-07
-6.29387e-07
-5.65041e-07
-5.05766e-07
-4.51264e-07
-4.01321e-07
-3.55559e-07
-3.13953e-07
-2.75785e-07
-2.41726e-07
-2.09783e-07
-1.83034e-07
-1.55196e-07
-1.36946e-07
-1.09104e-07
-1.03623e-07
-6.78304e-08
-8.39783e-08
-2.85868e-08
-7.59447e-08
3.92281e-09
-6.53242e-08
8.00212e-09
-2.16058e-08
-4.57599e-08
7.15218e-08
-1.43996e-07
1.63162e-07
-2.12094e-07
1.88033e-07
-2.42631e-07
2.06697e-07
-3.50565e-07
-8.22504e-06
-7.93897e-06
-7.64878e-06
-7.35566e-06
-7.06097e-06
-6.76605e-06
-6.472e-06
-6.17989e-06
-5.89072e-06
-5.60539e-06
-5.32474e-06
-5.04951e-06
-4.78037e-06
-4.51791e-06
-4.26263e-06
-4.01497e-06
-3.7753e-06
-3.54391e-06
-3.32103e-06
-3.10684e-06
-2.90145e-06
-2.70493e-06
-2.51729e-06
-2.33851e-06
-2.16852e-06
-2.00721e-06
-1.85445e-06
-1.71007e-06
-1.57389e-06
-1.44569e-06
-1.32525e-06
-1.21232e-06
-1.10664e-06
-1.00795e-06
-9.15958e-07
-8.30395e-07
-7.50973e-07
-6.77402e-07
-6.09398e-07
-5.46665e-07
-4.88938e-07
-4.35902e-07
-3.87356e-07
-3.42885e-07
-3.02526e-07
-2.65444e-07
-2.3252e-07
-2.01392e-07
-1.75779e-07
-1.48333e-07
-1.31464e-07
-1.03289e-07
-9.98431e-08
-6.25703e-08
-8.18117e-08
-2.3598e-08
-7.49829e-08
8.40516e-09
-6.46843e-08
1.14406e-08
-2.06067e-08
-4.32382e-08
7.27368e-08
-1.42131e-07
1.65595e-07
-2.12752e-07
1.93766e-07
-2.45529e-07
2.12135e-07
-3.50364e-07
-8.54014e-06
-8.21595e-06
-7.8903e-06
-7.56432e-06
-7.23934e-06
-6.91659e-06
-6.59712e-06
-6.2819e-06
-5.97182e-06
-5.66769e-06
-5.37026e-06
-5.08013e-06
-4.79788e-06
-4.52397e-06
-4.25881e-06
-4.00269e-06
-3.75589e-06
-3.51858e-06
-3.29089e-06
-3.07289e-06
-2.86459e-06
-2.66595e-06
-2.47691e-06
-2.29734e-06
-2.1271e-06
-1.96601e-06
-1.81386e-06
-1.67043e-06
-1.53546e-06
-1.40869e-06
-1.28984e-06
-1.17863e-06
-1.07475e-06
-9.77915e-07
-8.87808e-07
-8.04125e-07
-7.26561e-07
-6.54807e-07
-5.88566e-07
-5.27529e-07
-4.71425e-07
-4.19924e-07
-3.7284e-07
-3.29715e-07
-2.90661e-07
-2.54704e-07
-2.22973e-07
-1.92676e-07
-1.68269e-07
-1.41196e-07
-1.25808e-07
-9.72316e-08
-9.59569e-08
-5.70953e-08
-7.958e-08
-1.84387e-08
-7.39573e-08
1.29993e-08
-6.3975e-08
1.49774e-08
-1.95992e-08
-4.0529e-08
7.38042e-08
-1.39869e-07
1.67582e-07
-2.12581e-07
1.98552e-07
-2.47101e-07
2.16364e-07
-3.48671e-07
-8.85162e-06
-8.48869e-06
-8.12708e-06
-7.76785e-06
-7.41227e-06
-7.06148e-06
-6.71645e-06
-6.37804e-06
-6.04705e-06
-5.72418e-06
-5.41004e-06
-5.10515e-06
-4.80994e-06
-4.52478e-06
-4.24992e-06
-3.98557e-06
-3.73187e-06
-3.48888e-06
-3.25662e-06
-3.03505e-06
-2.82407e-06
-2.62355e-06
-2.43333e-06
-2.2532e-06
-2.08293e-06
-1.92227e-06
-1.77093e-06
-1.62862e-06
-1.49504e-06
-1.36986e-06
-1.25276e-06
-1.14341e-06
-1.04148e-06
-9.46624e-07
-8.58515e-07
-7.7682e-07
-7.01213e-07
-6.31367e-07
-5.66973e-07
-5.07708e-07
-4.53299e-07
-4.03395e-07
-3.57833e-07
-3.16104e-07
-2.78409e-07
-2.43609e-07
-2.13126e-07
-1.83671e-07
-1.60539e-07
-1.33814e-07
-1.20005e-07
-9.09572e-08
-9.19832e-08
-5.14298e-08
-7.72918e-08
-1.31351e-08
-7.28694e-08
1.76818e-08
-6.32002e-08
1.86025e-08
-1.86032e-08
-3.76179e-08
7.46777e-08
-1.37164e-07
1.69044e-07
-2.11506e-07
2.023e-07
-2.47266e-07
2.19282e-07
-3.45376e-07
-9.15665e-06
-8.75462e-06
-8.35679e-06
-7.96414e-06
-7.57786e-06
-7.19903e-06
-6.82848e-06
-6.46699e-06
-6.11524e-06
-5.77382e-06
-5.4432e-06
-5.1238e-06
-4.81592e-06
-4.51978e-06
-4.23553e-06
-3.96325e-06
-3.70295e-06
-3.45459e-06
-3.21806e-06
-2.9932e-06
-2.77983e-06
-2.57771e-06
-2.38657e-06
-2.20613e-06
-2.03607e-06
-1.87605e-06
-1.72572e-06
-1.58474e-06
-1.45272e-06
-1.32931e-06
-1.21412e-06
-1.10678e-06
-1.00692e-06
-9.14172e-07
-8.28174e-07
-7.48571e-07
-6.75016e-07
-6.07166e-07
-5.44697e-07
-4.87275e-07
-4.34626e-07
-3.86377e-07
-3.42394e-07
-3.02104e-07
-2.65819e-07
-2.32204e-07
-2.03022e-07
-1.74412e-07
-1.52623e-07
-1.26216e-07
-1.14079e-07
-8.44897e-08
-8.7939e-08
-4.55978e-08
-7.49547e-08
-7.7123e-09
-7.17205e-08
2.24319e-08
-6.23657e-08
2.23089e-08
-1.76392e-08
-3.44904e-08
7.53148e-08
-1.33976e-07
1.69916e-07
-2.09474e-07
2.04941e-07
-2.45964e-07
2.20807e-07
-3.40382e-07
-9.45262e-06
-9.01136e-06
-8.57727e-06
-8.15124e-06
-7.73439e-06
-7.32768e-06
-6.93185e-06
-6.54755e-06
-6.17534e-06
-5.81569e-06
-5.46896e-06
-5.13542e-06
-4.81523e-06
-4.5085e-06
-4.21525e-06
-3.93542e-06
-3.6689e-06
-3.41553e-06
-3.17507e-06
-2.94727e-06
-2.73183e-06
-2.5284e-06
-2.33664e-06
-2.15616e-06
-1.98656e-06
-1.82742e-06
-1.67833e-06
-1.53888e-06
-1.40862e-06
-1.28714e-06
-1.17401e-06
-1.06883e-06
-9.71177e-07
-8.80657e-07
-7.96881e-07
-7.19469e-07
-6.48056e-07
-5.82281e-07
-5.21813e-07
-4.66299e-07
-4.15472e-07
-3.6893e-07
-3.26576e-07
-2.87765e-07
-2.52935e-07
-2.20528e-07
-1.92697e-07
-1.64932e-07
-1.44551e-07
-1.18428e-07
-1.08056e-07
-7.78526e-08
-8.38395e-08
-3.96227e-08
-7.25751e-08
-2.19401e-09
-7.05124e-08
2.72309e-08
-6.14783e-08
2.60916e-08
-1.67278e-08
-3.11334e-08
7.56779e-08
-1.30273e-07
1.70148e-07
-2.06446e-07
2.06427e-07
-2.4316e-07
2.20881e-07
-3.33609e-07
-9.73711e-06
-9.25672e-06
-8.78653e-06
-8.32737e-06
-7.88024e-06
-7.44601e-06
-7.02529e-06
-6.6186e-06
-6.2264e-06
-5.84899e-06
-5.48662e-06
-5.13941e-06
-4.80741e-06
-4.49056e-06
-4.18877e-06
-3.90184e-06
-3.62953e-06
-3.37156e-06
-3.12758e-06
-2.89721e-06
-2.68005e-06
-2.47566e-06
-2.28358e-06
-2.10335e-06
-1.93447e-06
-1.77647e-06
-1.62885e-06
-1.49113e-06
-1.36282e-06
-1.24345e-06
-1.13255e-06
-1.02966e-06
-9.34347e-07
-8.46173e-07
-7.64724e-07
-6.89599e-07
-6.20414e-07
-5.56792e-07
-4.98393e-07
-4.44849e-07
-3.95898e-07
-3.51111e-07
-3.10433e-07
-2.73134e-07
-2.39802e-07
-2.0862e-07
-1.82187e-07
-1.55262e-07
-1.36352e-07
-1.10474e-07
-1.01956e-07
-7.10685e-08
-7.96984e-08
-3.35272e-08
-7.01588e-08
3.39751e-09
-6.92476e-08
3.20625e-08
-6.05461e-08
2.99471e-08
-1.58887e-08
-2.75354e-08
7.57351e-08
-1.26034e-07
1.69702e-07
-2.02403e-07
2.06729e-07
-2.38839e-07
2.19467e-07
-3.24996e-07
-1.00079e-05
-9.48866e-06
-8.98277e-06
-8.49091e-06
-8.014e-06
-7.55277e-06
-7.1077e-06
-6.6792e-06
-6.26757e-06
-5.873e-06
-5.49557e-06
-5.13528e-06
-4.79202e-06
-4.46561e-06
-4.15581e-06
-3.86229e-06
-3.58469e-06
-3.32259e-06
-3.07552e-06
-2.843e-06
-2.62451e-06
-2.41951e-06
-2.22744e-06
-2.04776e-06
-1.8799e-06
-1.72328e-06
-1.57736e-06
-1.44159e-06
-1.31542e-06
-1.19834e-06
-1.08982e-06
-9.89376e-07
-8.96527e-07
-8.10812e-07
-7.31793e-07
-6.59044e-07
-5.92168e-07
-5.3077e-07
-4.74505e-07
-4.22986e-07
-3.75964e-07
-3.32973e-07
-2.94013e-07
-2.58255e-07
-2.26461e-07
-1.96516e-07
-1.71527e-07
-1.4543e-07
-1.28053e-07
-1.02381e-07
-9.57997e-08
-6.41593e-08
-7.55279e-08
-2.73329e-08
-6.77105e-08
9.04155e-09
-6.79289e-08
3.69127e-08
-5.9578e-08
3.38736e-08
-1.51405e-08
-2.36876e-08
7.54605e-08
-1.21244e-07
1.68553e-07
-1.97341e-07
2.05841e-07
-2.33007e-07
2.16552e-07
-3.14508e-07
-1.02629e-05
-9.70538e-06
-9.16435e-06
-8.64041e-06
-8.13437e-06
-7.64681e-06
-7.1781e-06
-6.72849e-06
-6.29814e-06
-5.8871e-06
-5.4953e-06
-5.1226e-06
-4.76873e-06
-4.43339e-06
-4.11617e-06
-3.81664e-06
-3.53428e-06
-3.26855e-06
-3.01887e-06
-2.78464e-06
-2.56522e-06
-2.35999e-06
-2.16829e-06
-1.98948e-06
-1.82291e-06
-1.66795e-06
-1.52397e-06
-1.39037e-06
-1.26654e-06
-1.15191e-06
-1.04593e-06
-9.48069e-07
-8.57808e-07
-7.74663e-07
-6.9817e-07
-6.27885e-07
-5.63393e-07
-5.04286e-07
-4.50214e-07
-4.00772e-07
-3.55724e-07
-3.14567e-07
-2.77364e-07
-2.4317e-07
-2.12951e-07
-1.84251e-07
-1.60748e-07
-1.35465e-07
-1.1968e-07
-9.41697e-08
-8.96054e-08
-5.71461e-08
-7.13388e-08
-2.10609e-08
-6.52349e-08
1.47191e-08
-6.65601e-08
4.17697e-08
-5.85834e-08
3.78696e-08
-1.44999e-08
-1.95839e-08
7.48347e-08
-1.15898e-07
1.66691e-07
-1.91269e-07
2.03772e-07
-2.25691e-07
2.12144e-07
-3.02131e-07
-1.05003e-05
-9.90522e-06
-9.32981e-06
-8.77458e-06
-8.24021e-06
-7.72716e-06
-7.23563e-06
-6.76573e-06
-6.31748e-06
-5.89077e-06
-5.48538e-06
-5.10102e-06
-4.73727e-06
-4.39368e-06
-4.06971e-06
-3.76477e-06
-3.47823e-06
-3.20942e-06
-2.95763e-06
-2.72215e-06
-2.50224e-06
-2.29717e-06
-2.1062e-06
-1.92859e-06
-1.76362e-06
-1.61058e-06
-1.46879e-06
-1.33756e-06
-1.21626e-06
-1.10427e-06
-1.00098e-06
-9.05836e-07
-8.18284e-07
-7.37813e-07
-6.6394e-07
-5.96198e-07
-5.34163e-07
-4.77409e-07
-4.25583e-07
-3.78264e-07
-3.35232e-07
-2.95941e-07
-2.6053e-07
-2.2792e-07
-1.99308e-07
-1.71856e-07
-1.49881e-07
-1.25393e-07
-1.11255e-07
-8.58632e-08
-8.33897e-08
-5.00491e-08
-6.71405e-08
-1.47307e-08
-6.2736e-08
2.04127e-08
-6.51451e-08
4.66232e-08
-5.75721e-08
4.19342e-08
-1.39816e-08
-1.52218e-08
7.38447e-08
-1.09998e-07
1.64113e-07
-1.84212e-07
2.00545e-07
-2.16935e-07
2.06271e-07
-2.87882e-07
-1.07185e-05
-1.00867e-05
-9.47786e-06
-8.89229e-06
-8.33056e-06
-7.79296e-06
-7.27957e-06
-6.79033e-06
-6.32509e-06
-5.8836e-06
-5.46548e-06
-5.07027e-06
-4.69743e-06
-4.34634e-06
-4.01631e-06
-3.70663e-06
-3.41653e-06
-3.1452e-06
-2.89184e-06
-2.6556e-06
-2.43564e-06
-2.23114e-06
-2.04126e-06
-1.86519e-06
-1.70212e-06
-1.55128e-06
-1.41191e-06
-1.28328e-06
-1.16471e-06
-1.05552e-06
-9.55071e-07
-8.6277e-07
-7.78042e-07
-7.00347e-07
-6.2918e-07
-5.64059e-07
-5.04545e-07
-4.50201e-07
-4.00672e-07
-3.55515e-07
-3.14537e-07
-2.77141e-07
-2.43552e-07
-2.12541e-07
-1.85567e-07
-1.59363e-07
-1.38951e-07
-1.15238e-07
-1.028e-07
-7.74821e-08
-7.71675e-08
-4.28875e-08
-6.29415e-08
-8.36103e-09
-6.0218e-08
2.61068e-08
-6.36888e-08
5.1465e-08
-5.65538e-08
4.60664e-08
-1.35977e-08
-1.06019e-08
7.24835e-08
-1.03556e-07
1.60829e-07
-1.76205e-07
1.96201e-07
-2.06802e-07
1.98982e-07
-2.71802e-07
-1.0916e-05
-1.02486e-05
-9.60738e-06
-8.99256e-06
-8.40456e-06
-7.84351e-06
-7.30931e-06
-6.80177e-06
-6.32056e-06
-5.86526e-06
-5.43534e-06
-5.03018e-06
-4.64908e-06
-4.29128e-06
-3.95594e-06
-3.64221e-06
-3.34919e-06
-3.07595e-06
-2.82155e-06
-2.58505e-06
-2.36551e-06
-2.162e-06
-1.97359e-06
-1.79939e-06
-1.63853e-06
-1.49015e-06
-1.35344e-06
-1.22763e-06
-1.11197e-06
-1.00575e-06
-9.0829e-07
-8.18963e-07
-7.3717e-07
-6.62346e-07
-5.93968e-07
-5.31538e-07
-4.74608e-07
-4.22724e-07
-3.75535e-07
-3.32578e-07
-2.93688e-07
-2.5821e-07
-2.2647e-07
-1.97069e-07
-1.71759e-07
-1.46799e-07
-1.27986e-07
-1.05024e-07
-9.43357e-08
-6.90463e-08
-7.09525e-08
-3.56796e-08
-5.87494e-08
-1.96932e-09
-5.76847e-08
3.17873e-08
-6.2196e-08
5.62878e-08
-5.55377e-08
5.02646e-08
-1.33578e-08
-5.72823e-09
7.07502e-08
-9.65885e-08
1.56858e-07
-1.67294e-07
1.90788e-07
-1.95366e-07
1.9034e-07
-2.53956e-07
-1.10916e-05
-1.03898e-05
-9.71742e-06
-9.07458e-06
-8.46153e-06
-7.87822e-06
-7.32439e-06
-6.79966e-06
-6.30356e-06
-5.8355e-06
-5.39478e-06
-4.98061e-06
-4.59214e-06
-4.22846e-06
-3.88859e-06
-3.57154e-06
-3.27626e-06
-3.00172e-06
-2.74686e-06
-2.51061e-06
-2.29195e-06
-2.08985e-06
-1.90329e-06
-1.73131e-06
-1.57295e-06
-1.42731e-06
-1.29351e-06
-1.17073e-06
-1.05816e-06
-9.55067e-07
-8.60737e-07
-7.74506e-07
-6.95752e-07
-6.2389e-07
-5.58378e-07
-4.98704e-07
-4.44412e-07
-3.95035e-07
-3.50228e-07
-3.09501e-07
-2.72728e-07
-2.39187e-07
-2.0932e-07
-1.81535e-07
-1.57915e-07
-1.3419e-07
-1.17009e-07
-9.47715e-08
-8.5879e-08
-6.05743e-08
-6.47567e-08
-2.84428e-08
-5.45709e-08
4.42828e-09
-5.51399e-08
3.74418e-08
-6.06724e-08
6.1086e-08
-5.45328e-08
5.4527e-08
-1.32687e-08
-6.08305e-10
6.86491e-08
-8.91188e-08
1.52226e-07
-1.57531e-07
1.84369e-07
-1.82714e-07
1.80425e-07
-2.34437e-07
-1.12442e-05
-1.05093e-05
-9.80718e-06
-9.13768e-06
-8.5009e-06
-7.89663e-06
-7.32442e-06
-6.78373e-06
-6.2739e-06
-5.79418e-06
-5.3437e-06
-4.92151e-06
-4.52661e-06
-4.15791e-06
-3.81432e-06
-3.49468e-06
-3.19784e-06
-2.92262e-06
-2.66786e-06
-2.4324e-06
-2.21509e-06
-2.01482e-06
-1.8305e-06
-1.66107e-06
-1.50552e-06
-1.36288e-06
-1.23223e-06
-1.11267e-06
-1.00338e-06
-9.03573e-07
-8.12506e-07
-7.29487e-07
-6.53871e-07
-5.85054e-07
-5.2248e-07
-4.65622e-07
-4.14019e-07
-3.67191e-07
-3.24799e-07
-2.86331e-07
-2.51699e-07
-2.2011e-07
-1.92137e-07
-1.65971e-07
-1.44062e-07
-1.21562e-07
-1.06043e-07
-8.45018e-08
-7.74466e-08
-5.20838e-08
-5.85911e-08
-2.11935e-08
-5.0412e-08
1.08169e-08
-5.25875e-08
4.30594e-08
-5.91234e-08
6.58545e-08
-5.35472e-08
5.88507e-08
-1.33344e-08
4.74734e-09
6.61899e-08
-8.11758e-08
1.46967e-07
-1.46977e-07
1.77009e-07
-1.68944e-07
1.69326e-07
-2.13355e-07
-1.13728e-05
-1.06064e-05
-9.87603e-06
-9.18132e-06
-8.52225e-06
-7.8984e-06
-7.30915e-06
-6.75377e-06
-6.23144e-06
-5.74122e-06
-5.28207e-06
-4.85289e-06
-4.45251e-06
-4.07969e-06
-3.7332e-06
-3.41174e-06
-3.11403e-06
-2.83878e-06
-2.58471e-06
-2.35055e-06
-2.13506e-06
-1.93705e-06
-1.75534e-06
-1.5888e-06
-1.43636e-06
-1.29699e-06
-1.1697e-06
-1.05358e-06
-9.47737e-07
-8.51364e-07
-7.63687e-07
-6.8399e-07
-6.11606e-07
-5.45912e-07
-4.86341e-07
-4.32355e-07
-3.83486e-07
-3.39242e-07
-2.99297e-07
-2.63109e-07
-2.30641e-07
-2.01014e-07
-1.74952e-07
-1.50405e-07
-1.30225e-07
-1.08938e-07
-9.51064e-08
-7.42335e-08
-6.90535e-08
-4.35913e-08
-5.24653e-08
-1.39469e-08
-4.62781e-08
1.71828e-08
-5.00312e-08
4.86305e-08
-5.75547e-08
7.0589e-08
-5.2588e-08
6.3232e-08
-1.35563e-08
1.03252e-08
6.33864e-08
-7.27926e-08
1.41117e-07
-1.35697e-07
1.68783e-07
-1.54159e-07
1.57143e-07
-1.9084e-07
-1.14768e-05
-1.06805e-05
-9.92346e-06
-9.20512e-06
-8.52527e-06
-7.88331e-06
-7.27842e-06
-6.7097e-06
-6.17614e-06
-5.67662e-06
-5.20994e-06
-4.77482e-06
-4.36993e-06
-3.99391e-06
-3.64536e-06
-3.32285e-06
-3.02498e-06
-2.75034e-06
-2.49754e-06
-2.26521e-06
-2.05202e-06
-1.85668e-06
-1.67795e-06
-1.51464e-06
-1.3656e-06
-1.22975e-06
-1.10605e-06
-9.93552e-07
-8.9133e-07
-7.98535e-07
-7.14371e-07
-6.38099e-07
-5.69033e-07
-5.06535e-07
-4.50028e-07
-3.9896e-07
-3.52866e-07
-3.11238e-07
-2.73766e-07
-2.39877e-07
-2.09589e-07
-1.81933e-07
-1.57795e-07
-1.34864e-07
-1.1643e-07
-9.63382e-08
-8.42192e-08
-6.39846e-08
-6.07133e-08
-3.51125e-08
-4.63881e-08
-6.71739e-09
-4.21742e-08
2.35137e-08
-4.74749e-08
5.41468e-08
-5.5972e-08
7.5286e-08
-5.16615e-08
6.76661e-08
-1.39332e-08
1.61092e-08
6.02565e-08
-6.4006e-08
1.34721e-07
-1.2376e-07
1.59769e-07
-1.38468e-07
1.43982e-07
-1.67039e-07
-1.15556e-05
-1.07312e-05
-9.94914e-06
-9.20882e-06
-8.50979e-06
-7.85124e-06
-7.23218e-06
-6.65151e-06
-6.10803e-06
-5.60044e-06
-5.12738e-06
-4.68741e-06
-4.27903e-06
-3.90072e-06
-3.55096e-06
-3.22818e-06
-2.93086e-06
-2.65747e-06
-2.40652e-06
-2.17653e-06
-1.96611e-06
-1.77386e-06
-1.59849e-06
-1.43872e-06
-1.29336e-06
-1.16128e-06
-1.0414e-06
-9.32707e-07
-8.34261e-07
-7.4518e-07
-6.64645e-07
-5.91893e-07
-5.26225e-07
-4.66989e-07
-4.136e-07
-3.65496e-07
-3.22212e-07
-2.83226e-07
-2.48248e-07
-2.16672e-07
-1.88579e-07
-1.62897e-07
-1.40693e-07
-1.19372e-07
-1.02698e-07
-8.3784e-08
-7.33979e-08
-5.37714e-08
-5.24382e-08
-2.66618e-08
-4.03673e-08
4.81767e-10
-3.81046e-08
2.97984e-08
-4.49221e-08
5.96012e-08
-5.43808e-08
7.99422e-08
-5.07728e-08
7.21475e-08
-1.44614e-08
2.2081e-08
5.68216e-08
-5.4856e-08
1.27825e-07
-1.11238e-07
1.50048e-07
-1.21981e-07
1.29954e-07
-1.42106e-07
-1.16088e-05
-1.07581e-05
-9.95285e-06
-9.19227e-06
-8.47572e-06
-7.80219e-06
-7.17046e-06
-6.57926e-06
-6.02721e-06
-5.51283e-06
-5.03457e-06
-4.59083e-06
-4.17997e-06
-3.80031e-06
-3.45019e-06
-3.12793e-06
-2.83186e-06
-2.56036e-06
-2.31183e-06
-2.08471e-06
-1.8775e-06
-1.68876e-06
-1.5171e-06
-1.36119e-06
-1.2198e-06
-1.09172e-06
-9.75855e-07
-8.7115e-07
-7.76632e-07
-6.91392e-07
-6.14592e-07
-5.45451e-07
-4.83255e-07
-4.27341e-07
-3.77118e-07
-3.32015e-07
-2.9157e-07
-2.55249e-07
-2.22784e-07
-1.9353e-07
-1.67642e-07
-1.43934e-07
-1.23673e-07
-1.03952e-07
-8.90492e-08
-7.12933e-08
-6.26579e-08
-4.36095e-08
-4.42391e-08
-1.8253e-08
-3.44096e-08
7.63833e-09
-3.40734e-08
3.60268e-08
-4.23767e-08
6.49873e-08
-5.27863e-08
8.45544e-08
-4.99259e-08
7.66696e-08
-1.51352e-08
2.82201e-08
5.31058e-08
-4.53847e-08
1.20478e-07
-9.82033e-08
1.39701e-07
-1.04812e-07
1.1517e-07
-1.16204e-07
-1.16361e-05
-1.0761e-05
-9.93449e-06
-9.15546e-06
-8.42311e-06
-7.73622e-06
-7.09338e-06
-6.49312e-06
-5.93387e-06
-5.41397e-06
-4.9317e-06
-4.48531e-06
-4.07298e-06
-3.6929e-06
-3.34328e-06
-3.02229e-06
-2.72818e-06
-2.4592e-06
-2.21366e-06
-1.98992e-06
-1.78638e-06
-1.60153e-06
-1.43393e-06
-1.2822e-06
-1.14503e-06
-1.02119e-06
-9.09536e-07
-8.08986e-07
-7.18538e-07
-6.37261e-07
-5.64295e-07
-4.98846e-07
-4.40189e-07
-3.87651e-07
-3.40637e-07
-2.98568e-07
-2.60988e-07
-2.27349e-07
-1.97409e-07
-1.70484e-07
-1.46808e-07
-1.2507e-07
-1.06759e-07
-8.8626e-08
-7.55019e-08
-5.88832e-08
-5.20134e-08
-3.35132e-08
-3.61259e-08
-9.89858e-09
-2.8521e-08
1.47411e-08
-3.0084e-08
4.21899e-08
-3.98421e-08
7.03e-08
-5.11936e-08
8.91199e-08
-4.91236e-08
8.12248e-08
-1.59469e-08
3.45046e-08
4.91358e-08
-3.56362e-08
1.12731e-07
-8.47301e-08
1.28812e-07
-8.70709e-08
9.97417e-08
-8.94985e-08
-1.16375e-05
-1.074e-05
-9.89411e-06
-9.09848e-06
-8.35209e-06
-7.65351e-06
-7.00114e-06
-6.3933e-06
-5.82823e-06
-5.30411e-06
-4.81903e-06
-4.37108e-06
-3.9583e-06
-3.57874e-06
-3.23045e-06
-2.91152e-06
-2.62006e-06
-2.35423e-06
-2.11223e-06
-1.89235e-06
-1.69292e-06
-1.51236e-06
-1.34916e-06
-1.20188e-06
-1.06919e-06
-9.49812e-07
-8.42558e-07
-7.46321e-07
-6.60076e-07
-5.82872e-07
-5.13832e-07
-4.5215e-07
-3.97092e-07
-3.47977e-07
-3.04209e-07
-2.65202e-07
-2.30507e-07
-1.99563e-07
-1.72159e-07
-1.47565e-07
-1.26104e-07
-1.06331e-07
-8.99708e-08
-7.34129e-08
-6.20733e-08
-4.65695e-08
-4.14769e-08
-2.34957e-08
-2.81073e-08
-1.61022e-09
-2.2707e-08
2.17797e-08
-2.61399e-08
4.82797e-08
-3.73219e-08
7.55346e-08
-4.9607e-08
9.36359e-08
-4.83678e-08
8.58049e-08
-1.6887e-08
4.09113e-08
4.49399e-08
-2.56557e-08
1.04637e-07
-7.08918e-08
1.1746e-07
-6.88657e-08
8.37786e-08
-6.21528e-08
-1.16129e-05
-1.06952e-05
-9.83184e-06
-9.02149e-06
-8.26287e-06
-7.55431e-06
-6.894e-06
-6.28008e-06
-5.7106e-06
-5.18354e-06
-4.69686e-06
-4.24845e-06
-3.83623e-06
-3.4581e-06
-3.11199e-06
-2.79586e-06
-2.50773e-06
-2.24565e-06
-2.00774e-06
-1.7922e-06
-1.5973e-06
-1.4214e-06
-1.26292e-06
-1.12039e-06
-9.92424e-07
-8.77709e-07
-7.75031e-07
-6.83256e-07
-6.01339e-07
-5.28309e-07
-4.6328e-07
-4.05432e-07
-3.54027e-07
-3.08377e-07
-2.67886e-07
-2.31962e-07
-2.00168e-07
-1.71927e-07
-1.47064e-07
-1.24801e-07
-1.05555e-07
-8.77395e-08
-7.33297e-08
-5.83308e-08
-4.87787e-08
-3.43666e-08
-3.10598e-08
-1.35693e-08
-2.01909e-08
6.60139e-09
-1.69719e-08
2.87448e-08
-2.22439e-08
5.42891e-08
-3.48193e-08
8.06873e-08
-4.80307e-08
9.80995e-08
-4.76592e-08
9.04011e-08
-1.79446e-08
4.74161e-08
4.05481e-08
-1.54888e-08
9.62489e-08
-5.67612e-08
1.05727e-07
-5.03006e-08
6.7386e-08
-3.43264e-08
-1.15625e-05
-1.06266e-05
-9.74794e-06
-8.9248e-06
-8.15576e-06
-7.43893e-06
-6.7723e-06
-6.1538e-06
-5.5813e-06
-5.05261e-06
-4.5655e-06
-4.11773e-06
-3.70707e-06
-3.33128e-06
-2.98817e-06
-2.67559e-06
-2.39144e-06
-2.13371e-06
-1.90041e-06
-1.68968e-06
-1.49973e-06
-1.32884e-06
-1.17539e-06
-1.03788e-06
-9.14858e-07
-8.05003e-07
-7.07066e-07
-6.19892e-07
-5.42416e-07
-4.73655e-07
-4.12711e-07
-3.58758e-07
-3.11052e-07
-2.68902e-07
-2.31713e-07
-1.9889e-07
-1.70008e-07
-1.44475e-07
-1.22156e-07
-1.02219e-07
-8.51864e-08
-6.93154e-08
-5.68538e-08
-4.3396e-08
-3.5632e-08
-2.2288e-08
-2.07722e-08
-3.74507e-09
-1.23835e-08
1.47264e-08
-1.13199e-08
3.5628e-08
-1.83986e-08
6.02119e-08
-3.23374e-08
8.57549e-08
-4.64684e-08
1.02508e-07
-4.69975e-08
9.5004e-08
-1.91078e-08
5.39945e-08
3.59914e-08
-5.18174e-09
8.76204e-08
-4.24094e-08
9.36899e-08
-3.14747e-08
5.0664e-08
-6.17054e-09
-1.14866e-05
-1.05347e-05
-9.64273e-06
-8.80876e-06
-8.03114e-06
-7.30777e-06
-6.63643e-06
-6.01485e-06
-5.44072e-06
-4.91168e-06
-4.42533e-06
-3.97928e-06
-3.57115e-06
-3.19859e-06
-2.85928e-06
-2.55097e-06
-2.27146e-06
-2.01864e-06
-1.79047e-06
-1.585e-06
-1.40038e-06
-1.23484e-06
-1.08672e-06
-9.54474e-07
-8.36625e-07
-7.31812e-07
-6.3877e-07
-5.56324e-07
-4.83394e-07
-4.18987e-07
-3.62197e-07
-3.12191e-07
-2.68224e-07
-2.29602e-07
-1.95736e-07
-1.66025e-07
-1.40062e-07
-1.17239e-07
-9.74614e-08
-7.98421e-08
-6.50181e-08
-5.10782e-08
-4.05595e-08
-2.86237e-08
-2.26457e-08
-1.03456e-08
-1.06232e-08
5.96667e-09
-4.69097e-09
2.27559e-08
-5.75428e-09
4.24217e-08
-1.46065e-08
6.60427e-08
-2.98791e-08
9.07345e-08
-4.4923e-08
1.06858e-07
-4.63819e-08
9.96038e-08
-2.03637e-08
6.06214e-08
3.13011e-08
5.21983e-09
7.88051e-08
-2.7906e-08
8.14232e-08
-1.24813e-08
3.37069e-08
2.21739e-08
-1.13856e-05
-1.04199e-05
-9.51667e-06
-8.67382e-06
-7.88947e-06
-7.16128e-06
-6.48683e-06
-5.86367e-06
-5.2893e-06
-4.76117e-06
-4.27674e-06
-3.83347e-06
-3.42884e-06
-3.06038e-06
-2.72565e-06
-2.42231e-06
-2.14806e-06
-1.90071e-06
-1.67815e-06
-1.47836e-06
-1.29944e-06
-1.13958e-06
-9.97078e-07
-8.70332e-07
-7.57853e-07
-6.58254e-07
-5.70248e-07
-4.92647e-07
-4.24358e-07
-3.64381e-07
-3.11802e-07
-2.65789e-07
-2.25594e-07
-1.90524e-07
-1.59996e-07
-1.33405e-07
-1.10363e-07
-9.02456e-08
-7.30055e-08
-5.76939e-08
-4.50699e-08
-3.30453e-08
-2.4462e-08
-1.40277e-08
-9.83115e-09
1.44937e-09
-6.20699e-10
1.55566e-08
2.88175e-09
3.06818e-08
-2.78016e-10
4.91189e-08
-1.08696e-08
7.17768e-08
-2.7447e-08
9.56238e-08
-4.33972e-08
1.11148e-07
-4.58104e-08
1.04191e-07
-2.16989e-08
6.72722e-08
2.6509e-08
1.56707e-08
6.98557e-08
-1.3318e-08
6.89984e-08
6.59279e-09
1.66022e-08
5.05786e-08
-1.126e-05
-1.02826e-05
-9.37024e-06
-8.52049e-06
-7.73125e-06
-6.99997e-06
-6.32401e-06
-5.70074e-06
-5.12748e-06
-4.60151e-06
-4.12014e-06
-3.68069e-06
-3.28049e-06
-2.91697e-06
-2.58759e-06
-2.28989e-06
-2.0215e-06
-1.78015e-06
-1.56367e-06
-1.36998e-06
-1.19712e-06
-1.04324e-06
-9.06608e-07
-7.85589e-07
-6.7867e-07
-5.84442e-07
-5.01602e-07
-4.28951e-07
-3.65389e-07
-3.09907e-07
-2.61593e-07
-2.19609e-07
-1.83214e-07
-1.51713e-07
-1.24531e-07
-1.01064e-07
-8.09416e-08
-6.35229e-08
-4.88118e-08
-3.57945e-08
-2.536e-08
-1.52327e-08
-8.57482e-09
3.79753e-10
2.80169e-09
1.30869e-08
9.22841e-09
2.50164e-08
1.03303e-08
3.84966e-08
5.10644e-09
5.57137e-08
-7.18994e-09
7.74102e-08
-2.50435e-08
1.00421e-07
-4.18933e-08
1.15374e-07
-4.52808e-08
1.08754e-07
-2.30994e-08
7.39224e-08
2.16465e-08
2.61269e-08
6.08241e-08
1.29028e-09
5.64831e-08
2.56675e-08
-5.69896e-10
7.89285e-08
-1.11102e-05
-1.01235e-05
-9.20404e-06
-8.34935e-06
-7.55705e-06
-6.82437e-06
-6.14849e-06
-5.52657e-06
-4.95575e-06
-4.43317e-06
-3.95598e-06
-3.52134e-06
-3.1265e-06
-2.76873e-06
-2.44542e-06
-2.15402e-06
-1.89207e-06
-1.65723e-06
-1.44726e-06
-1.26006e-06
-1.09359e-06
-9.45987e-07
-8.15469e-07
-7.00385e-07
-5.99198e-07
-5.10484e-07
-4.32929e-07
-3.65323e-07
-3.06562e-07
-2.55635e-07
-2.11628e-07
-1.73705e-07
-1.4113e-07
-1.13209e-07
-8.9379e-08
-6.90328e-08
-5.18251e-08
-3.70949e-08
-2.49017e-08
-1.41627e-08
-5.90458e-09
2.34519e-09
7.08973e-09
1.45873e-08
1.5244e-08
2.45581e-08
1.89181e-08
3.43383e-08
1.76511e-08
4.61938e-08
1.03971e-08
6.22006e-08
-3.56898e-09
8.29394e-08
-2.26708e-08
1.05124e-07
-4.04128e-08
1.19534e-07
-4.479e-08
1.13285e-07
-2.45514e-08
8.05484e-08
1.67444e-08
3.65457e-08
5.17604e-08
1.58574e-08
4.3941e-08
4.46695e-08
-1.77363e-08
1.07123e-07
-1.0937e-05
-9.94313e-06
-9.01872e-06
-8.16102e-06
-7.36748e-06
-6.6351e-06
-5.96084e-06
-5.3417e-06
-4.77464e-06
-4.25664e-06
-3.78469e-06
-3.35586e-06
-2.96724e-06
-2.61602e-06
-2.29949e-06
-2.015e-06
-1.76003e-06
-1.53219e-06
-1.32917e-06
-1.1488e-06
-9.89049e-07
-8.47984e-07
-7.2381e-07
-6.14852e-07
-5.19558e-07
-4.36489e-07
-3.64324e-07
-3.01848e-07
-2.47953e-07
-2.0163e-07
-1.61965e-07
-1.28128e-07
-9.93857e-08
-7.50513e-08
-5.45727e-08
-3.73419e-08
-2.30393e-08
-1.09841e-08
-1.29449e-09
7.18448e-09
1.32817e-08
1.96753e-08
2.25208e-08
2.85848e-08
2.74879e-08
3.58547e-08
2.84433e-08
4.35156e-08
2.48412e-08
5.37675e-08
1.55921e-08
6.85749e-08
-8.13268e-12
8.83616e-08
-2.03307e-08
1.09731e-07
-3.89572e-08
1.23624e-07
-4.43348e-08
1.17773e-07
-2.6041e-08
8.71273e-08
1.18328e-08
4.68861e-08
4.27131e-08
3.03254e-08
3.14314e-08
6.35327e-08
-3.48313e-08
1.35076e-07
-1.07411e-05
-9.74228e-06
-8.81496e-06
-7.9562e-06
-7.1632e-06
-6.43276e-06
-5.76166e-06
-5.14669e-06
-4.58466e-06
-4.07239e-06
-3.60675e-06
-3.18466e-06
-2.80312e-06
-2.45921e-06
-2.15011e-06
-1.87314e-06
-1.62568e-06
-1.40528e-06
-1.2096e-06
-1.03643e-06
-8.83674e-07
-7.49398e-07
-6.31778e-07
-5.29122e-07
-4.39864e-07
-3.62558e-07
-2.95877e-07
-2.38604e-07
-1.89632e-07
-1.47952e-07
-1.12658e-07
-8.29229e-08
-5.80229e-08
-3.72755e-08
-2.01435e-08
-6.0182e-09
5.39221e-09
1.47892e-08
2.1992e-08
2.82315e-08
3.21856e-08
3.67459e-08
3.77088e-08
4.23633e-08
3.95267e-08
4.69695e-08
3.77996e-08
5.25421e-08
3.1898e-08
6.12123e-08
2.06904e-08
7.48325e-08
3.49145e-09
9.36743e-08
-1.80249e-08
1.14242e-07
-3.75274e-08
1.27642e-07
-4.39116e-08
1.22208e-07
-2.75545e-08
9.36373e-08
6.94029e-09
5.71096e-08
3.37282e-08
4.46401e-08
1.90094e-08
8.21976e-08
-5.17963e-08
1.62714e-07
-1.05233e-05
-9.52171e-06
-8.59352e-06
-7.73559e-06
-6.9449e-06
-6.21803e-06
-5.55156e-06
-4.94212e-06
-4.38637e-06
-3.88096e-06
-3.42263e-06
-3.00819e-06
-2.63453e-06
-2.29865e-06
-1.99764e-06
-1.72874e-06
-1.48929e-06
-1.27676e-06
-1.08879e-06
-9.23123e-07
-7.77647e-07
-6.5039e-07
-5.39516e-07
-4.43321e-07
-3.60229e-07
-2.8879e-07
-2.27675e-07
-1.75668e-07
-1.31664e-07
-9.46609e-08
-6.37582e-08
-3.81354e-08
-1.70798e-08
8.49721e-11
1.38798e-08
2.49134e-08
3.34479e-08
4.02062e-08
4.49419e-08
4.89646e-08
5.07954e-08
5.35466e-08
5.26453e-08
5.59149e-08
5.13547e-08
5.78962e-08
4.69834e-08
6.14124e-08
3.88197e-08
6.85237e-08
2.56908e-08
8.097e-08
6.92884e-09
9.88755e-08
-1.57546e-08
1.18656e-07
-3.61238e-08
1.31586e-07
-4.35165e-08
1.26583e-07
-2.90789e-08
1.00058e-07
2.09404e-09
6.71797e-08
2.4849e-08
5.87512e-08
6.72539e-09
1.00611e-07
-6.85795e-08
1.89978e-07
-1.02844e-05
-9.28224e-06
-8.35519e-06
-7.49996e-06
-6.7133e-06
-5.99157e-06
-5.33119e-06
-4.72861e-06
-4.18031e-06
-3.68284e-06
-3.2328e-06
-2.82689e-06
-2.46189e-06
-2.13472e-06
-1.84241e-06
-1.58211e-06
-1.35112e-06
-1.14688e-06
-9.6696e-07
-8.09093e-07
-6.71142e-07
-5.51114e-07
-4.47161e-07
-3.57569e-07
-2.80759e-07
-2.15279e-07
-1.598e-07
-1.13111e-07
-7.41132e-08
-4.18104e-08
-1.5312e-08
6.19406e-09
2.34083e-08
3.69996e-08
4.74707e-08
5.54302e-08
6.11084e-08
6.52503e-08
6.75408e-08
6.93713e-08
6.91007e-08
7.00682e-08
6.73229e-08
6.92325e-08
6.29669e-08
6.86291e-08
5.59918e-08
7.01218e-08
4.56047e-08
7.56976e-08
3.05928e-08
8.69842e-08
1.03033e-08
1.03964e-07
-1.3521e-08
1.2297e-07
-3.47469e-08
1.35452e-07
-4.31456e-08
1.30887e-07
-3.06016e-08
1.0637e-07
-2.68057e-09
7.70628e-08
1.61159e-08
7.26126e-08
-5.3748e-09
1.18726e-07
-8.51354e-08
2.16817e-07
-1.00254e-05
-9.02474e-06
-8.1008e-06
-7.25009e-06
-6.46913e-06
-5.7541e-06
-5.1012e-06
-4.50675e-06
-3.96707e-06
-3.47857e-06
-3.03775e-06
-2.64119e-06
-2.28559e-06
-1.96778e-06
-1.68473e-06
-1.43354e-06
-1.21145e-06
-1.01586e-06
-8.44319e-07
-6.94527e-07
-5.64329e-07
-4.51722e-07
-3.54846e-07
-2.71985e-07
-2.01557e-07
-1.42114e-07
-9.23303e-08
-5.10016e-08
-1.70377e-08
1.05483e-08
3.26362e-08
5.00274e-08
6.34088e-08
7.34404e-08
8.06053e-08
8.55116e-08
8.83561e-08
8.99064e-08
8.97761e-08
8.94406e-08
8.70925e-08
8.63026e-08
8.17354e-08
8.231e-08
7.43592e-08
7.91634e-08
6.48224e-08
7.86662e-08
5.2252e-08
8.27305e-08
3.53958e-08
9.28728e-08
1.36145e-08
1.08938e-07
-1.13251e-08
1.27186e-07
-3.33966e-08
1.39238e-07
-4.27949e-08
1.35114e-07
-3.21109e-08
1.12557e-07
-7.36018e-09
8.67283e-08
7.56573e-09
8.61825e-08
-1.725e-08
1.36502e-07
-1.01424e-07
2.43191e-07
-9.74712e-06
-8.7501e-06
-7.83118e-06
-6.98678e-06
-6.21317e-06
-5.5063e-06
-4.86225e-06
-4.27715e-06
-3.7472e-06
-3.26867e-06
-2.83795e-06
-2.45153e-06
-2.10602e-06
-1.7982e-06
-1.52495e-06
-1.28332e-06
-1.07053e-06
-8.83946e-07
-7.21077e-07
-5.79608e-07
-4.57372e-07
-3.52356e-07
-2.62697e-07
-1.86678e-07
-1.2272e-07
-6.93797e-08
-2.53394e-08
1.05966e-08
3.95071e-08
6.23679e-08
8.00455e-08
9.33297e-08
1.02892e-07
1.09382e-07
1.13262e-07
1.15139e-07
1.15175e-07
1.14161e-07
1.11637e-07
1.09163e-07
1.04763e-07
1.02243e-07
9.58776e-08
9.51423e-08
8.55284e-08
8.94948e-08
7.34735e-08
8.7042e-08
5.87609e-08
8.96196e-08
4.00998e-08
9.86337e-08
1.68619e-08
1.13796e-07
-9.16749e-09
1.31302e-07
-3.20727e-08
1.42943e-07
-4.24604e-08
1.39256e-07
-3.35959e-08
1.18603e-07
-1.19236e-08
9.61487e-08
-7.68134e-10
9.94238e-08
-2.88639e-08
1.53904e-07
-1.17412e-07
2.69068e-07
-9.45062e-06
-8.45925e-06
-7.54722e-06
-6.71086e-06
-5.94617e-06
-5.24892e-06
-4.61501e-06
-4.04044e-06
-3.52127e-06
-3.05366e-06
-2.63388e-06
-2.25834e-06
-1.92359e-06
-1.62632e-06
-1.36337e-06
-1.13175e-06
-9.28636e-07
-7.51365e-07
-5.97437e-07
-4.64516e-07
-3.50428e-07
-2.53156e-07
-1.70836e-07
-1.01755e-07
-4.43405e-08
2.8436e-09
4.11037e-08
7.16239e-08
9.54701e-08
1.13604e-07
1.26878e-07
1.36069e-07
1.4183e-07
1.448e-07
1.45421e-07
1.44296e-07
1.41552e-07
1.38003e-07
1.33112e-07
1.2853e-07
1.22105e-07
1.17883e-07
1.09745e-07
1.07725e-07
9.64719e-08
9.96199e-08
8.19438e-08
9.52463e-08
6.51312e-08
9.63624e-08
4.47049e-08
1.04265e-07
2.00454e-08
1.18539e-07
-7.04864e-09
1.35319e-07
-3.07747e-08
1.46563e-07
-4.21384e-08
1.43307e-07
-3.50467e-08
1.24493e-07
-1.63519e-08
1.053e-07
-8.85617e-09
1.12304e-07
-4.01844e-08
1.709e-07
-1.3307e-07
2.94422e-07
-9.13684e-06
-8.15312e-06
-7.2498e-06
-6.42315e-06
-5.66891e-06
-4.98266e-06
-4.36015e-06
-3.79723e-06
-3.28984e-06
-2.83404e-06
-2.426e-06
-2.06205e-06
-1.73867e-06
-1.45249e-06
-1.2003e-06
-9.79093e-07
-7.85999e-07
-6.18336e-07
-4.73592e-07
-3.49422e-07
-2.43648e-07
-1.54253e-07
-7.93779e-08
-1.73159e-08
3.34957e-08
7.44812e-08
1.06934e-07
1.32025e-07
1.50804e-07
1.64217e-07
1.731e-07
1.78216e-07
1.80198e-07
1.79675e-07
1.77064e-07
1.72968e-07
1.67475e-07
1.61421e-07
1.54195e-07
1.47535e-07
1.39114e-07
1.33219e-07
1.23335e-07
1.20054e-07
1.07188e-07
1.09536e-07
9.02327e-08
1.03277e-07
7.1363e-08
1.02957e-07
4.92114e-08
1.09767e-07
2.31651e-08
1.23166e-07
-4.96885e-09
1.39235e-07
-2.9502e-08
1.50098e-07
-4.18251e-08
1.4726e-07
-3.64541e-08
1.30216e-07
-2.06286e-08
1.14161e-07
-1.66728e-08
1.24795e-07
-5.11844e-08
1.87465e-07
-1.48372e-07
3.19228e-07
-8.80678e-06
-7.83265e-06
-6.93981e-06
-6.1245e-06
-5.38217e-06
-4.70824e-06
-4.09832e-06
-3.54813e-06
-3.05348e-06
-2.61034e-06
-2.21479e-06
-1.86308e-06
-1.55164e-06
-1.27704e-06
-1.03606e-06
-8.25625e-07
-6.42861e-07
-4.85069e-07
-3.49728e-07
-2.34489e-07
-1.37174e-07
-5.57716e-08
1.15692e-08
6.65454e-08
1.10707e-07
1.45463e-07
1.72092e-07
1.91748e-07
2.05464e-07
2.14169e-07
2.1868e-07
2.19744e-07
2.17975e-07
2.13989e-07
2.08178e-07
2.01142e-07
1.92932e-07
1.84408e-07
1.74878e-07
1.66172e-07
1.55786e-07
1.48246e-07
1.36644e-07
1.32127e-07
1.17675e-07
1.1924e-07
9.83399e-08
1.11131e-07
7.74566e-08
1.09402e-07
5.36198e-08
1.15137e-07
2.62212e-08
1.27677e-07
-2.92825e-09
1.43052e-07
-2.8254e-08
1.53545e-07
-4.1517e-08
1.5111e-07
-3.78102e-08
1.3576e-07
-2.47395e-08
1.22714e-07
-2.41964e-08
1.36874e-07
-6.18408e-08
2.03578e-07
-1.63298e-07
3.43468e-07
-8.46153e-06
-7.49882e-06
-6.61817e-06
-5.81575e-06
-5.08674e-06
-4.42639e-06
-3.83019e-06
-3.29374e-06
-2.81273e-06
-2.38304e-06
-2.00068e-06
-1.66183e-06
-1.36286e-06
-1.10032e-06
-8.70926e-07
-6.71602e-07
-4.99452e-07
-3.51768e-07
-2.26024e-07
-1.19873e-07
-3.1143e-08
4.21692e-08
1.01903e-07
1.4974e-07
1.87216e-07
2.15724e-07
2.36522e-07
2.50747e-07
2.59411e-07
2.63426e-07
2.63589e-07
2.60629e-07
2.5514e-07
2.47724e-07
2.38747e-07
2.28808e-07
2.17916e-07
2.06955e-07
1.95156e-07
1.84435e-07
1.72116e-07
1.62961e-07
1.4967e-07
1.43942e-07
1.27932e-07
1.28732e-07
1.06266e-07
1.18809e-07
8.34127e-08
1.15696e-07
5.79309e-08
1.20375e-07
2.92139e-08
1.32071e-07
-9.2682e-10
1.46769e-07
-2.70297e-08
1.56903e-07
-4.1211e-08
1.54853e-07
-3.91081e-08
1.41119e-07
-2.86728e-08
1.30945e-07
-3.14092e-08
1.48522e-07
-7.2135e-08
2.1922e-07
-1.77831e-07
3.67122e-07
-8.10228e-06
-7.15258e-06
-6.28579e-06
-5.49774e-06
-4.78337e-06
-4.13781e-06
-3.55641e-06
-3.03465e-06
-2.56813e-06
-2.15264e-06
-1.78412e-06
-1.4587e-06
-1.1727e-06
-9.22625e-07
-7.05183e-07
-5.17274e-07
-3.55991e-07
-2.18624e-07
-1.02647e-07
-5.72114e-09
7.43173e-08
1.39459e-07
1.91526e-07
2.32187e-07
2.62955e-07
2.85203e-07
3.00173e-07
3.08977e-07
3.12609e-07
3.11958e-07
3.07803e-07
3.00852e-07
2.91677e-07
2.80866e-07
2.68761e-07
2.55955e-07
2.42418e-07
2.29057e-07
2.15024e-07
2.02323e-07
1.88102e-07
1.77361e-07
1.62413e-07
1.55497e-07
1.3796e-07
1.38009e-07
1.1401e-07
1.26308e-07
8.92323e-08
1.21839e-07
6.21454e-08
1.25481e-07
3.21437e-08
1.3635e-07
1.03563e-09
1.50386e-07
-2.58284e-08
1.60172e-07
-4.0904e-08
1.58486e-07
-4.03416e-08
1.46283e-07
-3.24191e-08
1.38844e-07
-3.82975e-08
1.59724e-07
-8.20521e-08
2.34379e-07
-1.91955e-07
3.90172e-07
-8.75314e-06
-7.7298e-06
-6.79492e-06
-5.94356e-06
-5.17129e-06
-4.47283e-06
-3.8432e-06
-3.27761e-06
-2.77144e-06
-2.3202e-06
-1.91961e-06
-1.56553e-06
-1.25407e-06
-9.81482e-07
-7.44265e-07
-5.391e-07
-3.62877e-07
-2.12687e-07
-8.58202e-08
2.02412e-08
1.07827e-07
1.79086e-07
2.35993e-07
2.80351e-07
3.13808e-07
3.37856e-07
3.53847e-07
3.62998e-07
3.664e-07
3.65024e-07
3.59739e-07
3.51298e-07
3.40392e-07
3.2757e-07
3.13405e-07
2.98211e-07
2.82577e-07
2.66434e-07
2.5071e-07
2.34478e-07
2.19831e-07
2.03743e-07
1.91446e-07
1.74871e-07
1.66792e-07
1.47759e-07
1.47072e-07
1.21575e-07
1.33628e-07
9.49166e-08
1.2783e-07
6.62647e-08
1.30455e-07
3.50114e-08
1.40514e-07
2.95971e-09
1.53904e-07
-2.46486e-08
1.6335e-07
-4.05928e-08
1.62004e-07
-4.15054e-08
1.51249e-07
-3.59706e-08
1.46402e-07
-4.48507e-08
1.7047e-07
-9.15805e-08
2.49041e-07
-2.05659e-07
4.12597e-07
-8.3525e-06
-7.34517e-06
-6.42674e-06
-5.59233e-06
-4.8372e-06
-4.15586e-06
-3.54323e-06
-2.99441e-06
-2.50467e-06
-2.06946e-06
-1.6844e-06
-1.34534e-06
-1.0483e-06
-7.89541e-07
-5.65527e-07
-3.72931e-07
-2.08636e-07
-6.97369e-08
4.64703e-08
1.42492e-07
2.20642e-07
2.83052e-07
3.31675e-07
3.68295e-07
3.94533e-07
4.11861e-07
4.21604e-07
4.24955e-07
4.22981e-07
4.16629e-07
4.06743e-07
3.94056e-07
3.79236e-07
3.62807e-07
3.45329e-07
3.27088e-07
3.08668e-07
2.89958e-07
2.7191e-07
2.53517e-07
2.36959e-07
2.19037e-07
2.05215e-07
1.87046e-07
1.77826e-07
1.57329e-07
1.55919e-07
1.28961e-07
1.4077e-07
1.00467e-07
1.33669e-07
7.02901e-08
1.35298e-07
3.7818e-08
1.44562e-07
4.8463e-09
1.57322e-07
-2.3489e-08
1.66435e-07
-4.02744e-08
1.65404e-07
-4.25949e-08
1.56011e-07
-3.93217e-08
1.53613e-07
-5.10615e-08
1.80752e-07
-1.00712e-07
2.63199e-07
-2.18932e-07
4.34377e-07
-7.93897e-06
-6.94935e-06
-6.04893e-06
-5.233e-06
-4.49627e-06
-3.83319e-06
-3.23857e-06
-2.70741e-06
-2.2349e-06
-1.81639e-06
-1.44746e-06
-1.12391e-06
-8.41744e-07
-5.97185e-07
-3.86687e-07
-2.06917e-07
-5.47636e-08
7.26744e-08
1.78087e-07
2.63965e-07
3.32604e-07
3.86111e-07
4.26418e-07
4.55282e-07
4.74301e-07
4.84916e-07
4.8843e-07
4.86008e-07
4.7869e-07
4.67398e-07
4.52952e-07
4.3606e-07
4.17369e-07
3.97379e-07
3.76631e-07
3.55387e-07
3.34222e-07
3.12988e-07
2.92655e-07
2.72139e-07
2.53705e-07
2.33986e-07
2.18668e-07
1.98938e-07
1.88599e-07
1.66672e-07
1.64552e-07
1.36171e-07
1.47734e-07
1.05885e-07
1.39358e-07
7.42218e-08
1.40011e-07
4.05628e-08
1.48498e-07
6.69366e-09
1.60644e-07
-2.2351e-08
1.69431e-07
-3.99495e-08
1.68689e-07
-4.36094e-08
1.60569e-07
-4.24716e-08
1.60478e-07
-5.69292e-08
1.90571e-07
-1.09445e-07
2.76852e-07
-2.31773e-07
4.55497e-07
-7.51374e-06
-6.54321e-06
-5.66256e-06
-4.86643e-06
-4.14928e-06
-3.50554e-06
-2.92988e-06
-2.41721e-06
-1.96264e-06
-1.56147e-06
-1.20922e-06
-9.01651e-07
-6.34747e-07
-4.04719e-07
-2.08012e-07
-4.12962e-08
9.85341e-08
2.14366e-07
3.08873e-07
3.84526e-07
4.43595e-07
4.88163e-07
5.20135e-07
5.4124e-07
5.53047e-07
5.5697e-07
5.54282e-07
5.46119e-07
5.33496e-07
5.17306e-07
4.98345e-07
4.77294e-07
4.54779e-07
4.31274e-07
4.07304e-07
3.83101e-07
3.59237e-07
3.35521e-07
3.12942e-07
2.90344e-07
2.70069e-07
2.48589e-07
2.31804e-07
2.10548e-07
1.99113e-07
1.75789e-07
1.72973e-07
1.43202e-07
1.54522e-07
1.11169e-07
1.449e-07
7.80567e-08
1.446e-07
4.32399e-08
1.5233e-07
8.49379e-09
1.6388e-07
-2.12438e-08
1.72347e-07
-3.96264e-08
1.71865e-07
-4.45561e-08
1.64933e-07
-4.54273e-08
1.67005e-07
-6.24623e-08
1.99938e-07
-1.17793e-07
2.90017e-07
-2.44201e-07
4.75962e-07
-7.07767e-06
-6.12807e-06
-5.26856e-06
-4.49344e-06
-3.79701e-06
-3.17359e-06
-2.61777e-06
-2.12437e-06
-1.68841e-06
-1.30515e-06
-9.70074e-07
-6.78909e-07
-4.27622e-07
-2.12419e-07
-2.97451e-08
1.23721e-07
2.51073e-07
3.5518e-07
4.38692e-07
5.04056e-07
5.53516e-07
5.89124e-07
6.12755e-07
6.26109e-07
6.30724e-07
6.27982e-07
6.19126e-07
6.05264e-07
5.87379e-07
5.66338e-07
5.4291e-07
5.1775e-07
4.9146e-07
4.64489e-07
4.37345e-07
4.10231e-07
3.83712e-07
3.57557e-07
3.32774e-07
3.08133e-07
2.86054e-07
2.62849e-07
2.44627e-07
2.21877e-07
2.09369e-07
1.84683e-07
1.81182e-07
1.50061e-07
1.61135e-07
1.16323e-07
1.50294e-07
8.17993e-08
1.49062e-07
4.58549e-08
1.56054e-07
1.02534e-08
1.67024e-07
-2.01592e-08
1.75175e-07
-3.92958e-08
1.74926e-07
-4.54266e-08
1.69094e-07
-4.81833e-08
1.73192e-07
-6.76575e-08
2.08849e-07
-1.25749e-07
3.02681e-07
-2.56199e-07
4.95728e-07
-6.63208e-06
-5.70487e-06
-4.86779e-06
-4.11486e-06
-3.4402e-06
-2.83804e-06
-2.30288e-06
-1.82945e-06
-1.41272e-06
-1.04789e-06
-7.30435e-07
-4.56049e-07
-2.20692e-07
-2.05715e-08
1.47862e-07
2.87915e-07
4.0266e-07
4.94946e-07
5.67397e-07
6.2243e-07
6.62257e-07
6.88899e-07
7.04199e-07
7.09822e-07
7.07274e-07
6.97904e-07
6.82922e-07
6.63407e-07
6.4031e-07
6.1447e-07
5.86628e-07
5.57411e-07
5.274e-07
4.97014e-07
4.66746e-07
4.3677e-07
4.07641e-07
3.79094e-07
3.52148e-07
3.25506e-07
3.01657e-07
2.76767e-07
2.57134e-07
2.32933e-07
2.19362e-07
1.93364e-07
1.89167e-07
1.56765e-07
1.6755e-07
1.2138e-07
1.55502e-07
8.54998e-08
1.5334e-07
4.84803e-08
1.59589e-07
1.20676e-08
1.69973e-07
-1.8985e-08
1.77801e-07
-3.88397e-08
1.77757e-07
-4.61096e-08
1.7295e-07
-5.06371e-08
1.78938e-07
-7.24043e-08
2.17181e-07
-1.33155e-07
3.14652e-07
-2.67519e-07
5.1449e-07
)
;

boundaryField
{
    down
    {
        type            symmetryPlane;
    }
    right
    {
        type            fixedValue;
        value           uniform 0;
    }
    up
    {
        type            symmetryPlane;
    }
    left
    {
        type            zeroGradient;
    }
    cylinder
    {
        type            zeroGradient;
    }
    frontAndBack
    {
        type            empty;
    }
    procBoundary3to2
    {
        type            processor;
        value           nonuniform List<scalar> 
76
(
-7.16234e-06
-6.63699e-06
-6.09072e-06
-5.52373e-06
-4.93642e-06
-4.32916e-06
-3.70243e-06
-3.05671e-06
-2.39256e-06
-1.71062e-06
-1.01157e-06
-2.96167e-07
4.34779e-07
1.18038e-06
1.93968e-06
2.71173e-06
3.49565e-06
4.29009e-06
5.09363e-06
5.90483e-06
-5.28737e-06
-5.33829e-06
-5.4367e-06
-5.57878e-06
-5.76055e-06
-5.97795e-06
-6.22679e-06
-6.50292e-06
-6.80216e-06
-7.12044e-06
-7.45374e-06
-7.79818e-06
-8.14999e-06
-8.50559e-06
-8.86154e-06
-9.21459e-06
-9.56167e-06
-9.89992e-06
-1.02267e-05
-1.05395e-05
-1.08361e-05
-1.11145e-05
-1.13727e-05
-1.16093e-05
-1.18227e-05
-1.20118e-05
-1.21754e-05
-1.23127e-05
-1.2423e-05
-1.25058e-05
-1.25608e-05
-1.25878e-05
-1.25867e-05
-1.25576e-05
-1.25007e-05
-1.24163e-05
-1.2305e-05
-1.21673e-05
-1.20038e-05
-1.18152e-05
-1.16024e-05
-1.13661e-05
-1.11074e-05
-1.08272e-05
-1.05265e-05
-1.02062e-05
-9.86753e-06
-9.51172e-06
-9.13979e-06
-9.13979e-06
-9.87335e-06
-9.45712e-06
-9.02609e-06
-8.5815e-06
-8.12447e-06
-7.65616e-06
)
;
    }
    procBoundary3to7
    {
        type            processor;
        value           nonuniform List<scalar> 
72
(
6.75088e-06
6.73256e-06
6.67059e-06
6.57328e-06
6.4463e-06
6.29415e-06
6.12125e-06
5.93158e-06
5.72865e-06
5.51557e-06
5.29509e-06
5.06967e-06
4.8414e-06
4.61217e-06
4.38361e-06
4.15707e-06
3.93378e-06
3.7148e-06
3.50093e-06
3.2929e-06
3.09134e-06
2.89668e-06
2.70927e-06
2.52943e-06
2.35733e-06
2.19305e-06
2.03671e-06
1.88825e-06
1.74761e-06
1.61474e-06
1.48947e-06
1.37161e-06
1.26105e-06
1.15743e-06
1.06071e-06
9.70391e-07
8.86634e-07
8.08431e-07
7.3685e-07
6.69286e-07
6.09288e-07
5.50495e-07
5.02129e-07
4.49345e-07
4.13914e-07
3.62794e-07
3.4361e-07
2.87595e-07
2.90559e-07
2.20515e-07
2.54225e-07
1.58899e-07
2.33196e-07
1.01635e-07
2.2447e-07
5.00533e-08
2.22946e-07
7.42141e-09
2.23023e-07
-2.35572e-08
2.22275e-07
-4.55384e-08
-4.55384e-08
2.28146e-07
-7.09323e-08
2.55458e-07
-1.23353e-07
3.33599e-07
-2.34574e-07
5.02668e-07
-4.47878e-07
8.18345e-07
)
;
    }
}


// ************************************************************************* //
