/*--------------------------------*- C++ -*----------------------------------*\
| =========                 |                                                 |
| \\      /  F ield         | OpenFOAM: The Open Source CFD Toolbox           |
|  \\    /   O peration     | Version:  2412                                  |
|   \\  /    A nd           | Website:  www.openfoam.com                      |
|    \\/     M anipulation  |                                                 |
\*---------------------------------------------------------------------------*/
FoamFile
{
    version     2.0;
    format      ascii;
    arch        "LSB;label=32;scalar=64";
    class       volScalarField;
    location    "17";
    object      p;
}
// * * * * * * * * * * * * * * * * * * * * * * * * * * * * * * * * * * * * * //

dimensions      [0 2 -2 0 0 0 0];

internalField   nonuniform List<scalar> 
5285
(
0.00105745
0.00105795
0.00105817
0.00105806
0.00105761
0.00105677
0.00105551
0.00105379
0.00105157
0.00104881
0.00104545
0.00104146
0.00103677
0.00103133
0.00102508
0.00101795
0.00104238
0.00104241
0.00104214
0.00104154
0.00104058
0.00103923
0.00103744
0.0010352
0.00103244
0.00102914
0.00102524
0.00102071
0.00101548
0.00100951
0.00100273
0.000995095
0.00102756
0.00102715
0.00102642
0.00102535
0.00102391
0.00102208
0.00101981
0.00101706
0.00101381
0.00101001
0.00100562
0.00100059
0.000994868
0.000988413
0.000981167
0.000973076
0.001013
0.00101216
0.001011
0.00100949
0.00100761
0.00100532
0.00100259
0.000999394
0.000995684
0.000991424
0.000986575
0.000981091
0.000974929
0.00096804
0.000960375
0.000951881
0.000998709
0.000997465
0.000995897
0.000993976
0.000991676
0.000988967
0.000985817
0.000982192
0.000978058
0.000973377
0.000968111
0.000962217
0.000955655
0.000948378
0.000940339
0.000931492
0.000984689
0.000983067
0.000981116
0.000978809
0.000976119
0.000973017
0.000969475
0.000965458
0.000960934
0.000955868
0.000950223
0.000943959
0.000937036
0.000929413
0.000921046
0.00091189
0.000970951
0.000968973
0.000966663
0.000963994
0.000960941
0.000957476
0.00095357
0.000949192
0.000944312
0.000938894
0.000932905
0.000926307
0.000919063
0.000911134
0.000902479
0.000893056
0.000957499
0.000955188
0.000952541
0.000949535
0.000946144
0.000942342
0.000938101
0.000933393
0.000928186
0.000922449
0.00091615
0.000909253
0.000901724
0.000893525
0.000884619
0.000874968
0.000944338
0.000941714
0.000938753
0.000935433
0.000931729
0.000927616
0.000923067
0.000918056
0.000912552
0.000906527
0.000899948
0.000892785
0.000885004
0.00087657
0.000867449
0.000857605
0.00093147
0.000928554
0.000925301
0.000921689
0.000917695
0.000913296
0.000908465
0.000903177
0.000897404
0.000891119
0.000884291
0.000876892
0.000868889
0.000860252
0.000850949
0.000840945
0.000918897
0.000915708
0.000912184
0.000908302
0.000904041
0.000899378
0.00089429
0.00088875
0.000882734
0.000876216
0.000869167
0.00086156
0.000853365
0.000844555
0.000835097
0.000824964
0.00090662
0.000903178
0.000899402
0.00089527
0.000890764
0.00088586
0.000880536
0.000874769
0.000868535
0.000861808
0.000854564
0.000846775
0.000838416
0.000829458
0.000819875
0.000809639
0.00089464
0.000890962
0.000886952
0.000882591
0.000877859
0.000872735
0.000867199
0.000861227
0.000854797
0.000847886
0.00084047
0.000832524
0.000824024
0.000814945
0.000805261
0.000794948
0.000882954
0.000879058
0.000874833
0.000870261
0.000865323
0.000859999
0.00085427
0.000848114
0.00084151
0.000834437
0.000826871
0.000818791
0.000810174
0.000800996
0.000791235
0.000780866
0.000871562
0.000867464
0.000863042
0.000858276
0.00085315
0.000847645
0.000841743
0.000835422
0.000828665
0.00082145
0.000813756
0.000805563
0.000796849
0.000787593
0.000777775
0.000767372
0.000860462
0.000856178
0.000851574
0.000846631
0.000841335
0.000835667
0.000829609
0.000823143
0.00081625
0.000808912
0.00080111
0.000792822
0.000784032
0.000774718
0.000764861
0.000754443
0.00084965
0.000845195
0.000840425
0.000835322
0.000829871
0.000824056
0.00081786
0.000811266
0.000804256
0.000796813
0.000788919
0.000780556
0.000771705
0.000762351
0.000752473
0.000742056
0.000839124
0.000834513
0.00082959
0.000824342
0.000818752
0.000812806
0.000806488
0.000799781
0.00079267
0.000785139
0.000777169
0.000768747
0.000759853
0.000750474
0.000740591
0.00073019
0.00082888
0.000824125
0.000819065
0.000813685
0.000807971
0.000801908
0.000795483
0.000788679
0.000781482
0.000773877
0.000765848
0.000757381
0.000748459
0.000739069
0.000729195
0.000718824
0.000818913
0.000814028
0.000808843
0.000803345
0.00079752
0.000791355
0.000784836
0.000777949
0.00077068
0.000763016
0.000754941
0.000746442
0.000737506
0.000728118
0.000718266
0.000707937
0.000915214
0.000915362
0.000915828
0.000916549
0.000917511
0.000918704
0.000920114
0.000921732
0.000923545
0.000913194
0.000913337
0.000913787
0.000914482
0.000915409
0.000916559
0.000917918
0.000919476
0.000921222
0.000923144
0.000925233
0.000927478
0.00092987
0.0009324
0.00093506
0.000937843
0.000940744
0.000943756
0.000946874
0.00095009
0.000953398
0.00095679
0.000960259
0.000963797
0.000967395
0.000971044
0.000974736
0.000978462
0.000982213
0.00098598
0.000989753
0.000993524
0.000997283
0.00100102
0.00100473
0.00100839
0.001012
0.00101556
0.00101904
0.00102244
0.00102574
0.00102895
0.00103204
0.00103501
0.00103785
0.00104054
0.00104308
0.00104545
0.00104766
0.00104968
0.0010515
0.00105313
0.00105454
0.00105573
0.0010567
0.000911138
0.000911276
0.000911709
0.000912379
0.000913271
0.000914377
0.000915685
0.000917182
0.00091886
0.000920706
0.000922711
0.000924864
0.000927156
0.000929577
0.000932122
0.000934781
0.00093755
0.000940423
0.000943393
0.000946453
0.000949597
0.000952818
0.000956106
0.000959454
0.000962854
0.000966296
0.000969772
0.000973272
0.000976788
0.000980311
0.00098383
0.000987338
0.000990824
0.000994278
0.000997692
0.00100106
0.00100436
0.00100759
0.00101074
0.0010138
0.00101676
0.00101961
0.00102234
0.00102493
0.00102739
0.00102969
0.00103183
0.00103381
0.0010356
0.00103721
0.00103861
0.00103981
0.00104079
0.00104155
0.00104208
0.000909048
0.00090918
0.000909597
0.00091024
0.000911098
0.00091216
0.000913415
0.000914853
0.000916461
0.000918231
0.000920151
0.000922211
0.000924403
0.000926716
0.000929144
0.00093168
0.000934317
0.00093705
0.000939872
0.000942777
0.000945757
0.000948806
0.000951914
0.000955073
0.000958275
0.000961511
0.000964772
0.000968048
0.000971331
0.000974612
0.00097788
0.000981127
0.000984344
0.00098752
0.000990646
0.000993712
0.000996708
0.000999626
0.00100245
0.00100518
0.0010078
0.0010103
0.00101267
0.00101491
0.00101699
0.00101892
0.00102068
0.00102226
0.00102366
0.00102487
0.00102587
0.00102666
0.00102723
0.00102758
0.0010277
0.000906924
0.000907052
0.000907451
0.000908068
0.000908891
0.000909909
0.000911112
0.000912488
0.000914027
0.00091572
0.000917555
0.000919523
0.000921613
0.000923818
0.000926129
0.000928541
0.000931046
0.000933639
0.000936314
0.000939063
0.000941881
0.000944758
0.000947686
0.000950658
0.000953664
0.000956695
0.000959742
0.000962796
0.000965848
0.000968889
0.000971909
0.000974899
0.000977849
0.000980751
0.000983593
0.000986368
0.000989064
0.000991673
0.000994185
0.00099659
0.000998878
0.00100104
0.00100307
0.00100495
0.00100667
0.00100823
0.00100962
0.00101083
0.00101185
0.00101267
0.00101329
0.00101369
0.00101387
0.00101382
0.00101354
0.000904769
0.000904891
0.000905273
0.000905864
0.000906651
0.000907626
0.000908776
0.000910091
0.000911561
0.000913176
0.000914926
0.0009168
0.000918789
0.000920885
0.00092308
0.000925368
0.000927741
0.000930194
0.000932722
0.000935316
0.000937971
0.000940677
0.000943427
0.000946212
0.000949022
0.00095185
0.000954685
0.00095752
0.000960343
0.000963147
0.000965922
0.000968658
0.000971347
0.000973978
0.000976542
0.000979031
0.000981433
0.00098374
0.000985943
0.000988031
0.000989996
0.000991828
0.000993518
0.000995057
0.000996435
0.000997645
0.000998678
0.000999526
0.00100018
0.00100063
0.00100088
0.00100091
0.00100071
0.00100029
0.000999634
0.000902583
0.000902699
0.000903065
0.000903629
0.000904381
0.000905311
0.000906408
0.000907662
0.000909063
0.0009106
0.000912264
0.000914045
0.000915934
0.000917921
0.000919999
0.000922162
0.000924403
0.000926718
0.000929098
0.000931538
0.000934031
0.000936567
0.000939139
0.000941739
0.000944356
0.000946982
0.000949608
0.000952224
0.000954822
0.000957392
0.000959925
0.000962411
0.000964842
0.000967208
0.000969499
0.000971707
0.000973822
0.000975834
0.000977735
0.000979515
0.000981166
0.000982677
0.000984041
0.000985249
0.000986292
0.000987161
0.00098785
0.00098835
0.000988654
0.000988754
0.000988644
0.000988317
0.000987768
0.00098699
0.000985979
0.000900368
0.000900479
0.000900827
0.000901365
0.000902081
0.000902967
0.000904011
0.000905204
0.000906535
0.000907995
0.000909573
0.000911261
0.000913048
0.000914926
0.000916888
0.000918926
0.000921036
0.000923212
0.000925446
0.000927732
0.000930063
0.000932431
0.000934827
0.000937243
0.000939668
0.000942095
0.000944513
0.000946914
0.000949289
0.000951629
0.000953923
0.000956164
0.000958341
0.000960447
0.000962471
0.000964404
0.000966237
0.000967962
0.000969569
0.000971049
0.000972394
0.000973595
0.000974643
0.000975531
0.000976249
0.000976791
0.000977149
0.000977316
0.000977284
0.000977047
0.000976599
0.000975934
0.000975046
0.000973931
0.000972585
0.000898125
0.000898231
0.000898562
0.000899073
0.000899754
0.000900595
0.000901586
0.000902717
0.000903979
0.000905361
0.000906854
0.000908448
0.000910134
0.000911903
0.000913748
0.000915663
0.000917642
0.000919679
0.000921768
0.000923902
0.000926073
0.000928273
0.000930494
0.000932727
0.000934963
0.000937192
0.000939406
0.000941595
0.00094375
0.000945862
0.000947923
0.000949922
0.000951851
0.000953701
0.000955463
0.000957127
0.000958686
0.000960131
0.000961451
0.00096264
0.000963689
0.000964589
0.000965332
0.00096591
0.000966316
0.000966543
0.000966583
0.00096643
0.000966077
0.000965519
0.000964749
0.000963762
0.000962554
0.00096112
0.000959457
0.000895856
0.000895956
0.00089627
0.000896755
0.0008974
0.000898196
0.000899134
0.000900204
0.000901396
0.000902701
0.000904108
0.000905609
0.000907194
0.000908854
0.000910584
0.000912375
0.000914224
0.000916123
0.000918067
0.000920049
0.000922062
0.000924096
0.000926144
0.000928197
0.000930245
0.000932279
0.000934291
0.00093627
0.000938209
0.000940098
0.000941928
0.00094369
0.000945376
0.000946976
0.000948481
0.000949884
0.000951175
0.000952347
0.000953389
0.000954295
0.000955057
0.000955665
0.000956114
0.000956394
0.0009565
0.000956424
0.000956159
0.0009557
0.000955041
0.000954176
0.0009531
0.000951808
0.000950297
0.000948561
0.0009466
0.000893562
0.000893656
0.000893953
0.000894411
0.000895021
0.000895773
0.000896658
0.000897666
0.000898789
0.000900016
0.000901338
0.000902746
0.00090423
0.000905782
0.000907396
0.000909064
0.000910783
0.000912545
0.000914346
0.000916178
0.000918033
0.000919903
0.00092178
0.000923654
0.000925517
0.000927359
0.000929171
0.000930945
0.000932671
0.00093434
0.000935944
0.000937474
0.000938921
0.000940277
0.000941532
0.00094268
0.00094371
0.000944616
0.000945389
0.000946021
0.000946504
0.000946831
0.000946995
0.000946989
0.000946806
0.000946439
0.000945883
0.000945132
0.000944181
0.000943024
0.000941657
0.000940076
0.000938278
0.000936259
0.000934017
0.000891244
0.000891333
0.000891613
0.000892044
0.000892618
0.000893326
0.000894158
0.000895105
0.000896158
0.000897308
0.000898545
0.00089986
0.000901244
0.000902688
0.000904186
0.000905733
0.000907322
0.000908949
0.000910607
0.00091229
0.000913989
0.000915697
0.000917405
0.000919103
0.000920783
0.000922436
0.000924052
0.000925622
0.000927139
0.000928593
0.000929975
0.000931278
0.000932492
0.000933609
0.000934621
0.000935519
0.000936296
0.000936944
0.000937455
0.000937822
0.000938037
0.000938092
0.000937983
0.000937701
0.00093724
0.000936595
0.000935761
0.000934731
0.000933501
0.000932067
0.000930425
0.000928571
0.000926503
0.000924217
0.000921711
0.000888904
0.000888987
0.00088925
0.000889655
0.000890193
0.000890856
0.000891636
0.000892522
0.000893506
0.000894579
0.000895732
0.000896954
0.000898238
0.000899574
0.000900958
0.000902383
0.000903844
0.000905337
0.000906854
0.000908389
0.000909934
0.000911482
0.000913022
0.000914547
0.000916047
0.000917512
0.000918936
0.000920307
0.000921619
0.000922861
0.000924027
0.000925107
0.000926093
0.000926977
0.000927751
0.000928408
0.000928939
0.000929337
0.000929594
0.000929704
0.00092966
0.000929454
0.000929081
0.000928534
0.000927808
0.000926897
0.000925796
0.000924501
0.000923007
0.00092131
0.000919407
0.000917296
0.000914972
0.000912436
0.000909684
0.000886542
0.00088662
0.000886866
0.000887245
0.000887748
0.000888367
0.000889093
0.000889919
0.000890834
0.000891831
0.000892899
0.00089403
0.000895213
0.000896443
0.000897713
0.000899017
0.000900351
0.00090171
0.000903088
0.000904477
0.00090587
0.000907259
0.000908635
0.000909989
0.000911311
0.000912593
0.000913827
0.000915003
0.000916113
0.000917149
0.000918102
0.000918964
0.000919728
0.000920385
0.000920929
0.00092135
0.000921642
0.000921798
0.00092181
0.000921672
0.000921378
0.000920921
0.000920294
0.000919494
0.000918513
0.000917348
0.000915994
0.000914446
0.000912701
0.000910755
0.000908606
0.000906252
0.000903689
0.000900917
0.000897935
0.000884162
0.000884234
0.000884463
0.000884815
0.000885283
0.000885858
0.000886532
0.000887297
0.000888144
0.000889065
0.000890049
0.000891088
0.000892173
0.000893296
0.000894453
0.000895637
0.000896846
0.000898072
0.000899312
0.000900557
0.0009018
0.000903033
0.000904246
0.000905431
0.000906579
0.000907681
0.000908729
0.000909713
0.000910626
0.000911459
0.000912205
0.000912855
0.000913402
0.000913839
0.000914157
0.00091435
0.000914411
0.000914332
0.000914108
0.000913731
0.000913196
0.000912497
0.000911628
0.000910584
0.00090936
0.000907953
0.000906357
0.000904569
0.000902586
0.000900406
0.000898025
0.000895441
0.000892654
0.000889663
0.000886466
0.000881762
0.00088183
0.000882041
0.000882368
0.0008828
0.000883331
0.000883954
0.000884659
0.000885438
0.000886283
0.000887184
0.000888132
0.000889118
0.000890136
0.00089118
0.000892246
0.000893329
0.000894425
0.000895528
0.000896631
0.000897727
0.000898805
0.000899859
0.000900878
0.000901855
0.00090278
0.000903644
0.000904441
0.000905161
0.000905796
0.000906339
0.000906783
0.000907119
0.000907341
0.000907441
0.000907413
0.00090725
0.000906944
0.000906491
0.000905884
0.000905118
0.000904186
0.000903084
0.000901808
0.000900353
0.000898714
0.000896889
0.000894873
0.000892666
0.000890263
0.000887663
0.000884865
0.000881868
0.000878671
0.000875274
0.000879346
0.000879408
0.000879603
0.000879903
0.000880301
0.000880789
0.000881359
0.000882004
0.000882717
0.000883487
0.000884305
0.000885162
0.000886051
0.000886964
0.000887896
0.000888844
0.000889804
0.000890771
0.00089174
0.000892703
0.000893652
0.000894579
0.000895476
0.000896332
0.000897141
0.000897892
0.000898578
0.00089919
0.000899721
0.000900163
0.000900509
0.000900751
0.000900882
0.000900896
0.000900784
0.000900542
0.000900161
0.000899637
0.000898964
0.000898135
0.000897146
0.000895992
0.000894668
0.000893169
0.000891493
0.000889634
0.000887591
0.000885361
0.00088294
0.000880328
0.000877523
0.000874524
0.00087133
0.000867942
0.000864359
0.000876915
0.000876971
0.00087715
0.000877424
0.000877786
0.000878231
0.00087875
0.000879336
0.000879982
0.000880677
0.000881414
0.000882181
0.000882973
0.000883781
0.000884603
0.000885435
0.000886273
0.000887113
0.000887948
0.000888773
0.000889579
0.000890358
0.0008911
0.000891796
0.000892439
0.00089302
0.000893531
0.000893964
0.00089431
0.000894564
0.000894718
0.000894763
0.000894695
0.000894506
0.00089419
0.00089374
0.00089315
0.000892415
0.000891529
0.000890488
0.000889286
0.000887918
0.000886381
0.00088467
0.000882783
0.000880716
0.000878466
0.000876032
0.000873411
0.000870602
0.000867604
0.000864417
0.00086104
0.000857473
0.000853718
0.000874469
0.00087452
0.000874682
0.00087493
0.000875258
0.00087566
0.000876128
0.000876656
0.000877235
0.000877857
0.000878512
0.000879191
0.000879886
0.000880591
0.000881303
0.00088202
0.000882737
0.000883451
0.000884157
0.000884846
0.00088551
0.000886142
0.000886733
0.000887273
0.000887754
0.000888168
0.000888508
0.000888764
0.000888931
0.000889001
0.000888967
0.000888823
0.000888561
0.000888176
0.000887661
0.00088701
0.000886218
0.00088528
0.000884191
0.000882945
0.000881538
0.000879966
0.000878226
0.000876313
0.000874226
0.000871961
0.000869516
0.000866889
0.000864079
0.000861085
0.000857906
0.000854543
0.000850995
0.000847264
0.00084335
0.00087201
0.000872056
0.000872201
0.000872424
0.000872718
0.000873078
0.000873495
0.000873964
0.000874478
0.000875027
0.000875601
0.000876192
0.000876791
0.000877395
0.000877999
0.000878601
0.0008792
0.00087979
0.000880366
0.000880922
0.000881448
0.000881936
0.000882378
0.000882764
0.000883087
0.000883338
0.00088351
0.000883595
0.000883587
0.000883478
0.000883262
0.000882932
0.000882483
0.000881907
0.0008812
0.000880356
0.00087937
0.000878236
0.00087695
0.000875508
0.000873905
0.000872139
0.000870204
0.0008681
0.000865822
0.000863369
0.00086074
0.000857931
0.000854944
0.000851776
0.000848429
0.000844901
0.000841195
0.000837311
0.00083325
0.00086954
0.000869581
0.00086971
0.000869907
0.000870167
0.000870484
0.000870852
0.000871263
0.000871712
0.000872188
0.000872683
0.000873186
0.000873692
0.000874194
0.000874691
0.000875181
0.000875662
0.00087613
0.00087658
0.000877004
0.000877394
0.000877742
0.000878037
0.000878273
0.000878441
0.000878533
0.000878541
0.000878459
0.00087828
0.000877997
0.000877604
0.000877095
0.000876463
0.000875704
0.000874811
0.00087378
0.000872606
0.000871284
0.00086981
0.00086818
0.00086639
0.000864438
0.000862319
0.000860031
0.000857574
0.000854943
0.000852139
0.00084916
0.000846005
0.000842676
0.00083917
0.00083549
0.000831637
0.000827612
0.000823416
0.000867111
0.000867146
0.000867259
0.000867432
0.000867659
0.000867935
0.000868254
0.00086861
0.000868995
0.000869401
0.000869819
0.000870238
0.000870651
0.000871056
0.000871449
0.000871831
0.000872199
0.00087255
0.000872878
0.000873176
0.000873435
0.000873647
0.000873803
0.000873894
0.000873914
0.000873853
0.000873705
0.000873464
0.000873121
0.000872673
0.000872111
0.000871431
0.000870627
0.000869693
0.000868626
0.000867418
0.000866068
0.000864569
0.000862918
0.000861112
0.000859147
0.00085702
0.000854729
0.000852272
0.000849647
0.000846852
0.000843887
0.000840751
0.000837443
0.000833964
0.000830315
0.000826497
0.00082251
0.000818357
0.000814041
0.0008647
0.000864731
0.000864828
0.000864977
0.000865171
0.000865407
0.000865679
0.00086598
0.000866303
0.000866641
0.000866983
0.000867319
0.000867644
0.000867952
0.000868245
0.000868521
0.000868779
0.000869015
0.000869225
0.0008694
0.000869532
0.000869613
0.000869633
0.000869585
0.000869461
0.000869253
0.000868954
0.000868559
0.00086806
0.000867452
0.000866728
0.000865885
0.000864915
0.000863815
0.00086258
0.000861205
0.000859685
0.000858018
0.0008562
0.000854227
0.000852096
0.000849806
0.000847353
0.000844736
0.000841954
0.000839006
0.00083589
0.000832607
0.000829158
0.000825541
0.00082176
0.000817814
0.000813705
0.000809436
0.00080501
0.000862234
0.000862259
0.000862341
0.000862465
0.000862627
0.000862823
0.000863046
0.000863292
0.000863554
0.000863822
0.000864088
0.000864341
0.000864575
0.000864788
0.000864978
0.000865148
0.000865296
0.000865418
0.000865509
0.000865561
0.000865566
0.000865516
0.000865401
0.000865213
0.000864946
0.000864591
0.000864143
0.000863594
0.00086294
0.000862174
0.00086129
0.000860285
0.000859153
0.000857889
0.000856489
0.000854948
0.000853264
0.000851432
0.00084945
0.000847314
0.000845022
0.000842573
0.000839963
0.000837192
0.000834258
0.000831162
0.000827902
0.00082448
0.000820894
0.000817147
0.00081324
0.000809173
0.00080495
0.000800573
0.000796043
0.000859712
0.000859732
0.000859798
0.000859897
0.000860027
0.000860181
0.000860357
0.000860547
0.000860746
0.000860944
0.000861133
0.000861303
0.000861446
0.000861562
0.000861651
0.000861714
0.000861751
0.000861758
0.00086173
0.00086166
0.000861538
0.000861356
0.000861106
0.00086078
0.00086037
0.00085987
0.000859273
0.000858573
0.000857764
0.000856842
0.000855801
0.000854636
0.000853343
0.000851917
0.000850356
0.000848653
0.000846808
0.000844815
0.000842673
0.000840379
0.000837931
0.000835326
0.000832565
0.000829645
0.000826566
0.000823327
0.00081993
0.000816373
0.000812659
0.000808788
0.000804761
0.000800582
0.000796251
0.000791772
0.000787148
0.000857134
0.000857149
0.000857199
0.000857273
0.00085737
0.000857483
0.00085761
0.000857744
0.00085788
0.000858008
0.00085812
0.000858205
0.000858257
0.000858276
0.000858263
0.000858219
0.000858145
0.000858037
0.000857891
0.000857698
0.000857449
0.000857137
0.000856753
0.000856288
0.000855737
0.000855092
0.000854347
0.000853497
0.000852536
0.000851459
0.000850262
0.00084894
0.000847489
0.000845905
0.000844185
0.000842324
0.000840321
0.000838172
0.000835874
0.000833426
0.000830826
0.000828072
0.000825164
0.000822101
0.000818882
0.000815508
0.000811978
0.000808295
0.000804458
0.00080047
0.000796332
0.000792046
0.000787616
0.000783043
0.000778331
0.0008545
0.00085451
0.000854543
0.000854593
0.000854656
0.000854728
0.000854806
0.000854883
0.000854956
0.000855014
0.000855047
0.000855048
0.000855009
0.000854931
0.000854815
0.000854665
0.00085448
0.000854257
0.000853992
0.000853677
0.000853302
0.00085286
0.000852341
0.00085174
0.000851048
0.000850259
0.000849368
0.000848369
0.000847258
0.000846029
0.000844678
0.000843202
0.000841596
0.000839857
0.000837981
0.000835966
0.000833809
0.000831507
0.000829058
0.000826461
0.000823714
0.000820817
0.000817767
0.000814567
0.000811214
0.00080771
0.000804055
0.000800251
0.000796298
0.0007922
0.000787957
0.000783573
0.000779049
0.00077439
0.000769599
0.00085181
0.000851816
0.000851833
0.000851857
0.000851886
0.000851917
0.000851945
0.000851966
0.000851974
0.000851961
0.000851917
0.000851833
0.000851703
0.000851528
0.00085131
0.000851053
0.000850757
0.00085042
0.000850036
0.000849599
0.000849098
0.000848526
0.000847875
0.000847137
0.000846305
0.000845374
0.000844338
0.000843193
0.000841933
0.000840554
0.000839053
0.000837425
0.000835667
0.000833776
0.000831749
0.000829582
0.000827275
0.000824825
0.00082223
0.000819489
0.000816601
0.000813564
0.00081038
0.000807047
0.000803567
0.000799939
0.000796166
0.000792247
0.000788186
0.000783984
0.000779644
0.000775168
0.000770559
0.000765821
0.000760957
0.000849065
0.000849065
0.000849066
0.000849065
0.000849061
0.000849049
0.000849028
0.000848992
0.000848936
0.000848852
0.000848729
0.00084856
0.000848339
0.000848067
0.000847747
0.000847384
0.000846978
0.000846526
0.000846025
0.000845465
0.000844839
0.000844139
0.000843355
0.000842482
0.000841512
0.00084044
0.000839262
0.000837972
0.000836566
0.000835039
0.00083339
0.000831613
0.000829706
0.000827667
0.000825492
0.000823179
0.000820726
0.000818132
0.000815396
0.000812516
0.000809491
0.000806322
0.000803007
0.000799549
0.000795947
0.000792202
0.000788316
0.000784291
0.000780128
0.00077583
0.000771399
0.000766838
0.000762151
0.000757341
0.000752412
0.000846266
0.00084626
0.000846245
0.000846219
0.00084618
0.000846126
0.000846055
0.000845962
0.000845841
0.000845686
0.000845485
0.000845231
0.000844919
0.000844551
0.00084413
0.00084366
0.000843144
0.000842579
0.00084196
0.000841279
0.000840529
0.0008397
0.000838785
0.000837778
0.000836671
0.000835461
0.000834141
0.000832709
0.000831159
0.000829488
0.000827693
0.000825771
0.000823719
0.000821534
0.000819216
0.00081676
0.000814167
0.000811434
0.000808561
0.000805546
0.000802391
0.000799094
0.000795656
0.000792078
0.000788361
0.000784505
0.000780514
0.000776388
0.00077213
0.000767742
0.000763228
0.00075859
0.000753832
0.000748957
0.00074397
0.000843412
0.000843401
0.000843369
0.000843317
0.000843244
0.000843149
0.000843027
0.000842876
0.000842691
0.000842464
0.000842185
0.000841847
0.000841445
0.00084098
0.000840459
0.000839884
0.000839258
0.00083858
0.000837844
0.000837043
0.000836168
0.000835212
0.000834168
0.000833028
0.000831786
0.000830439
0.00082898
0.000827408
0.000825716
0.000823904
0.000821967
0.000819902
0.000817709
0.000815384
0.000812925
0.000810331
0.000807601
0.000804735
0.00080173
0.000798587
0.000795306
0.000791888
0.000788332
0.000784641
0.000780814
0.000776855
0.000772764
0.000768544
0.000764198
0.000759728
0.000755137
0.000750429
0.000745607
0.000740675
0.000735637
0.000840504
0.000840488
0.00084044
0.000840362
0.000840255
0.000840117
0.000839945
0.000839737
0.000839487
0.000839188
0.000838832
0.000838409
0.000837917
0.000837358
0.000836736
0.000836057
0.000835322
0.000834532
0.000833679
0.000832758
0.000831761
0.000830679
0.000829506
0.000828234
0.00082686
0.000825377
0.000823783
0.000822072
0.000820243
0.000818291
0.000816215
0.000814012
0.000811681
0.000809219
0.000806625
0.000803898
0.000801036
0.00079804
0.00079491
0.000791644
0.000788243
0.000784709
0.000781042
0.000777243
0.000773314
0.000769257
0.000765073
0.000760766
0.000756339
0.000751793
0.000747133
0.000742361
0.000737482
0.0007325
0.000727418
0.000837544
0.000837522
0.000837457
0.000837354
0.000837213
0.000837033
0.000836811
0.000836545
0.00083623
0.00083586
0.000835425
0.000834919
0.000834338
0.000833684
0.000832963
0.000832181
0.000831339
0.000830436
0.000829469
0.000828429
0.00082731
0.000826103
0.000824803
0.000823402
0.000821896
0.000820281
0.000818552
0.000816706
0.000814742
0.000812655
0.000810443
0.000808106
0.00080564
0.000803046
0.000800321
0.000797465
0.000794477
0.000791357
0.000788105
0.000784722
0.000781208
0.000777563
0.000773791
0.000769891
0.000765865
0.000761717
0.000757448
0.00075306
0.000748558
0.000743944
0.000739221
0.000734393
0.000729464
0.000724438
0.000719319
0.000834532
0.000834504
0.000834424
0.000834295
0.000834119
0.000833896
0.000833624
0.000833301
0.000832922
0.00083248
0.000831968
0.000831378
0.000830709
0.000829962
0.000829144
0.000828259
0.00082731
0.000826297
0.000825215
0.000824057
0.000822817
0.000821488
0.000820062
0.000818533
0.000816898
0.000815153
0.000813292
0.000811315
0.000809218
0.000806999
0.000804656
0.000802187
0.000799592
0.000796869
0.000794018
0.000791038
0.000787928
0.00078469
0.000781323
0.000777827
0.000774205
0.000770457
0.000766585
0.00076259
0.000758475
0.000754242
0.000749893
0.000745432
0.000740862
0.000736186
0.000731407
0.000726529
0.000721557
0.000716494
0.000711344
0.000831469
0.000831436
0.000831339
0.000831185
0.000830975
0.00083071
0.000830388
0.000830007
0.000829563
0.000829051
0.000828462
0.00082779
0.000827033
0.000826195
0.000825279
0.000824293
0.000823239
0.000822116
0.000820921
0.000819647
0.000818288
0.000816836
0.000815286
0.000813633
0.000811871
0.000809997
0.000808008
0.000805902
0.000803676
0.000801328
0.000798857
0.000796262
0.000793541
0.000790695
0.000787722
0.000784623
0.000781397
0.000778045
0.000774568
0.000770967
0.000767242
0.000763396
0.00075943
0.000755347
0.000751149
0.000746837
0.000742416
0.000737888
0.000733256
0.000728525
0.000723697
0.000718776
0.000713767
0.000708673
0.0007035
0.000828358
0.000828319
0.000828206
0.000828026
0.000827782
0.000827475
0.000827103
0.000826665
0.000826157
0.000825574
0.000824909
0.000824155
0.000823313
0.000822383
0.000821373
0.000820286
0.000819128
0.000817897
0.000816589
0.000815201
0.000813724
0.000812152
0.000810481
0.000808704
0.000806818
0.000804819
0.000802704
0.000800472
0.00079812
0.000795648
0.000793053
0.000790335
0.000787493
0.000784528
0.000781438
0.000778225
0.000774888
0.000771428
0.000767847
0.000764145
0.000760324
0.000756387
0.000752334
0.000748168
0.000743892
0.000739509
0.000735022
0.000730433
0.000725747
0.000720966
0.000716095
0.000711138
0.000706098
0.000700981
0.000695789
0.000825199
0.000825155
0.000825026
0.00082482
0.000824542
0.000824193
0.000823772
0.000823277
0.000822705
0.000822052
0.000821311
0.000820478
0.00081955
0.000818531
0.000817426
0.000816241
0.00081498
0.000813642
0.000812224
0.000810722
0.000809129
0.00080744
0.000805649
0.000803751
0.000801743
0.000799622
0.000797385
0.00079503
0.000792557
0.000789963
0.000787248
0.000784412
0.000781454
0.000778374
0.000775173
0.00077185
0.000768407
0.000764845
0.000761165
0.000757369
0.000753458
0.000749434
0.000745301
0.000741059
0.000736712
0.000732264
0.000727716
0.000723073
0.000718339
0.000713516
0.000708608
0.000703621
0.000698557
0.000693421
0.000688218
0.000821995
0.000821945
0.0008218
0.000821569
0.000821258
0.000820867
0.000820396
0.000819845
0.00081921
0.000818488
0.000817672
0.000816759
0.000815747
0.00081464
0.000813443
0.000812161
0.000810799
0.000809355
0.000807829
0.000806215
0.000804509
0.000802703
0.000800795
0.000798779
0.000796652
0.000794411
0.000792055
0.000789582
0.00078699
0.000784279
0.000781449
0.000778498
0.000775428
0.000772239
0.000768931
0.000765505
0.000761962
0.000758303
0.00075453
0.000750645
0.000746649
0.000742546
0.000738337
0.000734026
0.000729614
0.000725106
0.000720505
0.000715814
0.000711037
0.000706178
0.000701241
0.000696229
0.000691147
0.000685999
0.000680789
0.000818747
0.000818692
0.000818531
0.000818275
0.00081793
0.000817498
0.000816978
0.000816371
0.000815674
0.000814883
0.000813994
0.000813002
0.000811908
0.000810715
0.000809426
0.000808049
0.000806587
0.00080504
0.000803407
0.000801684
0.000799865
0.000797946
0.000795923
0.000793791
0.000791548
0.000789192
0.00078672
0.000784131
0.000781425
0.000778601
0.000775659
0.0007726
0.000769423
0.000766129
0.000762719
0.000759194
0.000755556
0.000751806
0.000747946
0.000743977
0.000739904
0.000735726
0.000731449
0.000727073
0.000722604
0.000718043
0.000713394
0.000708661
0.000703848
0.000698959
0.000693997
0.000688966
0.000683872
0.000678718
0.000673508
0.000815458
0.000815398
0.000815221
0.00081494
0.000814562
0.000814089
0.000813521
0.000812859
0.0008121
0.000811241
0.00081028
0.000809211
0.000808036
0.000806757
0.00080538
0.000803909
0.000802349
0.000800701
0.000798963
0.000797132
0.000795204
0.000793174
0.000791038
0.000788794
0.000786438
0.000783968
0.000781384
0.000778684
0.000775868
0.000772935
0.000769886
0.000766722
0.000763443
0.000760049
0.000756543
0.000752925
0.000749197
0.000745361
0.000741419
0.000737374
0.000733227
0.000728982
0.000724642
0.000720209
0.000715686
0.000711078
0.000706388
0.00070162
0.000696776
0.000691862
0.000686882
0.000681839
0.000676737
0.000671582
0.000666377
0.000812131
0.000812065
0.000811873
0.000811567
0.000811156
0.000810643
0.000810027
0.00080931
0.000808491
0.000807566
0.000806533
0.000805389
0.000804134
0.000802771
0.000801306
0.000799744
0.000798088
0.00079634
0.0007945
0.000792564
0.000790528
0.00078839
0.000786145
0.000783791
0.000781325
0.000778747
0.000776054
0.000773246
0.000770324
0.000767287
0.000764135
0.000760871
0.000757494
0.000754006
0.000750408
0.000746702
0.00074289
0.000738974
0.000734957
0.00073084
0.000726626
0.000722319
0.000717922
0.000713437
0.000708868
0.000704219
0.000699493
0.000694694
0.000689826
0.000684893
0.0006799
0.000674849
0.000669746
0.000664595
0.000659399
0.000808768
0.000808696
0.000808489
0.000808159
0.000807716
0.000807163
0.0008065
0.00080573
0.00080485
0.00080386
0.000802757
0.000801538
0.000800205
0.000798761
0.00079721
0.000795558
0.000793808
0.000791963
0.000790022
0.000787983
0.000785844
0.0007836
0.000781249
0.000778788
0.000776216
0.000773532
0.000770734
0.000767823
0.000764798
0.000761661
0.000758412
0.000755052
0.000751583
0.000748005
0.000744321
0.000740533
0.000736642
0.000732652
0.000728564
0.000724381
0.000720106
0.000715743
0.000711294
0.000706763
0.000702153
0.000697468
0.000692713
0.000687889
0.000683002
0.000678056
0.000673055
0.000668002
0.000662902
0.00065776
0.000652579
0.000805373
0.000805295
0.000805073
0.000804719
0.000804244
0.000803652
0.000802943
0.00080212
0.000801182
0.000800127
0.000798955
0.000797664
0.000796255
0.00079473
0.000793095
0.000791354
0.000789513
0.000787574
0.000785535
0.000783396
0.000781155
0.000778808
0.000776354
0.00077379
0.000771116
0.000768329
0.000765431
0.00076242
0.000759298
0.000756065
0.000752723
0.000749273
0.000745716
0.000742054
0.000738289
0.000734423
0.000730459
0.000726399
0.000722246
0.000718003
0.000713673
0.000709259
0.000704764
0.000700193
0.000695548
0.000690833
0.000686053
0.00068121
0.00067631
0.000671355
0.000666351
0.000661301
0.000656209
0.00065108
0.000645918
0.000801948
0.000801865
0.000801629
0.000801251
0.000800745
0.000800113
0.000799359
0.000798484
0.000797489
0.000796372
0.000795132
0.00079377
0.000792285
0.000790682
0.000788965
0.000787139
0.000785209
0.000783176
0.000781043
0.000778807
0.000776467
0.000774021
0.000771467
0.000768804
0.00076603
0.000763145
0.00076015
0.000757044
0.000753829
0.000750505
0.000747074
0.000743538
0.000739898
0.000736156
0.000732316
0.000728378
0.000724346
0.000720222
0.00071601
0.000711712
0.000707332
0.000702873
0.000698338
0.000693732
0.000689057
0.000684317
0.000679518
0.000674661
0.000669752
0.000664794
0.000659792
0.000654749
0.00064967
0.000644559
0.00063942
0.000798498
0.00079841
0.000798159
0.000797758
0.000797221
0.000796552
0.000795753
0.000794827
0.000793775
0.000792597
0.000791292
0.00078986
0.000788302
0.000786622
0.000784825
0.000782916
0.000780899
0.000778776
0.000776551
0.000774221
0.000771785
0.000769243
0.000766593
0.000763833
0.000760964
0.000757985
0.000754897
0.0007517
0.000748396
0.000744986
0.000741471
0.000737854
0.000734136
0.000730321
0.000726409
0.000722405
0.00071831
0.000714128
0.000709862
0.000705514
0.00070109
0.000696591
0.000692021
0.000687385
0.000682685
0.000677926
0.000673112
0.000668246
0.000663333
0.000658377
0.000653381
0.00064835
0.000643288
0.000638199
0.000633086
0.000795026
0.000794933
0.000794667
0.000794244
0.000793677
0.000792971
0.000792128
0.000791153
0.000790046
0.000788808
0.000787439
0.000785939
0.00078431
0.000782555
0.00078068
0.00077869
0.000776588
0.000774379
0.000772064
0.000769643
0.000767115
0.00076448
0.000761737
0.000758885
0.000755924
0.000752855
0.000749679
0.000746395
0.000743006
0.000739514
0.00073592
0.000732227
0.000728437
0.000724552
0.000720575
0.000716509
0.000712356
0.000708121
0.000703806
0.000699415
0.000694951
0.000690417
0.000685818
0.000681156
0.000676437
0.000671664
0.00066684
0.00066197
0.000657058
0.000652107
0.000647122
0.000642107
0.000637066
0.000632002
0.000626919
0.000791537
0.000791438
0.000791159
0.000790714
0.000790117
0.000789375
0.00078849
0.000787466
0.000786306
0.00078501
0.000783578
0.000782012
0.000780313
0.000778486
0.000776535
0.000774466
0.000772283
0.000769989
0.000767588
0.000765079
0.000762462
0.000759738
0.000756906
0.000753965
0.000750917
0.000747762
0.000744501
0.000741135
0.000737667
0.000734097
0.000730429
0.000726664
0.000722806
0.000718857
0.000714819
0.000710696
0.000706492
0.000702208
0.00069785
0.000693419
0.000688921
0.000684357
0.000679733
0.000675052
0.000670318
0.000665535
0.000660706
0.000655836
0.000650929
0.000645988
0.000641018
0.000636023
0.000631005
0.00062597
0.000620922
0.000788036
0.000787931
0.000787639
0.000787172
0.000786547
0.000785769
0.000784843
0.000783772
0.000782559
0.000781206
0.000779714
0.000778084
0.000776318
0.00077442
0.000772396
0.00077025
0.000767988
0.000765613
0.000763128
0.000760535
0.000757833
0.000755023
0.000752105
0.00074908
0.000745949
0.000742712
0.000739371
0.000735927
0.000732383
0.000728741
0.000725003
0.000721171
0.00071725
0.000713241
0.000709148
0.000704974
0.000700722
0.000696395
0.000691998
0.000687533
0.000683005
0.000678417
0.000673773
0.000669077
0.000664332
0.000659543
0.000654714
0.000649848
0.00064495
0.000640023
0.000635072
0.000630099
0.00062511
0.000620107
0.000615094
0.000784526
0.000784417
0.000784112
0.000783624
0.00078297
0.000782158
0.000781192
0.000780075
0.000778812
0.000777404
0.000775853
0.00077416
0.000772329
0.000770363
0.000768267
0.000766048
0.00076371
0.000761257
0.000758692
0.000756017
0.000753233
0.000750341
0.000747342
0.000744237
0.000741026
0.000737711
0.000734294
0.000730777
0.000727162
0.000723451
0.000719648
0.000715755
0.000711775
0.000707712
0.000703568
0.000699347
0.000695052
0.000690688
0.000686256
0.000681762
0.000677209
0.000672601
0.000667941
0.000663234
0.000658484
0.000653694
0.000648868
0.00064401
0.000639125
0.000634215
0.000629285
0.000624339
0.00061938
0.000614412
0.000609439
0.000781015
0.0007809
0.000780583
0.000780074
0.000779393
0.000778548
0.000777542
0.000776381
0.000775069
0.000773608
0.000771999
0.000770246
0.000768352
0.00076632
0.000764156
0.000761866
0.000759454
0.000756926
0.000754284
0.000751532
0.00074867
0.0007457
0.000742623
0.000739441
0.000736154
0.000732766
0.000729277
0.000725691
0.00072201
0.000718236
0.000714372
0.000710422
0.000706389
0.000702275
0.000698085
0.000693822
0.00068949
0.000685091
0.000680631
0.000676112
0.000671538
0.000666914
0.000662243
0.00065753
0.000652777
0.00064799
0.000643171
0.000638325
0.000633456
0.000628567
0.000623662
0.000618745
0.00061382
0.000608889
0.000603957
0.000777506
0.000777387
0.000777057
0.000776529
0.000775822
0.000774944
0.0007739
0.000772696
0.000771337
0.000769824
0.00076816
0.000766349
0.000764394
0.000762298
0.000760068
0.000757709
0.000755228
0.000752627
0.000749912
0.000747086
0.000744149
0.000741105
0.000737954
0.000734699
0.000731342
0.000727884
0.000724328
0.000720677
0.000716934
0.0007131
0.000709181
0.000705178
0.000701096
0.000696937
0.000692706
0.000688405
0.000684039
0.000679612
0.000675126
0.000670587
0.000665997
0.000661362
0.000656684
0.000651967
0.000647217
0.000642435
0.000637627
0.000632797
0.000627947
0.000623081
0.000618204
0.000613319
0.000608429
0.000603539
0.00059865
0.000774007
0.000773883
0.000773541
0.000772994
0.000772261
0.000771352
0.000770272
0.000769027
0.000767621
0.000766059
0.000764342
0.000762475
0.00076046
0.000758304
0.00075601
0.000753586
0.000751037
0.000748368
0.000745583
0.000742685
0.000739678
0.000736563
0.000733343
0.000730019
0.000726595
0.000723072
0.000719453
0.000715742
0.000711941
0.000708053
0.000704082
0.000700031
0.000695904
0.000691704
0.000687436
0.000683102
0.000678707
0.000674255
0.000669749
0.000665193
0.000660591
0.000655948
0.000651267
0.000646551
0.000641806
0.000637034
0.00063224
0.000627428
0.0006226
0.000617761
0.000612914
0.000608063
0.000603211
0.000598362
0.000593519
0.000770523
0.000770395
0.000770042
0.000769476
0.000768719
0.000767779
0.000766664
0.000765379
0.000763929
0.000762319
0.000760551
0.00075863
0.000756559
0.000754344
0.00075199
0.000749503
0.000746889
0.000744155
0.000741303
0.000738339
0.000735264
0.000732083
0.000728796
0.000725408
0.000721921
0.000718337
0.00071466
0.000710892
0.000707037
0.000703099
0.000699081
0.000694987
0.000690819
0.000686583
0.000682282
0.000677919
0.000673499
0.000669026
0.000664503
0.000659935
0.000655325
0.000650678
0.000645997
0.000641286
0.000636549
0.000631791
0.000627013
0.000622221
0.000617418
0.000612608
0.000607794
0.000602979
0.000598167
0.000593361
0.000588564
0.000767063
0.00076693
0.000766566
0.000765982
0.000765201
0.000764232
0.000763083
0.00076176
0.000760267
0.000758611
0.000756795
0.000754822
0.000752697
0.000750426
0.000748014
0.000745467
0.000742792
0.000739995
0.000737081
0.000734053
0.000730915
0.00072767
0.000724322
0.000720873
0.000717327
0.000713686
0.000709955
0.000706135
0.000702231
0.000698247
0.000694186
0.000690052
0.000685848
0.00068158
0.00067725
0.000672863
0.000668422
0.000663932
0.000659396
0.000654819
0.000650205
0.000645557
0.000640879
0.000636176
0.000631451
0.000626707
0.000621949
0.000617181
0.000612405
0.000607625
0.000602846
0.000598069
0.000593298
0.000588536
0.000583787
0.000763631
0.000763494
0.00076312
0.000762519
0.000761715
0.000760719
0.000759537
0.000758177
0.000756644
0.000754944
0.00075308
0.000751058
0.000748882
0.000746557
0.000744089
0.000741486
0.000738753
0.000735897
0.000732923
0.000729835
0.000726637
0.000723334
0.000719928
0.000716422
0.000712821
0.000709128
0.000705346
0.000701478
0.000697529
0.000693503
0.000689403
0.000685234
0.000680998
0.000676701
0.000672346
0.000667938
0.00066348
0.000658977
0.000654432
0.00064985
0.000645234
0.000640588
0.000635917
0.000631224
0.000626513
0.000621788
0.000617052
0.000612309
0.000607562
0.000602815
0.000598071
0.000593334
0.000588605
0.00058389
0.000579189
0.000760237
0.000760096
0.000759711
0.000759095
0.000758269
0.000757246
0.000756033
0.000754637
0.000753066
0.000751324
0.000749416
0.000747346
0.000745121
0.000742745
0.000740225
0.000737568
0.00073478
0.000731868
0.000728838
0.000725693
0.00072244
0.000719081
0.000715621
0.000712063
0.000708411
0.000704669
0.00070084
0.000696929
0.000692939
0.000688875
0.00068474
0.000680539
0.000676275
0.000671954
0.000667578
0.000663152
0.000658681
0.000654167
0.000649616
0.000645032
0.000640418
0.000635778
0.000631116
0.000626436
0.000621741
0.000617036
0.000612324
0.000607609
0.000602893
0.00059818
0.000593473
0.000588776
0.000584091
0.000579422
0.00057477
0.000756889
0.000756744
0.000756349
0.000755717
0.000754871
0.000753822
0.000752579
0.00075115
0.000749542
0.00074776
0.000745809
0.000743695
0.000741423
0.000738999
0.000736429
0.000733721
0.000730882
0.000727917
0.000724834
0.000721637
0.000718331
0.000714921
0.00071141
0.000707803
0.000704104
0.000700317
0.000696446
0.000692495
0.000688468
0.00068437
0.000680204
0.000675974
0.000671686
0.000667344
0.00066295
0.000658511
0.000654029
0.000649509
0.000644955
0.000640371
0.000635761
0.000631129
0.000626479
0.000621814
0.000617139
0.000612456
0.00060777
0.000603083
0.000598399
0.000593722
0.000589053
0.000584397
0.000579756
0.000575134
0.000570531
0.000753595
0.000753445
0.000753042
0.000752395
0.000751529
0.000750456
0.000749185
0.000747724
0.00074608
0.00074426
0.000742269
0.000740113
0.000737797
0.000735327
0.000732711
0.000729955
0.000727066
0.000724053
0.00072092
0.000717674
0.000714319
0.000710861
0.000707304
0.000703652
0.00069991
0.000696081
0.000692171
0.000688184
0.000684124
0.000679995
0.000675801
0.000671548
0.000667239
0.000662878
0.000658471
0.00065402
0.000649531
0.000645007
0.000640453
0.000635873
0.00063127
0.000626648
0.000622012
0.000617364
0.000612709
0.00060805
0.000603391
0.000598734
0.000594084
0.000589443
0.000584813
0.000580199
0.000575603
0.000571027
0.000566474
0.000750363
0.00075021
0.000749798
0.000749137
0.000748252
0.000747156
0.000745858
0.000744367
0.00074269
0.000740834
0.000738806
0.000736609
0.000734252
0.000731739
0.000729078
0.000726277
0.000723343
0.000720284
0.000717105
0.000713812
0.000710413
0.00070691
0.00070331
0.000699617
0.000695835
0.000691969
0.000688024
0.000684004
0.000679914
0.000675758
0.000671541
0.000667266
0.000662939
0.000658564
0.000654145
0.000649687
0.000645193
0.000640668
0.000636117
0.000631542
0.000626948
0.000622339
0.000617718
0.000613089
0.000608456
0.000603823
0.000599192
0.000594566
0.00058995
0.000585345
0.000580756
0.000576184
0.000571632
0.000567103
0.000562599
0.000747204
0.000747047
0.000746627
0.000745953
0.00074505
0.000743932
0.000742609
0.000741089
0.000739381
0.000737492
0.000735427
0.000733193
0.000730796
0.000728243
0.000725541
0.000722698
0.000719722
0.000716619
0.000713397
0.000710063
0.000706621
0.000703078
0.000699438
0.000695707
0.00069189
0.00068799
0.000684013
0.000679964
0.000675847
0.000671668
0.000667429
0.000663137
0.000658795
0.000654408
0.000649981
0.000645518
0.000641022
0.000636498
0.000631951
0.000627384
0.000622801
0.000618206
0.000613602
0.000608994
0.000604385
0.000599777
0.000595175
0.000590582
0.000586
0.000581433
0.000576883
0.000572353
0.000567845
0.000563362
0.000558907
0.000744126
0.000743966
0.000743539
0.000742852
0.000741932
0.000740794
0.000739447
0.000737901
0.000736163
0.000734242
0.000732144
0.000729875
0.000727441
0.000724851
0.00072211
0.000719228
0.000716212
0.000713069
0.000709808
0.000706434
0.000702954
0.000699374
0.000695698
0.000691932
0.000688082
0.000684152
0.000680147
0.000676072
0.000671932
0.000667731
0.000663475
0.000659168
0.000654814
0.000650418
0.000645985
0.000641519
0.000637023
0.000632503
0.000627962
0.000623405
0.000618834
0.000614255
0.00060967
0.000605083
0.000600498
0.000595918
0.000591345
0.000586784
0.000582237
0.000577707
0.000573197
0.000568708
0.000564244
0.000559807
0.0005554
0.000741141
0.000740978
0.000740543
0.000739845
0.00073891
0.000737752
0.000736383
0.000734812
0.000733047
0.000731096
0.000728966
0.000726664
0.000724197
0.000721571
0.000718795
0.000715876
0.000712823
0.000709644
0.000706346
0.000702937
0.000699421
0.000695807
0.000692098
0.000688301
0.000684422
0.000680464
0.000676434
0.000672336
0.000668176
0.000663957
0.000659686
0.000655367
0.000651004
0.000646601
0.000642164
0.000637697
0.000633204
0.000628689
0.000624157
0.00061961
0.000615054
0.000610491
0.000605926
0.000601361
0.000596801
0.000592248
0.000587706
0.000583177
0.000578665
0.000574171
0.0005697
0.000565253
0.000560832
0.00055644
0.000552079
0.00073826
0.000738094
0.000737652
0.000736943
0.000735993
0.000734818
0.000733427
0.000731833
0.000730042
0.000728064
0.000725905
0.000723572
0.000721073
0.000718415
0.000715606
0.000712653
0.000709567
0.000706354
0.000703023
0.00069958
0.000696033
0.000692387
0.000688649
0.000684824
0.000680918
0.000676936
0.000672884
0.000668766
0.000664588
0.000660355
0.000656071
0.000651742
0.000647372
0.000642965
0.000638526
0.000634061
0.000629571
0.000625063
0.00062054
0.000616006
0.000611464
0.000606919
0.000602374
0.000597832
0.000593297
0.000588772
0.00058426
0.000579763
0.000575285
0.000570828
0.000566395
0.000561988
0.00055761
0.000553261
0.000548946
0.000735493
0.000735324
0.000734876
0.000734157
0.000733193
0.000732001
0.000730592
0.000728976
0.000727161
0.000725157
0.000722971
0.000720611
0.000718082
0.000715394
0.000712554
0.000709571
0.000706454
0.00070321
0.000699848
0.000696376
0.0006928
0.000689126
0.000685361
0.000681511
0.000677582
0.000673578
0.000669507
0.000665372
0.000661179
0.000656933
0.000652639
0.000648302
0.000643926
0.000639517
0.000635079
0.000630616
0.000626132
0.000621632
0.000617119
0.000612598
0.000608073
0.000603546
0.000599021
0.000594503
0.000589993
0.000585495
0.000581012
0.000576548
0.000572103
0.000567682
0.000563286
0.000558919
0.000554581
0.000550275
0.000546003
0.000732853
0.000732681
0.000732228
0.000731499
0.000730523
0.000729315
0.000727888
0.000726252
0.000724416
0.000722388
0.000720177
0.000717791
0.000715236
0.00071252
0.000709653
0.000706641
0.000703496
0.000700224
0.000696834
0.000693335
0.000689732
0.000686033
0.000682245
0.000678373
0.000674423
0.0006704
0.000666312
0.000662162
0.000657956
0.0006537
0.000649398
0.000645055
0.000640677
0.000636267
0.00063183
0.000627371
0.000622894
0.000618403
0.000613902
0.000609395
0.000604885
0.000600377
0.000595873
0.000591377
0.000586892
0.000582422
0.000577968
0.000573534
0.000569123
0.000564736
0.000560376
0.000556046
0.000551747
0.000547482
0.000543252
0.000730351
0.000730177
0.000729718
0.000728981
0.000727994
0.000726772
0.000725328
0.000723674
0.000721818
0.000719769
0.000717536
0.000715125
0.000712546
0.000709805
0.000706912
0.000703875
0.000700704
0.000697407
0.000693992
0.000690468
0.000686842
0.000683121
0.000679312
0.00067542
0.000671451
0.000667413
0.00066331
0.000659147
0.000654931
0.000650666
0.000646358
0.000642012
0.000637631
0.000633222
0.000628788
0.000624334
0.000619865
0.000615383
0.000610894
0.000606401
0.000601908
0.000597418
0.000592935
0.000588461
0.000584001
0.000579557
0.000575131
0.000570728
0.000566348
0.000561994
0.000557669
0.000553375
0.000549114
0.000544887
0.000540697
0.000728001
0.000727825
0.000727362
0.000726617
0.000725619
0.000724384
0.000722926
0.000721255
0.000719381
0.000717312
0.000715058
0.000712627
0.000710025
0.000707262
0.000704346
0.000701286
0.000698091
0.000694771
0.000691335
0.000687789
0.000684142
0.000680401
0.000676573
0.000672664
0.00066868
0.000664627
0.000660512
0.000656339
0.000652114
0.000647843
0.00064353
0.000639181
0.0006348
0.000630392
0.000625962
0.000621514
0.000617053
0.000612582
0.000608105
0.000603626
0.000599149
0.000594677
0.000590214
0.000585762
0.000581326
0.000576907
0.000572509
0.000568133
0.000563783
0.000559461
0.000555169
0.000550909
0.000546683
0.000542493
0.00053834
0.000725817
0.000725639
0.000725171
0.000724419
0.000723412
0.000722166
0.000720694
0.000719008
0.000717118
0.000715032
0.000712759
0.000710308
0.000707687
0.000704903
0.000701967
0.000698886
0.000695671
0.000692331
0.000688874
0.000685309
0.000681644
0.000677886
0.000674041
0.000670117
0.00066612
0.000662055
0.000657929
0.000653747
0.000649516
0.000645239
0.000640923
0.000636573
0.000632193
0.000627788
0.000623362
0.000618921
0.000614467
0.000610006
0.000605542
0.000601077
0.000596616
0.000592161
0.000587718
0.000583287
0.000578873
0.000574478
0.000570105
0.000565757
0.000561435
0.000557143
0.000552882
0.000548653
0.000544461
0.000540304
0.000536187
0.000723812
0.000723631
0.00072316
0.000722402
0.000721386
0.00072013
0.000718646
0.000716947
0.000715042
0.000712941
0.000710652
0.000708184
0.000705545
0.000702744
0.000699788
0.000696689
0.000693456
0.000690098
0.000686624
0.000683042
0.000679361
0.000675588
0.000671729
0.000667792
0.000663783
0.000659708
0.000655574
0.000651385
0.000647148
0.000642868
0.00063855
0.000634199
0.00062982
0.000625418
0.000620998
0.000616563
0.000612118
0.000607667
0.000603214
0.000598763
0.000594317
0.000589879
0.000585454
0.000581043
0.00057665
0.000572277
0.000567928
0.000563605
0.00055931
0.000555045
0.000550812
0.000546613
0.000542451
0.000538326
0.00053424
0.000722
0.000721818
0.000721343
0.00072058
0.000719557
0.000718291
0.000716797
0.000715087
0.00071317
0.000711055
0.000708751
0.000706269
0.000703614
0.000700797
0.000697826
0.000694711
0.000691461
0.000688088
0.000684598
0.000681002
0.000677307
0.000673521
0.00066965
0.000665702
0.000661684
0.0006576
0.000653459
0.000649264
0.000645023
0.00064074
0.000636421
0.00063207
0.000627694
0.000623295
0.00061888
0.000614452
0.000610015
0.000605574
0.000601132
0.000596694
0.000592262
0.00058784
0.000583431
0.000579038
0.000574664
0.000570313
0.000565985
0.000561685
0.000557414
0.000553173
0.000548966
0.000544795
0.00054066
0.000536563
0.000532506
0.000720398
0.000720214
0.000719736
0.000718969
0.000717939
0.000716666
0.000715162
0.000713442
0.000711514
0.000709388
0.000707072
0.000704577
0.000701909
0.000699078
0.000696093
0.000692964
0.000689701
0.000686314
0.000682812
0.000679203
0.000675496
0.000671699
0.000667818
0.000663862
0.000659835
0.000655745
0.000651597
0.000647399
0.000643154
0.000638869
0.00063455
0.0006302
0.000625826
0.000621431
0.00061702
0.000612599
0.00060817
0.000603738
0.000599306
0.000594879
0.00059046
0.000586052
0.000581658
0.000577282
0.000572926
0.000568593
0.000564285
0.000560005
0.000555755
0.000551537
0.000547353
0.000543205
0.000539094
0.000535023
0.000530992
0.00071902
0.000718835
0.000718355
0.000717583
0.000716548
0.000715268
0.000713757
0.000712029
0.000710093
0.000707956
0.00070563
0.000703124
0.000700445
0.000697603
0.000694606
0.000691465
0.000688191
0.000684793
0.00068128
0.000677661
0.000673944
0.000670138
0.000666249
0.000662285
0.000658252
0.000654156
0.000650004
0.000645802
0.000641555
0.000637269
0.00063295
0.000628601
0.000624229
0.000619838
0.000615432
0.000611016
0.000606594
0.00060217
0.000597748
0.000593331
0.000588923
0.000584528
0.000580147
0.000575785
0.000571444
0.000567127
0.000562836
0.000558574
0.000554342
0.000550144
0.000545979
0.000541852
0.000537762
0.000533712
0.000529704
0.000717882
0.000717696
0.000717214
0.00071644
0.000715401
0.000714116
0.000712599
0.000710864
0.00070892
0.000706776
0.000704442
0.000701927
0.000699239
0.000696387
0.000693381
0.000690231
0.000686947
0.00068354
0.000680018
0.000676391
0.000672667
0.000668853
0.000664958
0.000660988
0.000656949
0.00065285
0.000648695
0.00064449
0.000640242
0.000635955
0.000631636
0.000627288
0.000622918
0.00061853
0.000614129
0.000609718
0.000605302
0.000600884
0.00059647
0.000592062
0.000587664
0.000583278
0.000578909
0.000574559
0.000570231
0.000565927
0.00056165
0.000557402
0.000553186
0.000549003
0.000544856
0.000540745
0.000536673
0.000532641
0.00052865
0.000717003
0.000716816
0.000716332
0.000715556
0.000714514
0.000713224
0.000711702
0.000709962
0.000708014
0.000705864
0.000703523
0.000701001
0.000698307
0.000695448
0.000692435
0.000689278
0.000685987
0.000682572
0.000679044
0.000675411
0.000671681
0.000667862
0.000663961
0.000659987
0.000655945
0.000651842
0.000647685
0.000643478
0.000639229
0.000634942
0.000630623
0.000626277
0.000621909
0.000617523
0.000613125
0.000608718
0.000604307
0.000599895
0.000595487
0.000591085
0.000586695
0.000582317
0.000577957
0.000573616
0.000569298
0.000565004
0.000560739
0.000556502
0.000552298
0.000548127
0.000543992
0.000539895
0.000535836
0.000531818
0.000527841
0.000716398
0.00071621
0.000715726
0.000714948
0.000713904
0.000712611
0.000711086
0.000709343
0.000707391
0.000705237
0.000702892
0.000700366
0.000697667
0.000694803
0.000691785
0.000688623
0.000685327
0.000681908
0.000678376
0.000674738
0.000671004
0.000667181
0.000663278
0.000659301
0.000655256
0.000651151
0.000646992
0.000642785
0.000638535
0.000634248
0.000629929
0.000625584
0.000621217
0.000616833
0.000612437
0.000608033
0.000603625
0.000599217
0.000594813
0.000590417
0.000586031
0.00058166
0.000577305
0.000572971
0.000568659
0.000564373
0.000560115
0.000555886
0.00055169
0.000547528
0.000543402
0.000539313
0.000535264
0.000531255
0.000527289
0.000716088
0.000715898
0.000715414
0.000714635
0.00071359
0.000712296
0.000710769
0.000709024
0.00070707
0.000704915
0.000702567
0.000700038
0.000697337
0.000694471
0.000691451
0.000688286
0.000684988
0.000681567
0.000678032
0.000674392
0.000670656
0.000666831
0.000662926
0.000658947
0.000654902
0.000650796
0.000646636
0.000642428
0.000638178
0.000633891
0.000629572
0.000625227
0.000620861
0.000616479
0.000612084
0.000607681
0.000603275
0.000598869
0.000594467
0.000590073
0.00058569
0.000581322
0.00057697
0.000572639
0.000568331
0.000564049
0.000559794
0.00055557
0.000551378
0.000547221
0.000543099
0.000539015
0.00053497
0.000530967
0.000527005
0.000809419
0.000804418
0.000799123
0.000793521
0.0007876
0.000781347
0.000774749
0.000767794
0.000760467
0.000752757
0.00074465
0.000736133
0.000727194
0.000717821
0.000708001
0.000697723
0.000800281
0.000795176
0.000789783
0.00078409
0.000778085
0.000771756
0.000765091
0.000758079
0.000750706
0.000742962
0.000734834
0.00072631
0.000717379
0.000708029
0.00069825
0.000688032
0.000791216
0.000786015
0.000780533
0.000774757
0.000768677
0.000762282
0.00075556
0.0007485
0.000741091
0.000733323
0.000725183
0.000716662
0.000707748
0.000698433
0.000688705
0.000678556
0.00078223
0.000776942
0.000771378
0.000765529
0.000759383
0.00075293
0.00074616
0.000739063
0.000731627
0.000723844
0.000715703
0.000707194
0.000698308
0.000689035
0.000679367
0.000669296
0.000773329
0.000767962
0.000762326
0.000756412
0.000750208
0.000743707
0.000736899
0.000729773
0.00072232
0.000714532
0.000706398
0.000697911
0.00068906
0.00067984
0.000670241
0.000660256
0.000764521
0.000759083
0.000753383
0.000747412
0.00074116
0.000734619
0.000727781
0.000720635
0.000713174
0.000705389
0.000697272
0.000688815
0.00068001
0.00067085
0.000661327
0.000651437
0.000755812
0.000750311
0.000744555
0.000738535
0.000732243
0.000725671
0.000718811
0.000711655
0.000704194
0.000696422
0.00068833
0.000679911
0.000671159
0.000662067
0.000652629
0.000747206
0.00074165
0.000735846
0.000729787
0.000723463
0.000716869
0.000709995
0.000702836
0.000695384
0.000687632
0.000679573
0.000671201
0.00066251
0.000653494
0.000644148
0.000738712
0.000733108
0.000727264
0.000721172
0.000714825
0.000708216
0.000701338
0.000694184
0.000686749
0.000679025
0.000671007
0.000662689
0.000654066
0.000645132
0.000635884
0.000730333
0.00072469
0.000718813
0.000712697
0.000706333
0.000699717
0.000692842
0.000685702
0.00067829
0.000670603
0.000662633
0.000654376
0.000645828
0.000636984
0.00062784
0.000722076
0.0007164
0.000710499
0.000704365
0.000697993
0.000691378
0.000684513
0.000677393
0.000670013
0.000662368
0.000654453
0.000646264
0.000637797
0.000629048
0.000620015
0.000713945
0.000708244
0.000702325
0.000696182
0.000689809
0.000683201
0.000676353
0.000669261
0.000661919
0.000654324
0.00064647
0.000638355
0.000629975
0.000621327
0.000612408
0.000705946
0.000700227
0.000694297
0.000688151
0.000681783
0.00067519
0.000668366
0.000661308
0.000654011
0.000646472
0.000638686
0.00063065
0.000622363
0.000613821
0.000605021
0.000698083
0.000692353
0.000686418
0.000680276
0.000673921
0.000667348
0.000660555
0.000653537
0.000646291
0.000638813
0.000631101
0.00062315
0.00061496
0.000606528
0.000597852
0.000690361
0.000684625
0.000678694
0.000672561
0.000666224
0.000659679
0.000652923
0.000645951
0.000638761
0.00063135
0.000623716
0.000615855
0.000607767
0.000599449
0.0005909
0.000682784
0.000677049
0.000671126
0.000665009
0.000658697
0.000652185
0.000645471
0.000638551
0.000631422
0.000624084
0.000616532
0.000608765
0.000600783
0.000592582
0.000584164
0.000675355
0.000669628
0.000663718
0.000657624
0.000651342
0.000644868
0.000638201
0.000631338
0.000624276
0.000617014
0.000609549
0.000601881
0.000594007
0.000585928
0.000577642
0.000668079
0.000662364
0.000656474
0.000650407
0.00064416
0.00063773
0.000631116
0.000624314
0.000617323
0.000610141
0.000602767
0.0005952
0.000587439
0.000579483
0.000571333
0.000660959
0.000655261
0.000649397
0.000643362
0.000637155
0.000630774
0.000624216
0.000617479
0.000610563
0.000603466
0.000596186
0.000588724
0.000581077
0.000573247
0.000565233
0.000653997
0.000648322
0.000642488
0.00063649
0.000630328
0.000623999
0.000617502
0.000610835
0.000603998
0.000596988
0.000589806
0.00058245
0.000574921
0.000567218
0.000559342
0.000647197
0.00064155
0.000635749
0.000629793
0.00062368
0.000617407
0.000610975
0.000604382
0.000597626
0.000590706
0.000583624
0.000576377
0.000568967
0.000561393
0.000553656
0.000640561
0.000634946
0.000629184
0.000623273
0.000617212
0.000611
0.000604636
0.000598118
0.000591447
0.000584621
0.00057764
0.000570504
0.000563214
0.00055577
0.000548172
0.000634092
0.000628512
0.000622792
0.000616931
0.000610926
0.000604778
0.000598484
0.000592046
0.000585461
0.00057873
0.000571853
0.000564829
0.00055766
0.000550346
0.000542887
0.000627791
0.000622251
0.000616576
0.000610767
0.000604822
0.00059874
0.00059252
0.000586163
0.000579667
0.000573033
0.00056626
0.00055935
0.000552303
0.000545119
0.000537799
0.00062166
0.000616163
0.000610538
0.000604784
0.000598901
0.000592887
0.000586744
0.000580469
0.000574064
0.000567528
0.000560861
0.000554065
0.000547139
0.000540085
0.000532904
0.000615701
0.00061025
0.000604677
0.000598981
0.000593162
0.00058722
0.000581154
0.000574964
0.00056865
0.000562214
0.000555654
0.000548971
0.000542167
0.000535243
0.000528199
0.000609916
0.000604513
0.000598994
0.000593358
0.000587606
0.000581737
0.00057575
0.000569646
0.000563425
0.000557088
0.000550635
0.000544067
0.000537384
0.000530588
0.00052368
0.000604305
0.000598953
0.000593491
0.000587917
0.000582233
0.000576438
0.000570532
0.000564515
0.000558387
0.00055215
0.000545803
0.000539348
0.000532786
0.000526118
0.000519344
0.00059887
0.000593571
0.000588167
0.000582657
0.000577042
0.000571323
0.000565498
0.000559568
0.000553534
0.000547397
0.000541157
0.000534814
0.000528371
0.000521829
0.000515188
0.000593612
0.000588367
0.000583022
0.000577578
0.000572034
0.00056639
0.000560647
0.000554805
0.000548865
0.000542827
0.000536692
0.000530462
0.000524136
0.000517718
0.000511207
0.00058853
0.000583342
0.000578058
0.00057268
0.000567207
0.00056164
0.000555979
0.000550224
0.000544377
0.000538438
0.000532408
0.000526287
0.000520078
0.000513782
0.000507399
0.000583627
0.000578495
0.000573274
0.000567962
0.000562561
0.000557071
0.000551491
0.000545824
0.000540069
0.000534228
0.000528301
0.000522289
0.000516195
0.000510018
0.00050376
0.000578902
0.000573829
0.000568669
0.000563425
0.000558095
0.000552682
0.000547184
0.000541603
0.00053594
0.000530195
0.00052437
0.000518465
0.000512482
0.000506422
0.000500287
0.000574357
0.000569342
0.000564245
0.000559068
0.00055381
0.000548472
0.000543055
0.00053756
0.000531987
0.000526337
0.000520611
0.000514811
0.000508937
0.000502992
0.000496976
0.000569991
0.000565035
0.000560001
0.00055489
0.000549703
0.000544441
0.000539104
0.000533693
0.000528208
0.000522651
0.000517023
0.000511325
0.000505559
0.000499724
0.000493824
0.000565806
0.000560908
0.000555936
0.000550892
0.000545775
0.000540588
0.000535329
0.00053
0.000524603
0.000519137
0.000513604
0.000508006
0.000502343
0.000496617
0.000490829
0.000561802
0.000556962
0.000552052
0.000547073
0.000542026
0.000536911
0.000531729
0.000526482
0.000521169
0.000515792
0.000510352
0.00050485
0.000499288
0.000493666
0.000487987
0.00055798
0.000553197
0.000548348
0.000543433
0.000538454
0.000533411
0.000528304
0.000523135
0.000517905
0.000512614
0.000507264
0.000501856
0.000496391
0.00049087
0.000485296
0.00055434
0.000549613
0.000544824
0.000539972
0.00053506
0.000530086
0.000525053
0.00051996
0.00051481
0.000509603
0.000504339
0.000499021
0.00049365
0.000488227
0.000482752
0.000550884
0.000546212
0.000541481
0.000536691
0.000531843
0.000526937
0.000521974
0.000516956
0.000511883
0.000506756
0.000501576
0.000496345
0.000491064
0.000485733
0.000480355
0.000547613
0.000542995
0.00053832
0.00053359
0.000528804
0.000523963
0.000519069
0.000514122
0.000509123
0.000504073
0.000498974
0.000493826
0.00048863
0.000483389
0.000478103
0.000544528
0.000539962
0.000535342
0.000530669
0.000525943
0.000521165
0.000516336
0.000511458
0.00050653
0.000501554
0.000496531
0.000491462
0.000486348
0.000481191
0.000475992
0.000541632
0.000537116
0.000532548
0.00052793
0.000523261
0.000518543
0.000513777
0.000508963
0.000504103
0.000499197
0.000494247
0.000489253
0.000484217
0.00047914
0.000474023
0.000538926
0.000534457
0.00052994
0.000525374
0.00052076
0.000516099
0.000511392
0.00050664
0.000501843
0.000497003
0.000492121
0.000487198
0.000482235
0.000477234
0.000472194
0.000536413
0.00053199
0.000527519
0.000523003
0.00051844
0.000513833
0.000509182
0.000504487
0.000499751
0.000494973
0.000490155
0.000485299
0.000480404
0.000475472
0.000470506
0.000534096
0.000529715
0.000525289
0.000520819
0.000516305
0.000511748
0.000507148
0.000502508
0.000497827
0.000493107
0.000488349
0.000483554
0.000478723
0.000473857
0.000468957
0.000531979
0.000527638
0.000523253
0.000518826
0.000514356
0.000509845
0.000505294
0.000500703
0.000496074
0.000491408
0.000486704
0.000481966
0.000477193
0.000472387
0.000467548
0.000530066
0.000525761
0.000521414
0.000517026
0.000512597
0.000508129
0.000503622
0.000499076
0.000494494
0.000489876
0.000485223
0.000480536
0.000475816
0.000471064
0.000466281
0.000528363
0.000524091
0.000519778
0.000515425
0.000511033
0.000506603
0.000502135
0.00049763
0.00049309
0.000488515
0.000483907
0.000479266
0.000474593
0.00046989
0.000465157
0.000526876
0.000522632
0.000518349
0.000514028
0.000509668
0.000505271
0.000500838
0.000496369
0.000491866
0.00048733
0.00048276
0.00047816
0.000473529
0.000468868
0.000464179
0.000525611
0.000521392
0.000517135
0.00051284
0.000508508
0.00050414
0.000499736
0.000495298
0.000490827
0.000486323
0.000481787
0.000477221
0.000472626
0.000468001
0.00046335
0.000524577
0.000520378
0.000516142
0.000511869
0.00050756
0.000503216
0.000498837
0.000494424
0.000489978
0.000485501
0.000480993
0.000476455
0.000471889
0.000467294
0.000462673
0.000523783
0.0005196
0.000515381
0.000511125
0.000506833
0.000502507
0.000498146
0.000493753
0.000489328
0.000484871
0.000480385
0.000475868
0.000471324
0.000466753
0.000462155
0.00052324
0.000519068
0.00051486
0.000510616
0.000506336
0.000502022
0.000497675
0.000493295
0.000488883
0.000484441
0.000479969
0.000475468
0.000470939
0.000466383
0.000461801
0.000522962
0.000518795
0.000514593
0.000510354
0.000506081
0.000501774
0.000497433
0.00049306
0.000488656
0.00048422
0.000479756
0.000475262
0.000470741
0.000466193
0.00046162
)
;

boundaryField
{
    down
    {
        type            symmetryPlane;
    }
    right
    {
        type            fixedValue;
        value           nonuniform List<scalar> 0();
    }
    up
    {
        type            symmetryPlane;
    }
    left
    {
        type            zeroGradient;
    }
    cylinder
    {
        type            zeroGradient;
    }
    frontAndBack
    {
        type            empty;
    }
    procBoundary8to4
    {
        type            processor;
        value           nonuniform List<scalar> 
72
(
0.00107275
0.00107375
0.00107448
0.0010749
0.00107498
0.00107469
0.00107398
0.00107283
0.00107119
0.00106901
0.00106624
0.00106284
0.00105874
0.00105389
0.00104822
0.00104166
0.000917196
0.00091735
0.000917833
0.000918579
0.000919575
0.00092081
0.000922272
0.000923948
0.000925828
0.000925543
0.000925543
0.000927715
0.000930052
0.000932543
0.000935181
0.000937956
0.000940863
0.000943896
0.000947047
0.000950312
0.000953683
0.000957155
0.00096072
0.00096437
0.000968097
0.000971894
0.000975751
0.00097966
0.000983613
0.0009876
0.000991613
0.000995642
0.000999679
0.00100371
0.00100774
0.00101174
0.00101571
0.00101964
0.00102352
0.00102733
0.00103108
0.00103474
0.00103831
0.00104178
0.00104513
0.00104836
0.00105145
0.0010544
0.00105719
0.00105982
0.00106226
0.00106453
0.0010666
0.00106846
0.0010701
0.00107152
)
;
    }
    procBoundary8to5
    {
        type            processor;
        value           uniform 0.00100989;
    }
    procBoundary8to9
    {
        type            processor;
        value           nonuniform List<scalar> 
75
(
0.000986536
0.000964082
0.000942505
0.000921785
0.000901898
0.000882822
0.000864532
0.000847002
0.000830208
0.000814123
0.000798722
0.000783979
0.000769868
0.000756364
0.000743444
0.000731082
0.000719255
0.000707942
0.000697118
0.000686976
0.000677365
0.000667977
0.000658814
0.000649879
0.000641172
0.00064284
0.00064284
0.000634467
0.000626318
0.000618393
0.000610693
0.000603217
0.000595963
0.000588932
0.00058212
0.000575527
0.00056915
0.000562988
0.000557036
0.000551294
0.000545756
0.000540422
0.000535286
0.000530346
0.000525598
0.000521038
0.000516662
0.000512468
0.000508451
0.000504607
0.000500933
0.000497424
0.000494078
0.000490892
0.00048786
0.000484981
0.000482251
0.000479668
0.000477229
0.000474931
0.000472773
0.000470753
0.000468868
0.000467119
0.000465505
0.000464025
0.000462679
0.000461469
0.000460397
0.000459463
0.000458672
0.000458027
0.000457532
0.000457195
0.000457022
)
;
    }
}


// ************************************************************************* //
