/*--------------------------------*- C++ -*----------------------------------*\
| =========                 |                                                 |
| \\      /  F ield         | OpenFOAM: The Open Source CFD Toolbox           |
|  \\    /   O peration     | Version:  2412                                  |
|   \\  /    A nd           | Website:  www.openfoam.com                      |
|    \\/     M anipulation  |                                                 |
\*---------------------------------------------------------------------------*/
FoamFile
{
    version     2.0;
    format      ascii;
    arch        "LSB;label=32;scalar=64";
    class       volScalarField;
    location    "7";
    object      p;
}
// * * * * * * * * * * * * * * * * * * * * * * * * * * * * * * * * * * * * * //

dimensions      [0 2 -2 0 0 0 0];

internalField   nonuniform List<scalar> 
5285
(
0.00117875
0.00117948
0.00117992
0.00118005
0.00117982
0.00117922
0.00117821
0.00117674
0.00117477
0.00117226
0.00116917
0.00116544
0.00116102
0.00115586
0.00114989
0.00114304
0.0011634
0.00116364
0.00116359
0.00116321
0.00116247
0.00116134
0.00115979
0.00115778
0.00115527
0.00115221
0.00114857
0.00114428
0.00113932
0.00113361
0.0011271
0.00111973
0.00114829
0.00114808
0.00114755
0.0011467
0.00114548
0.00114386
0.00114181
0.00113929
0.00113627
0.00113271
0.00112855
0.00112377
0.0011183
0.0011121
0.00110511
0.00109728
0.00113345
0.0011328
0.00113184
0.00113053
0.00112885
0.00112677
0.00112426
0.00112128
0.00111779
0.00111376
0.00110914
0.00110389
0.00109796
0.00109132
0.0010839
0.00107567
0.00111887
0.00111782
0.00111644
0.00111471
0.00111261
0.0011101
0.00110715
0.00110374
0.00109982
0.00109535
0.00109031
0.00108464
0.00107831
0.00107127
0.00106347
0.00105487
0.00110458
0.00110314
0.00110137
0.00109924
0.00109674
0.00109383
0.00109049
0.00108667
0.00108235
0.0010775
0.00107207
0.00106602
0.00105932
0.00105193
0.0010438
0.00103488
0.00109057
0.00108876
0.00108663
0.00108414
0.00108126
0.00107798
0.00107427
0.00107008
0.0010654
0.00106018
0.0010544
0.00104802
0.00104099
0.00103328
0.00102486
0.00101567
0.00107685
0.0010747
0.00107222
0.00106939
0.00106617
0.00106255
0.00105849
0.00105397
0.00104895
0.00104341
0.00103731
0.00103062
0.0010233
0.00101532
0.00100663
0.000997213
0.00106342
0.00106096
0.00105816
0.001055
0.00105147
0.00104752
0.00104315
0.00103832
0.001033
0.00102716
0.00102078
0.00101381
0.00100624
0.000998014
0.000989111
0.000979492
0.00105029
0.00104753
0.00104443
0.00104098
0.00103715
0.00103291
0.00102825
0.00102314
0.00101754
0.00101144
0.0010048
0.000997591
0.000989788
0.000981356
0.000972265
0.000962481
0.00103746
0.00103442
0.00103104
0.00102731
0.00102321
0.00101871
0.00101378
0.00100841
0.00100256
0.000996223
0.000989356
0.000981936
0.000973935
0.000965325
0.000956075
0.000946157
0.00102493
0.00102163
0.00101799
0.00101401
0.00100965
0.0010049
0.000999737
0.000994131
0.000988064
0.000981508
0.00097444
0.000966834
0.000958663
0.000949901
0.00094052
0.000930495
0.0010127
0.00100915
0.00100528
0.00100106
0.000996473
0.000991497
0.000986113
0.000980297
0.000974028
0.000967283
0.000960038
0.00095227
0.000943953
0.000935065
0.000925579
0.000915471
0.00100076
0.000996992
0.0009929
0.000988463
0.000983664
0.000978484
0.000972901
0.000966896
0.000960448
0.000953536
0.000946137
0.000938229
0.00092979
0.000920798
0.000911229
0.000901062
0.000989119
0.000985145
0.000980849
0.000976214
0.000971222
0.000965855
0.000960094
0.00095392
0.000947313
0.000940254
0.000932721
0.000924695
0.000916155
0.00090708
0.00089745
0.000887244
0.000977772
0.000973607
0.000969125
0.000964308
0.000959141
0.000953605
0.000947684
0.000941359
0.000934612
0.000927425
0.000919778
0.000911653
0.000903031
0.000893893
0.00088422
0.000873993
0.000966716
0.000962375
0.000957722
0.00095274
0.000947413
0.000941726
0.000935662
0.000929203
0.000922334
0.000915037
0.000907294
0.000899088
0.000890401
0.000881217
0.000871518
0.000861288
0.000955947
0.000951445
0.000946635
0.000941503
0.000936032
0.000930209
0.000924018
0.000917442
0.000910467
0.000903076
0.000895254
0.000886983
0.000878248
0.000869034
0.000859325
0.000849106
0.000945463
0.000940813
0.00093586
0.000930591
0.000924992
0.000919047
0.000912744
0.000906066
0.000899
0.000891531
0.000883643
0.000875323
0.000866555
0.000857325
0.00084762
0.000837425
0.000935257
0.000930472
0.00092539
0.000919998
0.000914283
0.000908231
0.00090183
0.000895064
0.000887921
0.000880388
0.000872449
0.000864093
0.000855305
0.000846072
0.000836383
0.000826224
0.00102704
0.00102987
0.00102792
0.00102982
0.00103074
0.00103189
0.00103347
0.00103515
0.00103702
0.00102496
0.00102779
0.00102582
0.0010277
0.00102859
0.00102969
0.00103123
0.00103284
0.00103465
0.00103665
0.00103881
0.00104114
0.00104363
0.00104627
0.00104905
0.00105196
0.001055
0.00105816
0.00106142
0.00106479
0.00106825
0.0010718
0.00107542
0.00107911
0.00108287
0.00108667
0.00109053
0.00109441
0.00109833
0.00110226
0.0011062
0.00111015
0.00111408
0.00111799
0.00112188
0.00112572
0.00112952
0.00113326
0.00113692
0.00114051
0.00114401
0.00114741
0.0011507
0.00115386
0.0011569
0.00115979
0.00116253
0.00116511
0.00116752
0.00116974
0.00117177
0.0011736
0.00117522
0.00117662
0.00117779
0.00102284
0.00102567
0.00102369
0.00102555
0.0010264
0.00102746
0.00102895
0.0010305
0.00103224
0.00103416
0.00103624
0.00103848
0.00104086
0.00104339
0.00104606
0.00104885
0.00105175
0.00105477
0.00105788
0.00106109
0.00106439
0.00106776
0.0010712
0.0010747
0.00107825
0.00108185
0.00108548
0.00108913
0.00109281
0.00109649
0.00110018
0.00110385
0.0011075
0.00111113
0.00111471
0.00111825
0.00112173
0.00112514
0.00112847
0.00113172
0.00113486
0.0011379
0.00114081
0.0011436
0.00114624
0.00114874
0.00115108
0.00115324
0.00115523
0.00115703
0.00115864
0.00116003
0.00116121
0.00116217
0.0011629
0.00102068
0.00102351
0.00102152
0.00102335
0.00102418
0.00102519
0.00102663
0.00102812
0.00102979
0.00103163
0.00103363
0.00103577
0.00103806
0.00104048
0.00104303
0.00104569
0.00104847
0.00105134
0.00105431
0.00105736
0.00106048
0.00106368
0.00106694
0.00107024
0.00107359
0.00107698
0.00108039
0.00108382
0.00108726
0.00109069
0.00109412
0.00109753
0.0011009
0.00110424
0.00110754
0.00111077
0.00111394
0.00111703
0.00112003
0.00112294
0.00112573
0.00112841
0.00113097
0.00113338
0.00113565
0.00113776
0.00113971
0.00114148
0.00114307
0.00114446
0.00114565
0.00114663
0.00114739
0.00114793
0.00114823
0.0010185
0.00102132
0.00101932
0.00102113
0.00102192
0.00102289
0.00102428
0.00102571
0.00102731
0.00102907
0.00103098
0.00103303
0.00103522
0.00103753
0.00103996
0.0010425
0.00104514
0.00104787
0.00105069
0.00105358
0.00105654
0.00105957
0.00106264
0.00106575
0.0010689
0.00107208
0.00107527
0.00107847
0.00108167
0.00108486
0.00108804
0.00109118
0.00109429
0.00109735
0.00110035
0.00110329
0.00110615
0.00110893
0.0011116
0.00111418
0.00111664
0.00111897
0.00112117
0.00112323
0.00112513
0.00112687
0.00112844
0.00112983
0.00113103
0.00113203
0.00113282
0.00113341
0.00113377
0.0011339
0.0011338
0.00101627
0.0010191
0.00101708
0.00101887
0.00101962
0.00102056
0.00102189
0.00102326
0.00102479
0.00102648
0.0010283
0.00103025
0.00103234
0.00103454
0.00103686
0.00103927
0.00104178
0.00104437
0.00104704
0.00104977
0.00105257
0.00105542
0.00105831
0.00106123
0.00106418
0.00106715
0.00107012
0.0010731
0.00107607
0.00107902
0.00108194
0.00108482
0.00108766
0.00109045
0.00109317
0.00109581
0.00109837
0.00110084
0.0011032
0.00110546
0.00110759
0.00110958
0.00111144
0.00111315
0.0011147
0.00111608
0.00111728
0.0011183
0.00111913
0.00111975
0.00112017
0.00112037
0.00112035
0.0011201
0.00111962
0.00101402
0.00101685
0.00101481
0.00101657
0.0010173
0.00101819
0.00101947
0.00102078
0.00102224
0.00102385
0.00102558
0.00102745
0.00102943
0.00103152
0.00103372
0.00103601
0.00103838
0.00104083
0.00104335
0.00104593
0.00104856
0.00105124
0.00105394
0.00105668
0.00105943
0.00106219
0.00106496
0.00106771
0.00107045
0.00107316
0.00107583
0.00107846
0.00108104
0.00108355
0.00108599
0.00108835
0.00109062
0.00109278
0.00109484
0.00109678
0.00109858
0.00110026
0.00110178
0.00110315
0.00110436
0.00110539
0.00110624
0.00110691
0.00110738
0.00110764
0.0011077
0.00110754
0.00110715
0.00110654
0.0011057
0.00101173
0.00101456
0.00101252
0.00101425
0.00101494
0.00101579
0.00101702
0.00101827
0.00101966
0.00102119
0.00102284
0.00102461
0.00102649
0.00102847
0.00103055
0.00103272
0.00103496
0.00103727
0.00103964
0.00104206
0.00104453
0.00104703
0.00104956
0.0010521
0.00105466
0.00105722
0.00105977
0.0010623
0.00106481
0.00106728
0.00106972
0.00107209
0.00107441
0.00107666
0.00107883
0.0010809
0.00108288
0.00108476
0.00108651
0.00108814
0.00108964
0.001091
0.0010922
0.00109324
0.00109412
0.00109482
0.00109533
0.00109566
0.00109578
0.0010957
0.00109542
0.00109491
0.00109418
0.00109323
0.00109204
0.00100941
0.00101224
0.00101019
0.0010119
0.00101256
0.00101337
0.00101454
0.00101573
0.00101705
0.0010185
0.00102006
0.00102174
0.00102352
0.00102539
0.00102736
0.0010294
0.00103151
0.00103368
0.0010359
0.00103817
0.00104047
0.0010428
0.00104515
0.00104751
0.00104987
0.00105223
0.00105457
0.00105688
0.00105917
0.00106141
0.0010636
0.00106573
0.0010678
0.00106978
0.00107168
0.00107349
0.00107519
0.00107677
0.00107824
0.00107957
0.00108077
0.00108181
0.0010827
0.00108343
0.00108399
0.00108436
0.00108456
0.00108455
0.00108435
0.00108395
0.00108333
0.0010825
0.00108144
0.00108016
0.00107865
0.00100707
0.0010099
0.00100784
0.00100952
0.00101015
0.00101092
0.00101204
0.00101316
0.00101441
0.00101578
0.00101726
0.00101884
0.00102052
0.00102229
0.00102413
0.00102605
0.00102803
0.00103006
0.00103214
0.00103425
0.00103639
0.00103855
0.00104072
0.0010429
0.00104507
0.00104722
0.00104936
0.00105146
0.00105352
0.00105554
0.00105749
0.00105938
0.0010612
0.00106293
0.00106456
0.0010661
0.00106753
0.00106883
0.00107001
0.00107106
0.00107196
0.00107271
0.0010733
0.00107372
0.00107397
0.00107404
0.00107392
0.00107361
0.0010731
0.00107238
0.00107145
0.0010703
0.00106894
0.00106735
0.00106553
0.0010047
0.00100753
0.00100546
0.00100712
0.00100772
0.00100844
0.00100951
0.00101057
0.00101174
0.00101304
0.00101443
0.00101592
0.0010175
0.00101916
0.00102089
0.00102268
0.00102453
0.00102642
0.00102835
0.00103031
0.00103229
0.00103429
0.00103628
0.00103827
0.00104025
0.00104221
0.00104414
0.00104603
0.00104788
0.00104967
0.00105139
0.00105304
0.00105461
0.00105609
0.00105748
0.00105875
0.00105991
0.00106095
0.00106185
0.00106262
0.00106324
0.0010637
0.001064
0.00106413
0.00106408
0.00106386
0.00106344
0.00106283
0.00106202
0.001061
0.00105977
0.00105833
0.00105668
0.0010548
0.0010527
0.0010023
0.00100514
0.00100306
0.00100469
0.00100526
0.00100593
0.00100695
0.00100795
0.00100905
0.00101027
0.00101157
0.00101297
0.00101445
0.001016
0.00101762
0.00101929
0.00102101
0.00102276
0.00102455
0.00102636
0.00102818
0.00103001
0.00103183
0.00103364
0.00103543
0.0010372
0.00103892
0.00104061
0.00104224
0.00104381
0.0010453
0.00104672
0.00104806
0.00104929
0.00105043
0.00105145
0.00105235
0.00105312
0.00105376
0.00105425
0.0010546
0.00105478
0.0010548
0.00105465
0.00105432
0.00105381
0.00105311
0.00105221
0.00105112
0.00104982
0.00104831
0.00104659
0.00104466
0.00104251
0.00104014
0.000999883
0.00100272
0.00100064
0.00100224
0.00100277
0.00100341
0.00100437
0.00100531
0.00100634
0.00100748
0.0010087
0.00101
0.00101138
0.00101283
0.00101433
0.00101588
0.00101747
0.00101909
0.00102073
0.00102239
0.00102405
0.00102571
0.00102737
0.001029
0.00103061
0.00103218
0.00103371
0.00103519
0.00103661
0.00103796
0.00103924
0.00104043
0.00104153
0.00104253
0.00104342
0.00104419
0.00104484
0.00104536
0.00104574
0.00104597
0.00104605
0.00104597
0.00104572
0.0010453
0.0010447
0.00104391
0.00104294
0.00104177
0.00104041
0.00103884
0.00103706
0.00103508
0.00103289
0.00103048
0.00102786
0.000997443
0.00100029
0.000998197
0.000999769
0.00100027
0.00100086
0.00100177
0.00100264
0.0010036
0.00100466
0.0010058
0.00100701
0.0010083
0.00100964
0.00101103
0.00101246
0.00101392
0.0010154
0.0010169
0.00101841
0.00101992
0.00102142
0.0010229
0.00102436
0.00102578
0.00102717
0.0010285
0.00102978
0.00103099
0.00103213
0.00103319
0.00103416
0.00103503
0.0010358
0.00103646
0.00103699
0.00103739
0.00103766
0.00103779
0.00103777
0.00103759
0.00103726
0.00103675
0.00103607
0.00103521
0.00103416
0.00103293
0.00103151
0.00102988
0.00102806
0.00102604
0.00102381
0.00102137
0.00101872
0.00101586
0.000994983
0.00099783
0.000995739
0.000997279
0.000997752
0.000998297
0.000999148
0.000999957
0.00100085
0.00100183
0.00100289
0.00100401
0.00100519
0.00100643
0.00100771
0.00100902
0.00101035
0.0010117
0.00101306
0.00101442
0.00101578
0.00101711
0.00101843
0.00101971
0.00102096
0.00102216
0.0010233
0.00102439
0.0010254
0.00102633
0.00102718
0.00102793
0.00102858
0.00102912
0.00102954
0.00102984
0.00103001
0.00103004
0.00102993
0.00102966
0.00102924
0.00102866
0.0010279
0.00102697
0.00102586
0.00102457
0.00102309
0.00102142
0.00101956
0.00101749
0.00101523
0.00101277
0.0010101
0.00100722
0.00100415
0.000992507
0.000995358
0.000993265
0.000994772
0.000995215
0.000995713
0.000996506
0.000997251
0.000998073
0.00099898
0.000999952
0.00100099
0.00100207
0.00100321
0.00100437
0.00100556
0.00100677
0.00100799
0.00100921
0.00101043
0.00101163
0.00101281
0.00101396
0.00101508
0.00101615
0.00101716
0.00101812
0.00101901
0.00101982
0.00102055
0.00102119
0.00102173
0.00102217
0.00102249
0.00102269
0.00102276
0.0010227
0.0010225
0.00102215
0.00102165
0.00102099
0.00102017
0.00101917
0.00101801
0.00101666
0.00101513
0.00101342
0.00101152
0.00100942
0.00100713
0.00100465
0.00100196
0.000999077
0.000995994
0.000992712
0.000990017
0.00099287
0.000990779
0.00099225
0.000992662
0.000993112
0.000993846
0.000994527
0.000995279
0.000996112
0.000997002
0.000997949
0.000998942
0.000999971
0.00100103
0.0010021
0.00100319
0.00100428
0.00100536
0.00100643
0.00100748
0.00100851
0.0010095
0.00101044
0.00101134
0.00101218
0.00101295
0.00101365
0.00101427
0.0010148
0.00101524
0.00101557
0.0010158
0.00101591
0.00101589
0.00101574
0.00101546
0.00101504
0.00101446
0.00101374
0.00101285
0.0010118
0.00101058
0.00100918
0.00100761
0.00100586
0.00100392
0.0010018
0.000999484
0.00099698
0.000994283
0.000991392
0.000988307
0.000985028
0.000981555
0.000987515
0.00099037
0.000988282
0.000989714
0.000990096
0.000990495
0.000991168
0.000991785
0.000992469
0.000993228
0.000994039
0.000994899
0.000995798
0.000996725
0.000997673
0.000998632
0.000999595
0.00100055
0.0010015
0.00100243
0.00100334
0.00100421
0.00100504
0.00100582
0.00100655
0.00100721
0.0010078
0.00100832
0.00100875
0.00100909
0.00100933
0.00100946
0.00100948
0.00100938
0.00100915
0.0010088
0.0010083
0.00100766
0.00100687
0.00100592
0.00100482
0.00100355
0.00100211
0.0010005
0.00099871
0.000996744
0.000994595
0.000992263
0.000989744
0.000987038
0.000984143
0.000981059
0.000977786
0.000974325
0.000970675
0.000985004
0.000987859
0.000985777
0.000987166
0.000987518
0.000987863
0.000988473
0.000989027
0.000989643
0.00099033
0.000991063
0.000991837
0.000992644
0.000993472
0.000994312
0.000995157
0.000995999
0.000996831
0.000997645
0.000998436
0.000999194
0.000999914
0.00100059
0.00100121
0.00100177
0.00100226
0.00100268
0.00100301
0.00100326
0.00100341
0.00100345
0.00100339
0.00100321
0.00100291
0.00100248
0.00100192
0.00100122
0.00100037
0.000999368
0.000998214
0.000996899
0.00099542
0.000993773
0.000991955
0.000989963
0.000987793
0.000985444
0.000982915
0.000980202
0.000977306
0.000974226
0.000970962
0.000967513
0.000963882
0.000960069
0.000982487
0.000985339
0.000983264
0.000984607
0.00098493
0.000985218
0.000985764
0.000986254
0.000986803
0.000987419
0.000988076
0.000988767
0.000989482
0.000990211
0.000990945
0.000991678
0.0009924
0.000993107
0.00099379
0.000994442
0.000995058
0.000995629
0.000996149
0.00099661
0.000997007
0.00099733
0.000997575
0.000997734
0.000997799
0.000997766
0.000997626
0.000997374
0.000997003
0.000996508
0.000995882
0.00099512
0.000994217
0.000993168
0.000991967
0.000990612
0.000989096
0.000987418
0.000985572
0.000983557
0.00098137
0.000979008
0.000976469
0.000973753
0.000970858
0.000967784
0.000964531
0.000961098
0.000957486
0.000953698
0.000949733
0.000979962
0.00098282
0.000980741
0.000982039
0.000982332
0.000982561
0.00098304
0.000983468
0.000983951
0.000984499
0.000985081
0.000985689
0.000986315
0.000986946
0.000987576
0.000988197
0.000988802
0.000989385
0.000989938
0.000990455
0.00099093
0.000991355
0.000991724
0.00099203
0.000992267
0.000992426
0.000992502
0.000992489
0.000992379
0.000992167
0.000991845
0.000991409
0.000990851
0.000990167
0.000989351
0.000988398
0.000987303
0.000986061
0.000984667
0.000983119
0.000981412
0.000979542
0.000977507
0.000975305
0.000972932
0.000970388
0.000967671
0.000964779
0.000961713
0.000958472
0.000955056
0.000951466
0.000947703
0.000943769
0.000939665
0.000977482
0.000980361
0.000978258
0.000979515
0.000979779
0.000979946
0.000980362
0.000980728
0.000981149
0.000981631
0.000982141
0.00098267
0.000983209
0.000983746
0.000984275
0.000984788
0.00098528
0.000985743
0.000986171
0.000986558
0.000986898
0.000987183
0.000987407
0.000987564
0.000987647
0.000987649
0.000987564
0.000987386
0.000987109
0.000986726
0.000986232
0.00098562
0.000984886
0.000984023
0.000983027
0.000981893
0.000980617
0.000979193
0.000977619
0.000975889
0.000974002
0.000971954
0.000969743
0.000967366
0.000964822
0.000962109
0.000959226
0.000956172
0.000952948
0.000949554
0.00094599
0.000942257
0.000938356
0.00093429
0.000930061
0.000975034
0.000977916
0.000975817
0.000977004
0.000977252
0.000977354
0.000977703
0.000978011
0.00097837
0.000978788
0.000979229
0.000979681
0.000980135
0.000980581
0.000981011
0.000981419
0.0009818
0.000982147
0.000982454
0.000982714
0.000982922
0.000983071
0.000983155
0.000983167
0.000983102
0.000982952
0.000982712
0.000982376
0.000981937
0.00098139
0.00098073
0.00097995
0.000979046
0.000978013
0.000976845
0.000975539
0.000974089
0.000972493
0.000970746
0.000968846
0.000966788
0.000964572
0.000962194
0.000959653
0.000956948
0.000954076
0.000951039
0.000947835
0.000944464
0.000940928
0.000937227
0.000933362
0.000929336
0.000925149
0.000920806
0.000972539
0.000975421
0.000973333
0.00097443
0.000974672
0.000974704
0.000974984
0.000975234
0.000975531
0.000975884
0.000976255
0.00097663
0.000976999
0.000977353
0.000977684
0.000977987
0.000978257
0.000978487
0.000978672
0.000978805
0.000978882
0.000978895
0.000978838
0.000978706
0.000978493
0.000978192
0.000977797
0.000977303
0.000976705
0.000975995
0.000975171
0.000974225
0.000973153
0.000971951
0.000970614
0.000969138
0.000967519
0.000965754
0.000963839
0.000961771
0.000959548
0.000957168
0.000954629
0.000951929
0.000949068
0.000946044
0.000942858
0.000939509
0.000935999
0.000932327
0.000928496
0.000924507
0.000920361
0.000916062
0.000911612
0.000969993
0.000972882
0.000970798
0.000971794
0.000972037
0.000971996
0.000972205
0.000972398
0.000972633
0.000972921
0.000973222
0.000973519
0.000973802
0.000974063
0.000974294
0.000974492
0.00097465
0.000974763
0.000974826
0.000974832
0.000974777
0.000974654
0.000974458
0.000974182
0.000973821
0.000973369
0.000972821
0.000972171
0.000971414
0.000970544
0.000969557
0.000968447
0.00096721
0.000965842
0.000964339
0.000962697
0.000960912
0.000958981
0.000956902
0.000954671
0.000952287
0.000949748
0.000947053
0.0009442
0.000941188
0.000938018
0.000934689
0.000931203
0.000927559
0.000923759
0.000919804
0.000915697
0.00091144
0.000907035
0.000902486
0.000967397
0.000970297
0.000968213
0.000969096
0.000969345
0.000969231
0.000969368
0.000969505
0.000969677
0.0009699
0.00097013
0.000970348
0.000970545
0.000970712
0.000970843
0.000970935
0.000970981
0.000970977
0.000970917
0.000970797
0.00097061
0.000970351
0.000970015
0.000969596
0.000969089
0.000968488
0.000967787
0.000966982
0.000966068
0.000965039
0.000963892
0.00096262
0.000961221
0.00095969
0.000958024
0.000956219
0.000954272
0.000952179
0.00094994
0.000947551
0.000945011
0.000942318
0.000939472
0.00093647
0.000933315
0.000930004
0.000926539
0.000922921
0.00091915
0.000915228
0.000911158
0.00090694
0.000902579
0.000898076
0.000893435
0.000964749
0.000967665
0.000965577
0.000966338
0.000966597
0.000966412
0.000966476
0.000966558
0.000966667
0.000966822
0.00096698
0.000967118
0.000967227
0.0009673
0.000967332
0.000967316
0.00096725
0.000967129
0.000966947
0.0009667
0.000966382
0.000965988
0.000965513
0.000964952
0.000964299
0.000963549
0.000962698
0.000961739
0.00096067
0.000959484
0.000958179
0.000956748
0.00095519
0.000953499
0.000951673
0.000949708
0.000947603
0.000945353
0.000942958
0.000940416
0.000937724
0.000934883
0.000931891
0.000928747
0.000925453
0.000922008
0.000918413
0.00091467
0.000910779
0.000906743
0.000902563
0.000898242
0.000893783
0.00088919
0.000884464
0.000962051
0.000964983
0.000962892
0.00096352
0.000963793
0.00096354
0.000963531
0.000963557
0.000963602
0.000963688
0.000963773
0.00096383
0.000963852
0.00096383
0.00096376
0.000963638
0.00096346
0.000963221
0.000962917
0.000962543
0.000962094
0.000961566
0.000960953
0.00096025
0.000959453
0.000958556
0.000957555
0.000956446
0.000955223
0.000953883
0.000952422
0.000950835
0.00094912
0.000947272
0.00094529
0.00094317
0.00094091
0.000938508
0.000935962
0.000933271
0.000930433
0.000927448
0.000924316
0.000921037
0.00091761
0.000914037
0.000910319
0.000906457
0.000902452
0.000898308
0.000894026
0.000889609
0.000885061
0.000880383
0.000875581
0.0009593
0.000962251
0.000960158
0.000960641
0.000960932
0.000960617
0.000960534
0.000960506
0.000960487
0.000960502
0.000960511
0.000960487
0.000960419
0.000960302
0.000960131
0.000959901
0.000959611
0.000959255
0.000958829
0.000958329
0.00095775
0.000957088
0.000956338
0.000955495
0.000954554
0.000953512
0.000952363
0.000951104
0.000949731
0.000948239
0.000946624
0.000944884
0.000943016
0.000941015
0.000938881
0.000936609
0.000934199
0.000931649
0.000928956
0.000926121
0.000923143
0.00092002
0.000916754
0.000913344
0.000909791
0.000906096
0.000902261
0.000898287
0.000894176
0.000889931
0.000885554
0.000881048
0.000876417
0.000871663
0.000866791
0.000956497
0.000959467
0.000957376
0.000957704
0.000958016
0.000957646
0.000957487
0.000957406
0.000957321
0.000957263
0.000957195
0.000957088
0.00095693
0.000956717
0.000956444
0.000956108
0.000955705
0.000955232
0.000954685
0.000954059
0.000953351
0.000952556
0.000951669
0.000950687
0.000949605
0.000948419
0.000947125
0.000945719
0.000944197
0.000942555
0.000940791
0.000938901
0.000936882
0.000934732
0.000932449
0.000930031
0.000927475
0.000924781
0.000921947
0.000918974
0.000915859
0.000912605
0.00090921
0.000905675
0.000902003
0.000898193
0.000894247
0.000890168
0.000885957
0.000881618
0.000877153
0.000872565
0.000867858
0.000863035
0.0008581
0.00095364
0.000956631
0.000954546
0.000954711
0.000955045
0.000954627
0.000954393
0.000954258
0.000954108
0.000953974
0.000953828
0.000953635
0.000953387
0.000953077
0.000952702
0.000952259
0.000951744
0.000951154
0.000950486
0.000949735
0.000948899
0.000947972
0.000946951
0.000945831
0.000944609
0.000943282
0.000941844
0.000940293
0.000938625
0.000936836
0.000934925
0.000932889
0.000930724
0.000928428
0.000926001
0.000923439
0.000920742
0.00091791
0.00091494
0.000911833
0.000908589
0.000905208
0.00090169
0.000898038
0.000894251
0.000890332
0.000886282
0.000882105
0.000877801
0.000873375
0.000868829
0.000864166
0.00085939
0.000854505
0.000849515
0.000950729
0.000953742
0.000951669
0.000951663
0.000952019
0.000951563
0.000951252
0.000951062
0.000950847
0.000950636
0.000950409
0.000950131
0.000949791
0.000949384
0.000948907
0.000948357
0.00094773
0.000947024
0.000946236
0.000945361
0.000944397
0.00094334
0.000942185
0.00094093
0.00093957
0.000938102
0.000936523
0.00093483
0.000933019
0.000931087
0.000929032
0.000926852
0.000924545
0.000922108
0.00091954
0.00091684
0.000914007
0.000911041
0.00090794
0.000904705
0.000901337
0.000897835
0.000894201
0.000890436
0.000886542
0.000882521
0.000878374
0.000874104
0.000869715
0.000865208
0.000860587
0.000855856
0.000851019
0.000846079
0.00084104
0.000947762
0.000950801
0.000948746
0.000948562
0.00094894
0.000948454
0.000948066
0.00094782
0.00094754
0.00094725
0.000946941
0.000946576
0.000946144
0.00094564
0.000945061
0.000944403
0.000943665
0.000942844
0.000941936
0.000940938
0.000939848
0.000938662
0.000937375
0.000935986
0.00093449
0.000932885
0.000931167
0.000929334
0.000927383
0.000925311
0.000923117
0.000920797
0.000918351
0.000915777
0.000913073
0.00091024
0.000907275
0.00090418
0.000900953
0.000897596
0.000894109
0.000890493
0.000886748
0.000882878
0.000878882
0.000874765
0.000870527
0.000866173
0.000861703
0.000857123
0.000852435
0.000847643
0.00084275
0.000837762
0.000832681
0.00094474
0.000947806
0.000945778
0.00094541
0.000945808
0.000945301
0.000944835
0.000944533
0.000944188
0.000943818
0.000943425
0.000942973
0.000942448
0.000941846
0.000941165
0.000940401
0.000939552
0.000938616
0.00093759
0.00093647
0.000935255
0.000933941
0.000932525
0.000931004
0.000929374
0.000927634
0.00092578
0.000923811
0.000921722
0.000919514
0.000917183
0.000914727
0.000912147
0.00090944
0.000906605
0.000903643
0.000900552
0.000897333
0.000893986
0.000890512
0.000886912
0.000883187
0.000879338
0.000875368
0.000871278
0.000867071
0.000862749
0.000858316
0.000853774
0.000849126
0.000844378
0.000839531
0.00083459
0.000829559
0.000824443
0.000941663
0.000944759
0.000942767
0.000942211
0.000942624
0.000942105
0.00094156
0.0009412
0.000940791
0.000940342
0.000939863
0.000939323
0.000938705
0.000938006
0.000937222
0.000936352
0.000935393
0.000934343
0.0009332
0.00093196
0.000930621
0.000929181
0.000927637
0.000925986
0.000924226
0.000922353
0.000920366
0.000918263
0.000916041
0.000913699
0.000911235
0.000908649
0.000905938
0.000903102
0.000900141
0.000897055
0.000893843
0.000890506
0.000887044
0.000883459
0.000879752
0.000875924
0.000871977
0.000867913
0.000863735
0.000859444
0.000855045
0.000850539
0.000845931
0.000841224
0.00083642
0.000831525
0.000826543
0.000821477
0.000816331
0.000938531
0.000941662
0.000939712
0.000938966
0.000939389
0.000938867
0.000938243
0.000937822
0.000937351
0.000936821
0.000936257
0.000935628
0.000934917
0.00093412
0.000933235
0.00093226
0.000931192
0.000930029
0.000928769
0.00092741
0.00092595
0.000924386
0.000922716
0.000920938
0.000919049
0.000917047
0.00091493
0.000912696
0.000910344
0.000907873
0.00090528
0.000902566
0.000899729
0.00089677
0.000893687
0.000890482
0.000887154
0.000883704
0.000880133
0.000876443
0.000872634
0.00086871
0.00086467
0.000860519
0.000856259
0.000851892
0.000847421
0.00084285
0.000838182
0.00083342
0.000828569
0.000823632
0.000818614
0.000813519
0.00080835
0.000935346
0.000938514
0.000936617
0.000935676
0.000936104
0.000935588
0.000934885
0.0009344
0.000933868
0.000933258
0.000932608
0.000931891
0.000931087
0.000930193
0.000929207
0.000928127
0.00092695
0.000925676
0.000924301
0.000922825
0.000921246
0.00091956
0.000917766
0.000915863
0.000913848
0.000911719
0.000909475
0.000907115
0.000904637
0.000902039
0.000899322
0.000896485
0.000893527
0.000890448
0.000887249
0.00088393
0.000880491
0.000876934
0.00087326
0.00086947
0.000865566
0.00086155
0.000857425
0.000853193
0.000848856
0.000844419
0.000839883
0.000835252
0.00083053
0.000825721
0.000820829
0.000815856
0.000810809
0.00080569
0.000800504
0.00093211
0.000935318
0.000933481
0.000932346
0.000932771
0.000932268
0.000931487
0.000930936
0.000930344
0.000929656
0.000928919
0.000928113
0.000927217
0.000926226
0.00092514
0.000923956
0.000922672
0.000921287
0.0009198
0.000918208
0.000916511
0.000914706
0.000912791
0.000910766
0.000908628
0.000906375
0.000904008
0.000901524
0.000898923
0.000896204
0.000893367
0.000890411
0.000887336
0.000884143
0.000880833
0.000877404
0.00087386
0.000870201
0.000866429
0.000862545
0.000858552
0.000854451
0.000850246
0.000845939
0.000841533
0.000837031
0.000832436
0.000827752
0.000822983
0.000818133
0.000813204
0.000808202
0.000803131
0.000797995
0.000792798
0.000928824
0.000932075
0.000930308
0.000928976
0.00092939
0.00092891
0.000928051
0.000927431
0.000926781
0.000926015
0.000925192
0.000924298
0.00092331
0.000922223
0.000921037
0.00091975
0.000918361
0.000916867
0.000915269
0.000913564
0.000911751
0.000909829
0.000907796
0.000905651
0.000903393
0.00090102
0.000898533
0.000895929
0.00089321
0.000890373
0.00088742
0.00088435
0.000881163
0.000877861
0.000874443
0.000870912
0.000867268
0.000863512
0.000859648
0.000855676
0.000851599
0.00084742
0.00084314
0.000838764
0.000834294
0.000829734
0.000825086
0.000820356
0.000815545
0.000810659
0.000805701
0.000800675
0.000795586
0.000790438
0.000785235
0.000925491
0.000928788
0.000927097
0.000925569
0.000925964
0.000925513
0.000924579
0.000923887
0.000923179
0.000922338
0.000921429
0.000920447
0.000919368
0.000918186
0.000916902
0.000915514
0.00091402
0.00091242
0.000910712
0.000908896
0.00090697
0.000904933
0.000902784
0.000900523
0.000898148
0.000895659
0.000893055
0.000890336
0.000887501
0.000884552
0.000881487
0.000878307
0.000875013
0.000871606
0.000868088
0.000864458
0.000860719
0.000856873
0.000852922
0.000848868
0.000844713
0.00084046
0.000836113
0.000831674
0.000827146
0.000822534
0.000817839
0.000813067
0.000808221
0.000803305
0.000798323
0.00079328
0.000788178
0.000783023
0.00077782
0.000922113
0.00092546
0.000923853
0.000922128
0.000922495
0.00092208
0.000921073
0.000920306
0.000919542
0.000918628
0.000917633
0.000916565
0.000915396
0.000914121
0.000912739
0.000911251
0.000909655
0.000907949
0.000906134
0.000904208
0.000902172
0.000900023
0.000897761
0.000895387
0.000892898
0.000890296
0.00088758
0.000884749
0.000881804
0.000878745
0.000875573
0.000872289
0.000868893
0.000865386
0.000861771
0.000858049
0.000854221
0.00085029
0.000846257
0.000842126
0.0008379
0.00083358
0.00082917
0.000824674
0.000820095
0.000815435
0.0008107
0.000805892
0.000801017
0.000796076
0.000791076
0.000786019
0.000780911
0.000775754
0.000770555
0.000918695
0.000922092
0.000920576
0.000918656
0.000918984
0.000918613
0.000917537
0.000916691
0.000915872
0.000914888
0.000913809
0.000912654
0.000911397
0.000910029
0.000908552
0.000906965
0.000905268
0.000903459
0.000901539
0.000899507
0.000897362
0.000895104
0.000892733
0.000890248
0.00088765
0.000884938
0.000882113
0.000879174
0.000876123
0.00087296
0.000869685
0.000866301
0.000862808
0.000859207
0.000855501
0.000851691
0.000847779
0.000843768
0.00083966
0.000835458
0.000831165
0.000826784
0.000822318
0.00081777
0.000813144
0.000808444
0.000803674
0.000798836
0.000793936
0.000788977
0.000783963
0.000778898
0.000773788
0.000768635
0.000763444
0.000915239
0.000918689
0.000917269
0.000915156
0.000915435
0.000915114
0.000913974
0.000913045
0.000912171
0.00091112
0.000909958
0.000908718
0.000907374
0.000905915
0.000904344
0.00090266
0.000900864
0.000898955
0.000896932
0.000894795
0.000892545
0.000890181
0.000887704
0.000885112
0.000882408
0.00087959
0.00087666
0.000873618
0.000870465
0.000867202
0.000863829
0.00086035
0.000856764
0.000853074
0.000849282
0.000845389
0.000841399
0.000837314
0.000833136
0.000828869
0.000824515
0.000820078
0.000815561
0.000810968
0.000806301
0.000801566
0.000796765
0.000791903
0.000786983
0.00078201
0.000776988
0.000771921
0.000766813
0.000761668
0.00075649
0.000911749
0.000915253
0.000913936
0.000911631
0.000911851
0.000911586
0.000910386
0.000909372
0.000908444
0.000907328
0.000906084
0.000904761
0.000903331
0.000901783
0.000900119
0.000898342
0.000896449
0.000894441
0.000892318
0.00089008
0.000887727
0.00088526
0.000882679
0.000879985
0.000877178
0.000874258
0.000871227
0.000868086
0.000864835
0.000861477
0.000858011
0.000854441
0.000850768
0.000846994
0.000843121
0.000839152
0.000835089
0.000830935
0.000826692
0.000822365
0.000817956
0.000813468
0.000808906
0.000804272
0.00079957
0.000794805
0.000789979
0.000785097
0.000780164
0.000775182
0.000770156
0.000765091
0.000759989
0.000754856
0.000749696
0.000908229
0.000911788
0.00091058
0.000908085
0.000908236
0.000908031
0.000906777
0.000905675
0.000904693
0.000903516
0.000902193
0.000900786
0.000899273
0.000897638
0.000895884
0.000894014
0.000892027
0.000889922
0.000887702
0.000885365
0.000882913
0.000880347
0.000877666
0.000874872
0.000871966
0.000868949
0.000865821
0.000862585
0.000859241
0.000855791
0.000852237
0.000848582
0.000844826
0.000840973
0.000837024
0.000832983
0.000828853
0.000824635
0.000820334
0.000815952
0.000811493
0.00080696
0.000802357
0.000797688
0.000792957
0.000788166
0.000783321
0.000778424
0.000773481
0.000768495
0.00076347
0.000758411
0.000753321
0.000748204
0.000743064
0.000904684
0.000908299
0.000907204
0.000904522
0.000904593
0.000904454
0.000903153
0.000901959
0.000900923
0.000899687
0.000898288
0.0008968
0.000895204
0.000893484
0.000891642
0.000889682
0.000887603
0.000885405
0.000883089
0.000880657
0.000878109
0.000875446
0.000872669
0.000869779
0.000866778
0.000863667
0.000860447
0.00085712
0.000853687
0.000850152
0.000846514
0.000842778
0.000838945
0.000835017
0.000830999
0.000826891
0.000822698
0.000818422
0.000814067
0.000809635
0.000805132
0.000800559
0.000795921
0.000791222
0.000786465
0.000781654
0.000776794
0.000771888
0.00076694
0.000761954
0.000756934
0.000751885
0.000746809
0.000741712
0.000736597
0.000901117
0.000904789
0.000903813
0.000900947
0.000900926
0.000900857
0.000899516
0.000898229
0.000897137
0.000895848
0.000894373
0.000892805
0.00089113
0.000889327
0.0008874
0.000885351
0.000883183
0.000880894
0.000878487
0.000875962
0.000873321
0.000870565
0.000867695
0.000864714
0.000861621
0.00085842
0.000855112
0.000851698
0.000848182
0.000844564
0.000840848
0.000837036
0.00083313
0.000829134
0.00082505
0.000820881
0.00081663
0.000812301
0.000807897
0.000803421
0.000798878
0.00079427
0.000789603
0.000784878
0.000780101
0.000775275
0.000770404
0.000765492
0.000760544
0.000755562
0.000750551
0.000745516
0.000740459
0.000735385
0.000730297
0.000897534
0.000901263
0.000900411
0.000897363
0.000897242
0.000897246
0.000895872
0.00089449
0.000893342
0.000892001
0.000890455
0.000888808
0.000887055
0.000885172
0.000883161
0.000881028
0.000878772
0.000876396
0.000873899
0.000871285
0.000868555
0.000865709
0.000862751
0.000859681
0.000856501
0.000853215
0.000849822
0.000846327
0.000842731
0.000839037
0.000835246
0.000831363
0.00082739
0.000823329
0.000819184
0.000814959
0.000810655
0.000806278
0.00080183
0.000797315
0.000792737
0.0007881
0.000783407
0.000778661
0.000773868
0.000769031
0.000764154
0.000759241
0.000754296
0.000749323
0.000744325
0.000739306
0.000734271
0.000729224
0.000724167
0.00089394
0.000897726
0.000897001
0.000893778
0.000893544
0.000893624
0.000892225
0.000890746
0.000889541
0.000888152
0.000886537
0.000884814
0.000882985
0.000881025
0.000878933
0.000876717
0.000874378
0.000871916
0.000869334
0.000866634
0.000863817
0.000860886
0.000857842
0.000854688
0.000851425
0.000848057
0.000844585
0.000841012
0.000837341
0.000833574
0.000829715
0.000825765
0.000821729
0.000817609
0.000813409
0.000809131
0.000804781
0.00080036
0.000795873
0.000791324
0.000786716
0.000782052
0.000777338
0.000772577
0.000767773
0.000762929
0.00075805
0.000753139
0.000748201
0.000743239
0.000738258
0.00073326
0.00072825
0.000723231
0.000718207
0.000890341
0.000894183
0.00089359
0.000890195
0.000889838
0.000889997
0.000888582
0.000887004
0.000885741
0.000884308
0.000882627
0.000880829
0.000878927
0.000876891
0.000874722
0.000872425
0.000870005
0.000867461
0.000864797
0.000862014
0.000859115
0.000856101
0.000852976
0.000849741
0.0008464
0.000842954
0.000839407
0.000835761
0.00083202
0.000828185
0.000824261
0.000820249
0.000816155
0.00081198
0.000807729
0.000803405
0.000799011
0.000794552
0.000790031
0.000785451
0.000780818
0.000776134
0.000771403
0.00076663
0.000761818
0.000756971
0.000752094
0.000747189
0.000742262
0.000737315
0.000732353
0.000727379
0.000722396
0.000717409
0.000712421
0.000886742
0.000890641
0.000890183
0.00088662
0.000886131
0.00088637
0.000884948
0.000883271
0.000881947
0.000880473
0.00087873
0.00087686
0.000874886
0.000872778
0.000870533
0.00086816
0.000865661
0.000863039
0.000860295
0.000857433
0.000854455
0.000851363
0.00084816
0.000844849
0.000841433
0.000837914
0.000834296
0.000830581
0.000826773
0.000822875
0.000818891
0.000814822
0.000810674
0.00080645
0.000802152
0.000797786
0.000793354
0.000788861
0.00078431
0.000779705
0.00077505
0.000770349
0.000765606
0.000760824
0.000756009
0.000751163
0.000746291
0.000741396
0.000736482
0.000731553
0.000726613
0.000721665
0.000716713
0.00071176
0.000706809
0.000883149
0.000887104
0.000886786
0.00088306
0.000882429
0.000882749
0.000881328
0.000879552
0.000878165
0.000876653
0.000874853
0.000872912
0.000870868
0.000868691
0.000866374
0.000863927
0.000861353
0.000858656
0.000855836
0.000852898
0.000849844
0.000846677
0.000843401
0.000840018
0.00083653
0.000832943
0.000829258
0.000825479
0.000821609
0.000817653
0.000813612
0.000809491
0.000805294
0.000801024
0.000796685
0.000792281
0.000787815
0.000783292
0.000778715
0.000774089
0.000769416
0.000764703
0.000759951
0.000755165
0.00075035
0.000745508
0.000740645
0.000735762
0.000730865
0.000725957
0.000721042
0.000716122
0.000711202
0.000706285
0.000701374
0.000879571
0.00088358
0.000883404
0.000879521
0.000878739
0.000879141
0.00087773
0.000875855
0.000874404
0.000872857
0.000871002
0.000868993
0.000866882
0.000864638
0.000862252
0.000859734
0.000857088
0.000854318
0.000851427
0.000848416
0.000845291
0.000842053
0.000838707
0.000835255
0.000831701
0.000828049
0.000824301
0.000820462
0.000816535
0.000812524
0.000808432
0.000804263
0.000800021
0.00079571
0.000791333
0.000786895
0.0007824
0.000777851
0.000773253
0.000768609
0.000763924
0.000759201
0.000754444
0.000749658
0.000744845
0.000740011
0.000735159
0.000730292
0.000725415
0.00072053
0.000715641
0.000710752
0.000705866
0.000700987
0.000696116
0.000876012
0.000880076
0.000880044
0.000876011
0.000875068
0.000875552
0.000874161
0.000872187
0.000870669
0.00086909
0.000867184
0.00086511
0.000862935
0.000860627
0.000858174
0.000855588
0.000852874
0.000850035
0.000847075
0.000843996
0.000840802
0.000837497
0.000834085
0.000830569
0.000826952
0.000823239
0.000819433
0.000815538
0.000811558
0.000807497
0.000803357
0.000799145
0.000794862
0.000790514
0.000786104
0.000781637
0.000777116
0.000772545
0.000767929
0.000763272
0.000758576
0.000753848
0.000749089
0.000744306
0.0007395
0.000734676
0.000729838
0.000724989
0.000720133
0.000715273
0.000710414
0.000705557
0.000700707
0.000695866
0.000691038
0.000872482
0.000876598
0.000876714
0.000872536
0.000871424
0.000871989
0.000870628
0.000868556
0.000866969
0.00086536
0.000863408
0.000861271
0.000859033
0.000856664
0.000854149
0.000851498
0.000848719
0.000845814
0.000842788
0.000839644
0.000836386
0.000833018
0.000829543
0.000825967
0.000822292
0.000818522
0.000814662
0.000810715
0.000806686
0.000802578
0.000798396
0.000794144
0.000789825
0.000785444
0.000781005
0.000776512
0.000771969
0.00076738
0.00076275
0.000758082
0.00075338
0.000748649
0.000743892
0.000739114
0.000734317
0.000729506
0.000724685
0.000719856
0.000715024
0.000710191
0.000705362
0.00070054
0.000695727
0.000690926
0.000686141
0.000868987
0.000873154
0.000873421
0.000869104
0.000867816
0.000868461
0.000867138
0.00086497
0.000863312
0.000861675
0.000859681
0.000857484
0.000855186
0.000852759
0.000850184
0.000847472
0.00084463
0.000841664
0.000838576
0.00083537
0.000832051
0.000828623
0.000825091
0.000821457
0.000817728
0.000813905
0.000809995
0.000806001
0.000801926
0.000797777
0.000793555
0.000789267
0.000784916
0.000780506
0.000776041
0.000771526
0.000766965
0.000762362
0.000757721
0.000753046
0.000748341
0.00074361
0.000738858
0.000734087
0.000729302
0.000724506
0.000719703
0.000714897
0.00071009
0.000705287
0.00070049
0.000695702
0.000690927
0.000686168
0.000681426
0.000865537
0.000869753
0.000870173
0.000865724
0.000864251
0.000864975
0.0008637
0.000861438
0.000859706
0.000858044
0.000856012
0.000853757
0.000851402
0.00084892
0.000846288
0.000843517
0.000840617
0.000837592
0.000834446
0.000831182
0.000827806
0.000824323
0.000820735
0.000817049
0.000813269
0.000809398
0.000805441
0.000801403
0.000797287
0.000793099
0.000788843
0.000784522
0.000780142
0.000775707
0.00077122
0.000766687
0.000762111
0.000757497
0.000752848
0.000748169
0.000743464
0.000738736
0.00073399
0.00072923
0.000724459
0.00071968
0.000714898
0.000710115
0.000705336
0.000700563
0.000695799
0.000691047
0.000686311
0.000681593
0.000676896
0.00086214
0.000866404
0.000866977
0.000862404
0.00086074
0.000861541
0.000860323
0.000857969
0.000856161
0.000854474
0.000852409
0.000850101
0.00084769
0.000845155
0.00084247
0.000839645
0.000836689
0.000833609
0.000830407
0.000827089
0.00082366
0.000820124
0.000816486
0.000812751
0.000808923
0.000805007
0.000801008
0.00079693
0.000792777
0.000788555
0.000784267
0.000779918
0.000775512
0.000771055
0.00076655
0.000762001
0.000757413
0.000752791
0.000748137
0.000743457
0.000738754
0.000734032
0.000729295
0.000724547
0.000719792
0.000715032
0.000710272
0.000705515
0.000700764
0.000696021
0.000691292
0.000686577
0.00068188
0.000677204
0.000672551
0.000858805
0.000863114
0.000863844
0.000859154
0.000857291
0.000858167
0.000857015
0.000854573
0.000852685
0.000850977
0.000848882
0.000846523
0.000844059
0.000841475
0.00083874
0.000835862
0.000832855
0.000829722
0.000826469
0.000823101
0.000819622
0.000816037
0.000812352
0.000808572
0.0008047
0.000800743
0.000796705
0.00079259
0.000788404
0.00078415
0.000779834
0.00077546
0.000771033
0.000766557
0.000762036
0.000757476
0.000752879
0.000748251
0.000743595
0.000738916
0.000734217
0.000729503
0.000724778
0.000720044
0.000715306
0.000710567
0.00070583
0.000701099
0.000696377
0.000691667
0.000686972
0.000682294
0.000677637
0.000673002
0.000668394
0.000855542
0.000859895
0.000860782
0.000855982
0.000853916
0.000854864
0.000853787
0.000851259
0.00084929
0.000847561
0.000845441
0.000843034
0.000840519
0.000837888
0.000835107
0.000832181
0.000829124
0.000825943
0.000822642
0.000819226
0.000815701
0.000812071
0.000808343
0.00080452
0.000800609
0.000796615
0.000792541
0.000788393
0.000784176
0.000779895
0.000775555
0.000771159
0.000766713
0.000762221
0.000757688
0.000753117
0.000748515
0.000743883
0.000739228
0.000734552
0.00072986
0.000725156
0.000720443
0.000715725
0.000711005
0.000706288
0.000701576
0.000696872
0.00069218
0.000687502
0.000682842
0.000678201
0.000673584
0.000668991
0.000664426
0.000852362
0.000856756
0.000857802
0.000852899
0.000850624
0.000851641
0.000850647
0.000848038
0.000845985
0.000844236
0.000842096
0.000839644
0.000837081
0.000834406
0.000831581
0.000828609
0.000825507
0.000822281
0.000818935
0.000815475
0.000811907
0.000808236
0.000804468
0.000800607
0.00079666
0.00079263
0.000788525
0.000784348
0.000780104
0.000775798
0.000771436
0.000767021
0.000762559
0.000758054
0.000753511
0.000748934
0.000744327
0.000739695
0.000735042
0.000730372
0.000725688
0.000720995
0.000716296
0.000711595
0.000706895
0.0007022
0.000697513
0.000692837
0.000688176
0.00068353
0.000678905
0.000674302
0.000669723
0.000665172
0.00066065
0.000849275
0.000853707
0.000854913
0.000849915
0.000847427
0.00084851
0.000847608
0.000844921
0.000842782
0.000841013
0.000838857
0.000836364
0.000833755
0.000831039
0.000828173
0.000825159
0.000822015
0.000818746
0.000815359
0.000811859
0.000808251
0.000804542
0.000800737
0.000796841
0.000792861
0.000788801
0.000784666
0.000780463
0.000776195
0.000771868
0.000767487
0.000763056
0.000758581
0.000754066
0.000749515
0.000744933
0.000740325
0.000735694
0.000731045
0.000726381
0.000721707
0.000717027
0.000712343
0.00070766
0.000702981
0.000698309
0.000693648
0.000689
0.000684368
0.000679756
0.000675165
0.000670599
0.000666059
0.000661548
0.000657068
0.000846292
0.000850761
0.000852127
0.000847041
0.000844336
0.000845482
0.00084468
0.000841919
0.000839692
0.000837904
0.000835735
0.000833205
0.000830553
0.000827798
0.000824894
0.000821842
0.000818658
0.00081535
0.000811925
0.000808388
0.000804744
0.000800999
0.000797161
0.000793234
0.000789223
0.000785135
0.000780975
0.000776748
0.000772459
0.000768113
0.000763716
0.000759272
0.000754786
0.000750263
0.000745707
0.000741122
0.000736514
0.000731886
0.000727242
0.000722587
0.000717924
0.000713257
0.00070859
0.000703926
0.000699268
0.000694619
0.000689984
0.000685364
0.000680763
0.000676182
0.000671626
0.000667095
0.000662593
0.000658122
0.000653683
0.000843426
0.000847928
0.000849455
0.000844289
0.000841363
0.000842569
0.000841874
0.000839045
0.000836727
0.000834921
0.000832742
0.000830179
0.000827486
0.000824694
0.000821756
0.000818668
0.000815447
0.000812105
0.000808644
0.000805073
0.000801396
0.00079762
0.000793751
0.000789795
0.000785758
0.000781645
0.000777462
0.000773214
0.000768907
0.000764545
0.000760134
0.000755679
0.000751184
0.000746655
0.000742095
0.00073751
0.000732904
0.00072828
0.000723643
0.000718997
0.000714346
0.000709694
0.000705043
0.000700398
0.000695761
0.000691136
0.000686527
0.000681934
0.000677363
0.000672814
0.000668291
0.000663796
0.00065933
0.000654897
0.000650498
0.000840688
0.000845221
0.00084691
0.000841672
0.000838521
0.000839782
0.000839202
0.000836309
0.000833899
0.000832075
0.000829891
0.000827297
0.000824566
0.00082174
0.00081877
0.00081565
0.000812396
0.000809021
0.000805528
0.000801926
0.000798219
0.000794414
0.000790518
0.000786536
0.000782475
0.00077834
0.000774137
0.000769871
0.000765548
0.000761172
0.00075675
0.000752286
0.000747785
0.000743251
0.00073869
0.000734105
0.000729501
0.000724883
0.000720254
0.000715619
0.00071098
0.000706342
0.000701709
0.000697083
0.000692467
0.000687866
0.000683281
0.000678717
0.000674174
0.000669656
0.000665165
0.000660704
0.000656274
0.000651878
0.000647517
0.000838091
0.000842653
0.000844503
0.0008392
0.000835823
0.000837137
0.000836678
0.000833726
0.000831221
0.000829379
0.000827194
0.000824573
0.000821806
0.000818949
0.00081595
0.0008128
0.000809516
0.000806111
0.00080259
0.000798959
0.000795225
0.000791394
0.000787474
0.000783469
0.000779387
0.000775232
0.000771011
0.00076673
0.000762393
0.000758006
0.000753574
0.000749103
0.000744597
0.00074006
0.000735499
0.000730916
0.000726317
0.000721705
0.000717084
0.000712459
0.000707834
0.000703211
0.000698594
0.000693987
0.000689393
0.000684815
0.000680255
0.000675716
0.000671201
0.000666713
0.000662253
0.000657825
0.000653429
0.000649067
0.000644743
0.00083565
0.000840238
0.000842249
0.000836889
0.000833283
0.000834645
0.000834314
0.000831308
0.000828708
0.000826847
0.000824664
0.00082202
0.000819219
0.000816333
0.000813308
0.000810131
0.00080682
0.000803388
0.000799841
0.000796185
0.000792426
0.000788573
0.000784631
0.000780606
0.000776505
0.000772333
0.000768097
0.000763802
0.000759453
0.000755057
0.000750618
0.000746141
0.000741631
0.000737094
0.000732533
0.000727953
0.000723358
0.000718753
0.000714142
0.000709528
0.000704916
0.000700308
0.000695708
0.000691119
0.000686546
0.000681989
0.000677453
0.000672939
0.000668452
0.000663991
0.000659561
0.000655163
0.000650799
0.000646471
0.000642181
0.000833377
0.000837989
0.000840161
0.000834751
0.000830914
0.00083232
0.000832124
0.00082907
0.000826373
0.000824492
0.000822315
0.000819651
0.000816819
0.000813906
0.000810858
0.000807657
0.000804321
0.000800865
0.000797295
0.000793617
0.000789837
0.000785963
0.000782002
0.000777959
0.000773842
0.000769655
0.000765406
0.000761099
0.000756741
0.000752337
0.000747892
0.000743411
0.000738899
0.000734361
0.000729802
0.000725225
0.000720636
0.000716039
0.000711437
0.000706834
0.000702234
0.000697641
0.000693057
0.000688487
0.000683932
0.000679397
0.000674883
0.000670394
0.000665931
0.000661497
0.000657095
0.000652726
0.000648392
0.000644095
0.000639836
0.000831288
0.000835921
0.000838254
0.0008328
0.000828733
0.000830179
0.000830123
0.000827026
0.00082423
0.000822329
0.00082016
0.000817481
0.00081462
0.000811683
0.000808614
0.000805392
0.000802035
0.000798557
0.000794967
0.000791268
0.00078747
0.000783578
0.0007796
0.000775542
0.000771411
0.000767212
0.000762951
0.000758635
0.000754269
0.000749858
0.000745408
0.000740925
0.000736411
0.000731874
0.000727317
0.000722745
0.000718161
0.000713571
0.000708978
0.000704386
0.000699799
0.000695219
0.000690651
0.000686098
0.000681562
0.000677046
0.000672553
0.000668086
0.000663647
0.000659238
0.000654861
0.000650518
0.000646212
0.000641944
0.000637715
0.000829399
0.00083405
0.000836542
0.000831053
0.000826752
0.000828234
0.000828325
0.00082519
0.000822295
0.000820374
0.000818216
0.000815524
0.000812637
0.000809678
0.000806591
0.000803351
0.000799974
0.000796479
0.00079287
0.000789155
0.00078534
0.000781433
0.00077744
0.000773369
0.000769226
0.000765016
0.000760746
0.000756422
0.000752049
0.000747634
0.000743181
0.000738695
0.000734181
0.000729645
0.00072509
0.000720522
0.000715945
0.000711362
0.000706778
0.000702196
0.00069762
0.000693054
0.0006885
0.000683962
0.000679443
0.000674945
0.000670472
0.000666025
0.000661607
0.000657221
0.000652867
0.000648549
0.000644268
0.000640025
0.000635823
0.000827723
0.00083239
0.000835044
0.000829526
0.000824988
0.000826502
0.000826746
0.000823581
0.000820583
0.00081864
0.000816497
0.000813797
0.000810886
0.000807908
0.000804805
0.000801549
0.000798156
0.000794644
0.00079102
0.000787291
0.000783462
0.000779542
0.000775537
0.000771455
0.000767301
0.000763083
0.000758805
0.000754475
0.000750097
0.000745677
0.000741222
0.000736734
0.000732221
0.000727686
0.000723135
0.000718571
0.000713999
0.000709423
0.000704847
0.000700274
0.000695709
0.000691155
0.000686614
0.00068209
0.000677586
0.000673105
0.000668649
0.00066422
0.000659821
0.000655455
0.000651122
0.000646826
0.000642567
0.000638347
0.000634168
0.000826279
0.000830958
0.000833775
0.000828235
0.000823457
0.000824995
0.0008254
0.000822212
0.000819111
0.000817144
0.000815019
0.000812314
0.000809383
0.000806387
0.000803271
0.000800002
0.000796596
0.000793071
0.000789434
0.000785692
0.000781852
0.000777921
0.000773906
0.000769815
0.000765653
0.000761427
0.000757144
0.000752808
0.000748426
0.000744004
0.000739546
0.000735058
0.000730545
0.000726012
0.000721464
0.000716904
0.000712337
0.000707767
0.000703198
0.000698634
0.000694078
0.000689534
0.000685005
0.000680494
0.000676003
0.000671536
0.000667095
0.000662682
0.0006583
0.00065395
0.000649636
0.000645358
0.000641118
0.000636918
0.000632759
0.000825086
0.000829775
0.000832749
0.000827192
0.000822174
0.000823736
0.000824306
0.000821098
0.000817894
0.000815903
0.000813799
0.000811094
0.000808144
0.000805133
0.000802007
0.000798727
0.00079531
0.000791774
0.000788128
0.000784376
0.000780526
0.000776587
0.000772564
0.000768466
0.000764297
0.000760066
0.000755777
0.000751438
0.000747053
0.000742628
0.000738169
0.000733681
0.000729169
0.000724638
0.000720092
0.000715535
0.000710973
0.000706408
0.000701846
0.000697289
0.000692741
0.000688206
0.000683686
0.000679185
0.000674705
0.00067025
0.000665821
0.000661422
0.000657053
0.000652718
0.000648419
0.000644156
0.000639932
0.000635749
0.000631607
0.000824166
0.00082888
0.000832014
0.000826394
0.000821127
0.000822752
0.000823507
0.000820259
0.000816936
0.00081493
0.000812859
0.000810155
0.000807187
0.000804163
0.000801029
0.000797743
0.000794318
0.000790773
0.000787119
0.00078336
0.000779503
0.000775557
0.000771529
0.000767425
0.000763252
0.000759016
0.000754724
0.000750381
0.000745994
0.000741568
0.000737109
0.00073262
0.000728109
0.000723579
0.000719035
0.000714481
0.000709922
0.000705362
0.000700805
0.000696253
0.000691712
0.000687184
0.000682671
0.000678178
0.000673708
0.000669261
0.000664842
0.000660453
0.000656095
0.000651772
0.000647483
0.000643233
0.000639021
0.00063485
0.000630721
0.000823473
0.000828285
0.00083164
0.000825924
0.000820281
0.000822004
0.000823044
0.000819747
0.000816255
0.000814231
0.000812212
0.00080952
0.000806532
0.000803495
0.000800357
0.000797067
0.000793636
0.000790086
0.000786426
0.000782662
0.000778801
0.000774851
0.000770818
0.000766711
0.000762534
0.000758296
0.000754001
0.000749657
0.000745268
0.000740841
0.000736381
0.000731893
0.000727382
0.000722853
0.000718311
0.000713759
0.000709203
0.000704646
0.000700092
0.000695544
0.000691007
0.000686484
0.000681977
0.000677489
0.000673024
0.000668585
0.000664172
0.00065979
0.00065544
0.000651124
0.000646843
0.000642601
0.000638398
0.000634235
0.000630115
0.000823259
0.000827716
0.000831472
0.00082602
0.000819792
0.000821404
0.00082284
0.000819604
0.000815912
0.000813829
0.000811869
0.000809202
0.0008062
0.00080315
0.00080001
0.000796719
0.000793286
0.000789732
0.00078607
0.000782303
0.00077844
0.000774487
0.000770453
0.000766343
0.000762165
0.000757925
0.00075363
0.000749284
0.000744895
0.000740468
0.000736007
0.000731519
0.000727009
0.00072248
0.000717939
0.000713388
0.000708833
0.000704278
0.000699725
0.00069518
0.000690645
0.000686124
0.00068162
0.000677135
0.000672673
0.000668237
0.000663828
0.00065945
0.000655103
0.000650791
0.000646515
0.000642276
0.000638078
0.00063392
0.000629804
0.000925531
0.000920625
0.000915429
0.000909929
0.000904113
0.000897968
0.000891483
0.000884644
0.000877439
0.000869854
0.000861879
0.000853499
0.000844703
0.00083548
0.000825817
0.000815704
0.000916164
0.000911151
0.000905852
0.000900256
0.000894351
0.000888126
0.00088157
0.000874669
0.000867413
0.00085979
0.000851788
0.000843396
0.000834603
0.000825398
0.000815771
0.000805712
0.000906867
0.000901753
0.00089636
0.000890677
0.000884693
0.000878397
0.000871778
0.000864826
0.000857529
0.000849876
0.000841858
0.000833463
0.000824682
0.000815506
0.000805924
0.000795928
0.000897645
0.00089244
0.000886962
0.0008812
0.000875145
0.000868787
0.000862116
0.00085512
0.000847792
0.000840119
0.000832094
0.000823706
0.000814947
0.000805808
0.00079628
0.000786356
0.000888506
0.000883217
0.000877662
0.00087183
0.000865713
0.000859302
0.000852587
0.000845558
0.000838207
0.000830524
0.000822501
0.000814129
0.0008054
0.000796306
0.000786841
0.000776997
0.000879456
0.000874091
0.000868467
0.000862574
0.000856404
0.000849948
0.000843197
0.000836144
0.000828779
0.000821094
0.000813082
0.000804734
0.000796044
0.000787005
0.000777609
0.000767853
0.0008705
0.000865068
0.000859382
0.000853436
0.000847221
0.000840729
0.000833952
0.000826882
0.000819512
0.000811834
0.000803841
0.000795526
0.000786882
0.000777905
0.000768587
0.000861645
0.000856153
0.000850415
0.000844423
0.000838171
0.000831651
0.000824856
0.000817778
0.00081041
0.000802747
0.000794781
0.000786506
0.000777917
0.000769009
0.000759776
0.000852897
0.000847352
0.000841569
0.00083554
0.000829259
0.000822719
0.000815913
0.000808835
0.000801478
0.000793837
0.000785906
0.000777679
0.000769151
0.000760318
0.000751176
0.000844261
0.000838672
0.000832851
0.000826792
0.00082049
0.000813937
0.000807128
0.000800057
0.000792719
0.000785107
0.000777218
0.000769045
0.000760585
0.000751834
0.000742789
0.000835743
0.000830116
0.000824265
0.000818184
0.000811867
0.00080531
0.000798505
0.000791449
0.000784135
0.00077656
0.000768719
0.000760607
0.000752221
0.000743558
0.000734614
0.000827347
0.00082169
0.000815816
0.000809719
0.000803396
0.00079684
0.000790047
0.000783012
0.00077573
0.000768198
0.000760411
0.000752366
0.00074406
0.00073549
0.000726653
0.00081908
0.000813398
0.000807508
0.000801403
0.00079508
0.000788532
0.000781757
0.00077475
0.000767506
0.000760023
0.000752297
0.000744324
0.000736103
0.00072763
0.000718904
0.000810944
0.000805246
0.000799346
0.000793239
0.000786922
0.00078039
0.000773638
0.000766665
0.000759466
0.000752037
0.000744376
0.000736481
0.000728349
0.000719979
0.000711368
0.000802946
0.000797237
0.000791334
0.000785231
0.000778926
0.000772415
0.000765694
0.00075876
0.00075161
0.000744241
0.000736651
0.000728838
0.0007208
0.000712535
0.000704043
0.000795089
0.000789376
0.000783475
0.000777382
0.000771095
0.000764611
0.000757925
0.000751036
0.000743941
0.000736637
0.000729122
0.000721395
0.000713454
0.000705298
0.000696927
0.000787378
0.000781665
0.000775772
0.000769696
0.000763432
0.00075698
0.000750335
0.000743495
0.000736459
0.000729224
0.000721789
0.000714152
0.000706312
0.000698268
0.000690021
0.000779815
0.000774109
0.00076823
0.000762174
0.00075594
0.000749524
0.000742924
0.000736139
0.000729166
0.000722005
0.000714652
0.000707108
0.000699372
0.000691443
0.000683321
0.000772404
0.00076671
0.00076085
0.00075482
0.000748619
0.000742245
0.000735695
0.000728968
0.000722063
0.000714978
0.000707712
0.000700264
0.000692634
0.000684821
0.000676827
0.000765149
0.000759472
0.000753635
0.000747636
0.000741473
0.000735144
0.000728649
0.000721984
0.00071515
0.000708144
0.000700967
0.000693618
0.000686096
0.000678402
0.000670536
0.000758053
0.000752397
0.000746587
0.000740623
0.000734503
0.000728224
0.000721785
0.000715187
0.000708426
0.000701503
0.000694418
0.000687169
0.000679757
0.000672183
0.000664446
0.000751118
0.000745487
0.00073971
0.000733784
0.00072771
0.000721484
0.000715107
0.000708576
0.000701892
0.000695055
0.000688063
0.000680916
0.000673616
0.000666162
0.000658555
0.000744346
0.000738745
0.000733004
0.000727121
0.000721095
0.000714926
0.000708612
0.000702153
0.000695549
0.000688798
0.000681901
0.000674858
0.00066767
0.000660337
0.00065286
0.000737741
0.000732173
0.000726471
0.000720634
0.000714661
0.000708551
0.000702303
0.000695918
0.000689394
0.000682732
0.000675932
0.000668994
0.000661918
0.000654706
0.000647358
0.000731304
0.000725772
0.000720113
0.000714324
0.000708406
0.000702358
0.000696179
0.000689869
0.000683428
0.000676856
0.000670153
0.00066332
0.000656358
0.000649267
0.000642048
0.000725038
0.000719545
0.000713931
0.000708194
0.000702333
0.000696349
0.00069024
0.000684007
0.00067765
0.000671169
0.000664565
0.000657837
0.000650988
0.000644017
0.000636926
0.000718943
0.000713493
0.000707926
0.000702242
0.000696441
0.000690523
0.000684486
0.000678332
0.00067206
0.00066567
0.000659164
0.000652542
0.000645805
0.000638954
0.000631989
0.000713022
0.000707616
0.0007021
0.000696471
0.000690732
0.00068488
0.000678917
0.000672841
0.000666655
0.000660358
0.00065395
0.000647433
0.000640808
0.000634075
0.000627236
0.000707276
0.000701917
0.000696452
0.000690881
0.000685204
0.000679421
0.000673531
0.000667536
0.000661436
0.00065523
0.000648921
0.000642508
0.000635994
0.000629378
0.000622662
0.000701707
0.000696396
0.000690985
0.000685472
0.000679859
0.000674145
0.00066833
0.000662415
0.0006564
0.000650287
0.000644075
0.000637766
0.00063136
0.00062486
0.000618266
0.000696316
0.000691055
0.000685698
0.000680245
0.000674696
0.000669052
0.000663312
0.000657477
0.000651548
0.000645526
0.000639411
0.000633204
0.000626906
0.000620519
0.000614045
0.000691104
0.000685894
0.000680592
0.0006752
0.000669716
0.000664141
0.000658477
0.000652722
0.000646878
0.000640946
0.000634926
0.00062882
0.000622629
0.000616353
0.000609995
0.000686072
0.000680914
0.000675669
0.000670337
0.000664918
0.000659414
0.000653824
0.000648149
0.000642389
0.000636546
0.00063062
0.000624613
0.000618526
0.000612359
0.000606115
0.000681222
0.000676117
0.000670928
0.000665657
0.000660304
0.000654869
0.000649353
0.000643756
0.00063808
0.000632325
0.000626491
0.000620581
0.000614596
0.000608536
0.000602403
0.000676555
0.000671502
0.000666371
0.00066116
0.000655872
0.000650506
0.000645063
0.000639544
0.00063395
0.000628281
0.000622538
0.000616723
0.000610837
0.00060488
0.000598855
0.000672073
0.000667073
0.000661997
0.000656847
0.000651623
0.000646325
0.000640955
0.000635512
0.000629998
0.000624413
0.000618759
0.000613036
0.000607247
0.000601391
0.000595471
0.000667776
0.000662828
0.000657809
0.000652719
0.000647558
0.000642327
0.000637028
0.000631659
0.000626224
0.000620721
0.000615153
0.00060952
0.000603824
0.000598066
0.000592247
0.000663666
0.000658771
0.000653807
0.000648775
0.000643677
0.000638512
0.000633281
0.000627986
0.000622626
0.000617204
0.000611719
0.000606174
0.000600568
0.000594904
0.000589183
0.000659746
0.000654901
0.000649992
0.000645018
0.00063998
0.00063488
0.000629717
0.000624492
0.000619206
0.000613861
0.000608457
0.000602996
0.000597478
0.000591904
0.000586277
0.000656016
0.000651222
0.000646366
0.000641448
0.00063647
0.000631431
0.000626333
0.000621177
0.000615963
0.000610693
0.000605367
0.000599986
0.000594552
0.000589065
0.000583528
0.00065248
0.000647734
0.00064293
0.000638067
0.000633146
0.000628168
0.000623133
0.000618042
0.000612897
0.000607699
0.000602447
0.000597144
0.00059179
0.000586386
0.000580935
0.000649139
0.000644441
0.000639686
0.000634876
0.00063001
0.00062509
0.000620116
0.000615089
0.000610009
0.000604879
0.000599699
0.000594469
0.000589192
0.000583867
0.000578498
0.000645996
0.000641344
0.000636638
0.000631878
0.000627065
0.0006222
0.000617284
0.000612317
0.0006073
0.000602235
0.000597122
0.000591963
0.000586758
0.000581508
0.000576216
0.000643055
0.000638447
0.000633787
0.000629075
0.000624312
0.0006195
0.000614638
0.000609729
0.000604772
0.000599768
0.000594719
0.000589626
0.000584489
0.00057931
0.00057409
0.00064032
0.000635753
0.000631136
0.00062647
0.000621755
0.000616992
0.000612182
0.000607326
0.000602425
0.000597479
0.00059249
0.000587459
0.000582386
0.000577273
0.00057212
0.000637795
0.000633267
0.00062869
0.000624067
0.000619396
0.00061468
0.000609918
0.000605113
0.000600263
0.000595371
0.000590438
0.000585464
0.00058045
0.000575398
0.000570309
0.000635484
0.000630992
0.000626454
0.000621869
0.00061724
0.000612567
0.00060785
0.00060309
0.000598289
0.000593447
0.000588565
0.000583644
0.000578684
0.000573689
0.000568657
0.000633393
0.000628934
0.000624431
0.000619883
0.000615292
0.000610657
0.000605981
0.000601264
0.000596506
0.000591709
0.000586874
0.000582001
0.000577091
0.000572147
0.000567167
0.000631529
0.000627101
0.000622628
0.000618113
0.000613556
0.000608957
0.000604317
0.000599638
0.00059492
0.000590163
0.000585369
0.00058054
0.000575675
0.000570775
0.000565843
0.000629899
0.000625497
0.000621053
0.000616566
0.000612039
0.000607471
0.000602864
0.000598218
0.000593534
0.000588813
0.000584056
0.000579264
0.000574438
0.000569579
0.000564688
0.000628512
0.000624133
0.000619712
0.000615251
0.000610749
0.000606208
0.000601628
0.000597011
0.000592356
0.000587666
0.00058294
0.000578181
0.000573388
0.000568563
0.000563706
0.000627377
0.000623017
0.000618615
0.000614174
0.000609694
0.000605174
0.000600617
0.000596024
0.000591393
0.000586728
0.000582029
0.000577295
0.00057253
0.000567733
0.000562905
0.000626505
0.000622159
0.000617773
0.000613348
0.000608883
0.000604381
0.000599842
0.000595266
0.000590655
0.000586008
0.000581329
0.000576616
0.000571871
0.000567096
0.00056229
0.000625909
0.000621573
0.000617197
0.000612782
0.000608329
0.000603839
0.000599311
0.000594748
0.000590149
0.000585517
0.00058085
0.000576152
0.000571421
0.000566661
0.00056187
0.000625603
0.000621272
0.000616901
0.000612492
0.000608045
0.00060356
0.000599039
0.000594482
0.00058989
0.000585264
0.000580605
0.000575914
0.000571191
0.000566438
0.000561655
)
;

boundaryField
{
    down
    {
        type            symmetryPlane;
    }
    right
    {
        type            fixedValue;
        value           nonuniform List<scalar> 0();
    }
    up
    {
        type            symmetryPlane;
    }
    left
    {
        type            zeroGradient;
    }
    cylinder
    {
        type            zeroGradient;
    }
    frontAndBack
    {
        type            empty;
    }
    procBoundary8to4
    {
        type            processor;
        value           nonuniform List<scalar> 
72
(
0.00119435
0.00119558
0.00119654
0.0011972
0.00119753
0.00119749
0.00119704
0.00119615
0.00119477
0.00119286
0.00119037
0.00118724
0.00118343
0.00117886
0.00117348
0.00116722
0.00102908
0.00103191
0.00102997
0.0010319
0.00103286
0.00103404
0.00103568
0.00103741
0.00103935
0.00103909
0.00103909
0.00104134
0.00104376
0.00104635
0.0010491
0.001052
0.00105503
0.0010582
0.0010615
0.00106491
0.00106844
0.00107207
0.00107579
0.0010796
0.00108348
0.00108744
0.00109146
0.00109553
0.00109965
0.00110381
0.00110799
0.0011122
0.00111641
0.00112063
0.00112483
0.00112902
0.00113317
0.00113729
0.00114136
0.00114537
0.00114931
0.00115318
0.00115695
0.00116062
0.00116417
0.00116761
0.00117091
0.00117407
0.00117707
0.00117991
0.00118257
0.00118504
0.00118733
0.0011894
0.00119126
0.0011929
)
;
    }
    procBoundary8to5
    {
        type            processor;
        value           uniform 0.00113527;
    }
    procBoundary8to9
    {
        type            processor;
        value           nonuniform List<scalar> 
75
(
0.00111145
0.00108855
0.00106655
0.00104542
0.00102514
0.00100568
0.000987014
0.000969122
0.000951973
0.000935541
0.000919798
0.000904718
0.000890275
0.000876442
0.000863195
0.00085051
0.000838362
0.000826727
0.000815585
0.000805131
0.000795212
0.000785511
0.000776029
0.000766768
0.000757729
0.000758925
0.000758925
0.000750214
0.000741721
0.000733445
0.000725388
0.000717548
0.000709924
0.000702516
0.000695322
0.00068834
0.000681569
0.000675007
0.000668651
0.000662499
0.000656548
0.000650796
0.00064524
0.000639876
0.000634703
0.000629716
0.000624914
0.000620292
0.000615849
0.00061158
0.000607483
0.000603556
0.000599795
0.000596198
0.000592763
0.000589487
0.000586369
0.000583406
0.000580597
0.000577941
0.000575437
0.000573084
0.000570881
0.00056883
0.00056693
0.000565183
0.000563591
0.000562155
0.000560878
0.000559765
0.00055882
0.000558048
0.000557456
0.000557051
0.000556844
)
;
    }
}


// ************************************************************************* //
