/*--------------------------------*- C++ -*----------------------------------*\
| =========                 |                                                 |
| \\      /  F ield         | OpenFOAM: The Open Source CFD Toolbox           |
|  \\    /   O peration     | Version:  2412                                  |
|   \\  /    A nd           | Website:  www.openfoam.com                      |
|    \\/     M anipulation  |                                                 |
\*---------------------------------------------------------------------------*/
FoamFile
{
    version     2.0;
    format      ascii;
    arch        "LSB;label=32;scalar=64";
    class       volScalarField;
    location    "14";
    object      p;
}
// * * * * * * * * * * * * * * * * * * * * * * * * * * * * * * * * * * * * * //

dimensions      [0 2 -2 0 0 0 0];

internalField   nonuniform List<scalar> 
5285
(
-0.000287872
-0.000207104
-0.00013895
-8.22604e-05
-3.5841e-05
1.50416e-06
3.09372e-05
5.35587e-05
7.03897e-05
8.23613e-05
9.03079e-05
9.49668e-05
9.69799e-05
9.68992e-05
9.51934e-05
9.22557e-05
8.84118e-05
8.39284e-05
7.90213e-05
7.38624e-05
6.85872e-05
6.33006e-05
5.80821e-05
5.29909e-05
4.80697e-05
4.33479e-05
3.88444e-05
3.45706e-05
-0.000304457
-0.000222167
-0.000152581
-9.45572e-05
-4.69047e-05
-8.42707e-06
2.20402e-05
4.56012e-05
6.32821e-05
7.60197e-05
8.46547e-05
8.99304e-05
9.24951e-05
9.29068e-05
9.16399e-05
8.90928e-05
8.55961e-05
8.14211e-05
7.67876e-05
7.18715e-05
6.68116e-05
6.17157e-05
5.66664e-05
5.17253e-05
4.69372e-05
4.23338e-05
3.79353e-05
3.37561e-05
-0.000337053
-0.000251797
-0.000179416
-0.000118784
-6.87149e-05
-2.80145e-05
4.4851e-06
2.98945e-05
4.92492e-05
6.34966e-05
7.34891e-05
7.99822e-05
8.3636e-05
8.50203e-05
8.46202e-05
8.28447e-05
8.0034e-05
7.64684e-05
7.23756e-05
6.7939e-05
6.33041e-05
5.8585e-05
5.38695e-05
4.92243e-05
4.46987e-05
4.03283e-05
3.61368e-05
3.21438e-05
-0.000384113
-0.000294617
-0.000218229
-0.000153848
-0.000100304
-5.64016e-05
-2.09711e-05
7.10683e-06
2.88799e-05
4.53105e-05
5.72674e-05
6.5523e-05
7.07544e-05
7.35478e-05
7.44042e-05
7.37474e-05
7.19315e-05
6.92494e-05
6.59408e-05
6.21997e-05
5.81812e-05
5.40083e-05
4.97769e-05
4.55607e-05
4.14156e-05
3.73828e-05
3.34915e-05
2.97688e-05
-0.000349279
-0.000267952
-0.000198915
-0.000141022
-9.30898e-05
-5.39491e-05
-2.24753e-05
2.39022e-06
2.16248e-05
3.61146e-05
4.6651e-05
5.39303e-05
5.85579e-05
6.10538e-05
6.18592e-05
6.13453e-05
5.98207e-05
5.75399e-05
5.47104e-05
5.14998e-05
4.80425e-05
4.44446e-05
4.07894e-05
3.7141e-05
3.35482e-05
3.00477e-05
2.66759e-05
-0.000419221
-0.000332155
-0.000257576
-0.000194395
-0.000141467
-9.7648e-05
-6.18263e-05
-3.29468e-05
-1.0028e-05
7.82576e-06
2.14191e-05
3.14648e-05
3.85858e-05
4.33207e-05
4.61303e-05
4.74046e-05
4.74711e-05
4.66022e-05
4.50228e-05
4.2917e-05
4.04342e-05
3.76949e-05
3.47954e-05
3.18119e-05
2.88036e-05
2.58178e-05
2.28997e-05
-0.000500792
-0.000406827
-0.0003256
-0.000256093
-0.000197212
-0.000147838
-0.000106872
-7.32626e-05
-4.60209e-05
-2.4238e-05
-7.09117e-06
6.15358e-06
1.61428e-05
2.34397e-05
2.85297e-05
3.18274e-05
3.36843e-05
3.43955e-05
3.42075e-05
3.33247e-05
3.19153e-05
3.0117e-05
2.80418e-05
2.57798e-05
2.34029e-05
2.09694e-05
1.85284e-05
3.05228e-05
2.66436e-05
2.29266e-05
1.93863e-05
1.60261e-05
1.28472e-05
9.8504e-06
7.03467e-06
4.39774e-06
1.93631e-06
-3.53735e-07
-2.47714e-06
-4.43916e-06
-6.24538e-06
-7.90161e-06
-9.41376e-06
-1.07877e-05
-1.20292e-05
-1.31438e-05
-1.41368e-05
-1.50132e-05
-1.57779e-05
-1.64355e-05
-1.69908e-05
-1.74485e-05
-1.78136e-05
-1.80913e-05
-1.82867e-05
-1.84056e-05
-1.84532e-05
-1.84352e-05
-1.8357e-05
-1.82239e-05
-1.80408e-05
-1.78126e-05
-1.75437e-05
-1.72383e-05
-1.69004e-05
-1.65337e-05
-1.61417e-05
-1.57278e-05
-1.5295e-05
-1.48463e-05
-1.4384e-05
2.98059e-05
2.59897e-05
2.23284e-05
1.88426e-05
1.55328e-05
1.23998e-05
9.4448e-06
6.66719e-06
4.06497e-06
1.63512e-06
-6.26189e-07
-2.72344e-06
-4.66164e-06
-6.44616e-06
-8.08259e-06
-9.57667e-06
-1.09341e-05
-1.21605e-05
-1.32613e-05
-1.42418e-05
-1.51067e-05
-1.58609e-05
-1.65091e-05
-1.70558e-05
-1.75059e-05
-1.78641e-05
-1.81356e-05
-1.83257e-05
-1.84396e-05
-1.8483e-05
-1.84612e-05
-1.83796e-05
-1.82435e-05
-1.80577e-05
-1.78271e-05
-1.75561e-05
-1.72488e-05
-1.69092e-05
-1.6541e-05
-1.61477e-05
-1.57326e-05
-1.52987e-05
-1.48491e-05
-1.4386e-05
2.83806e-05
2.46898e-05
2.11401e-05
1.77625e-05
1.45527e-05
1.15107e-05
8.6386e-06
5.93661e-06
3.40326e-06
1.03609e-06
-1.16816e-06
-3.21347e-06
-5.10435e-06
-6.84573e-06
-8.44282e-06
-9.90098e-06
-1.12256e-05
-1.2422e-05
-1.34955e-05
-1.44508e-05
-1.5293e-05
-1.60265e-05
-1.66558e-05
-1.71855e-05
-1.76203e-05
-1.79648e-05
-1.82241e-05
-1.84033e-05
-1.85076e-05
-1.85424e-05
-1.8513e-05
-1.84247e-05
-1.82825e-05
-1.80914e-05
-1.78561e-05
-1.75808e-05
-1.72697e-05
-1.69267e-05
-1.65555e-05
-1.61596e-05
-1.57421e-05
-1.53062e-05
-1.48548e-05
-1.43901e-05
2.62651e-05
2.27599e-05
1.93777e-05
1.61604e-05
1.30984e-05
1.0191e-05
7.44157e-06
4.85148e-06
2.42009e-06
1.45773e-07
-1.97392e-06
-3.94221e-06
-5.76289e-06
-7.44026e-06
-8.97893e-06
-1.03837e-05
-1.16596e-05
-1.28115e-05
-1.38441e-05
-1.47623e-05
-1.55705e-05
-1.62732e-05
-1.68746e-05
-1.7379e-05
-1.7791e-05
-1.81152e-05
-1.83563e-05
-1.85192e-05
-1.86091e-05
-1.86311e-05
-1.85904e-05
-1.8492e-05
-1.83409e-05
-1.81418e-05
-1.78993e-05
-1.76176e-05
-1.73009e-05
-1.69529e-05
-1.65772e-05
-1.61773e-05
-1.57564e-05
-1.53173e-05
-1.48632e-05
-1.43962e-05
2.34865e-05
2.0224e-05
1.70644e-05
1.40575e-05
1.11885e-05
8.45687e-06
5.86795e-06
3.42427e-06
1.12636e-06
-1.02631e-06
-3.03513e-06
-4.90234e-06
-6.63084e-06
-8.22408e-06
-9.68592e-06
-1.10205e-05
-1.22322e-05
-1.33254e-05
-1.43045e-05
-1.51737e-05
-1.59373e-05
-1.65993e-05
-1.71638e-05
-1.7635e-05
-1.8017e-05
-1.83143e-05
-1.85313e-05
-1.86729e-05
-1.87437e-05
-1.87488e-05
-1.8693e-05
-1.85813e-05
-1.84182e-05
-1.82086e-05
-1.79566e-05
-1.76665e-05
-1.73423e-05
-1.69876e-05
-1.6606e-05
-1.62008e-05
-1.57752e-05
-1.5332e-05
-1.48743e-05
-1.44042e-05
2.0078e-05
1.71155e-05
1.42315e-05
1.14811e-05
8.84686e-06
6.32947e-06
3.93615e-06
1.67107e-06
-4.63866e-07
-2.46784e-06
-4.34099e-06
-6.08439e-06
-7.69986e-06
-9.18986e-06
-1.05574e-05
-1.18057e-05
-1.29386e-05
-1.39596e-05
-1.48728e-05
-1.56817e-05
-1.63904e-05
-1.70024e-05
-1.75216e-05
-1.79517e-05
-1.82968e-05
-1.8561e-05
-1.87483e-05
-1.88634e-05
-1.89107e-05
-1.88948e-05
-1.88204e-05
-1.8692e-05
-1.85142e-05
-1.82914e-05
-1.80277e-05
-1.77271e-05
-1.73936e-05
-1.70306e-05
-1.66416e-05
-1.62298e-05
-1.57984e-05
-1.53502e-05
-1.4888e-05
-1.4414e-05
1.6088e-05
1.34761e-05
1.09184e-05
8.46446e-06
6.10178e-06
3.83318e-06
1.66744e-06
-3.89623e-07
-2.33446e-06
-4.16474e-06
-5.87919e-06
-7.47756e-06
-8.96048e-06
-1.03293e-05
-1.1586e-05
-1.2733e-05
-1.37731e-05
-1.47093e-05
-1.55448e-05
-1.62828e-05
-1.69267e-05
-1.74799e-05
-1.79456e-05
-1.83274e-05
-1.8629e-05
-1.88539e-05
-1.90062e-05
-1.909e-05
-1.91093e-05
-1.90685e-05
-1.8972e-05
-1.88238e-05
-1.86284e-05
-1.83899e-05
-1.81122e-05
-1.77992e-05
-1.74545e-05
-1.70816e-05
-1.66838e-05
-1.62643e-05
-1.5826e-05
-1.53717e-05
-1.49042e-05
-1.44256e-05
1.14346e-05
9.24126e-06
7.07344e-06
4.96049e-06
2.90863e-06
9.25961e-07
-9.77644e-07
-2.79466e-06
-4.5197e-06
-6.14876e-06
-7.67903e-06
-9.10885e-06
-1.04375e-05
-1.16652e-05
-1.27926e-05
-1.38213e-05
-1.4753e-05
-1.559e-05
-1.63348e-05
-1.69899e-05
-1.75581e-05
-1.80424e-05
-1.84455e-05
-1.87707e-05
-1.90211e-05
-1.92001e-05
-1.93111e-05
-1.9358e-05
-1.93443e-05
-1.92742e-05
-1.91514e-05
-1.89799e-05
-1.87636e-05
-1.85065e-05
-1.82122e-05
-1.78844e-05
-1.75265e-05
-1.71419e-05
-1.67337e-05
-1.63049e-05
-1.58585e-05
-1.5397e-05
-1.49233e-05
-1.44391e-05
6.19162e-06
4.45664e-06
2.70979e-06
9.77367e-07
-7.25686e-07
-2.38714e-06
-3.99561e-06
-5.54175e-06
-7.01823e-06
-8.41929e-06
-9.74052e-06
-1.09787e-05
-1.21317e-05
-1.31984e-05
-1.41784e-05
-1.50719e-05
-1.58797e-05
-1.66033e-05
-1.72442e-05
-1.78044e-05
-1.8286e-05
-1.86913e-05
-1.90227e-05
-1.92829e-05
-1.94746e-05
-1.96007e-05
-1.96642e-05
-1.96685e-05
-1.96168e-05
-1.95126e-05
-1.93594e-05
-1.91608e-05
-1.89204e-05
-1.86417e-05
-1.83281e-05
-1.79831e-05
-1.76099e-05
-1.72116e-05
-1.67913e-05
-1.63518e-05
-1.58959e-05
-1.54261e-05
-1.4945e-05
-1.44545e-05
5.42167e-07
-7.208e-07
-2.02878e-06
-3.35681e-06
-4.68663e-06
-6.00357e-06
-7.29454e-06
-8.54839e-06
-9.75597e-06
-1.09098e-05
-1.20039e-05
-1.30335e-05
-1.3995e-05
-1.4886e-05
-1.57047e-05
-1.64502e-05
-1.71225e-05
-1.77217e-05
-1.82487e-05
-1.87048e-05
-1.90912e-05
-1.94098e-05
-1.96623e-05
-1.9851e-05
-1.99779e-05
-2.00457e-05
-2.00568e-05
-2.00139e-05
-1.992e-05
-1.97781e-05
-1.95911e-05
-1.93623e-05
-1.90949e-05
-1.87921e-05
-1.8457e-05
-1.80928e-05
-1.77025e-05
-1.7289e-05
-1.68552e-05
-1.64037e-05
-1.59372e-05
-1.54581e-05
-1.49688e-05
-1.44712e-05
-5.45914e-06
-6.23611e-06
-7.08921e-06
-7.99436e-06
-8.93216e-06
-9.8861e-06
-1.08415e-05
-1.17854e-05
-1.27071e-05
-1.35975e-05
-1.44491e-05
-1.52554e-05
-1.60117e-05
-1.67139e-05
-1.73592e-05
-1.79456e-05
-1.84717e-05
-1.89369e-05
-1.93411e-05
-1.96846e-05
-1.99682e-05
-2.0193e-05
-2.03603e-05
-2.04714e-05
-2.05282e-05
-2.05326e-05
-2.04865e-05
-2.03923e-05
-2.02523e-05
-2.00691e-05
-1.98451e-05
-1.95832e-05
-1.92862e-05
-1.89569e-05
-1.85982e-05
-1.82129e-05
-1.78037e-05
-1.73735e-05
-1.69248e-05
-1.64602e-05
-1.59821e-05
-1.54927e-05
-1.49945e-05
-1.44891e-05
-1.17578e-05
-1.20349e-05
-1.24198e-05
-1.28884e-05
-1.34202e-05
-1.3997e-05
-1.46026e-05
-1.52227e-05
-1.58449e-05
-1.64587e-05
-1.70548e-05
-1.76257e-05
-1.81651e-05
-1.86676e-05
-1.91292e-05
-1.95465e-05
-1.99174e-05
-2.024e-05
-2.05134e-05
-2.07372e-05
-2.09112e-05
-2.1036e-05
-2.1112e-05
-2.11403e-05
-2.1122e-05
-2.10584e-05
-2.0951e-05
-2.08016e-05
-2.06119e-05
-2.0384e-05
-2.012e-05
-1.98223e-05
-1.94932e-05
-1.91352e-05
-1.87508e-05
-1.83426e-05
-1.7913e-05
-1.74646e-05
-1.69998e-05
-1.65209e-05
-1.60302e-05
-1.55297e-05
-1.50218e-05
-1.45079e-05
-1.82909e-05
-1.80603e-05
-1.7969e-05
-1.79924e-05
-1.81088e-05
-1.82986e-05
-1.85443e-05
-1.88301e-05
-1.91424e-05
-1.94692e-05
-1.97998e-05
-2.01255e-05
-2.04384e-05
-2.0732e-05
-2.10011e-05
-2.12413e-05
-2.14491e-05
-2.16219e-05
-2.17578e-05
-2.18555e-05
-2.1914e-05
-2.19332e-05
-2.1913e-05
-2.18537e-05
-2.17558e-05
-2.16201e-05
-2.14475e-05
-2.12392e-05
-2.09966e-05
-2.0721e-05
-2.04143e-05
-2.00782e-05
-1.97147e-05
-1.93259e-05
-1.89139e-05
-1.84811e-05
-1.80296e-05
-1.75617e-05
-1.70796e-05
-1.65854e-05
-1.60811e-05
-1.55687e-05
-1.50503e-05
-1.45274e-05
-2.49959e-05
-2.42563e-05
-2.36862e-05
-2.32605e-05
-2.29565e-05
-2.27535e-05
-2.26328e-05
-2.25775e-05
-2.25726e-05
-2.26049e-05
-2.26625e-05
-2.27354e-05
-2.28144e-05
-2.2892e-05
-2.29617e-05
-2.3018e-05
-2.30565e-05
-2.30734e-05
-2.3066e-05
-2.30322e-05
-2.29702e-05
-2.28792e-05
-2.27582e-05
-2.26071e-05
-2.24257e-05
-2.22143e-05
-2.19731e-05
-2.17028e-05
-2.14042e-05
-2.10783e-05
-2.07262e-05
-2.03494e-05
-1.99493e-05
-1.95278e-05
-1.90866e-05
-1.86276e-05
-1.81528e-05
-1.76641e-05
-1.71636e-05
-1.6653e-05
-1.61343e-05
-1.56093e-05
-1.50798e-05
-1.45472e-05
-3.18135e-05
-3.05688e-05
-2.9522e-05
-2.86479e-05
-2.79227e-05
-2.7325e-05
-2.6835e-05
-2.64349e-05
-2.61086e-05
-2.58417e-05
-2.56214e-05
-2.54361e-05
-2.5276e-05
-2.51323e-05
-2.49973e-05
-2.48645e-05
-2.47286e-05
-2.45848e-05
-2.44296e-05
-2.42599e-05
-2.40733e-05
-2.3868e-05
-2.36426e-05
-2.33962e-05
-2.3128e-05
-2.28376e-05
-2.25248e-05
-2.21897e-05
-2.18325e-05
-2.14536e-05
-2.10539e-05
-2.06343e-05
-2.01958e-05
-1.97397e-05
-1.92677e-05
-1.87811e-05
-1.82817e-05
-1.77711e-05
-1.72511e-05
-1.67233e-05
-1.61894e-05
-1.5651e-05
-1.51099e-05
-1.4567e-05
-3.86865e-05
-3.69453e-05
-3.54287e-05
-3.41108e-05
-3.29676e-05
-3.19769e-05
-3.11183e-05
-3.03729e-05
-2.97238e-05
-2.91557e-05
-2.86548e-05
-2.82085e-05
-2.7806e-05
-2.74373e-05
-2.7094e-05
-2.67685e-05
-2.64546e-05
-2.61465e-05
-2.58399e-05
-2.55309e-05
-2.52163e-05
-2.48937e-05
-2.45608e-05
-2.42161e-05
-2.38583e-05
-2.34863e-05
-2.30993e-05
-2.26969e-05
-2.22788e-05
-2.1845e-05
-2.13956e-05
-2.09312e-05
-2.04526e-05
-1.99605e-05
-1.94561e-05
-1.89406e-05
-1.84155e-05
-1.7882e-05
-1.73416e-05
-1.67958e-05
-1.62459e-05
-1.56936e-05
-1.51401e-05
-1.45866e-05
-4.55602e-05
-4.33358e-05
-4.136e-05
-3.96071e-05
-3.80528e-05
-3.66744e-05
-3.54507e-05
-3.43625e-05
-3.33921e-05
-3.25234e-05
-3.17416e-05
-3.10335e-05
-3.03871e-05
-2.97919e-05
-2.92382e-05
-2.87179e-05
-2.82235e-05
-2.77488e-05
-2.72883e-05
-2.68376e-05
-2.63926e-05
-2.59501e-05
-2.55074e-05
-2.50622e-05
-2.46124e-05
-2.41566e-05
-2.36933e-05
-2.32216e-05
-2.27406e-05
-2.22499e-05
-2.17492e-05
-2.12385e-05
-2.07181e-05
-2.01886e-05
-1.96506e-05
-1.91052e-05
-1.85532e-05
-1.79959e-05
-1.74343e-05
-1.68697e-05
-1.63033e-05
-1.57364e-05
-1.51702e-05
-1.46056e-05
-5.23831e-05
-4.96927e-05
-4.72723e-05
-4.50967e-05
-4.31414e-05
-4.13835e-05
-3.98015e-05
-3.83758e-05
-3.70881e-05
-3.59216e-05
-3.48609e-05
-3.38921e-05
-3.30025e-05
-3.21807e-05
-3.14163e-05
-3.07002e-05
-3.00244e-05
-2.93817e-05
-2.87661e-05
-2.8172e-05
-2.7595e-05
-2.70311e-05
-2.64768e-05
-2.59293e-05
-2.5386e-05
-2.48446e-05
-2.43034e-05
-2.37607e-05
-2.32153e-05
-2.26661e-05
-2.21126e-05
-2.15542e-05
-2.09909e-05
-2.04227e-05
-1.98501e-05
-1.92737e-05
-1.8694e-05
-1.8112e-05
-1.75285e-05
-1.69445e-05
-1.6361e-05
-1.5779e-05
-1.51997e-05
-1.46236e-05
-5.91073e-05
-5.59713e-05
-5.31242e-05
-5.05413e-05
-4.81983e-05
-4.60721e-05
-4.41413e-05
-4.23858e-05
-4.07871e-05
-3.9328e-05
-3.79925e-05
-3.67662e-05
-3.56356e-05
-3.45888e-05
-3.36147e-05
-3.27035e-05
-3.18464e-05
-3.10357e-05
-3.02643e-05
-2.95264e-05
-2.88166e-05
-2.81303e-05
-2.74635e-05
-2.68126e-05
-2.61744e-05
-2.55463e-05
-2.49259e-05
-2.4311e-05
-2.36999e-05
-2.30912e-05
-2.24836e-05
-2.18764e-05
-2.12691e-05
-2.06614e-05
-2.00533e-05
-1.9445e-05
-1.88369e-05
-1.82296e-05
-1.76236e-05
-1.70196e-05
-1.64185e-05
-1.58211e-05
-1.52281e-05
-1.46402e-05
-6.56884e-05
-6.21303e-05
-5.88772e-05
-5.59053e-05
-5.31903e-05
-5.07096e-05
-4.84418e-05
-4.63667e-05
-4.44656e-05
-4.2721e-05
-4.11167e-05
-3.96377e-05
-3.82702e-05
-3.70015e-05
-3.58202e-05
-3.47157e-05
-3.36788e-05
-3.27009e-05
-3.17745e-05
-3.08929e-05
-3.00504e-05
-2.92415e-05
-2.84617e-05
-2.77069e-05
-2.69733e-05
-2.62577e-05
-2.55573e-05
-2.48694e-05
-2.41917e-05
-2.35225e-05
-2.28601e-05
-2.22033e-05
-2.15512e-05
-2.09031e-05
-2.02588e-05
-1.9618e-05
-1.89809e-05
-1.83476e-05
-1.77186e-05
-1.70943e-05
-1.64752e-05
-1.58619e-05
-1.52552e-05
-1.46552e-05
-7.2086e-05
-6.81317e-05
-6.44959e-05
-6.11554e-05
-5.80867e-05
-5.52675e-05
-5.26766e-05
-5.02941e-05
-4.81011e-05
-4.60801e-05
-4.42147e-05
-4.24896e-05
-4.08906e-05
-3.94047e-05
-3.80199e-05
-3.67253e-05
-3.55109e-05
-3.43678e-05
-3.32878e-05
-3.22638e-05
-3.12892e-05
-3.03583e-05
-2.94658e-05
-2.86071e-05
-2.7778e-05
-2.69748e-05
-2.6194e-05
-2.54326e-05
-2.46879e-05
-2.39577e-05
-2.32399e-05
-2.25329e-05
-2.18354e-05
-2.11464e-05
-2.04653e-05
-1.97915e-05
-1.91249e-05
-1.84653e-05
-1.78129e-05
-1.71679e-05
-1.65305e-05
-1.59012e-05
-1.52803e-05
-1.46681e-05
-7.82639e-05
-7.39414e-05
-6.99479e-05
-6.62614e-05
-6.28591e-05
-5.97193e-05
-5.68212e-05
-5.41451e-05
-5.16725e-05
-4.93858e-05
-4.72686e-05
-4.53054e-05
-4.34819e-05
-4.17846e-05
-4.02013e-05
-3.87208e-05
-3.73325e-05
-3.6027e-05
-3.47959e-05
-3.36313e-05
-3.25263e-05
-3.14744e-05
-3.04702e-05
-2.95083e-05
-2.85841e-05
-2.76934e-05
-2.68323e-05
-2.59974e-05
-2.51856e-05
-2.43941e-05
-2.36206e-05
-2.28631e-05
-2.21199e-05
-2.13897e-05
-2.06714e-05
-1.99644e-05
-1.92679e-05
-1.85818e-05
-1.79057e-05
-1.72397e-05
-1.65838e-05
-1.59382e-05
-1.53031e-05
-1.46786e-05
-8.41901e-05
-7.95285e-05
-7.52041e-05
-7.11956e-05
-6.74815e-05
-6.40405e-05
-6.08526e-05
-5.78986e-05
-5.51602e-05
-5.262e-05
-5.02616e-05
-4.80697e-05
-4.60297e-05
-4.41282e-05
-4.23526e-05
-4.06913e-05
-3.91336e-05
-3.76697e-05
-3.62906e-05
-3.49881e-05
-3.37548e-05
-3.25839e-05
-3.14693e-05
-3.04054e-05
-2.9387e-05
-2.84095e-05
-2.74687e-05
-2.65606e-05
-2.56818e-05
-2.48292e-05
-2.40001e-05
-2.3192e-05
-2.2403e-05
-2.16314e-05
-2.08759e-05
-2.01354e-05
-1.94089e-05
-1.8696e-05
-1.79962e-05
-1.73091e-05
-1.66345e-05
-1.59725e-05
-1.53231e-05
-1.46861e-05
-8.98365e-05
-8.48663e-05
-8.02386e-05
-7.59336e-05
-7.19305e-05
-6.82092e-05
-6.47503e-05
-6.15351e-05
-5.85458e-05
-5.57655e-05
-5.3178e-05
-5.07679e-05
-4.85208e-05
-4.64231e-05
-4.44623e-05
-4.26265e-05
-4.09047e-05
-3.9287e-05
-3.77639e-05
-3.63269e-05
-3.49682e-05
-3.36807e-05
-3.24579e-05
-3.12936e-05
-3.01825e-05
-2.91193e-05
-2.80996e-05
-2.71191e-05
-2.61739e-05
-2.52606e-05
-2.4376e-05
-2.35176e-05
-2.26829e-05
-2.18701e-05
-2.10773e-05
-2.03033e-05
-1.95469e-05
-1.88072e-05
-1.80835e-05
-1.73752e-05
-1.6682e-05
-1.60036e-05
-1.53399e-05
-1.46904e-05
-9.51795e-05
-8.99317e-05
-8.50292e-05
-8.04537e-05
-7.61856e-05
-7.22057e-05
-6.84954e-05
-6.50369e-05
-6.1813e-05
-5.8807e-05
-5.60031e-05
-5.33864e-05
-5.09424e-05
-4.86577e-05
-4.65197e-05
-4.45164e-05
-4.26368e-05
-4.08706e-05
-3.92082e-05
-3.76408e-05
-3.61603e-05
-3.47592e-05
-3.34306e-05
-3.21682e-05
-3.09661e-05
-2.98189e-05
-2.87216e-05
-2.76697e-05
-2.66589e-05
-2.56856e-05
-2.47463e-05
-2.38379e-05
-2.2958e-05
-2.21041e-05
-2.12743e-05
-2.0467e-05
-1.96807e-05
-1.89143e-05
-1.81668e-05
-1.74375e-05
-1.67257e-05
-1.60309e-05
-1.53529e-05
-1.4691e-05
-0.000100199
-9.47051e-05
-8.95567e-05
-8.47374e-05
-8.02287e-05
-7.60126e-05
-7.20715e-05
-6.83883e-05
-6.49465e-05
-6.17302e-05
-5.87238e-05
-5.59128e-05
-5.3283e-05
-5.08212e-05
-4.85148e-05
-4.63519e-05
-4.43213e-05
-4.24127e-05
-4.06163e-05
-3.89232e-05
-3.73249e-05
-3.58137e-05
-3.43825e-05
-3.30246e-05
-3.17338e-05
-3.05045e-05
-2.93313e-05
-2.82094e-05
-2.71343e-05
-2.61019e-05
-2.51086e-05
-2.41511e-05
-2.32264e-05
-2.23319e-05
-2.14655e-05
-2.06252e-05
-1.98093e-05
-1.90164e-05
-1.82454e-05
-1.74952e-05
-1.67649e-05
-1.60539e-05
-1.53617e-05
-1.46876e-05
-0.00010488
-9.91704e-05
-9.38051e-05
-8.87687e-05
-8.40443e-05
-7.96148e-05
-7.54639e-05
-7.15753e-05
-6.79333e-05
-6.45224e-05
-6.1328e-05
-5.83358e-05
-5.5532e-05
-5.29037e-05
-5.04383e-05
-4.81242e-05
-4.59502e-05
-4.39059e-05
-4.19814e-05
-4.01678e-05
-3.84563e-05
-3.68391e-05
-3.53088e-05
-3.38584e-05
-3.24816e-05
-3.11725e-05
-2.99254e-05
-2.87352e-05
-2.75972e-05
-2.65071e-05
-2.54609e-05
-2.44551e-05
-2.34865e-05
-2.25522e-05
-2.16497e-05
-2.07768e-05
-1.99317e-05
-1.91127e-05
-1.83184e-05
-1.75475e-05
-1.67991e-05
-1.60721e-05
-1.53659e-05
-1.46796e-05
-0.00010921
-0.000103315
-9.77615e-05
-9.25349e-05
-8.76195e-05
-8.29998e-05
-7.86602e-05
-7.45857e-05
-7.07614e-05
-6.71725e-05
-6.3805e-05
-6.06452e-05
-5.76797e-05
-5.4896e-05
-5.22817e-05
-4.98254e-05
-4.7516e-05
-4.53432e-05
-4.32972e-05
-4.13687e-05
-3.95491e-05
-3.78303e-05
-3.62048e-05
-3.46655e-05
-3.32058e-05
-3.18194e-05
-3.05008e-05
-2.92444e-05
-2.80453e-05
-2.68989e-05
-2.58012e-05
-2.47482e-05
-2.37366e-05
-2.27632e-05
-2.18254e-05
-2.09207e-05
-2.00469e-05
-1.92023e-05
-1.83851e-05
-1.75939e-05
-1.68276e-05
-1.60848e-05
-1.53649e-05
-1.46668e-05
-0.000113179
-0.00010713
-0.000101416
-9.60254e-05
-9.09439e-05
-8.61568e-05
-8.165e-05
-7.74093e-05
-7.34208e-05
-6.96706e-05
-6.61453e-05
-6.28319e-05
-5.97175e-05
-5.67899e-05
-5.40372e-05
-5.14482e-05
-4.9012e-05
-4.67184e-05
-4.45576e-05
-4.25204e-05
-4.05981e-05
-3.87826e-05
-3.70663e-05
-3.54418e-05
-3.39025e-05
-3.24421e-05
-3.10544e-05
-2.97341e-05
-2.84759e-05
-2.72751e-05
-2.61274e-05
-2.50286e-05
-2.39751e-05
-2.29638e-05
-2.19915e-05
-2.10556e-05
-2.01539e-05
-1.92842e-05
-1.84446e-05
-1.76337e-05
-1.68498e-05
-1.60917e-05
-1.53584e-05
-1.46487e-05
-0.000116783
-0.000110607
-0.000104761
-9.92326e-05
-9.40091e-05
-8.90774e-05
-8.44246e-05
-8.00374e-05
-7.5903e-05
-7.20083e-05
-6.83408e-05
-6.4888e-05
-6.16378e-05
-5.85782e-05
-5.5698e-05
-5.29861e-05
-5.04319e-05
-4.80255e-05
-4.57572e-05
-4.36178e-05
-4.15987e-05
-3.96917e-05
-3.78892e-05
-3.61837e-05
-3.45686e-05
-3.30372e-05
-3.15835e-05
-3.02018e-05
-2.88868e-05
-2.76336e-05
-2.64375e-05
-2.52945e-05
-2.42006e-05
-2.31523e-05
-2.21466e-05
-2.11806e-05
-2.02516e-05
-1.93576e-05
-1.84963e-05
-1.7666e-05
-1.68651e-05
-1.60921e-05
-1.53458e-05
-1.46248e-05
-0.000120018
-0.000113745
-0.000107792
-0.000102151
-9.68093e-05
-9.17553e-05
-8.69772e-05
-8.24631e-05
-7.82009e-05
-7.41787e-05
-7.03846e-05
-6.68068e-05
-6.34339e-05
-6.02545e-05
-5.72578e-05
-5.44331e-05
-5.17702e-05
-4.92594e-05
-4.6891e-05
-4.46563e-05
-4.25465e-05
-4.05535e-05
-3.86697e-05
-3.68877e-05
-3.52006e-05
-3.36019e-05
-3.20853e-05
-3.0645e-05
-2.92757e-05
-2.79722e-05
-2.67298e-05
-2.55442e-05
-2.44114e-05
-2.33276e-05
-2.22897e-05
-2.12945e-05
-2.03393e-05
-1.94216e-05
-1.85393e-05
-1.76904e-05
-1.68731e-05
-1.60856e-05
-1.53268e-05
-1.4595e-05
-0.000122884
-0.00011654
-0.000110507
-0.000104777
-9.93403e-05
-9.41858e-05
-8.9303e-05
-8.46811e-05
-8.03091e-05
-7.61761e-05
-7.22708e-05
-6.85825e-05
-6.51001e-05
-6.18132e-05
-5.87112e-05
-5.57841e-05
-5.30219e-05
-5.04151e-05
-4.79546e-05
-4.56315e-05
-4.34374e-05
-4.13643e-05
-3.94045e-05
-3.75506e-05
-3.57958e-05
-3.41334e-05
-3.25573e-05
-3.10615e-05
-2.96405e-05
-2.82891e-05
-2.70025e-05
-2.57763e-05
-2.46061e-05
-2.34884e-05
-2.24195e-05
-2.13962e-05
-2.04158e-05
-1.94755e-05
-1.8573e-05
-1.77062e-05
-1.6873e-05
-1.60717e-05
-1.53008e-05
-1.45587e-05
-0.000125384
-0.000118994
-0.000112905
-0.00010711
-0.0001016
-9.6366e-05
-9.13984e-05
-8.66875e-05
-8.22234e-05
-7.79959e-05
-7.3995e-05
-7.02103e-05
-6.66318e-05
-6.32496e-05
-6.00537e-05
-5.70345e-05
-5.41826e-05
-5.14887e-05
-4.89439e-05
-4.65398e-05
-4.4268e-05
-4.21206e-05
-4.00902e-05
-3.81693e-05
-3.63512e-05
-3.46292e-05
-3.29971e-05
-3.14489e-05
-2.99792e-05
-2.85825e-05
-2.7254e-05
-2.59891e-05
-2.47835e-05
-2.36333e-05
-2.25349e-05
-2.14849e-05
-2.04803e-05
-1.95184e-05
-1.85966e-05
-1.77126e-05
-1.68644e-05
-1.60499e-05
-1.52675e-05
-1.45155e-05
-0.000127523
-0.000121111
-0.000114989
-0.00010915
-0.000103588
-9.82949e-05
-9.32616e-05
-8.84799e-05
-8.39408e-05
-7.96351e-05
-7.55534e-05
-7.16866e-05
-6.80252e-05
-6.45599e-05
-6.12815e-05
-5.81807e-05
-5.52485e-05
-5.24763e-05
-4.98555e-05
-4.73777e-05
-4.50349e-05
-4.28195e-05
-4.0724e-05
-3.87412e-05
-3.68644e-05
-3.50869e-05
-3.34026e-05
-3.18055e-05
-3.02899e-05
-2.88506e-05
-2.74826e-05
-2.61813e-05
-2.49422e-05
-2.37613e-05
-2.26349e-05
-2.15596e-05
-2.05322e-05
-1.95497e-05
-1.86096e-05
-1.77093e-05
-1.68467e-05
-1.60197e-05
-1.52265e-05
-1.44653e-05
-0.00012931
-0.000122899
-0.000116764
-0.000110904
-0.00010531
-9.99749e-05
-9.48935e-05
-9.00583e-05
-8.54607e-05
-8.10923e-05
-7.69448e-05
-7.30097e-05
-6.92783e-05
-6.5742e-05
-6.23921e-05
-5.92201e-05
-5.62174e-05
-5.33757e-05
-5.06869e-05
-4.81429e-05
-4.57361e-05
-4.34588e-05
-4.1304e-05
-3.92645e-05
-3.73336e-05
-3.55049e-05
-3.37722e-05
-3.21296e-05
-3.05714e-05
-2.90923e-05
-2.76874e-05
-2.63519e-05
-2.50813e-05
-2.38716e-05
-2.27189e-05
-2.16196e-05
-2.05706e-05
-1.95688e-05
-1.86113e-05
-1.76957e-05
-1.68197e-05
-1.59809e-05
-1.51776e-05
-1.44077e-05
-0.00013075
-0.000124359
-0.000118234
-0.000112371
-0.000106764
-0.00010141
-9.62968e-05
-9.14241e-05
-8.67837e-05
-8.23677e-05
-7.81684e-05
-7.41783e-05
-7.03895e-05
-6.67939e-05
-6.33836e-05
-6.01506e-05
-5.70868e-05
-5.41845e-05
-5.14358e-05
-4.88331e-05
-4.63689e-05
-4.40362e-05
-4.18277e-05
-3.97367e-05
-3.77566e-05
-3.58811e-05
-3.41039e-05
-3.24194e-05
-3.08218e-05
-2.9306e-05
-2.78668e-05
-2.64994e-05
-2.51995e-05
-2.39629e-05
-2.27856e-05
-2.1664e-05
-2.05947e-05
-1.95748e-05
-1.86012e-05
-1.76713e-05
-1.67826e-05
-1.59329e-05
-1.51201e-05
-1.43422e-05
-0.000131841
-0.000125492
-0.000119395
-0.000113549
-0.000107949
-0.000102591
-9.74682e-05
-9.25748e-05
-8.79072e-05
-8.34582e-05
-7.92212e-05
-7.51893e-05
-7.13554e-05
-6.77122e-05
-6.42523e-05
-6.09684e-05
-5.78531e-05
-5.48989e-05
-5.20984e-05
-4.94446e-05
-4.69302e-05
-4.45483e-05
-4.22921e-05
-4.01551e-05
-3.81307e-05
-3.62128e-05
-3.43954e-05
-3.26727e-05
-3.10392e-05
-2.94896e-05
-2.80189e-05
-2.66223e-05
-2.52954e-05
-2.40338e-05
-2.28338e-05
-2.16915e-05
-2.06036e-05
-1.95669e-05
-1.85783e-05
-1.76351e-05
-1.67348e-05
-1.58751e-05
-1.50536e-05
-1.42685e-05
-0.000108868
-0.000103522
-9.8404e-05
-9.35073e-05
-8.88279e-05
-8.43606e-05
-8.00996e-05
-7.60389e-05
-7.21722e-05
-6.8493e-05
-6.49945e-05
-6.167e-05
-5.85126e-05
-5.55155e-05
-5.26717e-05
-4.99744e-05
-4.74168e-05
-4.49924e-05
-4.26946e-05
-4.05171e-05
-3.84536e-05
-3.6498e-05
-3.46446e-05
-3.28877e-05
-3.12218e-05
-2.96417e-05
-2.81424e-05
-2.67192e-05
-2.53676e-05
-2.40834e-05
-2.28625e-05
-2.17013e-05
-2.05963e-05
-1.95442e-05
-1.8542e-05
-1.75867e-05
-1.66759e-05
-1.5807e-05
-1.49778e-05
-1.41861e-05
-0.000437341
-0.000350117
-0.000275652
-0.000212739
-0.000160153
-0.000116684
-8.11734e-05
-5.2534e-05
-2.97654e-05
-1.19624e-05
1.68188e-06
1.18771e-05
1.92401e-05
2.43006e-05
2.75096e-05
2.92466e-05
2.98285e-05
2.95173e-05
2.85281e-05
2.70358e-05
2.51814e-05
2.30777e-05
2.08142e-05
1.84606e-05
1.60687e-05
1.36815e-05
-0.000590234
-0.000487001
-0.000397431
-0.000320453
-0.000254917
-0.000199645
-0.000153477
-0.000115296
-8.40491e-05
-5.87646e-05
-3.85592e-05
-2.26421e-05
-1.03141e-05
-9.64283e-07
5.93553e-06
1.08376e-05
1.41255e-05
1.61223e-05
1.70973e-05
1.72739e-05
1.68357e-05
1.59327e-05
1.46865e-05
1.31953e-05
1.15373e-05
9.77417e-06
7.9567e-06
-0.000635094
-0.000531095
-0.000440392
-0.000361965
-0.000294724
-0.000237551
-0.000189341
-0.000149028
-0.000115606
-8.81439e-05
-6.5792e-05
-4.77872e-05
-3.3452e-05
-2.21915e-05
-1.34888e-05
-6.89851e-06
-2.03999e-06
1.40939e-06
3.72132e-06
5.12307e-06
5.80366e-06
5.91935e-06
5.59856e-06
4.94636e-06
4.04827e-06
2.97326e-06
1.77704e-06
-0.000675968
-0.000571418
-0.00047982
-0.000400206
-0.000331537
-0.000272749
-0.000222787
-0.000180629
-0.000145313
-0.000115942
-9.16976e-05
-7.18422e-05
-5.57179e-05
-4.27449e-05
-3.24168e-05
-2.42952e-05
-1.80031e-05
-1.32191e-05
-9.67042e-06
-7.1272e-06
-5.39663e-06
-4.31783e-06
-3.7572e-06
-3.60424e-06
-3.76795e-06
-4.17384e-06
-4.76102e-06
-0.000713087
-0.000608577
-0.000516609
-0.000436269
-0.000366578
-0.000306528
-0.000255118
-0.000211379
-0.000174393
-0.000143305
-0.000117331
-9.57614e-05
-7.79611e-05
-6.33684e-05
-5.14899e-05
-4.18966e-05
-3.42173e-05
-2.81335e-05
-2.33731e-05
-1.97054e-05
-1.69349e-05
-1.48974e-05
-1.34552e-05
-1.24932e-05
-1.19159e-05
-1.16437e-05
-1.16109e-05
-0.000745628
-0.000641854
-0.000550133
-0.000469609
-0.00039937
-0.00033847
-0.00028597
-0.000240957
-0.000202566
-0.000169986
-0.000142471
-0.000119346
-0.000100002
-8.38985e-05
-7.05585e-05
-5.95648e-05
-5.05546e-05
-4.32147e-05
-3.72756e-05
-3.25071e-05
-2.8713e-05
-2.57269e-05
-2.34083e-05
-2.16384e-05
-2.03176e-05
-1.93625e-05
-1.87032e-05
-0.000773155
-0.000670792
-0.000579919
-0.00049975
-0.000429439
-0.000368111
-0.000314892
-0.000268931
-0.000229418
-0.000195592
-0.000166752
-0.000142255
-0.000121525
-0.000104045
-8.93564e-05
-7.70571e-05
-6.67949e-05
-5.82636e-05
-5.11983e-05
-4.53713e-05
-4.05869e-05
-3.66779e-05
-3.35019e-05
-3.09378e-05
-2.8883e-05
-2.72507e-05
-2.59673e-05
-0.000795503
-0.00069519
-0.000605743
-0.000526447
-0.000456529
-0.000395187
-0.000341618
-0.000295037
-0.000254693
-0.000219877
-0.000189934
-0.000164262
-0.000142316
-0.000123606
-0.000107695
-9.41985e-05
-8.27758e-05
-7.31302e-05
-6.50034e-05
-5.81714e-05
-5.24405e-05
-4.76443e-05
-4.36396e-05
-4.03039e-05
-3.75324e-05
-3.52358e-05
-3.3338e-05
-0.00081269
-0.000715007
-0.000627516
-0.000549574
-0.000480486
-0.000419527
-0.000365966
-0.000319086
-0.000278198
-0.000242649
-0.000211832
-0.000185185
-0.0001622
-0.000142415
-0.000125417
-0.00011084
-9.83576e-05
-8.76843e-05
-7.85695e-05
-7.07948e-05
-6.41699e-05
-5.85301e-05
-5.37329e-05
-4.96552e-05
-4.61912e-05
-4.32497e-05
-4.07525e-05
-0.000824889
-0.000730335
-0.000645263
-0.000569105
-0.000501245
-0.000441034
-0.000387816
-0.000340943
-0.000299788
-0.000263757
-0.00023229
-0.000204872
-0.000181027
-0.000160327
-0.000142383
-0.000126849
-0.000113415
-0.000101807
-9.17855e-05
-8.31377e-05
-7.56784e-05
-6.92458e-05
-6.36989e-05
-5.89153e-05
-5.47888e-05
-5.12275e-05
-4.81515e-05
-0.000832395
-0.000741377
-0.000659111
-0.000585105
-0.000518819
-0.000459682
-0.00040711
-0.000360526
-0.000319366
-0.000283092
-0.000251195
-0.000223203
-0.000198678
-0.000177223
-0.000158476
-0.000142112
-0.000127838
-0.000115395
-0.000104553
-9.51075e-05
-8.6879e-05
-7.97099e-05
-7.34618e-05
-6.80137e-05
-6.32601e-05
-5.91087e-05
-5.54792e-05
-0.000835588
-0.000748417
-0.000669263
-0.000597708
-0.000533287
-0.000475504
-0.000423848
-0.000377808
-0.000336883
-0.000300589
-0.000268468
-0.000240092
-0.000215061
-0.000193009
-0.000173602
-0.000156535
-0.000141536
-0.00012836
-0.000116787
-0.000106623
-9.76946e-05
-8.98497e-05
-8.29532e-05
-7.68864e-05
-7.15452e-05
-6.68378e-05
-6.26839e-05
-0.000834894
-0.000751786
-0.000675969
-0.000607098
-0.000544778
-0.000488584
-0.000438074
-0.000392801
-0.000352324
-0.000316215
-0.000284064
-0.000255483
-0.000230112
-0.000207616
-0.000187687
-0.000170045
-0.000154435
-0.000140627
-0.000128415
-0.000117614
-0.000108058
-9.96011e-05
-9.21122e-05
-8.54759e-05
-7.95899e-05
-7.43639e-05
-6.97182e-05
-0.000830758
-0.00075184
-0.000679512
-0.000613493
-0.000553454
-0.000499037
-0.000449865
-0.000405552
-0.000365713
-0.000329972
-0.000297965
-0.000269346
-0.000243791
-0.000220995
-0.000200679
-0.000182584
-0.000166475
-0.000152138
-0.000139379
-0.000128022
-0.000117913
-0.000108909
-0.000100886
-9.37316e-05
-8.73463e-05
-8.16417e-05
-7.65392e-05
-0.000823614
-0.000748941
-0.000680185
-0.000617128
-0.0005595
-0.000507006
-0.000459327
-0.000416135
-0.000377097
-0.000341885
-0.000310179
-0.000281674
-0.000256078
-0.00023312
-0.000212544
-0.000194114
-0.000177614
-0.000162847
-0.00014963
-0.000137801
-0.000127211
-0.000117727
-0.000109229
-0.00010161
-9.47724e-05
-8.86309e-05
-8.31086e-05
-0.000813879
-0.000743438
-0.000678282
-0.000618245
-0.000563115
-0.000512649
-0.000466585
-0.000424644
-0.000386544
-0.000352
-0.000320735
-0.00029248
-0.000266976
-0.00024398
-0.000223262
-0.000204609
-0.000187823
-0.00017272
-0.000159134
-0.000146913
-0.000135916
-0.000126018
-0.000117104
-0.000109073
-0.000101832
-9.52966e-05
-8.93929e-05
-0.000801933
-0.000735661
-0.000674086
-0.000617086
-0.0005645
-0.000516134
-0.000471773
-0.000431188
-0.000394138
-0.000360381
-0.000329678
-0.000301793
-0.0002765
-0.000253581
-0.000232832
-0.00021406
-0.000197084
-0.000181738
-0.000167867
-0.00015533
-0.000143997
-0.00013375
-0.000124481
-0.000116092
-0.000108495
-0.000101609
-9.53634e-05
-0.000788122
-0.000725917
-0.000667864
-0.000613883
-0.000563855
-0.00051763
-0.000475036
-0.000435884
-0.000399975
-0.000367104
-0.000337066
-0.000309658
-0.00028468
-0.000261943
-0.000241262
-0.000222466
-0.000205393
-0.000189889
-0.000175813
-0.000163036
-0.000151436
-0.000140903
-0.000131335
-0.000122641
-0.000114737
-0.000107544
-0.000100996
-0.000772752
-0.000714482
-0.000659865
-0.000608858
-0.000561375
-0.000517306
-0.000476517
-0.000438856
-0.000404158
-0.000372254
-0.000342968
-0.000316127
-0.000291557
-0.000269093
-0.000248572
-0.000229841
-0.000212753
-0.000197171
-0.000182967
-0.000170019
-0.000158218
-0.00014746
-0.000137651
-0.000128703
-0.000120538
-0.000113082
-0.00010627
-0.000756094
-0.000701607
-0.00065032
-0.000602217
-0.000557247
-0.000515329
-0.000476363
-0.000440229
-0.000406796
-0.000375921
-0.000347459
-0.000321262
-0.000297181
-0.000275071
-0.000254791
-0.000236204
-0.000219179
-0.000203593
-0.00018933
-0.000176279
-0.000164338
-0.000153413
-0.000143416
-0.000134265
-0.000125885
-0.000118208
-0.000111171
-0.000738386
-0.000687517
-0.000639437
-0.000594155
-0.000551645
-0.000511856
-0.000474715
-0.00044013
-0.000407997
-0.0003782
-0.00035062
-0.000325131
-0.000301607
-0.000279923
-0.000259955
-0.000241583
-0.000224691
-0.000209169
-0.000194911
-0.000181818
-0.000169797
-0.00015876
-0.000148625
-0.000139318
-0.000130769
-0.000122911
-0.000115687
-0.000719836
-0.000672411
-0.000627406
-0.00058485
-0.000544738
-0.000507041
-0.000471711
-0.000438682
-0.000407871
-0.000379188
-0.000352535
-0.000327806
-0.000304897
-0.000283698
-0.000264105
-0.000246011
-0.000229314
-0.000213917
-0.000199724
-0.000186646
-0.000174598
-0.000163501
-0.000153278
-0.000143861
-0.000135183
-0.000127185
-0.00011981
-0.000700623
-0.000656468
-0.000614401
-0.000574466
-0.000536678
-0.000501026
-0.000467484
-0.000436004
-0.000406527
-0.000378982
-0.000353288
-0.000329362
-0.000307113
-0.000286452
-0.000267287
-0.000249526
-0.000233081
-0.000217863
-0.000203789
-0.000190779
-0.000178754
-0.000167644
-0.000157378
-0.000147893
-0.000139128
-0.000131026
-0.000123535
-0.000680908
-0.000639846
-0.000600576
-0.000563155
-0.00052761
-0.000493948
-0.00046216
-0.000432215
-0.000404071
-0.000377675
-0.000352965
-0.000329872
-0.000308323
-0.000288242
-0.000269551
-0.000252171
-0.000236025
-0.000221036
-0.000207129
-0.000194233
-0.000182278
-0.000171199
-0.000160932
-0.000151419
-0.000142604
-0.000134435
-0.000126862
-0.000660827
-0.000622686
-0.000586072
-0.000551053
-0.000517666
-0.000485933
-0.000455857
-0.000427422
-0.000400604
-0.000375362
-0.000351649
-0.000329413
-0.000308593
-0.000289127
-0.000270948
-0.00025399
-0.000238185
-0.000223468
-0.000209771
-0.000197032
-0.000185188
-0.00017418
-0.000163952
-0.000154448
-0.000145619
-0.000137415
-0.000129791
-0.000640501
-0.000605113
-0.000571017
-0.000538286
-0.00050697
-0.000477099
-0.000448687
-0.000421733
-0.000396223
-0.000372132
-0.000349424
-0.000328059
-0.00030799
-0.000289165
-0.000271529
-0.000255027
-0.000239601
-0.000225192
-0.000211744
-0.000199199
-0.000187504
-0.000176604
-0.000166449
-0.000156989
-0.000148178
-0.000139971
-0.000132326
-0.000620038
-0.000587238
-0.000555523
-0.000524969
-0.000495634
-0.000467555
-0.000440757
-0.000415248
-0.000391025
-0.000368073
-0.00034637
-0.000325884
-0.000306581
-0.000288418
-0.000271351
-0.000255333
-0.000240315
-0.000226247
-0.00021308
-0.000200764
-0.00018925
-0.000178492
-0.000168442
-0.000159057
-0.000150295
-0.000142113
-0.000134475
-0.000599528
-0.000569161
-0.000539694
-0.000511207
-0.000483762
-0.000457405
-0.000432165
-0.000408061
-0.000385098
-0.000363271
-0.000342566
-0.000322962
-0.000304433
-0.000286947
-0.000270467
-0.000254956
-0.000240371
-0.000226672
-0.000213814
-0.000201756
-0.000190454
-0.000179866
-0.000169951
-0.00016067
-0.000151983
-0.000143854
-0.000136248
-0.00057905
-0.000550966
-0.000523619
-0.000497091
-0.000471447
-0.000446737
-0.000422999
-0.000400256
-0.000378522
-0.000357798
-0.000338081
-0.000319356
-0.000301605
-0.000284805
-0.000268927
-0.000253939
-0.000239809
-0.0002265
-0.000213977
-0.000202201
-0.000191136
-0.000180745
-0.000170991
-0.000161838
-0.000153253
-0.000145201
-0.000137651
-0.000558674
-0.000532728
-0.000507375
-0.000482699
-0.000458766
-0.000435631
-0.000413335
-0.000391907
-0.000371366
-0.000351722
-0.000332976
-0.000315122
-0.000298148
-0.000282038
-0.00026677
-0.000252319
-0.000238659
-0.00022576
-0.00021359
-0.000202119
-0.000191314
-0.000181142
-0.000171572
-0.000162571
-0.00015411
-0.000146158
-0.000138685
-0.00050078
-0.000406819
-0.000325593
-0.000256084
-0.000197199
-0.000147825
-0.000106861
-7.32524e-05
-4.60117e-05
-2.42297e-05
-7.08378e-06
6.16012e-06
1.61485e-05
2.34446e-05
2.85339e-05
3.18311e-05
3.36874e-05
3.43981e-05
3.42097e-05
3.33266e-05
3.19169e-05
3.01184e-05
2.80429e-05
2.57808e-05
2.34039e-05
2.09703e-05
1.85293e-05
-0.000419212
-0.000332149
-0.000257572
-0.000194386
-0.000141456
-9.76377e-05
-6.18173e-05
-3.2939e-05
-1.00214e-05
7.83136e-06
2.14238e-05
3.14685e-05
3.85887e-05
4.33229e-05
4.61319e-05
4.74057e-05
4.74717e-05
4.66025e-05
4.50228e-05
4.29168e-05
4.04338e-05
3.76945e-05
3.47949e-05
3.18114e-05
2.88031e-05
2.58174e-05
2.28993e-05
-0.000349274
-0.00026795
-0.000198912
-0.000141016
-9.30826e-05
-5.39421e-05
-2.24692e-05
2.39539e-06
2.1629e-05
3.6118e-05
4.66535e-05
5.39321e-05
5.85591e-05
6.10543e-05
6.18593e-05
6.1345e-05
5.98201e-05
5.75391e-05
5.47094e-05
5.14987e-05
4.80413e-05
4.44434e-05
4.07882e-05
3.71398e-05
3.35472e-05
3.00467e-05
2.66751e-05
-0.000384109
-0.000294614
-0.000218227
-0.000153846
-0.0001003
-5.63969e-05
-2.0966e-05
7.11172e-06
2.88844e-05
4.53145e-05
5.72708e-05
6.55258e-05
7.07567e-05
7.35495e-05
7.44055e-05
7.37483e-05
7.19321e-05
6.92497e-05
6.59409e-05
6.21996e-05
5.8181e-05
5.4008e-05
4.97765e-05
4.55602e-05
4.14151e-05
3.73824e-05
3.34911e-05
2.97685e-05
-0.000337051
-0.000251796
-0.000179416
-0.000118783
-6.87128e-05
-2.80112e-05
4.48898e-06
2.98985e-05
4.92531e-05
6.35003e-05
7.34925e-05
7.99852e-05
8.36387e-05
8.50225e-05
8.46222e-05
8.28463e-05
8.00354e-05
7.64695e-05
7.23765e-05
6.79397e-05
6.33047e-05
5.85854e-05
5.38698e-05
4.92245e-05
4.46989e-05
4.03285e-05
3.6137e-05
3.2144e-05
-0.000304456
-0.000222166
-0.000152581
-9.45574e-05
-4.69039e-05
-8.42536e-06
2.20423e-05
4.56035e-05
6.32845e-05
7.6022e-05
8.46568e-05
8.99323e-05
9.24968e-05
9.29083e-05
9.16412e-05
8.90939e-05
8.5597e-05
8.14219e-05
7.67882e-05
7.1872e-05
6.6812e-05
6.17161e-05
5.66667e-05
5.17255e-05
4.69375e-05
4.2334e-05
3.79355e-05
3.37562e-05
-0.000287871
-0.000207104
-0.00013895
-8.22605e-05
-3.58409e-05
1.50456e-06
3.09378e-05
5.35593e-05
7.03904e-05
8.23619e-05
9.03085e-05
9.49673e-05
9.69803e-05
9.68996e-05
9.51938e-05
9.2256e-05
8.84121e-05
8.39286e-05
7.90214e-05
7.38625e-05
6.85873e-05
6.33007e-05
5.80822e-05
5.2991e-05
4.80697e-05
4.33479e-05
3.88444e-05
3.45707e-05
1.60886e-05
1.34767e-05
1.09187e-05
8.46496e-06
6.10227e-06
3.83363e-06
1.66786e-06
-3.89242e-07
-2.33413e-06
-4.16444e-06
-5.87892e-06
-7.47732e-06
-8.96028e-06
-1.03292e-05
-1.15859e-05
-1.27329e-05
-1.3773e-05
-1.47092e-05
-1.55447e-05
-1.62828e-05
-1.69268e-05
-1.74799e-05
-1.79457e-05
-1.83276e-05
-1.86291e-05
-1.88541e-05
-1.90064e-05
-1.90901e-05
-1.91095e-05
-1.90687e-05
-1.89721e-05
-1.8824e-05
-1.86286e-05
-1.83901e-05
-1.81124e-05
-1.77993e-05
-1.74546e-05
-1.70818e-05
-1.6684e-05
-1.62645e-05
-1.58262e-05
-1.53719e-05
-1.49044e-05
-1.44257e-05
2.00777e-05
1.71148e-05
1.42311e-05
1.14809e-05
8.84665e-06
6.32928e-06
3.93602e-06
1.67097e-06
-4.63952e-07
-2.46791e-06
-4.34105e-06
-6.08443e-06
-7.6999e-06
-9.18991e-06
-1.05574e-05
-1.18058e-05
-1.29386e-05
-1.39597e-05
-1.48728e-05
-1.56818e-05
-1.63904e-05
-1.70025e-05
-1.75217e-05
-1.79519e-05
-1.8297e-05
-1.85611e-05
-1.87485e-05
-1.88636e-05
-1.89109e-05
-1.8895e-05
-1.88206e-05
-1.86922e-05
-1.85144e-05
-1.82915e-05
-1.80278e-05
-1.77273e-05
-1.73937e-05
-1.70307e-05
-1.66418e-05
-1.623e-05
-1.57986e-05
-1.53504e-05
-1.48882e-05
-1.44142e-05
2.34857e-05
2.02232e-05
1.70637e-05
1.40569e-05
1.11879e-05
8.45639e-06
5.86753e-06
3.42392e-06
1.12606e-06
-1.02657e-06
-3.03536e-06
-4.90254e-06
-6.63101e-06
-8.22424e-06
-9.68608e-06
-1.10207e-05
-1.22324e-05
-1.33255e-05
-1.43046e-05
-1.51738e-05
-1.59374e-05
-1.65994e-05
-1.71639e-05
-1.76352e-05
-1.80172e-05
-1.83145e-05
-1.85315e-05
-1.86731e-05
-1.87439e-05
-1.8749e-05
-1.86932e-05
-1.85814e-05
-1.84184e-05
-1.82087e-05
-1.79567e-05
-1.76666e-05
-1.73424e-05
-1.69877e-05
-1.66061e-05
-1.6201e-05
-1.57753e-05
-1.53322e-05
-1.48744e-05
-1.44043e-05
2.62648e-05
2.27595e-05
1.93774e-05
1.61602e-05
1.30981e-05
1.01907e-05
7.44132e-06
4.85127e-06
2.41991e-06
1.45611e-07
-1.97407e-06
-3.94234e-06
-5.76302e-06
-7.44039e-06
-8.97905e-06
-1.03838e-05
-1.16597e-05
-1.28115e-05
-1.38442e-05
-1.47624e-05
-1.55706e-05
-1.62732e-05
-1.68746e-05
-1.73791e-05
-1.77912e-05
-1.81153e-05
-1.83564e-05
-1.85194e-05
-1.86093e-05
-1.86313e-05
-1.85905e-05
-1.84921e-05
-1.8341e-05
-1.81419e-05
-1.78994e-05
-1.76177e-05
-1.7301e-05
-1.6953e-05
-1.65774e-05
-1.61775e-05
-1.57565e-05
-1.53174e-05
-1.48633e-05
-1.43963e-05
2.83807e-05
2.46899e-05
2.11402e-05
1.77625e-05
1.45527e-05
1.15107e-05
8.63855e-06
5.93657e-06
3.40323e-06
1.03607e-06
-1.16818e-06
-3.2135e-06
-5.10439e-06
-6.84578e-06
-8.44288e-06
-9.90105e-06
-1.12257e-05
-1.24221e-05
-1.34955e-05
-1.44508e-05
-1.5293e-05
-1.60265e-05
-1.66558e-05
-1.71856e-05
-1.76204e-05
-1.79649e-05
-1.82242e-05
-1.84034e-05
-1.85077e-05
-1.85425e-05
-1.85131e-05
-1.84248e-05
-1.82826e-05
-1.80915e-05
-1.78561e-05
-1.75809e-05
-1.72698e-05
-1.69268e-05
-1.65556e-05
-1.61597e-05
-1.57422e-05
-1.53062e-05
-1.48548e-05
-1.43902e-05
2.9806e-05
2.59898e-05
2.23285e-05
1.88426e-05
1.55328e-05
1.23998e-05
9.44479e-06
6.66718e-06
4.06497e-06
1.63513e-06
-6.26184e-07
-2.72344e-06
-4.66165e-06
-6.44617e-06
-8.08262e-06
-9.5767e-06
-1.09341e-05
-1.21605e-05
-1.32613e-05
-1.42417e-05
-1.51067e-05
-1.58609e-05
-1.65091e-05
-1.70559e-05
-1.75059e-05
-1.78642e-05
-1.81357e-05
-1.83257e-05
-1.84397e-05
-1.8483e-05
-1.84612e-05
-1.83797e-05
-1.82435e-05
-1.80578e-05
-1.78272e-05
-1.75561e-05
-1.72489e-05
-1.69093e-05
-1.65411e-05
-1.61478e-05
-1.57326e-05
-1.52987e-05
-1.48491e-05
-1.43861e-05
3.05228e-05
2.66436e-05
2.29266e-05
1.93863e-05
1.60261e-05
1.28472e-05
9.85039e-06
7.03466e-06
4.39774e-06
1.93631e-06
-3.53735e-07
-2.47714e-06
-4.43916e-06
-6.24539e-06
-7.90163e-06
-9.41377e-06
-1.07877e-05
-1.20292e-05
-1.31438e-05
-1.41368e-05
-1.50132e-05
-1.57779e-05
-1.64355e-05
-1.69908e-05
-1.74485e-05
-1.78136e-05
-1.80913e-05
-1.82868e-05
-1.84056e-05
-1.84532e-05
-1.84353e-05
-1.83571e-05
-1.82239e-05
-1.80409e-05
-1.78126e-05
-1.75437e-05
-1.72383e-05
-1.69004e-05
-1.65337e-05
-1.61418e-05
-1.57278e-05
-1.5295e-05
-1.48463e-05
-1.4384e-05
-0.00013184
-0.000125491
-0.000119394
-0.000113547
-0.000107946
-0.000102587
-9.74637e-05
-9.25714e-05
-8.79041e-05
-8.34553e-05
-7.92186e-05
-7.51869e-05
-7.13531e-05
-6.77101e-05
-6.42504e-05
-6.09667e-05
-5.78515e-05
-5.48974e-05
-5.20972e-05
-4.94434e-05
-4.69292e-05
-4.45475e-05
-4.22914e-05
-4.01545e-05
-3.81302e-05
-3.62125e-05
-3.43951e-05
-3.26725e-05
-3.10391e-05
-2.94896e-05
-2.80189e-05
-2.66224e-05
-2.52955e-05
-2.4034e-05
-2.28341e-05
-2.16918e-05
-2.06039e-05
-1.95672e-05
-1.85786e-05
-1.76355e-05
-1.67352e-05
-1.58754e-05
-1.5054e-05
-1.42688e-05
-0.000130749
-0.000124359
-0.000118234
-0.000112371
-0.000106765
-0.000101409
-9.62986e-05
-9.14266e-05
-8.67861e-05
-8.23699e-05
-7.81706e-05
-7.41803e-05
-7.03913e-05
-6.67956e-05
-6.33852e-05
-6.0152e-05
-5.70881e-05
-5.41857e-05
-5.14369e-05
-4.88341e-05
-4.637e-05
-4.40371e-05
-4.18286e-05
-3.97376e-05
-3.77575e-05
-3.58819e-05
-3.41048e-05
-3.24202e-05
-3.08227e-05
-2.93068e-05
-2.78675e-05
-2.65002e-05
-2.52003e-05
-2.39636e-05
-2.27863e-05
-2.16647e-05
-2.05955e-05
-1.95755e-05
-1.86019e-05
-1.76719e-05
-1.67832e-05
-1.59335e-05
-1.51207e-05
-1.43427e-05
-0.00012931
-0.000122899
-0.000116765
-0.000110905
-0.000105311
-9.99775e-05
-9.48969e-05
-9.00616e-05
-8.54638e-05
-8.10953e-05
-7.69477e-05
-7.30124e-05
-6.92809e-05
-6.57445e-05
-6.23945e-05
-5.92223e-05
-5.62195e-05
-5.33777e-05
-5.06888e-05
-4.81447e-05
-4.57378e-05
-4.34605e-05
-4.13055e-05
-3.9266e-05
-3.7335e-05
-3.55063e-05
-3.37735e-05
-3.21308e-05
-3.05726e-05
-2.90935e-05
-2.76886e-05
-2.6353e-05
-2.50824e-05
-2.38726e-05
-2.27199e-05
-2.16206e-05
-2.05716e-05
-1.95697e-05
-1.86122e-05
-1.76966e-05
-1.68204e-05
-1.59816e-05
-1.51782e-05
-1.44083e-05
-0.000127523
-0.000121111
-0.000114989
-0.000109151
-0.000103589
-9.82957e-05
-9.32625e-05
-8.84808e-05
-8.39417e-05
-7.96359e-05
-7.55544e-05
-7.16876e-05
-6.80263e-05
-6.4561e-05
-6.12825e-05
-5.81817e-05
-5.52496e-05
-5.24774e-05
-4.98565e-05
-4.73787e-05
-4.5036e-05
-4.28206e-05
-4.07251e-05
-3.87423e-05
-3.68654e-05
-3.50879e-05
-3.34036e-05
-3.18065e-05
-3.02909e-05
-2.88516e-05
-2.74836e-05
-2.61823e-05
-2.49431e-05
-2.37623e-05
-2.26359e-05
-2.15605e-05
-2.05331e-05
-1.95506e-05
-1.86104e-05
-1.77101e-05
-1.68474e-05
-1.60204e-05
-1.52272e-05
-1.44659e-05
-0.000125384
-0.000118994
-0.000112905
-0.00010711
-0.0001016
-9.63656e-05
-9.13981e-05
-8.66872e-05
-8.22232e-05
-7.79957e-05
-7.39948e-05
-7.02102e-05
-6.66319e-05
-6.32497e-05
-6.00539e-05
-5.70348e-05
-5.41829e-05
-5.1489e-05
-4.89443e-05
-4.65401e-05
-4.42684e-05
-4.21211e-05
-4.00906e-05
-3.81698e-05
-3.63517e-05
-3.46297e-05
-3.29976e-05
-3.14495e-05
-2.99797e-05
-2.85831e-05
-2.72546e-05
-2.59897e-05
-2.47841e-05
-2.36339e-05
-2.25355e-05
-2.14856e-05
-2.0481e-05
-1.95191e-05
-1.85972e-05
-1.77132e-05
-1.68649e-05
-1.60504e-05
-1.5268e-05
-1.4516e-05
-0.000122884
-0.000116539
-0.000110507
-0.000104777
-9.93398e-05
-9.41854e-05
-8.93026e-05
-8.46808e-05
-8.03089e-05
-7.61759e-05
-7.22707e-05
-6.85824e-05
-6.51001e-05
-6.18133e-05
-5.87114e-05
-5.57843e-05
-5.30222e-05
-5.04154e-05
-4.79549e-05
-4.56318e-05
-4.34378e-05
-4.13647e-05
-3.94049e-05
-3.7551e-05
-3.57962e-05
-3.41339e-05
-3.25578e-05
-3.1062e-05
-2.96411e-05
-2.82897e-05
-2.70031e-05
-2.57768e-05
-2.46067e-05
-2.3489e-05
-2.24201e-05
-2.13969e-05
-2.04164e-05
-1.94761e-05
-1.85736e-05
-1.77067e-05
-1.68735e-05
-1.60722e-05
-1.53013e-05
-1.45591e-05
-0.000120017
-0.000113744
-0.000107792
-0.00010215
-9.68087e-05
-9.17548e-05
-8.69769e-05
-8.24628e-05
-7.82007e-05
-7.41785e-05
-7.03844e-05
-6.68067e-05
-6.34339e-05
-6.02546e-05
-5.72579e-05
-5.44333e-05
-5.17705e-05
-4.92597e-05
-4.68914e-05
-4.46566e-05
-4.25468e-05
-4.05539e-05
-3.86702e-05
-3.68882e-05
-3.52012e-05
-3.36024e-05
-3.20859e-05
-3.06456e-05
-2.92763e-05
-2.79728e-05
-2.67304e-05
-2.55448e-05
-2.4412e-05
-2.33282e-05
-2.22903e-05
-2.12951e-05
-2.03399e-05
-1.94222e-05
-1.85399e-05
-1.76909e-05
-1.68735e-05
-1.60861e-05
-1.53272e-05
-1.45954e-05
-0.000116782
-0.000110607
-0.00010476
-9.9232e-05
-9.40085e-05
-8.90769e-05
-8.44241e-05
-8.0037e-05
-7.59026e-05
-7.20081e-05
-6.83407e-05
-6.48879e-05
-6.16377e-05
-5.85782e-05
-5.56981e-05
-5.29863e-05
-5.04322e-05
-4.80258e-05
-4.57575e-05
-4.36181e-05
-4.15991e-05
-3.96921e-05
-3.78896e-05
-3.61843e-05
-3.45691e-05
-3.30377e-05
-3.15841e-05
-3.02024e-05
-2.88874e-05
-2.76342e-05
-2.64381e-05
-2.5295e-05
-2.42012e-05
-2.31529e-05
-2.21472e-05
-2.11812e-05
-2.02523e-05
-1.93582e-05
-1.84969e-05
-1.76665e-05
-1.68656e-05
-1.60926e-05
-1.53463e-05
-1.46253e-05
-0.000113178
-0.000107129
-0.000101415
-9.60247e-05
-9.09432e-05
-8.61562e-05
-8.16495e-05
-7.74088e-05
-7.34204e-05
-6.96703e-05
-6.61451e-05
-6.28317e-05
-5.97174e-05
-5.67899e-05
-5.40373e-05
-5.14484e-05
-4.90122e-05
-4.67186e-05
-4.45579e-05
-4.25207e-05
-4.05985e-05
-3.8783e-05
-3.70667e-05
-3.54423e-05
-3.39031e-05
-3.24426e-05
-3.1055e-05
-2.97347e-05
-2.84765e-05
-2.72757e-05
-2.61279e-05
-2.50292e-05
-2.39757e-05
-2.29643e-05
-2.19921e-05
-2.10562e-05
-2.01545e-05
-1.92848e-05
-1.84452e-05
-1.76341e-05
-1.68502e-05
-1.60921e-05
-1.53588e-05
-1.46491e-05
-0.000109209
-0.000103314
-9.77606e-05
-9.25341e-05
-8.76188e-05
-8.29991e-05
-7.86597e-05
-7.45852e-05
-7.07609e-05
-6.71722e-05
-6.38047e-05
-6.0645e-05
-5.76796e-05
-5.48959e-05
-5.22817e-05
-4.98255e-05
-4.75162e-05
-4.53435e-05
-4.32974e-05
-4.1369e-05
-3.95494e-05
-3.78307e-05
-3.62052e-05
-3.4666e-05
-3.32063e-05
-3.182e-05
-3.05013e-05
-2.92449e-05
-2.80458e-05
-2.68995e-05
-2.58018e-05
-2.47488e-05
-2.37372e-05
-2.27638e-05
-2.1826e-05
-2.09213e-05
-2.00475e-05
-1.92028e-05
-1.83856e-05
-1.75944e-05
-1.6828e-05
-1.60852e-05
-1.53653e-05
-1.46672e-05
-0.000104879
-9.91694e-05
-9.38042e-05
-8.87679e-05
-8.40435e-05
-7.96142e-05
-7.54633e-05
-7.15748e-05
-6.79328e-05
-6.45221e-05
-6.13277e-05
-5.83356e-05
-5.55319e-05
-5.29036e-05
-5.04383e-05
-4.81243e-05
-4.59503e-05
-4.39061e-05
-4.19817e-05
-4.0168e-05
-3.84566e-05
-3.68394e-05
-3.53092e-05
-3.38589e-05
-3.24821e-05
-3.1173e-05
-2.99259e-05
-2.87358e-05
-2.75978e-05
-2.65077e-05
-2.54615e-05
-2.44557e-05
-2.3487e-05
-2.25527e-05
-2.16502e-05
-2.07774e-05
-1.99323e-05
-1.91133e-05
-1.83189e-05
-1.7548e-05
-1.67995e-05
-1.60725e-05
-1.53663e-05
-1.468e-05
-0.000100198
-9.4704e-05
-8.95558e-05
-8.47365e-05
-8.02279e-05
-7.60119e-05
-7.20709e-05
-6.83878e-05
-6.49462e-05
-6.17298e-05
-5.87236e-05
-5.59126e-05
-5.32829e-05
-5.08212e-05
-4.85148e-05
-4.63519e-05
-4.43214e-05
-4.24128e-05
-4.06165e-05
-3.89234e-05
-3.73252e-05
-3.5814e-05
-3.43829e-05
-3.3025e-05
-3.17343e-05
-3.0505e-05
-2.93318e-05
-2.82099e-05
-2.71348e-05
-2.61025e-05
-2.51092e-05
-2.41516e-05
-2.32269e-05
-2.23325e-05
-2.14661e-05
-2.06258e-05
-1.98098e-05
-1.90169e-05
-1.82458e-05
-1.74956e-05
-1.67653e-05
-1.60543e-05
-1.53621e-05
-1.46879e-05
-9.51784e-05
-8.99306e-05
-8.50283e-05
-8.04529e-05
-7.61848e-05
-7.2205e-05
-6.84949e-05
-6.50365e-05
-6.18126e-05
-5.88067e-05
-5.60029e-05
-5.33862e-05
-5.09423e-05
-4.86577e-05
-4.65197e-05
-4.45165e-05
-4.26369e-05
-4.08707e-05
-3.92084e-05
-3.7641e-05
-3.61605e-05
-3.47595e-05
-3.34309e-05
-3.21686e-05
-3.09665e-05
-2.98193e-05
-2.87221e-05
-2.76702e-05
-2.66595e-05
-2.56861e-05
-2.47468e-05
-2.38385e-05
-2.29585e-05
-2.21046e-05
-2.12749e-05
-2.04675e-05
-1.96812e-05
-1.89147e-05
-1.81672e-05
-1.74379e-05
-1.67261e-05
-1.60313e-05
-1.53533e-05
-1.46914e-05
-8.98353e-05
-8.48652e-05
-8.02377e-05
-7.59327e-05
-7.19298e-05
-6.82085e-05
-6.47497e-05
-6.15346e-05
-5.85455e-05
-5.57653e-05
-5.31778e-05
-5.07677e-05
-4.85207e-05
-4.64231e-05
-4.44623e-05
-4.26265e-05
-4.09048e-05
-3.92871e-05
-3.7764e-05
-3.63271e-05
-3.49685e-05
-3.3681e-05
-3.24582e-05
-3.1294e-05
-3.01828e-05
-2.91198e-05
-2.81001e-05
-2.71196e-05
-2.61744e-05
-2.52611e-05
-2.43766e-05
-2.35181e-05
-2.26835e-05
-2.18706e-05
-2.10778e-05
-2.03038e-05
-1.95473e-05
-1.88076e-05
-1.80839e-05
-1.73756e-05
-1.66824e-05
-1.6004e-05
-1.53402e-05
-1.46907e-05
-8.41888e-05
-7.95274e-05
-7.52031e-05
-7.11948e-05
-6.74807e-05
-6.40399e-05
-6.08521e-05
-5.78982e-05
-5.51598e-05
-5.26197e-05
-5.02615e-05
-4.80696e-05
-4.60297e-05
-4.41282e-05
-4.23526e-05
-4.06913e-05
-3.91337e-05
-3.76698e-05
-3.62907e-05
-3.49883e-05
-3.3755e-05
-3.25842e-05
-3.14696e-05
-3.04057e-05
-2.93874e-05
-2.84099e-05
-2.74691e-05
-2.65611e-05
-2.56823e-05
-2.48297e-05
-2.40006e-05
-2.31925e-05
-2.24035e-05
-2.16319e-05
-2.08764e-05
-2.01358e-05
-1.94094e-05
-1.86964e-05
-1.79965e-05
-1.73094e-05
-1.66349e-05
-1.59729e-05
-1.53234e-05
-1.46864e-05
-7.82627e-05
-7.39402e-05
-6.99469e-05
-6.62605e-05
-6.28584e-05
-5.97186e-05
-5.68206e-05
-5.41447e-05
-5.16722e-05
-4.93856e-05
-4.72685e-05
-4.53053e-05
-4.34818e-05
-4.17846e-05
-4.02014e-05
-3.87208e-05
-3.73326e-05
-3.60272e-05
-3.47961e-05
-3.36315e-05
-3.25265e-05
-3.14747e-05
-3.04704e-05
-2.95085e-05
-2.85844e-05
-2.76937e-05
-2.68327e-05
-2.59978e-05
-2.5186e-05
-2.43946e-05
-2.36211e-05
-2.28636e-05
-2.21204e-05
-2.13902e-05
-2.06719e-05
-1.99648e-05
-1.92683e-05
-1.85822e-05
-1.79061e-05
-1.72401e-05
-1.65842e-05
-1.59385e-05
-1.53034e-05
-1.46788e-05
-7.20847e-05
-6.81306e-05
-6.44949e-05
-6.11546e-05
-5.8086e-05
-5.52669e-05
-5.26761e-05
-5.02936e-05
-4.81008e-05
-4.60799e-05
-4.42145e-05
-4.24895e-05
-4.08905e-05
-3.94047e-05
-3.80199e-05
-3.67253e-05
-3.5511e-05
-3.43679e-05
-3.3288e-05
-3.2264e-05
-3.12894e-05
-3.03585e-05
-2.9466e-05
-2.86073e-05
-2.77783e-05
-2.69751e-05
-2.61943e-05
-2.54329e-05
-2.46883e-05
-2.39581e-05
-2.32403e-05
-2.25333e-05
-2.18359e-05
-2.11469e-05
-2.04657e-05
-1.97919e-05
-1.91253e-05
-1.84657e-05
-1.78133e-05
-1.71682e-05
-1.65308e-05
-1.59015e-05
-1.52806e-05
-1.46684e-05
-6.56871e-05
-6.21291e-05
-5.88762e-05
-5.59044e-05
-5.31896e-05
-5.0709e-05
-4.84412e-05
-4.63663e-05
-4.44653e-05
-4.27208e-05
-4.11165e-05
-3.96376e-05
-3.82701e-05
-3.70015e-05
-3.58202e-05
-3.47158e-05
-3.36789e-05
-3.2701e-05
-3.17746e-05
-3.08931e-05
-3.00506e-05
-2.92417e-05
-2.84619e-05
-2.77071e-05
-2.69736e-05
-2.6258e-05
-2.55576e-05
-2.48697e-05
-2.41921e-05
-2.35229e-05
-2.28606e-05
-2.22038e-05
-2.15517e-05
-2.09036e-05
-2.02592e-05
-1.96184e-05
-1.89812e-05
-1.8348e-05
-1.77189e-05
-1.70946e-05
-1.64755e-05
-1.58622e-05
-1.52554e-05
-1.46555e-05
-5.9106e-05
-5.59701e-05
-5.31231e-05
-5.05404e-05
-4.81975e-05
-4.60714e-05
-4.41407e-05
-4.23854e-05
-4.07868e-05
-3.93277e-05
-3.79923e-05
-3.67661e-05
-3.56356e-05
-3.45888e-05
-3.36147e-05
-3.27036e-05
-3.18465e-05
-3.10358e-05
-3.02646e-05
-2.95267e-05
-2.88169e-05
-2.81306e-05
-2.74637e-05
-2.68128e-05
-2.61747e-05
-2.55466e-05
-2.49262e-05
-2.43113e-05
-2.37003e-05
-2.30915e-05
-2.2484e-05
-2.18769e-05
-2.12695e-05
-2.06618e-05
-2.00537e-05
-1.94454e-05
-1.88372e-05
-1.82299e-05
-1.76239e-05
-1.70199e-05
-1.64188e-05
-1.58213e-05
-1.52284e-05
-1.46405e-05
-5.23818e-05
-4.96915e-05
-4.72712e-05
-4.50958e-05
-4.31407e-05
-4.13828e-05
-3.9801e-05
-3.83754e-05
-3.70878e-05
-3.59213e-05
-3.48608e-05
-3.3892e-05
-3.30025e-05
-3.21807e-05
-3.14163e-05
-3.07003e-05
-3.00245e-05
-2.93819e-05
-2.87663e-05
-2.81723e-05
-2.75953e-05
-2.70313e-05
-2.64771e-05
-2.59296e-05
-2.53862e-05
-2.48449e-05
-2.43036e-05
-2.3761e-05
-2.32156e-05
-2.26665e-05
-2.21129e-05
-2.15546e-05
-2.09912e-05
-2.04231e-05
-1.98505e-05
-1.9274e-05
-1.86943e-05
-1.81123e-05
-1.75288e-05
-1.69448e-05
-1.63613e-05
-1.57793e-05
-1.51999e-05
-1.46238e-05
-4.55589e-05
-4.33346e-05
-4.1359e-05
-3.96063e-05
-3.80521e-05
-3.66737e-05
-3.54502e-05
-3.43621e-05
-3.33918e-05
-3.25231e-05
-3.17414e-05
-3.10334e-05
-3.03871e-05
-2.97919e-05
-2.92383e-05
-2.87179e-05
-2.82236e-05
-2.77489e-05
-2.72886e-05
-2.68378e-05
-2.63928e-05
-2.59503e-05
-2.55076e-05
-2.50624e-05
-2.46127e-05
-2.41568e-05
-2.36936e-05
-2.32219e-05
-2.27409e-05
-2.22502e-05
-2.17495e-05
-2.12388e-05
-2.07185e-05
-2.01889e-05
-1.9651e-05
-1.91055e-05
-1.85535e-05
-1.79961e-05
-1.74346e-05
-1.687e-05
-1.63036e-05
-1.57366e-05
-1.51704e-05
-1.46058e-05
-3.86852e-05
-3.69442e-05
-3.54277e-05
-3.41099e-05
-3.29669e-05
-3.19763e-05
-3.11177e-05
-3.03725e-05
-2.97235e-05
-2.91555e-05
-2.86546e-05
-2.82084e-05
-2.78059e-05
-2.74373e-05
-2.7094e-05
-2.67686e-05
-2.64547e-05
-2.61467e-05
-2.58401e-05
-2.55311e-05
-2.52166e-05
-2.48939e-05
-2.4561e-05
-2.42164e-05
-2.38585e-05
-2.34865e-05
-2.30996e-05
-2.26972e-05
-2.22791e-05
-2.18453e-05
-2.13959e-05
-2.09316e-05
-2.04529e-05
-1.99608e-05
-1.94564e-05
-1.89409e-05
-1.84157e-05
-1.78822e-05
-1.73418e-05
-1.6796e-05
-1.62462e-05
-1.56938e-05
-1.51403e-05
-1.45868e-05
-3.18124e-05
-3.05677e-05
-2.95211e-05
-2.86471e-05
-2.7922e-05
-2.73244e-05
-2.68345e-05
-2.64345e-05
-2.61083e-05
-2.58415e-05
-2.56212e-05
-2.5436e-05
-2.52759e-05
-2.51322e-05
-2.49973e-05
-2.48646e-05
-2.47287e-05
-2.4585e-05
-2.44298e-05
-2.42601e-05
-2.40735e-05
-2.38682e-05
-2.36428e-05
-2.33964e-05
-2.31282e-05
-2.28378e-05
-2.25251e-05
-2.219e-05
-2.18328e-05
-2.1454e-05
-2.10543e-05
-2.06346e-05
-2.01961e-05
-1.974e-05
-1.92679e-05
-1.87814e-05
-1.82819e-05
-1.77714e-05
-1.72514e-05
-1.67236e-05
-1.61897e-05
-1.56513e-05
-1.51101e-05
-1.45672e-05
-2.49948e-05
-2.42553e-05
-2.36853e-05
-2.32598e-05
-2.29558e-05
-2.27529e-05
-2.26323e-05
-2.25771e-05
-2.25723e-05
-2.26046e-05
-2.26623e-05
-2.27352e-05
-2.28143e-05
-2.2892e-05
-2.29617e-05
-2.30181e-05
-2.30566e-05
-2.30736e-05
-2.30662e-05
-2.30324e-05
-2.29704e-05
-2.28794e-05
-2.27585e-05
-2.26074e-05
-2.2426e-05
-2.22146e-05
-2.19734e-05
-2.17031e-05
-2.14045e-05
-2.10786e-05
-2.07265e-05
-2.03497e-05
-1.99496e-05
-1.95281e-05
-1.90868e-05
-1.86278e-05
-1.8153e-05
-1.76644e-05
-1.71638e-05
-1.66532e-05
-1.61346e-05
-1.56095e-05
-1.508e-05
-1.45474e-05
-1.82899e-05
-1.80593e-05
-1.79682e-05
-1.79917e-05
-1.81082e-05
-1.82981e-05
-1.85438e-05
-1.88298e-05
-1.91421e-05
-1.94689e-05
-1.97996e-05
-2.01253e-05
-2.04383e-05
-2.0732e-05
-2.10012e-05
-2.12414e-05
-2.14493e-05
-2.16221e-05
-2.1758e-05
-2.18556e-05
-2.19142e-05
-2.19334e-05
-2.19132e-05
-2.18539e-05
-2.1756e-05
-2.16203e-05
-2.14478e-05
-2.12395e-05
-2.09969e-05
-2.07213e-05
-2.04146e-05
-2.00785e-05
-1.97149e-05
-1.93261e-05
-1.89142e-05
-1.84814e-05
-1.80299e-05
-1.7562e-05
-1.70798e-05
-1.65856e-05
-1.60813e-05
-1.55689e-05
-1.50505e-05
-1.45276e-05
-1.17569e-05
-1.20341e-05
-1.24191e-05
-1.28878e-05
-1.34196e-05
-1.39965e-05
-1.46022e-05
-1.52224e-05
-1.58446e-05
-1.64584e-05
-1.70546e-05
-1.76256e-05
-1.8165e-05
-1.86676e-05
-1.91292e-05
-1.95466e-05
-1.99175e-05
-2.02401e-05
-2.05136e-05
-2.07374e-05
-2.09114e-05
-2.10362e-05
-2.11123e-05
-2.11406e-05
-2.11222e-05
-2.10586e-05
-2.09513e-05
-2.08018e-05
-2.06122e-05
-2.03843e-05
-2.01203e-05
-1.98226e-05
-1.94935e-05
-1.91354e-05
-1.8751e-05
-1.83428e-05
-1.79133e-05
-1.74649e-05
-1.70001e-05
-1.65212e-05
-1.60304e-05
-1.553e-05
-1.5022e-05
-1.45081e-05
-5.45833e-06
-6.23538e-06
-7.08861e-06
-7.99386e-06
-8.93173e-06
-9.88574e-06
-1.08411e-05
-1.17851e-05
-1.27069e-05
-1.35973e-05
-1.44489e-05
-1.52553e-05
-1.60116e-05
-1.67139e-05
-1.73592e-05
-1.79456e-05
-1.84718e-05
-1.8937e-05
-1.93412e-05
-1.96848e-05
-1.99684e-05
-2.01932e-05
-2.03604e-05
-2.04716e-05
-2.05284e-05
-2.05328e-05
-2.04868e-05
-2.03926e-05
-2.02526e-05
-2.00693e-05
-1.98454e-05
-1.95835e-05
-1.92865e-05
-1.89572e-05
-1.85984e-05
-1.82131e-05
-1.78039e-05
-1.73737e-05
-1.69251e-05
-1.64604e-05
-1.59823e-05
-1.5493e-05
-1.49947e-05
-1.44893e-05
5.42868e-07
-7.19943e-07
-2.02813e-06
-3.35631e-06
-4.68621e-06
-6.00322e-06
-7.29423e-06
-8.54811e-06
-9.75572e-06
-1.09096e-05
-1.20037e-05
-1.30333e-05
-1.39949e-05
-1.48859e-05
-1.57046e-05
-1.64502e-05
-1.71225e-05
-1.77218e-05
-1.82488e-05
-1.87049e-05
-1.90913e-05
-1.94099e-05
-1.96625e-05
-1.98511e-05
-1.99781e-05
-2.00459e-05
-2.0057e-05
-2.00141e-05
-1.99202e-05
-1.97783e-05
-1.95914e-05
-1.93626e-05
-1.90952e-05
-1.87923e-05
-1.84572e-05
-1.8093e-05
-1.77027e-05
-1.72892e-05
-1.68554e-05
-1.64039e-05
-1.59374e-05
-1.54583e-05
-1.4969e-05
-1.44714e-05
6.19282e-06
4.45754e-06
2.71074e-06
9.78105e-07
-7.25055e-07
-2.38659e-06
-3.99512e-06
-5.54131e-06
-7.01784e-06
-8.41894e-06
-9.7402e-06
-1.09784e-05
-1.21315e-05
-1.31982e-05
-1.41782e-05
-1.50718e-05
-1.58797e-05
-1.66033e-05
-1.72442e-05
-1.78045e-05
-1.82861e-05
-1.86914e-05
-1.90229e-05
-1.92831e-05
-1.94747e-05
-1.96008e-05
-1.96644e-05
-1.96687e-05
-1.9617e-05
-1.95128e-05
-1.93597e-05
-1.91611e-05
-1.89206e-05
-1.86419e-05
-1.83283e-05
-1.79833e-05
-1.76101e-05
-1.72118e-05
-1.67915e-05
-1.6352e-05
-1.58961e-05
-1.54263e-05
-1.49451e-05
-1.44547e-05
1.14359e-05
9.2424e-06
7.07443e-06
4.9614e-06
2.90946e-06
9.26702e-07
-9.7698e-07
-2.79407e-06
-4.51918e-06
-6.1483e-06
-7.67861e-06
-9.10848e-06
-1.04372e-05
-1.16649e-05
-1.27924e-05
-1.38211e-05
-1.47529e-05
-1.55899e-05
-1.63347e-05
-1.69899e-05
-1.75581e-05
-1.80424e-05
-1.84456e-05
-1.87708e-05
-1.90212e-05
-1.92002e-05
-1.93113e-05
-1.93581e-05
-1.93445e-05
-1.92744e-05
-1.91516e-05
-1.89801e-05
-1.87638e-05
-1.85067e-05
-1.82124e-05
-1.78846e-05
-1.75267e-05
-1.71421e-05
-1.67339e-05
-1.63052e-05
-1.58587e-05
-1.53972e-05
-1.49234e-05
-1.44393e-05
-0.000514516
-0.00049104
-0.000468113
-0.000445806
-0.000424173
-0.00040326
-0.000383099
-0.000363715
-0.000345123
-0.000327329
-0.000310334
-0.000294132
-0.000278712
-0.000264058
-0.000532729
-0.000507376
-0.0004827
-0.000458768
-0.000435634
-0.000413338
-0.00039191
-0.00037137
-0.000351726
-0.00033298
-0.000315126
-0.000298152
-0.000282042
-0.000266774
-0.000252324
-0.000238662
-0.000225762
-0.000213591
-0.000202119
-0.000191313
-0.000181141
-0.000171571
-0.000162571
-0.000154109
-0.000146157
-0.000138684
-0.000550965
-0.000523616
-0.000497087
-0.000471443
-0.000446734
-0.000422995
-0.000400252
-0.000378518
-0.000357794
-0.000338076
-0.000319351
-0.000301601
-0.000284801
-0.000268923
-0.000253937
-0.000239809
-0.0002265
-0.000213976
-0.000202201
-0.000191136
-0.000180745
-0.00017099
-0.000161838
-0.000153253
-0.000145201
-0.00013765
-0.000569159
-0.00053969
-0.000511202
-0.000483758
-0.000457401
-0.000432161
-0.000408057
-0.000385093
-0.000363266
-0.000342561
-0.000322957
-0.000304428
-0.000286942
-0.000270463
-0.000254953
-0.00024037
-0.000226671
-0.000213814
-0.000201755
-0.000190454
-0.000179866
-0.000169951
-0.00016067
-0.000151983
-0.000143854
-0.000136248
-0.000587237
-0.00055552
-0.000524966
-0.000495632
-0.000467554
-0.000440756
-0.000415247
-0.000391024
-0.000368072
-0.000346369
-0.000325883
-0.00030658
-0.000288416
-0.000271349
-0.000255332
-0.000240314
-0.000226246
-0.000213079
-0.000200763
-0.00018925
-0.000178491
-0.000168442
-0.000159057
-0.000150294
-0.000142113
-0.000134475
-0.000605112
-0.000571015
-0.000538283
-0.000506968
-0.000477098
-0.000448687
-0.000421733
-0.000396223
-0.000372132
-0.000349424
-0.000328059
-0.00030799
-0.000289164
-0.000271529
-0.000255027
-0.0002396
-0.000225191
-0.000211743
-0.000199198
-0.000187503
-0.000176604
-0.000166448
-0.000156989
-0.000148177
-0.00013997
-0.000132326
-0.000622685
-0.00058607
-0.00055105
-0.000517665
-0.000485933
-0.000455856
-0.000427422
-0.000400603
-0.000375361
-0.000351649
-0.000329413
-0.000308593
-0.000289126
-0.000270947
-0.000253989
-0.000238184
-0.000223467
-0.00020977
-0.000197031
-0.000185187
-0.000174179
-0.000163951
-0.000154447
-0.000145618
-0.000137414
-0.00012979
-0.000639845
-0.000600574
-0.000563151
-0.000527608
-0.000493948
-0.000462159
-0.000432214
-0.00040407
-0.000377674
-0.000352964
-0.000329871
-0.000308322
-0.000288241
-0.00026955
-0.00025217
-0.000236024
-0.000221035
-0.000207128
-0.000194232
-0.000182277
-0.000171198
-0.000160931
-0.000151419
-0.000142604
-0.000134434
-0.000126861
-0.000656466
-0.000614398
-0.000574463
-0.000536676
-0.000501026
-0.000467483
-0.000436004
-0.000406527
-0.000378981
-0.000353287
-0.000329361
-0.000307112
-0.000286451
-0.000267286
-0.000249525
-0.00023308
-0.000217862
-0.000203788
-0.000190777
-0.000178753
-0.000167642
-0.000157377
-0.000147892
-0.000139127
-0.000131025
-0.000123535
-0.000672409
-0.000627403
-0.000584846
-0.000544735
-0.00050704
-0.00047171
-0.000438681
-0.00040787
-0.000379187
-0.000352534
-0.000327805
-0.000304895
-0.000283697
-0.000264103
-0.000246009
-0.000229313
-0.000213915
-0.000199723
-0.000186645
-0.000174597
-0.000163499
-0.000153277
-0.00014386
-0.000135182
-0.000127184
-0.000119809
-0.000687515
-0.000639433
-0.000594151
-0.000551643
-0.000511855
-0.000474714
-0.000440129
-0.000407996
-0.000378199
-0.000350619
-0.00032513
-0.000301606
-0.000279921
-0.000259953
-0.000241581
-0.000224689
-0.000209167
-0.000194909
-0.000181816
-0.000169795
-0.000158758
-0.000148624
-0.000139317
-0.000130767
-0.00012291
-0.000115686
-0.000701604
-0.000650316
-0.000602212
-0.000557244
-0.000515327
-0.000476361
-0.000440228
-0.000406794
-0.00037592
-0.000347458
-0.00032126
-0.000297179
-0.00027507
-0.000254789
-0.000236202
-0.000219177
-0.000203592
-0.000189328
-0.000176277
-0.000164337
-0.000153412
-0.000143414
-0.000134263
-0.000125884
-0.000118207
-0.00011117
-0.000714478
-0.00065986
-0.000608852
-0.000561372
-0.000517304
-0.000476515
-0.000438854
-0.000404157
-0.000372252
-0.000342966
-0.000316125
-0.000291555
-0.000269091
-0.00024857
-0.000229839
-0.000212751
-0.000197169
-0.000182965
-0.000170018
-0.000158216
-0.000147458
-0.000137649
-0.000128702
-0.000120537
-0.000113081
-0.000106269
-0.000725912
-0.000667858
-0.000613878
-0.000563851
-0.000517628
-0.000475034
-0.000435882
-0.000399973
-0.000367102
-0.000337064
-0.000309655
-0.000284678
-0.00026194
-0.00024126
-0.000222464
-0.00020539
-0.000189886
-0.000175811
-0.000163034
-0.000151434
-0.000140901
-0.000131334
-0.00012264
-0.000114735
-0.000107543
-0.000100994
-0.000735656
-0.000674079
-0.00061708
-0.000564496
-0.000516131
-0.000471771
-0.000431186
-0.000394135
-0.000360379
-0.000329676
-0.000301791
-0.000276497
-0.000253579
-0.00023283
-0.000214057
-0.000197081
-0.000181735
-0.000167865
-0.000155328
-0.000143995
-0.000133748
-0.000124479
-0.00011609
-0.000108493
-0.000101608
-9.53621e-05
-0.000743431
-0.000678275
-0.000618238
-0.00056311
-0.000512646
-0.000466582
-0.000424642
-0.000386541
-0.000351997
-0.000320732
-0.000292477
-0.000266973
-0.000243977
-0.000223259
-0.000204606
-0.00018782
-0.000172718
-0.000159132
-0.00014691
-0.000135913
-0.000126015
-0.000117103
-0.000109072
-0.00010183
-9.52951e-05
-8.93916e-05
-0.000748933
-0.000680177
-0.00061712
-0.000559495
-0.000507003
-0.000459324
-0.000416132
-0.000377094
-0.000341882
-0.000310176
-0.000281671
-0.000256075
-0.000233117
-0.00021254
-0.000194111
-0.000177611
-0.000162844
-0.000149627
-0.000137798
-0.000127209
-0.000117725
-0.000109227
-0.000101608
-9.47706e-05
-8.86293e-05
-8.31072e-05
-0.000751831
-0.000679502
-0.000613484
-0.000553448
-0.000499033
-0.000449862
-0.000405549
-0.00036571
-0.000329969
-0.000297961
-0.000269343
-0.000243787
-0.000220992
-0.000200676
-0.000182581
-0.000166472
-0.000152135
-0.000139376
-0.00012802
-0.00011791
-0.000108907
-0.000100884
-9.37297e-05
-8.73446e-05
-8.16401e-05
-7.65377e-05
-0.000751774
-0.000675958
-0.000607089
-0.000544772
-0.000488579
-0.00043807
-0.000392798
-0.000352321
-0.000316212
-0.00028406
-0.000255479
-0.000230108
-0.000207612
-0.000187683
-0.000170041
-0.000154432
-0.000140624
-0.000128412
-0.000117611
-0.000108056
-9.95988e-05
-9.21101e-05
-8.54739e-05
-7.95881e-05
-7.43623e-05
-6.97167e-05
-0.000748404
-0.000669251
-0.000597699
-0.000533281
-0.000475499
-0.000423844
-0.000377804
-0.000336879
-0.000300585
-0.000268464
-0.000240088
-0.000215057
-0.000193005
-0.000173598
-0.000156531
-0.000141533
-0.000128357
-0.000116784
-0.00010662
-9.76921e-05
-8.98473e-05
-8.2951e-05
-7.68844e-05
-7.15433e-05
-6.68361e-05
-6.26824e-05
-0.000741362
-0.000659098
-0.000585096
-0.000518812
-0.000459676
-0.000407106
-0.000360522
-0.000319362
-0.000283088
-0.000251191
-0.000223198
-0.000198674
-0.000177219
-0.000158472
-0.000142108
-0.000127834
-0.000115392
-0.00010455
-9.51047e-05
-8.68765e-05
-7.97076e-05
-7.34596e-05
-6.80118e-05
-6.32583e-05
-5.91071e-05
-5.54778e-05
-0.000730318
-0.000645248
-0.000569095
-0.000501238
-0.000441028
-0.000387811
-0.000340938
-0.000299784
-0.000263752
-0.000232286
-0.000204867
-0.000181023
-0.000160323
-0.000142379
-0.000126845
-0.000113411
-0.000101804
-9.17824e-05
-8.31349e-05
-7.56759e-05
-6.92435e-05
-6.36968e-05
-5.89134e-05
-5.47871e-05
-5.12259e-05
-4.81501e-05
-0.000714988
-0.000627501
-0.000549564
-0.000480478
-0.000419521
-0.000365961
-0.000319081
-0.000278193
-0.000242644
-0.000211826
-0.00018518
-0.000162195
-0.00014241
-0.000125413
-0.000110836
-9.83538e-05
-8.76808e-05
-7.85664e-05
-7.07919e-05
-6.41674e-05
-5.85278e-05
-5.37308e-05
-4.96533e-05
-4.61895e-05
-4.32482e-05
-4.07512e-05
-0.00069517
-0.000605728
-0.000526437
-0.000456521
-0.00039518
-0.000341612
-0.000295032
-0.000254687
-0.000219872
-0.000189929
-0.000164257
-0.000142311
-0.000123601
-0.000107691
-9.41942e-05
-8.27719e-05
-7.31267e-05
-6.50003e-05
-5.81686e-05
-5.2438e-05
-4.76421e-05
-4.36376e-05
-4.03021e-05
-3.75308e-05
-3.52344e-05
-3.33367e-05
-0.000670771
-0.000579904
-0.00049974
-0.000429431
-0.000368104
-0.000314885
-0.000268925
-0.000229412
-0.000195586
-0.000166746
-0.000142249
-0.00012152
-0.00010404
-8.93517e-05
-7.70528e-05
-6.6791e-05
-5.826e-05
-5.11952e-05
-4.53685e-05
-4.05844e-05
-3.66757e-05
-3.35e-05
-3.09362e-05
-2.88816e-05
-2.72494e-05
-2.59662e-05
-0.000641833
-0.000550117
-0.000469599
-0.000399361
-0.000338462
-0.000285963
-0.000240951
-0.00020256
-0.000169979
-0.000142465
-0.00011934
-9.99965e-05
-8.38934e-05
-7.05538e-05
-5.95605e-05
-5.05508e-05
-4.32113e-05
-3.72725e-05
-3.25044e-05
-2.87106e-05
-2.57249e-05
-2.34065e-05
-2.16368e-05
-2.03162e-05
-1.93613e-05
-1.87021e-05
-0.000608556
-0.000516594
-0.000436259
-0.000366568
-0.000306519
-0.00025511
-0.000211372
-0.000174386
-0.000143299
-0.000117325
-9.57554e-05
-7.79555e-05
-6.33632e-05
-5.14853e-05
-4.18924e-05
-3.42136e-05
-2.81302e-05
-2.33703e-05
-1.97028e-05
-1.69327e-05
-1.48955e-05
-1.34536e-05
-1.24918e-05
-1.19146e-05
-1.16426e-05
-1.161e-05
-0.000571398
-0.000479806
-0.000400195
-0.000331527
-0.00027274
-0.000222779
-0.000180622
-0.000145306
-0.000115935
-9.16912e-05
-7.18362e-05
-5.57124e-05
-4.27399e-05
-3.24124e-05
-2.42913e-05
-1.79997e-05
-1.32161e-05
-9.6678e-06
-7.12493e-06
-5.39469e-06
-4.31618e-06
-3.75578e-06
-3.60301e-06
-3.76688e-06
-4.17292e-06
-4.76021e-06
-0.000531078
-0.000440381
-0.000361956
-0.000294714
-0.000237542
-0.000189333
-0.00014902
-0.000115599
-8.81371e-05
-6.57856e-05
-4.77812e-05
-3.34465e-05
-2.21867e-05
-1.34845e-05
-6.89474e-06
-2.03669e-06
1.41225e-06
3.72377e-06
5.12517e-06
5.80545e-06
5.92086e-06
5.59986e-06
4.94747e-06
4.04922e-06
2.97409e-06
1.77788e-06
-0.000486985
-0.000397422
-0.000320445
-0.000254907
-0.000199636
-0.000153469
-0.000115288
-8.40416e-05
-5.87573e-05
-3.85523e-05
-2.26356e-05
-1.03081e-05
-9.58898e-07
5.94035e-06
1.08419e-05
1.41293e-05
1.61256e-05
1.71002e-05
1.72764e-05
1.68379e-05
1.59345e-05
1.46881e-05
1.31967e-05
1.15385e-05
9.77533e-06
7.95771e-06
-0.000437326
-0.000350107
-0.000275642
-0.000212729
-0.000160143
-0.000116675
-8.11649e-05
-5.25258e-05
-2.97575e-05
-1.19549e-05
1.68893e-06
1.18836e-05
1.9246e-05
2.43061e-05
2.75145e-05
2.9251e-05
2.98324e-05
2.95208e-05
2.85312e-05
2.70384e-05
2.51837e-05
2.30798e-05
2.08161e-05
1.84622e-05
1.60702e-05
1.3683e-05
)
;

boundaryField
{
    down
    {
        type            symmetryPlane;
    }
    right
    {
        type            fixedValue;
        value           nonuniform List<scalar> 0();
    }
    up
    {
        type            symmetryPlane;
    }
    left
    {
        type            zeroGradient;
    }
    cylinder
    {
        type            zeroGradient;
    }
    frontAndBack
    {
        type            empty;
    }
    procBoundary6to2
    {
        type            processor;
        value           nonuniform List<scalar> 
71
(
-0.000132596
-0.000126306
-0.000120255
-0.000114442
-0.000108864
-0.000103517
-9.83979e-05
-9.3501e-05
-8.88218e-05
-8.43547e-05
-8.00941e-05
-7.60338e-05
-7.21675e-05
-6.84887e-05
-6.49906e-05
-6.16665e-05
-5.85094e-05
-5.55126e-05
-5.2669e-05
-4.99719e-05
-4.74146e-05
-4.49905e-05
-4.26929e-05
-4.05155e-05
-3.84522e-05
-3.64969e-05
-3.46436e-05
-3.28868e-05
-3.1221e-05
-2.96411e-05
-2.81419e-05
-2.67188e-05
-2.53673e-05
-2.40831e-05
-2.28624e-05
-2.17013e-05
-2.05963e-05
-1.95443e-05
-1.8542e-05
-1.75868e-05
-1.6676e-05
-1.58071e-05
-1.49779e-05
-1.41862e-05
-0.000496386
-0.000474672
-0.000453396
-0.000432628
-0.000412425
-0.000392834
-0.000373891
-0.000355625
-0.000338055
-0.000321192
-0.000305041
-0.000289602
-0.000274869
-0.000260832
-0.000250151
-0.000250151
-0.000236971
-0.000224493
-0.000212693
-0.000201544
-0.000191017
-0.000181084
-0.000171718
-0.00016289
-0.000154573
-0.00014674
-0.000139365
)
;
    }
    procBoundary6to5
    {
        type            processor;
        value           nonuniform List<scalar> 
80
(
-0.000382304
-0.000400492
-0.000436198
-0.000487695
-0.000443963
-0.000443963
-0.000519754
-0.000608385
-0.000538459
-0.000538459
-0.000538459
-0.000708083
-0.00075328
-0.000794324
-0.000830945
-0.000862207
-0.000887702
-0.000907311
-0.000921125
-0.000929412
-0.000932579
-0.00093112
-0.000925573
-0.00091648
-0.000904366
-0.000889716
-0.000872967
-0.000854507
-0.000834672
-0.000813752
-0.000791995
-0.000769613
-0.000746787
-0.000723671
-0.000700399
-0.000677082
-0.000653819
-0.000630691
-0.000607769
-0.000585113
-0.00060837
-0.00053844
-0.000519742
-0.000443956
-0.000443956
-0.00048769
-0.000436195
-0.00040049
-0.000382304
-0.00053846
-0.000558675
-0.000579049
-0.000599525
-0.000620035
-0.000640499
-0.000660824
-0.000680905
-0.000700621
-0.000719833
-0.000738383
-0.000756091
-0.000772748
-0.000788117
-0.000801928
-0.000813873
-0.000823607
-0.000830749
-0.000834884
-0.000835576
-0.000832382
-0.000824874
-0.000812675
-0.000795486
-0.000773136
-0.000745609
-0.000713067
-0.000675948
-0.000635075
-0.000590217
-0.00053844
)
;
    }
    procBoundary6to7
    {
        type            processor;
        value           nonuniform List<scalar> 
74
(
-1.39117e-05
-1.3913e-05
-1.39157e-05
-1.39198e-05
-1.3925e-05
-1.39315e-05
-1.3939e-05
-1.39477e-05
-1.39576e-05
-1.39681e-05
-1.39792e-05
-1.39907e-05
-1.40022e-05
-1.40136e-05
-1.40246e-05
-1.4035e-05
-1.40443e-05
-1.40524e-05
-1.40588e-05
-1.40634e-05
-1.40657e-05
-1.40654e-05
-1.40622e-05
-1.40558e-05
-1.40457e-05
-1.40316e-05
-1.40132e-05
-1.39902e-05
-1.39621e-05
-1.39287e-05
-1.38896e-05
-1.38444e-05
-1.37929e-05
-1.37349e-05
-1.36699e-05
-1.35977e-05
-1.35178e-05
-1.39391e-05
-1.39316e-05
-1.39251e-05
-1.39198e-05
-1.39158e-05
-1.39131e-05
-1.39117e-05
-1.35182e-05
-1.35982e-05
-1.36705e-05
-1.37354e-05
-1.37934e-05
-1.38448e-05
-1.389e-05
-1.39291e-05
-1.39625e-05
-1.39906e-05
-1.40136e-05
-1.4032e-05
-1.4046e-05
-1.40561e-05
-1.40625e-05
-1.40657e-05
-1.40659e-05
-1.40636e-05
-1.4059e-05
-1.40525e-05
-1.40445e-05
-1.40351e-05
-1.40248e-05
-1.40138e-05
-1.40024e-05
-1.39908e-05
-1.39794e-05
-1.39683e-05
-1.39577e-05
-1.39479e-05
)
;
    }
    procBoundary6to10
    {
        type            processor;
        value           nonuniform List<scalar> 
72
(
-0.000132597
-0.000126307
-0.000120256
-0.000114444
-0.000114444
-0.000109534
-0.000104217
-9.91151e-05
-9.42285e-05
-8.9551e-05
-8.50786e-05
-8.08065e-05
-7.67294e-05
-7.28417e-05
-6.91376e-05
-6.5611e-05
-6.22558e-05
-5.90657e-05
-5.60342e-05
-5.31552e-05
-5.04219e-05
-4.78282e-05
-4.53677e-05
-4.30343e-05
-4.08218e-05
-3.87242e-05
-3.67357e-05
-3.48506e-05
-3.30633e-05
-3.13686e-05
-2.97612e-05
-2.82364e-05
-2.67892e-05
-2.54155e-05
-2.41107e-05
-2.28711e-05
-2.16928e-05
-2.05724e-05
-1.95064e-05
-1.84918e-05
-1.75257e-05
-1.66054e-05
-1.57283e-05
-1.48922e-05
-1.40948e-05
-0.000538459
-0.000514514
-0.000491036
-0.000468109
-0.0004458
-0.000424166
-0.000403252
-0.000383091
-0.000363707
-0.000345114
-0.00032732
-0.000310325
-0.000294123
-0.000278703
-0.00026405
-0.000250146
-0.000236967
-0.000224491
-0.000212692
-0.000201544
-0.000191017
-0.000181085
-0.000171719
-0.000162891
-0.000154574
-0.000146741
-0.000139365
)
;
    }
    procBoundary6to11
    {
        type            processor;
        value           uniform -1.34299e-05;
    }
}


// ************************************************************************* //
