/*--------------------------------*- C++ -*----------------------------------*\
| =========                 |                                                 |
| \\      /  F ield         | OpenFOAM: The Open Source CFD Toolbox           |
|  \\    /   O peration     | Version:  2412                                  |
|   \\  /    A nd           | Website:  www.openfoam.com                      |
|    \\/     M anipulation  |                                                 |
\*---------------------------------------------------------------------------*/
FoamFile
{
    version     2.0;
    format      ascii;
    arch        "LSB;label=32;scalar=64";
    class       volScalarField;
    location    "12";
    object      p;
}
// * * * * * * * * * * * * * * * * * * * * * * * * * * * * * * * * * * * * * //

dimensions      [0 2 -2 0 0 0 0];

internalField   nonuniform List<scalar> 
5285
(
-0.000129623
-0.000124031
-0.00011864
-0.000113448
-0.000129527
-0.000124002
-0.000118668
-0.000113522
-0.000108564
-0.000103791
-9.92001e-05
-9.47879e-05
-9.05509e-05
-8.64852e-05
-8.25865e-05
-7.88506e-05
-7.52726e-05
-7.18479e-05
-6.85715e-05
-6.54383e-05
-6.24432e-05
-5.95812e-05
-5.6847e-05
-5.42356e-05
-5.17418e-05
-4.93607e-05
-4.70872e-05
-4.49164e-05
-4.28436e-05
-4.0864e-05
-3.89733e-05
-3.71668e-05
-3.54406e-05
-3.37904e-05
-3.22125e-05
-3.07032e-05
-2.9259e-05
-2.78767e-05
-2.6553e-05
-2.52852e-05
-2.40704e-05
-2.29062e-05
-2.179e-05
-2.07196e-05
-1.9693e-05
-1.87081e-05
-1.77632e-05
-1.68564e-05
-0.000129163
-0.000123719
-0.000118454
-0.000113368
-0.000108461
-0.000103729
-9.9172e-05
-9.47864e-05
-9.05695e-05
-8.65181e-05
-8.26285e-05
-7.88971e-05
-7.53196e-05
-7.1892e-05
-6.86097e-05
-6.54681e-05
-6.24627e-05
-5.95887e-05
-5.68413e-05
-5.42157e-05
-5.17072e-05
-4.9311e-05
-4.70223e-05
-4.48366e-05
-4.27491e-05
-4.07554e-05
-3.8851e-05
-3.70318e-05
-3.52937e-05
-3.36325e-05
-3.20446e-05
-3.05263e-05
-2.90742e-05
-2.7685e-05
-2.63556e-05
-2.5083e-05
-2.38645e-05
-2.26975e-05
-2.15795e-05
-2.05083e-05
-1.94816e-05
-1.84976e-05
-1.75542e-05
-1.66497e-05
-0.000128543
-0.000123191
-0.000118008
-0.000112994
-0.000108148
-0.00010347
-9.8958e-05
-9.461e-05
-9.04239e-05
-8.63971e-05
-8.25266e-05
-7.88092e-05
-7.52414e-05
-7.18195e-05
-6.85395e-05
-6.53975e-05
-6.2389e-05
-5.951e-05
-5.67559e-05
-5.41223e-05
-5.16048e-05
-4.91989e-05
-4.69e-05
-4.47039e-05
-4.2606e-05
-4.06021e-05
-3.86879e-05
-3.68593e-05
-3.51123e-05
-3.3443e-05
-3.18477e-05
-3.03228e-05
-2.8865e-05
-2.74709e-05
-2.61376e-05
-2.48619e-05
-2.36412e-05
-2.24729e-05
-2.13544e-05
-2.02835e-05
-1.92578e-05
-1.82755e-05
-1.73345e-05
-1.64331e-05
-0.000127676
-0.000122428
-0.000117338
-0.000112406
-0.000107634
-0.00010302
-9.85633e-05
-9.42633e-05
-9.0118e-05
-8.61255e-05
-8.22834e-05
-7.85891e-05
-7.50397e-05
-7.16318e-05
-6.83621e-05
-6.5227e-05
-6.22228e-05
-5.93454e-05
-5.6591e-05
-5.39554e-05
-5.14345e-05
-4.90241e-05
-4.672e-05
-4.4518e-05
-4.2414e-05
-4.04038e-05
-3.84834e-05
-3.66487e-05
-3.4896e-05
-3.32214e-05
-3.16214e-05
-3.00924e-05
-2.86311e-05
-2.72342e-05
-2.58987e-05
-2.46217e-05
-2.34003e-05
-2.22321e-05
-2.11144e-05
-2.00449e-05
-1.90214e-05
-1.80418e-05
-1.71042e-05
-1.62065e-05
-0.000126575
-0.000121441
-0.000116454
-0.000111615
-0.000106925
-0.000102385
-9.79936e-05
-9.3751e-05
-8.9656e-05
-8.57069e-05
-8.19021e-05
-7.82395e-05
-7.47165e-05
-7.13306e-05
-6.80788e-05
-6.4958e-05
-6.19647e-05
-5.90956e-05
-5.6347e-05
-5.37151e-05
-5.11963e-05
-4.87866e-05
-4.6482e-05
-4.42787e-05
-4.21728e-05
-4.01602e-05
-3.82372e-05
-3.63998e-05
-3.46445e-05
-3.29675e-05
-3.13654e-05
-2.98346e-05
-2.8372e-05
-2.69744e-05
-2.56387e-05
-2.4362e-05
-2.31416e-05
-2.19748e-05
-2.08592e-05
-1.97924e-05
-1.87722e-05
-1.77963e-05
-1.68629e-05
-1.597e-05
-0.000125252
-0.00012024
-0.000115364
-0.000110627
-0.000106029
-0.000101572
-9.72549e-05
-9.30786e-05
-8.90424e-05
-8.51453e-05
-8.13861e-05
-7.77631e-05
-7.42745e-05
-7.09181e-05
-6.76913e-05
-6.45916e-05
-6.16159e-05
-5.87613e-05
-5.60244e-05
-5.3402e-05
-5.08906e-05
-4.84865e-05
-4.61862e-05
-4.3986e-05
-4.18822e-05
-3.98711e-05
-3.79491e-05
-3.61124e-05
-3.43575e-05
-3.2681e-05
-3.10794e-05
-2.95493e-05
-2.80877e-05
-2.66913e-05
-2.53573e-05
-2.40827e-05
-2.28648e-05
-2.1701e-05
-2.05889e-05
-1.95259e-05
-1.851e-05
-1.75389e-05
-1.66107e-05
-1.57233e-05
-0.000123719
-0.000118836
-0.00011408
-0.000109452
-0.000104954
-0.000100588
-9.63536e-05
-9.22517e-05
-8.82823e-05
-8.4445e-05
-8.0739e-05
-7.71633e-05
-7.37163e-05
-7.03964e-05
-6.72015e-05
-6.41295e-05
-6.11777e-05
-5.83436e-05
-5.56243e-05
-5.30167e-05
-5.05178e-05
-4.81243e-05
-4.58328e-05
-4.364e-05
-4.15424e-05
-3.95366e-05
-3.7619e-05
-3.57863e-05
-3.40349e-05
-3.23617e-05
-3.07632e-05
-2.92363e-05
-2.77778e-05
-2.63848e-05
-2.50543e-05
-2.37836e-05
-2.25698e-05
-2.14105e-05
-2.03031e-05
-1.92453e-05
-1.82348e-05
-1.72695e-05
-1.63474e-05
-1.54664e-05
-0.000121987
-0.000117241
-0.000112611
-0.0001081
-0.000103709
-9.94408e-05
-9.52962e-05
-9.12761e-05
-8.73809e-05
-8.36107e-05
-7.99651e-05
-7.64436e-05
-7.30451e-05
-6.97683e-05
-6.66118e-05
-6.35736e-05
-6.06518e-05
-5.78439e-05
-5.51475e-05
-5.256e-05
-5.00786e-05
-4.77003e-05
-4.54222e-05
-4.3241e-05
-4.11535e-05
-3.91566e-05
-3.7247e-05
-3.54214e-05
-3.36767e-05
-3.20095e-05
-3.04168e-05
-2.88954e-05
-2.74424e-05
-2.60548e-05
-2.47298e-05
-2.34646e-05
-2.22565e-05
-2.11031e-05
-2.00019e-05
-1.89504e-05
-1.79465e-05
-1.69881e-05
-1.6073e-05
-1.51993e-05
-0.000120068
-0.000115465
-0.000110967
-0.000106578
-0.000102301
-9.8138e-05
-9.40898e-05
-9.01581e-05
-8.63437e-05
-8.26472e-05
-7.90686e-05
-7.56077e-05
-7.22641e-05
-6.90368e-05
-6.59246e-05
-6.29262e-05
-6.00399e-05
-5.72637e-05
-5.45956e-05
-5.20332e-05
-4.9574e-05
-4.72155e-05
-4.49549e-05
-4.27894e-05
-4.07159e-05
-3.87316e-05
-3.68333e-05
-3.50181e-05
-3.32828e-05
-3.16245e-05
-3.00401e-05
-2.85266e-05
-2.70812e-05
-2.57011e-05
-2.43834e-05
-2.31255e-05
-2.19248e-05
-2.07788e-05
-1.96851e-05
-1.86412e-05
-1.76451e-05
-1.66945e-05
-1.57875e-05
-1.4922e-05
-0.000117975
-0.000113519
-0.000109158
-0.000104898
-0.00010074
-9.66871e-05
-9.27412e-05
-8.89039e-05
-8.51764e-05
-8.15596e-05
-7.8054e-05
-7.46599e-05
-7.13769e-05
-6.82048e-05
-6.51427e-05
-6.21896e-05
-5.93441e-05
-5.66048e-05
-5.39699e-05
-5.14373e-05
-4.9005e-05
-4.66707e-05
-4.44318e-05
-4.22858e-05
-4.02301e-05
-3.82618e-05
-3.63782e-05
-3.45764e-05
-3.28535e-05
-3.12067e-05
-2.96332e-05
-2.813e-05
-2.66944e-05
-2.53238e-05
-2.40153e-05
-2.27665e-05
-2.15748e-05
-2.04376e-05
-1.93527e-05
-1.83177e-05
-1.73305e-05
-1.63889e-05
-1.54908e-05
-1.46344e-05
-0.00011572
-0.000111414
-0.000107195
-0.000103067
-9.90333e-05
-9.50961e-05
-9.12577e-05
-8.75201e-05
-8.38849e-05
-8.03533e-05
-7.69262e-05
-7.36041e-05
-7.03874e-05
-6.72758e-05
-6.4269e-05
-6.13663e-05
-5.85668e-05
-5.58692e-05
-5.32721e-05
-5.0774e-05
-4.83729e-05
-4.60668e-05
-4.38536e-05
-4.1731e-05
-3.96966e-05
-3.77478e-05
-3.5882e-05
-3.40967e-05
-3.23891e-05
-3.07565e-05
-2.91962e-05
-2.77056e-05
-2.62821e-05
-2.49229e-05
-2.36256e-05
-2.23875e-05
-2.12063e-05
-2.00795e-05
-1.90048e-05
-1.79799e-05
-1.70027e-05
-1.60711e-05
-1.5183e-05
-1.43365e-05
-0.000113313
-0.000109161
-0.000105087
-0.000101096
-9.71899e-05
-9.33726e-05
-8.96463e-05
-8.60131e-05
-8.2475e-05
-7.90335e-05
-7.56899e-05
-7.2445e-05
-6.92993e-05
-6.62532e-05
-6.33066e-05
-6.04591e-05
-5.77102e-05
-5.50589e-05
-5.25042e-05
-5.00447e-05
-4.76789e-05
-4.54051e-05
-4.32215e-05
-4.11259e-05
-3.91162e-05
-3.71901e-05
-3.53453e-05
-3.35794e-05
-3.18897e-05
-3.0274e-05
-2.87295e-05
-2.72538e-05
-2.58443e-05
-2.44986e-05
-2.32141e-05
-2.19886e-05
-2.08194e-05
-1.97044e-05
-1.86413e-05
-1.76278e-05
-1.66618e-05
-1.57412e-05
-1.48641e-05
-1.40284e-05
-0.000110765
-0.00010677
-0.000102844
-9.89925e-05
-9.52183e-05
-9.15246e-05
-8.79142e-05
-8.43895e-05
-8.09528e-05
-7.76058e-05
-7.43501e-05
-7.11868e-05
-6.81169e-05
-6.51408e-05
-6.22588e-05
-5.9471e-05
-5.6777e-05
-5.41762e-05
-5.1668e-05
-4.92513e-05
-4.69247e-05
-4.4687e-05
-4.25365e-05
-4.04713e-05
-3.84897e-05
-3.65895e-05
-3.47687e-05
-3.3025e-05
-3.1356e-05
-2.97595e-05
-2.82332e-05
-2.67746e-05
-2.53813e-05
-2.4051e-05
-2.27813e-05
-2.15698e-05
-2.04144e-05
-1.93126e-05
-1.82623e-05
-1.72614e-05
-1.63077e-05
-1.53993e-05
-1.4534e-05
-1.37101e-05
-0.000108089
-0.000104252
-0.000100476
-9.67665e-05
-9.31266e-05
-8.95597e-05
-8.60686e-05
-8.2656e-05
-7.93244e-05
-7.60758e-05
-7.29119e-05
-6.98343e-05
-6.68441e-05
-6.39421e-05
-6.11289e-05
-5.84048e-05
-5.57698e-05
-5.32236e-05
-5.07658e-05
-4.83955e-05
-4.61119e-05
-4.39138e-05
-4.17998e-05
-3.97685e-05
-3.78181e-05
-3.59469e-05
-3.41528e-05
-3.2434e-05
-3.07884e-05
-2.92137e-05
-2.77077e-05
-2.62684e-05
-2.48933e-05
-2.35803e-05
-2.23271e-05
-2.11314e-05
-1.99912e-05
-1.89041e-05
-1.7868e-05
-1.68809e-05
-1.59407e-05
-1.50454e-05
-1.4193e-05
-1.33817e-05
-0.000105295
-0.000101616
-9.79922e-05
-9.44266e-05
-9.09233e-05
-8.74856e-05
-8.41166e-05
-8.08191e-05
-7.75957e-05
-7.44488e-05
-7.13804e-05
-6.8392e-05
-6.54852e-05
-6.26611e-05
-5.99204e-05
-5.72638e-05
-5.46915e-05
-5.22035e-05
-4.97996e-05
-4.74794e-05
-4.52422e-05
-4.30871e-05
-4.10129e-05
-3.90185e-05
-3.71024e-05
-3.52629e-05
-3.34985e-05
-3.18073e-05
-3.01874e-05
-2.86368e-05
-2.71535e-05
-2.57355e-05
-2.43806e-05
-2.30868e-05
-2.18518e-05
-2.06736e-05
-1.955e-05
-1.8479e-05
-1.74585e-05
-1.64864e-05
-1.55607e-05
-1.46795e-05
-1.3841e-05
-1.30432e-05
-0.000102392
-9.88732e-05
-9.54017e-05
-9.19815e-05
-8.86164e-05
-8.53099e-05
-8.20651e-05
-7.88853e-05
-7.57729e-05
-7.27306e-05
-6.97606e-05
-6.68647e-05
-6.40446e-05
-6.13016e-05
-5.86368e-05
-5.6051e-05
-5.35448e-05
-5.11185e-05
-4.87719e-05
-4.65051e-05
-4.43175e-05
-4.22085e-05
-4.01772e-05
-3.82227e-05
-3.63437e-05
-3.45388e-05
-3.28066e-05
-3.11455e-05
-2.95537e-05
-2.80296e-05
-2.65711e-05
-2.51765e-05
-2.38437e-05
-2.25708e-05
-2.13557e-05
-2.01965e-05
-1.90911e-05
-1.80376e-05
-1.70338e-05
-1.60779e-05
-1.51679e-05
-1.4302e-05
-1.34782e-05
-1.26947e-05
-9.9391e-05
-9.6032e-05
-9.27135e-05
-8.94394e-05
-8.62137e-05
-8.30399e-05
-7.99213e-05
-7.6861e-05
-7.38619e-05
-7.09267e-05
-6.80577e-05
-6.5257e-05
-6.25264e-05
-5.98676e-05
-5.72817e-05
-5.47699e-05
-5.23329e-05
-4.99712e-05
-4.76851e-05
-4.54747e-05
-4.33397e-05
-4.12797e-05
-3.92942e-05
-3.73824e-05
-3.55432e-05
-3.37755e-05
-3.2078e-05
-3.04494e-05
-2.88881e-05
-2.73925e-05
-2.5961e-05
-2.45917e-05
-2.32829e-05
-2.20327e-05
-2.08392e-05
-1.97005e-05
-1.86147e-05
-1.758e-05
-1.65942e-05
-1.56557e-05
-1.47625e-05
-1.39127e-05
-1.31046e-05
-1.23364e-05
-9.63013e-05
-9.31017e-05
-8.99362e-05
-8.68086e-05
-8.3723e-05
-8.06829e-05
-7.76917e-05
-7.47526e-05
-7.18686e-05
-6.90425e-05
-6.62767e-05
-6.35736e-05
-6.09351e-05
-5.8363e-05
-5.58587e-05
-5.34236e-05
-5.10586e-05
-4.87644e-05
-4.65416e-05
-4.43903e-05
-4.23108e-05
-4.03026e-05
-3.83656e-05
-3.6499e-05
-3.47021e-05
-3.29741e-05
-3.13138e-05
-2.97199e-05
-2.81913e-05
-2.67264e-05
-2.53237e-05
-2.39817e-05
-2.26986e-05
-2.14728e-05
-2.03025e-05
-1.91859e-05
-1.81211e-05
-1.71064e-05
-1.614e-05
-1.522e-05
-1.43445e-05
-1.3512e-05
-1.27205e-05
-1.19683e-05
-9.31323e-05
-9.00912e-05
-8.70781e-05
-8.4097e-05
-8.11518e-05
-7.8246e-05
-7.53831e-05
-7.25663e-05
-6.97988e-05
-6.70835e-05
-6.44228e-05
-6.18192e-05
-5.92749e-05
-5.67918e-05
-5.43716e-05
-5.20156e-05
-4.97251e-05
-4.7501e-05
-4.53439e-05
-4.32545e-05
-4.12328e-05
-3.9279e-05
-3.73929e-05
-3.55741e-05
-3.3822e-05
-3.21359e-05
-3.05149e-05
-2.89581e-05
-2.74641e-05
-2.60319e-05
-2.46601e-05
-2.33471e-05
-2.20915e-05
-2.08917e-05
-1.97461e-05
-1.86529e-05
-1.76106e-05
-1.66173e-05
-1.56713e-05
-1.47709e-05
-1.39143e-05
-1.30999e-05
-1.23259e-05
-1.15907e-05
-0.000491218
-0.000469315
-0.000447938
-0.000427153
-0.000407011
-0.000387553
-0.000368807
-0.000350795
-0.000333527
-0.000317009
-0.000301237
-0.000286205
-0.000271899
-0.000258305
-0.000245402
-0.000233168
-0.000221582
-0.000210617
-0.000200248
-0.000190448
-0.000181193
-0.000172454
-0.000164206
-0.000156425
-0.000149083
-0.000142159
-0.000135628
-0.000473274
-0.000453068
-0.000433277
-0.000413968
-0.000395194
-0.000376998
-0.000359413
-0.000342464
-0.000326167
-0.000310531
-0.00029556
-0.00028125
-0.000267596
-0.000254585
-0.000242204
-0.000230437
-0.000219264
-0.000208665
-0.000198619
-0.000189103
-0.000180095
-0.000171572
-0.000163512
-0.000155892
-0.000148689
-0.000141882
-0.000135451
-0.00045544
-0.000436828
-0.000418534
-0.000400624
-0.000383151
-0.000366163
-0.000349693
-0.000333771
-0.000318417
-0.000303643
-0.000289457
-0.000275862
-0.000262854
-0.000250427
-0.000238572
-0.000227277
-0.000216525
-0.000206303
-0.000196591
-0.000187372
-0.000178626
-0.000170334
-0.000162476
-0.000155032
-0.000147983
-0.000141309
-0.000134992
-0.000437768
-0.00042065
-0.000403765
-0.000387178
-0.000370944
-0.000355107
-0.000339708
-0.000324776
-0.000310335
-0.0002964
-0.000282983
-0.000270089
-0.000257721
-0.000245875
-0.000234546
-0.000223725
-0.000213401
-0.000203563
-0.000194195
-0.000185283
-0.00017681
-0.000168761
-0.000161118
-0.000153863
-0.000146981
-0.000140453
-0.000134263
-0.000420297
-0.00040458
-0.000389021
-0.000373685
-0.000358624
-0.000343887
-0.000329512
-0.000315532
-0.000301972
-0.000288851
-0.000276183
-0.000263978
-0.000252239
-0.000240968
-0.000230163
-0.000219817
-0.000209924
-0.000200474
-0.000191457
-0.00018286
-0.000174671
-0.000166874
-0.000159456
-0.000152402
-0.000145698
-0.000139328
-0.000133277
-0.000403062
-0.000388658
-0.000374346
-0.000360189
-0.000346241
-0.000332549
-0.000319153
-0.000306086
-0.000293376
-0.000281043
-0.000269105
-0.000257571
-0.000246451
-0.000235747
-0.00022546
-0.000215587
-0.000206126
-0.000197068
-0.000188406
-0.00018013
-0.00017223
-0.000164694
-0.000157511
-0.000150667
-0.000144151
-0.000137949
-0.000132047
-0.000386094
-0.000372917
-0.000359776
-0.000346732
-0.000333837
-0.000321139
-0.000308676
-0.000296484
-0.000284591
-0.00027302
-0.000261788
-0.000250909
-0.000240393
-0.000230246
-0.000220471
-0.000211068
-0.000202037
-0.000193371
-0.000185067
-0.000177116
-0.000169511
-0.000162243
-0.000155301
-0.000148675
-0.000142355
-0.000136329
-0.000130586
-0.000369416
-0.000357387
-0.000345345
-0.000333349
-0.00032145
-0.000309694
-0.000298121
-0.000286766
-0.000275657
-0.000264819
-0.000254271
-0.000244028
-0.000234101
-0.0002245
-0.000215229
-0.000206291
-0.000197686
-0.000189412
-0.000181465
-0.000173842
-0.000166536
-0.000159539
-0.000152844
-0.000146443
-0.000140326
-0.000134484
-0.000128907
-0.000353049
-0.000342093
-0.000331082
-0.000320072
-0.000309114
-0.000298251
-0.000287524
-0.000276968
-0.00026661
-0.000256478
-0.000246589
-0.000236963
-0.00022761
-0.000218542
-0.000209765
-0.000201284
-0.000193101
-0.000185215
-0.000177626
-0.000170331
-0.000163325
-0.000156604
-0.00015016
-0.000143988
-0.00013808
-0.000132427
-0.000127022
-0.000337008
-0.000327055
-0.000317009
-0.000306928
-0.000296857
-0.00028684
-0.000276917
-0.000267122
-0.000257484
-0.000248028
-0.000238776
-0.000229745
-0.00022095
-0.000212401
-0.000204108
-0.000196075
-0.000188307
-0.000180807
-0.000173573
-0.000166605
-0.000159901
-0.000153456
-0.000147266
-0.000141327
-0.000135631
-0.000130173
-0.000124946
-0.000321306
-0.000312289
-0.000303149
-0.000293939
-0.000284704
-0.000275488
-0.000266328
-0.000257258
-0.000248307
-0.000239501
-0.000230861
-0.000222405
-0.000214149
-0.000206105
-0.000198283
-0.00019069
-0.000183331
-0.000176209
-0.000169327
-0.000162685
-0.000156281
-0.000150114
-0.00014418
-0.000138475
-0.000132996
-0.000127736
-0.000122691
-0.000305953
-0.000297809
-0.000289516
-0.000281125
-0.000272679
-0.00026422
-0.000255783
-0.000247403
-0.000239107
-0.000230923
-0.00022287
-0.000214969
-0.000207234
-0.00019968
-0.000192316
-0.000185152
-0.000178194
-0.000171445
-0.00016491
-0.00015859
-0.000152485
-0.000146595
-0.000140917
-0.000135449
-0.000130188
-0.000125129
-0.000120269
-0.000290955
-0.000283626
-0.000276126
-0.000268504
-0.0002608
-0.000253055
-0.000245304
-0.000237579
-0.000229909
-0.000222318
-0.000214829
-0.000207461
-0.000200229
-0.000193149
-0.000186231
-0.000179485
-0.000172918
-0.000166535
-0.000160342
-0.00015434
-0.000148532
-0.000142917
-0.000137494
-0.000132263
-0.000127222
-0.000122366
-0.000117693
-0.000276317
-0.000269748
-0.00026299
-0.000256089
-0.000249084
-0.000242013
-0.00023491
-0.000227808
-0.000220732
-0.000213709
-0.000206759
-0.000199903
-0.000193157
-0.000186535
-0.000180049
-0.000173709
-0.000167524
-0.000161499
-0.000155641
-0.000149953
-0.000144437
-0.000139095
-0.000133927
-0.000128933
-0.00012411
-0.000119459
-0.000114975
-0.000262041
-0.00025618
-0.000250116
-0.000243892
-0.000237544
-0.000231109
-0.00022462
-0.000218107
-0.000211597
-0.000205115
-0.000198682
-0.000192317
-0.000186037
-0.000179857
-0.000173789
-0.000167844
-0.00016203
-0.000156355
-0.000150826
-0.000145446
-0.000140218
-0.000135146
-0.00013023
-0.000125471
-0.000120868
-0.00011642
-0.000112127
-0.000248127
-0.000242928
-0.000237512
-0.000231922
-0.000226191
-0.000220356
-0.000214447
-0.000208493
-0.000202521
-0.000196554
-0.000190614
-0.00018472
-0.000178888
-0.000173134
-0.00016747
-0.000161907
-0.000156454
-0.000151121
-0.000145912
-0.000140834
-0.00013589
-0.000131083
-0.000126417
-0.000121891
-0.000117506
-0.000113263
-0.00010916
-0.000234576
-0.000229992
-0.000225183
-0.000220186
-0.000215036
-0.000209765
-0.000204404
-0.00019898
-0.000193518
-0.000188042
-0.000182573
-0.000177129
-0.000171728
-0.000166383
-0.000161108
-0.000155915
-0.000150813
-0.000145811
-0.000140915
-0.000136132
-0.000131466
-0.000126922
-0.000122501
-0.000118206
-0.000114038
-0.000109997
-0.000106084
-0.000221385
-0.000217374
-0.000213132
-0.000208691
-0.000204086
-0.000199347
-0.000194502
-0.000189579
-0.000184602
-0.000179593
-0.000174573
-0.00016956
-0.00016457
-0.000159619
-0.00015472
-0.000149884
-0.000145121
-0.000140441
-0.00013585
-0.000131355
-0.000126962
-0.000122674
-0.000118495
-0.000114428
-0.000110474
-0.000106635
-0.00010291
-0.00020855
-0.000205074
-0.00020136
-0.000197441
-0.000193348
-0.000189108
-0.000184751
-0.000180302
-0.000175784
-0.000171219
-0.000166626
-0.000162024
-0.000157429
-0.000152856
-0.000148318
-0.000143827
-0.000139393
-0.000135024
-0.00013073
-0.000126516
-0.000122389
-0.000118353
-0.000114412
-0.000110569
-0.000106826
-0.000103186
-9.96487e-05
-0.000196068
-0.00019309
-0.00018987
-0.000186438
-0.000182825
-0.000179056
-0.000175159
-0.000171157
-0.000167074
-0.00016293
-0.000158745
-0.000154535
-0.000150318
-0.000146107
-0.000141917
-0.000137757
-0.00013364
-0.000129574
-0.000125567
-0.000121627
-0.000117759
-0.000113969
-0.000110261
-0.000106639
-0.000103104
-9.96608e-05
-9.63092e-05
-0.000184181
-0.000181657
-0.000178889
-0.000175904
-0.000172731
-0.000169396
-0.000165923
-0.000162336
-0.000158657
-0.000154904
-0.000151098
-0.000147256
-0.000143392
-0.000139522
-0.000135657
-0.000131811
-0.000127994
-0.000124214
-0.00012048
-0.000116801
-0.00011318
-0.000109626
-0.000106141
-0.00010273
-9.93969e-05
-9.61431e-05
-9.2971e-05
-0.000172748
-0.000170643
-0.000168292
-0.000165722
-0.000162959
-0.000160027
-0.00015695
-0.000153751
-0.00015045
-0.000147066
-0.000143617
-0.00014012
-0.000136591
-0.000133043
-0.000129489
-0.000125941
-0.00012241
-0.000118904
-0.000115432
-0.000112002
-0.00010862
-0.000105293
-0.000102024
-9.88187e-05
-9.568e-05
-9.26109e-05
-8.96139e-05
-0.000161411
-0.000159704
-0.000157751
-0.000155577
-0.000153206
-0.000150661
-0.000147966
-0.00014514
-0.000142204
-0.000139176
-0.000136074
-0.000132914
-0.000129711
-0.000126478
-0.000123228
-0.000119972
-0.000116722
-0.000113485
-0.000110272
-0.00010709
-0.000103944
-0.000100842
-9.77888e-05
-9.47881e-05
-9.18442e-05
-8.89603e-05
-8.6139e-05
-0.000150179
-0.00014885
-0.000147275
-0.000145478
-0.000143482
-0.000141309
-0.000138979
-0.000136513
-0.000133929
-0.000131246
-0.00012848
-0.000125646
-0.00012276
-0.000119834
-0.000116881
-0.000113912
-0.000110937
-0.000107966
-0.000105008
-0.000102069
-9.91581e-05
-9.62798e-05
-9.34399e-05
-9.06432e-05
-8.78936e-05
-8.51949e-05
-8.25498e-05
-0.000139059
-0.000138089
-0.000136873
-0.000135436
-0.000133798
-0.000131979
-0.000129999
-0.000127879
-0.000125635
-0.000123284
-0.000120843
-0.000118326
-0.000115747
-0.00011312
-0.000110457
-0.000107767
-0.000105063
-0.000102353
-9.9645e-05
-9.69476e-05
-9.42673e-05
-9.16105e-05
-8.89827e-05
-8.63887e-05
-8.38328e-05
-8.13189e-05
-7.88501e-05
-0.000128061
-0.000127429
-0.000126554
-0.000125459
-0.000124161
-0.000122681
-0.000121037
-0.000119248
-0.00011733
-0.000115299
-0.000113172
-0.000110961
-0.000108682
-0.000106345
-0.000103963
-0.000101548
-9.91076e-05
-9.66526e-05
-9.41911e-05
-9.17307e-05
-8.92784e-05
-8.68405e-05
-8.44226e-05
-8.20298e-05
-7.96665e-05
-7.73367e-05
-7.50438e-05
-0.000117191
-0.000116879
-0.000116327
-0.000115555
-0.000114581
-0.000113424
-0.000112101
-0.000110629
-0.000109024
-0.000107302
-0.000105477
-0.000103562
-0.000101572
-9.95172e-05
-9.74099e-05
-9.52604e-05
-9.30786e-05
-9.08734e-05
-8.86533e-05
-8.64258e-05
-8.41979e-05
-8.19759e-05
-7.97656e-05
-7.7572e-05
-7.53998e-05
-7.32531e-05
-7.11354e-05
-0.000106457
-0.000106446
-0.000106198
-0.000105733
-0.000105068
-0.000104218
-0.000103201
-0.000102032
-0.000100727
-9.93008e-05
-9.77667e-05
-9.6138e-05
-9.4427e-05
-9.26455e-05
-9.08044e-05
-8.8914e-05
-8.69838e-05
-8.50227e-05
-8.30389e-05
-8.10399e-05
-7.90325e-05
-7.70232e-05
-7.50176e-05
-7.3021e-05
-7.10381e-05
-6.9073e-05
-6.71296e-05
-9.58641e-05
-9.61367e-05
-9.6177e-05
-9.60021e-05
-9.5628e-05
-9.50702e-05
-9.43443e-05
-9.34654e-05
-9.24478e-05
-9.13052e-05
-9.00508e-05
-8.86971e-05
-8.7256e-05
-8.57386e-05
-8.41556e-05
-8.25169e-05
-8.08316e-05
-7.91085e-05
-7.73556e-05
-7.55802e-05
-7.37892e-05
-7.19889e-05
-7.01851e-05
-6.83828e-05
-6.6587e-05
-6.48019e-05
-6.30314e-05
-8.54201e-05
-8.5959e-05
-8.62699e-05
-8.6369e-05
-8.62709e-05
-8.59901e-05
-8.55412e-05
-8.49384e-05
-8.4195e-05
-8.33241e-05
-8.23381e-05
-8.12489e-05
-8.00678e-05
-7.88056e-05
-7.74723e-05
-7.60775e-05
-7.46303e-05
-7.31389e-05
-7.16111e-05
-7.00544e-05
-6.84753e-05
-6.688e-05
-6.52744e-05
-6.36637e-05
-6.20525e-05
-6.04454e-05
-5.88461e-05
-7.51305e-05
-7.5919e-05
-7.64844e-05
-7.68416e-05
-7.70043e-05
-7.69858e-05
-7.67999e-05
-7.64597e-05
-7.59779e-05
-7.53666e-05
-7.46377e-05
-7.38024e-05
-7.28715e-05
-7.18551e-05
-7.07631e-05
-6.96045e-05
-6.83881e-05
-6.71218e-05
-6.58134e-05
-6.44699e-05
-6.3098e-05
-6.17036e-05
-6.02926e-05
-5.88701e-05
-5.74408e-05
-5.60093e-05
-5.45794e-05
-6.50012e-05
-6.60231e-05
-6.68272e-05
-6.74272e-05
-6.78358e-05
-6.80653e-05
-6.81286e-05
-6.80379e-05
-6.78051e-05
-6.74416e-05
-6.69586e-05
-6.63666e-05
-6.56759e-05
-6.48962e-05
-6.40368e-05
-6.31065e-05
-6.21135e-05
-6.10657e-05
-5.99705e-05
-5.88347e-05
-5.76649e-05
-5.6467e-05
-5.52465e-05
-5.40087e-05
-5.27583e-05
-5.14997e-05
-5.0237e-05
-5.50372e-05
-5.62772e-05
-5.73048e-05
-5.81328e-05
-5.87729e-05
-5.92365e-05
-5.95356e-05
-5.96815e-05
-5.96853e-05
-5.95579e-05
-5.93095e-05
-5.89503e-05
-5.849e-05
-5.79377e-05
-5.73022e-05
-5.6592e-05
-5.58151e-05
-5.49788e-05
-5.40905e-05
-5.31567e-05
-5.21838e-05
-5.11775e-05
-5.01434e-05
-4.90865e-05
-4.80117e-05
-4.69231e-05
-4.58249e-05
-4.52436e-05
-4.66868e-05
-4.79234e-05
-4.8965e-05
-4.98226e-05
-5.05068e-05
-5.10285e-05
-5.13984e-05
-5.16268e-05
-5.17238e-05
-5.16992e-05
-5.15623e-05
-5.13224e-05
-5.09882e-05
-5.0568e-05
-5.00698e-05
-4.95013e-05
-4.88696e-05
-4.81816e-05
-4.74439e-05
-4.66624e-05
-4.58428e-05
-4.49906e-05
-4.41107e-05
-4.32077e-05
-4.2286e-05
-4.13497e-05
-3.5625e-05
-3.72571e-05
-3.86887e-05
-3.99302e-05
-4.09919e-05
-4.18835e-05
-4.26151e-05
-4.31966e-05
-4.36378e-05
-4.39478e-05
-4.4136e-05
-4.42112e-05
-4.41819e-05
-4.40565e-05
-4.38427e-05
-4.35484e-05
-4.31806e-05
-4.27463e-05
-4.22522e-05
-4.17043e-05
-4.11086e-05
-4.04706e-05
-3.97956e-05
-3.90883e-05
-3.83535e-05
-3.75952e-05
-3.68176e-05
-2.61857e-05
-2.79933e-05
-2.96062e-05
-3.10345e-05
-3.22872e-05
-3.33734e-05
-3.43026e-05
-3.50838e-05
-3.5726e-05
-3.6238e-05
-3.66284e-05
-3.69053e-05
-3.70769e-05
-3.7151e-05
-3.71351e-05
-3.70363e-05
-3.68616e-05
-3.66175e-05
-3.63104e-05
-3.59461e-05
-3.55305e-05
-3.50687e-05
-3.4566e-05
-3.4027e-05
-3.34561e-05
-3.28577e-05
-3.22356e-05
-1.69298e-05
-1.88997e-05
-2.06812e-05
-2.22834e-05
-2.37147e-05
-2.49833e-05
-2.6098e-05
-2.70672e-05
-2.78993e-05
-2.86023e-05
-2.91843e-05
-2.96529e-05
-3.00159e-05
-3.02804e-05
-3.04535e-05
-3.05421e-05
-3.05526e-05
-3.04914e-05
-3.03645e-05
-3.01775e-05
-2.9936e-05
-2.9645e-05
-2.93095e-05
-2.89341e-05
-2.85231e-05
-2.80806e-05
-2.76105e-05
-7.86084e-06
-9.9808e-06
-1.19186e-05
-1.36825e-05
-1.52802e-05
-1.67194e-05
-1.80081e-05
-1.9154e-05
-2.01649e-05
-2.10483e-05
-2.18116e-05
-2.24621e-05
-2.30068e-05
-2.34527e-05
-2.38062e-05
-2.4074e-05
-2.42621e-05
-2.43765e-05
-2.44229e-05
-2.44067e-05
-2.43333e-05
-2.42074e-05
-2.4034e-05
-2.38173e-05
-2.35617e-05
-2.32711e-05
-2.29492e-05
1.01766e-06
-1.24055e-06
-3.32283e-06
-5.23672e-06
-6.98939e-06
-8.58777e-06
-1.00392e-05
-1.13509e-05
-1.25299e-05
-1.35833e-05
-1.4518e-05
-1.53406e-05
-1.60579e-05
-1.66761e-05
-1.72016e-05
-1.76403e-05
-1.79982e-05
-1.82808e-05
-1.84936e-05
-1.86418e-05
-1.87303e-05
-1.8764e-05
-1.87472e-05
-1.86844e-05
-1.85795e-05
-1.84366e-05
-1.82592e-05
9.7026e-06
7.31735e-06
5.10179e-06
3.04902e-06
1.1525e-06
-5.94102e-07
-2.19751e-06
-3.66438e-06
-5.00125e-06
-6.2146e-06
-7.31081e-06
-8.29613e-06
-9.17671e-06
-9.95856e-06
-1.06475e-05
-1.12492e-05
-1.17692e-05
-1.22128e-05
-1.2585e-05
-1.2891e-05
-1.31353e-05
-1.33226e-05
-1.34571e-05
-1.3543e-05
-1.35843e-05
-1.35846e-05
-1.35476e-05
1.81911e-05
1.56895e-05
1.33513e-05
1.11703e-05
9.14049e-06
7.25616e-06
5.51112e-06
3.89926e-06
2.41455e-06
1.05103e-06
-1.97213e-07
-1.33598e-06
-2.37098e-06
-3.3078e-06
-4.15191e-06
-4.90861e-06
-5.58308e-06
-6.18031e-06
-6.70517e-06
-7.16231e-06
-7.55624e-06
-7.89127e-06
-8.17156e-06
-8.40108e-06
-8.5836e-06
-8.72274e-06
-8.82193e-06
2.64807e-05
2.38726e-05
2.14219e-05
1.91228e-05
1.69699e-05
1.49579e-05
1.30811e-05
1.13341e-05
9.71118e-06
8.20692e-06
6.81588e-06
5.53265e-06
4.35196e-06
3.26859e-06
2.27747e-06
1.37362e-06
5.52205e-07
-1.91489e-07
-8.62022e-07
-1.46381e-06
-2.00111e-06
-2.47804e-06
-2.89854e-06
-3.2664e-06
-3.58526e-06
-3.85858e-06
-4.08968e-06
3.45688e-05
3.18639e-05
2.93102e-05
2.69027e-05
2.46362e-05
2.25061e-05
2.05072e-05
1.86344e-05
1.68826e-05
1.52467e-05
1.37218e-05
1.23028e-05
1.09849e-05
9.76326e-06
8.63311e-06
7.58982e-06
6.62887e-06
5.74584e-06
4.93646e-06
4.19654e-06
3.52208e-06
2.90917e-06
2.35406e-06
1.85315e-06
1.40295e-06
1.00015e-06
6.41562e-07
4.24533e-05
3.96605e-05
3.7013e-05
3.45061e-05
3.21353e-05
2.98962e-05
2.77843e-05
2.57947e-05
2.39229e-05
2.21642e-05
2.0514e-05
1.89678e-05
1.75209e-05
1.6169e-05
1.49076e-05
1.37324e-05
1.26393e-05
1.16239e-05
1.06824e-05
9.81087e-06
9.00544e-06
8.26245e-06
7.57835e-06
6.94972e-06
6.37323e-06
5.84572e-06
5.36413e-06
5.01322e-05
4.726e-05
4.45272e-05
4.19297e-05
3.94632e-05
3.71239e-05
3.49075e-05
3.28098e-05
3.08266e-05
2.89535e-05
2.71864e-05
2.55211e-05
2.39532e-05
2.24789e-05
2.10938e-05
1.97941e-05
1.85758e-05
1.74351e-05
1.63682e-05
1.53714e-05
1.44411e-05
1.35739e-05
1.27665e-05
1.20154e-05
1.13178e-05
1.06704e-05
1.00703e-05
5.76038e-05
5.46601e-05
5.18501e-05
4.917e-05
4.66161e-05
4.41848e-05
4.18723e-05
3.96748e-05
3.75883e-05
3.5609e-05
3.37329e-05
3.19563e-05
3.02752e-05
2.8686e-05
2.71847e-05
2.57677e-05
2.44313e-05
2.31719e-05
2.19861e-05
2.08704e-05
1.98213e-05
1.88358e-05
1.79105e-05
1.70425e-05
1.62287e-05
1.54663e-05
1.47524e-05
6.48663e-05
6.18586e-05
5.8979e-05
5.62241e-05
5.35905e-05
5.10751e-05
4.86744e-05
4.63848e-05
4.42028e-05
4.2125e-05
4.01477e-05
3.82674e-05
3.64806e-05
3.47837e-05
3.31733e-05
3.1646e-05
3.01983e-05
2.8827e-05
2.75287e-05
2.63002e-05
2.51384e-05
2.40403e-05
2.30028e-05
2.20231e-05
2.10983e-05
2.02257e-05
1.94026e-05
7.19183e-05
6.88535e-05
6.59115e-05
6.3089e-05
6.03831e-05
5.77909e-05
5.53094e-05
5.29352e-05
5.06653e-05
4.84963e-05
4.64251e-05
4.44484e-05
4.2563e-05
4.07656e-05
3.90531e-05
3.74222e-05
3.58699e-05
3.4393e-05
3.29885e-05
3.16534e-05
3.03848e-05
2.91798e-05
2.80356e-05
2.69494e-05
2.59187e-05
2.49408e-05
2.40132e-05
7.87583e-05
7.5643e-05
7.26451e-05
6.97619e-05
6.69906e-05
6.43287e-05
6.17733e-05
5.93217e-05
5.69708e-05
5.47178e-05
5.25597e-05
5.04936e-05
4.85165e-05
4.66254e-05
4.48174e-05
4.30896e-05
4.1439e-05
3.98629e-05
3.83583e-05
3.69226e-05
3.55529e-05
3.42466e-05
3.30011e-05
3.18138e-05
3.06822e-05
2.96038e-05
2.85764e-05
8.53851e-05
8.22253e-05
7.91778e-05
7.62402e-05
7.34099e-05
7.06848e-05
6.80624e-05
6.55399e-05
6.31149e-05
6.07845e-05
5.85463e-05
5.63974e-05
5.43351e-05
5.23569e-05
5.04599e-05
4.86414e-05
4.68989e-05
4.52296e-05
4.3631e-05
4.21004e-05
4.06353e-05
3.92333e-05
3.78918e-05
3.66085e-05
3.5381e-05
3.4207e-05
3.30843e-05
9.17973e-05
8.85986e-05
8.55073e-05
8.25212e-05
7.96381e-05
7.68561e-05
7.41727e-05
7.15858e-05
6.90929e-05
6.66916e-05
6.43795e-05
6.21542e-05
6.00132e-05
5.7954e-05
5.59742e-05
5.40713e-05
5.22428e-05
5.04862e-05
4.87993e-05
4.71796e-05
4.56247e-05
4.41322e-05
4.27e-05
4.13258e-05
4.00074e-05
3.87426e-05
3.75293e-05
9.79938e-05
9.47614e-05
9.16316e-05
8.86026e-05
8.56723e-05
8.28391e-05
8.01007e-05
7.74553e-05
7.49005e-05
7.24343e-05
7.00545e-05
6.77588e-05
6.55451e-05
6.3411e-05
6.13543e-05
5.93727e-05
5.7464e-05
5.5626e-05
5.38564e-05
5.2153e-05
5.05136e-05
4.89361e-05
4.74184e-05
4.59582e-05
4.45537e-05
4.32028e-05
4.19034e-05
0.000103973
0.000100712
9.75487e-05
9.44819e-05
9.15097e-05
8.86306e-05
8.58428e-05
8.31444e-05
8.05335e-05
7.80081e-05
7.55662e-05
7.32059e-05
7.09251e-05
6.87218e-05
6.6594e-05
6.45394e-05
6.25562e-05
6.06421e-05
5.87953e-05
5.70136e-05
5.5295e-05
5.36375e-05
5.20392e-05
5.04981e-05
4.90123e-05
4.75798e-05
4.61989e-05
0.000109734
0.000106449
0.000103256
0.000100157
9.71474e-05
9.42276e-05
9.13955e-05
8.86493e-05
8.59875e-05
8.34083e-05
8.09098e-05
7.84904e-05
7.6148e-05
7.38809e-05
7.16873e-05
6.95652e-05
6.75127e-05
6.5528e-05
6.36091e-05
6.17543e-05
5.99615e-05
5.82291e-05
5.65551e-05
5.49378e-05
5.33754e-05
5.1866e-05
5.0408e-05
0.000115276
0.00011197
0.000108753
0.000105624
0.000102583
9.96268e-05
9.67551e-05
9.39662e-05
9.12585e-05
8.86305e-05
8.60805e-05
8.3607e-05
8.12082e-05
7.88826e-05
7.66284e-05
7.44438e-05
7.23272e-05
7.02769e-05
6.82911e-05
6.63681e-05
6.45061e-05
6.27036e-05
6.09587e-05
5.92699e-05
5.76354e-05
5.60536e-05
5.45229e-05
0.000120597
0.000117273
0.000114036
0.000110883
0.000107813
0.000104825
0.000101918
9.90911e-05
9.63422e-05
9.36701e-05
9.10734e-05
8.85507e-05
8.61004e-05
8.37211e-05
8.14112e-05
7.91691e-05
7.69934e-05
7.48823e-05
7.28344e-05
7.0848e-05
6.89216e-05
6.70536e-05
6.52425e-05
6.34866e-05
6.17845e-05
6.01347e-05
5.85356e-05
0.000125695
0.000122358
0.000119103
0.000115929
0.000112835
0.000109819
0.000106881
0.00010402
0.000101234
9.85227e-05
9.58838e-05
9.33164e-05
9.08192e-05
8.83909e-05
8.603e-05
8.3735e-05
8.15047e-05
7.93376e-05
7.72322e-05
7.51871e-05
7.32008e-05
7.12719e-05
6.93989e-05
6.75805e-05
6.58152e-05
6.41016e-05
6.24382e-05
0.000130569
0.000127222
0.000123953
0.000120761
0.000117646
0.000114606
0.000111641
0.00010875
0.000105931
0.000103184
0.000100507
9.78989e-05
9.53592e-05
9.28862e-05
9.04786e-05
8.81353e-05
8.58549e-05
8.36362e-05
8.14777e-05
7.93783e-05
7.73365e-05
7.5351e-05
7.34206e-05
7.15439e-05
6.97196e-05
6.79463e-05
6.62228e-05
0.000135217
0.000131862
0.000128581
0.000125375
0.000122242
0.000119181
0.000116193
0.000113275
0.000110427
0.000107648
0.000104937
0.000102293
9.97147e-05
9.72012e-05
9.47512e-05
9.23637e-05
9.00374e-05
8.77713e-05
8.5564e-05
8.34145e-05
8.13214e-05
7.92836e-05
7.72999e-05
7.53691e-05
7.34898e-05
7.1661e-05
6.98814e-05
0.000139637
0.000136276
0.000132987
0.000129769
0.000126621
0.000123542
0.000120533
0.000117592
0.000114719
0.000111912
0.00010917
0.000106493
0.00010388
0.00010133
9.88416e-05
9.64138e-05
9.40457e-05
9.17361e-05
8.94841e-05
8.72885e-05
8.51483e-05
8.30622e-05
8.10292e-05
7.90481e-05
7.7118e-05
7.52375e-05
7.34057e-05
0.000143826
0.000140462
0.000137166
0.000133938
0.000130778
0.000127685
0.000124658
0.000121697
0.000118801
0.000115969
0.0001132
0.000110494
0.00010785
0.000105267
0.000102743
0.000100279
9.78729e-05
9.55238e-05
9.32309e-05
9.09931e-05
8.88095e-05
8.6679e-05
8.46006e-05
8.25732e-05
8.05959e-05
7.86677e-05
7.67874e-05
0.000147782
0.000144416
0.000141116
0.000137881
0.00013471
0.000131605
0.000128563
0.000125584
0.000122668
0.000119814
0.000117022
0.00011429
0.000111618
0.000109005
0.00010645
0.000103953
0.000101512
9.91272e-05
9.6797e-05
9.45207e-05
9.22974e-05
9.01262e-05
8.80061e-05
8.59362e-05
8.39155e-05
8.19431e-05
8.0018e-05
0.000151502
0.000148135
0.000144832
0.000141591
0.000138413
0.000135297
0.000132242
0.000129249
0.000126316
0.000123443
0.000120629
0.000117874
0.000115178
0.000112538
0.000109955
0.000107428
0.000104956
0.000102539
0.000100175
9.78636e-05
9.56042e-05
9.33958e-05
9.12376e-05
8.91286e-05
8.70681e-05
8.50552e-05
8.3089e-05
0.000154981
0.000151616
0.000148311
0.000145066
0.000141882
0.000138757
0.000135692
0.000132686
0.000129738
0.000126849
0.000124016
0.000121241
0.000118523
0.000115859
0.000113251
0.000110698
0.000108198
0.000105751
0.000103357
0.000101014
9.87216e-05
9.64794e-05
9.42865e-05
9.2142e-05
9.00452e-05
8.79952e-05
8.59912e-05
0.000158216
0.000154852
0.000151547
0.0001483
0.000145111
0.00014198
0.000138906
0.000135889
0.000132929
0.000130025
0.000127177
0.000124384
0.000121646
0.000118962
0.000116331
0.000113754
0.000111229
0.000108756
0.000106334
0.000103963
0.000101641
9.93684e-05
9.71441e-05
9.49674e-05
9.28376e-05
9.07539e-05
8.87156e-05
0.000161202
0.000157841
0.000154536
0.000151287
0.000148095
0.000144958
0.000141877
0.000138852
0.000135881
0.000132965
0.000130103
0.000127294
0.000124539
0.000121837
0.000119187
0.000116589
0.000114042
0.000111545
0.000109099
0.000106702
0.000104354
0.000102054
9.98012e-05
9.75955e-05
9.54359e-05
9.33218e-05
9.12524e-05
0.000163932
0.000160574
0.000157271
0.000154022
0.000150827
0.000147687
0.0001446
0.000141567
0.000138587
0.000135661
0.000132787
0.000129965
0.000127195
0.000124477
0.00012181
0.000119193
0.000116627
0.00011411
0.000111642
0.000109222
0.00010685
0.000104526
0.000102248
0.000100017
9.78303e-05
9.56889e-05
9.35917e-05
0.000166402
0.000163047
0.000159746
0.000156497
0.000153301
0.000150157
0.000147066
0.000144027
0.00014104
0.000138105
0.00013522
0.000132387
0.000129605
0.000126873
0.000124191
0.000121558
0.000118975
0.00011644
0.000113953
0.000111513
0.000109121
0.000106775
0.000104475
0.00010222
0.00010001
9.78449e-05
9.57229e-05
0.000168603
0.000165252
0.000161952
0.000158704
0.000155507
0.000152362
0.000149267
0.000146223
0.00014323
0.000140287
0.000137395
0.000134552
0.000131759
0.000129015
0.00012632
0.000123674
0.000121076
0.000118525
0.000116021
0.000113565
0.000111154
0.00010879
0.00010647
0.000104196
0.000101965
9.97786e-05
9.7635e-05
0.000170526
0.000167179
0.000163882
0.000160635
0.000157438
0.00015429
0.000151193
0.000148145
0.000145147
0.000142199
0.000139299
0.000136449
0.000133647
0.000130893
0.000128187
0.000125529
0.000122918
0.000120355
0.000117837
0.000115366
0.00011294
0.000110559
0.000108223
0.000105932
0.000103683
0.000101479
9.93162e-05
0.000172163
0.000168819
0.000165524
0.000162278
0.000159081
0.000155933
0.000152834
0.000149783
0.000146781
0.000143828
0.000140923
0.000138066
0.000135256
0.000132495
0.00012978
0.000127112
0.000124491
0.000121916
0.000119387
0.000116904
0.000114465
0.000112071
0.000109721
0.000107415
0.000105152
0.000102932
0.000100754
0.000173502
0.000170161
0.000166868
0.000163623
0.000160426
0.000157278
0.000154177
0.000151124
0.00014812
0.000145163
0.000142253
0.000139391
0.000136576
0.000133807
0.000131086
0.000128411
0.000125781
0.000123198
0.000120659
0.000118166
0.000115717
0.000113312
0.000110951
0.000108633
0.000106358
0.000104126
0.000101935
0.000174531
0.000171192
0.0001679
0.000164657
0.00016146
0.000158311
0.000155209
0.000152155
0.000149148
0.000146189
0.000143276
0.00014041
0.00013759
0.000134817
0.00013209
0.000129409
0.000126774
0.000124184
0.000121638
0.000119137
0.000116681
0.000114268
0.000111898
0.000109572
0.000107288
0.000105046
0.000102846
0.000175234
0.000171897
0.000168606
0.000165363
0.000162167
0.000159018
0.000155916
0.000152861
0.000149852
0.000146891
0.000143976
0.000141107
0.000138285
0.000135509
0.000132778
0.000130093
0.000127454
0.000124859
0.000122309
0.000119803
0.000117341
0.000114922
0.000112547
0.000110215
0.000107925
0.000105676
0.00010347
0.000175595
0.000172259
0.000168969
0.000165726
0.00016253
0.000159381
0.000156279
0.000153223
0.000150214
0.000147251
0.000144335
0.000141466
0.000138642
0.000135864
0.000133132
0.000130445
0.000127803
0.000125206
0.000122653
0.000120145
0.00011768
0.000115259
0.000112881
0.000110545
0.000108252
0.000106001
0.000103791
-8.99595e-05
-8.70725e-05
-8.4208e-05
-8.13698e-05
-7.85619e-05
-7.57879e-05
-7.30512e-05
-7.0355e-05
-6.77027e-05
-6.5097e-05
-6.25407e-05
-6.00363e-05
-5.7586e-05
-5.5192e-05
-5.2856e-05
-5.05797e-05
-4.83643e-05
-4.6211e-05
-4.41206e-05
-4.2094e-05
-4.01314e-05
-3.8233e-05
-3.6399e-05
-3.46292e-05
-3.29231e-05
-3.12802e-05
-2.96998e-05
-2.81812e-05
-2.67232e-05
-2.53248e-05
-2.39849e-05
-2.27021e-05
-2.1475e-05
-2.03023e-05
-1.91823e-05
-1.81135e-05
-1.70944e-05
-1.61232e-05
-1.51984e-05
-1.43183e-05
-1.34812e-05
-1.26854e-05
-1.19294e-05
-1.12115e-05
-8.67639e-05
-8.40278e-05
-8.13091e-05
-7.86116e-05
-7.59391e-05
-7.32952e-05
-7.06833e-05
-6.81069e-05
-6.5569e-05
-6.30726e-05
-6.06205e-05
-5.82154e-05
-5.58595e-05
-5.35551e-05
-5.13041e-05
-4.91083e-05
-4.6969e-05
-4.48876e-05
-4.28652e-05
-4.09026e-05
-3.90003e-05
-3.71589e-05
-3.53784e-05
-3.36589e-05
-3.20003e-05
-3.0402e-05
-2.88637e-05
-2.73846e-05
-2.59639e-05
-2.46007e-05
-2.3294e-05
-2.20425e-05
-2.08451e-05
-1.97005e-05
-1.86072e-05
-1.75638e-05
-1.65688e-05
-1.56207e-05
-1.47178e-05
-1.38587e-05
-1.30418e-05
-1.22654e-05
-1.1528e-05
-1.0828e-05
-8.34517e-05
-8.08677e-05
-7.82962e-05
-7.57411e-05
-7.32059e-05
-7.06943e-05
-6.82097e-05
-6.57554e-05
-6.33346e-05
-6.09504e-05
-5.86055e-05
-5.63026e-05
-5.40441e-05
-5.18325e-05
-4.96696e-05
-4.75573e-05
-4.54974e-05
-4.34911e-05
-4.15398e-05
-3.96443e-05
-3.78055e-05
-3.60239e-05
-3.42999e-05
-3.26337e-05
-3.10252e-05
-2.94743e-05
-2.79807e-05
-2.65437e-05
-2.51627e-05
-2.3837e-05
-2.25657e-05
-2.13478e-05
-2.01822e-05
-1.90676e-05
-1.80029e-05
-1.69866e-05
-1.60174e-05
-1.50939e-05
-1.42145e-05
-1.33779e-05
-1.25825e-05
-1.18267e-05
-1.11091e-05
-1.04281e-05
-8.00258e-05
-7.75949e-05
-7.51719e-05
-7.27605e-05
-7.03644e-05
-6.79869e-05
-6.56317e-05
-6.33018e-05
-6.10006e-05
-5.8731e-05
-5.64959e-05
-5.4298e-05
-5.21399e-05
-5.00239e-05
-4.79522e-05
-4.59266e-05
-4.3949e-05
-4.20209e-05
-4.01437e-05
-3.83184e-05
-3.6546e-05
-3.48273e-05
-3.31627e-05
-3.15526e-05
-2.99972e-05
-2.84963e-05
-2.70499e-05
-2.56576e-05
-2.43188e-05
-2.3033e-05
-2.17994e-05
-2.06172e-05
-1.94853e-05
-1.84028e-05
-1.73685e-05
-1.63812e-05
-1.54395e-05
-1.45422e-05
-1.36879e-05
-1.28752e-05
-1.21026e-05
-1.13687e-05
-1.06721e-05
-1.00112e-05
-7.64896e-05
-7.42124e-05
-7.19388e-05
-6.96724e-05
-6.74166e-05
-6.5175e-05
-6.29509e-05
-6.07475e-05
-5.8568e-05
-5.64154e-05
-5.42926e-05
-5.22024e-05
-5.01473e-05
-4.81297e-05
-4.61519e-05
-4.4216e-05
-4.23237e-05
-4.04767e-05
-3.86765e-05
-3.69244e-05
-3.52214e-05
-3.35684e-05
-3.19661e-05
-3.04149e-05
-2.89152e-05
-2.74671e-05
-2.60706e-05
-2.47254e-05
-2.34313e-05
-2.21877e-05
-2.09941e-05
-1.98498e-05
-1.87538e-05
-1.77054e-05
-1.67034e-05
-1.57468e-05
-1.48344e-05
-1.3965e-05
-1.31372e-05
-1.23499e-05
-1.16015e-05
-1.08909e-05
-1.02165e-05
-9.57699e-06
-7.2847e-05
-7.07238e-05
-6.86002e-05
-6.64795e-05
-6.43653e-05
-6.22608e-05
-6.01693e-05
-5.80941e-05
-5.60383e-05
-5.40048e-05
-5.19966e-05
-5.00164e-05
-4.80668e-05
-4.61503e-05
-4.42691e-05
-4.24255e-05
-4.06213e-05
-3.88583e-05
-3.7138e-05
-3.54619e-05
-3.38311e-05
-3.22466e-05
-3.07094e-05
-2.92199e-05
-2.77787e-05
-2.63859e-05
-2.50419e-05
-2.37464e-05
-2.24994e-05
-2.13004e-05
-2.01491e-05
-1.90448e-05
-1.79869e-05
-1.69745e-05
-1.60069e-05
-1.50828e-05
-1.42014e-05
-1.33615e-05
-1.2562e-05
-1.18015e-05
-1.10788e-05
-1.03927e-05
-9.74186e-06
-9.12489e-06
-6.9102e-05
-6.71328e-05
-6.51594e-05
-6.31851e-05
-6.12132e-05
-5.92469e-05
-5.72894e-05
-5.53438e-05
-5.34133e-05
-5.15008e-05
-4.96091e-05
-4.77411e-05
-4.58993e-05
-4.40863e-05
-4.23043e-05
-4.05555e-05
-3.88421e-05
-3.71657e-05
-3.5528e-05
-3.39306e-05
-3.23748e-05
-3.08617e-05
-2.93922e-05
-2.79671e-05
-2.6587e-05
-2.52523e-05
-2.39632e-05
-2.272e-05
-2.15224e-05
-2.03704e-05
-1.92636e-05
-1.82016e-05
-1.71839e-05
-1.62096e-05
-1.52782e-05
-1.43886e-05
-1.354e-05
-1.27313e-05
-1.19615e-05
-1.12294e-05
-1.05339e-05
-9.87375e-06
-9.2477e-06
-8.6545e-06
-6.5259e-05
-6.34435e-05
-6.16204e-05
-5.97927e-05
-5.79635e-05
-5.61361e-05
-5.43136e-05
-5.24989e-05
-5.06952e-05
-4.89052e-05
-4.71319e-05
-4.5378e-05
-4.36461e-05
-4.19387e-05
-4.02581e-05
-3.86067e-05
-3.69864e-05
-3.53992e-05
-3.38468e-05
-3.23308e-05
-3.08525e-05
-2.94134e-05
-2.80143e-05
-2.66562e-05
-2.53398e-05
-2.40656e-05
-2.28341e-05
-2.16455e-05
-2.04998e-05
-1.93971e-05
-1.83372e-05
-1.73196e-05
-1.63441e-05
-1.541e-05
-1.45167e-05
-1.36635e-05
-1.28495e-05
-1.20737e-05
-1.13354e-05
-1.06332e-05
-9.96632e-06
-9.33348e-06
-8.73357e-06
-8.16539e-06
-6.13226e-05
-5.96603e-05
-5.79871e-05
-5.63059e-05
-5.46198e-05
-5.29318e-05
-5.12449e-05
-4.95621e-05
-4.78862e-05
-4.62201e-05
-4.45667e-05
-4.29286e-05
-4.13084e-05
-3.97087e-05
-3.81317e-05
-3.65798e-05
-3.5055e-05
-3.35593e-05
-3.20946e-05
-3.06624e-05
-2.92643e-05
-2.79016e-05
-2.65755e-05
-2.52869e-05
-2.40367e-05
-2.28256e-05
-2.16541e-05
-2.05225e-05
-1.94311e-05
-1.838e-05
-1.73691e-05
-1.63982e-05
-1.54671e-05
-1.45752e-05
-1.3722e-05
-1.2907e-05
-1.21294e-05
-1.13883e-05
-1.0683e-05
-1.00124e-05
-9.37557e-06
-8.77148e-06
-8.19906e-06
-7.65717e-06
-5.7298e-05
-5.57879e-05
-5.42639e-05
-5.2729e-05
-5.11858e-05
-4.96374e-05
-4.80866e-05
-4.65362e-05
-4.49891e-05
-4.3448e-05
-4.19158e-05
-4.03949e-05
-3.88881e-05
-3.73977e-05
-3.59262e-05
-3.44758e-05
-3.30487e-05
-3.16468e-05
-3.0272e-05
-2.8926e-05
-2.76104e-05
-2.63266e-05
-2.50758e-05
-2.38592e-05
-2.26777e-05
-2.15321e-05
-2.04229e-05
-1.93508e-05
-1.8316e-05
-1.73188e-05
-1.63591e-05
-1.5437e-05
-1.45523e-05
-1.37046e-05
-1.28936e-05
-1.21186e-05
-1.13792e-05
-1.06746e-05
-1.00039e-05
-9.36645e-06
-8.76124e-06
-8.18735e-06
-7.64377e-06
-7.12947e-06
-5.31904e-05
-5.18312e-05
-5.04557e-05
-4.90662e-05
-4.76657e-05
-4.62567e-05
-4.48421e-05
-4.34246e-05
-4.20069e-05
-4.05916e-05
-3.91815e-05
-3.77792e-05
-3.6387e-05
-3.50076e-05
-3.36433e-05
-3.22962e-05
-3.09686e-05
-2.96625e-05
-2.83798e-05
-2.71222e-05
-2.58913e-05
-2.46887e-05
-2.35156e-05
-2.23733e-05
-2.12628e-05
-2.0185e-05
-1.91405e-05
-1.81301e-05
-1.71542e-05
-1.6213e-05
-1.53068e-05
-1.44357e-05
-1.35995e-05
-1.2798e-05
-1.2031e-05
-1.1298e-05
-1.05986e-05
-9.93207e-06
-9.29781e-06
-8.69505e-06
-8.12297e-06
-7.58072e-06
-7.06736e-06
-6.58196e-06
-4.90052e-05
-4.77956e-05
-4.65672e-05
-4.53225e-05
-4.40638e-05
-4.2794e-05
-4.15154e-05
-4.02308e-05
-3.89428e-05
-3.76539e-05
-3.63668e-05
-3.50838e-05
-3.38076e-05
-3.25404e-05
-3.12847e-05
-3.00426e-05
-2.88163e-05
-2.76078e-05
-2.6419e-05
-2.52518e-05
-2.41078e-05
-2.29885e-05
-2.18953e-05
-2.08295e-05
-1.97922e-05
-1.87844e-05
-1.7807e-05
-1.68605e-05
-1.59456e-05
-1.50627e-05
-1.42121e-05
-1.33939e-05
-1.26083e-05
-1.1855e-05
-1.1134e-05
-1.04448e-05
-9.7872e-06
-9.16055e-06
-8.56432e-06
-7.99786e-06
-7.46044e-06
-6.95127e-06
-6.46954e-06
-6.01435e-06
-4.47484e-05
-4.36866e-05
-4.26039e-05
-4.15026e-05
-4.03849e-05
-3.92535e-05
-3.81106e-05
-3.69588e-05
-3.58005e-05
-3.46383e-05
-3.34746e-05
-3.23117e-05
-3.11523e-05
-2.99984e-05
-2.88525e-05
-2.77168e-05
-2.65933e-05
-2.54841e-05
-2.4391e-05
-2.33161e-05
-2.22608e-05
-2.12268e-05
-2.02156e-05
-1.92284e-05
-1.82664e-05
-1.73308e-05
-1.64224e-05
-1.5542e-05
-1.46903e-05
-1.38678e-05
-1.30748e-05
-1.23117e-05
-1.15786e-05
-1.08755e-05
-1.02023e-05
-9.55886e-06
-8.94479e-06
-8.35973e-06
-7.80319e-06
-7.27462e-06
-6.77338e-06
-6.29876e-06
-5.85003e-06
-5.42639e-06
-4.04259e-05
-3.951e-05
-3.85712e-05
-3.76119e-05
-3.6634e-05
-3.564e-05
-3.46321e-05
-3.36126e-05
-3.25839e-05
-3.15483e-05
-3.05083e-05
-2.9466e-05
-2.84239e-05
-2.73843e-05
-2.63492e-05
-2.53209e-05
-2.43016e-05
-2.32931e-05
-2.22973e-05
-2.13162e-05
-2.03515e-05
-1.94046e-05
-1.84772e-05
-1.75706e-05
-1.6686e-05
-1.58246e-05
-1.49873e-05
-1.4175e-05
-1.33885e-05
-1.26284e-05
-1.18951e-05
-1.11891e-05
-1.05105e-05
-9.85942e-06
-9.23595e-06
-8.63996e-06
-8.07122e-06
-7.52944e-06
-7.01424e-06
-6.52514e-06
-6.06159e-06
-5.62299e-06
-5.20866e-06
-4.81789e-06
-3.60441e-05
-3.52717e-05
-3.44749e-05
-3.36558e-05
-3.28163e-05
-3.19585e-05
-3.10846e-05
-3.01967e-05
-2.92971e-05
-2.83879e-05
-2.74715e-05
-2.65501e-05
-2.56258e-05
-2.47008e-05
-2.37774e-05
-2.28575e-05
-2.19434e-05
-2.10368e-05
-2.01397e-05
-1.9254e-05
-1.83813e-05
-1.75233e-05
-1.66814e-05
-1.58572e-05
-1.50518e-05
-1.42664e-05
-1.35022e-05
-1.276e-05
-1.20407e-05
-1.13449e-05
-1.06732e-05
-1.00261e-05
-9.4039e-06
-8.80678e-06
-8.23485e-06
-7.68811e-06
-7.16643e-06
-6.66962e-06
-6.19738e-06
-5.74931e-06
-5.32498e-06
-4.92383e-06
-4.54529e-06
-4.18872e-06
-3.16095e-05
-3.09781e-05
-3.03211e-05
-2.96402e-05
-2.89373e-05
-2.82142e-05
-2.74731e-05
-2.67158e-05
-2.59446e-05
-2.51613e-05
-2.43683e-05
-2.35675e-05
-2.27612e-05
-2.19513e-05
-2.114e-05
-2.03293e-05
-1.95212e-05
-1.87175e-05
-1.79203e-05
-1.71312e-05
-1.6352e-05
-1.55843e-05
-1.48296e-05
-1.40893e-05
-1.33648e-05
-1.26573e-05
-1.19679e-05
-1.12976e-05
-1.06473e-05
-1.00177e-05
-9.40953e-06
-8.82321e-06
-8.2592e-06
-7.7178e-06
-7.19917e-06
-6.70342e-06
-6.2305e-06
-5.7803e-06
-5.35261e-06
-4.94713e-06
-4.56348e-06
-4.20123e-06
-3.85986e-06
-3.5388e-06
-2.71286e-05
-2.66356e-05
-2.61158e-05
-2.5571e-05
-2.50027e-05
-2.44127e-05
-2.38029e-05
-2.3175e-05
-2.25311e-05
-2.1873e-05
-2.12028e-05
-2.05225e-05
-1.98339e-05
-1.91392e-05
-1.84403e-05
-1.77392e-05
-1.70378e-05
-1.63379e-05
-1.56414e-05
-1.495e-05
-1.42655e-05
-1.35893e-05
-1.29232e-05
-1.22684e-05
-1.16264e-05
-1.09984e-05
-1.03855e-05
-9.78881e-06
-9.20924e-06
-8.6476e-06
-8.1046e-06
-7.58083e-06
-7.07678e-06
-6.59281e-06
-6.12921e-06
-5.68611e-06
-5.2636e-06
-4.86161e-06
-4.48004e-06
-4.11865e-06
-3.77717e-06
-3.45522e-06
-3.15238e-06
-2.86815e-06
-2.26085e-05
-2.22508e-05
-2.18657e-05
-2.14545e-05
-2.10186e-05
-2.05597e-05
-2.00795e-05
-1.95795e-05
-1.90617e-05
-1.85278e-05
-1.79796e-05
-1.74191e-05
-1.6848e-05
-1.62683e-05
-1.56819e-05
-1.50906e-05
-1.44963e-05
-1.39007e-05
-1.33056e-05
-1.27129e-05
-1.2124e-05
-1.15405e-05
-1.09641e-05
-1.03962e-05
-9.83803e-06
-9.29095e-06
-8.75612e-06
-8.2346e-06
-7.72738e-06
-7.23532e-06
-6.75918e-06
-6.29962e-06
-5.85719e-06
-5.43233e-06
-5.02537e-06
-4.63656e-06
-4.26603e-06
-3.91382e-06
-3.57988e-06
-3.26407e-06
-2.96619e-06
-2.68593e-06
-2.42296e-06
-2.17685e-06
-1.8056e-05
-1.78307e-05
-1.75773e-05
-1.7297e-05
-1.69912e-05
-1.66612e-05
-1.63086e-05
-1.59349e-05
-1.55417e-05
-1.51306e-05
-1.47035e-05
-1.42619e-05
-1.38077e-05
-1.33427e-05
-1.28685e-05
-1.2387e-05
-1.19e-05
-1.1409e-05
-1.0916e-05
-1.04224e-05
-9.92994e-06
-9.44016e-06
-8.95455e-06
-8.47454e-06
-8.00148e-06
-7.53664e-06
-7.08122e-06
-6.63631e-06
-6.20292e-06
-5.78195e-06
-5.37422e-06
-4.98043e-06
-4.60118e-06
-4.23699e-06
-3.88825e-06
-3.55527e-06
-3.23826e-06
-2.93732e-06
-2.65248e-06
-2.38369e-06
-2.13079e-06
-1.89359e-06
-1.67179e-06
-1.46506e-06
-1.34784e-05
-1.33821e-05
-1.32573e-05
-1.31052e-05
-1.29267e-05
-1.27233e-05
-1.24961e-05
-1.22467e-05
-1.19764e-05
-1.16868e-05
-1.13794e-05
-1.10558e-05
-1.07177e-05
-1.03666e-05
-1.00043e-05
-9.63235e-06
-9.25249e-06
-8.86633e-06
-8.47551e-06
-8.08161e-06
-7.68618e-06
-7.29075e-06
-6.89677e-06
-6.50565e-06
-6.11873e-06
-5.73728e-06
-5.36248e-06
-4.99546e-06
-4.63724e-06
-4.28875e-06
-3.95085e-06
-3.62427e-06
-3.30968e-06
-3.00763e-06
-2.71858e-06
-2.4429e-06
-2.18085e-06
-1.93262e-06
-1.6983e-06
-1.4779e-06
-1.27135e-06
-1.0785e-06
-8.99152e-07
-7.33034e-07
-8.88289e-06
-8.91219e-06
-8.91286e-06
-8.88579e-06
-8.83195e-06
-8.75243e-06
-8.6484e-06
-8.52109e-06
-8.37179e-06
-8.20187e-06
-8.01272e-06
-7.80581e-06
-7.58263e-06
-7.34469e-06
-7.09353e-06
-6.8307e-06
-6.55776e-06
-6.27626e-06
-5.98775e-06
-5.69373e-06
-5.39571e-06
-5.09514e-06
-4.79343e-06
-4.49196e-06
-4.19205e-06
-3.89494e-06
-3.60182e-06
-3.31382e-06
-3.03195e-06
-2.75719e-06
-2.4904e-06
-2.23237e-06
-1.98378e-06
-1.74525e-06
-1.51726e-06
-1.30026e-06
-1.09456e-06
-9.00399e-07
-7.17939e-07
-5.47254e-07
-3.88339e-07
-2.41119e-07
-1.0545e-07
1.88623e-08
-4.27691e-06
-4.42823e-06
-4.55094e-06
-4.64577e-06
-4.71355e-06
-4.75518e-06
-4.77169e-06
-4.76415e-06
-4.7337e-06
-4.68154e-06
-4.60894e-06
-4.51721e-06
-4.40769e-06
-4.28178e-06
-4.1409e-06
-3.98647e-06
-3.81994e-06
-3.64277e-06
-3.45641e-06
-3.26228e-06
-3.06181e-06
-2.8564e-06
-2.64741e-06
-2.43616e-06
-2.22393e-06
-2.01195e-06
-1.80139e-06
-1.59336e-06
-1.38889e-06
-1.18896e-06
-9.94441e-07
-8.06146e-07
-6.24795e-07
-4.51025e-07
-2.85387e-07
-1.28342e-07
1.97297e-08
1.58536e-07
2.87863e-07
4.07577e-07
5.17619e-07
6.18005e-07
7.08811e-07
7.90171e-07
3.32062e-07
6.24418e-08
-1.78783e-07
-3.92187e-07
-5.78427e-07
-7.38274e-07
-8.7258e-07
-9.82269e-07
-1.06833e-06
-1.13181e-06
-1.17383e-06
-1.19556e-06
-1.1982e-06
-1.18301e-06
-1.15128e-06
-1.10433e-06
-1.04348e-06
-9.70081e-07
-8.85482e-07
-7.91032e-07
-6.88067e-07
-5.7791e-07
-4.6186e-07
-3.4119e-07
-2.17133e-07
-9.08831e-08
3.64172e-08
1.63678e-07
2.89872e-07
4.14035e-07
5.35274e-07
6.52771e-07
7.65783e-07
8.73648e-07
9.75784e-07
1.07169e-06
1.16094e-06
1.24321e-06
1.31821e-06
1.38578e-06
1.44578e-06
1.49819e-06
1.54301e-06
1.58032e-06
4.93649e-06
4.55237e-06
4.19628e-06
3.86777e-06
3.56635e-06
3.29139e-06
3.0422e-06
2.81799e-06
2.61794e-06
2.44114e-06
2.28662e-06
2.15335e-06
2.04028e-06
1.94627e-06
1.87017e-06
1.81079e-06
1.76692e-06
1.73732e-06
1.72076e-06
1.71596e-06
1.7217e-06
1.73672e-06
1.75979e-06
1.78972e-06
1.82531e-06
1.86542e-06
1.90895e-06
1.95482e-06
2.00203e-06
2.04964e-06
2.09675e-06
2.14253e-06
2.18624e-06
2.22719e-06
2.26479e-06
2.29849e-06
2.32784e-06
2.35247e-06
2.37206e-06
2.38637e-06
2.39526e-06
2.3986e-06
2.39638e-06
2.38861e-06
9.52874e-06
9.03403e-06
8.56681e-06
8.12678e-06
7.7136e-06
7.32677e-06
6.96574e-06
6.6299e-06
6.31855e-06
6.03092e-06
5.76621e-06
5.52352e-06
5.30194e-06
5.10046e-06
4.91808e-06
4.75372e-06
4.6063e-06
4.4747e-06
4.35777e-06
4.25439e-06
4.16337e-06
4.08358e-06
4.01387e-06
3.95308e-06
3.90012e-06
3.85387e-06
3.81329e-06
3.77734e-06
3.74504e-06
3.71547e-06
3.68775e-06
3.66106e-06
3.63465e-06
3.60782e-06
3.57997e-06
3.55052e-06
3.519e-06
3.48501e-06
3.44818e-06
3.40825e-06
3.365e-06
3.3183e-06
3.26805e-06
3.21422e-06
1.41011e-05
1.34998e-05
1.29253e-05
1.23774e-05
1.1856e-05
1.13607e-05
1.0891e-05
1.04466e-05
1.00268e-05
9.63097e-06
9.25855e-06
8.90874e-06
8.58075e-06
8.27374e-06
7.98681e-06
7.71903e-06
7.46944e-06
7.23703e-06
7.02078e-06
6.81965e-06
6.63259e-06
6.45852e-06
6.2964e-06
6.14515e-06
6.00373e-06
5.87111e-06
5.74627e-06
5.62825e-06
5.51609e-06
5.4089e-06
5.30583e-06
5.20606e-06
5.10886e-06
5.01353e-06
4.91945e-06
4.82604e-06
4.73281e-06
4.63931e-06
4.54518e-06
4.4501e-06
4.35382e-06
4.25616e-06
4.15698e-06
4.05621e-06
1.8646e-05
1.79421e-05
1.72642e-05
1.66123e-05
1.59862e-05
1.53858e-05
1.48109e-05
1.42609e-05
1.37357e-05
1.32345e-05
1.27571e-05
1.23026e-05
1.18705e-05
1.146e-05
1.10705e-05
1.07011e-05
1.03509e-05
1.00191e-05
9.70472e-06
9.40691e-06
9.1247e-06
8.85711e-06
8.60317e-06
8.3619e-06
8.13234e-06
7.91351e-06
7.70448e-06
7.50432e-06
7.31213e-06
7.12706e-06
6.94827e-06
6.77499e-06
6.60649e-06
6.44209e-06
6.28115e-06
6.12311e-06
5.96744e-06
5.8137e-06
5.66149e-06
5.51046e-06
5.36034e-06
5.21091e-06
5.062e-06
4.91348e-06
2.31555e-05
2.23531e-05
2.15758e-05
2.08236e-05
2.00967e-05
1.93948e-05
1.8718e-05
1.80658e-05
1.74382e-05
1.68347e-05
1.62549e-05
1.56985e-05
1.51647e-05
1.46531e-05
1.41631e-05
1.36939e-05
1.32449e-05
1.28153e-05
1.24043e-05
1.20111e-05
1.16348e-05
1.12746e-05
1.09297e-05
1.0599e-05
1.02818e-05
9.97719e-06
9.68422e-06
9.40205e-06
9.12985e-06
8.86681e-06
8.61213e-06
8.36508e-06
8.12494e-06
7.89104e-06
7.66277e-06
7.43956e-06
7.22088e-06
7.00628e-06
6.79533e-06
6.58769e-06
6.38304e-06
6.18113e-06
5.98176e-06
5.78477e-06
2.7622e-05
2.67252e-05
2.58524e-05
2.50039e-05
2.41798e-05
2.33801e-05
2.26049e-05
2.1854e-05
2.11272e-05
2.04244e-05
1.97453e-05
1.90896e-05
1.84568e-05
1.78465e-05
1.72582e-05
1.66915e-05
1.61456e-05
1.562e-05
1.51139e-05
1.46268e-05
1.41578e-05
1.37062e-05
1.32712e-05
1.2852e-05
1.24479e-05
1.2058e-05
1.16815e-05
1.13177e-05
1.09657e-05
1.06248e-05
1.02942e-05
9.97329e-06
9.66133e-06
9.35769e-06
9.06177e-06
8.77301e-06
8.49089e-06
8.21495e-06
7.94475e-06
7.67994e-06
7.42018e-06
7.1652e-06
6.91477e-06
6.6687e-06
3.20376e-05
3.10505e-05
3.00863e-05
2.91454e-05
2.8228e-05
2.73342e-05
2.64641e-05
2.56179e-05
2.47953e-05
2.39964e-05
2.3221e-05
2.24689e-05
2.17399e-05
2.10335e-05
2.03495e-05
1.96874e-05
1.90468e-05
1.84271e-05
1.78278e-05
1.72484e-05
1.66882e-05
1.61465e-05
1.56227e-05
1.5116e-05
1.46259e-05
1.41515e-05
1.36922e-05
1.32472e-05
1.28158e-05
1.23973e-05
1.1991e-05
1.15964e-05
1.12126e-05
1.08391e-05
1.04754e-05
1.01209e-05
9.77502e-06
9.4374e-06
9.10758e-06
8.78518e-06
8.46986e-06
8.16134e-06
7.85936e-06
7.5637e-06
3.63945e-05
3.53212e-05
3.42697e-05
3.32403e-05
3.22334e-05
3.12493e-05
3.02881e-05
2.935e-05
2.84351e-05
2.75434e-05
2.66749e-05
2.58294e-05
2.5007e-05
2.42073e-05
2.34301e-05
2.26751e-05
2.19421e-05
2.12305e-05
2.054e-05
1.98701e-05
1.92203e-05
1.85901e-05
1.79788e-05
1.7386e-05
1.68109e-05
1.62531e-05
1.57117e-05
1.51863e-05
1.46761e-05
1.41805e-05
1.36989e-05
1.32307e-05
1.27753e-05
1.23321e-05
1.19006e-05
1.14803e-05
1.10706e-05
1.06711e-05
1.02814e-05
9.90117e-06
9.52999e-06
9.16758e-06
8.81367e-06
8.46803e-06
4.0685e-05
3.95295e-05
3.83947e-05
3.72808e-05
3.61883e-05
3.51176e-05
3.4069e-05
3.30427e-05
3.20389e-05
3.10578e-05
3.00994e-05
2.91638e-05
2.8251e-05
2.73608e-05
2.64932e-05
2.56479e-05
2.48249e-05
2.40237e-05
2.32441e-05
2.24858e-05
2.17483e-05
2.10313e-05
2.03342e-05
1.96566e-05
1.89979e-05
1.83577e-05
1.77354e-05
1.71304e-05
1.65422e-05
1.59702e-05
1.54139e-05
1.48727e-05
1.4346e-05
1.38333e-05
1.33342e-05
1.28482e-05
1.23747e-05
1.19133e-05
1.14637e-05
1.10255e-05
1.05982e-05
1.01817e-05
9.77567e-06
9.37978e-06
4.4901e-05
4.36676e-05
4.24534e-05
4.1259e-05
4.00848e-05
3.89314e-05
3.77991e-05
3.66883e-05
3.55992e-05
3.45321e-05
3.34872e-05
3.24646e-05
3.14645e-05
3.04868e-05
2.95316e-05
2.85988e-05
2.76884e-05
2.68001e-05
2.59338e-05
2.50892e-05
2.42661e-05
2.34641e-05
2.26829e-05
2.19221e-05
2.11814e-05
2.04602e-05
1.97581e-05
1.90748e-05
1.84095e-05
1.7762e-05
1.71317e-05
1.65181e-05
1.59207e-05
1.53391e-05
1.47727e-05
1.42212e-05
1.36841e-05
1.31611e-05
1.26516e-05
1.21554e-05
1.16721e-05
1.12015e-05
1.07431e-05
1.02969e-05
4.90349e-05
4.77275e-05
4.6438e-05
4.5167e-05
4.3915e-05
4.26827e-05
4.14705e-05
4.02788e-05
3.91079e-05
3.79584e-05
3.68304e-05
3.57242e-05
3.464e-05
3.35779e-05
3.25381e-05
3.15207e-05
3.05256e-05
2.95527e-05
2.86022e-05
2.76737e-05
2.67671e-05
2.58823e-05
2.5019e-05
2.41769e-05
2.33557e-05
2.25551e-05
2.17747e-05
2.10142e-05
2.02732e-05
1.95512e-05
1.88478e-05
1.81627e-05
1.74953e-05
1.68453e-05
1.62123e-05
1.55959e-05
1.49956e-05
1.44111e-05
1.38421e-05
1.32881e-05
1.27489e-05
1.22242e-05
1.17136e-05
1.1217e-05
5.30787e-05
5.17013e-05
5.03404e-05
4.89967e-05
4.76709e-05
4.63635e-05
4.50751e-05
4.38062e-05
4.25573e-05
4.13289e-05
4.01212e-05
3.89348e-05
3.77698e-05
3.66266e-05
3.55053e-05
3.44061e-05
3.33292e-05
3.22746e-05
3.12424e-05
3.02325e-05
2.92449e-05
2.82795e-05
2.73361e-05
2.64147e-05
2.55149e-05
2.46367e-05
2.37796e-05
2.29435e-05
2.2128e-05
2.13328e-05
2.05575e-05
1.98019e-05
1.90655e-05
1.8348e-05
1.76491e-05
1.69684e-05
1.63055e-05
1.56601e-05
1.50319e-05
1.44205e-05
1.38257e-05
1.32472e-05
1.26846e-05
1.21377e-05
5.70244e-05
5.5581e-05
5.41527e-05
5.27402e-05
5.13443e-05
4.99657e-05
4.86049e-05
4.72626e-05
4.59393e-05
4.46355e-05
4.33518e-05
4.20886e-05
4.08462e-05
3.9625e-05
3.84254e-05
3.72476e-05
3.60919e-05
3.49584e-05
3.38472e-05
3.27586e-05
3.16924e-05
3.06489e-05
2.96278e-05
2.86292e-05
2.76529e-05
2.66989e-05
2.5767e-05
2.48569e-05
2.39685e-05
2.31015e-05
2.22557e-05
2.14308e-05
2.06266e-05
1.98426e-05
1.90787e-05
1.83346e-05
1.76098e-05
1.69042e-05
1.62175e-05
1.55493e-05
1.48993e-05
1.42673e-05
1.36531e-05
1.30563e-05
6.08641e-05
5.93585e-05
5.78666e-05
5.63892e-05
5.49271e-05
5.3481e-05
5.20516e-05
5.06396e-05
4.92456e-05
4.78702e-05
4.65139e-05
4.51774e-05
4.3861e-05
4.25653e-05
4.12907e-05
4.00374e-05
3.8806e-05
3.75965e-05
3.64094e-05
3.52447e-05
3.41028e-05
3.29836e-05
3.18872e-05
3.08138e-05
2.97632e-05
2.87356e-05
2.77307e-05
2.67486e-05
2.57891e-05
2.4852e-05
2.39372e-05
2.30445e-05
2.21737e-05
2.13245e-05
2.04968e-05
1.96902e-05
1.89046e-05
1.81397e-05
1.73951e-05
1.66708e-05
1.59663e-05
1.52815e-05
1.46161e-05
1.39698e-05
6.45897e-05
6.30257e-05
6.1474e-05
5.99355e-05
5.8411e-05
5.69012e-05
5.5407e-05
5.3929e-05
5.2468e-05
5.10246e-05
4.95994e-05
4.81931e-05
4.68063e-05
4.54394e-05
4.4093e-05
4.27676e-05
4.14636e-05
4.01814e-05
3.89212e-05
3.76835e-05
3.64685e-05
3.52764e-05
3.41073e-05
3.29616e-05
3.18391e-05
3.07401e-05
2.96646e-05
2.86124e-05
2.75838e-05
2.65784e-05
2.55964e-05
2.46375e-05
2.37016e-05
2.27887e-05
2.18984e-05
2.10307e-05
2.01854e-05
1.93621e-05
1.85608e-05
1.77812e-05
1.70231e-05
1.62862e-05
1.55704e-05
1.48753e-05
6.8193e-05
6.65744e-05
6.49667e-05
6.33708e-05
6.17876e-05
6.02179e-05
5.86626e-05
5.71223e-05
5.55979e-05
5.40902e-05
5.25997e-05
5.11273e-05
4.96734e-05
4.82389e-05
4.68243e-05
4.543e-05
4.40568e-05
4.27049e-05
4.13749e-05
4.00671e-05
3.8782e-05
3.75199e-05
3.62809e-05
3.50655e-05
3.38737e-05
3.27058e-05
3.15619e-05
3.0442e-05
2.93463e-05
2.82747e-05
2.72274e-05
2.62042e-05
2.5205e-05
2.42299e-05
2.32787e-05
2.23513e-05
2.14475e-05
2.05673e-05
1.97104e-05
1.88767e-05
1.80659e-05
1.72779e-05
1.65125e-05
1.57694e-05
7.16659e-05
6.99962e-05
6.83362e-05
6.66866e-05
6.50484e-05
6.34225e-05
6.18098e-05
6.02109e-05
5.86269e-05
5.70584e-05
5.55063e-05
5.39713e-05
5.24541e-05
5.09554e-05
4.9476e-05
4.80164e-05
4.65772e-05
4.5159e-05
4.37623e-05
4.23877e-05
4.10356e-05
3.97063e-05
3.84004e-05
3.71181e-05
3.58597e-05
3.46255e-05
3.34158e-05
3.22306e-05
3.10702e-05
2.99347e-05
2.88241e-05
2.77386e-05
2.66781e-05
2.56427e-05
2.46322e-05
2.36468e-05
2.26862e-05
2.17504e-05
2.08393e-05
1.99527e-05
1.90906e-05
1.82526e-05
1.74387e-05
1.66486e-05
7.49998e-05
7.32827e-05
7.15739e-05
6.98743e-05
6.81848e-05
6.65063e-05
6.48398e-05
6.31861e-05
6.1546e-05
5.99205e-05
5.83104e-05
5.67165e-05
5.51395e-05
5.35803e-05
5.20395e-05
5.0518e-05
4.90163e-05
4.75352e-05
4.60753e-05
4.4637e-05
4.32211e-05
4.18279e-05
4.0458e-05
3.91118e-05
3.77897e-05
3.64921e-05
3.52192e-05
3.39713e-05
3.27487e-05
3.15517e-05
3.03802e-05
2.92346e-05
2.81149e-05
2.70212e-05
2.59535e-05
2.49119e-05
2.38962e-05
2.29066e-05
2.19428e-05
2.10049e-05
2.00928e-05
1.92062e-05
1.83451e-05
1.75092e-05
7.81863e-05
7.64252e-05
7.46712e-05
7.2925e-05
7.11878e-05
6.94604e-05
6.77437e-05
6.60388e-05
6.43464e-05
6.26675e-05
6.1003e-05
5.93538e-05
5.77207e-05
5.61045e-05
5.45061e-05
5.29262e-05
5.13656e-05
4.9825e-05
4.83052e-05
4.68067e-05
4.53303e-05
4.38764e-05
4.24458e-05
4.10388e-05
3.9656e-05
3.82978e-05
3.69646e-05
3.56569e-05
3.43748e-05
3.31188e-05
3.18891e-05
3.06858e-05
2.95093e-05
2.83595e-05
2.72367e-05
2.61409e-05
2.50722e-05
2.40306e-05
2.3016e-05
2.20285e-05
2.1068e-05
2.01344e-05
1.92275e-05
1.83473e-05
8.12165e-05
7.94149e-05
7.7619e-05
7.58299e-05
7.40484e-05
7.22756e-05
7.05124e-05
6.87598e-05
6.70187e-05
6.52901e-05
6.3575e-05
6.18741e-05
6.01885e-05
5.8519e-05
5.68665e-05
5.52319e-05
5.3616e-05
5.20195e-05
5.04433e-05
4.88881e-05
4.73545e-05
4.58434e-05
4.43553e-05
4.28908e-05
4.14505e-05
4.00349e-05
3.86445e-05
3.72798e-05
3.59412e-05
3.46291e-05
3.33438e-05
3.20855e-05
3.08546e-05
2.96513e-05
2.84758e-05
2.73281e-05
2.62085e-05
2.5117e-05
2.40537e-05
2.30185e-05
2.20115e-05
2.10325e-05
2.00816e-05
1.91586e-05
8.40814e-05
8.22426e-05
8.04083e-05
7.85795e-05
7.67573e-05
7.49426e-05
7.31365e-05
7.13398e-05
6.95537e-05
6.7779e-05
6.60168e-05
6.4268e-05
6.25335e-05
6.08144e-05
5.91116e-05
5.74259e-05
5.57582e-05
5.41095e-05
5.24805e-05
5.08721e-05
4.92851e-05
4.77201e-05
4.6178e-05
4.46594e-05
4.31649e-05
4.16952e-05
4.02509e-05
3.88324e-05
3.74403e-05
3.60751e-05
3.4737e-05
3.34266e-05
3.21442e-05
3.089e-05
2.96643e-05
2.84674e-05
2.72993e-05
2.61602e-05
2.50503e-05
2.39696e-05
2.29181e-05
2.18959e-05
2.09028e-05
1.99388e-05
8.67717e-05
8.48989e-05
8.30295e-05
8.11645e-05
7.93049e-05
7.74519e-05
7.56062e-05
7.37691e-05
7.19415e-05
7.01243e-05
6.83187e-05
6.65256e-05
6.47461e-05
6.29811e-05
6.12316e-05
5.94985e-05
5.77829e-05
5.60857e-05
5.44076e-05
5.27497e-05
5.11128e-05
4.94977e-05
4.79051e-05
4.63359e-05
4.47908e-05
4.32705e-05
4.17755e-05
4.03066e-05
3.88643e-05
3.74491e-05
3.60615e-05
3.4702e-05
3.3371e-05
3.20688e-05
3.07958e-05
2.95522e-05
2.83383e-05
2.71542e-05
2.60002e-05
2.48764e-05
2.37828e-05
2.27194e-05
2.16863e-05
2.06834e-05
8.92777e-05
8.7374e-05
8.54728e-05
8.35748e-05
8.16813e-05
7.97933e-05
7.79117e-05
7.60376e-05
7.41721e-05
7.23161e-05
7.04708e-05
6.86371e-05
6.68162e-05
6.5009e-05
6.32167e-05
6.14401e-05
5.96803e-05
5.79382e-05
5.62149e-05
5.45113e-05
5.28283e-05
5.11667e-05
4.95275e-05
4.79114e-05
4.63193e-05
4.47519e-05
4.32099e-05
4.1694e-05
4.02049e-05
3.87432e-05
3.73094e-05
3.59041e-05
3.45276e-05
3.31806e-05
3.18632e-05
3.0576e-05
2.93191e-05
2.80929e-05
2.68975e-05
2.57331e-05
2.45999e-05
2.34979e-05
2.24271e-05
2.13875e-05
9.15893e-05
8.96579e-05
8.77279e-05
8.58004e-05
8.38762e-05
8.19566e-05
8.00425e-05
7.81349e-05
7.62351e-05
7.43439e-05
7.24626e-05
7.05921e-05
6.87335e-05
6.6888e-05
6.50566e-05
6.32403e-05
6.14402e-05
5.96573e-05
5.78926e-05
5.61471e-05
5.44219e-05
5.27177e-05
5.10357e-05
4.93765e-05
4.77412e-05
4.61305e-05
4.45453e-05
4.29862e-05
4.14539e-05
3.99493e-05
3.84728e-05
3.70251e-05
3.56066e-05
3.4218e-05
3.28596e-05
3.15319e-05
3.02352e-05
2.89698e-05
2.7736e-05
2.65339e-05
2.53638e-05
2.42258e-05
2.312e-05
2.20463e-05
9.36959e-05
9.17398e-05
8.97843e-05
8.78303e-05
8.58788e-05
8.3931e-05
8.19878e-05
8.00503e-05
7.81197e-05
7.6197e-05
7.42833e-05
7.23797e-05
7.04874e-05
6.86073e-05
6.67407e-05
6.48886e-05
6.30521e-05
6.12323e-05
5.94303e-05
5.7647e-05
5.58835e-05
5.41408e-05
5.24199e-05
5.07218e-05
4.90472e-05
4.73972e-05
4.57726e-05
4.41741e-05
4.26026e-05
4.10588e-05
3.95434e-05
3.80569e-05
3.66002e-05
3.51736e-05
3.37776e-05
3.24129e-05
3.10797e-05
2.97783e-05
2.85093e-05
2.72726e-05
2.60687e-05
2.48976e-05
2.37595e-05
2.26544e-05
9.55864e-05
9.36087e-05
9.16307e-05
8.96534e-05
8.76779e-05
8.57052e-05
8.37364e-05
8.17725e-05
7.98147e-05
7.78641e-05
7.59218e-05
7.39889e-05
7.20666e-05
7.01559e-05
6.82581e-05
6.63742e-05
6.45054e-05
6.26528e-05
6.08174e-05
5.90004e-05
5.72029e-05
5.54258e-05
5.36702e-05
5.19372e-05
5.02275e-05
4.85423e-05
4.68824e-05
4.52487e-05
4.36419e-05
4.2063e-05
4.05126e-05
3.89914e-05
3.75001e-05
3.60394e-05
3.46096e-05
3.32115e-05
3.18454e-05
3.05117e-05
2.92107e-05
2.79429e-05
2.67084e-05
2.55075e-05
2.43402e-05
2.32066e-05
9.7249e-05
9.52527e-05
9.32553e-05
9.12579e-05
8.92616e-05
8.72674e-05
8.52764e-05
8.32897e-05
8.13083e-05
7.93335e-05
7.73664e-05
7.5408e-05
7.34596e-05
7.15223e-05
6.95973e-05
6.76857e-05
6.57887e-05
6.39074e-05
6.2043e-05
6.01966e-05
5.83692e-05
5.65621e-05
5.47761e-05
5.30125e-05
5.12721e-05
4.9556e-05
4.78652e-05
4.62004e-05
4.45627e-05
4.29529e-05
4.13717e-05
3.98199e-05
3.82983e-05
3.68074e-05
3.53478e-05
3.39202e-05
3.2525e-05
3.11627e-05
2.98337e-05
2.85382e-05
2.72767e-05
2.60493e-05
2.48561e-05
2.36974e-05
9.86713e-05
9.66593e-05
9.46456e-05
9.26313e-05
9.06175e-05
8.86052e-05
8.65954e-05
8.45894e-05
8.25882e-05
8.05929e-05
7.86047e-05
7.66248e-05
7.46543e-05
7.26945e-05
7.07464e-05
6.88113e-05
6.68904e-05
6.49848e-05
6.30957e-05
6.12242e-05
5.93715e-05
5.75387e-05
5.57269e-05
5.39372e-05
5.21706e-05
5.04281e-05
4.87108e-05
4.70196e-05
4.53555e-05
4.37192e-05
4.21117e-05
4.05337e-05
3.8986e-05
3.74692e-05
3.59841e-05
3.45312e-05
3.31111e-05
3.17242e-05
3.0371e-05
2.90519e-05
2.77671e-05
2.65169e-05
2.53015e-05
2.41211e-05
9.98399e-05
9.78152e-05
9.57884e-05
9.37604e-05
9.17323e-05
8.97053e-05
8.76803e-05
8.56586e-05
8.36412e-05
8.16293e-05
7.9624e-05
7.76266e-05
7.56381e-05
7.36599e-05
7.1693e-05
6.97388e-05
6.77983e-05
6.58728e-05
6.39635e-05
6.20716e-05
6.01981e-05
5.83443e-05
5.65114e-05
5.47003e-05
5.29122e-05
5.11481e-05
4.94092e-05
4.76962e-05
4.60103e-05
4.43524e-05
4.27232e-05
4.11236e-05
3.95545e-05
3.80165e-05
3.65104e-05
3.50366e-05
3.3596e-05
3.21888e-05
3.08157e-05
2.94769e-05
2.8173e-05
2.6904e-05
2.56703e-05
2.44719e-05
0.000100741
9.87062e-05
9.66693e-05
9.46309e-05
9.2592e-05
9.05537e-05
8.85172e-05
8.64835e-05
8.44537e-05
8.24291e-05
8.04108e-05
7.83999e-05
7.63977e-05
7.44054e-05
7.24241e-05
7.04552e-05
6.84997e-05
6.6559e-05
6.46342e-05
6.27265e-05
6.08372e-05
5.89673e-05
5.7118e-05
5.52905e-05
5.34859e-05
5.17052e-05
4.99495e-05
4.82199e-05
4.65172e-05
4.48425e-05
4.31967e-05
4.15805e-05
3.99948e-05
3.84405e-05
3.6918e-05
3.54283e-05
3.39717e-05
3.25489e-05
3.11604e-05
2.98065e-05
2.84877e-05
2.72041e-05
2.59562e-05
2.4744e-05
0.000101358
9.93171e-05
9.72734e-05
9.52279e-05
9.31816e-05
9.11357e-05
8.90913e-05
8.70494e-05
8.50113e-05
8.2978e-05
8.09507e-05
7.89307e-05
7.69191e-05
7.49172e-05
7.29261e-05
7.09471e-05
6.89815e-05
6.70303e-05
6.5095e-05
6.31765e-05
6.12763e-05
5.93954e-05
5.7535e-05
5.56963e-05
5.38803e-05
5.20883e-05
5.03211e-05
4.858e-05
4.68659e-05
4.51797e-05
4.35224e-05
4.18948e-05
4.02979e-05
3.87322e-05
3.71986e-05
3.56978e-05
3.42304e-05
3.27968e-05
3.13977e-05
3.00334e-05
2.87044e-05
2.74109e-05
2.61532e-05
2.49314e-05
0.000101676
9.96313e-05
9.7584e-05
9.55349e-05
9.34849e-05
9.14351e-05
8.93866e-05
8.73405e-05
8.52981e-05
8.32604e-05
8.12285e-05
7.92038e-05
7.71875e-05
7.51806e-05
7.31845e-05
7.12004e-05
6.92295e-05
6.7273e-05
6.53322e-05
6.34083e-05
6.15024e-05
5.96159e-05
5.77498e-05
5.59053e-05
5.40835e-05
5.22856e-05
5.05126e-05
4.87656e-05
4.70456e-05
4.53535e-05
4.36903e-05
4.20569e-05
4.0454e-05
3.88826e-05
3.73433e-05
3.58368e-05
3.43637e-05
3.29246e-05
3.152e-05
3.01504e-05
2.88161e-05
2.75175e-05
2.62547e-05
2.50281e-05
)
;

boundaryField
{
    down
    {
        type            symmetryPlane;
    }
    right
    {
        type            fixedValue;
        value           nonuniform List<scalar> 0();
    }
    up
    {
        type            symmetryPlane;
    }
    left
    {
        type            zeroGradient;
    }
    cylinder
    {
        type            zeroGradient;
    }
    frontAndBack
    {
        type            empty;
    }
    procBoundary10to5
    {
        type            processor;
        value           nonuniform List<scalar> 2(-0.00051357 -0.000493817);
    }
    procBoundary10to6
    {
        type            processor;
        value           nonuniform List<scalar> 
72
(
-0.00012944
-0.000123796
-0.000118363
-0.000113139
-0.000108453
-0.000108453
-0.00010365
-9.90378e-05
-9.46107e-05
-9.03649e-05
-8.62959e-05
-8.23986e-05
-7.86682e-05
-7.50992e-05
-7.16865e-05
-6.84245e-05
-6.53077e-05
-6.23306e-05
-5.94877e-05
-5.67734e-05
-5.41824e-05
-5.17092e-05
-4.93485e-05
-4.70951e-05
-4.4944e-05
-4.28902e-05
-4.09288e-05
-3.90552e-05
-3.72649e-05
-3.55537e-05
-3.39173e-05
-3.2352e-05
-3.0854e-05
-2.94199e-05
-2.80464e-05
-2.67304e-05
-2.54689e-05
-2.42594e-05
-2.30992e-05
-2.1986e-05
-2.09176e-05
-1.9892e-05
-1.89073e-05
-1.79617e-05
-1.70535e-05
-0.000509219
-0.000485509
-0.000462452
-0.000440112
-0.000418537
-0.000397762
-0.000377812
-0.000358702
-0.000340438
-0.000323019
-0.000306436
-0.000290675
-0.000275717
-0.000261542
-0.000248123
-0.000235433
-0.000223444
-0.000212127
-0.00020145
-0.000191383
-0.000181895
-0.000172958
-0.00016454
-0.000156614
-0.000149151
-0.000142126
-0.000135511
)
;
    }
    procBoundary10to9
    {
        type            processor;
        value           nonuniform List<scalar> 
73
(
-0.000474293
-0.000455041
-0.000436095
-0.000417486
-0.000399236
-0.000381364
-0.000363885
-0.000346809
-0.000330144
-0.000313894
-0.000298063
-0.000282649
-0.000267652
-0.000253068
-0.000238894
-0.000225124
-0.000211751
-0.00019877
-0.000186429
-0.000174577
-0.000162844
-0.000151236
-0.000139762
-0.000128429
-0.000117243
-0.000106212
-9.53417e-05
-8.46372e-05
-7.41043e-05
-6.37478e-05
-5.35724e-05
-4.35824e-05
-3.37818e-05
-2.41741e-05
-1.47627e-05
-5.55075e-06
3.45902e-06
1.22641e-05
2.08622e-05
2.92514e-05
3.74297e-05
4.53957e-05
5.31477e-05
6.06846e-05
6.80052e-05
7.51085e-05
8.19935e-05
8.86594e-05
9.51054e-05
0.000101331
0.000107334
0.000113115
0.000118673
0.000124006
0.000129114
0.000133995
0.000138648
0.00014307
0.00014726
0.000151215
0.000154932
0.000158408
0.000161638
0.000164619
0.000167345
0.000169809
0.000172005
0.000173924
0.000175556
0.000176892
0.000177917
0.000178618
0.000178978
)
;
    }
    procBoundary10to11
    {
        type            processor;
        value           nonuniform List<scalar> 
74
(
-1.59864e-05
-1.57825e-05
-1.55695e-05
-1.53473e-05
-1.51159e-05
-1.48751e-05
-1.46249e-05
-1.43653e-05
-1.40963e-05
-1.38178e-05
-1.35298e-05
-1.32325e-05
-1.29258e-05
-1.26097e-05
-1.22844e-05
-1.19499e-05
-1.16064e-05
-1.12539e-05
-1.08926e-05
-1.05302e-05
-1.0164e-05
-9.78233e-06
-9.38485e-06
-8.97108e-06
-8.54059e-06
-8.09296e-06
-7.62781e-06
-7.14475e-06
-6.64343e-06
-6.12355e-06
-5.58482e-06
-5.02701e-06
-4.44992e-06
-3.85343e-06
-3.23746e-06
-2.60201e-06
-1.94714e-06
-1.273e-06
-5.79814e-07
1.32089e-07
8.6229e-07
1.61026e-06
2.37537e-06
3.15686e-06
3.95384e-06
4.7653e-06
5.59007e-06
6.42686e-06
7.2742e-06
8.13046e-06
8.99386e-06
9.86242e-06
1.0734e-05
1.16062e-05
1.24767e-05
1.33425e-05
1.42008e-05
1.50485e-05
1.58823e-05
1.66985e-05
1.74935e-05
1.82634e-05
1.90039e-05
1.97107e-05
2.03792e-05
2.10047e-05
2.15823e-05
2.21069e-05
2.25732e-05
2.29757e-05
2.33091e-05
2.35677e-05
2.37458e-05
2.38377e-05
)
;
    }
}


// ************************************************************************* //
