/*--------------------------------*- C++ -*----------------------------------*\
| =========                 |                                                 |
| \\      /  F ield         | OpenFOAM: The Open Source CFD Toolbox           |
|  \\    /   O peration     | Version:  2412                                  |
|   \\  /    A nd           | Website:  www.openfoam.com                      |
|    \\/     M anipulation  |                                                 |
\*---------------------------------------------------------------------------*/
FoamFile
{
    version     2.0;
    format      ascii;
    arch        "LSB;label=32;scalar=64";
    class       volScalarField;
    location    "3.5";
    object      p;
}
// * * * * * * * * * * * * * * * * * * * * * * * * * * * * * * * * * * * * * //

dimensions      [0 2 -2 0 0 0 0];

internalField   nonuniform List<scalar> 
5285
(
0.00137799
0.00137915
0.00138002
0.00138058
0.00138078
0.0013806
0.00137999
0.00137892
0.00137735
0.00137522
0.00137248
0.0013691
0.001365
0.00136013
0.00135443
0.00134783
0.00136126
0.0013619
0.00136223
0.00136223
0.00136187
0.00136111
0.00135992
0.00135826
0.00135608
0.00135334
0.00134999
0.00134599
0.00134128
0.00133581
0.00132951
0.00132233
0.00134479
0.00134493
0.00134475
0.00134423
0.00134334
0.00134204
0.0013403
0.00133808
0.00133534
0.00133204
0.00132813
0.00132356
0.0013183
0.00131227
0.00130543
0.00129772
0.0013286
0.00132826
0.00132759
0.00132658
0.00132519
0.00132338
0.00132113
0.00131839
0.00131513
0.00131131
0.00130688
0.00130181
0.00129603
0.0012895
0.00128218
0.001274
0.00131268
0.00131189
0.00131077
0.0013093
0.00130743
0.00130515
0.00130242
0.0012992
0.00129546
0.00129116
0.00128626
0.00128071
0.00127448
0.0012675
0.00125974
0.00125115
0.00129706
0.00129584
0.00129429
0.00129238
0.00129008
0.00128735
0.00128418
0.00128052
0.00127633
0.00127159
0.00126626
0.00126028
0.00125363
0.00124625
0.0012381
0.00122914
0.00128173
0.00128011
0.00127816
0.00127584
0.00127313
0.00126999
0.0012664
0.00126233
0.00125774
0.00125259
0.00124686
0.0012405
0.00123347
0.00122573
0.00121724
0.00120796
0.0012667
0.00126471
0.00126238
0.00125968
0.00125658
0.00125306
0.00124909
0.00124464
0.00123967
0.00123416
0.00122807
0.00122136
0.00121399
0.00120594
0.00119715
0.00118759
0.00125199
0.00124964
0.00124695
0.00124389
0.00124044
0.00123657
0.00123224
0.00122744
0.00122214
0.00121629
0.00120987
0.00120285
0.00119518
0.00118684
0.00117779
0.00116799
0.00123758
0.0012349
0.00123188
0.00122849
0.00122471
0.00122051
0.00121586
0.00121074
0.00120512
0.00119897
0.00119225
0.00118495
0.00117702
0.00116843
0.00115915
0.00114915
0.00122349
0.0012205
0.00121717
0.00121347
0.00120938
0.00120487
0.00119993
0.00119452
0.00118861
0.00118218
0.00117521
0.00116765
0.00115949
0.00115069
0.00114121
0.00113104
0.00120971
0.00120643
0.00120281
0.00119883
0.00119445
0.00118967
0.00118445
0.00117877
0.00117261
0.00116593
0.00115872
0.00115094
0.00114258
0.00113359
0.00112395
0.00111363
0.00119624
0.0011927
0.00118881
0.00118456
0.00117992
0.00117488
0.00116941
0.00116349
0.0011571
0.0011502
0.00114278
0.00113481
0.00112626
0.00111711
0.00110734
0.00109691
0.00118309
0.0011793
0.00117516
0.00117066
0.00116579
0.00116051
0.00115481
0.00114867
0.00114207
0.00113497
0.00112737
0.00111923
0.00111053
0.00110125
0.00109136
0.00108084
0.00117026
0.00116623
0.00116186
0.00115714
0.00115204
0.00114655
0.00114065
0.00113431
0.00112751
0.00112025
0.00111248
0.00110419
0.00109536
0.00108597
0.00107599
0.0010654
0.00115773
0.00115348
0.00114891
0.00114398
0.00113868
0.00113299
0.0011269
0.00112038
0.00111342
0.001106
0.00109809
0.00108968
0.00108074
0.00107126
0.00106121
0.00105057
0.00114551
0.00114107
0.00113629
0.00113117
0.00112569
0.00111982
0.00111356
0.00110689
0.00109978
0.00109222
0.00108419
0.00107567
0.00106665
0.00105709
0.00104699
0.00103633
0.0011336
0.00112897
0.00112401
0.00111872
0.00111307
0.00110705
0.00110063
0.00109382
0.00108658
0.0010789
0.00107077
0.00106216
0.00105306
0.00104345
0.00103332
0.00102265
0.00112199
0.00111719
0.00111207
0.00110661
0.00110081
0.00109464
0.0010881
0.00108116
0.0010738
0.00106603
0.0010578
0.00104912
0.00103997
0.00103033
0.00102018
0.00100951
0.00111067
0.00110572
0.00110045
0.00109485
0.00108891
0.00108261
0.00107595
0.0010689
0.00106145
0.00105358
0.00104529
0.00103655
0.00102736
0.00101769
0.00100754
0.000996884
0.00114237
0.0013175
0.00114294
0.00123408
0.00121302
0.00120882
0.00121632
0.00121666
0.00121809
0.00114008
0.00131517
0.00114062
0.00123172
0.00121062
0.00120637
0.00121381
0.00121408
0.00121544
0.00121777
0.00122003
0.00122246
0.00122511
0.00122793
0.00123092
0.00123406
0.00123736
0.00124078
0.00124434
0.00124802
0.00125181
0.0012557
0.00125968
0.00126374
0.00126788
0.00127209
0.00127635
0.00128066
0.001285
0.00128937
0.00129376
0.00129816
0.00130255
0.00130693
0.00131128
0.00131561
0.00131988
0.0013241
0.00132826
0.00133233
0.00133632
0.0013402
0.00134398
0.00134763
0.00135114
0.00135452
0.00135773
0.00136078
0.00136366
0.00136634
0.00136883
0.00137111
0.00137317
0.001375
0.0013766
0.00113775
0.0013128
0.00113825
0.00122932
0.00120817
0.00120387
0.00121125
0.00121146
0.00121274
0.00121499
0.00121716
0.00121948
0.00122203
0.00122474
0.0012276
0.00123061
0.00123376
0.00123704
0.00124043
0.00124394
0.00124755
0.00125125
0.00125503
0.00125889
0.00126281
0.00126678
0.00127081
0.00127486
0.00127895
0.00128305
0.00128716
0.00129126
0.00129535
0.00129942
0.00130345
0.00130744
0.00131138
0.00131524
0.00131903
0.00132273
0.00132633
0.00132982
0.00133319
0.00133643
0.00133953
0.00134247
0.00134525
0.00134785
0.00135027
0.0013525
0.00135452
0.00135633
0.00135791
0.00135926
0.00136037
0.00113537
0.00131039
0.00113584
0.00122687
0.00120567
0.00120134
0.00120865
0.00120879
0.00121
0.00121216
0.00121424
0.00121647
0.0012189
0.00122149
0.00122423
0.00122711
0.00123011
0.00123324
0.00123648
0.00123981
0.00124324
0.00124675
0.00125034
0.00125398
0.00125769
0.00126144
0.00126522
0.00126903
0.00127286
0.00127669
0.00128052
0.00128434
0.00128813
0.00129189
0.0012956
0.00129926
0.00130286
0.00130638
0.00130981
0.00131314
0.00131637
0.00131947
0.00132245
0.00132529
0.00132797
0.0013305
0.00133285
0.00133503
0.00133701
0.00133879
0.00134036
0.00134172
0.00134284
0.00134374
0.00134438
0.00113296
0.00130793
0.00113339
0.00122439
0.00120314
0.00119876
0.00120601
0.00120608
0.00120721
0.00120929
0.00121128
0.00121341
0.00121573
0.00121821
0.00122082
0.00122356
0.00122643
0.0012294
0.00123247
0.00123564
0.00123889
0.00124221
0.0012456
0.00124904
0.00125252
0.00125605
0.00125959
0.00126316
0.00126673
0.0012703
0.00127385
0.00127739
0.00128089
0.00128434
0.00128774
0.00129108
0.00129434
0.00129752
0.0013006
0.00130358
0.00130643
0.00130917
0.00131176
0.00131421
0.00131649
0.00131861
0.00132056
0.00132231
0.00132387
0.00132523
0.00132637
0.00132729
0.00132798
0.00132843
0.00132864
0.00113052
0.00130542
0.00113091
0.00122186
0.00120056
0.00119614
0.00120333
0.00120333
0.00120438
0.00120638
0.00120828
0.00121031
0.00121252
0.00121488
0.00121737
0.00121998
0.0012227
0.00122552
0.00122843
0.00123143
0.0012345
0.00123763
0.00124082
0.00124406
0.00124733
0.00125062
0.00125394
0.00125726
0.00126058
0.00126388
0.00126717
0.00127042
0.00127363
0.00127678
0.00127988
0.0012829
0.00128583
0.00128868
0.00129142
0.00129404
0.00129654
0.00129891
0.00130113
0.00130319
0.0013051
0.00130683
0.00130837
0.00130973
0.00131088
0.00131183
0.00131256
0.00131306
0.00131333
0.00131337
0.00131316
0.00112803
0.00130288
0.00112839
0.0012193
0.00119795
0.00119348
0.00120061
0.00120054
0.00120152
0.00120344
0.00120524
0.00120717
0.00120928
0.00121152
0.00121388
0.00121635
0.00121893
0.0012216
0.00122435
0.00122718
0.00123007
0.00123302
0.00123601
0.00123904
0.0012421
0.00124517
0.00124825
0.00125133
0.0012544
0.00125745
0.00126046
0.00126344
0.00126636
0.00126922
0.00127201
0.00127472
0.00127734
0.00127986
0.00128226
0.00128454
0.0012867
0.00128871
0.00129057
0.00129226
0.00129379
0.00129515
0.00129631
0.00129728
0.00129804
0.0012986
0.00129893
0.00129904
0.00129891
0.00129855
0.00129794
0.00112552
0.00130029
0.00112584
0.0012167
0.0011953
0.00119079
0.00119785
0.00119771
0.00119862
0.00120045
0.00120216
0.00120399
0.00120599
0.00120812
0.00121035
0.00121269
0.00121513
0.00121765
0.00122024
0.0012229
0.00122561
0.00122837
0.00123117
0.001234
0.00123684
0.00123969
0.00124255
0.00124539
0.00124821
0.001251
0.00125375
0.00125645
0.0012591
0.00126167
0.00126416
0.00126657
0.00126887
0.00127107
0.00127315
0.0012751
0.00127691
0.00127858
0.00128008
0.00128143
0.0012826
0.00128358
0.00128438
0.00128497
0.00128537
0.00128554
0.0012855
0.00128523
0.00128473
0.00128398
0.001283
0.00112298
0.00129766
0.00112326
0.00121406
0.00119261
0.00118806
0.00119506
0.00119485
0.00119568
0.00119743
0.00119905
0.00120078
0.00120267
0.00120468
0.00120679
0.001209
0.00121129
0.00121366
0.00121609
0.00121859
0.00122112
0.0012237
0.00122631
0.00122893
0.00123156
0.0012342
0.00123682
0.00123943
0.001242
0.00124454
0.00124704
0.00124947
0.00125184
0.00125413
0.00125633
0.00125844
0.00126044
0.00126232
0.00126408
0.00126571
0.00126719
0.00126852
0.00126969
0.00127069
0.00127151
0.00127214
0.00127259
0.00127283
0.00127286
0.00127268
0.00127227
0.00127164
0.00127078
0.00126968
0.00126834
0.00112041
0.00129498
0.00112066
0.00121138
0.00118989
0.00118529
0.00119223
0.00119195
0.00119271
0.00119437
0.0011959
0.00119753
0.00119932
0.00120121
0.0012032
0.00120527
0.00120743
0.00120965
0.00121192
0.00121425
0.00121661
0.001219
0.00122142
0.00122384
0.00122627
0.00122868
0.00123108
0.00123346
0.00123579
0.00123809
0.00124032
0.00124249
0.00124459
0.0012466
0.00124852
0.00125033
0.00125204
0.00125362
0.00125507
0.00125638
0.00125754
0.00125855
0.00125939
0.00126006
0.00126054
0.00126084
0.00126094
0.00126084
0.00126053
0.00126
0.00125926
0.00125828
0.00125708
0.00125564
0.00125397
0.00111782
0.00129226
0.00111803
0.00120867
0.00118713
0.0011825
0.00118936
0.00118902
0.0011897
0.00119129
0.00119273
0.00119426
0.00119594
0.00119772
0.00119958
0.00120152
0.00120353
0.00120561
0.00120772
0.00120988
0.00121207
0.00121429
0.00121651
0.00121874
0.00122096
0.00122316
0.00122534
0.00122748
0.00122958
0.00123163
0.00123361
0.00123553
0.00123736
0.0012391
0.00124074
0.00124227
0.00124368
0.00124497
0.00124612
0.00124713
0.00124798
0.00124867
0.00124919
0.00124954
0.0012497
0.00124968
0.00124945
0.00124902
0.00124838
0.00124753
0.00124646
0.00124516
0.00124363
0.00124187
0.00123988
0.00111521
0.0012895
0.00111539
0.00120592
0.00118434
0.00117967
0.00118646
0.00118605
0.00118667
0.00118817
0.00118952
0.00119096
0.00119253
0.00119419
0.00119593
0.00119775
0.00119962
0.00120154
0.00120351
0.0012055
0.00120752
0.00120955
0.00121159
0.00121362
0.00121563
0.00121763
0.00121959
0.00122151
0.00122337
0.00122518
0.00122692
0.00122858
0.00123015
0.00123163
0.00123299
0.00123425
0.00123538
0.00123638
0.00123724
0.00123795
0.0012385
0.00123889
0.00123911
0.00123915
0.001239
0.00123866
0.00123812
0.00123738
0.00123643
0.00123526
0.00123388
0.00123227
0.00123044
0.00122838
0.00122609
0.0011126
0.00128668
0.00111273
0.00120312
0.00118153
0.00117681
0.00118353
0.00118306
0.0011836
0.00118502
0.00118629
0.00118763
0.0011891
0.00119065
0.00119227
0.00119395
0.00119568
0.00119746
0.00119927
0.0012011
0.00120295
0.0012048
0.00120665
0.00120849
0.00121031
0.00121209
0.00121384
0.00121553
0.00121717
0.00121875
0.00122024
0.00122165
0.00122297
0.00122419
0.00122529
0.00122628
0.00122713
0.00122785
0.00122843
0.00122885
0.00122911
0.00122921
0.00122913
0.00122888
0.00122843
0.00122779
0.00122696
0.00122592
0.00122467
0.00122321
0.00122153
0.00121963
0.00121751
0.00121517
0.0012126
0.00110998
0.00128381
0.00111006
0.00120028
0.00117868
0.00117392
0.00118057
0.00118003
0.00118051
0.00118185
0.00118303
0.00118427
0.00118564
0.00118708
0.00118857
0.00119013
0.00119172
0.00119336
0.00119501
0.00119668
0.00119836
0.00120004
0.00120171
0.00120336
0.00120498
0.00120656
0.00120809
0.00120957
0.00121099
0.00121233
0.00121359
0.00121476
0.00121583
0.00121679
0.00121764
0.00121836
0.00121895
0.0012194
0.0012197
0.00121984
0.00121983
0.00121964
0.00121928
0.00121874
0.00121801
0.00121708
0.00121596
0.00121464
0.00121311
0.00121137
0.00120941
0.00120724
0.00120484
0.00120223
0.0011994
0.00110737
0.00128089
0.0011074
0.0011974
0.0011758
0.00117101
0.00117757
0.00117698
0.00117739
0.00117866
0.00117974
0.0011809
0.00118216
0.00118349
0.00118486
0.00118629
0.00118775
0.00118924
0.00119074
0.00119226
0.00119377
0.00119528
0.00119676
0.00119822
0.00119965
0.00120103
0.00120235
0.00120362
0.00120481
0.00120593
0.00120696
0.00120789
0.00120872
0.00120944
0.00121003
0.0012105
0.00121083
0.00121102
0.00121105
0.00121093
0.00121064
0.00121019
0.00120955
0.00120874
0.00120773
0.00120654
0.00120514
0.00120355
0.00120175
0.00119974
0.00119752
0.00119509
0.00119244
0.00118958
0.0011865
0.00110476
0.00127791
0.00110474
0.00119446
0.0011729
0.00116806
0.00117455
0.0011739
0.00117425
0.00117543
0.00117644
0.0011775
0.00117866
0.00117988
0.00118114
0.00118244
0.00118376
0.00118511
0.00118647
0.00118782
0.00118917
0.00119051
0.00119181
0.00119309
0.00119432
0.00119551
0.00119663
0.00119768
0.00119866
0.00119956
0.00120036
0.00120106
0.00120166
0.00120213
0.00120248
0.0012027
0.00120278
0.00120271
0.00120249
0.00120212
0.00120157
0.00120085
0.00119996
0.00119888
0.00119761
0.00119616
0.0011945
0.00119265
0.00119059
0.00118833
0.00118586
0.00118319
0.0011803
0.0011772
0.00117389
0.00110216
0.00127486
0.00110209
0.00119145
0.00116998
0.00116509
0.00117149
0.0011708
0.00117108
0.00117219
0.00117312
0.00117408
0.00117514
0.00117625
0.0011774
0.00117857
0.00117977
0.00118097
0.00118218
0.00118338
0.00118457
0.00118573
0.00118687
0.00118796
0.00118901
0.00119
0.00119092
0.00119177
0.00119254
0.00119322
0.0011938
0.00119427
0.00119464
0.00119488
0.00119499
0.00119497
0.00119481
0.0011945
0.00119403
0.0011934
0.00119261
0.00119164
0.00119049
0.00118916
0.00118765
0.00118594
0.00118404
0.00118194
0.00117965
0.00117715
0.00117444
0.00117154
0.00116842
0.0011651
0.00116158
0.00109954
0.00127175
0.00109948
0.00118835
0.00116704
0.00116208
0.00116839
0.00116767
0.00116789
0.00116893
0.00116977
0.00117065
0.00117162
0.00117262
0.00117364
0.00117469
0.00117576
0.00117683
0.00117789
0.00117894
0.00117997
0.00118097
0.00118193
0.00118284
0.0011837
0.0011845
0.00118523
0.00118588
0.00118644
0.00118691
0.00118727
0.00118753
0.00118767
0.00118769
0.00118757
0.00118732
0.00118692
0.00118637
0.00118566
0.00118479
0.00118376
0.00118255
0.00118116
0.00117959
0.00117784
0.0011759
0.00117376
0.00117143
0.00116891
0.00116618
0.00116326
0.00116013
0.00115681
0.00115328
0.00114956
0.0010969
0.00126852
0.00109692
0.00118515
0.00116409
0.00115905
0.00116526
0.00116453
0.00116469
0.00116565
0.00116642
0.00116721
0.00116807
0.00116897
0.00116988
0.00117081
0.00117174
0.00117268
0.00117359
0.00117449
0.00117537
0.0011762
0.00117699
0.00117773
0.00117841
0.00117902
0.00117956
0.00118001
0.00118037
0.00118063
0.00118079
0.00118083
0.00118076
0.00118055
0.00118021
0.00117973
0.00117911
0.00117833
0.0011774
0.0011763
0.00117503
0.00117359
0.00117197
0.00117018
0.00116819
0.00116603
0.00116367
0.00116112
0.00115838
0.00115544
0.00115231
0.00114898
0.00114546
0.00114174
0.00113783
0.00109417
0.00126522
0.00109439
0.00118186
0.00116113
0.00115599
0.0011621
0.00116136
0.00116147
0.00116236
0.00116305
0.00116375
0.00116452
0.00116531
0.00116611
0.00116692
0.00116773
0.00116852
0.0011693
0.00117005
0.00117077
0.00117144
0.00117207
0.00117264
0.00117314
0.00117357
0.00117392
0.00117418
0.00117434
0.0011744
0.00117435
0.00117419
0.0011739
0.00117348
0.00117293
0.00117223
0.00117139
0.00117039
0.00116923
0.00116791
0.00116642
0.00116476
0.00116292
0.00116091
0.00115871
0.00115633
0.00115376
0.001151
0.00114806
0.00114492
0.00114159
0.00113808
0.00113437
0.00113047
0.00112639
0.00109112
0.00126226
0.00109154
0.00117861
0.00115813
0.00115288
0.00115891
0.00115818
0.00115823
0.00115905
0.00115966
0.00116028
0.00116096
0.00116165
0.00116234
0.00116303
0.00116371
0.00116437
0.00116501
0.00116562
0.00116618
0.0011667
0.00116716
0.00116756
0.00116789
0.00116814
0.0011683
0.00116837
0.00116835
0.00116821
0.00116797
0.0011676
0.00116711
0.00116648
0.00116572
0.00116481
0.00116375
0.00116254
0.00116117
0.00115964
0.00115794
0.00115607
0.00115402
0.0011518
0.00114939
0.00114681
0.00114404
0.00114109
0.00113795
0.00113462
0.00113111
0.00112742
0.00112354
0.00111948
0.00111524
0.00108759
0.00126
0.00108824
0.00117551
0.00115521
0.00114977
0.00115578
0.00115505
0.00115504
0.0011558
0.00115634
0.00115688
0.00115746
0.00115805
0.00115864
0.00115921
0.00115977
0.00116031
0.00116081
0.00116128
0.0011617
0.00116206
0.00116237
0.0011626
0.00116276
0.00116284
0.00116283
0.00116273
0.00116252
0.0011622
0.00116176
0.0011612
0.00116051
0.00115969
0.00115873
0.00115763
0.00115637
0.00115496
0.00115339
0.00115165
0.00114975
0.00114768
0.00114544
0.00114302
0.00114043
0.00113765
0.0011347
0.00113157
0.00112825
0.00112475
0.00112107
0.00111722
0.00111318
0.00110897
0.00110458
0.00108432
0.00125685
0.00108612
0.00117158
0.00115263
0.00114665
0.0011526
0.00115197
0.00115189
0.00115257
0.00115305
0.00115351
0.001154
0.0011545
0.00115498
0.00115544
0.00115588
0.00115629
0.00115667
0.001157
0.00115727
0.00115749
0.00115764
0.00115772
0.00115772
0.00115764
0.00115746
0.00115718
0.00115679
0.00115629
0.00115567
0.00115493
0.00115406
0.00115305
0.0011519
0.0011506
0.00114915
0.00114755
0.00114579
0.00114387
0.00114178
0.00113952
0.0011371
0.00113449
0.00113172
0.00112877
0.00112564
0.00112234
0.00111885
0.0011152
0.00111136
0.00110736
0.00110318
0.00109883
0.00109431
0.00108082
0.00125342
0.00108449
0.00116701
0.00115023
0.00114341
0.0011493
0.00114883
0.00114865
0.00114927
0.00114969
0.00115007
0.00115047
0.00115087
0.00115124
0.0011516
0.00115192
0.00115221
0.00115245
0.00115264
0.00115278
0.00115285
0.00115285
0.00115277
0.00115261
0.00115236
0.00115201
0.00115156
0.001151
0.00115032
0.00114952
0.0011486
0.00114754
0.00114634
0.00114501
0.00114352
0.00114189
0.0011401
0.00113815
0.00113604
0.00113377
0.00113133
0.00112872
0.00112595
0.001123
0.00111987
0.00111658
0.00111311
0.00110947
0.00110566
0.00110168
0.00109753
0.00109321
0.00108873
0.00108409
0.00107687
0.00125016
0.00108284
0.00116211
0.00114793
0.00114007
0.0011459
0.00114564
0.00114536
0.00114589
0.00114626
0.00114656
0.00114687
0.00114717
0.00114744
0.00114768
0.00114788
0.00114805
0.00114816
0.00114821
0.00114821
0.00114813
0.00114798
0.00114775
0.00114742
0.00114701
0.00114649
0.00114587
0.00114513
0.00114428
0.0011433
0.0011422
0.00114096
0.00113958
0.00113806
0.0011364
0.00113458
0.00113261
0.00113048
0.00112819
0.00112573
0.00112312
0.00112034
0.00111738
0.00111427
0.00111098
0.00110752
0.0011039
0.00110011
0.00109615
0.00109203
0.00108774
0.0010833
0.00107869
0.00107394
0.00107253
0.00124698
0.00108117
0.00115694
0.00114567
0.00113666
0.0011424
0.0011424
0.00114199
0.00114244
0.00114276
0.00114298
0.0011432
0.0011434
0.00114356
0.00114369
0.00114378
0.00114381
0.00114379
0.00114371
0.00114356
0.00114334
0.00114304
0.00114265
0.00114217
0.00114159
0.00114091
0.00114011
0.00113921
0.00113818
0.00113703
0.00113574
0.00113433
0.00113277
0.00113107
0.00112922
0.00112722
0.00112507
0.00112277
0.0011203
0.00111767
0.00111489
0.00111193
0.00110882
0.00110554
0.00110209
0.00109848
0.00109471
0.00109077
0.00108667
0.00108242
0.00107801
0.00107344
0.00106872
0.00106385
0.00106787
0.00124377
0.00107954
0.00115153
0.00114343
0.00113322
0.0011388
0.00113908
0.00113857
0.00113893
0.00113919
0.00113933
0.00113946
0.00113956
0.00113962
0.00113963
0.0011396
0.00113951
0.00113936
0.00113914
0.00113885
0.00113848
0.00113803
0.00113749
0.00113685
0.00113611
0.00113526
0.0011343
0.00113322
0.00113202
0.00113069
0.00112924
0.00112764
0.00112591
0.00112403
0.00112201
0.00111983
0.00111751
0.00111503
0.00111239
0.0011096
0.00110664
0.00110353
0.00110025
0.00109681
0.00109321
0.00108946
0.00108554
0.00108147
0.00107724
0.00107286
0.00106832
0.00106364
0.00105882
0.00105385
0.00106298
0.00124045
0.00107799
0.00114591
0.00114118
0.00112977
0.0011351
0.00113571
0.00113509
0.00113534
0.00113555
0.00113561
0.00113565
0.00113565
0.00113561
0.00113551
0.00113535
0.00113514
0.00113486
0.0011345
0.00113407
0.00113356
0.00113295
0.00113226
0.00113146
0.00113056
0.00112955
0.00112842
0.00112718
0.00112581
0.00112431
0.00112268
0.00112091
0.001119
0.00111695
0.00111476
0.00111241
0.00110992
0.00110727
0.00110447
0.00110151
0.00109839
0.00109512
0.00109169
0.0010881
0.00108436
0.00108046
0.00107641
0.0010722
0.00106785
0.00106335
0.0010587
0.00105392
0.00104899
0.00104393
0.00105793
0.001237
0.00107652
0.00114011
0.00113888
0.00112633
0.0011313
0.00113226
0.00113155
0.00113169
0.00113184
0.00113183
0.00113177
0.00113168
0.00113152
0.00113131
0.00113104
0.0011307
0.00113029
0.0011298
0.00112923
0.00112857
0.00112782
0.00112697
0.00112601
0.00112495
0.00112378
0.00112249
0.00112108
0.00111954
0.00111787
0.00111607
0.00111414
0.00111206
0.00110984
0.00110748
0.00110497
0.00110231
0.00109949
0.00109653
0.00109341
0.00109014
0.00108672
0.00108314
0.00107941
0.00107553
0.00107149
0.00106731
0.00106299
0.00105852
0.0010539
0.00104915
0.00104427
0.00103925
0.00103411
0.00105279
0.0012334
0.00107513
0.00113417
0.00113652
0.00112292
0.00112743
0.00112874
0.00112796
0.00112798
0.00112807
0.00112798
0.00112783
0.00112764
0.00112738
0.00112706
0.00112666
0.0011262
0.00112566
0.00112503
0.00112432
0.00112352
0.00112262
0.00112161
0.00112051
0.00111929
0.00111796
0.0011165
0.00111493
0.00111323
0.0011114
0.00110943
0.00110733
0.00110509
0.0011027
0.00110017
0.0010975
0.00109468
0.00109171
0.00108859
0.00108532
0.0010819
0.00107833
0.00107461
0.00107074
0.00106673
0.00106257
0.00105827
0.00105383
0.00104924
0.00104453
0.00103968
0.00103471
0.0010296
0.00102438
0.00104761
0.00122964
0.00107382
0.00112813
0.00113405
0.00111954
0.00112347
0.00112515
0.00112432
0.00112421
0.00112423
0.00112407
0.00112382
0.00112353
0.00112317
0.00112273
0.00112222
0.00112163
0.00112096
0.0011202
0.00111935
0.0011184
0.00111736
0.00111621
0.00111495
0.00111357
0.00111208
0.00111047
0.00110874
0.00110687
0.00110488
0.00110275
0.00110049
0.00109808
0.00109554
0.00109285
0.00109002
0.00108704
0.00108392
0.00108065
0.00107723
0.00107367
0.00106996
0.00106611
0.00106211
0.00105797
0.00105369
0.00104928
0.00104472
0.00104004
0.00103523
0.00103029
0.00102523
0.00102006
0.00101477
0.00104243
0.00122572
0.00107257
0.00112202
0.00113148
0.00111621
0.00111945
0.00112148
0.00112063
0.00112038
0.00112033
0.00112009
0.00111976
0.00111937
0.0011189
0.00111835
0.00111772
0.00111701
0.00111621
0.00111531
0.00111432
0.00111324
0.00111204
0.00111074
0.00110933
0.00110781
0.00110616
0.00110439
0.0011025
0.00110048
0.00109833
0.00109604
0.00109362
0.00109106
0.00108836
0.00108551
0.00108253
0.0010794
0.00107613
0.00107272
0.00106916
0.00106546
0.00106162
0.00105764
0.00105352
0.00104926
0.00104487
0.00104034
0.00103569
0.00103091
0.00102601
0.00102099
0.00101586
0.00101061
0.00100526
0.00103725
0.00122164
0.00107137
0.00111586
0.00112877
0.00111291
0.00111538
0.00111774
0.00111689
0.0011165
0.00111637
0.00111606
0.00111563
0.00111514
0.00111457
0.00111391
0.00111316
0.00111232
0.00111139
0.00111037
0.00110924
0.00110801
0.00110668
0.00110523
0.00110367
0.001102
0.0011002
0.00109828
0.00109623
0.00109405
0.00109175
0.00108931
0.00108673
0.00108401
0.00108116
0.00107817
0.00107504
0.00107177
0.00106835
0.0010648
0.00106111
0.00105728
0.00105331
0.00104921
0.00104497
0.0010406
0.0010361
0.00103148
0.00102673
0.00102187
0.00101688
0.00101179
0.00100658
0.00100128
0.00099587
0.0010321
0.0012174
0.0010702
0.00110968
0.00112591
0.00110966
0.00111125
0.00111392
0.0011131
0.00111256
0.00111236
0.00111197
0.00111145
0.00111086
0.00111018
0.00110941
0.00110854
0.00110758
0.00110653
0.00110537
0.00110411
0.00110274
0.00110127
0.00109968
0.00109797
0.00109615
0.0010942
0.00109213
0.00108993
0.0010876
0.00108514
0.00108255
0.00107982
0.00107696
0.00107396
0.00107082
0.00106755
0.00106414
0.00106059
0.00105691
0.00105309
0.00104913
0.00104504
0.00104082
0.00103648
0.001032
0.00102741
0.00102269
0.00101786
0.00101291
0.00100785
0.00100269
0.000997423
0.000992061
0.000986605
0.00102695
0.00121301
0.00106905
0.0011035
0.00112291
0.00110645
0.00110709
0.00111002
0.00110926
0.00110859
0.00110829
0.00110783
0.00110722
0.00110652
0.00110574
0.00110485
0.00110387
0.00110279
0.00110161
0.00110033
0.00109893
0.00109743
0.00109581
0.00109408
0.00109223
0.00109026
0.00108817
0.00108595
0.0010836
0.00108112
0.00107852
0.00107578
0.00107291
0.0010699
0.00106676
0.00106348
0.00106007
0.00105653
0.00105285
0.00104904
0.0010451
0.00104102
0.00103682
0.00103249
0.00102804
0.00102347
0.00101879
0.00101398
0.00100907
0.00100405
0.000998921
0.000993697
0.000988378
0.000982967
0.000977471
0.00102182
0.00120847
0.00106789
0.00109732
0.00111976
0.00110327
0.0011029
0.00110605
0.00110538
0.00110456
0.00110417
0.00110363
0.00110293
0.00110214
0.00110124
0.00110025
0.00109916
0.00109796
0.00109665
0.00109523
0.00109371
0.00109207
0.00109032
0.00108845
0.00108645
0.00108434
0.0010821
0.00107974
0.00107725
0.00107463
0.00107188
0.001069
0.00106599
0.00106284
0.00105956
0.00105615
0.00105261
0.00104894
0.00104514
0.00104121
0.00103715
0.00103296
0.00102865
0.00102423
0.00101968
0.00101502
0.00101024
0.00100536
0.00100037
0.000995285
0.000990099
0.000984821
0.000979454
0.000974003
0.000968472
0.00101669
0.00120378
0.00106672
0.00109115
0.00111645
0.00110013
0.0010987
0.001102
0.00110145
0.0011005
0.0011
0.00109939
0.0010986
0.0010977
0.00109671
0.0010956
0.00109439
0.00109307
0.00109164
0.0010901
0.00108845
0.00108668
0.00108479
0.00108278
0.00108065
0.0010784
0.00107602
0.00107352
0.00107089
0.00106813
0.00106524
0.00106222
0.00105907
0.00105579
0.00105238
0.00104884
0.00104518
0.00104138
0.00103746
0.00103341
0.00102924
0.00102495
0.00102055
0.00101602
0.00101139
0.00100664
0.00100179
0.000996834
0.00099178
0.000986631
0.000981392
0.000976066
0.000970658
0.000965172
0.000959613
0.00101156
0.00119897
0.00106551
0.00108502
0.001113
0.00109701
0.00109448
0.00109789
0.00109748
0.00109639
0.00109579
0.0010951
0.00109422
0.00109322
0.00109212
0.00109091
0.00108959
0.00108815
0.0010866
0.00108493
0.00108315
0.00108125
0.00107923
0.00107708
0.00107482
0.00107243
0.00106992
0.00106728
0.00106451
0.00106162
0.00105859
0.00105544
0.00105216
0.00104875
0.00104522
0.00104156
0.00103777
0.00103386
0.00102982
0.00102567
0.0010214
0.00101701
0.00101251
0.00100789
0.00100317
0.000998351
0.000993427
0.000988406
0.000983293
0.000978091
0.000972804
0.000967437
0.000961994
0.00095648
0.0009509
0.00100642
0.00119402
0.00106426
0.00107892
0.00110939
0.00109392
0.00109026
0.00109372
0.00109346
0.00109226
0.00109154
0.00109077
0.0010898
0.0010887
0.0010875
0.00108618
0.00108474
0.00108319
0.00108152
0.00107973
0.00107782
0.00107579
0.00107364
0.00107137
0.00106897
0.00106645
0.0010638
0.00106103
0.00105813
0.0010551
0.00105195
0.00104867
0.00104527
0.00104173
0.00103808
0.0010343
0.0010304
0.00102638
0.00102224
0.00101798
0.00101361
0.00100913
0.00100454
0.000999846
0.00099505
0.000990155
0.000985166
0.000980086
0.000974919
0.00096967
0.000964342
0.00095894
0.000953469
0.000947933
0.000942337
0.00100127
0.00118894
0.00106296
0.00107285
0.00110565
0.00109084
0.00108605
0.00108949
0.0010894
0.00108809
0.00108725
0.0010864
0.00108534
0.00108415
0.00108284
0.00108141
0.00107987
0.0010782
0.00107641
0.0010745
0.00107247
0.00107031
0.00106804
0.00106564
0.00106311
0.00106046
0.00105768
0.00105478
0.00105175
0.0010486
0.00104532
0.00104192
0.00103839
0.00103474
0.00103097
0.00102708
0.00102307
0.00101895
0.0010147
0.00101035
0.00100589
0.00100132
0.000996654
0.000991884
0.000987018
0.000982058
0.00097701
0.000971878
0.000966664
0.000961374
0.000956011
0.000950581
0.000945088
0.000939535
0.000933929
0.000996101
0.00118375
0.00106159
0.00106683
0.00110177
0.00108778
0.00108185
0.0010852
0.00108529
0.00108389
0.00108293
0.00108199
0.00108085
0.00107956
0.00107815
0.00107662
0.00107496
0.00107318
0.00107128
0.00106925
0.0010671
0.00106482
0.00106242
0.00105989
0.00105724
0.00105446
0.00105156
0.00104854
0.00104539
0.00104211
0.00103871
0.00103519
0.00103155
0.00102779
0.0010239
0.00101991
0.00101579
0.00101157
0.00100724
0.00100279
0.000998248
0.0009936
0.000988855
0.000984016
0.000979085
0.000974068
0.000968967
0.000963788
0.000958533
0.000953208
0.000947817
0.000942364
0.000936854
0.000931291
0.00092568
0.000990916
0.00117844
0.00106016
0.00106085
0.00109776
0.00108473
0.00107767
0.00108087
0.00108115
0.00107967
0.00107858
0.00107756
0.00107633
0.00107494
0.00107343
0.0010718
0.00107003
0.00106814
0.00106612
0.00106398
0.00106171
0.00105931
0.00105679
0.00105414
0.00105137
0.00104847
0.00104545
0.0010423
0.00103903
0.00103564
0.00103212
0.00102849
0.00102474
0.00102087
0.00101688
0.00101278
0.00100857
0.00100426
0.000999835
0.000995309
0.000990684
0.000985963
0.00098115
0.000976247
0.000971259
0.000966189
0.000961042
0.000955822
0.000950533
0.000945179
0.000939765
0.000934294
0.000928773
0.000923204
0.000917594
0.000985715
0.00117303
0.00105865
0.00105492
0.00109363
0.00108168
0.00107352
0.0010765
0.00107697
0.00107543
0.00107421
0.0010731
0.00107178
0.0010703
0.00106869
0.00106695
0.00106508
0.00106308
0.00106095
0.0010587
0.00105631
0.0010538
0.00105116
0.00104839
0.0010455
0.00104249
0.00103935
0.00103608
0.0010327
0.00102919
0.00102557
0.00102183
0.00101797
0.001014
0.00100991
0.00100572
0.00100142
0.000997015
0.00099251
0.000987907
0.000983209
0.00097842
0.000973544
0.000968584
0.000963544
0.000958428
0.000953241
0.000947986
0.000942668
0.00093729
0.000931859
0.000926377
0.000920849
0.00091528
0.000909675
0.000980497
0.00116751
0.00105707
0.00104904
0.00108939
0.00107863
0.00106939
0.00107209
0.00107275
0.00107117
0.00106982
0.00106862
0.00106722
0.00106565
0.00106394
0.0010621
0.00106012
0.00105802
0.00105578
0.00105341
0.00105091
0.00104828
0.00104553
0.00104265
0.00103965
0.00103652
0.00103326
0.00102989
0.0010264
0.00102278
0.00101905
0.00101521
0.00101125
0.00100718
0.001003
0.00099872
0.000994335
0.000989849
0.000985268
0.000980593
0.000975829
0.000970978
0.000966045
0.000961034
0.000955948
0.000950792
0.000945569
0.000940285
0.000934943
0.000929548
0.000924104
0.000918615
0.000913086
0.000907522
0.000901926
0.000975266
0.0011619
0.00105541
0.00104321
0.00108504
0.00107559
0.0010653
0.00106766
0.00106851
0.00106689
0.00106542
0.00106412
0.00106264
0.00106098
0.00105917
0.00105723
0.00105516
0.00105294
0.0010506
0.00104812
0.00104551
0.00104278
0.00103991
0.00103692
0.00103381
0.00103057
0.00102721
0.00102373
0.00102013
0.00101641
0.00101258
0.00100864
0.00100458
0.00100042
0.00099616
0.000991793
0.000987328
0.000982768
0.000978115
0.000973375
0.000968549
0.000963642
0.000958659
0.000953602
0.000948476
0.000943285
0.000938033
0.000932725
0.000927365
0.000921956
0.000916505
0.000911014
0.000905489
0.000899933
0.000894352
0.000970023
0.00115621
0.00105367
0.00103744
0.0010806
0.00107254
0.00106125
0.00106321
0.00106424
0.00106261
0.00106101
0.00105962
0.00105806
0.0010563
0.0010544
0.00105236
0.00105019
0.00104787
0.00104542
0.00104284
0.00104013
0.00103729
0.00103431
0.00103122
0.001028
0.00102465
0.00102119
0.0010176
0.0010139
0.00101009
0.00100616
0.00100213
0.000997984
0.000993738
0.000989391
0.000984946
0.000980407
0.000975777
0.00097106
0.000966258
0.000961377
0.00095642
0.000951391
0.000946294
0.000941133
0.000935913
0.000930637
0.00092531
0.000919937
0.000914521
0.000909066
0.000903578
0.000898061
0.000892518
0.000886955
0.000964772
0.00115044
0.00105185
0.00103172
0.00107606
0.00106949
0.00105724
0.00105876
0.00105995
0.00105832
0.0010566
0.00105511
0.00105347
0.00105162
0.00104963
0.0010475
0.00104522
0.00104281
0.00104026
0.00103758
0.00103476
0.00103181
0.00102874
0.00102554
0.00102222
0.00101877
0.00101521
0.00101152
0.00100773
0.00100382
0.000999803
0.00099568
0.000991454
0.000987127
0.000982703
0.000978186
0.000973578
0.000968884
0.000964107
0.000959251
0.00095432
0.000949318
0.000944249
0.000939117
0.000933927
0.000928682
0.000923387
0.000918047
0.000912664
0.000907245
0.000901792
0.000896311
0.000890806
0.00088528
0.000879738
0.000959517
0.0011446
0.00104996
0.00102607
0.00107145
0.00106644
0.00105328
0.0010543
0.00105564
0.00105402
0.00105219
0.00105061
0.00104888
0.00104695
0.00104487
0.00104264
0.00104027
0.00103776
0.00103511
0.00103233
0.00102941
0.00102637
0.00102319
0.0010199
0.00101647
0.00101293
0.00100927
0.0010055
0.00100161
0.000997615
0.000993512
0.000989307
0.000985001
0.000980599
0.000976104
0.000971519
0.000966849
0.000962096
0.000957265
0.000952359
0.000947384
0.000942342
0.000937238
0.000932077
0.000926862
0.000921598
0.000916289
0.000910939
0.000905552
0.000900134
0.000894687
0.000889217
0.000883727
0.000878222
0.000872705
0.000954264
0.0011387
0.00104799
0.00102048
0.00106676
0.00106338
0.00104937
0.00104984
0.00105132
0.00104974
0.00104779
0.00104611
0.00104431
0.00104229
0.00104012
0.0010378
0.00103534
0.00103273
0.00102999
0.00102711
0.0010241
0.00102096
0.00101769
0.0010143
0.00101078
0.00100715
0.0010034
0.000999532
0.000995559
0.00099148
0.000987297
0.000983014
0.000978635
0.000974163
0.000969601
0.000964954
0.000960226
0.000955419
0.00095054
0.00094559
0.000940575
0.000935499
0.000930365
0.000925179
0.000919944
0.000914665
0.000909346
0.000903991
0.000898605
0.000893191
0.000887755
0.000882299
0.000876828
0.000871346
0.000865858
0.000949018
0.00113275
0.00104596
0.00101497
0.00106202
0.00106032
0.00104552
0.00104541
0.00104701
0.00104546
0.00104341
0.00104163
0.00103975
0.00103765
0.00103539
0.00103298
0.00103043
0.00102774
0.0010249
0.00102193
0.00101883
0.00101559
0.00101223
0.00100875
0.00100514
0.00100142
0.000997582
0.000993635
0.000989581
0.000985423
0.000981164
0.000976809
0.000972361
0.000967824
0.000963202
0.000958498
0.000953717
0.000948862
0.000943938
0.000938949
0.0009339
0.000928794
0.000923635
0.000918429
0.000913179
0.00090789
0.000902565
0.000897209
0.000891827
0.000886422
0.000880999
0.000875561
0.000870112
0.000864657
0.000859199
0.000943785
0.00112675
0.00104386
0.00100952
0.00105723
0.00105725
0.00104173
0.00104099
0.0010427
0.0010412
0.00103905
0.00103717
0.00103521
0.00103304
0.00103069
0.0010282
0.00102556
0.00102278
0.00101985
0.00101679
0.0010136
0.00101028
0.00100683
0.00100326
0.000999565
0.000995759
0.000991841
0.000987815
0.000983684
0.000979452
0.000975123
0.000970701
0.000966189
0.000961592
0.000956913
0.000952158
0.000947328
0.00094243
0.000937468
0.000932445
0.000927365
0.000922234
0.000917055
0.000911833
0.000906572
0.000901276
0.00089595
0.000890598
0.000885223
0.00087983
0.000874423
0.000869006
0.000863583
0.000858157
0.000852733
0.000938573
0.00112073
0.00104171
0.00100416
0.00105241
0.00105419
0.001038
0.00103661
0.0010384
0.00103697
0.00103472
0.00103274
0.00103071
0.00102845
0.00102603
0.00102345
0.00102073
0.00101786
0.00101485
0.00101171
0.00100843
0.00100502
0.00100149
0.000997832
0.00099406
0.000990175
0.00098618
0.00098208
0.000977877
0.000973576
0.000969181
0.000964696
0.000960126
0.000955473
0.000950744
0.000945941
0.000941069
0.000936132
0.000931135
0.000926082
0.000920977
0.000915825
0.00091063
0.000905397
0.000900129
0.000894831
0.000889506
0.00088416
0.000878797
0.000873419
0.000868032
0.000862639
0.000857243
0.000851849
0.00084646
0.000933387
0.0011147
0.0010395
0.000998873
0.00104755
0.00105113
0.00103434
0.00103227
0.00103412
0.00103276
0.00103043
0.00102835
0.00102624
0.00102392
0.00102141
0.00101875
0.00101595
0.001013
0.00100991
0.00100668
0.00100332
0.00099983
0.000996217
0.000992485
0.000988636
0.000984676
0.000980609
0.000976438
0.000972168
0.000967803
0.000963347
0.000958804
0.000954179
0.000949477
0.0009447
0.000939855
0.000934944
0.000929974
0.000924947
0.000919868
0.000914743
0.000909574
0.000904367
0.000899126
0.000893854
0.000888557
0.000883239
0.000877902
0.000872553
0.000867193
0.000861828
0.000856461
0.000851096
0.000845735
0.000840384
0.000928238
0.00110865
0.00103726
0.000993681
0.00104269
0.00104808
0.00103075
0.00102798
0.00102987
0.00102859
0.00102618
0.00102401
0.00102183
0.00101943
0.00101685
0.00101411
0.00101123
0.0010082
0.00100503
0.00100172
0.000998284
0.000994718
0.000991029
0.000987222
0.000983301
0.000979271
0.000975135
0.000970898
0.000966565
0.00096214
0.000957628
0.000953032
0.000948358
0.000943609
0.000938791
0.000933908
0.000928963
0.000923963
0.00091891
0.000913811
0.000908668
0.000903487
0.000898271
0.000893026
0.000887755
0.000882462
0.000877152
0.000871828
0.000866495
0.000861157
0.000855816
0.000850477
0.000845144
0.000839819
0.000834506
0.000923132
0.00110261
0.00103498
0.000988583
0.00103782
0.00104504
0.00102725
0.00102375
0.00102567
0.00102447
0.00102198
0.00101972
0.00101747
0.001015
0.00101234
0.00100953
0.00100658
0.00100347
0.00100022
0.000996843
0.00099333
0.000989691
0.000985931
0.000982053
0.000978064
0.000973967
0.000969768
0.00096547
0.000961079
0.000956598
0.000952034
0.000947389
0.00094267
0.00093788
0.000933024
0.000928107
0.000923133
0.000918106
0.000913032
0.000907915
0.000902759
0.000897569
0.000892349
0.000887102
0.000881835
0.000876549
0.000871251
0.000865942
0.000860629
0.000855313
0.000849999
0.00084469
0.00083939
0.000834102
0.00082883
0.00091808
0.0010966
0.00103268
0.000983586
0.00103296
0.00104202
0.00102382
0.0010196
0.00102151
0.0010204
0.00101785
0.0010155
0.00101317
0.00101064
0.00100791
0.00100503
0.001002
0.000998823
0.000995505
0.000992052
0.000988468
0.00098476
0.000980932
0.000976988
0.000972935
0.000968776
0.000964517
0.000960162
0.000955716
0.000951185
0.000946573
0.000941884
0.000937123
0.000932296
0.000927407
0.00092246
0.00091746
0.000912412
0.00090732
0.000902189
0.000897023
0.000891827
0.000886605
0.000881361
0.0008761
0.000870825
0.00086554
0.000860249
0.000854957
0.000849666
0.00084438
0.000839104
0.000833839
0.000828589
0.000823357
0.000913091
0.00109061
0.00103036
0.000978698
0.00102813
0.00103903
0.00102048
0.00101552
0.00101741
0.0010164
0.00101379
0.00101135
0.00100895
0.00100635
0.00100356
0.00100061
0.00099751
0.000994265
0.000990879
0.000987358
0.000983708
0.000979934
0.000976042
0.000972036
0.000967922
0.000963705
0.000959391
0.000954983
0.000950488
0.00094591
0.000941254
0.000936524
0.000931727
0.000926867
0.000921948
0.000916975
0.000911953
0.000906887
0.000901781
0.000896639
0.000891467
0.000886269
0.000881048
0.000875809
0.000870556
0.000865293
0.000860025
0.000854754
0.000849485
0.00084422
0.000838965
0.000833721
0.000828492
0.000823281
0.000818092
0.000908176
0.00108468
0.00102805
0.000973926
0.00102334
0.00103607
0.00101725
0.00101153
0.00101338
0.00101246
0.00100981
0.00100728
0.00100482
0.00100216
0.0009993
0.000996284
0.000993119
0.000989808
0.000986357
0.000982772
0.000979059
0.000975223
0.000971271
0.000967206
0.000963036
0.000958766
0.0009544
0.000949944
0.000945402
0.000940781
0.000936086
0.00093132
0.00092649
0.0009216
0.000916655
0.00091166
0.00090662
0.000901539
0.000896422
0.000891273
0.000886097
0.000880899
0.000875682
0.00087045
0.000865209
0.000859961
0.00085471
0.000849461
0.000844216
0.00083898
0.000833755
0.000828545
0.000823353
0.000818182
0.000813035
0.000903346
0.0010788
0.00102574
0.000969277
0.00101859
0.00103316
0.00101411
0.00100764
0.00100943
0.00100861
0.00100592
0.00100331
0.00100078
0.00099806
0.000995141
0.000992063
0.000988835
0.000985462
0.00098195
0.000978304
0.000974531
0.000970638
0.000966629
0.00096251
0.000958288
0.000953967
0.000949554
0.000945053
0.00094047
0.00093581
0.000931078
0.00092628
0.000921421
0.000916505
0.000911538
0.000906524
0.000901468
0.000896376
0.00089125
0.000886097
0.000880921
0.000875725
0.000870514
0.000865292
0.000860063
0.000854832
0.000849601
0.000844374
0.000839156
0.000833949
0.000828756
0.00082358
0.000818426
0.000813295
0.00080819
0.000898612
0.00107301
0.00102345
0.000964761
0.00101391
0.00103031
0.00101109
0.00100386
0.00100557
0.00100486
0.00100213
0.000999442
0.000996848
0.000994072
0.000991095
0.000987957
0.00098467
0.000981238
0.000977668
0.000973965
0.000970137
0.000966189
0.000962127
0.000957958
0.000953687
0.000949321
0.000944863
0.000940321
0.0009357
0.000931005
0.000926241
0.000921414
0.000916529
0.000911591
0.000906604
0.000901575
0.000896507
0.000891405
0.000886275
0.000881119
0.000875944
0.000870753
0.000865551
0.00086034
0.000855127
0.000849913
0.000844703
0.000839501
0.000834309
0.000829131
0.000823971
0.000818831
0.000813714
0.000808623
0.00080356
0.000893988
0.0010673
0.00102121
0.000960388
0.00100931
0.00102751
0.00100819
0.00100021
0.00100182
0.00100121
0.000998459
0.00099569
0.000993034
0.000990205
0.000987172
0.000983978
0.000980635
0.000977148
0.000973523
0.000969767
0.000965886
0.000961887
0.000957777
0.000953561
0.000949245
0.000944836
0.000940339
0.000935759
0.000931104
0.000926377
0.000921584
0.000916731
0.000911823
0.000906866
0.000901863
0.000896821
0.000891743
0.000886635
0.000881502
0.000876347
0.000871176
0.000865992
0.000860799
0.000855602
0.000850404
0.00084521
0.000840022
0.000834844
0.00082968
0.000824533
0.000819405
0.0008143
0.00080922
0.000804169
0.000799148
0.000889486
0.00106171
0.00101901
0.000956168
0.00100481
0.0010248
0.00100542
0.000996693
0.000998181
0.00099768
0.000994908
0.000992065
0.00098935
0.00098647
0.000983385
0.000980137
0.000976741
0.000973202
0.000969526
0.00096572
0.000961791
0.000957745
0.000953589
0.00094933
0.000944973
0.000940525
0.000935991
0.000931378
0.000926691
0.000921935
0.000917117
0.000912242
0.000907314
0.00090234
0.000897324
0.000892272
0.000887187
0.000882075
0.000876941
0.000871789
0.000866622
0.000861447
0.000856266
0.000851083
0.000845902
0.000840728
0.000835563
0.000830411
0.000825274
0.000820158
0.000815063
0.000809993
0.00080495
0.000799938
0.000794959
0.000885121
0.00105625
0.00101688
0.000952112
0.00100042
0.00102217
0.00100279
0.000993323
0.000994676
0.000994278
0.000991493
0.00098858
0.000985807
0.000982879
0.000979746
0.000976448
0.000973002
0.000969414
0.00096569
0.000961837
0.000957863
0.000953774
0.000949576
0.000945277
0.000940882
0.000936398
0.000931831
0.000927187
0.000922472
0.000917692
0.000912851
0.000907956
0.000903012
0.000898024
0.000892997
0.000887936
0.000882847
0.000877733
0.0008726
0.000867452
0.000862292
0.000857127
0.000851958
0.000846791
0.000841628
0.000836474
0.000831333
0.000826206
0.000821098
0.000816011
0.000810949
0.000805914
0.000800908
0.000795934
0.000790995
0.000880906
0.00105093
0.00101483
0.000948232
0.000996151
0.00101965
0.00100031
0.000990113
0.000991316
0.00099102
0.000988228
0.000985248
0.00098242
0.000979447
0.000976267
0.000972922
0.00096943
0.000965796
0.000962028
0.000958132
0.000954115
0.000949986
0.00094575
0.000941414
0.000936985
0.000932468
0.000927872
0.0009232
0.00091846
0.000913657
0.000908796
0.000903884
0.000898926
0.000893926
0.000888891
0.000883825
0.000878732
0.000873619
0.000868488
0.000863345
0.000858194
0.000853039
0.000847884
0.000842733
0.000837589
0.000832456
0.000827338
0.000822237
0.000817156
0.0008121
0.000807069
0.000802068
0.000797098
0.000792161
0.000787261
0.000876858
0.00104577
0.00101288
0.000944541
0.000992033
0.00101725
0.000997989
0.000987077
0.000988115
0.000987918
0.000985126
0.000982083
0.000979202
0.000976185
0.000972962
0.000969573
0.000966037
0.000962361
0.000958552
0.000954615
0.00095056
0.000946394
0.000942123
0.000937753
0.000933293
0.000928748
0.000924124
0.000919428
0.000914665
0.000909843
0.000904965
0.000900038
0.000895068
0.000890059
0.000885017
0.000879947
0.000874853
0.000869741
0.000864615
0.000859478
0.000854336
0.000849193
0.000844052
0.000838917
0.000833792
0.00082868
0.000823585
0.000818509
0.000813456
0.000808429
0.000803429
0.000798461
0.000793525
0.000788625
0.000783762
0.000872993
0.0010408
0.00101105
0.000941052
0.000988077
0.00101497
0.000995847
0.000984229
0.000985089
0.000984988
0.0009822
0.000979097
0.000976165
0.000973107
0.000969844
0.000966414
0.000962838
0.000959123
0.000955275
0.000951302
0.000947212
0.000943012
0.000938708
0.000934309
0.00092982
0.000925249
0.000920601
0.000915883
0.000911101
0.000906261
0.000901369
0.00089643
0.00089145
0.000886433
0.000881387
0.000876314
0.00087122
0.000866111
0.000860989
0.00085586
0.000850728
0.000845597
0.00084047
0.000835352
0.000830245
0.000825154
0.000820082
0.000815031
0.000810004
0.000805005
0.000800036
0.000795099
0.000790196
0.000785331
0.000780504
0.000869329
0.00103602
0.00100936
0.000937782
0.000984303
0.00101285
0.000993895
0.000981584
0.000982251
0.000982244
0.000979464
0.000976306
0.000973325
0.000970229
0.000966929
0.00096346
0.000959847
0.000956096
0.000952213
0.000948206
0.000944084
0.000939853
0.000935521
0.000931094
0.00092658
0.000921985
0.000917316
0.000912579
0.00090778
0.000902925
0.00089802
0.000893071
0.000888082
0.000883061
0.00087801
0.000872937
0.000867844
0.000862738
0.000857622
0.000852501
0.000847379
0.00084226
0.000837148
0.000832046
0.000826958
0.000821887
0.000816837
0.000811809
0.000806808
0.000801836
0.000796896
0.000791988
0.000787117
0.000782285
0.000777492
0.000865884
0.00103147
0.00100782
0.000934746
0.000980729
0.00101089
0.000992147
0.000979156
0.000979619
0.000979702
0.000976935
0.000973724
0.000970696
0.000967564
0.000964229
0.000960726
0.000957079
0.000953294
0.00094938
0.000945342
0.000941191
0.000936932
0.000932574
0.000928123
0.000923586
0.000918971
0.000914283
0.000909529
0.000904715
0.000899847
0.000894932
0.000889974
0.000884979
0.000879953
0.000874901
0.000869827
0.000864737
0.000859635
0.000854525
0.000849412
0.000844301
0.000839194
0.000834096
0.00082901
0.000823939
0.000818888
0.000813858
0.000808854
0.000803877
0.00079893
0.000794016
0.000789138
0.000784296
0.000779494
0.000774733
0.000862677
0.00102716
0.00100646
0.000931961
0.000977376
0.00100912
0.000990617
0.000976963
0.000977209
0.000977376
0.000974626
0.000971366
0.000968294
0.000965129
0.000961762
0.000958226
0.000954548
0.000950733
0.00094679
0.000942725
0.000938548
0.000934264
0.000929883
0.00092541
0.000920854
0.00091622
0.000911516
0.000906747
0.000901921
0.000897042
0.000892118
0.000887153
0.000882153
0.000877124
0.000872071
0.000866998
0.00086191
0.000856813
0.00085171
0.000846605
0.000841504
0.000836409
0.000831324
0.000826253
0.000821199
0.000816166
0.000811156
0.000806173
0.000801219
0.000796296
0.000791407
0.000786554
0.00078174
0.000776966
0.000772234
0.000859731
0.00102312
0.0010053
0.000929447
0.000974264
0.00100756
0.000989325
0.000975021
0.000975037
0.000975284
0.000972554
0.000969249
0.000966133
0.000962937
0.000959542
0.000955977
0.00095227
0.000948429
0.00094446
0.000940371
0.00093617
0.000931865
0.000927464
0.000922972
0.000918399
0.000913749
0.000909031
0.00090425
0.000899412
0.000894525
0.000889593
0.000884623
0.000879619
0.000874588
0.000869534
0.000864462
0.000859378
0.000854285
0.000849189
0.000844092
0.000839
0.000833916
0.000828844
0.000823787
0.000818749
0.000813733
0.000808741
0.000803777
0.000798844
0.000793943
0.000789077
0.000784248
0.000779458
0.00077471
0.000770004
0.000857066
0.00101937
0.00100437
0.000927221
0.00097141
0.00100621
0.000988291
0.000973348
0.000973119
0.000973439
0.000970734
0.000967386
0.000964231
0.000961007
0.000957585
0.000953995
0.000950263
0.000946398
0.000942407
0.000938297
0.000934076
0.000929752
0.000925333
0.000920825
0.000916237
0.000911574
0.000906843
0.000902052
0.000897206
0.000892311
0.000887373
0.000882398
0.000877392
0.000872359
0.000867305
0.000862236
0.000857154
0.000852066
0.000846976
0.000841887
0.000836804
0.00083173
0.00082667
0.000821626
0.000816602
0.0008116
0.000806625
0.000801679
0.000796763
0.000791882
0.000787036
0.000782228
0.000777461
0.000772735
0.000768053
0.000854712
0.00101592
0.00100371
0.000925305
0.000968817
0.00100512
0.000987538
0.000971962
0.000971469
0.000971857
0.000969181
0.000965796
0.000962603
0.000959353
0.000955909
0.000952296
0.000948543
0.000944658
0.000940647
0.000936519
0.000932281
0.000927941
0.000923507
0.000918986
0.000914385
0.000909711
0.000904971
0.000900171
0.000895317
0.000890416
0.000885474
0.000880495
0.000875487
0.000870454
0.000865401
0.000860333
0.000855254
0.000850171
0.000845086
0.000840004
0.000834928
0.000829864
0.000824814
0.000819781
0.000814769
0.000809781
0.00080482
0.000799889
0.00079499
0.000790125
0.000785297
0.000780507
0.000775759
0.000771053
0.000766391
0.000852722
0.00101284
0.00100336
0.000923746
0.000966524
0.00100428
0.000987081
0.000970876
0.000970101
0.000970552
0.000967911
0.000964493
0.000961266
0.000957994
0.00095453
0.000950899
0.000947128
0.000943226
0.000939199
0.000935056
0.000930804
0.000926451
0.000922005
0.000917473
0.000912862
0.00090818
0.000903431
0.000898624
0.000893765
0.000888859
0.000883913
0.000878933
0.000873923
0.000868889
0.000863836
0.00085877
0.000853695
0.000848615
0.000843535
0.000838459
0.00083339
0.000828333
0.000823292
0.000818269
0.000813267
0.00080829
0.000803341
0.000798422
0.000793536
0.000788686
0.000783872
0.000779098
0.000774365
0.000769675
0.00076503
0.000851143
0.00101029
0.00100336
0.000922468
0.000964617
0.00100386
0.000986961
0.00097007
0.00096901
0.000969543
0.000966945
0.000963495
0.000960236
0.000956945
0.000953467
0.000949821
0.000946036
0.000942121
0.000938082
0.000933927
0.000929665
0.000925302
0.000920847
0.000916307
0.000911688
0.000906998
0.000902244
0.000897432
0.000892569
0.000887659
0.000882711
0.000877728
0.000872717
0.000867684
0.000862632
0.000857567
0.000852494
0.000847417
0.000842341
0.000837269
0.000832206
0.000827156
0.000822121
0.000817105
0.000812111
0.000807143
0.000802204
0.000797295
0.000792419
0.000787579
0.000782777
0.000778014
0.000773294
0.000768617
0.000763985
0.000848923
0.00100801
0.00100418
0.000921251
0.000962763
0.00100405
0.000987386
0.000969513
0.000968126
0.00096882
0.000966302
0.000962819
0.000959528
0.000956225
0.000952738
0.000949082
0.000945286
0.000941362
0.000937315
0.000933153
0.000928883
0.000924513
0.000920052
0.000915506
0.000910883
0.000906188
0.00090143
0.000896615
0.000891748
0.000886837
0.000881886
0.000876903
0.000871891
0.000866858
0.000861806
0.000856743
0.000851672
0.000846597
0.000841524
0.000836455
0.000831396
0.000826349
0.000821319
0.000816308
0.000811321
0.000806359
0.000801425
0.000796523
0.000791654
0.000786822
0.000782027
0.000777273
0.000772561
0.000767892
0.000763269
0.000850276
0.00100271
0.00100779
0.000921288
0.000959298
0.0010041
0.000988833
0.000969493
0.000967432
0.000968361
0.000965996
0.000962489
0.000959164
0.000955853
0.000952363
0.000948701
0.000944901
0.000940972
0.00093692
0.000932753
0.00092848
0.000924107
0.000919642
0.000915094
0.000910467
0.000905771
0.000901011
0.000896193
0.000891325
0.000886413
0.000881462
0.000876477
0.000871466
0.000866432
0.000861381
0.000856318
0.000851248
0.000846174
0.000841102
0.000836035
0.000830978
0.000825934
0.000820906
0.000815898
0.000810913
0.000805954
0.000801024
0.000796126
0.000791261
0.000786432
0.000781642
0.000776892
0.000772184
0.00076752
0.000762902
0.00109988
0.00109478
0.00108938
0.00108365
0.00107759
0.00107118
0.00106441
0.00105727
0.00104974
0.0010418
0.00103345
0.00102467
0.00101545
0.00100577
0.000995629
0.000985005
0.00108948
0.00108425
0.00107872
0.00107288
0.00106671
0.00106021
0.00105335
0.00104612
0.00103852
0.00103053
0.00102213
0.00101332
0.00100409
0.000994413
0.000984288
0.000973702
0.00107914
0.00107379
0.00106815
0.00106221
0.00105594
0.00104934
0.0010424
0.00103511
0.00102745
0.00101941
0.00101098
0.00100215
0.000992912
0.000983249
0.000973153
0.000962615
0.00106887
0.00106342
0.00105768
0.00105163
0.00104528
0.0010386
0.00103159
0.00102424
0.00101653
0.00100845
0.000999999
0.000991161
0.000981926
0.000972284
0.000962227
0.000951746
0.00105868
0.00105313
0.00104729
0.00104116
0.00103473
0.00102798
0.00102091
0.00101351
0.00100576
0.000997657
0.000989192
0.000980353
0.000971133
0.000961523
0.000951514
0.0009411
0.00104858
0.00104294
0.00103702
0.00103081
0.00102431
0.0010175
0.00101038
0.00100293
0.000995153
0.000987033
0.000978563
0.000969735
0.000960539
0.000950969
0.000941017
0.000930677
0.00103858
0.00103285
0.00102685
0.00102058
0.00101401
0.00100715
0.000999988
0.000992511
0.000984712
0.000976584
0.000968119
0.000959309
0.000950147
0.000940625
0.000930738
0.00102867
0.00102287
0.0010168
0.00101047
0.00100385
0.000996948
0.000989751
0.000982251
0.000974442
0.000966314
0.000957863
0.00094908
0.000939959
0.000930494
0.00092068
0.00101888
0.00101301
0.00100688
0.00100049
0.000993831
0.000986894
0.000979672
0.000972159
0.000964346
0.000956228
0.000947798
0.00093905
0.000929978
0.000920578
0.000910843
0.00100919
0.00100326
0.000997085
0.000990652
0.000983958
0.000976995
0.000969756
0.000962237
0.000954429
0.000946328
0.000937928
0.000929223
0.000920208
0.000910878
0.00090123
0.00099963
0.000993648
0.000987426
0.000980958
0.000974236
0.000967255
0.000960008
0.00095249
0.000944696
0.000936619
0.000928256
0.000919601
0.000910649
0.000901397
0.000891842
0.000990192
0.000984167
0.000977909
0.000971412
0.00096467
0.000957679
0.000950431
0.000942923
0.000935149
0.000927104
0.000918785
0.000910186
0.000901304
0.000892136
0.000882679
0.000980885
0.000974824
0.000968537
0.000962019
0.000955266
0.000948271
0.00094103
0.000933538
0.000925792
0.000917785
0.000909516
0.00090098
0.000892174
0.000883095
0.000873741
0.000971715
0.000965625
0.000959317
0.000952785
0.000946027
0.000939035
0.000931808
0.00092434
0.000916627
0.000908665
0.000900453
0.000891985
0.00088326
0.000874275
0.000865028
0.000962687
0.000956575
0.000950252
0.000943714
0.000936957
0.000929976
0.000922768
0.00091533
0.000907657
0.000899746
0.000891595
0.000883201
0.000874562
0.000865676
0.000856541
0.000953807
0.000947679
0.000941347
0.000934809
0.00092806
0.000921096
0.000913914
0.000906511
0.000898884
0.00089103
0.000882946
0.000874631
0.000866082
0.000857298
0.000848279
0.000945078
0.00093894
0.000932607
0.000926075
0.00091934
0.000912399
0.000905249
0.000897887
0.00089031
0.000882517
0.000874506
0.000866273
0.000857819
0.000849142
0.000840241
0.000936505
0.000930364
0.000924035
0.000917515
0.000910799
0.000903887
0.000896774
0.000889458
0.000881938
0.00087421
0.000866275
0.000858129
0.000849773
0.000841205
0.000832425
0.000928092
0.000921954
0.000915635
0.000909132
0.000902442
0.000895562
0.000888491
0.000881227
0.000873767
0.00086611
0.000858254
0.000850199
0.000841944
0.000833488
0.000824831
0.000919845
0.000913714
0.00090741
0.000900929
0.000894269
0.000887428
0.000880404
0.000873195
0.000865799
0.000858216
0.000850444
0.000842482
0.000834331
0.000825989
0.000817457
0.000911765
0.000905648
0.000899364
0.00089291
0.000886285
0.000879486
0.000872513
0.000865363
0.000858036
0.00085053
0.000842844
0.000834979
0.000826933
0.000818707
0.000810302
0.000903857
0.000897758
0.000891498
0.000885076
0.00087849
0.000871739
0.00086482
0.000857733
0.000850477
0.000843051
0.000835455
0.000827688
0.00081975
0.000811642
0.000803363
0.000896124
0.000890047
0.000883817
0.000877431
0.000870888
0.000864187
0.000857326
0.000850305
0.000843124
0.000835781
0.000828276
0.000820609
0.00081278
0.00080479
0.00079664
0.00088857
0.000882519
0.000876322
0.000869975
0.000863479
0.000856832
0.000850032
0.000843081
0.000835976
0.000828717
0.000821306
0.00081374
0.000806022
0.000798151
0.000790129
0.000881196
0.000875176
0.000869015
0.000862712
0.000856266
0.000849675
0.00084294
0.000836059
0.000829033
0.000821862
0.000814545
0.000807082
0.000799475
0.000791723
0.000783829
0.000874007
0.000868021
0.0008619
0.000855643
0.000849249
0.000842718
0.000836049
0.000829242
0.000822297
0.000815213
0.000807992
0.000800633
0.000793137
0.000785504
0.000777737
0.000867004
0.000861055
0.000854977
0.000848769
0.00084243
0.000835961
0.00082936
0.000822628
0.000815765
0.000808771
0.000801646
0.000794391
0.000787006
0.000779493
0.000771852
0.000860191
0.000854281
0.000848248
0.000842092
0.00083581
0.000829405
0.000822874
0.000816219
0.000809439
0.000802535
0.000795506
0.000788355
0.000781081
0.000773686
0.000766171
0.000853569
0.000847701
0.000841716
0.000835613
0.000829391
0.00082305
0.000816591
0.000810013
0.000803317
0.000796504
0.000789572
0.000782525
0.000775361
0.000768083
0.000760692
0.00084714
0.000841317
0.000835382
0.000829334
0.000823173
0.000816899
0.000810512
0.000804012
0.000797401
0.000790677
0.000783843
0.000776898
0.000769844
0.000762682
0.000755413
0.000840908
0.000835131
0.000829247
0.000823256
0.000817157
0.00081095
0.000804636
0.000798215
0.000791688
0.000785055
0.000778316
0.000771474
0.000764528
0.00075748
0.000750332
0.000834874
0.000829145
0.000823314
0.00081738
0.000811343
0.000805205
0.000798964
0.000792622
0.000786179
0.000779635
0.000772992
0.000766251
0.000759412
0.000752476
0.000745446
0.00082904
0.00082336
0.000817582
0.000811707
0.000805734
0.000799663
0.000793496
0.000787233
0.000780873
0.000774419
0.00076787
0.000761228
0.000754494
0.000747669
0.000740754
0.000823408
0.000817778
0.000812055
0.000806239
0.000800329
0.000794327
0.000788233
0.000782047
0.000775771
0.000769404
0.000762948
0.000756404
0.000749773
0.000743056
0.000736254
0.000817981
0.000812402
0.000806734
0.000800977
0.000795131
0.000789196
0.000783175
0.000777066
0.000770872
0.000764591
0.000758226
0.000751778
0.000745248
0.000738636
0.000731945
0.000812761
0.000807233
0.00080162
0.000795922
0.000790139
0.000784272
0.000778322
0.00077229
0.000766175
0.00075998
0.000753704
0.00074735
0.000740917
0.000734408
0.000727824
0.000807751
0.000802273
0.000796715
0.000791075
0.000785355
0.000779555
0.000773676
0.000767718
0.000761682
0.00075557
0.000749382
0.000743118
0.000736781
0.000730372
0.000723891
0.000802952
0.000797525
0.000792021
0.00078644
0.000780781
0.000775047
0.000769236
0.000763352
0.000757393
0.000751362
0.000745258
0.000739083
0.000732839
0.000726526
0.000720145
0.000798368
0.000792992
0.000787541
0.000782016
0.000776419
0.000770748
0.000765005
0.000759192
0.000753308
0.000747355
0.000741333
0.000735244
0.000729089
0.000722869
0.000716585
0.000794002
0.000788675
0.000783277
0.000777808
0.000772269
0.000766661
0.000760984
0.00075524
0.000749428
0.000743551
0.000737608
0.000731602
0.000725533
0.000719402
0.000713211
0.000789857
0.000784578
0.000779231
0.000773817
0.000768335
0.000762787
0.000757174
0.000751496
0.000745755
0.00073995
0.000734084
0.000728157
0.00072217
0.000716125
0.000710022
0.000785936
0.000780704
0.000775407
0.000770045
0.000764619
0.00075913
0.000753578
0.000747964
0.00074229
0.000736555
0.000730761
0.00072491
0.000719001
0.000713038
0.000707019
0.000782244
0.000777058
0.000771808
0.000766497
0.000761125
0.000755691
0.000750197
0.000744645
0.000739034
0.000733366
0.000727642
0.000721862
0.000716028
0.000710142
0.000704203
0.000778786
0.000773642
0.000768439
0.000763176
0.000757854
0.000752474
0.000747036
0.000741542
0.000735992
0.000730387
0.000724728
0.000719016
0.000713253
0.000707439
0.000701575
0.000775565
0.000770464
0.000765304
0.000760087
0.000754813
0.000749483
0.000744097
0.000738657
0.000733165
0.000727619
0.000722021
0.000716373
0.000710676
0.00070493
0.000699137
0.000772589
0.000767527
0.000762408
0.000757234
0.000752005
0.000746722
0.000741385
0.000735997
0.000730557
0.000725067
0.000719526
0.000713938
0.000708302
0.000702619
0.000696892
0.000769864
0.000764837
0.000759757
0.000754623
0.000749435
0.000744196
0.000738905
0.000733564
0.000728173
0.000722734
0.000717247
0.000711713
0.000706133
0.000700509
0.000694841
0.000767397
0.000762403
0.000757357
0.00075226
0.000747111
0.000741911
0.000736662
0.000731364
0.000726018
0.000720626
0.000715186
0.000709702
0.000704174
0.000698603
0.00069299
0.000765195
0.000760232
0.000755218
0.000750153
0.000745039
0.000739875
0.000734663
0.000729404
0.000724099
0.000718748
0.000713352
0.000707912
0.00070243
0.000696906
0.000691342
0.000763269
0.000758332
0.000753346
0.000748311
0.000743227
0.000738095
0.000732916
0.000727691
0.000722421
0.000717107
0.000711749
0.000706349
0.000700907
0.000695425
0.000689904
0.000761628
0.000756715
0.000751753
0.000746743
0.000741685
0.00073658
0.000731429
0.000726234
0.000720994
0.000715712
0.000710386
0.000705019
0.000699612
0.000694166
0.000688681
0.000760285
0.000755391
0.000750448
0.000745459
0.000740423
0.00073534
0.000730213
0.000725042
0.000719827
0.00071457
0.000709271
0.000703932
0.000698553
0.000693136
0.000687681
0.000759254
0.000754374
0.000749447
0.000744473
0.000739454
0.000734389
0.000729279
0.000724126
0.000718931
0.000713694
0.000708416
0.000703098
0.000697741
0.000692346
0.000686914
0.000758547
0.000753677
0.000748761
0.000743798
0.00073879
0.000733737
0.00072864
0.0007235
0.000718318
0.000713095
0.000707831
0.000702527
0.000697185
0.000691806
0.00068639
0.000758185
0.00075332
0.000748409
0.000743452
0.00073845
0.000733403
0.000728312
0.000723179
0.000718004
0.000712787
0.000707531
0.000702234
0.0006969
0.000691528
0.000686121
)
;

boundaryField
{
    down
    {
        type            symmetryPlane;
    }
    right
    {
        type            fixedValue;
        value           nonuniform List<scalar> 0();
    }
    up
    {
        type            symmetryPlane;
    }
    left
    {
        type            zeroGradient;
    }
    cylinder
    {
        type            zeroGradient;
    }
    frontAndBack
    {
        type            empty;
    }
    procBoundary8to4
    {
        type            processor;
        value           nonuniform List<scalar> 
72
(
0.00139496
0.00139667
0.00139812
0.00139925
0.00140006
0.00140049
0.0014005
0.00140007
0.00139914
0.00139766
0.00139559
0.00139287
0.00138944
0.00138524
0.0013802
0.00137426
0.00114461
0.00131977
0.00114522
0.00123639
0.00121538
0.00121123
0.00121878
0.00121919
0.0012207
0.00122051
0.00122051
0.00122286
0.00122538
0.00122814
0.00123108
0.00123419
0.00123747
0.0012409
0.00124448
0.0012482
0.00125205
0.00125602
0.0012601
0.00126428
0.00126855
0.00127291
0.00127734
0.00128185
0.0012864
0.00129101
0.00129565
0.00130032
0.00130501
0.00130971
0.0013144
0.00131909
0.00132375
0.00132837
0.00133295
0.00133747
0.00134193
0.00134631
0.0013506
0.00135478
0.00135886
0.00136281
0.00136662
0.00137029
0.0013738
0.00137714
0.00138031
0.00138328
0.00138605
0.0013886
0.00139094
0.00139304
)
;
    }
    procBoundary8to5
    {
        type            processor;
        value           uniform 0.00134027;
    }
    procBoundary8to9
    {
        type            processor;
        value           nonuniform List<scalar> 
75
(
0.00131419
0.00128907
0.00126491
0.00124166
0.00121931
0.00119784
0.00117721
0.0011574
0.00113838
0.00112013
0.00110261
0.00108579
0.00106966
0.00105419
0.00103934
0.00102509
0.00101142
0.000998305
0.00098572
0.00097389
0.000962645
0.000951625
0.000940834
0.000930272
0.000919943
0.00092048
0.00092048
0.000910511
0.000900771
0.000891261
0.00088198
0.00087293
0.00086411
0.000855519
0.000847157
0.000839023
0.000831115
0.000823433
0.000815974
0.000808736
0.000801717
0.000794916
0.00078833
0.000781956
0.000775792
0.000769836
0.000764085
0.000758537
0.000753189
0.000748039
0.000743084
0.000738322
0.000733752
0.00072937
0.000725175
0.000721166
0.000717341
0.000713699
0.000710239
0.000706961
0.000703864
0.000700948
0.000698214
0.000695664
0.000693299
0.00069112
0.000689131
0.000687336
0.000685738
0.000684344
0.000683159
0.00068219
0.000681446
0.000680938
0.000680677
)
;
    }
}


// ************************************************************************* //
