/*--------------------------------*- C++ -*----------------------------------*\
| =========                 |                                                 |
| \\      /  F ield         | OpenFOAM: The Open Source CFD Toolbox           |
|  \\    /   O peration     | Version:  2412                                  |
|   \\  /    A nd           | Website:  www.openfoam.com                      |
|    \\/     M anipulation  |                                                 |
\*---------------------------------------------------------------------------*/
FoamFile
{
    version     2.0;
    format      ascii;
    arch        "LSB;label=32;scalar=64";
    class       volScalarField;
    location    "11.5";
    object      p;
}
// * * * * * * * * * * * * * * * * * * * * * * * * * * * * * * * * * * * * * //

dimensions      [0 2 -2 0 0 0 0];

internalField   nonuniform List<scalar> 
5285
(
-0.000110929
-6.15182e-05
-2.27991e-05
6.78651e-06
2.86846e-05
4.42131e-05
5.45471e-05
6.07115e-05
6.35867e-05
6.3917e-05
6.23229e-05
5.93137e-05
5.53019e-05
5.06167e-05
4.55173e-05
4.0204e-05
3.48296e-05
2.95077e-05
2.43211e-05
1.93278e-05
1.45668e-05
1.00627e-05
5.82854e-06
1.86936e-06
-1.81598e-06
-5.23296e-06
-8.39027e-06
-1.12981e-05
-0.00012568
-7.46986e-05
-3.45431e-05
-3.65358e-06
1.94211e-05
3.60065e-05
4.72858e-05
5.42924e-05
5.79156e-05
5.89089e-05
5.79008e-05
5.54088e-05
5.18529e-05
4.7569e-05
4.28224e-05
3.78195e-05
3.27177e-05
2.76354e-05
2.26593e-05
1.78511e-05
1.32532e-05
8.8926e-06
4.78517e-06
9.37986e-07
-2.64815e-06
-5.97704e-06
-9.05606e-06
-1.18933e-05
-0.000154764
-0.000100703
-5.77299e-05
-2.42783e-05
1.11335e-06
1.97822e-05
3.29265e-05
4.15965e-05
4.66984e-05
4.90024e-05
4.91538e-05
4.76854e-05
4.50317e-05
4.15422e-05
3.74943e-05
3.31054e-05
2.85432e-05
2.39348e-05
1.93752e-05
1.49331e-05
1.06573e-05
6.5804e-06
2.72316e-06
-9.02985e-07
-4.29343e-06
-7.44867e-06
-1.03733e-05
-1.30716e-05
-0.000196827
-0.000138344
-9.13105e-05
-5.41639e-05
-2.5429e-05
-3.7505e-06
1.20903e-05
2.31667e-05
3.0409e-05
3.46113e-05
3.64424e-05
3.64574e-05
3.51117e-05
3.27738e-05
2.9739e-05
2.62407e-05
2.24609e-05
1.854e-05
1.45843e-05
1.06733e-05
6.86466e-06
3.19929e-06
-2.9501e-07
-3.6005e-06
-6.70709e-06
-9.61052e-06
-1.23111e-05
-1.48074e-05
-0.000186851
-0.000134726
-9.29092e-05
-5.9922e-05
-3.43951e-05
-1.50893e-05
-9.06726e-07
9.10908e-06
1.57799e-05
1.98017e-05
2.1756e-05
2.21233e-05
2.12959e-05
1.95909e-05
1.72621e-05
1.451e-05
1.14918e-05
8.32902e-06
5.11452e-06
1.91821e-06
-1.20829e-06
-4.22774e-06
-7.11413e-06
-9.85017e-06
-1.24254e-05
-1.48342e-05
-1.70679e-05
-0.000251357
-0.000192921
-0.000145194
-0.000106721
-7.61435e-05
-5.22216e-05
-3.38474e-05
-2.00472e-05
-9.97706e-06
-2.91619e-06
1.74383e-06
4.51084e-06
5.80461e-06
5.96897e-06
5.28315e-06
3.97214e-06
2.21575e-06
1.56587e-07
-2.09324e-06
-4.4464e-06
-6.83566e-06
-9.20988e-06
-1.15309e-05
-1.37708e-05
-1.591e-05
-1.79344e-05
-1.98287e-05
-0.000326658
-0.00026068
-0.000205901
-0.000160902
-0.000124335
-9.49566e-05
-7.16438e-05
-5.34002e-05
-3.93538e-05
-2.87518e-05
-2.09518e-05
-1.54116e-05
-1.16771e-05
-9.37127e-06
-8.1831e-06
-7.85777e-06
-8.18771e-06
-9.00484e-06
-1.01739e-05
-1.15868e-05
-1.31577e-05
-1.48192e-05
-1.65187e-05
-1.8216e-05
-1.98809e-05
-2.14905e-05
-2.30261e-05
-1.39736e-05
-1.64677e-05
-1.87909e-05
-2.09399e-05
-2.29183e-05
-2.47305e-05
-2.6381e-05
-2.78745e-05
-2.92165e-05
-3.04127e-05
-3.14692e-05
-3.2392e-05
-3.31871e-05
-3.38603e-05
-3.44172e-05
-3.48631e-05
-3.52027e-05
-3.54407e-05
-3.55813e-05
-3.56286e-05
-3.55867e-05
-3.546e-05
-3.52531e-05
-3.49709e-05
-3.46186e-05
-3.42015e-05
-3.37249e-05
-3.31944e-05
-3.26152e-05
-3.19925e-05
-3.13309e-05
-3.06352e-05
-2.99095e-05
-2.9158e-05
-2.83843e-05
-2.7592e-05
-2.67844e-05
-2.59646e-05
-2.51356e-05
-2.43003e-05
-2.34611e-05
-2.26207e-05
-2.17813e-05
-2.0945e-05
-1.44972e-05
-1.6944e-05
-1.92255e-05
-2.13342e-05
-2.32754e-05
-2.50539e-05
-2.66735e-05
-2.81389e-05
-2.94552e-05
-3.06281e-05
-3.16633e-05
-3.25665e-05
-3.33437e-05
-3.40006e-05
-3.45425e-05
-3.49746e-05
-3.53017e-05
-3.55283e-05
-3.56584e-05
-3.56962e-05
-3.56458e-05
-3.55114e-05
-3.52977e-05
-3.50095e-05
-3.46519e-05
-3.42301e-05
-3.37494e-05
-3.32153e-05
-3.26329e-05
-3.20073e-05
-3.13432e-05
-3.06453e-05
-2.99176e-05
-2.91644e-05
-2.83891e-05
-2.75954e-05
-2.67866e-05
-2.59658e-05
-2.51359e-05
-2.42998e-05
-2.34599e-05
-2.2619e-05
-2.1779e-05
-2.09424e-05
-1.55379e-05
-1.78905e-05
-2.00888e-05
-2.21174e-05
-2.39848e-05
-2.56963e-05
-2.72548e-05
-2.86644e-05
-2.99298e-05
-3.10563e-05
-3.2049e-05
-3.29135e-05
-3.36553e-05
-3.42796e-05
-3.47918e-05
-3.51966e-05
-3.54987e-05
-3.57024e-05
-3.58118e-05
-3.58308e-05
-3.57634e-05
-3.56139e-05
-3.53867e-05
-3.50865e-05
-3.47182e-05
-3.42871e-05
-3.37982e-05
-3.32568e-05
-3.26681e-05
-3.20368e-05
-3.13677e-05
-3.06653e-05
-2.99338e-05
-2.9177e-05
-2.83987e-05
-2.76023e-05
-2.67911e-05
-2.59682e-05
-2.51365e-05
-2.42987e-05
-2.34575e-05
-2.26155e-05
-2.17746e-05
-2.09371e-05
-1.70817e-05
-1.92955e-05
-2.13689e-05
-2.32789e-05
-2.50373e-05
-2.66495e-05
-2.81175e-05
-2.94445e-05
-3.06346e-05
-3.16922e-05
-3.26221e-05
-3.34291e-05
-3.41182e-05
-3.46943e-05
-3.51623e-05
-3.55267e-05
-3.57917e-05
-3.59616e-05
-3.60402e-05
-3.60312e-05
-3.59387e-05
-3.57667e-05
-3.55193e-05
-3.52013e-05
-3.48173e-05
-3.43722e-05
-3.38711e-05
-3.33189e-05
-3.27206e-05
-3.20809e-05
-3.14043e-05
-3.06953e-05
-2.99578e-05
-2.91958e-05
-2.84129e-05
-2.76124e-05
-2.67976e-05
-2.59716e-05
-2.51372e-05
-2.42971e-05
-2.34539e-05
-2.26101e-05
-2.17678e-05
-2.09292e-05
-1.91081e-05
-2.11407e-05
-2.30489e-05
-2.48033e-05
-2.64192e-05
-2.79016e-05
-2.92511e-05
-3.04699e-05
-3.15612e-05
-3.25286e-05
-3.3376e-05
-3.41076e-05
-3.47276e-05
-3.52404e-05
-3.56503e-05
-3.59614e-05
-3.61778e-05
-3.63033e-05
-3.63414e-05
-3.62958e-05
-3.61702e-05
-3.59685e-05
-3.56947e-05
-3.53532e-05
-3.49483e-05
-3.44849e-05
-3.39676e-05
-3.34011e-05
-3.27901e-05
-3.21392e-05
-3.14527e-05
-3.07349e-05
-2.99896e-05
-2.92207e-05
-2.84316e-05
-2.76257e-05
-2.68062e-05
-2.5976e-05
-2.5138e-05
-2.42949e-05
-2.3449e-05
-2.26029e-05
-2.17587e-05
-2.09185e-05
-2.15927e-05
-2.34023e-05
-2.51059e-05
-2.66707e-05
-2.8113e-05
-2.9437e-05
-3.06419e-05
-3.17286e-05
-3.26991e-05
-3.35561e-05
-3.43025e-05
-3.49416e-05
-3.54768e-05
-3.5912e-05
-3.62507e-05
-3.64967e-05
-3.66534e-05
-3.67243e-05
-3.67127e-05
-3.66222e-05
-3.6456e-05
-3.62179e-05
-3.59116e-05
-3.55411e-05
-3.51106e-05
-3.46244e-05
-3.4087e-05
-3.35028e-05
-3.28761e-05
-3.22113e-05
-3.15125e-05
-3.07837e-05
-3.00288e-05
-2.92512e-05
-2.84546e-05
-2.7642e-05
-2.68166e-05
-2.59813e-05
-2.51388e-05
-2.42918e-05
-2.34426e-05
-2.25938e-05
-2.17472e-05
-2.09051e-05
-2.45003e-05
-2.60496e-05
-2.7512e-05
-2.8857e-05
-3.00983e-05
-3.1238e-05
-3.22743e-05
-3.32067e-05
-3.40362e-05
-3.4764e-05
-3.53922e-05
-3.59229e-05
-3.63589e-05
-3.67029e-05
-3.69581e-05
-3.71275e-05
-3.72142e-05
-3.72211e-05
-3.71514e-05
-3.7008e-05
-3.67942e-05
-3.65132e-05
-3.61686e-05
-3.57639e-05
-3.53031e-05
-3.47901e-05
-3.42289e-05
-3.36236e-05
-3.29783e-05
-3.22969e-05
-3.15834e-05
-3.08416e-05
-3.0075e-05
-2.92873e-05
-2.84816e-05
-2.7661e-05
-2.68287e-05
-2.59872e-05
-2.51395e-05
-2.42879e-05
-2.34348e-05
-2.25826e-05
-2.17333e-05
-2.08888e-05
-2.78922e-05
-2.91316e-05
-3.03051e-05
-3.13969e-05
-3.24073e-05
-3.33347e-05
-3.41763e-05
-3.49304e-05
-3.55964e-05
-3.61744e-05
-3.66652e-05
-3.70699e-05
-3.73903e-05
-3.76284e-05
-3.77863e-05
-3.78666e-05
-3.78717e-05
-3.78041e-05
-3.76666e-05
-3.74616e-05
-3.71922e-05
-3.68612e-05
-3.64717e-05
-3.6027e-05
-3.55305e-05
-3.49858e-05
-3.43965e-05
-3.37663e-05
-3.30988e-05
-3.23978e-05
-3.16669e-05
-3.09097e-05
-3.01294e-05
-2.93295e-05
-2.85131e-05
-2.76831e-05
-2.68425e-05
-2.59938e-05
-2.51398e-05
-2.42828e-05
-2.34251e-05
-2.2569e-05
-2.17164e-05
-2.08692e-05
-3.17218e-05
-3.26188e-05
-3.34777e-05
-3.42855e-05
-3.50355e-05
-3.57234e-05
-3.63451e-05
-3.68973e-05
-3.7378e-05
-3.77859e-05
-3.81205e-05
-3.8382e-05
-3.85708e-05
-3.86881e-05
-3.87352e-05
-3.87139e-05
-3.8626e-05
-3.84734e-05
-3.82584e-05
-3.79833e-05
-3.76503e-05
-3.7262e-05
-3.68211e-05
-3.63305e-05
-3.5793e-05
-3.52118e-05
-3.45901e-05
-3.3931e-05
-3.32379e-05
-3.25142e-05
-3.17631e-05
-3.09879e-05
-3.01917e-05
-2.93777e-05
-2.85489e-05
-2.7708e-05
-2.68577e-05
-2.60007e-05
-2.51394e-05
-2.42761e-05
-2.34131e-05
-2.25525e-05
-2.1696e-05
-2.08457e-05
-3.58565e-05
-3.63971e-05
-3.69261e-05
-3.74301e-05
-3.79002e-05
-3.83301e-05
-3.87142e-05
-3.90479e-05
-3.93276e-05
-3.95507e-05
-3.97155e-05
-3.98208e-05
-3.98662e-05
-3.98517e-05
-3.97778e-05
-3.96455e-05
-3.9456e-05
-3.92106e-05
-3.8911e-05
-3.85589e-05
-3.81563e-05
-3.77052e-05
-3.72078e-05
-3.66665e-05
-3.60838e-05
-3.54623e-05
-3.48045e-05
-3.41135e-05
-3.33919e-05
-3.26428e-05
-3.18692e-05
-3.1074e-05
-3.02601e-05
-2.94305e-05
-2.85878e-05
-2.77347e-05
-2.68737e-05
-2.60074e-05
-2.5138e-05
-2.42678e-05
-2.33988e-05
-2.25332e-05
-2.16725e-05
-2.08188e-05
-4.02556e-05
-4.0427e-05
-4.06115e-05
-4.0796e-05
-4.09707e-05
-4.11276e-05
-4.12597e-05
-4.1361e-05
-4.14264e-05
-4.14522e-05
-4.14353e-05
-4.13733e-05
-4.12649e-05
-4.1109e-05
-4.09053e-05
-4.06538e-05
-4.03551e-05
-4.00099e-05
-3.96192e-05
-3.91843e-05
-3.87066e-05
-3.81876e-05
-3.76291e-05
-3.70329e-05
-3.6401e-05
-3.57355e-05
-3.50385e-05
-3.43124e-05
-3.35596e-05
-3.27828e-05
-3.19845e-05
-3.11673e-05
-3.0334e-05
-2.94871e-05
-2.86292e-05
-2.77628e-05
-2.68901e-05
-2.60136e-05
-2.51354e-05
-2.42576e-05
-2.33821e-05
-2.25109e-05
-2.16457e-05
-2.07882e-05
-4.48794e-05
-4.46685e-05
-4.44962e-05
-4.43492e-05
-4.42165e-05
-4.40885e-05
-4.3957e-05
-4.38145e-05
-4.36548e-05
-4.34728e-05
-4.32643e-05
-4.30259e-05
-4.27549e-05
-4.24494e-05
-4.21082e-05
-4.17305e-05
-4.13161e-05
-4.0865e-05
-4.03776e-05
-3.98547e-05
-3.9297e-05
-3.87057e-05
-3.80819e-05
-3.7427e-05
-3.67423e-05
-3.60294e-05
-3.52901e-05
-3.45262e-05
-3.37398e-05
-3.29329e-05
-3.21078e-05
-3.12669e-05
-3.04125e-05
-2.9547e-05
-2.86727e-05
-2.77918e-05
-2.69065e-05
-2.60189e-05
-2.51311e-05
-2.42451e-05
-2.33626e-05
-2.24855e-05
-2.16154e-05
-2.07538e-05
-4.9681e-05
-4.90795e-05
-4.85423e-05
-4.80555e-05
-4.76066e-05
-4.71851e-05
-4.67811e-05
-4.63863e-05
-4.5993e-05
-4.55951e-05
-4.51871e-05
-4.47646e-05
-4.43238e-05
-4.38621e-05
-4.3377e-05
-4.28672e-05
-4.23315e-05
-4.17693e-05
-4.11805e-05
-4.0565e-05
-3.99233e-05
-3.92557e-05
-3.85629e-05
-3.78458e-05
-3.71051e-05
-3.63419e-05
-3.55575e-05
-3.47533e-05
-3.39308e-05
-3.30918e-05
-3.22381e-05
-3.13718e-05
-3.04948e-05
-2.96093e-05
-2.87174e-05
-2.7821e-05
-2.69222e-05
-2.60229e-05
-2.51249e-05
-2.42301e-05
-2.33401e-05
-2.24567e-05
-2.15813e-05
-2.07154e-05
-5.46139e-05
-5.36183e-05
-5.27122e-05
-5.18808e-05
-5.11106e-05
-5.03897e-05
-4.97075e-05
-4.90541e-05
-4.84212e-05
-4.78012e-05
-4.71877e-05
-4.65753e-05
-4.59593e-05
-4.53358e-05
-4.47019e-05
-4.40551e-05
-4.33936e-05
-4.27162e-05
-4.20219e-05
-4.13102e-05
-4.05807e-05
-3.98335e-05
-3.90686e-05
-3.82861e-05
-3.74866e-05
-3.66705e-05
-3.58385e-05
-3.49917e-05
-3.41311e-05
-3.32581e-05
-3.23741e-05
-3.14808e-05
-3.05799e-05
-2.96733e-05
-2.87627e-05
-2.78499e-05
-2.69368e-05
-2.6025e-05
-2.51162e-05
-2.42121e-05
-2.33143e-05
-2.24242e-05
-2.15433e-05
-2.06729e-05
-5.96329e-05
-5.8244e-05
-5.69687e-05
-5.57915e-05
-5.46978e-05
-5.3675e-05
-5.27113e-05
-5.17959e-05
-5.09194e-05
-5.00734e-05
-4.92504e-05
-4.84439e-05
-4.76485e-05
-4.68595e-05
-4.60728e-05
-4.52854e-05
-4.44947e-05
-4.36986e-05
-4.28956e-05
-4.20846e-05
-4.12645e-05
-4.04348e-05
-3.9595e-05
-3.87448e-05
-3.7884e-05
-3.70126e-05
-3.6131e-05
-3.52395e-05
-3.4339e-05
-3.34302e-05
-3.25144e-05
-3.15928e-05
-3.06669e-05
-2.9738e-05
-2.88078e-05
-2.78778e-05
-2.69496e-05
-2.60247e-05
-2.51047e-05
-2.41909e-05
-2.32848e-05
-2.23878e-05
-2.15011e-05
-2.06259e-05
-6.46942e-05
-6.29167e-05
-6.12755e-05
-5.97544e-05
-5.83384e-05
-5.70139e-05
-5.57681e-05
-5.45895e-05
-5.34679e-05
-5.23938e-05
-5.1359e-05
-5.03562e-05
-4.93789e-05
-4.84216e-05
-4.74797e-05
-4.65491e-05
-4.56266e-05
-4.47094e-05
-4.37953e-05
-4.28825e-05
-4.19696e-05
-4.10552e-05
-4.01384e-05
-3.92182e-05
-3.82941e-05
-3.73656e-05
-3.64324e-05
-3.54947e-05
-3.45526e-05
-3.36067e-05
-3.26577e-05
-3.17067e-05
-3.07545e-05
-2.98025e-05
-2.88519e-05
-2.7904e-05
-2.69601e-05
-2.60216e-05
-2.50898e-05
-2.41659e-05
-2.32513e-05
-2.23471e-05
-2.14544e-05
-2.05744e-05
-6.97556e-05
-6.75976e-05
-6.55971e-05
-6.37374e-05
-6.20031e-05
-6.03796e-05
-5.88537e-05
-5.74132e-05
-5.6047e-05
-5.47448e-05
-5.34978e-05
-5.22978e-05
-5.11376e-05
-5.00109e-05
-4.89122e-05
-4.7837e-05
-4.67811e-05
-4.57412e-05
-4.47144e-05
-4.36983e-05
-4.26908e-05
-4.169e-05
-4.06945e-05
-3.97027e-05
-3.87137e-05
-3.77265e-05
-3.67403e-05
-3.57549e-05
-3.477e-05
-3.37858e-05
-3.28026e-05
-3.1821e-05
-3.08418e-05
-2.98659e-05
-2.88941e-05
-2.79277e-05
-2.69677e-05
-2.60151e-05
-2.50711e-05
-2.41369e-05
-2.32134e-05
-2.23018e-05
-2.14031e-05
-2.05181e-05
-7.47766e-05
-7.22497e-05
-6.98995e-05
-6.77094e-05
-6.56634e-05
-6.37465e-05
-6.19448e-05
-6.02457e-05
-5.86374e-05
-5.71091e-05
-5.56511e-05
-5.42546e-05
-5.29118e-05
-5.16158e-05
-5.03602e-05
-4.91399e-05
-4.795e-05
-4.67866e-05
-4.56463e-05
-4.45258e-05
-4.34227e-05
-4.23345e-05
-4.12591e-05
-4.01946e-05
-3.91396e-05
-3.80924e-05
-3.70522e-05
-3.6018e-05
-3.49892e-05
-3.39657e-05
-3.29474e-05
-3.19345e-05
-3.09276e-05
-2.9927e-05
-2.89336e-05
-2.79482e-05
-2.69716e-05
-2.60046e-05
-2.50482e-05
-2.41033e-05
-2.31708e-05
-2.22517e-05
-2.13467e-05
-2.04567e-05
-7.97192e-05
-7.68378e-05
-7.41505e-05
-7.16407e-05
-6.92921e-05
-6.70895e-05
-6.50186e-05
-6.30663e-05
-6.12204e-05
-5.94695e-05
-5.78034e-05
-5.62128e-05
-5.46892e-05
-5.3225e-05
-5.18134e-05
-5.04485e-05
-4.9125e-05
-4.78383e-05
-4.65842e-05
-4.53592e-05
-4.416e-05
-4.29838e-05
-4.18279e-05
-4.06901e-05
-3.95682e-05
-3.84604e-05
-3.73653e-05
-3.62815e-05
-3.52082e-05
-3.41447e-05
-3.30906e-05
-3.20459e-05
-3.10106e-05
-2.9985e-05
-2.89695e-05
-2.79647e-05
-2.69711e-05
-2.59894e-05
-2.50204e-05
-2.40647e-05
-2.31231e-05
-2.21963e-05
-2.12851e-05
-2.039e-05
-8.45479e-05
-8.1329e-05
-7.83196e-05
-7.55032e-05
-7.28634e-05
-7.0385e-05
-6.80534e-05
-6.58552e-05
-6.37778e-05
-6.18095e-05
-5.99398e-05
-5.81587e-05
-5.64572e-05
-5.48274e-05
-5.32618e-05
-5.17539e-05
-5.0298e-05
-4.88887e-05
-4.75215e-05
-4.61923e-05
-4.48973e-05
-4.36331e-05
-4.23966e-05
-4.11852e-05
-3.99962e-05
-3.88274e-05
-3.7677e-05
-3.65432e-05
-3.54249e-05
-3.43209e-05
-3.32307e-05
-3.21537e-05
-3.10897e-05
-3.00387e-05
-2.90008e-05
-2.79763e-05
-2.69656e-05
-2.59691e-05
-2.49873e-05
-2.40207e-05
-2.30699e-05
-2.21354e-05
-2.12179e-05
-2.03178e-05
-8.92301e-05
-8.56929e-05
-8.23785e-05
-7.92706e-05
-7.6353e-05
-7.36105e-05
-7.10285e-05
-6.85933e-05
-6.62923e-05
-6.41134e-05
-6.20458e-05
-6.00791e-05
-5.82041e-05
-5.64121e-05
-5.46954e-05
-5.30471e-05
-5.14607e-05
-4.99306e-05
-4.84517e-05
-4.70192e-05
-4.56292e-05
-4.42776e-05
-4.29609e-05
-4.16761e-05
-4.04201e-05
-3.91903e-05
-3.79845e-05
-3.68007e-05
-3.56371e-05
-3.44926e-05
-3.33659e-05
-3.22564e-05
-3.11635e-05
-3.0087e-05
-2.90266e-05
-2.79823e-05
-2.69544e-05
-2.59429e-05
-2.49483e-05
-2.39708e-05
-2.30107e-05
-2.20687e-05
-2.11448e-05
-2.02398e-05
-9.37361e-05
-8.99016e-05
-8.6301e-05
-8.29185e-05
-7.97383e-05
-7.67451e-05
-7.39245e-05
-7.12629e-05
-6.87474e-05
-6.63661e-05
-6.41076e-05
-6.19614e-05
-5.99181e-05
-5.79686e-05
-5.61048e-05
-5.43193e-05
-5.26053e-05
-5.09568e-05
-4.93681e-05
-4.78341e-05
-4.63504e-05
-4.49124e-05
-4.35165e-05
-4.21589e-05
-4.08365e-05
-3.95461e-05
-3.82852e-05
-3.70514e-05
-3.58428e-05
-3.46577e-05
-3.34947e-05
-3.23527e-05
-3.12309e-05
-3.01288e-05
-2.90458e-05
-2.79818e-05
-2.69367e-05
-2.59103e-05
-2.49028e-05
-2.39144e-05
-2.29453e-05
-2.19956e-05
-2.10657e-05
-2.01557e-05
-9.80394e-05
-9.393e-05
-9.00636e-05
-8.64248e-05
-8.29984e-05
-7.97693e-05
-7.67235e-05
-7.38472e-05
-7.11278e-05
-6.85532e-05
-6.6112e-05
-6.37937e-05
-6.15883e-05
-5.94868e-05
-5.74806e-05
-5.55621e-05
-5.37242e-05
-5.19603e-05
-5.02644e-05
-4.86312e-05
-4.70557e-05
-4.55331e-05
-4.40592e-05
-4.263e-05
-4.1242e-05
-3.98917e-05
-3.85763e-05
-3.72932e-05
-3.60399e-05
-3.48145e-05
-3.36154e-05
-3.24411e-05
-3.12906e-05
-3.0163e-05
-2.90577e-05
-2.7974e-05
-2.69117e-05
-2.58706e-05
-2.48504e-05
-2.38513e-05
-2.28731e-05
-2.1916e-05
-2.098e-05
-2.00653e-05
-0.000102117
-9.7756e-05
-9.36451e-05
-8.97696e-05
-8.61147e-05
-8.26657e-05
-7.94088e-05
-7.63309e-05
-7.34191e-05
-7.06615e-05
-6.80469e-05
-6.55645e-05
-6.32043e-05
-6.09571e-05
-5.88142e-05
-5.67676e-05
-5.481e-05
-5.29344e-05
-5.11347e-05
-4.9405e-05
-4.77401e-05
-4.61349e-05
-4.45848e-05
-4.30856e-05
-4.16333e-05
-4.02243e-05
-3.88553e-05
-3.75235e-05
-3.62262e-05
-3.49611e-05
-3.37263e-05
-3.25202e-05
-3.13413e-05
-3.01886e-05
-2.90611e-05
-2.7958e-05
-2.68788e-05
-2.58231e-05
-2.47905e-05
-2.37808e-05
-2.27937e-05
-2.18294e-05
-2.08876e-05
-1.99684e-05
-0.000105948
-0.00010136
-9.7027e-05
-9.29351e-05
-8.90702e-05
-8.54182e-05
-8.19657e-05
-7.86998e-05
-7.56081e-05
-7.26788e-05
-6.99007e-05
-6.72632e-05
-6.47563e-05
-6.23705e-05
-6.00972e-05
-5.79281e-05
-5.58556e-05
-5.38728e-05
-5.1973e-05
-5.01502e-05
-4.83988e-05
-4.67135e-05
-4.50895e-05
-4.35221e-05
-4.20072e-05
-4.05408e-05
-3.91196e-05
-3.77402e-05
-3.63997e-05
-3.50957e-05
-3.3826e-05
-3.25886e-05
-3.13818e-05
-3.02044e-05
-2.90551e-05
-2.7933e-05
-2.68373e-05
-2.57673e-05
-2.47225e-05
-2.37025e-05
-2.27069e-05
-2.17355e-05
-2.07882e-05
-1.98647e-05
-0.000109516
-0.000104725
-0.000100193
-9.59059e-05
-9.18502e-05
-8.80127e-05
-8.43806e-05
-8.09414e-05
-7.7683e-05
-7.45939e-05
-7.16632e-05
-6.88803e-05
-6.62352e-05
-6.37187e-05
-6.13218e-05
-5.90364e-05
-5.68546e-05
-5.47694e-05
-5.27738e-05
-5.08617e-05
-4.90272e-05
-4.72648e-05
-4.55693e-05
-4.39361e-05
-4.23606e-05
-4.08386e-05
-3.93666e-05
-3.79409e-05
-3.65585e-05
-3.52166e-05
-3.39128e-05
-3.26448e-05
-3.14109e-05
-3.02094e-05
-2.90389e-05
-2.78982e-05
-2.67863e-05
-2.57025e-05
-2.46458e-05
-2.36158e-05
-2.2612e-05
-2.1634e-05
-2.06814e-05
-1.97539e-05
-0.000112806
-0.000107839
-0.00010313
-9.86687e-05
-9.44418e-05
-9.0437e-05
-8.66418e-05
-8.30443e-05
-7.9633e-05
-7.63967e-05
-7.33246e-05
-7.04066e-05
-6.76327e-05
-6.49938e-05
-6.24809e-05
-6.00859e-05
-5.78008e-05
-5.56184e-05
-5.35319e-05
-5.15347e-05
-4.96208e-05
-4.77846e-05
-4.60208e-05
-4.43243e-05
-4.26904e-05
-4.1115e-05
-3.95939e-05
-3.81235e-05
-3.67005e-05
-3.5322e-05
-3.39851e-05
-3.26876e-05
-3.14273e-05
-3.02024e-05
-2.90114e-05
-2.78527e-05
-2.67253e-05
-2.5628e-05
-2.456e-05
-2.35205e-05
-2.25088e-05
-2.15245e-05
-2.05669e-05
-1.96357e-05
-0.000115809
-0.000110688
-0.000105827
-0.000101212
-9.68343e-05
-9.26803e-05
-8.87389e-05
-8.49987e-05
-8.14487e-05
-7.80781e-05
-7.48766e-05
-7.18342e-05
-6.89413e-05
-6.61887e-05
-6.35678e-05
-6.10703e-05
-5.86884e-05
-5.64147e-05
-5.42423e-05
-5.21647e-05
-5.01756e-05
-4.82693e-05
-4.64404e-05
-4.46835e-05
-4.2994e-05
-4.13673e-05
-3.97992e-05
-3.8286e-05
-3.6824e-05
-3.54102e-05
-3.40415e-05
-3.27156e-05
-3.14299e-05
-3.01826e-05
-2.89717e-05
-2.77958e-05
-2.66534e-05
-2.55433e-05
-2.44645e-05
-2.34159e-05
-2.23968e-05
-2.14066e-05
-2.04445e-05
-1.951e-05
-0.000118515
-0.000113266
-0.000108274
-0.000103528
-9.90187e-05
-9.4734e-05
-9.06634e-05
-8.67963e-05
-8.3122e-05
-7.96305e-05
-7.63117e-05
-7.3156e-05
-7.01541e-05
-6.72971e-05
-6.45765e-05
-6.19841e-05
-5.95121e-05
-5.71533e-05
-5.49006e-05
-5.27475e-05
-5.06877e-05
-4.87154e-05
-4.68249e-05
-4.50109e-05
-4.32685e-05
-4.15932e-05
-3.99804e-05
-3.84263e-05
-3.69272e-05
-3.54796e-05
-3.40806e-05
-3.27274e-05
-3.14176e-05
-3.01488e-05
-2.89191e-05
-2.77267e-05
-2.65701e-05
-2.54478e-05
-2.43587e-05
-2.33017e-05
-2.22757e-05
-2.12801e-05
-2.03138e-05
-1.93764e-05
-0.000120919
-0.000115565
-0.000110465
-0.000105609
-0.000100988
-9.65908e-05
-9.24082e-05
-8.84298e-05
-8.46459e-05
-8.10469e-05
-7.76232e-05
-7.43656e-05
-7.12651e-05
-6.83133e-05
-6.55016e-05
-6.28221e-05
-6.02673e-05
-5.78298e-05
-5.55027e-05
-5.32794e-05
-5.11536e-05
-4.91195e-05
-4.71712e-05
-4.53036e-05
-4.35115e-05
-4.17902e-05
-4.01353e-05
-3.85426e-05
-3.70082e-05
-3.55288e-05
-3.4101e-05
-3.27221e-05
-3.13892e-05
-3.01e-05
-2.88525e-05
-2.76446e-05
-2.64746e-05
-2.53409e-05
-2.42422e-05
-2.31773e-05
-2.21451e-05
-2.11445e-05
-2.01747e-05
-1.92348e-05
-0.000123017
-0.000117582
-0.000112396
-0.00010745
-0.000102736
-9.82452e-05
-9.39673e-05
-8.98935e-05
-8.60147e-05
-8.23217e-05
-7.88056e-05
-7.54576e-05
-7.22692e-05
-6.92321e-05
-6.63383e-05
-6.35799e-05
-6.09496e-05
-5.84401e-05
-5.60446e-05
-5.37567e-05
-5.157e-05
-4.94785e-05
-4.74767e-05
-4.55591e-05
-4.37206e-05
-4.19564e-05
-4.02619e-05
-3.8633e-05
-3.70656e-05
-3.55562e-05
-3.41014e-05
-3.26982e-05
-3.13437e-05
-3.00355e-05
-2.87712e-05
-2.75487e-05
-2.63663e-05
-2.5222e-05
-2.41146e-05
-2.30425e-05
-2.20045e-05
-2.09996e-05
-2.00267e-05
-1.90849e-05
-0.000124808
-0.000119314
-0.000114063
-0.000109048
-0.000104261
-9.96931e-05
-9.53367e-05
-9.1183e-05
-8.72237e-05
-8.34502e-05
-7.98543e-05
-7.64275e-05
-7.31619e-05
-7.00494e-05
-6.70824e-05
-6.42534e-05
-6.15551e-05
-5.89806e-05
-5.65231e-05
-5.41762e-05
-5.19338e-05
-4.97898e-05
-4.77387e-05
-4.5775e-05
-4.38936e-05
-4.20897e-05
-4.03585e-05
-3.86959e-05
-3.70978e-05
-3.55605e-05
-3.40806e-05
-3.26548e-05
-3.12802e-05
-2.99543e-05
-2.86744e-05
-2.74385e-05
-2.62446e-05
-2.50907e-05
-2.39752e-05
-2.28967e-05
-2.18537e-05
-2.08451e-05
-1.98697e-05
-1.89264e-05
-0.000126293
-0.000120762
-0.000115466
-0.000110401
-0.000105559
-0.000100932
-9.65132e-05
-9.2295e-05
-8.82695e-05
-8.4429e-05
-8.07656e-05
-7.72716e-05
-7.39394e-05
-7.07615e-05
-6.77305e-05
-6.48392e-05
-6.20807e-05
-5.94482e-05
-5.69352e-05
-5.45353e-05
-5.22425e-05
-5.00509e-05
-4.79549e-05
-4.59492e-05
-4.40285e-05
-4.21881e-05
-4.04233e-05
-3.87298e-05
-3.71034e-05
-3.55404e-05
-3.40373e-05
-3.25907e-05
-3.11977e-05
-2.98555e-05
-2.85614e-05
-2.73133e-05
-2.61089e-05
-2.49463e-05
-2.38237e-05
-2.27395e-05
-2.16923e-05
-2.06807e-05
-1.97034e-05
-1.87593e-05
-0.000127476
-0.000121927
-0.000116606
-0.000111509
-0.000106629
-0.00010196
-9.74951e-05
-9.32273e-05
-8.91497e-05
-8.52552e-05
-8.15367e-05
-7.7987e-05
-7.45989e-05
-7.13654e-05
-6.82795e-05
-6.53345e-05
-6.25235e-05
-5.98402e-05
-5.72781e-05
-5.48313e-05
-5.24936e-05
-5.02594e-05
-4.81232e-05
-4.60796e-05
-4.41236e-05
-4.22502e-05
-4.04549e-05
-3.87332e-05
-3.70811e-05
-3.54948e-05
-3.39706e-05
-3.25051e-05
-3.10953e-05
-2.97383e-05
-2.84315e-05
-2.71724e-05
-2.59587e-05
-2.47884e-05
-2.36597e-05
-2.25707e-05
-2.152e-05
-2.0506e-05
-1.95275e-05
-1.85831e-05
-0.00012836
-0.000122812
-0.000117485
-0.000112374
-0.000107473
-0.000102778
-9.82819e-05
-9.39789e-05
-8.98628e-05
-8.59272e-05
-8.21656e-05
-7.85714e-05
-7.51379e-05
-7.18587e-05
-6.87271e-05
-6.57367e-05
-6.28811e-05
-6.01542e-05
-5.75498e-05
-5.5062e-05
-5.26851e-05
-5.04135e-05
-4.82417e-05
-4.61646e-05
-4.4177e-05
-4.22742e-05
-4.04516e-05
-3.87048e-05
-3.70297e-05
-3.54225e-05
-3.38793e-05
-3.2397e-05
-3.09722e-05
-2.96021e-05
-2.8284e-05
-2.70152e-05
-2.57934e-05
-2.46166e-05
-2.34827e-05
-2.23899e-05
-2.13364e-05
-2.03209e-05
-1.93418e-05
-1.83979e-05
-0.00012895
-0.000123423
-0.000118106
-0.000112998
-0.000108093
-0.000103386
-9.88737e-05
-9.45495e-05
-9.04082e-05
-8.64441e-05
-8.26511e-05
-7.90235e-05
-7.5555e-05
-7.22397e-05
-6.90713e-05
-6.6044e-05
-6.31516e-05
-6.03883e-05
-5.77482e-05
-5.52257e-05
-5.28152e-05
-5.05114e-05
-4.83088e-05
-4.62025e-05
-4.41875e-05
-4.22589e-05
-4.04124e-05
-3.86435e-05
-3.69482e-05
-3.53224e-05
-3.37627e-05
-3.22656e-05
-3.08277e-05
-2.94462e-05
-2.81182e-05
-2.68412e-05
-2.56126e-05
-2.44304e-05
-2.32923e-05
-2.21966e-05
-2.11414e-05
-2.01251e-05
-1.91462e-05
-1.82033e-05
-0.000129255
-0.000123764
-0.000118475
-0.000113384
-0.00010849
-0.000103787
-9.92723e-05
-9.49402e-05
-9.07864e-05
-8.68056e-05
-8.29928e-05
-7.93425e-05
-7.58492e-05
-7.25072e-05
-6.93111e-05
-6.62551e-05
-6.33336e-05
-6.0541e-05
-5.7872e-05
-5.53209e-05
-5.28826e-05
-5.05517e-05
-4.83232e-05
-4.61921e-05
-4.41537e-05
-4.22031e-05
-4.03361e-05
-3.85482e-05
-3.68354e-05
-3.51939e-05
-3.36199e-05
-3.21101e-05
-3.06611e-05
-2.92699e-05
-2.79338e-05
-2.66499e-05
-2.54159e-05
-2.42294e-05
-2.30884e-05
-2.19907e-05
-2.09346e-05
-1.99184e-05
-1.89404e-05
-1.79993e-05
-0.000108669
-0.000103984
-9.948e-05
-9.51527e-05
-9.09985e-05
-8.70128e-05
-8.31911e-05
-7.95285e-05
-7.60201e-05
-7.26609e-05
-6.94456e-05
-6.6369e-05
-6.34261e-05
-6.06114e-05
-5.79199e-05
-5.53464e-05
-5.28859e-05
-5.05333e-05
-4.82837e-05
-4.61324e-05
-4.40746e-05
-4.21058e-05
-4.02217e-05
-3.8418e-05
-3.66907e-05
-3.5036e-05
-3.34502e-05
-3.19299e-05
-3.04717e-05
-2.90728e-05
-2.77301e-05
-2.64409e-05
-2.52028e-05
-2.40134e-05
-2.28704e-05
-2.17718e-05
-2.07158e-05
-1.97006e-05
-1.87243e-05
-1.77856e-05
-0.00027229
-0.000213746
-0.000165969
-0.000127444
-9.67716e-05
-7.26864e-05
-5.40699e-05
-3.99446e-05
-2.94696e-05
-2.19308e-05
-1.67287e-05
-1.33653e-05
-1.14311e-05
-1.05925e-05
-1.05802e-05
-1.11784e-05
-1.22158e-05
-1.35573e-05
-1.50976e-05
-1.67551e-05
-1.84671e-05
-2.01865e-05
-2.18778e-05
-2.35158e-05
-2.50841e-05
-2.65697e-05
-0.000394603
-0.000320577
-0.000258809
-0.000207767
-0.000165999
-0.000132158
-0.000105022
-8.35064e-05
-6.66549e-05
-5.3641e-05
-4.37571e-05
-3.64043e-05
-3.10803e-05
-2.73679e-05
-2.49234e-05
-2.34657e-05
-2.27664e-05
-2.26415e-05
-2.29434e-05
-2.35545e-05
-2.4382e-05
-2.53527e-05
-2.64096e-05
-2.75088e-05
-2.86164e-05
-2.97075e-05
-3.07617e-05
-0.000441138
-0.000365223
-0.000301276
-0.000247846
-0.000203555
-0.000167129
-0.000137403
-0.000113339
-9.40206e-05
-7.86499e-05
-6.65396e-05
-5.71035e-05
-4.98462e-05
-4.43523e-05
-4.02756e-05
-3.73299e-05
-3.52795e-05
-3.39317e-05
-3.31296e-05
-3.2746e-05
-3.26783e-05
-3.28443e-05
-3.3178e-05
-3.36273e-05
-3.41507e-05
-3.4716e-05
-3.52976e-05
-0.000482794
-0.000405369
-0.000339644
-0.000284237
-0.000237838
-0.000199231
-0.000167304
-0.000141059
-0.000119614
-0.000102198
-8.81419e-05
-7.68717e-05
-6.78996e-05
-6.08129e-05
-5.52653e-05
-5.09675e-05
-4.76791e-05
-4.52014e-05
-4.33705e-05
-4.20521e-05
-4.11363e-05
-4.05336e-05
-4.01712e-05
-3.99903e-05
-3.99433e-05
-3.99922e-05
-4.01066e-05
-0.000521374
-0.000442966
-0.000375922
-0.000318938
-0.000270778
-0.000230289
-0.000196416
-0.000168208
-0.000144821
-0.000125512
-0.000109636
-9.66348e-05
-8.60303e-05
-7.7416e-05
-7.04474e-05
-6.48348e-05
-6.0335e-05
-5.6745e-05
-5.38958e-05
-5.16473e-05
-4.98835e-05
-4.85085e-05
-4.74436e-05
-4.66241e-05
-4.59969e-05
-4.55186e-05
-4.5154e-05
-0.00055635
-0.000477559
-0.000409718
-0.000351611
-0.00030208
-0.000260044
-0.00022451
-0.00019458
-0.000169454
-0.000148424
-0.000130869
-0.000116252
-0.000104109
-9.4041e-05
-8.57099e-05
-7.88272e-05
-7.31494e-05
-6.84713e-05
-6.46202e-05
-6.14517e-05
-5.88448e-05
-5.66987e-05
-5.49294e-05
-5.34669e-05
-5.22532e-05
-5.12402e-05
-5.03881e-05
-0.000587254
-0.000508666
-0.000440548
-0.000381774
-0.000331274
-0.000288044
-0.000251157
-0.000219773
-0.000193139
-0.000170584
-0.000151519
-0.000135428
-0.000121866
-0.000110444
-0.000100832
-9.27467e-05
-8.5945e-05
-8.02216e-05
-7.54022e-05
-7.13394e-05
-6.79088e-05
-6.50054e-05
-6.2541e-05
-6.04412e-05
-5.8644e-05
-5.70969e-05
-5.57562e-05
-0.000613902
-0.000536076
-0.000468179
-0.000409185
-0.000358114
-0.000314041
-0.000276112
-0.000243548
-0.000215644
-0.000191773
-0.000171378
-0.000153969
-0.000139119
-0.000126457
-0.000115659
-0.000106449
-9.85895e-05
-9.1875e-05
-8.61315e-05
-8.12101e-05
-7.69841e-05
-7.33458e-05
-7.02034e-05
-6.74795e-05
-6.51081e-05
-6.30334e-05
-6.12083e-05
-0.000636246
-0.000559696
-0.000492486
-0.000433694
-0.000382432
-0.00033786
-0.000299196
-0.000265724
-0.000236793
-0.000211818
-0.00019028
-0.000171715
-0.000155719
-0.000141936
-0.000130056
-0.000119811
-0.000110967
-0.000103325
-9.67095e-05
-9.09731e-05
-8.59876e-05
-8.16436e-05
-7.78471e-05
-7.4518e-05
-7.15875e-05
-6.8997e-05
-6.66963e-05
-0.000654343
-0.000579521
-0.000513418
-0.000455217
-0.00040412
-0.000359374
-0.00032027
-0.000286157
-0.000256437
-0.000230573
-0.00020808
-0.000188526
-0.00017153
-0.000156754
-0.000143903
-0.000132717
-0.000122973
-0.000114472
-0.000107044
-0.000100543
-9.4841e-05
-8.98268e-05
-8.54059e-05
-8.14961e-05
-7.80267e-05
-7.49368e-05
-7.2174e-05
-0.00066834
-0.00059563
-0.000531001
-0.000473735
-0.000423128
-0.000378508
-0.000339243
-0.000304743
-0.000274467
-0.000247922
-0.000224662
-0.000204287
-0.000186439
-0.000170802
-0.000157094
-0.00014507
-0.000134511
-0.000125227
-0.000117053
-0.000109844
-0.000103472
-9.7829e-05
-9.28183e-05
-8.83572e-05
-8.43736e-05
-8.08051e-05
-7.75974e-05
-0.000678455
-0.00060817
-0.000545322
-0.00048929
-0.000439459
-0.000395239
-0.000356068
-0.00032142
-0.000290808
-0.000263783
-0.00023994
-0.000218908
-0.000200357
-0.00018399
-0.000169543
-0.000156782
-0.0001455
-0.000135514
-0.000126663
-0.000118805
-0.000111817
-0.00010559
-0.000100028
-9.5049e-05
-9.05798e-05
-8.6557e-05
-8.29252e-05
-0.000684951
-0.000617333
-0.000556515
-0.000501968
-0.000453162
-0.000409582
-0.000370737
-0.00033616
-0.000305417
-0.000278103
-0.000253851
-0.000232322
-0.000213213
-0.000196247
-0.000181178
-0.000167785
-0.000155873
-0.000145265
-0.000135809
-0.000127367
-0.000119817
-0.000113055
-0.000106984
-0.000101524
-9.6601e-05
-9.21515e-05
-8.81192e-05
-0.000688119
-0.000623344
-0.00056475
-0.000511893
-0.00046432
-0.00042159
-0.000383275
-0.000348967
-0.00031828
-0.000290855
-0.000266358
-0.000244485
-0.000224957
-0.000207519
-0.000191942
-0.000178022
-0.000165572
-0.000154426
-0.000144439
-0.000135477
-0.000127424
-0.000120177
-0.000113642
-0.00010774
-0.000102397
-9.7551e-05
-9.31445e-05
-0.000688261
-0.000626447
-0.000570219
-0.000519211
-0.000473044
-0.000431341
-0.000393735
-0.00035987
-0.00032941
-0.000302034
-0.000277447
-0.000255373
-0.000235557
-0.000217769
-0.000201797
-0.000187449
-0.000174553
-0.000162952
-0.000152507
-0.000143092
-0.000134594
-0.000126914
-0.000119963
-0.000113659
-0.000107933
-0.000102722
-9.79696e-05
-0.00068568
-0.000626892
-0.000573127
-0.000524089
-0.000479463
-0.000438934
-0.000402188
-0.000368921
-0.000338838
-0.000311659
-0.000287121
-0.000264977
-0.000245
-0.000226977
-0.000210715
-0.000196038
-0.000182785
-0.000170809
-0.000159979
-0.000150176
-0.000141293
-0.000133234
-0.000125912
-0.00011925
-0.000113178
-0.000107636
-0.000102566
-0.000680669
-0.000624929
-0.000573685
-0.000526702
-0.000483722
-0.000444484
-0.000408726
-0.000376187
-0.000346614
-0.000319762
-0.0002954
-0.000273308
-0.000253283
-0.000235133
-0.000218682
-0.000203769
-0.000190244
-0.000177972
-0.000166829
-0.000156703
-0.000147493
-0.000139107
-0.000131463
-0.000124484
-0.000118105
-0.000112266
-0.000106911
-0.000673509
-0.000620804
-0.000572105
-0.00052723
-0.000485972
-0.000448118
-0.000413451
-0.000381751
-0.000352801
-0.00032639
-0.000302317
-0.000280387
-0.00026042
-0.000242243
-0.000225697
-0.000210634
-0.000196919
-0.000184425
-0.000173038
-0.000162653
-0.000153173
-0.000144513
-0.000136593
-0.000129341
-0.000122693
-0.000116591
-0.000110981
-0.000664463
-0.000614752
-0.000568594
-0.000525853
-0.000486368
-0.000449967
-0.000416473
-0.000385702
-0.000357473
-0.000331603
-0.000307917
-0.000286248
-0.000266433
-0.000248319
-0.000231765
-0.000216635
-0.000202806
-0.000190162
-0.000178596
-0.000168011
-0.000158318
-0.000149434
-0.000141285
-0.000133802
-0.000126924
-0.000120594
-0.000114761
-0.000653776
-0.000606995
-0.000563352
-0.000522749
-0.000485066
-0.000450166
-0.000417908
-0.00038814
-0.000360711
-0.000335466
-0.000312255
-0.000290932
-0.000271354
-0.000253387
-0.000236903
-0.000221782
-0.000207909
-0.000195181
-0.000183499
-0.000172773
-0.000162919
-0.000153861
-0.000145528
-0.000137855
-0.000130784
-0.000124261
-0.000118236
-0.000641675
-0.000597743
-0.00055657
-0.000518091
-0.000482219
-0.000448851
-0.000417874
-0.000389166
-0.000362602
-0.000338052
-0.00031539
-0.000294488
-0.000275222
-0.000257476
-0.000241134
-0.000226089
-0.00021224
-0.00019949
-0.00018775
-0.000176937
-0.000166973
-0.000157788
-0.000149314
-0.000141492
-0.000134264
-0.000127581
-0.000121396
-0.000628367
-0.00058719
-0.000548427
-0.000512043
-0.000477978
-0.000446155
-0.000416489
-0.000388883
-0.000363235
-0.000339439
-0.000317387
-0.00029697
-0.000278083
-0.000260622
-0.000244487
-0.000229581
-0.000215814
-0.000203099
-0.000191355
-0.000180506
-0.000170481
-0.000161212
-0.00015264
-0.000144706
-0.000137358
-0.000130548
-0.000124231
-0.000614042
-0.000575516
-0.000539094
-0.000504763
-0.000472484
-0.000442208
-0.000413869
-0.000387395
-0.000362702
-0.000339706
-0.000318315
-0.000298438
-0.000279986
-0.000262867
-0.000246994
-0.000232283
-0.000218653
-0.000206026
-0.000194328
-0.00018349
-0.000173447
-0.000164138
-0.000155506
-0.000147497
-0.000140063
-0.000133158
-0.000126739
-0.000598871
-0.000562888
-0.000528728
-0.000496396
-0.000465876
-0.000437135
-0.000410129
-0.000384803
-0.000361094
-0.000338932
-0.000318243
-0.000298952
-0.000280981
-0.000264254
-0.000248694
-0.000234228
-0.000220783
-0.00020829
-0.000196684
-0.000185901
-0.000175882
-0.000166571
-0.000157916
-0.000149867
-0.000142378
-0.000135408
-0.000128915
-0.000583011
-0.000549457
-0.000517474
-0.000487083
-0.000458282
-0.000431056
-0.000405378
-0.000381208
-0.0003585
-0.000337198
-0.000317243
-0.000298574
-0.000281125
-0.000264831
-0.000249627
-0.000235448
-0.000222231
-0.000209916
-0.000198442
-0.000187753
-0.000177796
-0.00016852
-0.000159876
-0.00015182
-0.000144308
-0.0001373
-0.000130761
-0.000566601
-0.000535362
-0.000505468
-0.000476951
-0.000449824
-0.000424085
-0.000399721
-0.000376706
-0.000355007
-0.000334582
-0.000315386
-0.000297366
-0.000280472
-0.000264646
-0.000249834
-0.000235981
-0.00022303
-0.000210928
-0.000199624
-0.000189066
-0.000179206
-0.000169997
-0.000161397
-0.000153363
-0.000145856
-0.000138839
-0.000132277
-0.000549768
-0.000520728
-0.000492831
-0.000466119
-0.000440615
-0.000416329
-0.000393258
-0.000371389
-0.0003507
-0.000331162
-0.00031274
-0.000295392
-0.000279077
-0.000263748
-0.000249359
-0.000235863
-0.000223211
-0.000211357
-0.000200254
-0.000189859
-0.000180127
-0.000171017
-0.000162489
-0.000154505
-0.00014703
-0.000140028
-0.000133469
-0.000532623
-0.000505668
-0.000479676
-0.000454696
-0.00043076
-0.000407886
-0.000386081
-0.000365344
-0.000345661
-0.000327012
-0.000309373
-0.000292712
-0.000276996
-0.000262187
-0.000248246
-0.000235133
-0.000222808
-0.00021123
-0.000200358
-0.000190154
-0.000180579
-0.000171595
-0.000163166
-0.000155258
-0.000147839
-0.000140876
-0.000134341
-0.000515267
-0.000490285
-0.000466105
-0.000442782
-0.000420355
-0.000398849
-0.000378281
-0.000358654
-0.000339965
-0.000322203
-0.000305351
-0.000289387
-0.000274283
-0.00026001
-0.000246537
-0.000233831
-0.000221856
-0.000210579
-0.000199963
-0.000189975
-0.000180581
-0.000171748
-0.000163442
-0.000155634
-0.000148293
-0.000141391
-0.000134901
-0.000497787
-0.000474668
-0.000452209
-0.000430468
-0.00040949
-0.000389306
-0.000369938
-0.000351397
-0.000333687
-0.000316804
-0.000300738
-0.000285473
-0.000270991
-0.000257268
-0.000244278
-0.000231996
-0.000220391
-0.000209434
-0.000199097
-0.000189347
-0.000180156
-0.000171495
-0.000163334
-0.000155647
-0.000148405
-0.000141584
-0.000135157
-0.000326661
-0.000260682
-0.000205903
-0.000160903
-0.000124333
-9.49526e-05
-7.16396e-05
-5.33961e-05
-3.93499e-05
-2.87482e-05
-2.09486e-05
-1.54087e-05
-1.16745e-05
-9.36892e-06
-8.181e-06
-7.85589e-06
-8.18602e-06
-9.00332e-06
-1.01726e-05
-1.15856e-05
-1.31566e-05
-1.48182e-05
-1.65178e-05
-1.82151e-05
-1.98801e-05
-2.14898e-05
-2.30255e-05
-0.00025136
-0.000192925
-0.000145197
-0.000106722
-7.61415e-05
-5.22183e-05
-3.38438e-05
-2.00434e-05
-9.97333e-06
-2.91261e-06
1.74718e-06
4.51393e-06
5.80743e-06
5.97151e-06
5.28544e-06
3.97419e-06
2.2176e-06
1.5825e-07
-2.09174e-06
-4.44506e-06
-6.83444e-06
-9.20878e-06
-1.15299e-05
-1.37698e-05
-1.59091e-05
-1.79336e-05
-1.9828e-05
-0.000186854
-0.000134729
-9.29122e-05
-5.99234e-05
-3.43946e-05
-1.50874e-05
-9.04228e-07
9.11197e-06
1.5783e-05
1.98049e-05
2.17591e-05
2.21262e-05
2.12986e-05
1.95935e-05
1.72644e-05
1.45121e-05
1.14937e-05
8.33069e-06
5.11603e-06
1.91956e-06
-1.20707e-06
-4.22663e-06
-7.11313e-06
-9.84926e-06
-1.24246e-05
-1.48334e-05
-1.70672e-05
-0.000196829
-0.000138346
-9.13131e-05
-5.41667e-05
-2.54309e-05
-3.75096e-06
1.2091e-05
2.31682e-05
3.04109e-05
3.46136e-05
3.64448e-05
3.64598e-05
3.5114e-05
3.2776e-05
2.97411e-05
2.62425e-05
2.24626e-05
1.85415e-05
1.45857e-05
1.06745e-05
6.86576e-06
3.20028e-06
-2.94111e-07
-3.59969e-06
-6.70635e-06
-9.60986e-06
-1.23105e-05
-1.48068e-05
-0.000154765
-0.000100705
-5.77321e-05
-2.42805e-05
1.11159e-06
1.97814e-05
3.29266e-05
4.15971e-05
4.66994e-05
4.90038e-05
4.91553e-05
4.7687e-05
4.50333e-05
4.15437e-05
3.74957e-05
3.31067e-05
2.85443e-05
2.39359e-05
1.93761e-05
1.4934e-05
1.06581e-05
6.58111e-06
2.7238e-06
-9.02407e-07
-4.2929e-06
-7.44819e-06
-1.03729e-05
-1.30712e-05
-0.000125681
-7.46992e-05
-3.45446e-05
-3.65548e-06
1.94198e-05
3.60059e-05
4.72856e-05
5.42926e-05
5.79162e-05
5.89096e-05
5.79017e-05
5.54098e-05
5.18538e-05
4.75699e-05
4.28233e-05
3.78203e-05
3.27184e-05
2.76361e-05
2.26599e-05
1.78517e-05
1.32537e-05
8.89305e-06
4.78558e-06
9.38355e-07
-2.64781e-06
-5.97673e-06
-9.05577e-06
-1.18931e-05
-0.000110929
-6.1519e-05
-2.27996e-05
6.78599e-06
2.86841e-05
4.42128e-05
5.4547e-05
6.07116e-05
6.35868e-05
6.39173e-05
6.23232e-05
5.9314e-05
5.53022e-05
5.06171e-05
4.55176e-05
4.02043e-05
3.48299e-05
2.9508e-05
2.43213e-05
1.9328e-05
1.4567e-05
1.00628e-05
5.82869e-06
1.8695e-06
-1.81586e-06
-5.23285e-06
-8.39017e-06
-1.1298e-05
-2.44997e-05
-2.60491e-05
-2.75116e-05
-2.88567e-05
-3.0098e-05
-3.12378e-05
-3.22741e-05
-3.32066e-05
-3.40361e-05
-3.4764e-05
-3.53921e-05
-3.59229e-05
-3.63588e-05
-3.67029e-05
-3.69582e-05
-3.71276e-05
-3.72142e-05
-3.72212e-05
-3.71515e-05
-3.70081e-05
-3.67943e-05
-3.65133e-05
-3.61687e-05
-3.5764e-05
-3.53032e-05
-3.47902e-05
-3.4229e-05
-3.36237e-05
-3.29784e-05
-3.2297e-05
-3.15835e-05
-3.08417e-05
-3.00752e-05
-2.92874e-05
-2.84817e-05
-2.76611e-05
-2.68288e-05
-2.59874e-05
-2.51396e-05
-2.4288e-05
-2.34349e-05
-2.25827e-05
-2.17334e-05
-2.08889e-05
-2.1592e-05
-2.34017e-05
-2.51055e-05
-2.66703e-05
-2.81127e-05
-2.94368e-05
-3.06417e-05
-3.17284e-05
-3.2699e-05
-3.3556e-05
-3.43024e-05
-3.49415e-05
-3.54768e-05
-3.5912e-05
-3.62507e-05
-3.64967e-05
-3.66534e-05
-3.67243e-05
-3.67128e-05
-3.66222e-05
-3.64561e-05
-3.62179e-05
-3.59116e-05
-3.55411e-05
-3.51107e-05
-3.46245e-05
-3.40871e-05
-3.35029e-05
-3.28762e-05
-3.22114e-05
-3.15126e-05
-3.07838e-05
-3.00289e-05
-2.92513e-05
-2.84547e-05
-2.76421e-05
-2.68167e-05
-2.59814e-05
-2.51389e-05
-2.42919e-05
-2.34427e-05
-2.25939e-05
-2.17473e-05
-2.09052e-05
-1.91074e-05
-2.11402e-05
-2.30484e-05
-2.4803e-05
-2.64189e-05
-2.79013e-05
-2.92509e-05
-3.04697e-05
-3.15611e-05
-3.25285e-05
-3.33759e-05
-3.41075e-05
-3.47275e-05
-3.52403e-05
-3.56503e-05
-3.59614e-05
-3.61778e-05
-3.63033e-05
-3.63414e-05
-3.62958e-05
-3.61702e-05
-3.59685e-05
-3.56948e-05
-3.53532e-05
-3.49484e-05
-3.4485e-05
-3.39676e-05
-3.34011e-05
-3.27902e-05
-3.21393e-05
-3.14528e-05
-3.07349e-05
-2.99897e-05
-2.92207e-05
-2.84317e-05
-2.76258e-05
-2.68063e-05
-2.59761e-05
-2.51381e-05
-2.42949e-05
-2.34491e-05
-2.2603e-05
-2.17588e-05
-2.09186e-05
-1.70811e-05
-1.9295e-05
-2.13686e-05
-2.32786e-05
-2.50371e-05
-2.66493e-05
-2.81173e-05
-2.94443e-05
-3.06345e-05
-3.16921e-05
-3.2622e-05
-3.3429e-05
-3.41182e-05
-3.46943e-05
-3.51623e-05
-3.55266e-05
-3.57917e-05
-3.59616e-05
-3.60402e-05
-3.60312e-05
-3.59387e-05
-3.57667e-05
-3.55194e-05
-3.52013e-05
-3.48173e-05
-3.43723e-05
-3.38711e-05
-3.3319e-05
-3.27206e-05
-3.20809e-05
-3.14044e-05
-3.06953e-05
-2.99579e-05
-2.91959e-05
-2.8413e-05
-2.76125e-05
-2.67977e-05
-2.59717e-05
-2.51373e-05
-2.42972e-05
-2.3454e-05
-2.26102e-05
-2.17679e-05
-2.09292e-05
-1.55375e-05
-1.78902e-05
-2.00885e-05
-2.21171e-05
-2.39846e-05
-2.56961e-05
-2.72546e-05
-2.86642e-05
-2.99297e-05
-3.10562e-05
-3.2049e-05
-3.29135e-05
-3.36552e-05
-3.42796e-05
-3.47917e-05
-3.51966e-05
-3.54987e-05
-3.57024e-05
-3.58118e-05
-3.58308e-05
-3.57634e-05
-3.56139e-05
-3.53867e-05
-3.50865e-05
-3.47183e-05
-3.42871e-05
-3.37983e-05
-3.32569e-05
-3.26681e-05
-3.20368e-05
-3.13678e-05
-3.06654e-05
-2.99338e-05
-2.9177e-05
-2.83987e-05
-2.76023e-05
-2.67911e-05
-2.59682e-05
-2.51365e-05
-2.42988e-05
-2.34576e-05
-2.26155e-05
-2.17746e-05
-2.09371e-05
-1.4497e-05
-1.69437e-05
-1.92253e-05
-2.1334e-05
-2.32752e-05
-2.50537e-05
-2.66734e-05
-2.81388e-05
-2.94552e-05
-3.0628e-05
-3.16632e-05
-3.25665e-05
-3.33437e-05
-3.40006e-05
-3.45425e-05
-3.49746e-05
-3.53017e-05
-3.55283e-05
-3.56584e-05
-3.56962e-05
-3.56458e-05
-3.55114e-05
-3.52978e-05
-3.50096e-05
-3.46519e-05
-3.42301e-05
-3.37494e-05
-3.32153e-05
-3.26329e-05
-3.20073e-05
-3.13432e-05
-3.06453e-05
-2.99177e-05
-2.91644e-05
-2.83891e-05
-2.75955e-05
-2.67867e-05
-2.59658e-05
-2.51359e-05
-2.42998e-05
-2.34599e-05
-2.2619e-05
-2.17791e-05
-2.09424e-05
-1.39735e-05
-1.64676e-05
-1.87909e-05
-2.09398e-05
-2.29182e-05
-2.47305e-05
-2.63809e-05
-2.78744e-05
-2.92164e-05
-3.04127e-05
-3.14692e-05
-3.2392e-05
-3.31871e-05
-3.38603e-05
-3.44172e-05
-3.48631e-05
-3.52027e-05
-3.54407e-05
-3.55813e-05
-3.56286e-05
-3.55867e-05
-3.546e-05
-3.52531e-05
-3.49709e-05
-3.46186e-05
-3.42015e-05
-3.37249e-05
-3.31944e-05
-3.26153e-05
-3.19925e-05
-3.13309e-05
-3.06352e-05
-2.99096e-05
-2.9158e-05
-2.83843e-05
-2.7592e-05
-2.67844e-05
-2.59646e-05
-2.51356e-05
-2.43003e-05
-2.34611e-05
-2.26207e-05
-2.17813e-05
-2.0945e-05
-0.000129255
-0.000123764
-0.000118475
-0.000113385
-0.00010849
-0.000103788
-9.92725e-05
-9.49404e-05
-9.07866e-05
-8.68059e-05
-8.29931e-05
-7.93428e-05
-7.58495e-05
-7.25075e-05
-6.93114e-05
-6.62554e-05
-6.33339e-05
-6.05414e-05
-5.78723e-05
-5.53213e-05
-5.2883e-05
-5.05521e-05
-4.83237e-05
-4.61926e-05
-4.41541e-05
-4.22036e-05
-4.03366e-05
-3.85487e-05
-3.68359e-05
-3.51944e-05
-3.36204e-05
-3.21106e-05
-3.06616e-05
-2.92704e-05
-2.79342e-05
-2.66504e-05
-2.54164e-05
-2.42299e-05
-2.30888e-05
-2.19912e-05
-2.0935e-05
-1.99188e-05
-1.89409e-05
-1.79997e-05
-0.00012895
-0.000123423
-0.000118106
-0.000112998
-0.000108093
-0.000103386
-9.88737e-05
-9.45495e-05
-9.04082e-05
-8.64441e-05
-8.26512e-05
-7.90236e-05
-7.55551e-05
-7.22398e-05
-6.90715e-05
-6.60442e-05
-6.31518e-05
-6.03885e-05
-5.77485e-05
-5.5226e-05
-5.28156e-05
-5.05117e-05
-4.83092e-05
-4.62029e-05
-4.41879e-05
-4.22594e-05
-4.04128e-05
-3.8644e-05
-3.69486e-05
-3.53229e-05
-3.37632e-05
-3.2266e-05
-3.08282e-05
-2.94467e-05
-2.81187e-05
-2.68416e-05
-2.56131e-05
-2.44308e-05
-2.32928e-05
-2.2197e-05
-2.11418e-05
-2.01256e-05
-1.91466e-05
-1.82037e-05
-0.00012836
-0.000122812
-0.000117485
-0.000112374
-0.000107473
-0.000102778
-9.82817e-05
-9.39788e-05
-8.98628e-05
-8.59272e-05
-8.21656e-05
-7.85714e-05
-7.5138e-05
-7.18588e-05
-6.87272e-05
-6.57368e-05
-6.28813e-05
-6.01544e-05
-5.755e-05
-5.50623e-05
-5.26854e-05
-5.04138e-05
-4.8242e-05
-4.61649e-05
-4.41774e-05
-4.22746e-05
-4.0452e-05
-3.87052e-05
-3.70302e-05
-3.54229e-05
-3.38798e-05
-3.23974e-05
-3.09727e-05
-2.96026e-05
-2.82844e-05
-2.70156e-05
-2.57939e-05
-2.4617e-05
-2.34831e-05
-2.23903e-05
-2.13368e-05
-2.03213e-05
-1.93422e-05
-1.83982e-05
-0.000127476
-0.000121927
-0.000116606
-0.000111509
-0.000106629
-0.00010196
-9.74951e-05
-9.32273e-05
-8.91497e-05
-8.52552e-05
-8.15367e-05
-7.7987e-05
-7.45989e-05
-7.13655e-05
-6.82796e-05
-6.53346e-05
-6.25237e-05
-5.98404e-05
-5.72784e-05
-5.48315e-05
-5.24939e-05
-5.02597e-05
-4.81235e-05
-4.60799e-05
-4.41239e-05
-4.22505e-05
-4.04552e-05
-3.87336e-05
-3.70816e-05
-3.54952e-05
-3.3971e-05
-3.25055e-05
-3.10958e-05
-2.97388e-05
-2.84319e-05
-2.71728e-05
-2.59591e-05
-2.47888e-05
-2.36601e-05
-2.25711e-05
-2.15204e-05
-2.05064e-05
-1.95279e-05
-1.85835e-05
-0.000126293
-0.000120762
-0.000115466
-0.000110401
-0.000105558
-0.000100932
-9.65132e-05
-9.2295e-05
-8.82695e-05
-8.4429e-05
-8.07656e-05
-7.72717e-05
-7.39395e-05
-7.07616e-05
-6.77306e-05
-6.48394e-05
-6.20809e-05
-5.94484e-05
-5.69354e-05
-5.45355e-05
-5.22427e-05
-5.00512e-05
-4.79552e-05
-4.59495e-05
-4.40289e-05
-4.21885e-05
-4.04237e-05
-3.87302e-05
-3.71038e-05
-3.55409e-05
-3.40377e-05
-3.25912e-05
-3.11981e-05
-2.98559e-05
-2.85619e-05
-2.73137e-05
-2.61093e-05
-2.49467e-05
-2.38241e-05
-2.27399e-05
-2.16927e-05
-2.0681e-05
-1.97037e-05
-1.87596e-05
-0.000124808
-0.000119314
-0.000114063
-0.000109048
-0.000104261
-9.9693e-05
-9.53366e-05
-9.1183e-05
-8.72237e-05
-8.34502e-05
-7.98543e-05
-7.64276e-05
-7.31619e-05
-7.00495e-05
-6.70826e-05
-6.42536e-05
-6.15553e-05
-5.89808e-05
-5.65233e-05
-5.41765e-05
-5.19341e-05
-4.97901e-05
-4.7739e-05
-4.57754e-05
-4.3894e-05
-4.209e-05
-4.03589e-05
-3.86963e-05
-3.70982e-05
-3.55609e-05
-3.4081e-05
-3.26552e-05
-3.12806e-05
-2.99547e-05
-2.86749e-05
-2.7439e-05
-2.6245e-05
-2.50911e-05
-2.39756e-05
-2.28971e-05
-2.18541e-05
-2.08455e-05
-1.987e-05
-1.89268e-05
-0.000123016
-0.000117582
-0.000112395
-0.00010745
-0.000102736
-9.82451e-05
-9.39672e-05
-8.98935e-05
-8.60146e-05
-8.23216e-05
-7.88056e-05
-7.54576e-05
-7.22693e-05
-6.92322e-05
-6.63384e-05
-6.358e-05
-6.09497e-05
-5.84402e-05
-5.60448e-05
-5.37569e-05
-5.15702e-05
-4.94788e-05
-4.7477e-05
-4.55594e-05
-4.3721e-05
-4.19568e-05
-4.02623e-05
-3.86334e-05
-3.7066e-05
-3.55566e-05
-3.41018e-05
-3.26986e-05
-3.13442e-05
-3.00359e-05
-2.87716e-05
-2.75492e-05
-2.63667e-05
-2.52224e-05
-2.41149e-05
-2.30428e-05
-2.20049e-05
-2.1e-05
-2.0027e-05
-1.90852e-05
-0.000120918
-0.000115565
-0.000110465
-0.000105609
-0.000100988
-9.65906e-05
-9.2408e-05
-8.84297e-05
-8.46458e-05
-8.10468e-05
-7.76231e-05
-7.43656e-05
-7.12652e-05
-6.83133e-05
-6.55017e-05
-6.28222e-05
-6.02674e-05
-5.78299e-05
-5.55028e-05
-5.32796e-05
-5.11539e-05
-4.91197e-05
-4.71715e-05
-4.53039e-05
-4.35119e-05
-4.17906e-05
-4.01356e-05
-3.85429e-05
-3.70086e-05
-3.55292e-05
-3.41014e-05
-3.27225e-05
-3.13896e-05
-3.01005e-05
-2.88529e-05
-2.7645e-05
-2.64749e-05
-2.53413e-05
-2.42426e-05
-2.31777e-05
-2.21454e-05
-2.11448e-05
-2.0175e-05
-1.92351e-05
-0.000118514
-0.000113266
-0.000108273
-0.000103528
-9.90184e-05
-9.47338e-05
-9.06633e-05
-8.67961e-05
-8.31219e-05
-7.96304e-05
-7.63116e-05
-7.31559e-05
-7.01541e-05
-6.72972e-05
-6.45766e-05
-6.19842e-05
-5.95122e-05
-5.71535e-05
-5.49008e-05
-5.27477e-05
-5.0688e-05
-4.87156e-05
-4.68251e-05
-4.50112e-05
-4.32688e-05
-4.15935e-05
-3.99807e-05
-3.84266e-05
-3.69275e-05
-3.548e-05
-3.4081e-05
-3.27278e-05
-3.1418e-05
-3.01492e-05
-2.89194e-05
-2.77271e-05
-2.65704e-05
-2.54482e-05
-2.43591e-05
-2.3302e-05
-2.2276e-05
-2.12804e-05
-2.03141e-05
-1.93767e-05
-0.000115808
-0.000110688
-0.000105826
-0.000101212
-9.6834e-05
-9.26801e-05
-8.87387e-05
-8.49985e-05
-8.14486e-05
-7.8078e-05
-7.48766e-05
-7.18342e-05
-6.89413e-05
-6.61887e-05
-6.35679e-05
-6.10704e-05
-5.86885e-05
-5.64148e-05
-5.42425e-05
-5.21649e-05
-5.01758e-05
-4.82696e-05
-4.64406e-05
-4.46838e-05
-4.29943e-05
-4.13676e-05
-3.97996e-05
-3.82863e-05
-3.68244e-05
-3.54105e-05
-3.40419e-05
-3.27159e-05
-3.14303e-05
-3.0183e-05
-2.89721e-05
-2.77962e-05
-2.66538e-05
-2.55437e-05
-2.44648e-05
-2.34162e-05
-2.23971e-05
-2.14069e-05
-2.04448e-05
-1.95103e-05
-0.000112806
-0.000107838
-0.00010313
-9.86683e-05
-9.44415e-05
-9.04367e-05
-8.66415e-05
-8.30441e-05
-7.96328e-05
-7.63965e-05
-7.33245e-05
-7.04065e-05
-6.76327e-05
-6.49938e-05
-6.2481e-05
-6.00859e-05
-5.78009e-05
-5.56185e-05
-5.3532e-05
-5.15349e-05
-4.9621e-05
-4.77849e-05
-4.6021e-05
-4.43245e-05
-4.26907e-05
-4.11153e-05
-3.95942e-05
-3.81238e-05
-3.67009e-05
-3.53223e-05
-3.39855e-05
-3.26879e-05
-3.14277e-05
-3.02028e-05
-2.90118e-05
-2.78531e-05
-2.67256e-05
-2.56283e-05
-2.45603e-05
-2.35208e-05
-2.25091e-05
-2.15248e-05
-2.05672e-05
-1.9636e-05
-0.000109515
-0.000104725
-0.000100193
-9.59054e-05
-9.18498e-05
-8.80124e-05
-8.43803e-05
-8.09411e-05
-7.76828e-05
-7.45938e-05
-7.1663e-05
-6.88802e-05
-6.62352e-05
-6.37187e-05
-6.13219e-05
-5.90365e-05
-5.68547e-05
-5.47695e-05
-5.27739e-05
-5.08619e-05
-4.90274e-05
-4.7265e-05
-4.55696e-05
-4.39363e-05
-4.23608e-05
-4.08389e-05
-3.93669e-05
-3.79412e-05
-3.65588e-05
-3.52169e-05
-3.39131e-05
-3.26452e-05
-3.14113e-05
-3.02097e-05
-2.90392e-05
-2.78986e-05
-2.67867e-05
-2.57028e-05
-2.46461e-05
-2.36162e-05
-2.26123e-05
-2.16343e-05
-2.06816e-05
-1.97541e-05
-0.000105947
-0.000101359
-9.70264e-05
-9.29346e-05
-8.90698e-05
-8.54178e-05
-8.19654e-05
-7.86995e-05
-7.56079e-05
-7.26786e-05
-6.99006e-05
-6.72631e-05
-6.47562e-05
-6.23705e-05
-6.00972e-05
-5.79281e-05
-5.58557e-05
-5.38729e-05
-5.19731e-05
-5.01504e-05
-4.8399e-05
-4.67137e-05
-4.50897e-05
-4.35223e-05
-4.20074e-05
-4.05411e-05
-3.91199e-05
-3.77405e-05
-3.64e-05
-3.50961e-05
-3.38263e-05
-3.25889e-05
-3.13822e-05
-3.02048e-05
-2.90555e-05
-2.79334e-05
-2.68376e-05
-2.57676e-05
-2.47228e-05
-2.37027e-05
-2.27071e-05
-2.17358e-05
-2.07884e-05
-1.98649e-05
-0.000102116
-9.77553e-05
-9.36445e-05
-8.97691e-05
-8.61142e-05
-8.26653e-05
-7.94085e-05
-7.63306e-05
-7.34188e-05
-7.06613e-05
-6.80467e-05
-6.55643e-05
-6.32042e-05
-6.09571e-05
-5.88142e-05
-5.67676e-05
-5.481e-05
-5.29345e-05
-5.11348e-05
-4.94052e-05
-4.77403e-05
-4.61351e-05
-4.4585e-05
-4.30858e-05
-4.16335e-05
-4.02246e-05
-3.88556e-05
-3.75238e-05
-3.62265e-05
-3.49614e-05
-3.37266e-05
-3.25205e-05
-3.13417e-05
-3.01889e-05
-2.90614e-05
-2.79583e-05
-2.68792e-05
-2.58234e-05
-2.47908e-05
-2.37811e-05
-2.2794e-05
-2.18297e-05
-2.08879e-05
-1.99687e-05
-9.80387e-05
-9.39293e-05
-9.00629e-05
-8.64243e-05
-8.29979e-05
-7.97689e-05
-7.67231e-05
-7.38469e-05
-7.11275e-05
-6.8553e-05
-6.61118e-05
-6.37935e-05
-6.15882e-05
-5.94867e-05
-5.74806e-05
-5.55621e-05
-5.37242e-05
-5.19603e-05
-5.02646e-05
-4.86314e-05
-4.70558e-05
-4.55333e-05
-4.40594e-05
-4.26302e-05
-4.12422e-05
-3.9892e-05
-3.85766e-05
-3.72934e-05
-3.60402e-05
-3.48148e-05
-3.36157e-05
-3.24414e-05
-3.12909e-05
-3.01634e-05
-2.9058e-05
-2.79743e-05
-2.6912e-05
-2.58709e-05
-2.48507e-05
-2.38515e-05
-2.28733e-05
-2.19162e-05
-2.09803e-05
-2.00656e-05
-9.37353e-05
-8.99009e-05
-8.63003e-05
-8.29179e-05
-7.97377e-05
-7.67446e-05
-7.39241e-05
-7.12625e-05
-6.87471e-05
-6.63658e-05
-6.41074e-05
-6.19613e-05
-5.9918e-05
-5.79685e-05
-5.61047e-05
-5.43193e-05
-5.26053e-05
-5.09568e-05
-4.93682e-05
-4.78343e-05
-4.63505e-05
-4.49126e-05
-4.35167e-05
-4.21592e-05
-4.08367e-05
-3.95464e-05
-3.82855e-05
-3.70517e-05
-3.58431e-05
-3.4658e-05
-3.3495e-05
-3.2353e-05
-3.12312e-05
-3.01291e-05
-2.90461e-05
-2.79821e-05
-2.6937e-05
-2.59106e-05
-2.49031e-05
-2.39147e-05
-2.29455e-05
-2.19959e-05
-2.10659e-05
-2.01559e-05
-8.92293e-05
-8.56921e-05
-8.23778e-05
-7.92699e-05
-7.63525e-05
-7.361e-05
-7.10281e-05
-6.8593e-05
-6.6292e-05
-6.41132e-05
-6.20456e-05
-6.00789e-05
-5.82039e-05
-5.6412e-05
-5.46954e-05
-5.30471e-05
-5.14607e-05
-4.99307e-05
-4.84518e-05
-4.70194e-05
-4.56293e-05
-4.42777e-05
-4.29611e-05
-4.16763e-05
-4.04203e-05
-3.91906e-05
-3.79848e-05
-3.68009e-05
-3.56374e-05
-3.44928e-05
-3.33662e-05
-3.22567e-05
-3.11638e-05
-3.00873e-05
-2.90269e-05
-2.79826e-05
-2.69547e-05
-2.59432e-05
-2.49485e-05
-2.3971e-05
-2.3011e-05
-2.20689e-05
-2.11451e-05
-2.024e-05
-8.4547e-05
-8.13282e-05
-7.83189e-05
-7.55026e-05
-7.28629e-05
-7.03845e-05
-6.8053e-05
-6.58548e-05
-6.37774e-05
-6.18093e-05
-5.99395e-05
-5.81585e-05
-5.64571e-05
-5.48273e-05
-5.32617e-05
-5.17539e-05
-5.0298e-05
-4.88888e-05
-4.75216e-05
-4.61924e-05
-4.48974e-05
-4.36333e-05
-4.23968e-05
-4.11854e-05
-3.99964e-05
-3.88277e-05
-3.76772e-05
-3.65435e-05
-3.54252e-05
-3.43212e-05
-3.3231e-05
-3.21539e-05
-3.10899e-05
-3.00389e-05
-2.90011e-05
-2.79766e-05
-2.69659e-05
-2.59694e-05
-2.49875e-05
-2.40209e-05
-2.30701e-05
-2.21357e-05
-2.12181e-05
-2.0318e-05
-7.97183e-05
-7.6837e-05
-7.41498e-05
-7.16401e-05
-6.92915e-05
-6.7089e-05
-6.50182e-05
-6.30659e-05
-6.122e-05
-5.94692e-05
-5.78031e-05
-5.62126e-05
-5.4689e-05
-5.32249e-05
-5.18134e-05
-5.04485e-05
-4.91251e-05
-4.78383e-05
-4.65843e-05
-4.53593e-05
-4.41601e-05
-4.29839e-05
-4.18281e-05
-4.06903e-05
-3.95684e-05
-3.84607e-05
-3.73655e-05
-3.62818e-05
-3.52085e-05
-3.4145e-05
-3.30909e-05
-3.20462e-05
-3.10109e-05
-2.99853e-05
-2.89698e-05
-2.7965e-05
-2.69714e-05
-2.59897e-05
-2.50207e-05
-2.4065e-05
-2.31233e-05
-2.21966e-05
-2.12853e-05
-2.03902e-05
-7.47757e-05
-7.22489e-05
-6.98988e-05
-6.77088e-05
-6.56628e-05
-6.37459e-05
-6.19444e-05
-6.02453e-05
-5.8637e-05
-5.71088e-05
-5.56508e-05
-5.42544e-05
-5.29117e-05
-5.16156e-05
-5.03601e-05
-4.91398e-05
-4.795e-05
-4.67867e-05
-4.56463e-05
-4.4526e-05
-4.34228e-05
-4.23346e-05
-4.12593e-05
-4.01948e-05
-3.91398e-05
-3.80927e-05
-3.70524e-05
-3.60182e-05
-3.49895e-05
-3.3966e-05
-3.29477e-05
-3.19348e-05
-3.09278e-05
-2.99273e-05
-2.89339e-05
-2.79485e-05
-2.69718e-05
-2.60048e-05
-2.50484e-05
-2.41035e-05
-2.3171e-05
-2.22519e-05
-2.13469e-05
-2.04569e-05
-6.97547e-05
-6.75968e-05
-6.55963e-05
-6.37368e-05
-6.20025e-05
-6.03791e-05
-5.88533e-05
-5.74128e-05
-5.60466e-05
-5.47445e-05
-5.34976e-05
-5.22976e-05
-5.11374e-05
-5.00108e-05
-4.89122e-05
-4.78369e-05
-4.67811e-05
-4.57412e-05
-4.47145e-05
-4.36984e-05
-4.26909e-05
-4.16902e-05
-4.06946e-05
-3.97029e-05
-3.87139e-05
-3.77267e-05
-3.67406e-05
-3.57551e-05
-3.47702e-05
-3.3786e-05
-3.28028e-05
-3.18213e-05
-3.08421e-05
-2.98661e-05
-2.88944e-05
-2.7928e-05
-2.69679e-05
-2.60153e-05
-2.50714e-05
-2.41371e-05
-2.32136e-05
-2.2302e-05
-2.14032e-05
-2.05182e-05
-6.46933e-05
-6.29159e-05
-6.12747e-05
-5.97537e-05
-5.83378e-05
-5.70133e-05
-5.57676e-05
-5.45891e-05
-5.34675e-05
-5.23935e-05
-5.13588e-05
-5.0356e-05
-4.93787e-05
-4.84215e-05
-4.74796e-05
-4.65491e-05
-4.56266e-05
-4.47094e-05
-4.37954e-05
-4.28826e-05
-4.19697e-05
-4.10554e-05
-4.01385e-05
-3.92184e-05
-3.82943e-05
-3.73658e-05
-3.64326e-05
-3.54949e-05
-3.45528e-05
-3.36069e-05
-3.2658e-05
-3.17069e-05
-3.07548e-05
-2.98027e-05
-2.88521e-05
-2.79042e-05
-2.69604e-05
-2.60219e-05
-2.509e-05
-2.41662e-05
-2.32515e-05
-2.23473e-05
-2.14546e-05
-2.05746e-05
-5.9632e-05
-5.82432e-05
-5.6968e-05
-5.57908e-05
-5.46973e-05
-5.36746e-05
-5.27109e-05
-5.17955e-05
-5.09191e-05
-5.00731e-05
-4.92501e-05
-4.84438e-05
-4.76484e-05
-4.68594e-05
-4.60728e-05
-4.52854e-05
-4.44947e-05
-4.36986e-05
-4.28957e-05
-4.20847e-05
-4.12646e-05
-4.0435e-05
-3.95952e-05
-3.8745e-05
-3.78841e-05
-3.70128e-05
-3.61312e-05
-3.52397e-05
-3.43392e-05
-3.34305e-05
-3.25146e-05
-3.15931e-05
-3.06671e-05
-2.97382e-05
-2.8808e-05
-2.7878e-05
-2.69498e-05
-2.60249e-05
-2.51049e-05
-2.41911e-05
-2.3285e-05
-2.2388e-05
-2.15013e-05
-2.06261e-05
-5.4613e-05
-5.36175e-05
-5.27115e-05
-5.18802e-05
-5.111e-05
-5.03893e-05
-4.97071e-05
-4.90538e-05
-4.84209e-05
-4.78009e-05
-4.71875e-05
-4.65751e-05
-4.59591e-05
-4.53357e-05
-4.47018e-05
-4.40551e-05
-4.33936e-05
-4.27162e-05
-4.20219e-05
-4.13103e-05
-4.05808e-05
-3.98336e-05
-3.90687e-05
-3.82863e-05
-3.74868e-05
-3.66707e-05
-3.58387e-05
-3.49919e-05
-3.41313e-05
-3.32583e-05
-3.23743e-05
-3.1481e-05
-3.05802e-05
-2.96735e-05
-2.87629e-05
-2.78501e-05
-2.6937e-05
-2.60252e-05
-2.51164e-05
-2.42123e-05
-2.33145e-05
-2.24244e-05
-2.15435e-05
-2.0673e-05
-4.96802e-05
-4.90787e-05
-4.85417e-05
-4.80549e-05
-4.76061e-05
-4.71846e-05
-4.67808e-05
-4.63859e-05
-4.59927e-05
-4.55949e-05
-4.51869e-05
-4.47644e-05
-4.43237e-05
-4.3862e-05
-4.3377e-05
-4.28672e-05
-4.23315e-05
-4.17694e-05
-4.11805e-05
-4.05651e-05
-3.99234e-05
-3.92558e-05
-3.85631e-05
-3.78459e-05
-3.71052e-05
-3.63421e-05
-3.55577e-05
-3.47535e-05
-3.3931e-05
-3.3092e-05
-3.22383e-05
-3.1372e-05
-3.0495e-05
-2.96096e-05
-2.87176e-05
-2.78212e-05
-2.69224e-05
-2.60231e-05
-2.51251e-05
-2.42303e-05
-2.33403e-05
-2.24569e-05
-2.15815e-05
-2.07155e-05
-4.48786e-05
-4.46678e-05
-4.44956e-05
-4.43487e-05
-4.4216e-05
-4.40881e-05
-4.39566e-05
-4.38142e-05
-4.36545e-05
-4.34726e-05
-4.32642e-05
-4.30257e-05
-4.27548e-05
-4.24494e-05
-4.21082e-05
-4.17305e-05
-4.13161e-05
-4.0865e-05
-4.03777e-05
-3.98548e-05
-3.92971e-05
-3.87059e-05
-3.80821e-05
-3.74271e-05
-3.67425e-05
-3.60296e-05
-3.52903e-05
-3.45264e-05
-3.37399e-05
-3.29331e-05
-3.2108e-05
-3.12671e-05
-3.04127e-05
-2.95472e-05
-2.86729e-05
-2.77919e-05
-2.69066e-05
-2.60191e-05
-2.51313e-05
-2.42453e-05
-2.33628e-05
-2.24857e-05
-2.16155e-05
-2.07539e-05
-4.02549e-05
-4.04264e-05
-4.06109e-05
-4.07955e-05
-4.09703e-05
-4.11273e-05
-4.12594e-05
-4.13607e-05
-4.14262e-05
-4.1452e-05
-4.14351e-05
-4.13732e-05
-4.12648e-05
-4.11089e-05
-4.09053e-05
-4.06538e-05
-4.03551e-05
-4.00099e-05
-3.96193e-05
-3.91844e-05
-3.87067e-05
-3.81877e-05
-3.76292e-05
-3.70331e-05
-3.64012e-05
-3.57356e-05
-3.50386e-05
-3.43126e-05
-3.35598e-05
-3.2783e-05
-3.19847e-05
-3.11675e-05
-3.03342e-05
-2.94873e-05
-2.86294e-05
-2.77629e-05
-2.68903e-05
-2.60138e-05
-2.51356e-05
-2.42577e-05
-2.33822e-05
-2.25111e-05
-2.16459e-05
-2.07883e-05
-3.58558e-05
-3.63965e-05
-3.69256e-05
-3.74296e-05
-3.78998e-05
-3.83298e-05
-3.87139e-05
-3.90477e-05
-3.93274e-05
-3.95506e-05
-3.97154e-05
-3.98207e-05
-3.98661e-05
-3.98516e-05
-3.97778e-05
-3.96455e-05
-3.9456e-05
-3.92107e-05
-3.8911e-05
-3.8559e-05
-3.81564e-05
-3.77053e-05
-3.72079e-05
-3.66667e-05
-3.6084e-05
-3.54624e-05
-3.48047e-05
-3.41136e-05
-3.33921e-05
-3.2643e-05
-3.18694e-05
-3.10742e-05
-3.02603e-05
-2.94306e-05
-2.85879e-05
-2.77348e-05
-2.68739e-05
-2.60076e-05
-2.51382e-05
-2.4268e-05
-2.3399e-05
-2.25333e-05
-2.16727e-05
-2.08189e-05
-3.17212e-05
-3.26182e-05
-3.34773e-05
-3.42851e-05
-3.50352e-05
-3.57231e-05
-3.63448e-05
-3.68971e-05
-3.73778e-05
-3.77858e-05
-3.81204e-05
-3.83819e-05
-3.85707e-05
-3.8688e-05
-3.87352e-05
-3.87139e-05
-3.8626e-05
-3.84735e-05
-3.82585e-05
-3.79833e-05
-3.76504e-05
-3.72621e-05
-3.68212e-05
-3.63306e-05
-3.57931e-05
-3.52119e-05
-3.45902e-05
-3.39311e-05
-3.32381e-05
-3.25143e-05
-3.17632e-05
-3.0988e-05
-3.01919e-05
-2.93779e-05
-2.8549e-05
-2.77081e-05
-2.68578e-05
-2.60008e-05
-2.51395e-05
-2.42763e-05
-2.34132e-05
-2.25526e-05
-2.16961e-05
-2.08458e-05
-2.78916e-05
-2.91311e-05
-3.03047e-05
-3.13966e-05
-3.2407e-05
-3.33345e-05
-3.41761e-05
-3.49302e-05
-3.55962e-05
-3.61743e-05
-3.66651e-05
-3.70699e-05
-3.73903e-05
-3.76284e-05
-3.77863e-05
-3.78666e-05
-3.78717e-05
-3.78042e-05
-3.76666e-05
-3.74617e-05
-3.71923e-05
-3.68613e-05
-3.64718e-05
-3.60271e-05
-3.55306e-05
-3.4986e-05
-3.43966e-05
-3.37664e-05
-3.3099e-05
-3.2398e-05
-3.16671e-05
-3.09098e-05
-3.01296e-05
-2.93297e-05
-2.85132e-05
-2.76833e-05
-2.68426e-05
-2.5994e-05
-2.51399e-05
-2.42829e-05
-2.34252e-05
-2.25691e-05
-2.17165e-05
-2.08693e-05
-0.000458901
-0.000438072
-0.000417838
-0.000398248
-0.000379336
-0.00036113
-0.000343647
-0.000326896
-0.00031088
-0.000295594
-0.000281029
-0.000267173
-0.000254007
-0.000241512
-0.00047467
-0.000452211
-0.00043047
-0.000409491
-0.000389308
-0.000369939
-0.000351398
-0.000333688
-0.000316805
-0.000300739
-0.000285474
-0.000270992
-0.000257269
-0.000244279
-0.000231996
-0.000220392
-0.000209435
-0.000199097
-0.000189348
-0.000180157
-0.000171495
-0.000163335
-0.000155647
-0.000148405
-0.000141584
-0.000135157
-0.000490288
-0.000466108
-0.000442784
-0.000420356
-0.000398851
-0.000378282
-0.000358655
-0.000339966
-0.000322205
-0.000305352
-0.000289388
-0.000274284
-0.000260011
-0.000246538
-0.000233832
-0.000221857
-0.000210579
-0.000199964
-0.000189976
-0.000180581
-0.000171748
-0.000163442
-0.000155634
-0.000148293
-0.000141391
-0.000134901
-0.000505672
-0.000479679
-0.000454697
-0.000430761
-0.000407887
-0.000386083
-0.000365345
-0.000345662
-0.000327013
-0.000309374
-0.000292713
-0.000276996
-0.000262187
-0.000248246
-0.000235133
-0.000222808
-0.00021123
-0.000200359
-0.000190154
-0.000180579
-0.000171594
-0.000163166
-0.000155258
-0.000147839
-0.000140876
-0.000134341
-0.000520731
-0.000492834
-0.00046612
-0.000440616
-0.00041633
-0.000393259
-0.00037139
-0.000350701
-0.000331163
-0.00031274
-0.000295393
-0.000279077
-0.000263748
-0.000249359
-0.000235863
-0.000223211
-0.000211357
-0.000200254
-0.000189859
-0.000180127
-0.000171017
-0.000162489
-0.000154505
-0.00014703
-0.000140028
-0.000133469
-0.000535365
-0.00050547
-0.000476952
-0.000449825
-0.000424087
-0.000399722
-0.000376707
-0.000355008
-0.000334583
-0.000315386
-0.000297367
-0.000280472
-0.000264646
-0.000249834
-0.000235981
-0.00022303
-0.000210928
-0.000199624
-0.000189065
-0.000179205
-0.000169997
-0.000161397
-0.000153363
-0.000145856
-0.000138839
-0.000132277
-0.000549461
-0.000517477
-0.000487084
-0.000458283
-0.000431058
-0.000405379
-0.000381209
-0.0003585
-0.000337198
-0.000317244
-0.000298574
-0.000281125
-0.000264831
-0.000249627
-0.000235448
-0.000222231
-0.000209915
-0.000198441
-0.000187753
-0.000177796
-0.00016852
-0.000159876
-0.000151819
-0.000144307
-0.0001373
-0.00013076
-0.000562891
-0.00052873
-0.000496397
-0.000465876
-0.000437136
-0.00041013
-0.000384804
-0.000361094
-0.000338932
-0.000318243
-0.000298952
-0.000280981
-0.000264254
-0.000248694
-0.000234228
-0.000220783
-0.00020829
-0.000196683
-0.0001859
-0.000175881
-0.00016657
-0.000157915
-0.000149866
-0.000142378
-0.000135407
-0.000128915
-0.000575519
-0.000539096
-0.000504762
-0.000472484
-0.000442208
-0.00041387
-0.000387395
-0.000362703
-0.000339706
-0.000318315
-0.000298438
-0.000279985
-0.000262866
-0.000246994
-0.000232283
-0.000218653
-0.000206025
-0.000194327
-0.00018349
-0.000173447
-0.000164137
-0.000155505
-0.000147497
-0.000140062
-0.000133157
-0.000126738
-0.000587193
-0.000548429
-0.000512043
-0.000477977
-0.000446155
-0.000416489
-0.000388883
-0.000363235
-0.000339439
-0.000317387
-0.00029697
-0.000278083
-0.000260622
-0.000244486
-0.00022958
-0.000215813
-0.000203099
-0.000191355
-0.000180506
-0.00017048
-0.000161212
-0.000152639
-0.000144705
-0.000137358
-0.000130548
-0.000124231
-0.000597746
-0.000556571
-0.00051809
-0.000482218
-0.000448851
-0.000417873
-0.000389166
-0.000362601
-0.000338052
-0.000315389
-0.000294487
-0.000275222
-0.000257475
-0.000241133
-0.000226089
-0.000212239
-0.000199489
-0.000187749
-0.000176936
-0.000166972
-0.000157787
-0.000149313
-0.000141491
-0.000134264
-0.000127581
-0.000121395
-0.000606998
-0.000563354
-0.000522748
-0.000485065
-0.000450166
-0.000417907
-0.00038814
-0.00036071
-0.000335465
-0.000312254
-0.000290931
-0.000271353
-0.000253386
-0.000236902
-0.000221781
-0.000207908
-0.00019518
-0.000183498
-0.000172772
-0.000162919
-0.00015386
-0.000145527
-0.000137855
-0.000130784
-0.00012426
-0.000118236
-0.000614755
-0.000568596
-0.000525852
-0.000486366
-0.000449966
-0.000416472
-0.000385701
-0.000357472
-0.000331602
-0.000307916
-0.000286247
-0.000266432
-0.000248318
-0.000231764
-0.000216634
-0.000202805
-0.000190161
-0.000178595
-0.00016801
-0.000158317
-0.000149433
-0.000141284
-0.000133801
-0.000126923
-0.000120593
-0.000114761
-0.000620807
-0.000572107
-0.000527228
-0.00048597
-0.000448117
-0.00041345
-0.000381749
-0.000352799
-0.000326389
-0.000302315
-0.000280386
-0.000260418
-0.000242241
-0.000225695
-0.000210633
-0.000196918
-0.000184424
-0.000173037
-0.000162652
-0.000153172
-0.000144512
-0.000136592
-0.00012934
-0.000122692
-0.00011659
-0.000110981
-0.000624931
-0.000573686
-0.0005267
-0.00048372
-0.000444483
-0.000408725
-0.000376185
-0.000346612
-0.00031976
-0.000295398
-0.000273307
-0.000253281
-0.000235131
-0.000218681
-0.000203767
-0.000190242
-0.00017797
-0.000166828
-0.000156702
-0.000147492
-0.000139106
-0.000131462
-0.000124483
-0.000118104
-0.000112265
-0.00010691
-0.000626893
-0.000573128
-0.000524087
-0.000479461
-0.000438932
-0.000402186
-0.000368919
-0.000338836
-0.000311657
-0.000287119
-0.000264975
-0.000244998
-0.000226975
-0.000210713
-0.000196036
-0.000182783
-0.000170807
-0.000159978
-0.000150175
-0.000141292
-0.000133233
-0.000125911
-0.000119249
-0.000113177
-0.000107635
-0.000102566
-0.000626448
-0.00057022
-0.000519209
-0.000473041
-0.000431339
-0.000393732
-0.000359868
-0.000329407
-0.000302032
-0.000277445
-0.00025537
-0.000235555
-0.000217767
-0.000201795
-0.000187447
-0.000174551
-0.000162951
-0.000152506
-0.00014309
-0.000134593
-0.000126913
-0.000119961
-0.000113658
-0.000107932
-0.000102721
-9.79687e-05
-0.000623345
-0.00056475
-0.00051189
-0.000464318
-0.000421588
-0.000383273
-0.000348964
-0.000318277
-0.000290852
-0.000266356
-0.000244483
-0.000224954
-0.000207516
-0.00019194
-0.00017802
-0.00016557
-0.000154425
-0.000144437
-0.000135475
-0.000127423
-0.000120175
-0.000113641
-0.000107739
-0.000102396
-9.755e-05
-9.31436e-05
-0.000617334
-0.000556515
-0.000501966
-0.000453159
-0.00040958
-0.000370734
-0.000336157
-0.000305413
-0.0002781
-0.000253848
-0.000232319
-0.00021321
-0.000196244
-0.000181175
-0.000167783
-0.00015587
-0.000145264
-0.000135807
-0.000127365
-0.000119816
-0.000113053
-0.000106983
-0.000101523
-9.65999e-05
-9.21504e-05
-8.81183e-05
-0.00060817
-0.000545321
-0.000489287
-0.000439456
-0.000395236
-0.000356064
-0.000321416
-0.000290804
-0.00026378
-0.000239936
-0.000218905
-0.000200354
-0.000183987
-0.00016954
-0.00015678
-0.000145498
-0.000135512
-0.000126661
-0.000118803
-0.000111815
-0.000105588
-0.000100027
-9.50477e-05
-9.05786e-05
-8.65559e-05
-8.29242e-05
-0.00059563
-0.000531
-0.000473732
-0.000423124
-0.000378505
-0.000339239
-0.000304739
-0.000274463
-0.000247918
-0.000224659
-0.000204284
-0.000186436
-0.000170799
-0.000157091
-0.000145067
-0.000134508
-0.000125225
-0.000117051
-0.000109842
-0.000103471
-9.78274e-05
-9.28168e-05
-8.83558e-05
-8.43724e-05
-8.0804e-05
-7.75963e-05
-0.000579519
-0.000513417
-0.000455214
-0.000404117
-0.00035937
-0.000320266
-0.000286152
-0.000256433
-0.000230569
-0.000208076
-0.000188522
-0.000171526
-0.000156751
-0.0001439
-0.000132715
-0.00012297
-0.000114469
-0.000107042
-0.000100541
-9.48392e-05
-8.98252e-05
-8.54044e-05
-8.14947e-05
-7.80254e-05
-7.49357e-05
-7.2173e-05
-0.000559694
-0.000492484
-0.000433691
-0.000382429
-0.000337856
-0.000299192
-0.000265719
-0.000236788
-0.000211814
-0.000190275
-0.000171711
-0.000155715
-0.000141932
-0.000130053
-0.000119808
-0.000110965
-0.000103322
-9.67073e-05
-9.09711e-05
-8.59858e-05
-8.16419e-05
-7.78456e-05
-7.45166e-05
-7.15862e-05
-6.89958e-05
-6.66953e-05
-0.000536074
-0.000468176
-0.000409182
-0.00035811
-0.000314036
-0.000276107
-0.000243543
-0.000215639
-0.000191768
-0.000171373
-0.000153965
-0.000139115
-0.000126453
-0.000115656
-0.000106447
-9.85868e-05
-9.18726e-05
-8.61293e-05
-8.12081e-05
-7.69823e-05
-7.33441e-05
-7.02019e-05
-6.74781e-05
-6.51068e-05
-6.30323e-05
-6.12073e-05
-0.000508663
-0.000440544
-0.000381771
-0.00033127
-0.000288039
-0.000251152
-0.000219768
-0.000193134
-0.000170579
-0.000151514
-0.000135424
-0.000121862
-0.000110441
-0.000100829
-9.27438e-05
-8.59423e-05
-8.02192e-05
-7.54e-05
-7.13375e-05
-6.7907e-05
-6.50038e-05
-6.25395e-05
-6.04399e-05
-5.86427e-05
-5.70958e-05
-5.57552e-05
-0.000477555
-0.000409715
-0.000351608
-0.000302076
-0.000260038
-0.000224504
-0.000194575
-0.000169449
-0.000148419
-0.000130864
-0.000116248
-0.000104105
-9.40375e-05
-8.57067e-05
-7.88243e-05
-7.31468e-05
-6.84689e-05
-6.46181e-05
-6.14497e-05
-5.88431e-05
-5.66971e-05
-5.49279e-05
-5.34656e-05
-5.2252e-05
-5.12392e-05
-5.03872e-05
-0.000442962
-0.000375918
-0.000318935
-0.000270774
-0.000230284
-0.00019641
-0.000168202
-0.000144815
-0.000125507
-0.000109632
-9.66306e-05
-8.60266e-05
-7.74126e-05
-7.04444e-05
-6.4832e-05
-6.03325e-05
-5.67427e-05
-5.38938e-05
-5.16455e-05
-4.98818e-05
-4.8507e-05
-4.74423e-05
-4.66229e-05
-4.59958e-05
-4.55176e-05
-4.51531e-05
-0.000405365
-0.00033964
-0.000284234
-0.000237834
-0.000199226
-0.000167298
-0.000141054
-0.000119609
-0.000102194
-8.81376e-05
-7.68677e-05
-6.78959e-05
-6.08096e-05
-5.52623e-05
-5.09648e-05
-4.76767e-05
-4.51992e-05
-4.33685e-05
-4.20503e-05
-4.11347e-05
-4.05321e-05
-4.01699e-05
-3.99891e-05
-3.99422e-05
-3.99913e-05
-4.01057e-05
-0.00036522
-0.000301273
-0.000247844
-0.000203552
-0.000167124
-0.000137398
-0.000113334
-9.40159e-05
-7.86455e-05
-6.65355e-05
-5.70997e-05
-4.98428e-05
-4.43492e-05
-4.02728e-05
-3.73274e-05
-3.52772e-05
-3.39297e-05
-3.31278e-05
-3.27443e-05
-3.26768e-05
-3.28429e-05
-3.31768e-05
-3.36262e-05
-3.41497e-05
-3.47151e-05
-3.52968e-05
-0.000320574
-0.000258807
-0.000207767
-0.000165997
-0.000132154
-0.000105018
-8.35024e-05
-6.66509e-05
-5.36371e-05
-4.37535e-05
-3.64008e-05
-3.10771e-05
-2.7365e-05
-2.49208e-05
-2.34633e-05
-2.27643e-05
-2.26396e-05
-2.29416e-05
-2.35529e-05
-2.43805e-05
-2.53514e-05
-2.64085e-05
-2.75078e-05
-2.86155e-05
-2.97067e-05
-3.0761e-05
-0.000272288
-0.000213745
-0.000165969
-0.000127443
-9.6769e-05
-7.26837e-05
-5.40669e-05
-3.99414e-05
-2.94664e-05
-2.19277e-05
-1.67257e-05
-1.33624e-05
-1.14284e-05
-1.05901e-05
-1.0578e-05
-1.11764e-05
-1.2214e-05
-1.35557e-05
-1.50962e-05
-1.67538e-05
-1.8466e-05
-2.01854e-05
-2.18769e-05
-2.3515e-05
-2.50834e-05
-2.65689e-05
)
;

boundaryField
{
    down
    {
        type            symmetryPlane;
    }
    right
    {
        type            fixedValue;
        value           nonuniform List<scalar> 0();
    }
    up
    {
        type            symmetryPlane;
    }
    left
    {
        type            zeroGradient;
    }
    cylinder
    {
        type            zeroGradient;
    }
    frontAndBack
    {
        type            empty;
    }
    procBoundary6to2
    {
        type            processor;
        value           nonuniform List<scalar> 
71
(
-0.000129282
-0.000123844
-0.000118596
-0.000113539
-0.00010867
-0.000103985
-9.94803e-05
-9.51531e-05
-9.09989e-05
-8.70132e-05
-8.31915e-05
-7.95289e-05
-7.60206e-05
-7.26613e-05
-6.9446e-05
-6.63695e-05
-6.34265e-05
-6.06119e-05
-5.79204e-05
-5.53469e-05
-5.28864e-05
-5.05338e-05
-4.82842e-05
-4.61329e-05
-4.40751e-05
-4.21064e-05
-4.02222e-05
-3.84185e-05
-3.66913e-05
-3.50365e-05
-3.34507e-05
-3.19304e-05
-3.04723e-05
-2.90733e-05
-2.77306e-05
-2.64414e-05
-2.52033e-05
-2.40138e-05
-2.28709e-05
-2.17723e-05
-2.07163e-05
-1.9701e-05
-1.87247e-05
-1.77861e-05
-0.00044305
-0.000423764
-0.000404963
-0.000386698
-0.000369008
-0.000351925
-0.000335469
-0.000319655
-0.00030449
-0.000289974
-0.000276106
-0.000262875
-0.000250271
-0.000238279
-0.000229667
-0.000229667
-0.000218448
-0.00020783
-0.000197787
-0.000188295
-0.000179326
-0.000170857
-0.00016286
-0.000155312
-0.000148188
-0.000141465
-0.00013512
)
;
    }
    procBoundary6to5
    {
        type            processor;
        value           nonuniform List<scalar> 
80
(
-0.000172661
-0.000189116
-0.00022153
-0.000268371
-0.000250846
-0.000250846
-0.000322006
-0.000405294
-0.000343209
-0.000343209
-0.000343209
-0.000482456
-0.000530508
-0.000573333
-0.00061248
-0.000647337
-0.000677457
-0.000702699
-0.000723073
-0.000738712
-0.000749849
-0.000756791
-0.000759885
-0.0007595
-0.000756007
-0.000749764
-0.000741114
-0.000730373
-0.000717834
-0.000703763
-0.000688402
-0.000671968
-0.000654658
-0.000636647
-0.000618091
-0.00059913
-0.000579887
-0.000560472
-0.000540979
-0.000521493
-0.000405298
-0.000343208
-0.00032201
-0.00025085
-0.00025085
-0.000268374
-0.000221532
-0.000189117
-0.000172661
-0.000480263
-0.000497788
-0.000515268
-0.000532624
-0.000549769
-0.000566602
-0.000583012
-0.000598872
-0.000614043
-0.000628368
-0.000641676
-0.000653776
-0.000664463
-0.000673509
-0.000680668
-0.000685679
-0.00068826
-0.000688118
-0.00068495
-0.000678453
-0.000668339
-0.000654341
-0.000636244
-0.000613899
-0.000587251
-0.000556348
-0.000521371
-0.000482792
-0.000441137
-0.000394602
-0.000343208
)
;
    }
    procBoundary6to7
    {
        type            processor;
        value           nonuniform List<scalar> 
74
(
-2.01143e-05
-2.01113e-05
-2.01054e-05
-2.00965e-05
-2.00846e-05
-2.00696e-05
-2.00514e-05
-2.00296e-05
-2.00036e-05
-1.99738e-05
-1.99402e-05
-1.99025e-05
-1.98606e-05
-1.98145e-05
-1.97638e-05
-1.97084e-05
-1.96481e-05
-1.95827e-05
-1.95121e-05
-1.94359e-05
-1.93541e-05
-1.92663e-05
-1.91723e-05
-1.9072e-05
-1.89652e-05
-1.88515e-05
-1.87308e-05
-1.86028e-05
-1.84674e-05
-1.83244e-05
-1.81736e-05
-1.80147e-05
-1.78476e-05
-1.76721e-05
-1.7488e-05
-1.72953e-05
-1.70938e-05
-2.00515e-05
-2.00697e-05
-2.00846e-05
-2.00966e-05
-2.01055e-05
-2.01114e-05
-2.01143e-05
-1.70941e-05
-1.72957e-05
-1.74884e-05
-1.76724e-05
-1.78479e-05
-1.8015e-05
-1.81738e-05
-1.83247e-05
-1.84677e-05
-1.86031e-05
-1.8731e-05
-1.88517e-05
-1.89654e-05
-1.90723e-05
-1.91726e-05
-1.92665e-05
-1.93543e-05
-1.94361e-05
-1.95123e-05
-1.95829e-05
-1.96483e-05
-1.97085e-05
-1.97639e-05
-1.98146e-05
-1.98608e-05
-1.99026e-05
-1.99403e-05
-1.99739e-05
-2.00037e-05
-2.00297e-05
)
;
    }
    procBoundary6to10
    {
        type            processor;
        value           nonuniform List<scalar> 
72
(
-0.000129282
-0.000123843
-0.000118596
-0.000113539
-0.000113539
-0.000108635
-0.000103981
-9.94998e-05
-9.51895e-05
-9.10465e-05
-8.70669e-05
-8.32469e-05
-7.95821e-05
-7.60681e-05
-7.27005e-05
-6.94746e-05
-6.63855e-05
-6.34284e-05
-6.05987e-05
-5.78913e-05
-5.53014e-05
-5.28243e-05
-5.04552e-05
-4.81894e-05
-4.60223e-05
-4.39493e-05
-4.19661e-05
-4.00685e-05
-3.82522e-05
-3.65133e-05
-3.48481e-05
-3.32529e-05
-3.17243e-05
-3.02591e-05
-2.88542e-05
-2.75066e-05
-2.62138e-05
-2.4973e-05
-2.37818e-05
-2.26382e-05
-2.15398e-05
-2.04848e-05
-1.94714e-05
-1.84977e-05
-1.75622e-05
-0.000480262
-0.000458899
-0.000438071
-0.000417837
-0.000398246
-0.000379334
-0.000361129
-0.000343646
-0.000326895
-0.000310879
-0.000295593
-0.000281029
-0.000267172
-0.000254006
-0.000241512
-0.000229667
-0.000218447
-0.000207829
-0.000197786
-0.000188294
-0.000179326
-0.000170856
-0.00016286
-0.000155311
-0.000148187
-0.000141464
-0.00013512
)
;
    }
    procBoundary6to11
    {
        type            processor;
        value           uniform -1.68832e-05;
    }
}


// ************************************************************************* //
