/*--------------------------------*- C++ -*----------------------------------*\
| =========                 |                                                 |
| \\      /  F ield         | OpenFOAM: The Open Source CFD Toolbox           |
|  \\    /   O peration     | Version:  2412                                  |
|   \\  /    A nd           | Website:  www.openfoam.com                      |
|    \\/     M anipulation  |                                                 |
\*---------------------------------------------------------------------------*/
FoamFile
{
    version     2.0;
    format      ascii;
    arch        "LSB;label=32;scalar=64";
    class       volScalarField;
    location    "28";
    object      p;
}
// * * * * * * * * * * * * * * * * * * * * * * * * * * * * * * * * * * * * * //

dimensions      [0 2 -2 0 0 0 0];

internalField   nonuniform List<scalar> 
5285
(
-0.00094438
-0.000885201
-0.000916544
-0.000937862
-0.000957704
-0.000975287
-0.000989598
-0.00100069
-0.00100878
-0.00101397
-0.00101636
-0.00101607
-0.00101323
-0.00100797
-0.00100042
-0.000990733
-0.000979039
-0.000965487
-0.000950218
-0.000933376
-0.000915104
-0.000895542
-0.000874828
-0.000853097
-0.000830059
-0.000859927
-0.000880803
-0.000900256
-0.000917586
-0.000931886
-0.000943202
-0.000951712
-0.000957513
-0.000960691
-0.000961345
-0.000959591
-0.000955545
-0.000949332
-0.000941077
-0.000930911
-0.000918963
-0.000905365
-0.000890251
-0.000873751
-0.000855996
-0.000837113
-0.000817229
-0.0007786
-0.000807068
-0.000827473
-0.000846508
-0.000863543
-0.000877773
-0.000889232
-0.000898075
-0.000904384
-0.000908233
-0.000909709
-0.000908913
-0.000905951
-0.000900934
-0.000893975
-0.000885193
-0.000874707
-0.000862638
-0.000849108
-0.000834238
-0.00081815
-0.00080096
-0.000782789
-0.000730512
-0.000757653
-0.000777572
-0.000796168
-0.00081288
-0.000826991
-0.000838529
-0.000847628
-0.000854357
-0.000858777
-0.000860969
-0.000861018
-0.000859021
-0.000855076
-0.000849287
-0.00084176
-0.000832605
-0.000821933
-0.000809856
-0.000796486
-0.000781934
-0.00076631
-0.000749724
-0.000685509
-0.000711396
-0.000730823
-0.000748969
-0.000765337
-0.000779293
-0.000790858
-0.000800147
-0.000807219
-0.000812127
-0.000814939
-0.000815734
-0.000814595
-0.000811611
-0.000806877
-0.000800488
-0.000792546
-0.00078315
-0.000772404
-0.000760412
-0.000747276
-0.000733099
-0.000717981
-0.000643336
-0.000668039
-0.000686971
-0.000704664
-0.000720674
-0.000734446
-0.000745996
-0.000755421
-0.00076277
-0.00076809
-0.000771441
-0.000772891
-0.000772516
-0.000770394
-0.000766611
-0.000761254
-0.000754414
-0.000746185
-0.000736659
-0.000725934
-0.000714103
-0.000701261
-0.000687503
-0.000603762
-0.000627348
-0.00064579
-0.000663028
-0.000678674
-0.00069224
-0.000703739
-0.000713253
-0.000720824
-0.000726492
-0.000730309
-0.000732335
-0.000732638
-0.000731288
-0.000728363
-0.000723941
-0.000718105
-0.00071094
-0.000702534
-0.000692972
-0.000682344
-0.000670736
-0.000658236
-0.000566581
-0.000589113
-0.000607071
-0.000623859
-0.000639137
-0.000652481
-0.000663901
-0.000673465
-0.00068121
-0.000687169
-0.000691388
-0.00069392
-0.000694825
-0.000694167
-0.000692015
-0.00068844
-0.000683517
-0.000677326
-0.000669944
-0.000661453
-0.000651933
-0.000641464
-0.000630129
-0.000531607
-0.000553146
-0.000570628
-0.000586972
-0.000601882
-0.000614993
-0.00062631
-0.000635892
-0.00064377
-0.000649971
-0.000654536
-0.000657512
-0.000658951
-0.000658912
-0.000657456
-0.000654649
-0.000650558
-0.000645255
-0.000638812
-0.000631304
-0.000622805
-0.000613389
-0.000603132
-0.000498671
-0.000519273
-0.000536291
-0.0005522
-0.000566744
-0.000579613
-0.00059081
-0.000600383
-0.000608358
-0.000614758
-0.00061962
-0.000622984
-0.000624897
-0.000625412
-0.000624584
-0.000622471
-0.000619137
-0.000614645
-0.000609063
-0.000602458
-0.0005949
-0.000586456
-0.000577196
-0.00046762
-0.00048734
-0.000503906
-0.000519388
-0.000533572
-0.000546195
-0.000557257
-0.000566798
-0.000574839
-0.000581401
-0.000586516
-0.000590219
-0.000592553
-0.000593563
-0.000593299
-0.000591816
-0.00058917
-0.000585419
-0.000580625
-0.000574851
-0.000568159
-0.000560613
-0.000552277
-0.000438316
-0.000457204
-0.00047333
-0.000488398
-0.000502228
-0.000514601
-0.000525516
-0.000535007
-0.000543089
-0.000549781
-0.000555111
-0.000559109
-0.000561814
-0.000563266
-0.000563512
-0.000562598
-0.000560578
-0.000557504
-0.000553433
-0.000548421
-0.000542528
-0.000535811
-0.00052833
-0.000410632
-0.000428736
-0.000444435
-0.000459101
-0.000472584
-0.000484707
-0.000495468
-0.000504891
-0.000512992
-0.000519786
-0.000525297
-0.000529552
-0.000532585
-0.000534432
-0.000535135
-0.000534738
-0.000533287
-0.000530831
-0.000527422
-0.000523111
-0.000517954
-0.000512002
-0.000505313
-0.000384453
-0.000401818
-0.000417104
-0.00043138
-0.000444524
-0.000456398
-0.000466997
-0.000476342
-0.000484443
-0.000491314
-0.000496976
-0.000501453
-0.000504775
-0.000506975
-0.00050809
-0.00050816
-0.000507226
-0.000505334
-0.000502532
-0.000498866
-0.000494386
-0.000489142
-0.000483185
-0.000359674
-0.000376342
-0.00039123
-0.000405127
-0.000417942
-0.000429569
-0.000440002
-0.000449257
-0.000457342
-0.000464269
-0.000470056
-0.000474725
-0.000478301
-0.000480816
-0.000482301
-0.000482793
-0.00048233
-0.000480953
-0.000478706
-0.000475632
-0.000471777
-0.000467187
-0.000461908
-0.000336198
-0.00035221
-0.000366713
-0.000380245
-0.00039274
-0.000404122
-0.000414386
-0.000423543
-0.000431598
-0.000438563
-0.000444452
-0.000449285
-0.000453085
-0.000455879
-0.000457697
-0.000458571
-0.000458536
-0.00045763
-0.000455891
-0.000453362
-0.000450083
-0.000446095
-0.000441444
-0.000313939
-0.000329333
-0.000343465
-0.000356643
-0.000368827
-0.000379968
-0.000390062
-0.000399113
-0.000407127
-0.000414114
-0.000420085
-0.000425058
-0.000429054
-0.000432096
-0.000434212
-0.000435432
-0.000435786
-0.000435309
-0.000434037
-0.000432008
-0.000429259
-0.000425829
-0.00042176
-0.000292825
-0.000307637
-0.000321403
-0.000334236
-0.000346119
-0.000357025
-0.000366947
-0.000375888
-0.000383851
-0.000390845
-0.00039688
-0.000401972
-0.000406139
-0.000409402
-0.000411786
-0.000413317
-0.000414025
-0.00041394
-0.000413095
-0.000411526
-0.000409266
-0.000406351
-0.00040282
-0.000672638
-0.000720563
-0.000629863
-0.000675044
-0.000719548
-0.000763306
-0.000806361
-0.000848272
-0.000887249
-0.000589823
-0.00063248
-0.000674454
-0.000715678
-0.000756179
-0.000795545
-0.000832241
-0.00055229
-0.000592622
-0.000632264
-0.000671153
-0.000709308
-0.000746342
-0.000780943
-0.000517064
-0.000555247
-0.000592737
-0.000629473
-0.000665466
-0.000700357
-0.000733029
-0.000483956
-0.000520152
-0.000555654
-0.000590402
-0.000624401
-0.00065732
-0.00068821
-0.000452797
-0.000487152
-0.000520814
-0.000553724
-0.00058588
-0.000616981
-0.000646222
-0.000423434
-0.000456083
-0.000488038
-0.000519244
-0.000549696
-0.000579118
-0.000606831
-0.000395731
-0.000426794
-0.000457164
-0.000486791
-0.000515662
-0.000543532
-0.000569827
-0.000369564
-0.000399151
-0.000428048
-0.000456206
-0.000483612
-0.000510044
-0.000535021
-0.000344819
-0.000373032
-0.000400558
-0.000427351
-0.000453394
-0.000478492
-0.000502243
-0.000321396
-0.000348327
-0.000374574
-0.000400095
-0.000424872
-0.000448731
-0.000471339
-0.000299203
-0.000324935
-0.000349989
-0.000374324
-0.00039792
-0.000420627
-0.000442171
-0.000278154
-0.000302765
-0.000326704
-0.000349932
-0.000372426
-0.000394061
-0.000414611
-0.00025817
-0.000281733
-0.000304629
-0.000326821
-0.000348288
-0.000368922
-0.000388544
-0.000239182
-0.000261761
-0.00028368
-0.000304904
-0.000325411
-0.000345111
-0.000363866
-0.000221124
-0.000242781
-0.000263784
-0.000284101
-0.000303708
-0.000322536
-0.000340478
-0.000203937
-0.000224727
-0.00024487
-0.000264335
-0.000283101
-0.000301112
-0.000318293
-0.000187567
-0.000207539
-0.000226872
-0.000245538
-0.000263516
-0.000280767
-0.000297239
-0.000171965
-0.000191175
-0.000209753
-0.000227671
-0.000244909
-0.000261445
-0.000277244
-0.00057513
-0.000624135
-0.000300115
-0.000351533
-0.000397513
-0.00044398
-0.000491036
-0.00053781
-0.000584093
-0.000277694
-0.000326185
-0.000369847
-0.000413943
-0.00045852
-0.000502792
-0.000546569
-0.000256374
-0.000302188
-0.000343721
-0.000385632
-0.000427922
-0.000469889
-0.000511355
-0.000236093
-0.000279455
-0.000319028
-0.00035892
-0.000399099
-0.000438936
-0.00047827
-0.00021679
-0.000257903
-0.000295666
-0.00033369
-0.000371916
-0.000409784
-0.000447143
-0.000198408
-0.000237451
-0.00027354
-0.000309832
-0.000346248
-0.000382291
-0.00041782
-0.000180891
-0.000218028
-0.000252565
-0.000287248
-0.000321982
-0.000356334
-0.000390163
-0.00016419
-0.000199567
-0.000232662
-0.000265846
-0.00029901
-0.000331796
-0.000364046
-0.000148259
-0.000182008
-0.000213761
-0.00024555
-0.000277263
-0.000308572
-0.000339351
-0.000133053
-0.000165294
-0.000195797
-0.000226288
-0.000256676
-0.000286573
-0.000315977
-0.000118532
-0.000149374
-0.000178706
-0.000207971
-0.000237071
-0.00026571
-0.000293836
-0.000104658
-0.000134202
-0.000162439
-0.000190555
-0.000218466
-0.000245916
-0.000272845
-9.13941e-05
-0.000119728
-0.00014694
-0.000174008
-0.000200787
-0.000227113
-0.000252919
-7.87056e-05
-0.000105904
-0.000132125
-0.00015821
-0.000183952
-0.000209231
-0.000233987
-6.65649e-05
-9.27202e-05
-0.000118095
-0.000143153
-0.000167912
-0.000192214
-0.000215985
-5.49613e-05
-8.01272e-05
-0.000104597
-0.000128786
-0.000152632
-0.000176009
-0.000198853
-4.38315e-05
-6.80724e-05
-9.17389e-05
-0.000115093
-0.000138069
-0.000160569
-0.000182538
-3.31661e-05
-5.65501e-05
-7.9461e-05
-0.000102019
-0.000124171
-0.000145845
-0.00016699
-2.29501e-05
-4.55131e-05
-6.76918e-05
-8.94941e-05
-0.000110875
-0.000131777
-0.000152154
0.000944762
0.000935198
0.000924573
0.000912816
0.000899854
0.000885613
0.000870016
0.000852984
0.000834439
0.000814301
0.000792492
0.000768935
0.000743557
0.000716286
0.000687056
0.000655809
0.000622493
0.000587067
0.000549499
0.000509772
0.000467883
0.000423846
0.000377695
0.000329482
0.000279283
0.000227195
0.000173342
0.000117872
6.09576e-05
2.79935e-06
-5.6383e-05
-0.000116371
-0.000176701
-0.000236715
0.000921911
0.000911918
0.00090089
0.000888764
0.000875473
0.000860949
0.000845121
0.000827919
0.000809272
0.00078911
0.000767364
0.000743967
0.000718855
0.000691966
0.000663247
0.000632649
0.00060013
0.000565659
0.000529215
0.00049079
0.000450387
0.000408029
0.000363753
0.000317615
0.000269691
0.000220078
0.000168893
0.000116278
6.23945e-05
7.42872e-06
-4.84168e-05
-0.000104942
-0.000161724
-0.000218152
0.000899931
0.000889564
0.000878192
0.000865756
0.000852195
0.000837447
0.000821449
0.000804137
0.000785447
0.000765318
0.000743689
0.000720501
0.0006957
0.000669234
0.000641057
0.00061113
0.000579422
0.000545908
0.000510577
0.000473426
0.000434468
0.000393728
0.000351248
0.000307085
0.000261316
0.000214034
0.000165353
0.000115405
6.43438e-05
1.23406e-05
-4.04175e-05
-9.37479e-05
-0.000147264
-0.000200399
0.000878802
0.000868113
0.00085645
0.000843758
0.000829981
0.000815064
0.000798949
0.000781579
0.000762899
0.000742852
0.000721386
0.00069845
0.000673997
0.000647985
0.000620374
0.000591136
0.000560244
0.000527683
0.000493447
0.000457542
0.000419983
0.0003808
0.000340037
0.000297753
0.000254023
0.000208938
0.000162606
0.000115153
6.67204e-05
1.7469e-05
-3.24293e-05
-8.2807e-05
-0.000133311
-0.000183421
0.000858504
0.00084754
0.000835633
0.000822734
0.000808791
0.000793754
0.00077757
0.00076019
0.000741563
0.000721641
0.000700378
0.00067773
0.000653656
0.000628122
0.000601097
0.000572555
0.000542481
0.000510864
0.000477703
0.000443009
0.000406803
0.000369115
0.000329993
0.000289495
0.000247695
0.000204679
0.000160552
0.000115432
6.9451e-05
2.27582e-05
-2.44878e-05
-7.21333e-05
-0.000119856
-0.000167179
0.000839014
0.000827819
0.000815714
0.000802651
0.000788586
0.000773472
0.000757264
0.000739915
0.000721381
0.000701621
0.000680594
0.000658262
0.000634593
0.000609556
0.000583128
0.000555289
0.000526028
0.000495341
0.000463232
0.000429715
0.000394813
0.00035856
0.000321004
0.000282202
0.000242227
0.000201162
0.000159105
0.000116168
7.24753e-05
2.81637e-05
-1.66197e-05
-6.17337e-05
-0.000106885
-0.000151637
0.00082031
0.000808924
0.00079666
0.000783475
0.000769327
0.000754176
0.000737981
0.000720699
0.000702294
0.000682727
0.000661964
0.000639974
0.000616728
0.000592203
0.000566379
0.000539243
0.000510788
0.000481015
0.000449931
0.000417553
0.000383908
0.00034903
0.000312967
0.000275777
0.000237528
0.000198301
0.000158189
0.000117297
7.57408e-05
3.36477e-05
-8.84662e-06
-5.1612e-05
-9.43822e-05
-0.000136758
0.000802368
0.000790828
0.000778442
0.00076517
0.000750976
0.000735823
0.000719674
0.000702492
0.000684244
0.000664897
0.000644423
0.000622793
0.000599986
0.000575981
0.000550765
0.000524329
0.00049667
0.000467792
0.000437705
0.00040643
0.000373993
0.000340431
0.000305792
0.00027013
0.000233514
0.00019602
0.000157737
0.000118761
7.92016e-05
3.91774e-05
-1.1867e-06
-4.17705e-05
-8.23325e-05
-0.00012251
0.000785163
0.000773503
0.000761028
0.000747703
0.000733495
0.000718371
0.000702297
0.000685242
0.000667177
0.000648073
0.000627906
0.000606653
0.000584295
0.000560817
0.00053621
0.000510467
0.00048359
0.000455586
0.000426467
0.000396256
0.00036498
0.000332677
0.000299394
0.000265184
0.000230113
0.000194253
0.000157688
0.000120509
8.28182e-05
4.47251e-05
6.34556e-06
-3.22093e-05
-7.07209e-05
-0.000108861
0.000768672
0.000756921
0.000744387
0.000731038
0.000716845
0.000701777
0.000685805
0.000668902
0.000651041
0.000632199
0.000612355
0.000591489
0.000569588
0.00054664
0.000522638
0.00049758
0.00047147
0.000444317
0.000416137
0.000386951
0.000356791
0.000325692
0.000293699
0.000260867
0.000227257
0.000192939
0.00015799
0.000122498
8.65563e-05
5.02675e-05
1.37388e-05
-2.2927e-05
-5.95323e-05
-9.57821e-05
0.000752868
0.000741055
0.00072849
0.000715144
0.00070099
0.000686002
0.000670155
0.000653423
0.000635785
0.000617221
0.000597711
0.000577243
0.000555803
0.000533384
0.000509982
0.000485599
0.000460239
0.000433914
0.000406641
0.000378444
0.000349352
0.000319403
0.000288641
0.000257116
0.000224889
0.000192025
0.000158598
0.000124689
9.03862e-05
5.57849e-05
2.09841e-05
-1.39206e-05
-4.87515e-05
-8.32441e-05
0.000737729
0.000725878
0.000713305
0.000699985
0.000685894
0.000671008
0.000655304
0.000638762
0.000621362
0.000603087
0.000583922
0.000563856
0.00054288
0.000520988
0.000498179
0.000474457
0.000449829
0.000424308
0.000397913
0.000370666
0.0003426
0.000313749
0.000284157
0.000253873
0.000222954
0.000191463
0.000159469
0.000127048
9.42826e-05
6.12608e-05
2.80748e-05
-5.18639e-06
-3.83634e-05
-7.12208e-05
0.000723228
0.000711362
0.000698804
0.000685531
0.000671523
0.000656757
0.000641214
0.000624875
0.000607726
0.00058975
0.000570937
0.000551277
0.000530763
0.000509394
0.00048717
0.000464095
0.00044018
0.000415439
0.00038989
0.000363558
0.000336473
0.000308671
0.000280193
0.000251087
0.000221407
0.000191212
0.000160568
0.000129546
9.82235e-05
6.66815e-05
3.50062e-05
3.28039e-06
-2.83532e-05
-5.96866e-05
0.000709342
0.000697482
0.000684958
0.000671751
0.000657842
0.000643212
0.000627844
0.000611722
0.000594833
0.000577164
0.000558707
0.000539454
0.000519402
0.000498549
0.000476899
0.000454457
0.000431236
0.000407249
0.000382516
0.000357063
0.000330918
0.000304117
0.0002767
0.000248712
0.000220205
0.000191235
0.000161863
0.000132158
0.00010219
7.20355e-05
4.17747e-05
1.14848e-05
-1.87069e-05
-4.86178e-05
0.000696047
0.00068421
0.000671738
0.000658613
0.000644819
0.000630338
0.000615158
0.000599263
0.000582642
0.000565286
0.000547188
0.000528342
0.000508747
0.000488403
0.000467315
0.000445491
0.000422943
0.000399686
0.00037574
0.00035113
0.000325885
0.00030004
0.000273632
0.000246706
0.000219309
0.000191497
0.000163326
0.00013486
0.000106165
7.73133e-05
4.83781e-05
1.94323e-05
-9.41145e-06
-3.79935e-05
0.00068332
0.000671522
0.000659117
0.000646089
0.000632423
0.000618104
0.00060312
0.00058746
0.000571114
0.000554074
0.000536335
0.000517895
0.000498752
0.000478909
0.000458371
0.000437149
0.000415253
0.000392701
0.000369513
0.000345713
0.00032133
0.000296396
0.000270949
0.00024503
0.000218687
0.000191969
0.000164932
0.000137633
0.000110136
8.25073e-05
5.48155e-05
2.71289e-05
-4.53417e-07
-2.77957e-05
0.000671137
0.000659394
0.00064707
0.00063415
0.000620623
0.000606476
0.000591697
0.000576279
0.000560211
0.00054349
0.00052611
0.000508072
0.000489375
0.000470023
0.000450023
0.000429385
0.000408123
0.000386252
0.000363792
0.000340769
0.00031721
0.000293146
0.000268614
0.000243653
0.000218307
0.000192625
0.000166657
0.00014046
0.00011409
8.76114e-05
6.1087e-05
3.45813e-05
8.18131e-06
-1.79974e-05
0.000659477
0.0006478
0.000635569
0.00062277
0.000609391
0.000595424
0.000580858
0.000565685
0.000549899
0.000533497
0.000516475
0.000498834
0.000480576
0.000461705
0.00044223
0.00042216
0.00040151
0.000380296
0.000358538
0.000336259
0.000313488
0.000290255
0.000266593
0.000242542
0.000218143
0.000193441
0.000168485
0.000143325
0.000118018
9.26208e-05
6.71931e-05
4.17956e-05
1.65042e-05
-8.58315e-06
0.000648317
0.000636719
0.000624591
0.000611921
0.0005987
0.000584919
0.00057057
0.000555646
0.000540144
0.00052406
0.000507394
0.000490145
0.000472318
0.000453918
0.000434953
0.000415435
0.000395377
0.000374796
0.000353712
0.000332148
0.000310131
0.00028769
0.000264858
0.000241672
0.00021817
0.000194396
0.000170396
0.000146217
0.000121911
9.75317e-05
7.31349e-05
4.87772e-05
2.45236e-05
4.57683e-07
0.000637856
0.000626344
0.000614326
0.00060179
0.00058873
0.000575137
0.000561005
0.000546328
0.000531104
0.00051533
0.000499008
0.000482137
0.000464724
0.000446774
0.000428295
0.000409301
0.000389803
0.00036982
0.000349371
0.000328478
0.000307167
0.000285467
0.000263409
0.000241028
0.000218361
0.000195448
0.000172333
0.000149062
0.000125681
0.000102242
7.87954e-05
5.53943e-05
3.20922e-05
8.94903e-06
0.000627939
0.000616521
0.000604619
0.000592223
0.000579326
0.000565923
0.000552008
0.000537577
0.000522627
0.000507158
0.000491171
0.000474669
0.000457657
0.000440141
0.000422131
0.000403638
0.000384677
0.000365264
0.000345419
0.000325163
0.000304522
0.000283522
0.000262195
0.000240572
0.00021869
0.000196587
0.000174303
0.000151881
0.000129367
0.000106806
8.42481e-05
6.17412e-05
3.93356e-05
1.70831e-05
0.00061825
0.000606935
0.000595157
0.000582909
0.000570184
0.000556978
0.000543286
0.000529105
0.000514434
0.000499273
0.000483624
0.000467491
0.000450878
0.000433794
0.000416248
0.000398251
0.000379819
0.000360967
0.000341714
0.000322082
0.000302094
0.000281777
0.000261161
0.000240275
0.000219154
0.000197835
0.000176355
0.000154755
0.000133076
0.000111363
8.96613e-05
6.80164e-05
4.64757e-05
2.50876e-05
0.000608791
0.000597587
0.000585943
0.00057385
0.000561304
0.000548301
0.000534838
0.000520912
0.000506523
0.000491672
0.000476362
0.000460597
0.000444383
0.000427727
0.00041064
0.000393134
0.000375222
0.00035692
0.000338248
0.000319225
0.000299875
0.000280224
0.000260298
0.000240128
0.000219746
0.000199185
0.000178482
0.000157675
0.000136803
0.000115907
9.50301e-05
7.4215e-05
5.35061e-05
3.29486e-05
0.000599565
0.000588481
0.000576977
0.000565047
0.000552686
0.000539892
0.000526662
0.000512995
0.000498891
0.000484352
0.000469382
0.000453984
0.000438166
0.000421935
0.000405302
0.000388278
0.000370878
0.000353116
0.000335012
0.000316585
0.000297857
0.000278853
0.000259599
0.000240123
0.000220456
0.000200629
0.000180677
0.000160636
0.000140542
0.000120433
0.00010035
8.03331e-05
6.04235e-05
4.06634e-05
0.000590574
0.000579617
0.000568261
0.0005565
0.00054433
0.000531749
0.000518757
0.000505351
0.000491535
0.000477309
0.000462678
0.000447647
0.000432222
0.000416411
0.000400226
0.000383678
0.00036678
0.000349548
0.000331999
0.000314153
0.000296032
0.000277657
0.000259055
0.000240252
0.000221277
0.000202161
0.000182934
0.000163631
0.000144286
0.000124936
0.000105617
8.63675e-05
6.72256e-05
4.82309e-05
0.000592264
0.000581819
0.000570997
0.000559794
0.000548208
0.000536234
0.000523872
0.00051112
0.000497979
0.000484451
0.000470539
0.000456246
0.000441579
0.000426544
0.000411149
0.000395406
0.000379325
0.00036292
0.000346206
0.0003292
0.000311922
0.00029439
0.000276628
0.000258658
0.000240508
0.000222203
0.000203772
0.000185245
0.000166655
0.000148032
0.000129412
0.000110827
9.2315e-05
7.39103e-05
5.56499e-05
0.000583624
0.000573301
0.00056262
0.000551577
0.000540171
0.000528397
0.000516257
0.000503749
0.000490875
0.000477636
0.000464037
0.000450082
0.000435775
0.000421126
0.000406142
0.000390833
0.000375211
0.00035929
0.000343083
0.000326608
0.000309881
0.000292924
0.000275756
0.0002584
0.000240881
0.000223224
0.000205456
0.000187605
0.000169701
0.000151774
0.000133855
0.000115977
9.81728e-05
8.04757e-05
6.29198e-05
0.000575216
0.000565021
0.000554487
0.00054361
0.000532387
0.000520818
0.000508903
0.000496641
0.000484034
0.000471086
0.000457799
0.000444178
0.000430231
0.000415962
0.000401383
0.000386502
0.000371331
0.000355883
0.000340171
0.000324213
0.000308024
0.000291625
0.000275034
0.000258273
0.000241365
0.000224334
0.000207206
0.000190006
0.000172763
0.000155505
0.000138262
0.000121063
0.000103938
8.69204e-05
7.004e-05
0.00056704
0.00055698
0.000546597
0.00053589
0.000524856
0.000513494
0.000501806
0.000489792
0.000477454
0.000464795
0.000451819
0.000438531
0.000424938
0.000411046
0.000396865
0.000382404
0.000367675
0.00035269
0.000337462
0.000322008
0.000306343
0.000290485
0.000274453
0.000258268
0.000241951
0.000225526
0.000209015
0.000192443
0.000175837
0.000159223
0.000142628
0.000126081
0.00010961
9.32429e-05
7.70103e-05
0.000559097
0.000549176
0.00053895
0.000528417
0.000517575
0.000506424
0.000494965
0.000483199
0.00047113
0.000458759
0.000446092
0.000433134
0.000419891
0.000406371
0.000392581
0.000378533
0.000364236
0.000349703
0.000334948
0.000319984
0.000304828
0.000289496
0.000274006
0.000258379
0.000242634
0.000226792
0.000210876
0.00019491
0.000178917
0.000162922
0.00014695
0.000131029
0.000115184
9.94421e-05
8.38304e-05
0.000551386
0.00054161
0.000531545
0.000521189
0.000510541
0.000499603
0.000488374
0.000476858
0.000465057
0.000452974
0.000440614
0.000427982
0.000415084
0.000401929
0.000388525
0.00037488
0.000361007
0.000346916
0.00033262
0.000318133
0.000303471
0.00028865
0.000273686
0.000258598
0.000243404
0.000228126
0.000212784
0.0001974
0.000181997
0.000166597
0.000151225
0.000135904
0.00012066
0.000105517
9.05002e-05
0.000543908
0.000534281
0.000524379
0.000514204
0.000503753
0.000493029
0.000482032
0.000470765
0.000459231
0.000447433
0.000435377
0.000423067
0.00041051
0.000397715
0.000384688
0.000371439
0.000357979
0.000344319
0.000330471
0.000316449
0.000302266
0.000287939
0.000273483
0.000258916
0.000244256
0.000229522
0.000214733
0.000199909
0.000185073
0.000170245
0.000155447
0.000140703
0.000126035
0.000111466
9.70199e-05
0.000536661
0.000527186
0.000517452
0.000507459
0.000497208
0.000486698
0.000475933
0.000464915
0.000453646
0.000442132
0.000430376
0.000418384
0.000406163
0.00039372
0.000381063
0.000368201
0.000355145
0.000341905
0.000328493
0.000314921
0.000301204
0.000287356
0.000273392
0.000259329
0.000245183
0.000230972
0.000216715
0.000202431
0.00018814
0.000173861
0.000159615
0.000145424
0.000131308
0.00011729
0.000103389
0.000529645
0.000520325
0.000510761
0.000500953
0.000490901
0.000480608
0.000470074
0.000459303
0.000448298
0.000437064
0.000425605
0.000413926
0.000402035
0.000389938
0.000377643
0.00036516
0.000352497
0.000339666
0.000326677
0.000313543
0.000300277
0.000286892
0.000273404
0.000259827
0.000246177
0.000232471
0.000218726
0.000204961
0.000191193
0.000177442
0.000163725
0.000150064
0.000136478
0.000122986
0.000109609
0.000522857
0.000513695
0.000504303
0.000494681
0.000484831
0.000474753
0.00046445
0.000453925
0.000443182
0.000432224
0.000421058
0.000409688
0.00039812
0.000386362
0.000374422
0.000362307
0.000350028
0.000337594
0.000325017
0.000312307
0.000299478
0.000286542
0.000273512
0.000260404
0.000247232
0.000234013
0.000220761
0.000207494
0.000194229
0.000180983
0.000167775
0.000154622
0.000141542
0.000128555
0.000115678
0.000516297
0.000507295
0.000498076
0.000488642
0.000478992
0.000469129
0.000459056
0.000448775
0.000438291
0.000427607
0.000416728
0.000405661
0.000394411
0.000382985
0.00037139
0.000359636
0.00034773
0.000335683
0.000323505
0.000311206
0.000298799
0.000286296
0.00027371
0.000261054
0.000248343
0.000235591
0.000222813
0.000210025
0.000197242
0.000184482
0.00017176
0.000159094
0.0001465
0.000133996
0.000121598
0.000509961
0.000501121
0.000492077
0.00048283
0.000473381
0.000463733
0.000453887
0.000443849
0.00043362
0.000423205
0.00041261
0.00040184
0.000390901
0.000379799
0.000368542
0.000357138
0.000345595
0.000333923
0.000322132
0.000310232
0.000298234
0.000286149
0.000273991
0.000261771
0.000249503
0.0002372
0.000224878
0.000212549
0.00020023
0.000187935
0.00017568
0.00016348
0.000151351
0.000139309
0.000127369
0.000503849
0.000495172
0.000486302
0.000477243
0.000467994
0.000458559
0.00044894
0.00043914
0.000429163
0.000419014
0.000408697
0.000398218
0.000387582
0.000376797
0.000365869
0.000354806
0.000343616
0.000332309
0.000320892
0.000309377
0.000297774
0.000286094
0.000274347
0.000262547
0.000250706
0.000238836
0.00022695
0.000215063
0.000203188
0.000191339
0.00017953
0.000167776
0.000156092
0.000144492
0.000132991
0.000497956
0.000489443
0.000480749
0.000471876
0.000462827
0.000453603
0.000444207
0.000434643
0.000424915
0.000415026
0.000404982
0.000394788
0.000384449
0.000373973
0.000363365
0.000352634
0.000341786
0.000330832
0.000319778
0.000308635
0.000297414
0.000286123
0.000274774
0.000263377
0.000251946
0.000240491
0.000229026
0.000217562
0.000206112
0.00019469
0.000183309
0.000171983
0.000160724
0.000149547
0.000138465
0.000492281
0.000483931
0.000475412
0.000466726
0.000457874
0.000448859
0.000439684
0.000430353
0.000420868
0.000411235
0.000401459
0.000391543
0.000381494
0.000371319
0.000361022
0.000350613
0.000340098
0.000329485
0.000318782
0.000307999
0.000297145
0.00028623
0.000275263
0.000264256
0.000253218
0.000242163
0.0002311
0.000220041
0.000209
0.000197987
0.000187015
0.000176097
0.000165245
0.000154472
0.000143791
0.000486819
0.000478633
0.000470288
0.000461787
0.000453131
0.000444323
0.000435366
0.000426263
0.000417019
0.000407636
0.000398121
0.000388477
0.000378711
0.000368828
0.000358834
0.000348737
0.000338543
0.000328261
0.000317898
0.000307462
0.000296963
0.000286409
0.00027581
0.000265176
0.000254518
0.000243844
0.000233168
0.000222498
0.000211847
0.000201226
0.000190645
0.000180118
0.000169655
0.000159268
0.000148969
0.000481568
0.000473545
0.000465374
0.000457056
0.000448594
0.00043999
0.000431247
0.000422369
0.000413359
0.000404222
0.000394961
0.000385583
0.000376091
0.000366493
0.000356793
0.000346999
0.000337117
0.000327154
0.000317118
0.000307017
0.000296859
0.000286654
0.000276409
0.000266134
0.000255838
0.000245532
0.000235225
0.000224928
0.000214651
0.000204404
0.000194198
0.000184044
0.000173953
0.000163935
0.000154001
0.000476525
0.000468664
0.000460664
0.000452528
0.000444257
0.000435854
0.000427322
0.000418664
0.000409884
0.000400986
0.000391974
0.000382854
0.00037363
0.000364307
0.000354893
0.000345391
0.00033581
0.000326156
0.000316436
0.000306658
0.000296829
0.000286958
0.000277053
0.000267122
0.000257175
0.000247221
0.000237269
0.000227328
0.000217408
0.000207519
0.000197671
0.000187874
0.000178137
0.000168471
0.000158886
0.000471685
0.000463985
0.000456155
0.000448198
0.000440115
0.00043191
0.000423584
0.000415142
0.000406587
0.000397922
0.000389153
0.000380284
0.000371319
0.000362265
0.000353126
0.000343908
0.000334618
0.000325261
0.000315846
0.000306378
0.000296866
0.000287316
0.000277738
0.000268138
0.000258525
0.000248907
0.000239294
0.000229694
0.000220116
0.00021057
0.000201063
0.000191607
0.000182209
0.000172879
0.000163626
0.000467045
0.000459504
0.000451842
0.000444062
0.000436164
0.000428152
0.000420029
0.000411797
0.000403461
0.000395025
0.000386491
0.000377866
0.000369153
0.000360358
0.000351486
0.000342542
0.000333532
0.000324463
0.000315341
0.000306172
0.000296964
0.000287723
0.000278458
0.000269174
0.000259881
0.000250586
0.000241298
0.000232024
0.000222773
0.000213553
0.000204373
0.000195241
0.000186166
0.000177156
0.000168221
0.0004626
0.000455217
0.000447721
0.000440114
0.000432398
0.000424576
0.00041665
0.000408624
0.000400502
0.000392287
0.000383983
0.000375594
0.000367125
0.000358581
0.000349967
0.000341287
0.000332548
0.000323756
0.000314915
0.000306034
0.000297118
0.000288173
0.000279207
0.000270228
0.000261241
0.000252254
0.000243276
0.000234314
0.000225374
0.000216466
0.000207597
0.000198776
0.000190009
0.000181305
0.000172671
0.000458348
0.00045112
0.000443786
0.00043635
0.000428812
0.000421175
0.000413442
0.000405617
0.000397703
0.000389703
0.000381621
0.000373462
0.000365229
0.000356927
0.000348562
0.000340137
0.000331659
0.000323132
0.000314563
0.000305957
0.000297321
0.000288661
0.000279982
0.000271293
0.000262599
0.000253908
0.000245226
0.00023656
0.000227919
0.000219308
0.000210736
0.00020221
0.000193736
0.000185323
0.000176978
0.000454283
0.000447208
0.000440034
0.000432764
0.0004254
0.000417945
0.0004104
0.00040277
0.000395058
0.000387267
0.000379401
0.000371463
0.000363458
0.000355391
0.000347265
0.000339086
0.000330858
0.000322587
0.000314279
0.000305937
0.00029757
0.000289181
0.000280778
0.000272366
0.000263952
0.000255542
0.000247143
0.000238762
0.000230404
0.000222077
0.000213788
0.000205543
0.000197349
0.000189213
0.000181141
0.000450403
0.000443477
0.00043646
0.000429353
0.000422159
0.00041488
0.000407518
0.000400078
0.000392562
0.000384973
0.000377315
0.000369591
0.000361807
0.000353965
0.00034607
0.000338127
0.00033014
0.000322115
0.000314056
0.000305968
0.000297858
0.000289729
0.000281589
0.000273443
0.000265296
0.000257155
0.000249026
0.000240915
0.000232828
0.000224771
0.000216751
0.000208774
0.000200846
0.000192973
0.000185163
0.000446702
0.000439923
0.000433058
0.00042611
0.000419082
0.000411974
0.000404791
0.000397534
0.000390208
0.000382815
0.000375358
0.000367841
0.000360269
0.000352644
0.000344972
0.000337255
0.0003295
0.00032171
0.00031389
0.000306045
0.00029818
0.000290301
0.000282412
0.000274519
0.000266627
0.000258742
0.00025087
0.000243017
0.000235187
0.000227387
0.000219624
0.000211901
0.000204226
0.000196604
0.000189042
0.000443176
0.000436541
0.000429825
0.000423032
0.000416165
0.000409224
0.000402213
0.000395134
0.000387991
0.000380787
0.000373524
0.000366207
0.000358839
0.000351423
0.000343964
0.000336465
0.000328931
0.000321367
0.000313776
0.000306163
0.000298533
0.000290891
0.000283242
0.00027559
0.000267942
0.000260301
0.000252674
0.000245065
0.000237481
0.000229926
0.000222405
0.000214925
0.00020749
0.000200107
0.000192779
0.000439823
0.000433326
0.000426756
0.000420114
0.000413402
0.000406623
0.000399779
0.000392872
0.000385906
0.000378884
0.000371808
0.000364683
0.000357511
0.000350295
0.000343041
0.000335751
0.000328429
0.00032108
0.000313708
0.000306317
0.000298911
0.000291496
0.000284075
0.000276653
0.000269236
0.000261828
0.000254434
0.000247058
0.000239706
0.000232383
0.000225094
0.000217844
0.000210638
0.00020348
0.000196376
0.000436636
0.000430276
0.000423846
0.00041735
0.00041079
0.000404167
0.000397484
0.000390743
0.000383948
0.000377101
0.000370205
0.000363263
0.000356279
0.000349256
0.000342198
0.000335107
0.000327988
0.000320845
0.000313682
0.000306502
0.000299311
0.000292111
0.000284907
0.000277705
0.000270508
0.00026332
0.000256147
0.000248993
0.000241862
0.000234759
0.00022769
0.000220658
0.000213667
0.000206724
0.000199832
0.000433613
0.000427385
0.000421092
0.000414737
0.000408323
0.000401851
0.000395323
0.000388742
0.000382111
0.000375432
0.000368709
0.000361943
0.00035514
0.000348301
0.000341429
0.000334529
0.000327604
0.000320658
0.000313693
0.000306715
0.000299727
0.000292732
0.000285735
0.000278741
0.000271753
0.000264775
0.000257811
0.000250867
0.000243946
0.000237052
0.00023019
0.000223365
0.00021658
0.000209839
0.000203148
0.00043075
0.000424649
0.000418489
0.00041227
0.000405997
0.00039967
0.000393291
0.000386864
0.00038039
0.000373873
0.000367314
0.000360718
0.000354087
0.000347423
0.000340731
0.000334012
0.000327272
0.000320512
0.000313737
0.00030695
0.000300155
0.000293356
0.000286555
0.000279758
0.000272968
0.000266189
0.000259424
0.000252679
0.000245956
0.00023926
0.000232595
0.000225965
0.000219374
0.000212825
0.000206324
0.000428044
0.000422066
0.000416032
0.000409945
0.000403807
0.000397619
0.000391384
0.000385104
0.000378781
0.000372418
0.000366018
0.000359583
0.000353115
0.000346619
0.000340097
0.000333552
0.000326987
0.000320405
0.00031381
0.000307205
0.000300593
0.000293978
0.000287364
0.000280753
0.000274151
0.000267559
0.000260983
0.000254425
0.00024789
0.000241381
0.000234902
0.000228457
0.000222049
0.000215682
0.000209359
0.000425489
0.00041963
0.000413719
0.000407758
0.00040175
0.000395695
0.000389597
0.000383458
0.000377279
0.000371063
0.000364813
0.000358532
0.000352221
0.000345884
0.000339524
0.000333143
0.000326745
0.000320331
0.000313907
0.000307474
0.000301036
0.000294596
0.000288157
0.000281724
0.000275298
0.000268884
0.000262486
0.000256105
0.000249747
0.000243415
0.000237111
0.00023084
0.000224604
0.000218408
0.000212255
0.000423084
0.000417339
0.000411545
0.000405705
0.000399821
0.000393894
0.000387927
0.000381921
0.00037588
0.000369804
0.000363698
0.000357562
0.0003514
0.000345214
0.000339007
0.000332782
0.000326541
0.000320288
0.000314024
0.000307754
0.00030148
0.000295205
0.000288932
0.000282666
0.000276407
0.000270161
0.00026393
0.000257717
0.000251525
0.000245358
0.00023922
0.000233112
0.000227039
0.000221004
0.00021501
0.000420825
0.000415188
0.000409506
0.000403782
0.000398016
0.000392211
0.000386368
0.00038049
0.000374579
0.000368637
0.000362666
0.000356669
0.000350647
0.000344605
0.000338543
0.000332465
0.000326373
0.00032027
0.000314158
0.000308041
0.000301922
0.000295803
0.000289686
0.000283576
0.000277475
0.000271386
0.000265312
0.000259256
0.000253222
0.000247211
0.000241227
0.000235274
0.000229354
0.000223469
0.000217624
0.00041871
0.000413176
0.000407601
0.000401986
0.000396333
0.000390643
0.000384918
0.000379161
0.000373374
0.000367557
0.000361715
0.000355848
0.000349959
0.000344051
0.000338126
0.000332187
0.000326235
0.000320274
0.000314305
0.000308333
0.000302358
0.000296385
0.000290416
0.000284453
0.000278499
0.000272558
0.000266632
0.000260723
0.000254835
0.00024897
0.000243132
0.000237323
0.000231545
0.000225803
0.000220097
0.000416735
0.0004113
0.000405825
0.000400314
0.000394767
0.000389187
0.000383574
0.000377931
0.000372259
0.000366562
0.00036084
0.000355096
0.000349332
0.000343551
0.000337755
0.000331945
0.000326125
0.000320296
0.000314462
0.000308625
0.000302786
0.00029695
0.000291118
0.000285293
0.000279477
0.000273674
0.000267885
0.000262114
0.000256363
0.000250635
0.000244932
0.000239258
0.000233614
0.000228003
0.000222428
0.000414898
0.000409556
0.000404177
0.000398764
0.000393317
0.000387839
0.000382331
0.000376795
0.000371233
0.000365647
0.000360038
0.00035441
0.000348763
0.0003431
0.000337424
0.000331736
0.000326039
0.000320334
0.000314625
0.000308914
0.000303203
0.000297494
0.00029179
0.000286093
0.000280406
0.000274731
0.000269071
0.000263428
0.000257804
0.000252203
0.000246627
0.000241077
0.000235557
0.000230069
0.000224615
0.000413198
0.000407943
0.000402654
0.000397332
0.000391979
0.000386597
0.000381188
0.000375752
0.000370292
0.000364809
0.000359307
0.000353785
0.000348248
0.000342696
0.000337131
0.000331556
0.000325973
0.000320385
0.000314792
0.000309197
0.000303604
0.000298013
0.000292428
0.00028685
0.000281282
0.000275726
0.000270185
0.000264661
0.000259156
0.000253672
0.000248212
0.000242779
0.000237374
0.000231999
0.000226658
0.000411633
0.00040646
0.000401254
0.000396017
0.000390752
0.000385459
0.000380141
0.000374798
0.000369433
0.000364047
0.000358642
0.000353221
0.000347784
0.000342334
0.000336873
0.000331403
0.000325926
0.000320444
0.000314958
0.000309472
0.000303987
0.000298506
0.00029303
0.000287562
0.000282104
0.000276658
0.000271226
0.000265811
0.000260415
0.00025504
0.000249688
0.000244361
0.000239062
0.000233792
0.000228554
0.000410202
0.000405104
0.000399975
0.000394818
0.000389634
0.000384423
0.000379189
0.000373932
0.000368654
0.000363357
0.000358043
0.000352713
0.000347369
0.000342013
0.000336647
0.000331273
0.000325893
0.000320509
0.000315122
0.000309735
0.00030435
0.000298969
0.000293593
0.000288226
0.000282868
0.000277523
0.000272192
0.000266877
0.00026158
0.000256304
0.00025105
0.000245821
0.000240619
0.000235445
0.000230302
0.000408905
0.000403876
0.000398818
0.000393732
0.000388622
0.000383488
0.00037833
0.000373151
0.000367953
0.000362738
0.000357506
0.000352259
0.000347
0.00034173
0.000336451
0.000331164
0.000325873
0.000320577
0.00031528
0.000309983
0.000304689
0.000299399
0.000294114
0.000288838
0.000283572
0.000278318
0.000273078
0.000267854
0.000262648
0.000257461
0.000252297
0.000247157
0.000242042
0.000236955
0.000231898
0.000407741
0.000402774
0.00039778
0.000392761
0.000387717
0.000382651
0.000377563
0.000372455
0.000367329
0.000362187
0.000357029
0.000351858
0.000346675
0.000341483
0.000336281
0.000331074
0.000325862
0.000320646
0.00031543
0.000310215
0.000305002
0.000299793
0.000294591
0.000289397
0.000284213
0.00027904
0.000273882
0.00026874
0.000263615
0.000258509
0.000253425
0.000248364
0.000243328
0.000238319
0.000233339
0.000406711
0.0004018
0.000396864
0.000391903
0.000386919
0.000381913
0.000376887
0.000371843
0.000366781
0.000361704
0.000356612
0.000351508
0.000346393
0.000341269
0.000336137
0.000331
0.000325858
0.000320714
0.000315569
0.000310426
0.000305285
0.000300149
0.000295019
0.000289898
0.000284786
0.000279687
0.000274601
0.000269531
0.000264478
0.000259444
0.000254431
0.00024944
0.000244474
0.000239534
0.000234622
0.000405817
0.000400955
0.000396068
0.000391158
0.000386227
0.000381275
0.000376303
0.000371313
0.000366308
0.000361287
0.000356253
0.000351208
0.000346152
0.000341088
0.000336016
0.00033094
0.00032586
0.000320777
0.000315695
0.000310614
0.000305536
0.000300463
0.000295397
0.000290339
0.000285291
0.000280254
0.000275232
0.000270224
0.000265233
0.000260262
0.00025531
0.000250381
0.000245475
0.000240595
0.000235743
0.00040506
0.00040024
0.000395396
0.00039053
0.000385643
0.000380735
0.00037581
0.000370867
0.000365909
0.000360937
0.000355952
0.000350956
0.000345951
0.000340937
0.000335917
0.000330892
0.000325864
0.000320835
0.000315805
0.000310777
0.000305753
0.000300733
0.00029572
0.000290716
0.000285721
0.000280738
0.000275769
0.000270815
0.000265877
0.000260958
0.000256059
0.000251181
0.000246327
0.000241498
0.000236695
0.000404444
0.000399658
0.000394849
0.000390018
0.000385168
0.000380298
0.00037541
0.000370505
0.000365586
0.000360653
0.000355709
0.000350753
0.000345789
0.000340817
0.000335839
0.000330856
0.000325871
0.000320884
0.000315897
0.000310913
0.000305932
0.000300956
0.000295986
0.000291026
0.000286075
0.000281136
0.00027621
0.000271299
0.000266404
0.000261528
0.000256671
0.000251836
0.000247024
0.000242236
0.000237474
0.000403973
0.000399213
0.000394431
0.000389627
0.000384805
0.000379963
0.000375104
0.000370229
0.00036534
0.000360438
0.000355524
0.000350599
0.000345666
0.000340726
0.00033578
0.00033083
0.000325877
0.000320923
0.00031597
0.000311018
0.00030607
0.000301128
0.000296192
0.000291264
0.000286347
0.000281441
0.000276549
0.000271671
0.000266809
0.000261966
0.000257142
0.000252339
0.000247558
0.000242802
0.000238071
0.000403651
0.00039891
0.000394146
0.000389361
0.000384558
0.000379735
0.000374896
0.000370042
0.000365173
0.000360291
0.000355398
0.000350495
0.000345583
0.000340665
0.000335741
0.000330813
0.000325882
0.000320951
0.00031602
0.000311091
0.000306166
0.000301246
0.000296333
0.000291428
0.000286534
0.000281651
0.000276781
0.000271925
0.000267086
0.000262265
0.000257463
0.000252682
0.000247924
0.000243189
0.00023848
0.000403487
0.000398754
0.000394
0.000389225
0.000384431
0.000379619
0.00037479
0.000369945
0.000365087
0.000360216
0.000355334
0.000350442
0.000345541
0.000340634
0.000335721
0.000330804
0.000325885
0.000320965
0.000316046
0.000311128
0.000306215
0.000301307
0.000296405
0.000291513
0.00028663
0.000281758
0.0002769
0.000272056
0.000267229
0.000262419
0.000257629
0.000252859
0.000248112
0.000243388
0.00023869
-1.34889e-05
-3.5146e-05
-5.64876e-05
-7.74771e-05
-9.80686e-05
-0.000118212
-0.00013786
-4.47013e-06
-2.52752e-05
-4.57856e-05
-6.59587e-05
-8.57517e-05
-0.00010512
-0.000124022
4.38046e-06
-1.56096e-05
-3.53207e-05
-5.47116e-05
-7.37412e-05
-9.23692e-05
-0.000110557
1.30513e-05
-6.15651e-06
-2.50996e-05
-4.3739e-05
-6.20364e-05
-7.99543e-05
-9.74568e-05
2.15413e-05
3.08217e-06
-1.51247e-05
-3.30433e-05
-5.06379e-05
-6.78737e-05
-8.47175e-05
2.98515e-05
1.21095e-05
-5.39181e-06
-2.26191e-05
-3.95393e-05
-5.61202e-05
-7.23309e-05
3.79826e-05
2.09278e-05
4.10285e-06
-1.24616e-05
-2.87349e-05
-4.46871e-05
-6.02898e-05
4.59351e-05
2.9539e-05
1.33623e-05
-2.56668e-06
-1.82195e-05
-3.35686e-05
-4.85875e-05
5.37098e-05
3.79449e-05
2.23894e-05
7.0696e-06
-7.98837e-06
-2.27589e-05
-3.72175e-05
6.13072e-05
4.61473e-05
3.11872e-05
1.64511e-05
1.96333e-06
-1.22525e-05
-2.61734e-05
6.87284e-05
5.4148e-05
3.97583e-05
2.55815e-05
1.16402e-05
-2.04374e-06
-1.54491e-05
7.59741e-05
6.19489e-05
4.81055e-05
3.44645e-05
2.10468e-05
7.8725e-06
-5.03864e-06
8.30453e-05
6.95518e-05
5.62315e-05
4.31036e-05
3.01873e-05
1.75014e-05
5.06401e-06
8.99429e-05
7.69585e-05
6.41391e-05
5.15024e-05
3.90663e-05
2.68481e-05
1.48646e-05
9.66679e-05
8.41707e-05
7.18308e-05
5.96643e-05
4.76879e-05
3.59175e-05
2.43687e-05
0.000103221
9.11905e-05
7.93092e-05
6.75927e-05
5.60561e-05
4.47144e-05
3.35819e-05
0.000109604
9.80195e-05
8.6577e-05
7.52909e-05
6.41752e-05
5.32437e-05
4.25097e-05
0.000115818
0.00010466
9.36368e-05
8.27623e-05
7.20491e-05
6.151e-05
5.11574e-05
0.000121863
0.000111113
0.000100491
9.00101e-05
7.96818e-05
6.9518e-05
5.95301e-05
0.000127742
0.000117381
0.000107142
9.70375e-05
8.70771e-05
7.72721e-05
6.76331e-05
0.000133454
0.000123466
0.000113593
0.000103848
9.42388e-05
8.47767e-05
7.54712e-05
0.000139002
0.000129369
0.000119846
0.000110444
0.000101171
9.20362e-05
8.30494e-05
0.000144386
0.000135092
0.000125904
0.000116829
0.000107876
9.90547e-05
9.03723e-05
0.000149608
0.000140638
0.000131768
0.000123006
0.000114359
0.000105836
9.74447e-05
0.000154669
0.000146008
0.000137442
0.000128978
0.000120623
0.000112385
0.000104271
0.000159569
0.000151203
0.000142927
0.000134747
0.000126671
0.000118705
0.000110855
0.000164311
0.000156226
0.000148226
0.000140317
0.000132506
0.000124799
0.000117202
0.000168896
0.000161078
0.000153341
0.00014569
0.000138132
0.000130672
0.000123316
0.000173324
0.000165761
0.000158274
0.000150869
0.000143551
0.000136326
0.000129199
0.000177597
0.000170275
0.000163026
0.000155855
0.000148767
0.000141766
0.000134857
0.000181715
0.000174624
0.000167601
0.000160652
0.000153781
0.000146993
0.000140292
0.00018568
0.000178807
0.000172
0.000165262
0.000158598
0.000152012
0.000145508
0.000189492
0.000182827
0.000176223
0.000169686
0.000163218
0.000156824
0.000150508
0.000193152
0.000186684
0.000180274
0.000173926
0.000167645
0.000161433
0.000155295
0.000196661
0.000190379
0.000184152
0.000177985
0.00017188
0.000165841
0.000159871
0.00020002
0.000193914
0.00018786
0.000181863
0.000175925
0.000170049
0.000164239
0.000203228
0.000197288
0.000191399
0.000185562
0.000179782
0.00017406
0.000168401
0.000206287
0.000200504
0.000194768
0.000189083
0.000183451
0.000177876
0.000172358
0.000209195
0.000203559
0.000197969
0.000192427
0.000186935
0.000181497
0.000176113
0.000211953
0.000206456
0.000201002
0.000195594
0.000190234
0.000184924
0.000179667
0.000214561
0.000209194
0.000203868
0.000198585
0.000193348
0.000188159
0.000183019
0.000217018
0.000211772
0.000206565
0.000201399
0.000196277
0.0001912
0.000186171
0.000219322
0.000214189
0.000209093
0.000204036
0.000199021
0.000194049
0.000189123
0.000221473
0.000216444
0.000211451
0.000206495
0.000201579
0.000196704
0.000191873
0.000223469
0.000218536
0.000213637
0.000208774
0.00020395
0.000199165
0.000194421
0.000225308
0.000220462
0.00021565
0.000210873
0.000206131
0.000201428
0.000196764
0.000226987
0.000222221
0.000217487
0.000212787
0.000208121
0.000203492
0.000198901
0.000228502
0.000223808
0.000219145
0.000214514
0.000209916
0.000205354
0.000200829
0.000229851
0.00022522
0.000220619
0.00021605
0.000211513
0.00020701
0.000202542
0.000231029
0.000226453
0.000221906
0.00021739
0.000212905
0.000208454
0.000204036
0.00023203
0.000227501
0.000223
0.000218529
0.000214088
0.00020968
0.000205305
0.000232848
0.000228357
0.000223893
0.000219459
0.000215054
0.000210682
0.000206342
0.000233476
0.000229013
0.000224579
0.000220172
0.000215796
0.00021145
0.000207137
0.000233905
0.000229462
0.000225047
0.00022066
0.000216302
0.000211975
0.00020768
0.000234125
0.000229693
0.000225288
0.00022091
0.000216562
0.000212245
0.000207959
-0.000156971
-0.000175505
-0.000193425
-0.000210699
-0.000227299
-0.000243201
-0.000258381
-0.000142418
-0.000160271
-0.000177548
-0.000194217
-0.000210251
-0.000225627
-0.000240321
-0.000128267
-0.000145466
-0.000162122
-0.000178207
-0.000193693
-0.000208557
-0.000222778
-0.00011451
-0.000131081
-0.000147141
-0.000162662
-0.000177619
-0.000191989
-0.00020575
-0.000101137
-0.000117104
-0.000132588
-0.000147565
-0.000162009
-0.000175899
-0.000189214
-8.81419e-05
-0.000103525
-0.000118455
-0.000132905
-0.000146854
-0.00016028
-0.000173164
-7.55153e-05
-9.03377e-05
-0.000104732
-0.000118676
-0.000132146
-0.000145125
-0.000157592
-6.32505e-05
-7.75334e-05
-9.14131e-05
-0.000104868
-0.000117878
-0.000130423
-0.000142488
-5.13402e-05
-6.51046e-05
-7.84891e-05
-9.14735e-05
-0.000104039
-0.000116167
-0.000127843
-3.97776e-05
-5.30438e-05
-6.59522e-05
-7.84839e-05
-9.0621e-05
-0.000102347
-0.000113647
-2.85556e-05
-4.13436e-05
-5.37945e-05
-6.58907e-05
-7.76156e-05
-8.89541e-05
-9.98918e-05
-1.76677e-05
-2.99966e-05
-4.20081e-05
-5.36857e-05
-6.5014e-05
-7.59788e-05
-8.65669e-05
-7.10733e-06
-1.89958e-05
-3.05853e-05
-4.18606e-05
-5.28075e-05
-6.34125e-05
-7.36634e-05
3.13202e-06
-8.33397e-06
-1.95185e-05
-3.04075e-05
-4.09875e-05
-5.12462e-05
-6.11721e-05
1.30566e-05
1.99566e-06
-8.80035e-06
-1.93183e-05
-2.95458e-05
-3.94713e-05
-4.90841e-05
2.26726e-05
1.19999e-05
1.57652e-06
-8.58531e-06
-1.84741e-05
-2.80791e-05
-3.73904e-05
3.19861e-05
2.16854e-05
1.16193e-05
1.79911e-06
-7.7644e-06
-1.70613e-05
-2.60823e-05
4.10031e-05
3.10586e-05
2.13349e-05
1.18424e-05
2.59121e-06
-6.40957e-06
-1.51512e-05
4.97292e-05
4.01258e-05
3.07302e-05
2.1552e-05
1.26004e-05
3.88412e-06
-4.58889e-06
5.81702e-05
4.88934e-05
3.98119e-05
3.09349e-05
2.22708e-05
1.38277e-05
5.61295e-06
6.63317e-05
5.73672e-05
4.85866e-05
3.99981e-05
3.16097e-05
2.34288e-05
1.54623e-05
7.42189e-05
6.55533e-05
5.70606e-05
4.87485e-05
4.06243e-05
3.26949e-05
2.49669e-05
8.18373e-05
7.34574e-05
6.52401e-05
5.71925e-05
4.93215e-05
4.16335e-05
3.41343e-05
8.91919e-05
8.1085e-05
7.31311e-05
6.53367e-05
5.77082e-05
5.02514e-05
4.2972e-05
9.62876e-05
8.84416e-05
8.07394e-05
7.31872e-05
6.57908e-05
5.85556e-05
5.14869e-05
0.000103129
9.55324e-05
8.80707e-05
8.075e-05
7.35756e-05
6.65527e-05
5.96861e-05
0.000109721
0.000102362
9.51304e-05
8.80309e-05
8.10689e-05
7.42491e-05
6.7576e-05
0.000116069
0.000108936
0.000101924
9.50355e-05
8.82764e-05
8.16509e-05
7.51632e-05
0.000122175
0.000115259
0.000108456
0.000101769
9.52038e-05
8.87641e-05
8.24537e-05
0.000128045
0.000121335
0.000114731
0.000108237
0.000101856
9.55942e-05
8.94534e-05
0.000133682
0.000127168
0.000120754
0.000114443
0.000108239
0.000102147
9.61678e-05
0.00013909
0.000132763
0.000126529
0.000120393
0.000114358
0.000108426
0.000102602
0.000144273
0.000138123
0.000132061
0.000126091
0.000120215
0.000114438
0.000108761
0.000149233
0.000143251
0.000137352
0.00013154
0.000125817
0.000120186
0.00011465
0.000153973
0.000148151
0.000142407
0.000136745
0.000131167
0.000125675
0.000120273
0.000158497
0.000152826
0.000147229
0.000141709
0.000136268
0.000130908
0.000125633
0.000162806
0.000157278
0.00015182
0.000146434
0.000141123
0.000135889
0.000130734
0.000166902
0.000161509
0.000156183
0.000150924
0.000145736
0.000140621
0.00013558
0.000170788
0.000165522
0.000160319
0.000155181
0.000150109
0.000145106
0.000140173
0.000174464
0.000169318
0.000164232
0.000159206
0.000154243
0.000149346
0.000144514
0.000177932
0.000172898
0.000167921
0.000163001
0.000158141
0.000153342
0.000148607
0.000181191
0.000176263
0.000171387
0.000166567
0.000161803
0.000157097
0.000152451
0.000184243
0.000179412
0.000174632
0.000169904
0.000165229
0.00016061
0.000156048
0.000187086
0.000182346
0.000177654
0.000173011
0.00016842
0.000163881
0.000159396
0.00018972
0.000185063
0.000180452
0.000175888
0.000171374
0.000166909
0.000162496
0.000192142
0.000187561
0.000183025
0.000178534
0.00017409
0.000169693
0.000165346
0.00019435
0.000189839
0.00018537
0.000180945
0.000176565
0.000172231
0.000167943
0.000196341
0.000191893
0.000187485
0.000183119
0.000178796
0.000174517
0.000170284
0.000198111
0.000193718
0.000189364
0.000185051
0.000180779
0.000176549
0.000172364
0.000199654
0.000195309
0.000191002
0.000186735
0.000182507
0.000178321
0.000174177
0.000200965
0.000196661
0.000192394
0.000188165
0.000183975
0.000179825
0.000175717
0.000202036
0.000197765
0.00019353
0.000189332
0.000185173
0.000181053
0.000176973
0.000202857
0.000198611
0.000194401
0.000190228
0.000186092
0.000181995
0.000177937
0.000203418
0.000199189
0.000194996
0.000190839
0.00018672
0.000182638
0.000178596
0.000203706
0.000199486
0.000195302
0.000191153
0.000187042
0.000182968
0.000178933
-0.000273177
-0.000287481
-0.000300881
-0.000313384
-0.000324983
-0.000335662
-0.000345416
-0.000354245
-0.00036215
-0.00036914
-0.000375222
-0.000380412
-0.000384724
-0.000388179
-0.000390797
-0.000392605
-0.000393627
-0.000393892
-0.000393431
-0.000392275
-0.000390457
-0.000388009
-0.000384965
-0.000254649
-0.00026852
-0.000281555
-0.000293739
-0.000305068
-0.00031553
-0.000325119
-0.000333833
-0.000341675
-0.000348651
-0.000354768
-0.000360038
-0.000364475
-0.000368098
-0.000370926
-0.00037298
-0.000374286
-0.000374869
-0.000374756
-0.000373978
-0.000372563
-0.000370542
-0.000367948
-0.00023666
-0.000250114
-0.000262784
-0.000274654
-0.000285717
-0.000295962
-0.000305384
-0.00031398
-0.000321753
-0.000328705
-0.000334845
-0.000340183
-0.000344731
-0.000348506
-0.000351524
-0.000353807
-0.000355376
-0.000356254
-0.000356468
-0.000356044
-0.00035501
-0.000353392
-0.000351222
-0.000219195
-0.000232244
-0.000244557
-0.000256119
-0.00026692
-0.00027695
-0.000286203
-0.000294678
-0.000302375
-0.000309296
-0.000315449
-0.000320842
-0.000325487
-0.000329398
-0.00033259
-0.000335082
-0.000336895
-0.000338048
-0.000338567
-0.000338475
-0.000337798
-0.000336561
-0.000334793
-0.000202239
-0.000214897
-0.000226864
-0.000238124
-0.000248667
-0.000258483
-0.000267568
-0.000275918
-0.000283533
-0.000290416
-0.000296572
-0.000302009
-0.000306738
-0.00031077
-0.00031412
-0.000316804
-0.000318841
-0.000320251
-0.000321053
-0.000321273
-0.000320931
-0.000320052
-0.000318662
-0.000185782
-0.000198063
-0.000209693
-0.000220658
-0.000230947
-0.000240552
-0.000249468
-0.00025769
-0.000265219
-0.000272057
-0.000278208
-0.000283679
-0.000288478
-0.000292618
-0.00029611
-0.00029897
-0.000301214
-0.00030286
-0.000303927
-0.000304437
-0.000304409
-0.000303867
-0.000302834
-0.000169816
-0.000181731
-0.000193034
-0.00020371
-0.000213751
-0.000223147
-0.000231893
-0.000239986
-0.000247425
-0.000254211
-0.000260349
-0.000265843
-0.000270703
-0.000274936
-0.000278556
-0.000281576
-0.00028401
-0.000285874
-0.000287187
-0.000287968
-0.000288235
-0.000288008
-0.000287311
-0.000154332
-0.000165892
-0.000176876
-0.000187271
-0.000197067
-0.000206257
-0.000214834
-0.000222796
-0.000230141
-0.000236871
-0.000242988
-0.000248497
-0.000253405
-0.000257721
-0.000261455
-0.000264619
-0.000267227
-0.000269293
-0.000270834
-0.000271866
-0.000272407
-0.000272477
-0.000272094
-0.000139318
-0.000150535
-0.000161209
-0.00017133
-0.000180886
-0.000189872
-0.000198282
-0.000206111
-0.00021336
-0.000220028
-0.000226117
-0.000231632
-0.000236579
-0.000240965
-0.000244801
-0.000248095
-0.000250862
-0.000253113
-0.000254864
-0.00025613
-0.000256928
-0.000257274
-0.000257187
-0.000124767
-0.00013565
-0.000146024
-0.000155876
-0.000165198
-0.000173984
-0.000182226
-0.000189923
-0.000197072
-0.000203673
-0.000209729
-0.000215242
-0.000220219
-0.000224665
-0.000228589
-0.000232001
-0.000234912
-0.000237333
-0.000239278
-0.000240761
-0.000241797
-0.000242401
-0.00024259
-0.000110667
-0.000121228
-0.000131309
-0.000140901
-0.000149994
-0.000158581
-0.000166658
-0.000174221
-0.000181268
-0.000187799
-0.000193816
-0.00019932
-0.000204318
-0.000208814
-0.000212816
-0.000216332
-0.000219373
-0.000221949
-0.000224073
-0.000225756
-0.000227013
-0.000227858
-0.000228306
-9.70093e-05
-0.000107258
-0.000117056
-0.000126393
-0.000135262
-0.000143655
-0.000151568
-0.000158997
-0.000165941
-0.000172398
-0.00017837
-0.000183859
-0.00018887
-0.000193406
-0.000197475
-0.000201084
-0.000204243
-0.00020696
-0.000209247
-0.000211116
-0.000212578
-0.000213646
-0.000214335
-8.37846e-05
-9.37308e-05
-0.000103254
-0.000112343
-0.000120993
-0.000129195
-0.000136946
-0.000144242
-0.00015108
-0.000157461
-0.000163384
-0.000168852
-0.000173867
-0.000178436
-0.000182562
-0.000186253
-0.000189517
-0.000192362
-0.000194799
-0.000196837
-0.000198488
-0.000199764
-0.000200678
-7.09833e-05
-8.0637e-05
-8.9893e-05
-9.87422e-05
-0.000107178
-0.000115193
-0.000122784
-0.000129946
-0.000136678
-0.000142979
-0.00014885
-0.000154291
-0.000159305
-0.000163897
-0.000168071
-0.000171833
-0.000175191
-0.000178152
-0.000180725
-0.000182919
-0.000184745
-0.000186213
-0.000187336
-5.8596e-05
-6.7967e-05
-7.69644e-05
-8.55798e-05
-9.38062e-05
-0.000101638
-0.000109071
-0.000116101
-0.000122726
-0.000128946
-0.000134759
-0.000140168
-0.000145175
-0.000149783
-0.000153996
-0.00015782
-0.000161261
-0.000164326
-0.000167023
-0.00016936
-0.000171346
-0.000172992
-0.000174308
-4.66137e-05
-5.57115e-05
-6.44584e-05
-7.28465e-05
-8.08694e-05
-8.85216e-05
-9.57987e-05
-0.000102697
-0.000109215
-0.000115351
-0.000121105
-0.000126478
-0.000131471
-0.000136089
-0.000140333
-0.000144209
-0.000147723
-0.000150881
-0.00015369
-0.000156157
-0.000158291
-0.000160101
-0.000161596
-3.50273e-05
-4.38612e-05
-5.23657e-05
-6.05332e-05
-6.83578e-05
-7.58342e-05
-8.29582e-05
-8.97265e-05
-9.61369e-05
-0.000102188
-0.000107879
-0.000113212
-0.000118187
-0.000122807
-0.000127075
-0.000130995
-0.000134573
-0.000137813
-0.000140723
-0.000143308
-0.000145577
-0.000147538
-0.000149198
-2.38281e-05
-3.24072e-05
-4.0677e-05
-4.86306e-05
-5.62622e-05
-6.35668e-05
-7.05404e-05
-7.71798e-05
-8.34827e-05
-8.94477e-05
-9.50743e-05
-0.000100363
-0.000105315
-0.000109932
-0.000114217
-0.000118173
-0.000121806
-0.000125119
-0.000128119
-0.000130812
-0.000133204
-0.000135302
-0.000137115
-1.30075e-05
-2.13407e-05
-2.93836e-05
-3.71298e-05
-4.45736e-05
-5.17105e-05
-5.85365e-05
-6.50485e-05
-7.12443e-05
-7.71224e-05
-8.26822e-05
-8.79238e-05
-9.28481e-05
-9.74569e-05
-0.000101752
-0.000105738
-0.000109417
-0.000112794
-0.000115875
-0.000118664
-0.000121168
-0.000123393
-0.000125346
-2.55694e-06
-1.0653e-05
-1.84767e-05
-2.60218e-05
-3.32832e-05
-4.02564e-05
-4.69378e-05
-5.33242e-05
-5.94135e-05
-6.52042e-05
-7.06955e-05
-7.58873e-05
-8.07803e-05
-8.5376e-05
-8.96763e-05
-9.3684e-05
-9.74022e-05
-0.000100835
-0.000103987
-0.000106863
-0.000109468
-0.000111808
-0.000113889
7.53171e-06
-3.35744e-07
-7.94764e-06
-1.52981e-05
-2.23823e-05
-2.91961e-05
-3.57358e-05
-4.19986e-05
-4.79822e-05
-5.36852e-05
-5.91066e-05
-6.42463e-05
-6.91047e-05
-7.36829e-05
-7.79827e-05
-8.20063e-05
-8.57566e-05
-8.92371e-05
-9.24517e-05
-9.54048e-05
-9.81012e-05
-0.000100546
-0.000102745
1.72665e-05
9.61931e-06
2.21189e-06
-4.95025e-06
-1.18625e-05
-1.8521e-05
-2.49223e-05
-3.10634e-05
-3.69424e-05
-4.25576e-05
-4.79082e-05
-5.29937e-05
-5.78144e-05
-6.23713e-05
-6.66657e-05
-7.06996e-05
-7.44754e-05
-7.79963e-05
-8.12657e-05
-8.42875e-05
-8.70659e-05
-8.96055e-05
-9.19116e-05
2.66553e-05
1.92202e-05
1.201e-05
5.02999e-06
-1.71561e-06
-8.22302e-06
-1.4489e-05
-2.05108e-05
-2.62863e-05
-3.1814e-05
-3.70929e-05
-4.21226e-05
-4.69031e-05
-5.1435e-05
-5.57197e-05
-5.97586e-05
-6.3554e-05
-6.71086e-05
-7.04253e-05
-7.35076e-05
-7.63593e-05
-7.89845e-05
-8.13879e-05
3.57056e-05
2.84746e-05
2.14546e-05
1.46506e-05
8.0665e-06
1.70592e-06
-4.42805e-06
-1.03328e-05
-1.60063e-05
-2.1447e-05
-2.66537e-05
-3.16261e-05
-3.63641e-05
-4.0868e-05
-4.5139e-05
-4.91782e-05
-5.29877e-05
-5.65697e-05
-5.99268e-05
-6.30621e-05
-6.5979e-05
-6.86811e-05
-7.11726e-05
4.44248e-05
3.73901e-05
3.05534e-05
2.39193e-05
1.74916e-05
1.12736e-05
5.26824e-06
-5.21926e-07
-6.0949e-06
-1.14492e-05
-1.65836e-05
-2.14977e-05
-2.61911e-05
-3.06644e-05
-3.4918e-05
-3.89533e-05
-4.27718e-05
-4.63754e-05
-4.97665e-05
-5.29479e-05
-5.59223e-05
-5.86931e-05
-6.12641e-05
5.28199e-05
4.5974e-05
3.93138e-05
3.28437e-05
2.65672e-05
2.04875e-05
1.46074e-05
8.92925e-06
3.45508e-06
-1.81361e-06
-6.87575e-06
-1.17307e-05
-1.63781e-05
-2.08181e-05
-2.50514e-05
-2.90788e-05
-3.29017e-05
-3.65217e-05
-3.9941e-05
-4.31618e-05
-4.61867e-05
-4.90187e-05
-5.1661e-05
6.0898e-05
5.42333e-05
4.7743e-05
4.1431e-05
3.53006e-05
2.93549e-05
2.35966e-05
1.80279e-05
1.26507e-05
7.46649e-06
2.47643e-06
-2.31877e-06
-6.91878e-06
-1.13236e-05
-1.55337e-05
-1.95497e-05
-2.33728e-05
-2.70045e-05
-3.04464e-05
-3.37007e-05
-3.67696e-05
-3.96556e-05
-4.23618e-05
6.86654e-05
6.21748e-05
5.58478e-05
4.96881e-05
4.36989e-05
3.78829e-05
3.22428e-05
2.67808e-05
2.14986e-05
1.63977e-05
1.14793e-05
6.74412e-06
2.19255e-06
-2.17531e-06
-6.35973e-06
-1.03613e-05
-1.41809e-05
-1.78198e-05
-2.12794e-05
-2.45616e-05
-2.76684e-05
-3.06019e-05
-3.33648e-05
7.61286e-05
6.9805e-05
6.36349e-05
5.76218e-05
5.17687e-05
4.60782e-05
4.05529e-05
3.51947e-05
3.00054e-05
2.49865e-05
2.01391e-05
1.5464e-05
1.09616e-05
6.63215e-06
2.47549e-06
-1.50882e-06
-5.32153e-06
-8.96365e-06
-1.24365e-05
-1.57415e-05
-1.88806e-05
-2.18554e-05
-2.46686e-05
8.32936e-05
7.713e-05
7.11105e-05
6.52384e-05
5.95165e-05
5.39473e-05
4.85331e-05
4.32759e-05
3.81774e-05
3.32389e-05
2.84617e-05
2.38465e-05
1.93938e-05
1.51039e-05
1.09768e-05
7.01217e-06
3.20937e-06
-4.32415e-07
-3.91428e-06
-7.23753e-06
-1.04036e-05
-1.34143e-05
-1.62716e-05
9.01661e-05
8.41558e-05
7.82808e-05
7.25441e-05
6.69485e-05
6.14963e-05
5.61896e-05
5.10304e-05
4.60204e-05
4.11607e-05
3.64527e-05
3.18971e-05
2.74944e-05
2.3245e-05
1.91489e-05
1.5206e-05
1.14157e-05
7.77751e-06
4.29035e-06
9.53155e-07
-2.23534e-06
-5.27659e-06
-8.1724e-06
9.67516e-05
9.08879e-05
8.51513e-05
7.95447e-05
7.40705e-05
6.8731e-05
6.35283e-05
5.84641e-05
5.35401e-05
4.87575e-05
4.41175e-05
3.96208e-05
3.52682e-05
3.10599e-05
2.69961e-05
2.30767e-05
1.93014e-05
1.56695e-05
1.21804e-05
8.83312e-06
5.62656e-06
2.55948e-06
-3.69702e-07
0.000103055
9.73316e-05
9.17275e-05
8.62455e-05
8.08879e-05
7.56569e-05
7.05544e-05
6.55822e-05
6.07418e-05
5.60343e-05
5.1461e-05
4.70227e-05
4.27199e-05
3.85531e-05
3.45226e-05
3.06281e-05
2.68697e-05
2.32467e-05
1.97587e-05
1.64048e-05
1.31841e-05
1.00955e-05
7.13772e-06
0.000109081
0.000103492
9.80143e-05
9.26516e-05
8.74059e-05
8.22791e-05
7.72733e-05
7.23899e-05
6.76304e-05
6.29961e-05
5.84881e-05
5.41071e-05
4.98539e-05
4.57288e-05
4.17321e-05
3.78639e-05
3.4124e-05
3.05121e-05
2.70278e-05
2.36704e-05
2.04391e-05
1.7333e-05
1.43509e-05
0.000114835
0.000109373
0.000104016
9.87677e-05
9.36291e-05
8.86024e-05
8.36894e-05
7.88917e-05
7.42106e-05
6.96474e-05
6.5203e-05
6.08783e-05
5.6674e-05
5.25905e-05
4.86281e-05
4.47871e-05
4.10672e-05
3.74683e-05
3.39901e-05
3.06319e-05
2.73932e-05
2.42731e-05
2.12708e-05
0.00012032
0.000114979
0.000109738
0.000104598
9.95619e-05
9.46311e-05
8.98073e-05
8.5092e-05
8.04865e-05
7.5992e-05
7.16096e-05
6.734e-05
6.31838e-05
5.91417e-05
5.5214e-05
5.14007e-05
4.7702e-05
4.41177e-05
4.06475e-05
3.7291e-05
3.40477e-05
3.0917e-05
2.78979e-05
0.00012554
0.000120314
0.000115183
0.000110147
0.000105208
0.000100369
9.56306e-05
9.09945e-05
8.64618e-05
8.20338e-05
7.77115e-05
7.34955e-05
6.93867e-05
6.53855e-05
6.14922e-05
5.77073e-05
5.40306e-05
5.04621e-05
4.70017e-05
4.3649e-05
4.04037e-05
3.72651e-05
3.42327e-05
0.000130497
0.000125382
0.000120354
0.000115417
0.000110571
0.00010582
0.000101163
9.66025e-05
9.21399e-05
8.77759e-05
8.35116e-05
7.93478e-05
7.52852e-05
7.13242e-05
6.74654e-05
6.37089e-05
6.00548e-05
5.65033e-05
5.30541e-05
4.97071e-05
4.64619e-05
4.33181e-05
4.02751e-05
0.000135196
0.000130184
0.000125255
0.000120411
0.000115654
0.000110986
0.000106407
0.000101919
9.75234e-05
9.32209e-05
8.90127e-05
8.48993e-05
8.08816e-05
7.69601e-05
7.31352e-05
6.94072e-05
6.57762e-05
6.22424e-05
5.88056e-05
5.54657e-05
5.22226e-05
4.90757e-05
4.60248e-05
0.000139638
0.000134723
0.000129888
0.000125133
0.00012046
0.00011587
0.000111365
0.000106946
0.000102615
9.83711e-05
9.42166e-05
9.01519e-05
8.61778e-05
8.22947e-05
7.85031e-05
7.48033e-05
7.11956e-05
6.768e-05
6.42565e-05
6.09251e-05
5.76856e-05
5.45377e-05
5.14811e-05
0.000143824
0.000139002
0.000134255
0.000129583
0.000124989
0.000120474
0.000116039
0.000111686
0.000107415
0.000103228
9.91249e-05
9.51069e-05
9.11748e-05
8.73289e-05
8.35699e-05
7.98979e-05
7.63133e-05
7.28163e-05
6.94068e-05
6.60849e-05
6.28504e-05
5.97031e-05
5.66428e-05
0.000147757
0.000143021
0.000138356
0.000133763
0.000129244
0.000124799
0.000120431
0.00011614
0.000111926
0.000107792
0.000103738
9.9765e-05
9.58731e-05
9.20632e-05
8.83357e-05
8.4691e-05
8.11293e-05
7.76509e-05
7.42558e-05
7.09441e-05
6.77157e-05
6.45705e-05
6.15082e-05
0.000151436
0.000146781
0.000142193
0.000137674
0.000133225
0.000128846
0.00012454
0.000120307
0.000116148
0.000112065
0.000108057
0.000104126
0.000100273
9.64972e-05
9.28001e-05
8.91818e-05
8.56426e-05
8.21826e-05
7.88022e-05
7.55012e-05
7.22797e-05
6.91377e-05
6.60749e-05
0.000154861
0.000150282
0.000145766
0.000141315
0.000136931
0.000132614
0.000128366
0.000124188
0.00012008
0.000116044
0.00011208
0.00010819
0.000104373
0.00010063
9.69618e-05
9.33689e-05
8.98515e-05
8.64097e-05
8.30439e-05
7.97539e-05
7.654e-05
7.3402e-05
7.034e-05
0.000158032
0.000153522
0.000149073
0.000144686
0.000140362
0.000136103
0.000131909
0.000127782
0.000123722
0.00011973
0.000115807
0.000111954
0.000108171
0.000104459
0.000100819
9.72502e-05
9.37537e-05
9.03295e-05
8.6978e-05
8.36992e-05
8.04932e-05
7.736e-05
7.42996e-05
0.000160947
0.000156501
0.000152113
0.000147785
0.000143517
0.00013931
0.000135166
0.000131086
0.00012707
0.000123119
0.000119234
0.000115416
0.000111665
0.000107983
0.000104368
0.000100822
9.73457e-05
9.39385e-05
9.06009e-05
8.73331e-05
8.41351e-05
8.10072e-05
7.79492e-05
0.000163603
0.000159216
0.000154884
0.000150608
0.000146391
0.000142233
0.000138135
0.000134097
0.000130122
0.000126209
0.000122359
0.000118573
0.000114852
0.000111196
0.000107605
0.000104081
0.000100623
9.7232e-05
9.39077e-05
9.06506e-05
8.74607e-05
8.43382e-05
8.1283e-05
0.000165997
0.000161662
0.00015738
0.000153153
0.000148982
0.000144867
0.00014081
0.000136812
0.000132873
0.000128994
0.000125176
0.00012142
0.000117726
0.000114094
0.000110526
0.000107021
0.000103581
0.000100204
9.68926e-05
9.36456e-05
9.04635e-05
8.73464e-05
8.42945e-05
0.000168124
0.000163836
0.000159599
0.000155415
0.000151284
0.000147208
0.000143188
0.000139225
0.000135318
0.00013147
0.000127681
0.000123951
0.000120281
0.000116671
0.000113123
0.000109636
0.000106211
0.000102849
9.95483e-05
9.63107e-05
9.3136e-05
9.00243e-05
8.69758e-05
0.000169979
0.000165731
0.000161533
0.000157386
0.000153291
0.000149249
0.000145261
0.000141328
0.00013745
0.000133629
0.000129864
0.000126158
0.000122509
0.000118919
0.000115389
0.000111918
0.000108507
0.000105156
0.000101866
9.86372e-05
9.54693e-05
9.23626e-05
8.93173e-05
0.000171553
0.00016734
0.000163175
0.00015906
0.000154995
0.000150982
0.000147021
0.000143114
0.000139261
0.000135462
0.000131719
0.000128032
0.000124402
0.000120829
0.000117313
0.000113856
0.000110457
0.000107117
0.000103836
0.000100615
9.74527e-05
9.43506e-05
9.13083e-05
0.000172839
0.000168653
0.000164515
0.000160426
0.000156386
0.000152397
0.000148459
0.000144572
0.000140739
0.000136959
0.000133234
0.000129563
0.000125948
0.000122388
0.000118885
0.000115439
0.00011205
0.000108719
0.000105446
0.000102231
9.90738e-05
9.59755e-05
9.2936e-05
0.000173824
0.000169661
0.000165543
0.000161474
0.000157453
0.000153482
0.000149561
0.000145691
0.000141873
0.000138107
0.000134395
0.000130737
0.000127133
0.000123585
0.000120091
0.000116654
0.000113273
0.000109948
0.000106681
0.000103471
0.000100318
9.72227e-05
9.41853e-05
0.000174498
0.000170349
0.000166246
0.00016219
0.000158182
0.000154223
0.000150314
0.000146455
0.000142647
0.000138892
0.000135189
0.000131539
0.000127943
0.000124402
0.000120915
0.000117484
0.000114108
0.000110789
0.000107525
0.000104318
0.000101168
9.80752e-05
9.50393e-05
0.000174843
0.000170702
0.000166606
0.000162557
0.000158556
0.000154603
0.0001507
0.000146847
0.000143045
0.000139294
0.000135596
0.000131951
0.000128359
0.000124821
0.000121338
0.00011791
0.000114537
0.00011122
0.000107958
0.000104753
0.000101605
9.85127e-05
9.54777e-05
)
;

boundaryField
{
    down
    {
        type            symmetryPlane;
    }
    right
    {
        type            fixedValue;
        value           nonuniform List<scalar> 0();
    }
    up
    {
        type            symmetryPlane;
    }
    left
    {
        type            zeroGradient;
    }
    cylinder
    {
        type            zeroGradient;
    }
    frontAndBack
    {
        type            empty;
    }
    procBoundary9to5
    {
        type            processor;
        value           nonuniform List<scalar> 
74
(
-0.001008
-0.000977269
-0.000977269
-0.000998995
-0.00101918
-0.00103696
-0.00105121
-0.00106199
-0.00106954
-0.001074
-0.00107548
-0.00107411
-0.00107004
-0.00106341
-0.00105438
-0.0010431
-0.00102972
-0.00101441
-0.00099731
-0.000978586
-0.000958388
-0.000936867
-0.000914171
-0.000890446
-0.000718415
-0.000769329
-0.000767819
-0.000767819
-0.000814341
-0.000860181
-0.000904879
-0.000946353
-0.00061497
-0.000666938
-0.000323711
-0.000378338
-0.000426844
-0.000475887
-0.000525638
-0.000525638
0.000968501
0.000959428
0.000949267
0.000937942
0.000925375
0.000911484
0.000896185
0.00087939
0.000861012
0.000840962
0.000819152
0.000795494
0.000769904
0.000742297
0.000712598
0.000680734
0.000646642
0.000610269
0.000571571
0.000530521
0.000487107
0.000441333
0.000393227
0.000342837
0.000290236
0.000235524
0.000178826
0.000120299
6.01263e-05
-1.47578e-06
-6.42691e-05
-0.000128014
-0.000192205
-0.000256133
)
;
    }
    procBoundary9to8
    {
        type            processor;
        value           nonuniform List<scalar> 
75
(
0.000953334
0.000930936
0.000909354
0.000888573
0.000868576
0.000849345
0.000830859
0.0008131
0.000796044
0.000779672
0.000763959
0.000748885
0.000734426
0.000720562
0.00070727
0.000694528
0.000682316
0.000670612
0.000659398
0.000648872
0.000638882
0.00062911
0.00061956
0.000610234
0.000601135
0.000601135
0.000602338
0.000593593
0.000585073
0.00057678
0.000568713
0.000560873
0.000553262
0.000545877
0.00053872
0.000531788
0.000525081
0.000518596
0.000512333
0.000506288
0.000500459
0.000494845
0.000489441
0.000484244
0.000479252
0.000474461
0.000469868
0.000465468
0.000461258
0.000457234
0.000453393
0.00044973
0.000446242
0.000442925
0.000439776
0.00043679
0.000433964
0.000431295
0.00042878
0.000426416
0.000424199
0.000422129
0.000420202
0.000418418
0.000416773
0.000415269
0.000413904
0.000412679
0.000411595
0.000410653
0.000409855
0.000409205
0.000408708
0.000408369
0.000408196
)
;
    }
    procBoundary9to10
    {
        type            processor;
        value           nonuniform List<scalar> 
73
(
-0.000830493
-0.00079648
-0.000763761
-0.000732294
-0.000702034
-0.000672931
-0.00064494
-0.000618016
-0.000592117
-0.000567199
-0.000543225
-0.000520153
-0.000497948
-0.000476574
-0.000455996
-0.000436181
-0.000417098
-0.000398716
-0.000381369
-0.000364819
-0.000348537
-0.000332526
-0.000316792
-0.000301338
-0.000286168
-0.000271284
-0.000256689
-0.000242385
-0.000228376
-0.000214662
-0.000201245
-0.000188126
-0.000175307
-0.000162788
-0.00015057
-0.000138652
-0.000127036
-0.000115721
-0.000104706
-9.39911e-05
-8.35758e-05
-7.34591e-05
-6.36402e-05
-5.41183e-05
-4.48921e-05
-3.59608e-05
-2.73233e-05
-1.89786e-05
-1.09256e-05
-3.16349e-06
4.30844e-06
1.14909e-05
1.83843e-05
2.49889e-05
3.13047e-05
3.73315e-05
4.30684e-05
4.85146e-05
5.36685e-05
5.8528e-05
6.30906e-05
6.7353e-05
7.13112e-05
7.49604e-05
7.82946e-05
8.13071e-05
8.39897e-05
8.63329e-05
8.83254e-05
8.99546e-05
9.12052e-05
9.20602e-05
9.2499e-05
)
;
    }
}


// ************************************************************************* //
