/*--------------------------------*- C++ -*----------------------------------*\
| =========                 |                                                 |
| \\      /  F ield         | OpenFOAM: The Open Source CFD Toolbox           |
|  \\    /   O peration     | Version:  2412                                  |
|   \\  /    A nd           | Website:  www.openfoam.com                      |
|    \\/     M anipulation  |                                                 |
\*---------------------------------------------------------------------------*/
FoamFile
{
    version     2.0;
    format      ascii;
    arch        "LSB;label=32;scalar=64";
    class       volScalarField;
    location    "8";
    object      p;
}
// * * * * * * * * * * * * * * * * * * * * * * * * * * * * * * * * * * * * * //

dimensions      [0 2 -2 0 0 0 0];

internalField   nonuniform List<scalar> 
5285
(
-0.000599305
-0.000547693
-0.000565929
-0.000574509
-0.000581852
-0.000587188
-0.000589659
-0.000589452
-0.000586882
-0.000582168
-0.000575514
-0.000567135
-0.000557245
-0.000546054
-0.000533758
-0.000520546
-0.000506595
-0.000492068
-0.000477115
-0.000461874
-0.00044647
-0.000431012
-0.000415596
-0.00040031
-0.0005
-0.000517836
-0.000527116
-0.000535191
-0.000541384
-0.000544938
-0.000546016
-0.000544887
-0.000541744
-0.000536764
-0.000530134
-0.000522047
-0.000512687
-0.000502233
-0.000490855
-0.000478714
-0.000465959
-0.000452729
-0.000439154
-0.00042535
-0.000411422
-0.000397461
-0.000383551
-0.000455839
-0.000473263
-0.000483103
-0.000491773
-0.000498673
-0.000503143
-0.000505319
-0.000505438
-0.000503664
-0.000500152
-0.000495068
-0.000488582
-0.000480858
-0.000472057
-0.000462333
-0.000451831
-0.000440689
-0.000429037
-0.000416993
-0.000404666
-0.000392156
-0.00037955
-0.00036693
-0.000414867
-0.000431871
-0.000442156
-0.000451302
-0.000458786
-0.000464027
-0.000467145
-0.000468342
-0.000467761
-0.000465539
-0.000461821
-0.000456757
-0.000450494
-0.000443177
-0.000434944
-0.000425928
-0.000416255
-0.000406045
-0.000395407
-0.000384444
-0.000373249
-0.000361904
-0.000350489
-0.000376783
-0.000393364
-0.000403997
-0.000413523
-0.000421483
-0.000427373
-0.000431296
-0.000433424
-0.000433884
-0.000432794
-0.000430283
-0.000426483
-0.000421525
-0.00041554
-0.000408652
-0.000400983
-0.000392647
-0.000383755
-0.000374408
-0.000364702
-0.000354724
-0.000344554
-0.000334263
-0.000341322
-0.000357481
-0.000368382
-0.000378204
-0.00038655
-0.000392984
-0.000397592
-0.000400526
-0.000401893
-0.000401797
-0.000400352
-0.000397675
-0.000393884
-0.000389094
-0.00038342
-0.00037697
-0.000369851
-0.000362164
-0.000354001
-0.000345454
-0.000336604
-0.000327523
-0.000318282
-0.00030825
-0.000323991
-0.00033509
-0.000345139
-0.000353794
-0.000360681
-0.000365873
-0.000369501
-0.000371657
-0.000372434
-0.000371931
-0.000370253
-0.000367503
-0.000363788
-0.000359208
-0.000353864
-0.000347852
-0.000341265
-0.00033419
-0.00032671
-0.000318901
-0.000310832
-0.000302571
-0.000277356
-0.000292685
-0.000303925
-0.000314141
-0.00032304
-0.000330302
-0.00033599
-0.000340215
-0.000343058
-0.000344601
-0.00034493
-0.000344139
-0.000342321
-0.00033957
-0.000335977
-0.000331635
-0.00032663
-0.000321049
-0.000314971
-0.000308474
-0.000301629
-0.000294499
-0.000287148
-0.000248454
-0.000263379
-0.000274711
-0.000285045
-0.000294132
-0.000301701
-0.000307808
-0.000312546
-0.000315987
-0.000318201
-0.000319265
-0.000319263
-0.000318277
-0.000316391
-0.000313689
-0.000310254
-0.000306167
-0.000301504
-0.000296341
-0.000290749
-0.000284793
-0.000278535
-0.000272032
-0.000221377
-0.000235908
-0.00024729
-0.000257699
-0.000266927
-0.000274746
-0.000281204
-0.000286382
-0.000290341
-0.000293143
-0.000294857
-0.000295555
-0.000295312
-0.000294204
-0.000292306
-0.000289693
-0.00028644
-0.000282617
-0.000278292
-0.000273533
-0.000268399
-0.000262948
-0.000257235
-0.000195976
-0.000210122
-0.000221521
-0.000231969
-0.000241296
-0.000249315
-0.000256067
-0.00026162
-0.000266028
-0.000269344
-0.00027163
-0.00027295
-0.000273372
-0.000272962
-0.000271789
-0.000269922
-0.000267428
-0.000264371
-0.000260816
-0.000256823
-0.000252449
-0.000247746
-0.000242766
-0.000172116
-0.000185888
-0.000197274
-0.000207731
-0.000217123
-0.000225299
-0.000232294
-0.000238166
-0.000242961
-0.000246727
-0.000249517
-0.00025139
-0.000252404
-0.000252622
-0.000252104
-0.000250912
-0.000249108
-0.000246752
-0.000243902
-0.000240614
-0.000236941
-0.000232931
-0.000228633
-0.000149676
-0.000163086
-0.000174434
-0.000184874
-0.000194301
-0.000202597
-0.000209791
-0.000215932
-0.000221061
-0.000225219
-0.000228454
-0.000230817
-0.000232361
-0.000233141
-0.000233213
-0.000232634
-0.000231459
-0.000229743
-0.000227539
-0.000224899
-0.000221873
-0.000218504
-0.000214839
-0.000128548
-0.000141606
-0.000152895
-0.000163297
-0.000172733
-0.000181117
-0.000188472
-0.000194839
-0.000200254
-0.000204754
-0.000208379
-0.000211177
-0.000213193
-0.000214479
-0.000215084
-0.00021506
-0.000214457
-0.000213325
-0.000211713
-0.00020967
-0.00020724
-0.000204466
-0.000201389
-0.000108631
-0.000121351
-0.000132561
-0.000142907
-0.000152332
-0.000160775
-0.000168258
-0.000174814
-0.000180474
-0.000185269
-0.000189238
-0.00019242
-0.000194859
-0.000196598
-0.000197684
-0.000198162
-0.000198079
-0.000197481
-0.000196412
-0.000194918
-0.000193038
-0.000190813
-0.000188281
-8.98342e-05
-0.000102229
-0.000113346
-0.000123619
-0.000133015
-0.000141495
-0.000149077
-0.000155789
-0.000161656
-0.000166708
-0.000170977
-0.0001745
-0.000177315
-0.000179461
-0.00018098
-0.000181914
-0.000182304
-0.000182193
-0.000181622
-0.000180631
-0.000179259
-0.000177541
-0.000175515
-7.20802e-05
-8.41602e-05
-9.51709e-05
-0.000105359
-0.00011471
-0.000123206
-0.000130863
-0.000137701
-0.000143743
-0.000149016
-0.000153549
-0.000157373
-0.000160523
-0.000163034
-0.000164944
-0.000166289
-0.00016711
-0.000167443
-0.000167327
-0.0001668
-0.000165895
-0.000164647
-0.00016309
-5.53012e-05
-6.70761e-05
-7.79629e-05
-8.80531e-05
-9.73479e-05
-0.000105844
-0.000113552
-0.000120492
-0.000126682
-0.000132145
-0.000136907
-0.000140997
-0.000144445
-0.000147282
-0.000149544
-0.000151263
-0.000152474
-0.000153213
-0.000153514
-0.000153411
-0.000152938
-0.000152124
-0.000151001
-0.000413734
-0.000449569
-0.000371842
-0.000405772
-0.00043853
-0.000470066
-0.000500405
-0.000528955
-0.000554875
-0.000333083
-0.000365273
-0.000396346
-0.000426252
-0.000455011
-0.000482096
-0.000506794
-0.000297156
-0.000327747
-0.000357271
-0.00038568
-0.000412987
-0.000438721
-0.000462282
-0.00026379
-0.00029291
-0.000321006
-0.000348034
-0.000374002
-0.000398492
-0.000420993
-0.000232749
-0.000260509
-0.000287287
-0.00031304
-0.000337772
-0.000361112
-0.000382626
-0.00020382
-0.000230322
-0.00025588
-0.000280453
-0.000304042
-0.000326318
-0.00034691
-0.000176817
-0.000202153
-0.000226579
-0.000250058
-0.000272585
-0.000293874
-0.000313606
-0.000151573
-0.000175824
-0.000199199
-0.00022166
-0.000243202
-0.000263573
-0.000282503
-0.000127937
-0.00015118
-0.000173575
-0.000195089
-0.000215713
-0.000235231
-0.00025341
-0.000105777
-0.000128078
-0.00014956
-0.00017019
-0.000189959
-0.000208682
-0.000226159
-8.49717e-05
-0.000106393
-0.000127021
-0.000146826
-0.000165797
-0.000183777
-0.000200596
-6.54129e-05
-8.60105e-05
-0.00010584
-0.000124873
-0.000143097
-0.000160382
-0.000176585
-4.70031e-05
-6.68285e-05
-8.59093e-05
-0.000104218
-0.000121743
-0.000138378
-0.000154001
-2.96541e-05
-4.87543e-05
-6.71318e-05
-8.47611e-05
-0.00010163
-0.000117653
-0.000132732
-1.32858e-05
-3.17038e-05
-4.94199e-05
-6.64102e-05
-8.26622e-05
-9.81096e-05
-0.000112674
2.17473e-06
-1.56008e-05
-3.26939e-05
-4.90823e-05
-6.47534e-05
-7.96577e-05
-9.37352e-05
1.67939e-05
-3.74942e-07
-1.68799e-05
-3.27005e-05
-4.78238e-05
-6.2215e-05
-7.58312e-05
3.06316e-05
1.40376e-05
-1.91054e-06
-1.71947e-05
-3.18025e-05
-4.57121e-05
-5.88944e-05
4.37399e-05
2.76823e-05
1.2255e-05
-2.52465e-06
-1.66455e-05
-3.00964e-05
-4.28595e-05
-0.000338693
-0.000376753
-0.000106962
-0.000151078
-0.000188099
-0.000225751
-0.000263688
-0.000300769
-0.000336818
-8.18023e-05
-0.000123342
-0.000158636
-0.000194453
-0.000230456
-0.000265644
-0.000299853
-5.83045e-05
-9.75132e-05
-0.000131227
-0.000165363
-0.000199598
-0.000233049
-0.000265569
-3.63348e-05
-7.34264e-05
-0.00010569
-0.000138281
-0.000170891
-0.000202747
-0.000233717
-1.57719e-05
-5.09355e-05
-8.18638e-05
-0.000113029
-0.000144146
-0.000174532
-0.000204071
3.49401e-06
-2.99089e-05
-5.96026e-05
-8.94512e-05
-0.000119187
-0.000148218
-0.000176434
2.15632e-05
-1.02274e-05
-3.87762e-05
-6.7404e-05
-9.58631e-05
-0.000123637
-0.000150629
3.8527e-05
8.2167e-06
-1.92672e-05
-4.67601e-05
-7.40344e-05
-0.000100643
-0.000126496
5.4469e-05
2.5521e-05
-9.69544e-07
-2.7405e-05
-5.35777e-05
-7.91014e-05
-0.000103896
6.94651e-05
4.17739e-05
1.62124e-05
-9.23533e-06
-3.43813e-05
-5.88943e-05
-8.27017e-05
8.35851e-05
5.70557e-05
3.23652e-05
7.84206e-06
-1.63451e-05
-3.9914e-05
-6.27987e-05
9.68924e-05
7.14393e-05
4.75674e-05
2.39115e-05
6.21606e-07
-2.20639e-05
-4.40848e-05
0.000109445
8.49911e-05
6.189e-05
3.90494e-05
1.66008e-05
-5.25639e-06
-2.64673e-05
0.000121296
9.77716e-05
7.53978e-05
5.3325e-05
3.16667e-05
1.05877e-05
-9.86251e-06
0.000132495
0.000109836
8.81499e-05
6.68015e-05
4.5887e-05
2.55405e-05
5.80573e-06
0.000143085
0.000121234
0.0001002
7.9537e-05
5.9323e-05
3.9664e-05
2.06062e-05
0.000153107
0.00013201
0.000111595
9.15834e-05
7.20299e-05
5.30233e-05
3.46025e-05
0.000162605
0.000142211
0.00012238
0.000102978
8.40561e-05
6.56674e-05
4.78498e-05
0.000171606
0.000151889
0.000132629
0.000113813
9.54757e-05
7.76625e-05
6.04077e-05
0.00108555
0.00107624
0.00106588
0.0010544
0.00104173
0.0010278
0.00101253
0.000995841
0.000977663
0.000957917
0.00093653
0.000913429
0.000888546
0.000861816
0.000833181
0.000802591
0.000770005
0.000735393
0.000698738
0.000660038
0.000619309
0.000576586
0.000531924
0.000485402
0.000437123
0.000387217
0.000335842
0.000283181
0.000229448
0.000174884
0.000119749
6.4282e-05
9.14228e-06
-4.46115e-05
0.00106286
0.00105314
0.0010424
0.00103057
0.00101759
0.00100341
0.000987934
0.000971112
0.000952872
0.000933147
0.000911873
0.000888986
0.00086443
0.000838151
0.000810101
0.000780241
0.00074854
0.000714979
0.000679551
0.000642262
0.000603134
0.000562209
0.000519545
0.000475223
0.000429344
0.000382035
0.000333443
0.000283742
0.00023313
0.000181828
0.000130075
7.80847e-05
2.64522e-05
-2.38782e-05
0.00104106
0.00103098
0.00101992
0.0010078
0.000994581
0.000980196
0.000964584
0.000947686
0.000929442
0.000909792
0.000888682
0.000866058
0.00084187
0.000816076
0.000788636
0.000759522
0.000728711
0.000696192
0.000661966
0.000626046
0.000588461
0.000549255
0.000508488
0.000466243
0.000422617
0.000377732
0.000331728
0.000284768
0.000237033
0.000188728
0.00014007
9.12543e-05
4.28144e-05
-4.40848e-06
0.00102013
0.00100975
0.000998408
0.000986059
0.000972648
0.00095812
0.000942423
0.000925501
0.000907302
0.000887775
0.000866872
0.000844549
0.000820763
0.00079548
0.000768669
0.000740309
0.000710385
0.000678894
0.000645842
0.000611247
0.000575144
0.000537577
0.000498611
0.000458324
0.000416813
0.000374193
0.000330596
0.000286173
0.000241094
0.000195546
0.000149726
0.000103813
5.8285e-05
1.38899e-05
0.00100005
0.000989404
0.00097784
0.000965305
0.000951751
0.00093713
0.000921393
0.000904493
0.000886383
0.00086702
0.000846362
0.000824371
0.000801013
0.00077626
0.00075009
0.000722487
0.000693442
0.000662959
0.000631049
0.000597734
0.000563051
0.000527047
0.000489787
0.000451346
0.000411819
0.000371314
0.000329957
0.000287887
0.000245262
0.000202253
0.000159039
0.000115785
7.29173e-05
3.11008e-05
0.000980778
0.000969923
0.000958179
0.000945502
0.000931849
0.000917177
0.000901443
0.000884604
0.000866621
0.000847455
0.000827071
0.000805439
0.000782529
0.000758321
0.000732797
0.000705947
0.000677771
0.000648273
0.000617469
0.000585387
0.000552063
0.000517547
0.000481901
0.000445201
0.000407535
0.000369008
0.000329735
0.000289849
0.000249493
0.000208824
0.000168008
0.000127193
8.6762e-05
4.73022e-05
0.000962302
0.000951273
0.000939389
0.00092661
0.000912898
0.000898213
0.000882517
0.000865775
0.00084795
0.00082901
0.000808927
0.000787672
0.000765226
0.00074157
0.000716694
0.000690592
0.000663267
0.000634729
0.000604997
0.000574099
0.000542075
0.000508973
0.000474855
0.000439794
0.000403875
0.000367196
0.000329866
0.000292007
0.000253751
0.000215244
0.000176636
0.000138063
9.98672e-05
6.25659e-05
0.000944592
0.000933426
0.000921438
0.000908592
0.000894855
0.000880191
0.000864566
0.000847949
0.00083031
0.000811621
0.000791857
0.000770997
0.000749024
0.000725925
0.000701694
0.00067633
0.000649838
0.000622233
0.000593534
0.000563773
0.000532989
0.000501231
0.000468559
0.000435042
0.000400763
0.000365812
0.000330292
0.000294317
0.000258009
0.0002215
0.000184929
0.000148421
0.000112278
7.69583e-05
0.000927622
0.000916351
0.000904291
0.000891411
0.000877679
0.000863065
0.000847539
0.000831074
0.000813643
0.000795223
0.000775795
0.00075534
0.000733847
0.000711306
0.000687715
0.000663076
0.000637397
0.000610695
0.000582993
0.000554321
0.00052472
0.000494238
0.000462932
0.000430871
0.00039813
0.000364797
0.000330966
0.000296744
0.000262242
0.000227584
0.000192895
0.00015829
0.000124038
9.05402e-05
0.000911364
0.000900018
0.000887916
0.000875029
0.00086133
0.000846792
0.000831388
0.000815096
0.000797893
0.000779759
0.000760678
0.000740637
0.000719626
0.000697641
0.000674681
0.000650752
0.000625865
0.000600037
0.000573292
0.000545664
0.00051719
0.000487918
0.000457905
0.000427215
0.000395919
0.0003641
0.000331846
0.000299256
0.000266433
0.00023349
0.000200541
0.000167694
0.000135186
0.000103368
0.000895792
0.000884397
0.000872279
0.00085941
0.000845768
0.000831328
0.000816068
0.000799967
0.000783006
0.000765171
0.000746446
0.000726823
0.000706296
0.000684861
0.000662522
0.000639287
0.000615167
0.000590183
0.00056436
0.000537728
0.000510329
0.000482206
0.000453415
0.000424016
0.000394078
0.000363677
0.000332897
0.000301827
0.000270565
0.000239214
0.000207879
0.000176657
0.00014576
0.000115493
0.000880879
0.00086946
0.000857348
0.00084452
0.000830956
0.000816634
0.000801534
0.000785639
0.000768934
0.000751406
0.000733044
0.000713842
0.000693795
0.000672904
0.000651174
0.000628614
0.000605239
0.000581069
0.000556129
0.000530451
0.000504073
0.000477041
0.000449405
0.000421223
0.000392561
0.00036349
0.000334087
0.000304437
0.000274628
0.000244756
0.000214917
0.000185202
0.000155796
0.000126963
0.0008666
0.000855177
0.000843092
0.000830325
0.000816857
0.000802668
0.000787744
0.000772068
0.000755629
0.000738415
0.000720419
0.000701637
0.000682067
0.000661711
0.000640577
0.000618674
0.000596019
0.000572632
0.000548539
0.000523772
0.000498367
0.000472368
0.000445825
0.000418791
0.000391329
0.000363505
0.000335391
0.000307066
0.000278612
0.000250116
0.000221667
0.000193349
0.000165325
0.000137821
0.000852927
0.000841521
0.000829481
0.000816792
0.000803435
0.000789395
0.000774658
0.000759211
0.000743044
0.00072615
0.000708522
0.000690158
0.000671059
0.000651229
0.000630675
0.00060941
0.000587451
0.000564817
0.000541536
0.000517638
0.000493159
0.000468141
0.00044263
0.000416679
0.000390346
0.000363692
0.000336786
0.0003097
0.000282509
0.000255295
0.00022814
0.00020112
0.000174379
0.000148108
0.000839837
0.000828464
0.000816486
0.000803889
0.000790657
0.000776777
0.000762237
0.000747028
0.000731139
0.000714567
0.000697306
0.000679357
0.000660722
0.000641406
0.000621418
0.000600771
0.000579483
0.000557574
0.00053507
0.000512001
0.000488403
0.000464315
0.000439782
0.000414852
0.000389581
0.000364027
0.000338253
0.000312325
0.000286315
0.000260297
0.000234346
0.000208534
0.000182985
0.000157862
0.000827305
0.000815979
0.000804077
0.000791585
0.00077849
0.000764781
0.000750446
0.000735479
0.000719873
0.000703624
0.000686729
0.00066919
0.00065101
0.000632196
0.000612758
0.00059271
0.000572068
0.000550855
0.000529095
0.000506818
0.000484058
0.000460852
0.000437243
0.000413278
0.000389008
0.000364487
0.000339774
0.000314932
0.000290026
0.000265124
0.000240296
0.00021561
0.00019117
0.000167115
0.000815307
0.000804042
0.000792228
0.000779853
0.000766904
0.000753373
0.00073925
0.00072453
0.000709208
0.000693282
0.00067675
0.000659614
0.000641881
0.000623557
0.000604653
0.000585183
0.000565165
0.000544619
0.000523571
0.000502049
0.000480085
0.000457716
0.000434983
0.000411928
0.000388601
0.000365052
0.000341336
0.000317512
0.000293638
0.00026978
0.000246001
0.000222364
0.000198959
0.000175899
0.000803819
0.000792628
0.000780913
0.000768663
0.000755869
0.000742522
0.000728616
0.000714147
0.00069911
0.000683504
0.00066733
0.000650592
0.000633295
0.000615448
0.000597061
0.00057815
0.000558732
0.000538827
0.000518459
0.000497657
0.000476452
0.000454877
0.000432972
0.000410778
0.00038834
0.000365706
0.000342927
0.000320057
0.000297152
0.00027427
0.000251471
0.000228814
0.000206375
0.000184247
0.00079282
0.000781712
0.000770105
0.000757989
0.000745356
0.000732199
0.000718513
0.000704295
0.000689543
0.000674256
0.000658436
0.000642087
0.000625216
0.000607833
0.000589947
0.000571575
0.000552733
0.000533442
0.000513726
0.000493611
0.000473126
0.000452306
0.000431186
0.000409806
0.000388207
0.000366435
0.000344537
0.000322563
0.000300566
0.000278599
0.000256717
0.000234975
0.000213437
0.00019218
0.000782504
0.000771486
0.000759992
0.000748013
0.000735543
0.000722577
0.000709109
0.000695138
0.000680663
0.000665684
0.000650204
0.000634229
0.000617765
0.000600822
0.000583412
0.000565549
0.00054725
0.000528536
0.000509429
0.000489955
0.000470143
0.000450024
0.000429633
0.000409006
0.000388183
0.000367207
0.000346121
0.000324973
0.000303811
0.000282684
0.000261644
0.000240741
0.000220028
0.000199563
0.000772719
0.000761797
0.000750421
0.000738584
0.000726279
0.000713503
0.000700252
0.000686524
0.000672321
0.000657644
0.000642495
0.000626881
0.000610809
0.00059429
0.000577334
0.000559957
0.000542175
0.000524008
0.000505479
0.000486611
0.000467433
0.000447974
0.000428267
0.000408347
0.000388251
0.000368018
0.000347692
0.000327314
0.000306929
0.000286585
0.000266328
0.000246206
0.000226267
0.000206559
0.000763151
0.000752334
0.000741083
0.000729394
0.000717261
0.000704681
0.000691651
0.000678172
0.000664243
0.000649868
0.00063505
0.000619796
0.000604114
0.000588013
0.000571505
0.000554606
0.000537331
0.0005197
0.000501735
0.000483457
0.000464895
0.000446077
0.000427033
0.000407796
0.000388401
0.000368886
0.00034929
0.000329653
0.000310016
0.000290424
0.000270919
0.000251546
0.000232349
0.000213373
0.000753802
0.000743097
0.00073198
0.000720445
0.00070849
0.00069611
0.000683306
0.000670077
0.000656425
0.000642353
0.000627866
0.00061297
0.000597673
0.000581986
0.00056592
0.00054949
0.000532712
0.000515604
0.000498188
0.000480486
0.000462522
0.000444324
0.000425922
0.000407345
0.000388628
0.000369804
0.000350911
0.000331986
0.000313068
0.000294197
0.000275414
0.000256759
0.000238274
0.000220001
0.000744674
0.000734088
0.000723111
0.000711737
0.000699964
0.00068779
0.000675214
0.000662238
0.000648864
0.000635096
0.000620937
0.000606396
0.000591481
0.000576202
0.00056057
0.000544601
0.000528309
0.000511712
0.000494832
0.000477688
0.000460305
0.000442709
0.000424927
0.000406988
0.000388924
0.000370767
0.000352551
0.000334311
0.000316083
0.000297904
0.000279813
0.000261847
0.000244044
0.000226443
0.000735768
0.000725308
0.000714476
0.000703268
0.000691682
0.000679716
0.000667373
0.000654651
0.000641556
0.00062809
0.000614259
0.00060007
0.000585532
0.000570654
0.00055545
0.000539931
0.000524115
0.000508017
0.000491658
0.000475057
0.000458238
0.000441224
0.000424042
0.000406719
0.000389285
0.000371769
0.000354204
0.000336622
0.000319056
0.000301542
0.000284115
0.000266808
0.000249659
0.000232702
0.00073706
0.000727084
0.000716756
0.000706074
0.000695037
0.000683642
0.000671889
0.000659778
0.000647313
0.000634496
0.000621332
0.000607826
0.000593985
0.000579819
0.000565337
0.000550551
0.000535474
0.000520122
0.000504511
0.000488658
0.000472585
0.000456312
0.000439862
0.00042326
0.000406531
0.000389704
0.000372806
0.000355866
0.000338916
0.000321987
0.00030511
0.000288319
0.000271645
0.000255121
0.000238781
0.000728479
0.000718622
0.000708432
0.000697906
0.000687043
0.000675842
0.000664303
0.000652428
0.00064022
0.000627681
0.000614816
0.000601632
0.000588136
0.000574336
0.000560243
0.000545867
0.000531223
0.000516323
0.000501185
0.000485826
0.000470264
0.00045452
0.000438616
0.000422574
0.000406418
0.000390175
0.000373871
0.000357534
0.000341191
0.000324872
0.000308607
0.000292425
0.000276356
0.000260432
0.000244682
0.000720116
0.000710384
0.000700335
0.000689969
0.000679285
0.00066828
0.000656958
0.000645319
0.000633367
0.000621105
0.000608538
0.000595672
0.000582516
0.000569077
0.000555365
0.000541391
0.000527169
0.000512712
0.000498034
0.000483154
0.000468088
0.000452856
0.000437478
0.000421977
0.000406374
0.000390694
0.000374962
0.000359202
0.000343443
0.000327709
0.00031203
0.000296432
0.000280944
0.000265594
0.000250409
0.00071197
0.000702368
0.000692465
0.000682263
0.000671759
0.000660954
0.000649849
0.000638447
0.00062675
0.000614763
0.000602492
0.000589941
0.000577119
0.000564035
0.000550697
0.000537116
0.000523306
0.000509279
0.00049505
0.000480634
0.000466049
0.000451312
0.000436444
0.000421464
0.000406394
0.000391256
0.000376073
0.000360869
0.000345668
0.000330496
0.000315379
0.000300341
0.000285408
0.000270607
0.000255963
0.000704042
0.000694573
0.000684821
0.000674785
0.000664464
0.00065386
0.000642973
0.000631807
0.000620366
0.000608652
0.000596672
0.000584433
0.00057194
0.000559203
0.000546231
0.000533035
0.000519627
0.000506019
0.000492224
0.000478259
0.00046414
0.000449882
0.000435506
0.000421029
0.000406471
0.000391854
0.0003772
0.000362529
0.000347865
0.000333232
0.000318653
0.000304151
0.00028975
0.000275475
0.000261348
0.00069633
0.000686999
0.0006774
0.000667532
0.000657397
0.000646994
0.000636327
0.000625397
0.000614208
0.000602765
0.000591074
0.00057914
0.000566971
0.000554576
0.000541962
0.000529141
0.000516124
0.000502923
0.000489552
0.000476023
0.000462354
0.00044856
0.000434658
0.000420665
0.000406602
0.000392486
0.000378339
0.00036418
0.000350032
0.000335914
0.000321851
0.000307862
0.000293971
0.000280199
0.000266567
0.000688834
0.000679644
0.0006702
0.000660504
0.000650555
0.000640355
0.000629906
0.00061921
0.000608273
0.000597098
0.000585691
0.000574059
0.000562208
0.000550146
0.000537883
0.000525427
0.000512791
0.000499986
0.000487024
0.000473919
0.000460685
0.000447338
0.000433894
0.000420368
0.00040678
0.000393146
0.000379486
0.000365819
0.000352164
0.000338542
0.000324972
0.000311475
0.000298071
0.000284781
0.000271624
0.000681553
0.000672506
0.000663221
0.000653697
0.000643936
0.000633938
0.000623706
0.000613244
0.000602555
0.000591645
0.000580519
0.000569182
0.000557642
0.000545907
0.000533986
0.000521887
0.000509621
0.0004972
0.000484636
0.00047194
0.000459127
0.000446212
0.000433208
0.000420133
0.000407001
0.000393831
0.000380639
0.000367443
0.000354262
0.000341114
0.000328017
0.00031499
0.000302053
0.000289224
0.00027652
0.000674485
0.000665585
0.000656458
0.000647108
0.000637534
0.000627738
0.000617723
0.000607493
0.00059705
0.000586401
0.00057555
0.000564504
0.000553269
0.000541853
0.000530265
0.000518513
0.000506608
0.000494559
0.000482379
0.00047008
0.000457674
0.000445175
0.000432596
0.000419953
0.000407261
0.000394536
0.000381793
0.00036905
0.000356322
0.000343628
0.000330984
0.000318408
0.000305917
0.000293529
0.00028126
0.000667628
0.000658876
0.000649911
0.000640735
0.000631348
0.000621754
0.000611954
0.000601952
0.000591752
0.00058136
0.00057078
0.000560018
0.000549082
0.000537978
0.000526714
0.0005153
0.000503744
0.000492057
0.000480249
0.000468333
0.000456319
0.000444221
0.000432052
0.000419826
0.000407556
0.000395258
0.000382946
0.000370636
0.000358344
0.000346084
0.000333874
0.00032173
0.000309666
0.000297699
0.000285846
0.000660982
0.000652379
0.000643575
0.000634573
0.000625374
0.000615979
0.000606392
0.000596617
0.000586657
0.000576517
0.000566203
0.00055572
0.000545075
0.000534274
0.000523327
0.00051224
0.000501023
0.000489686
0.000478239
0.000466692
0.000455057
0.000443346
0.000431571
0.000419745
0.000407881
0.000395993
0.000384095
0.0003722
0.000360325
0.000348482
0.000336687
0.000324955
0.0003133
0.000301737
0.000290281
0.000654543
0.00064609
0.000637448
0.00062862
0.000619607
0.000610411
0.000601035
0.000591483
0.000581758
0.000571867
0.000561813
0.000551602
0.000541241
0.000530737
0.000520096
0.000509328
0.00049844
0.000487442
0.000476342
0.000465153
0.000453883
0.000442544
0.000431149
0.000419707
0.000408233
0.000396739
0.000385237
0.000373741
0.000362264
0.00035082
0.000339422
0.000328085
0.000316821
0.000305645
0.000294569
0.000648309
0.000640007
0.000631527
0.000622872
0.000614044
0.000605044
0.000595877
0.000586544
0.000577052
0.000567403
0.000557604
0.000547659
0.000537575
0.000527359
0.000517017
0.000506557
0.000495988
0.000485317
0.000474554
0.000463709
0.000452791
0.000441811
0.00043078
0.000419708
0.000408608
0.000397491
0.000386369
0.000375255
0.00036416
0.000353098
0.000342081
0.000331121
0.000320231
0.000309424
0.000298712
0.000642278
0.000634126
0.000625808
0.000617326
0.000608681
0.000599875
0.000590913
0.000581797
0.000572532
0.000563121
0.000553571
0.000543886
0.000534072
0.000524136
0.000514083
0.000503923
0.000493661
0.000483307
0.000472869
0.000462356
0.000451777
0.000441142
0.000430461
0.000419745
0.000409003
0.000398248
0.000387491
0.000376742
0.000366013
0.000355316
0.000344662
0.000334064
0.000323532
0.000313078
0.000302714
0.000636447
0.000628446
0.000620288
0.000611977
0.000603513
0.0005949
0.000586139
0.000577236
0.000568193
0.000559016
0.000549708
0.000540276
0.000530725
0.00052106
0.000511289
0.000501418
0.000491455
0.000481406
0.000471281
0.000461088
0.000450835
0.000440532
0.000430188
0.000419812
0.000409415
0.000399007
0.000388598
0.000378199
0.000367821
0.000357473
0.000347167
0.000336914
0.000326724
0.000316608
0.000306577
0.000630813
0.000622962
0.000614964
0.000606822
0.000598537
0.000590112
0.00058155
0.000572855
0.000564031
0.000555081
0.00054601
0.000536824
0.000527528
0.000518127
0.000508629
0.000499038
0.000489362
0.000479609
0.000469786
0.000459901
0.000449962
0.000439977
0.000429956
0.000419908
0.000409841
0.000399766
0.000389691
0.000379627
0.000369583
0.00035957
0.000349596
0.000339673
0.00032981
0.000320017
0.000310304
0.000625374
0.000617672
0.000609832
0.000601857
0.000593749
0.000585509
0.000577142
0.000568651
0.00056004
0.000551312
0.000542472
0.000533525
0.000524477
0.000515332
0.000506096
0.000496777
0.000487379
0.000477911
0.000468378
0.00045879
0.000449152
0.000439474
0.000429763
0.000420028
0.000410278
0.000400521
0.000390766
0.000381022
0.000371299
0.000361605
0.00035195
0.000342343
0.000332792
0.000323308
0.000313898
0.000620126
0.000612572
0.000604888
0.000597078
0.000589143
0.000581086
0.00057291
0.000564619
0.000556215
0.000547703
0.000539088
0.000530374
0.000521565
0.000512668
0.000503688
0.000494629
0.0004855
0.000476306
0.000467053
0.00045775
0.000448402
0.000439018
0.000429605
0.000420171
0.000410723
0.000401271
0.000391822
0.000382385
0.000372968
0.00036358
0.000354228
0.000344923
0.000335671
0.000326481
0.000317363
0.000615066
0.000607658
0.000600128
0.000592481
0.000584717
0.000576839
0.000568849
0.000560752
0.000552552
0.00054425
0.000535853
0.000527364
0.000518789
0.000510131
0.000501397
0.000492591
0.00048372
0.00047479
0.000465807
0.000456777
0.000447708
0.000438606
0.000429478
0.000420332
0.000411175
0.000402014
0.000392858
0.000383714
0.00037459
0.000365493
0.000356432
0.000347415
0.000338448
0.000329541
0.000320699
0.000610192
0.000602928
0.00059555
0.000588062
0.000580465
0.000572762
0.000564955
0.000557048
0.000549045
0.000540948
0.000532763
0.000524492
0.000516142
0.000507716
0.000499219
0.000490657
0.000482035
0.000473359
0.000464635
0.000455868
0.000447066
0.000438234
0.00042938
0.000420509
0.00041163
0.000402749
0.000393872
0.000385008
0.000376164
0.000367346
0.000358562
0.00034982
0.000341126
0.000332487
0.000323912
0.0006055
0.000598378
0.000591149
0.000583818
0.000576385
0.000568852
0.000561224
0.000553502
0.00054569
0.000537792
0.000529811
0.000521753
0.00051362
0.000505417
0.00049715
0.000488822
0.00048044
0.000472008
0.000463532
0.000455018
0.000446472
0.0004379
0.000429307
0.000420701
0.000412087
0.000403472
0.000394864
0.000386267
0.00037769
0.000369138
0.000360619
0.000352139
0.000343705
0.000335324
0.000327001
0.000600986
0.000594004
0.000586922
0.000579744
0.000572471
0.000565105
0.00055765
0.000550108
0.000542482
0.000534777
0.000526995
0.000519141
0.000511218
0.000503231
0.000495184
0.000487083
0.000478931
0.000470734
0.000462496
0.000454225
0.000445924
0.0004376
0.000429257
0.000420903
0.000412544
0.000404184
0.000395831
0.00038749
0.000379167
0.00037087
0.000362603
0.000354374
0.000346188
0.000338052
0.000329971
0.000596649
0.000589804
0.000582865
0.000575837
0.00056872
0.000561517
0.00055423
0.000546862
0.000539417
0.000531898
0.000524309
0.000516652
0.000508932
0.000501153
0.000493318
0.000485434
0.000477503
0.000469531
0.000461523
0.000453483
0.000445418
0.000437331
0.000429228
0.000421116
0.000412998
0.000404882
0.000396772
0.000388675
0.000380596
0.000372541
0.000364516
0.000356525
0.000348576
0.000340674
0.000332823
0.000592485
0.000585774
0.000578975
0.000572093
0.000565128
0.000558083
0.00055096
0.000543761
0.000536491
0.000529152
0.000521748
0.000514282
0.000506757
0.000499178
0.000491548
0.000483872
0.000476154
0.000468398
0.000460609
0.000452791
0.00044495
0.000437091
0.000429217
0.000421335
0.000413449
0.000405565
0.000397688
0.000389824
0.000381976
0.000374152
0.000366356
0.000358594
0.00035087
0.000343191
0.00033556
0.00058849
0.00058191
0.000575249
0.000568508
0.000561692
0.0005548
0.000547835
0.000540801
0.0005337
0.000526535
0.000519309
0.000512027
0.00050469
0.000497303
0.000489869
0.000482393
0.000474879
0.00046733
0.000459751
0.000452146
0.000444519
0.000436877
0.000429222
0.000421559
0.000413895
0.000406232
0.000398577
0.000390934
0.000383308
0.000375704
0.000368127
0.000360581
0.000353072
0.000345605
0.000338184
0.000584662
0.00057821
0.000571682
0.00056508
0.000558407
0.000551664
0.000544852
0.000537977
0.000531039
0.000524042
0.000516988
0.000509882
0.000502726
0.000495524
0.000488279
0.000480994
0.000473675
0.000466324
0.000458945
0.000451543
0.000444122
0.000436686
0.00042924
0.000421788
0.000414333
0.000406882
0.000399438
0.000392006
0.00038459
0.000377196
0.000369827
0.000362488
0.000355183
0.000347918
0.000340697
0.000580998
0.000574671
0.000568272
0.000561805
0.000555271
0.000548671
0.000542008
0.000535285
0.000528505
0.000521669
0.000514781
0.000507845
0.000500862
0.000493837
0.000486772
0.000479671
0.000472538
0.000465376
0.00045819
0.000450982
0.000443756
0.000436518
0.00042927
0.000422018
0.000414764
0.000407513
0.00040027
0.000393039
0.000385823
0.000378628
0.000371457
0.000364315
0.000357205
0.000350132
0.0003431
0.000577496
0.00057129
0.000565016
0.000558679
0.000552279
0.000545818
0.000539299
0.000532723
0.000526094
0.000519414
0.000512685
0.000505911
0.000499095
0.000492239
0.000485346
0.000478421
0.000471466
0.000464485
0.000457481
0.000450458
0.000443419
0.000436369
0.000429311
0.000422248
0.000415185
0.000408126
0.000401074
0.000394033
0.000387008
0.000380002
0.000373019
0.000366063
0.000359138
0.000352248
0.000345397
0.000574153
0.000568064
0.000561912
0.0005557
0.00054943
0.000543103
0.000536721
0.000530287
0.000523803
0.000517272
0.000510696
0.000504078
0.00049742
0.000490726
0.000483999
0.000477241
0.000470456
0.000463647
0.000456817
0.00044997
0.000443109
0.000436238
0.000429359
0.000422477
0.000415595
0.000408718
0.000401847
0.000394988
0.000388143
0.000381317
0.000374512
0.000367734
0.000360984
0.000354268
0.000347587
0.000570966
0.00056499
0.000558956
0.000552865
0.00054672
0.000540521
0.000534272
0.000527974
0.000521629
0.000515241
0.00050881
0.000502341
0.000495836
0.000489296
0.000482726
0.000476128
0.000469505
0.00046286
0.000456196
0.000449516
0.000442824
0.000436122
0.000429415
0.000422704
0.000415994
0.000409289
0.00040259
0.000395902
0.000389229
0.000382573
0.000375938
0.000369327
0.000362744
0.000356192
0.000349674
0.000567934
0.000562067
0.000556145
0.000550171
0.000544146
0.000538071
0.000531949
0.000525781
0.000519569
0.000513317
0.000507026
0.000500699
0.000494338
0.000487947
0.000481526
0.00047508
0.000468611
0.000462122
0.000455615
0.000449094
0.000442562
0.000436021
0.000429475
0.000422928
0.000416381
0.000409838
0.000403302
0.000396777
0.000390266
0.000383771
0.000377296
0.000370845
0.000364419
0.000358023
0.000351658
0.000565054
0.000559293
0.000553479
0.000547617
0.000541707
0.00053575
0.000529749
0.000523705
0.000517621
0.000511499
0.000505341
0.000499149
0.000492926
0.000486674
0.000480396
0.000474094
0.000467771
0.000461429
0.000455072
0.000448701
0.000442321
0.000435933
0.00042954
0.000423146
0.000416753
0.000410365
0.000403983
0.000397612
0.000391254
0.000384911
0.000378588
0.000372286
0.00036601
0.00035976
0.000353541
0.000562325
0.000556664
0.000550955
0.000545199
0.000539399
0.000533555
0.00052767
0.000521744
0.000515782
0.000509783
0.000503751
0.000497688
0.000491596
0.000485477
0.000479334
0.000473168
0.000466983
0.000460782
0.000454565
0.000448337
0.0004421
0.000435856
0.000429608
0.000423359
0.000417112
0.000410868
0.000404632
0.000398406
0.000392192
0.000385994
0.000379813
0.000373653
0.000367517
0.000361406
0.000355325
0.000559746
0.000554181
0.000548571
0.000542917
0.000537222
0.000531485
0.00052571
0.000519897
0.000514049
0.000508168
0.000502256
0.000496314
0.000490346
0.000484353
0.000478337
0.0004723
0.000466246
0.000460176
0.000454093
0.000447999
0.000441897
0.000435789
0.000429677
0.000423565
0.000417455
0.000411348
0.000405249
0.000399159
0.000393081
0.000387018
0.000380972
0.000374945
0.000368941
0.000362961
0.000357009
0.000557315
0.000551842
0.000546326
0.000540769
0.000535173
0.000529538
0.000523867
0.000518161
0.000512422
0.000506652
0.000500852
0.000495026
0.000489174
0.0004833
0.000477404
0.000471489
0.000465558
0.000459612
0.000453654
0.000447687
0.000441711
0.000435731
0.000429748
0.000423764
0.000417782
0.000411804
0.000405833
0.000399871
0.000393921
0.000387985
0.000382065
0.000376163
0.000370283
0.000364426
0.000358594
0.000555031
0.000549645
0.000544218
0.000538753
0.000533251
0.000527713
0.00052214
0.000516534
0.000510898
0.000505232
0.00049954
0.000493821
0.00048808
0.000482316
0.000476533
0.000470733
0.000464917
0.000459088
0.000453248
0.000447398
0.000441542
0.000435681
0.000429817
0.000423954
0.000418092
0.000412235
0.000406384
0.000400542
0.000394711
0.000388894
0.000383091
0.000377307
0.000371543
0.0003658
0.000360082
0.000552895
0.000547591
0.000542248
0.000536869
0.000531456
0.000526008
0.000520528
0.000515017
0.000509477
0.000503909
0.000498316
0.000492699
0.00048706
0.000481401
0.000475724
0.00047003
0.000464322
0.000458602
0.000452871
0.000447132
0.000441387
0.000435638
0.000429886
0.000424135
0.000418385
0.00041264
0.000406901
0.000401171
0.000395451
0.000389744
0.000384052
0.000378377
0.000372721
0.000367085
0.000361473
0.000550906
0.000545679
0.000540415
0.000535117
0.000529787
0.000524423
0.00051903
0.000513607
0.000508157
0.000502681
0.000497181
0.000491658
0.000486115
0.000480554
0.000474975
0.00046938
0.000463773
0.000458154
0.000452525
0.000446889
0.000441246
0.000435601
0.000429953
0.000424306
0.00041866
0.000413019
0.000407385
0.000401758
0.000396142
0.000390537
0.000384947
0.000379373
0.000373817
0.000368281
0.000362767
0.000549064
0.000543909
0.000538719
0.000533496
0.000528243
0.000522959
0.000517645
0.000512305
0.000506938
0.000501547
0.000496133
0.000490699
0.000485244
0.000479772
0.000474284
0.000468782
0.000463267
0.000457742
0.000452207
0.000446666
0.000441119
0.000435569
0.000430017
0.000424466
0.000418917
0.000413372
0.000407833
0.000402302
0.000396781
0.000391271
0.000385775
0.000380295
0.000374831
0.000369387
0.000363964
0.000547371
0.000542283
0.000537161
0.000532008
0.000526826
0.000521614
0.000516375
0.00051111
0.00050582
0.000500507
0.000495173
0.000489819
0.000484446
0.000479057
0.000473653
0.000468235
0.000462806
0.000457366
0.000451918
0.000446464
0.000441004
0.000435542
0.000430078
0.000424615
0.000419154
0.000413697
0.000408247
0.000402803
0.000397369
0.000391947
0.000386537
0.000381142
0.000375763
0.000370403
0.000365062
0.000545829
0.000540801
0.000535741
0.000530652
0.000525535
0.00052039
0.000515219
0.000510023
0.000504803
0.000499562
0.0004943
0.00048902
0.000483722
0.000478408
0.00047308
0.000467739
0.000462387
0.000457026
0.000451657
0.000446281
0.000440902
0.000435519
0.000430135
0.000424752
0.000419372
0.000413995
0.000408624
0.00040326
0.000397906
0.000392562
0.000387231
0.000381913
0.000376612
0.000371328
0.000366063
0.000544438
0.000539465
0.000534462
0.000529431
0.000524373
0.000519288
0.000514178
0.000509045
0.000503889
0.000498712
0.000493516
0.000488301
0.000483071
0.000477825
0.000472565
0.000467294
0.000462012
0.000456721
0.000451423
0.000446119
0.000440811
0.0004355
0.000430188
0.000424877
0.000419569
0.000414264
0.000408965
0.000403673
0.000398389
0.000393117
0.000387856
0.000382608
0.000377376
0.000372161
0.000366964
0.000543202
0.000538279
0.000533326
0.000528346
0.000523341
0.00051831
0.000513255
0.000508176
0.000503077
0.000497958
0.00049282
0.000487665
0.000482493
0.000477308
0.00047211
0.0004669
0.00046168
0.000456452
0.000451216
0.000445975
0.000440731
0.000435484
0.000430236
0.000424989
0.000419744
0.000414503
0.000409268
0.000404039
0.000398819
0.000393609
0.000388411
0.000383226
0.000378055
0.000372901
0.000367764
0.000542124
0.000537244
0.000532336
0.000527401
0.000522442
0.000517458
0.00051245
0.000507421
0.000502371
0.000497301
0.000492214
0.00048711
0.000481991
0.000476859
0.000471713
0.000466557
0.000461392
0.000456218
0.000451037
0.000445852
0.000440662
0.000435471
0.000430278
0.000425087
0.000419898
0.000414713
0.000409533
0.000404359
0.000399194
0.000394039
0.000388895
0.000383764
0.000378647
0.000373545
0.000368461
0.000541209
0.000536366
0.000531495
0.000526599
0.000521679
0.000516735
0.000511768
0.00050678
0.000501772
0.000496745
0.000491701
0.000486641
0.000481566
0.000476478
0.000471378
0.000466267
0.000461147
0.00045602
0.000450886
0.000445747
0.000440605
0.00043546
0.000430315
0.000425171
0.000420029
0.00041489
0.000409757
0.000404631
0.000399513
0.000394404
0.000389306
0.00038422
0.000379149
0.000374092
0.000369052
0.000540462
0.000535649
0.000530809
0.000525944
0.000521056
0.000516145
0.000511211
0.000506257
0.000501283
0.000496291
0.000491282
0.000486258
0.000481219
0.000476168
0.000471105
0.000466031
0.000460949
0.000455859
0.000450763
0.000445662
0.000440558
0.000435452
0.000430345
0.000425239
0.000420136
0.000415036
0.000409941
0.000404853
0.000399773
0.000394702
0.000389641
0.000384593
0.000379558
0.000374538
0.000369534
0.000539889
0.000535099
0.000530283
0.000525442
0.000520579
0.000515692
0.000510784
0.000505856
0.000500908
0.000495943
0.000490962
0.000485965
0.000480954
0.00047593
0.000470895
0.00046585
0.000460797
0.000455736
0.000450669
0.000445597
0.000440522
0.000435446
0.000430368
0.000425292
0.000420218
0.000415148
0.000410082
0.000405023
0.000399972
0.00039493
0.000389898
0.000384879
0.000379872
0.00037488
0.000369904
0.000539498
0.000534724
0.000529924
0.0005251
0.000520253
0.000515383
0.000510493
0.000505582
0.000500653
0.000495706
0.000490743
0.000485764
0.000480772
0.000475768
0.000470752
0.000465727
0.000460693
0.000455652
0.000450605
0.000445553
0.000440498
0.000435442
0.000430384
0.000425328
0.000420274
0.000415224
0.000410178
0.000405139
0.000400108
0.000395086
0.000390074
0.000385074
0.000380087
0.000375114
0.000370156
0.000539297
0.000534531
0.00052974
0.000524924
0.000520086
0.000515225
0.000510343
0.000505442
0.000500522
0.000495584
0.00049063
0.000485662
0.00048068
0.000475685
0.000470679
0.000465664
0.00046064
0.000455609
0.000450572
0.00044553
0.000440486
0.00043544
0.000430393
0.000425347
0.000420303
0.000415263
0.000410228
0.000405199
0.000400178
0.000395166
0.000390164
0.000385174
0.000380197
0.000375233
0.000370286
0.00017984
0.000160882
0.0001423
0.000124125
0.000106395
8.9151e-05
7.24284e-05
0.000187569
0.000169319
0.000151415
0.000133895
0.000116795
0.00010015
8.39924e-05
0.000195086
0.00017751
0.000160258
0.000143366
0.000126867
0.000110795
9.51789e-05
0.00020239
0.000185459
0.000168831
0.000152541
0.000136618
0.000121094
0.000105997
0.000209478
0.000193163
0.000177133
0.000161419
0.000146049
0.000131052
0.000116454
0.000216355
0.000200629
0.000185171
0.000170009
0.000155169
0.000140679
0.000126561
0.000223024
0.000207862
0.000192952
0.000178319
0.000163988
0.000149984
0.000136328
0.000229491
0.000214868
0.000200482
0.000186356
0.000172514
0.000158977
0.000145766
0.000235759
0.000221652
0.000207768
0.000194129
0.000180754
0.000167666
0.000154882
0.000241831
0.000228219
0.000214816
0.000201642
0.000188717
0.000176059
0.000163685
0.000247712
0.000234573
0.000221631
0.000208904
0.000196409
0.000184164
0.000172186
0.000253406
0.000240721
0.000228219
0.00021592
0.000203838
0.00019199
0.000180391
0.000258917
0.000246665
0.000234586
0.000222696
0.000211011
0.000199544
0.000188309
0.000264248
0.000252411
0.000240737
0.00022924
0.000217934
0.000206833
0.000195949
0.000269404
0.000257965
0.000246678
0.000235558
0.000224616
0.000213865
0.000203318
0.000274388
0.000263329
0.000252414
0.000241654
0.000231061
0.000220648
0.000210424
0.000279204
0.00026851
0.00025795
0.000247536
0.000237278
0.000227187
0.000217274
0.000283857
0.000273511
0.000263291
0.000253208
0.000243271
0.000233491
0.000223876
0.000288349
0.000278337
0.000268443
0.000258677
0.000249048
0.000239565
0.000230237
0.000292684
0.000282992
0.00027341
0.000263947
0.000254613
0.000245416
0.000236363
0.000296867
0.000287479
0.000278196
0.000269025
0.000259974
0.00025105
0.000242262
0.000300899
0.000291804
0.000282807
0.000273914
0.000265134
0.000256473
0.000247938
0.000304786
0.00029597
0.000287246
0.000278621
0.0002701
0.000261691
0.000253399
0.000308529
0.000299981
0.000291519
0.000283148
0.000274876
0.000266708
0.000258651
0.000312133
0.00030384
0.000295628
0.000287502
0.000279468
0.000271531
0.000263698
0.000315599
0.000307551
0.000299579
0.000291686
0.00028388
0.000276165
0.000268546
0.000318932
0.000311118
0.000303374
0.000295705
0.000288116
0.000280613
0.000273201
0.000322135
0.000314543
0.000307017
0.000299562
0.000292182
0.000284882
0.000277666
0.000325208
0.000317829
0.000310512
0.000303261
0.000296081
0.000288975
0.000281947
0.000328157
0.000320981
0.000313863
0.000306806
0.000299816
0.000292896
0.000286049
0.000330982
0.000323999
0.000317071
0.000310201
0.000303392
0.000296649
0.000289975
0.000333687
0.000326888
0.000320141
0.000313448
0.000306813
0.000300239
0.00029373
0.000336273
0.00032965
0.000323075
0.000316551
0.000310081
0.000303668
0.000297316
0.000338743
0.000332287
0.000325876
0.000319512
0.0003132
0.000306941
0.000300739
0.000341099
0.000334801
0.000328546
0.000322335
0.000316172
0.000310059
0.000304
0.000343342
0.000337194
0.000331087
0.000325021
0.000319001
0.000313027
0.000307103
0.000345474
0.000339469
0.000333502
0.000327574
0.000321688
0.000315846
0.000310051
0.000347497
0.000341627
0.000335792
0.000329994
0.000324236
0.000318519
0.000312846
0.000349412
0.00034367
0.00033796
0.000332285
0.000326647
0.000321048
0.000315491
0.000351221
0.000345598
0.000340006
0.000334447
0.000328923
0.000323435
0.000317987
0.000352923
0.000347413
0.000341931
0.000336481
0.000331064
0.000325682
0.000320336
0.000354521
0.000349116
0.000343738
0.00033839
0.000333073
0.000327789
0.000322539
0.000356014
0.000350707
0.000345426
0.000340173
0.000334949
0.000329757
0.000324597
0.000357402
0.000352186
0.000346995
0.000341831
0.000336694
0.000331587
0.00032651
0.000358686
0.000353554
0.000348446
0.000343363
0.000338307
0.000333279
0.00032828
0.000359865
0.000354811
0.000349779
0.000344771
0.000339788
0.000334832
0.000329904
0.000360938
0.000355954
0.000350991
0.000346052
0.000341136
0.000336246
0.000331382
0.000361905
0.000356984
0.000352083
0.000347205
0.00034235
0.000337519
0.000332713
0.000362763
0.000357898
0.000353053
0.000348229
0.000343427
0.000338648
0.000333895
0.00036351
0.000358694
0.000353897
0.00034912
0.000344365
0.000339633
0.000334924
0.000364144
0.000359369
0.000354613
0.000349877
0.000345161
0.000340467
0.000335797
0.000364662
0.000359921
0.000355198
0.000350494
0.00034581
0.000341149
0.000336509
0.000365058
0.000360343
0.000355645
0.000350967
0.000346308
0.000341671
0.000337055
0.000365329
0.000360631
0.000355951
0.00035129
0.000346648
0.000342027
0.000337428
0.000365468
0.000360779
0.000356108
0.000351455
0.000346822
0.00034221
0.000337619
5.62593e-05
4.06721e-05
2.56921e-05
1.13419e-05
-2.36017e-06
-1.54008e-05
-2.77652e-05
6.83524e-05
5.32561e-05
3.8727e-05
2.47864e-05
1.14512e-05
-1.26567e-06
-1.33532e-05
8.00467e-05
6.54227e-05
5.1329e-05
3.77846e-05
2.48055e-05
1.24044e-05
5.91254e-07
9.13509e-05
7.71802e-05
6.3505e-05
5.03433e-05
3.77106e-05
2.56192e-05
1.40794e-05
0.000102277
8.8545e-05
7.52757e-05
6.24865e-05
5.01921e-05
3.84046e-05
2.7134e-05
0.000112837
9.95287e-05
8.66527e-05
7.42255e-05
6.2261e-05
5.07708e-05
3.97646e-05
0.000123041
0.000110142
9.76462e-05
8.55704e-05
7.3927e-05
6.27274e-05
5.19807e-05
0.000132899
0.000120394
0.000108267
9.65315e-05
8.52006e-05
7.42846e-05
6.37923e-05
0.000142419
0.000130295
0.000118524
0.000107119
9.60923e-05
8.54529e-05
7.52099e-05
0.000151613
0.000139856
0.000128429
0.000117344
0.000106612
9.62426e-05
8.62436e-05
0.000160488
0.000149086
0.000137991
0.000127216
0.00011677
0.000106664
9.69035e-05
0.000169054
0.000157993
0.00014722
0.000136745
0.000126577
0.000116727
0.0001072
0.00017732
0.000166588
0.000156125
0.00014594
0.000136043
0.000126441
0.000117142
0.000185294
0.000174879
0.000164715
0.000154811
0.000145176
0.000135817
0.000126741
0.000192984
0.000182875
0.000173
0.000163368
0.000153987
0.000144864
0.000136005
0.000200399
0.000190585
0.000180989
0.00017162
0.000162485
0.000153591
0.000144944
0.000207547
0.000198017
0.00018869
0.000179575
0.000170678
0.000162007
0.000153566
0.000214436
0.000205178
0.000196111
0.000187242
0.000178576
0.000170121
0.000161882
0.000221072
0.000212077
0.000203261
0.000194629
0.000186187
0.000177942
0.000169898
0.000227463
0.000218721
0.000210146
0.000201743
0.000193519
0.000185477
0.000177624
0.000233615
0.000225118
0.000216776
0.000208594
0.000200579
0.000192735
0.000185066
0.000239536
0.000231274
0.000223155
0.000215187
0.000207375
0.000199722
0.000192233
0.000245232
0.000237195
0.000229293
0.000221531
0.000213914
0.000206446
0.000199132
0.000250709
0.000242889
0.000235194
0.000227631
0.000220203
0.000212915
0.000205769
0.000255973
0.000248361
0.000240866
0.000233494
0.000226249
0.000219134
0.000212152
0.000261028
0.000253617
0.000246315
0.000239127
0.000232058
0.00022511
0.000218287
0.000265882
0.000258662
0.000251546
0.000244535
0.000237636
0.000230849
0.00022418
0.000270539
0.000263503
0.000256564
0.000249725
0.000242988
0.000236358
0.000229837
0.000275003
0.000268144
0.000261376
0.0002547
0.000248121
0.000241641
0.000235264
0.00027928
0.000272591
0.000265986
0.000259468
0.00025304
0.000246705
0.000240465
0.000283373
0.000276846
0.000270398
0.000264032
0.000257749
0.000251553
0.000245447
0.000287288
0.000280916
0.000274618
0.000268397
0.000262253
0.000256192
0.000250213
0.000291027
0.000284804
0.00027865
0.000272567
0.000266558
0.000260624
0.000254769
0.000294595
0.000288514
0.000282497
0.000276547
0.000270666
0.000264855
0.000259118
0.000297996
0.00029205
0.000286164
0.00028034
0.000274581
0.000268889
0.000263265
0.000301231
0.000295414
0.000289653
0.00028395
0.000278308
0.000272729
0.000267214
0.000304305
0.00029861
0.000292967
0.00028738
0.000281849
0.000276378
0.000270966
0.000307219
0.00030164
0.000296111
0.000290633
0.000285208
0.000279839
0.000274526
0.000309977
0.000304507
0.000299085
0.000293711
0.000288387
0.000283115
0.000277896
0.000312579
0.000307214
0.000301892
0.000296616
0.000291388
0.000286208
0.000281078
0.000315028
0.000309761
0.000304534
0.000299351
0.000294212
0.00028912
0.000284074
0.000317325
0.000312149
0.000307013
0.000301916
0.000296862
0.000291852
0.000286885
0.000319471
0.000314381
0.000309328
0.000304313
0.000299338
0.000294405
0.000289513
0.000321467
0.000316456
0.000311481
0.000306542
0.000301641
0.000296779
0.000291957
0.000323311
0.000318375
0.000313472
0.000308604
0.000303771
0.000298975
0.000294218
0.000325005
0.000320137
0.0003153
0.000310496
0.000305727
0.000300992
0.000296294
0.000326547
0.00032174
0.000316964
0.000312219
0.000307507
0.000302829
0.000298185
0.000327935
0.000323184
0.000318462
0.000313771
0.000309111
0.000304483
0.000299888
0.000329167
0.000324466
0.000319793
0.000315148
0.000310534
0.000305951
0.0003014
0.00033024
0.000325582
0.000320951
0.000316348
0.000311775
0.000307231
0.000302718
0.00033115
0.000326529
0.000321934
0.000317366
0.000312827
0.000308316
0.000303836
0.000331893
0.000327302
0.000322736
0.000318197
0.000313685
0.000309202
0.000304748
0.000332463
0.000327894
0.000323351
0.000318834
0.000314344
0.000309881
0.000305447
0.000332851
0.000328299
0.000323771
0.000319269
0.000314793
0.000310345
0.000305925
0.000333051
0.000328506
0.000323986
0.000319492
0.000315024
0.000310583
0.00030617
-3.97237e-05
-5.12424e-05
-6.19874e-05
-7.19716e-05
-8.12022e-05
-8.96836e-05
-9.74257e-05
-0.000104443
-0.000110753
-0.000116375
-0.000121333
-0.000125652
-0.000129359
-0.000132484
-0.000135055
-0.000137104
-0.000138664
-0.000139765
-0.00014044
-0.000140719
-0.000140634
-0.000140213
-0.000139485
-2.50763e-05
-3.63832e-05
-4.69725e-05
-5.68441e-05
-6.60054e-05
-7.44621e-05
-8.22226e-05
-8.92992e-05
-9.57072e-05
-0.000101464
-0.000106591
-0.00011111
-0.000115046
-0.000118424
-0.000121272
-0.000123618
-0.000125491
-0.00012692
-0.000127933
-0.000128561
-0.000128831
-0.000128769
-0.000128403
-1.08949e-05
-2.19909e-05
-3.24157e-05
-4.21682e-05
-5.12526e-05
-5.9674e-05
-6.74399e-05
-7.45609e-05
-8.10504e-05
-8.69241e-05
-9.22001e-05
-9.68984e-05
-0.000101041
-0.000104651
-0.000107753
-0.000110372
-0.000112535
-0.000114269
-0.0001156
-0.000116554
-0.000117157
-0.000117435
-0.000117411
2.83663e-06
-8.04911e-06
-1.83069e-05
-2.79348e-05
-3.69349e-05
-4.53115e-05
-5.30711e-05
-6.02227e-05
-6.67781e-05
-7.2751e-05
-7.81576e-05
-8.30154e-05
-8.73441e-05
-9.11645e-05
-9.44987e-05
-9.73698e-05
-9.98016e-05
-0.000101818
-0.000103444
-0.000104703
-0.00010562
-0.000106217
-0.000106517
1.61317e-05
5.45373e-06
-4.63592e-06
-1.41348e-05
-2.30442e-05
-3.13673e-05
-3.91096e-05
-4.62791e-05
-5.28859e-05
-5.8942e-05
-6.44617e-05
-6.94605e-05
-7.3956e-05
-7.79668e-05
-8.15126e-05
-8.46144e-05
-8.72936e-05
-8.95721e-05
-9.14722e-05
-9.30164e-05
-9.42263e-05
-9.51228e-05
-9.57282e-05
2.89993e-05
1.85275e-05
8.60714e-06
-7.59113e-07
-9.57179e-06
-1.78335e-05
-2.55487e-05
-3.27243e-05
-3.9369e-05
-4.54934e-05
-5.11098e-05
-5.62322e-05
-6.08761e-05
-6.50581e-05
-6.87959e-05
-7.21083e-05
-7.50147e-05
-7.75351e-05
-7.96896e-05
-8.14988e-05
-8.29827e-05
-8.41603e-05
-8.50525e-05
4.14491e-05
3.11821e-05
2.1432e-05
1.22015e-05
3.49069e-06
-4.70238e-06
-1.23815e-05
-1.95523e-05
-2.62224e-05
-3.2401e-05
-3.8099e-05
-4.33286e-05
-4.81035e-05
-5.24386e-05
-5.63497e-05
-5.98538e-05
-6.29682e-05
-6.5711e-05
-6.81007e-05
-7.01561e-05
-7.18953e-05
-7.33359e-05
-7.44973e-05
5.34912e-05
4.34275e-05
3.38482e-05
2.47561e-05
1.61517e-05
8.03372e-06
3.99067e-07
-6.75701e-06
-1.3441e-05
-1.96608e-05
-2.54259e-05
-3.07473e-05
-3.56369e-05
-4.01081e-05
-4.41749e-05
-4.78525e-05
-5.11566e-05
-5.41036e-05
-5.67102e-05
-5.89934e-05
-6.09701e-05
-6.26562e-05
-6.40697e-05
6.51356e-05
5.52735e-05
4.58652e-05
3.69137e-05
2.84198e-05
2.03827e-05
1.28001e-05
5.66795e-06
-1.01914e-06
-7.26811e-06
-1.30872e-05
-1.84859e-05
-2.3475e-05
-2.80661e-05
-3.22719e-05
-3.6106e-05
-3.95824e-05
-4.2716e-05
-4.5522e-05
-4.80158e-05
-5.02127e-05
-5.21274e-05
-5.37765e-05
7.63924e-05
6.673e-05
5.74927e-05
4.86835e-05
4.03035e-05
3.23526e-05
2.48288e-05
1.7729e-05
1.10486e-05
4.78168e-06
-1.07899e-06
-6.5417e-06
-1.16159e-05
-1.63119e-05
-2.06411e-05
-2.46155e-05
-2.82479e-05
-3.15515e-05
-3.45401e-05
-3.72278e-05
-3.96284e-05
-4.17556e-05
-4.36243e-05
8.72716e-05
7.78068e-05
6.874e-05
6.00744e-05
5.18115e-05
4.39513e-05
3.64926e-05
2.94328e-05
2.27681e-05
1.64935e-05
1.06026e-05
5.08837e-06
-5.76175e-08
-4.84452e-06
-9.28238e-06
-1.3382e-05
-1.71547e-05
-2.06126e-05
-2.37681e-05
-2.66338e-05
-2.92224e-05
-3.15463e-05
-3.36193e-05
9.77833e-05
8.85137e-05
7.96167e-05
7.10957e-05
6.29523e-05
5.51869e-05
4.77988e-05
4.07859e-05
3.41451e-05
2.78722e-05
2.19617e-05
1.64074e-05
1.1202e-05
6.33731e-06
1.8045e-06
-2.40607e-06
-6.30462e-06
-9.90191e-06
-1.32091e-05
-1.62378e-05
-1.89994e-05
-2.15051e-05
-2.37677e-05
0.000107937
9.88602e-05
9.01321e-05
8.17563e-05
7.37345e-05
6.60674e-05
5.87548e-05
5.1795e-05
4.51856e-05
3.8923e-05
3.30025e-05
2.74187e-05
2.21653e-05
1.7235e-05
1.262e-05
8.31183e-06
4.30121e-06
5.78566e-07
-2.8662e-06
-6.0435e-06
-8.96367e-06
-1.1637e-05
-1.40749e-05
0.000117743
0.000108856
0.000100295
9.2065e-05
8.41664e-05
7.66007e-05
6.93678e-05
6.24667e-05
5.58954e-05
4.96508e-05
4.37292e-05
3.81257e-05
3.28348e-05
2.78502e-05
2.3165e-05
1.87716e-05
1.46618e-05
1.0827e-05
7.25809e-06
3.94577e-06
8.80663e-07
-1.94651e-06
-4.54631e-06
0.00012721
0.00011851
0.000110116
0.000102031
9.42564e-05
8.67944e-05
7.9645e-05
7.28075e-05
6.62803e-05
6.00609e-05
5.41461e-05
4.85318e-05
4.32132e-05
3.81848e-05
3.34404e-05
2.89734e-05
2.47764e-05
2.08418e-05
1.71615e-05
1.3727e-05
1.05299e-05
7.56187e-06
4.81324e-06
0.000136348
0.000127832
0.000119602
0.000111661
0.000104012
9.66563e-05
8.95936e-05
8.28239e-05
7.63462e-05
7.01583e-05
6.42576e-05
5.86407e-05
5.33033e-05
4.82406e-05
4.34474e-05
3.89175e-05
3.46447e-05
3.0622e-05
2.68421e-05
2.32976e-05
1.99808e-05
1.68842e-05
1.39991e-05
0.000145165
0.00013683
0.000128763
0.000120966
0.000113443
0.000106194
9.92204e-05
9.25223e-05
8.60987e-05
7.99481e-05
7.40681e-05
6.84559e-05
6.31079e-05
5.80199e-05
5.31873e-05
4.86047e-05
4.42665e-05
4.01665e-05
3.62984e-05
3.26553e-05
2.92304e-05
2.6017e-05
2.30071e-05
0.00015367
0.000145513
0.000137606
0.000129952
0.000122554
0.000115414
0.000108532
0.000101909
9.55436e-05
8.94353e-05
8.3582e-05
7.79813e-05
7.26302e-05
6.7525e-05
6.26617e-05
5.80357e-05
5.36418e-05
4.94748e-05
4.55289e-05
4.1798e-05
3.82761e-05
3.49569e-05
3.18335e-05
0.000161872
0.000153889
0.000146139
0.000138627
0.000131355
0.000124324
0.000117535
0.00011099
0.000104686
9.86249e-05
9.28036e-05
8.72206e-05
8.18731e-05
7.67583e-05
7.18724e-05
6.72115e-05
6.27712e-05
5.85466e-05
5.45327e-05
5.07241e-05
4.71154e-05
4.3701e-05
4.04746e-05
0.000169779
0.000161966
0.000154372
0.000146999
0.000139852
0.000132931
0.000126237
0.000119771
0.000113533
0.000107522
0.000101737
9.61774e-05
9.08399e-05
8.57222e-05
8.08212e-05
7.61334e-05
7.1655e-05
6.73817e-05
6.3309e-05
5.94322e-05
5.57464e-05
5.22467e-05
4.89274e-05
0.000177398
0.000169751
0.00016231
0.000155076
0.000148052
0.000141241
0.000134642
0.000128258
0.000122087
0.000116131
0.000110388
0.000104856
9.95337e-05
9.44194e-05
8.951e-05
8.48027e-05
8.02939e-05
7.59801e-05
7.18572e-05
6.79211e-05
6.41673e-05
6.05916e-05
5.71887e-05
0.000184737
0.000177253
0.000169961
0.000162863
0.000155962
0.00014926
0.000142758
0.000136457
0.000130357
0.000124457
0.000118759
0.000113259
0.000107958
0.000102852
9.7941e-05
9.32208e-05
8.8689e-05
8.43422e-05
8.01771e-05
7.61898e-05
7.23766e-05
6.87335e-05
6.52561e-05
0.000191803
0.000184478
0.000177332
0.000170369
0.000163589
0.000156996
0.00015059
0.000144373
0.000138345
0.000132505
0.000126855
0.000121392
0.000116115
0.000111024
0.000106116
0.000101389
9.68411e-05
9.24684e-05
8.82684e-05
8.42377e-05
8.0373e-05
7.66708e-05
7.31271e-05
0.000198603
0.000191433
0.000184431
0.000177599
0.000170939
0.000164454
0.000158145
0.000152013
0.000146058
0.00014028
0.00013468
0.000129257
0.00012401
0.000118937
0.000114038
0.00010931
0.000104751
0.000100359
9.61311e-05
9.20641e-05
8.81553e-05
8.44017e-05
8.07996e-05
0.000205144
0.000198125
0.000191263
0.00018456
0.000178019
0.000171641
0.000165428
0.00015938
0.0001535
0.000147786
0.000142239
0.000136859
0.000131644
0.000126595
0.000121709
0.000116985
0.000112421
0.000108015
0.000103765
9.96687e-05
9.57227e-05
9.19247e-05
8.82715e-05
0.000211432
0.00020456
0.000197834
0.000191258
0.000184833
0.000178561
0.000172443
0.000166481
0.000160676
0.000155027
0.000149535
0.0001442
0.000139022
0.000133999
0.00012913
0.000124415
0.000119851
0.000115437
0.000111171
0.000107051
0.000103074
9.92387e-05
9.55412e-05
0.000217474
0.000210744
0.000204152
0.000197699
0.000191388
0.00018522
0.000179198
0.000173321
0.000167591
0.000162008
0.000156573
0.000151286
0.000146146
0.000141152
0.000136305
0.000131602
0.000127043
0.000122626
0.00011835
0.000114211
0.00011021
0.000106342
0.000102607
0.000223274
0.000216684
0.000210221
0.000203889
0.00019769
0.000191625
0.000185696
0.000179903
0.000174249
0.000168733
0.000163356
0.000158118
0.000153019
0.000148058
0.000143235
0.000138549
0.000133999
0.000129583
0.0001253
0.000121149
0.000117128
0.000113235
0.000109467
0.00022884
0.000222384
0.000216047
0.000209833
0.000203743
0.000197779
0.000191942
0.000186234
0.000180655
0.000175207
0.000169889
0.000164701
0.000159645
0.000154719
0.000149923
0.000145257
0.000140719
0.000136308
0.000132024
0.000127865
0.000123829
0.000119915
0.000116121
0.000234176
0.00022785
0.000221636
0.000215536
0.000209553
0.000203688
0.000197942
0.000192317
0.000186813
0.000181432
0.000176174
0.000171038
0.000166026
0.000161137
0.000156371
0.000151727
0.000147205
0.000142803
0.000138521
0.000134358
0.000130312
0.000126382
0.000122566
0.000239288
0.000233087
0.000226992
0.000221004
0.000215125
0.000209356
0.0002037
0.000198156
0.000192727
0.000187413
0.000182215
0.000177132
0.000172165
0.000167315
0.000162581
0.000157962
0.000153458
0.000149068
0.000144792
0.000140629
0.000136577
0.000132635
0.000128803
0.000244179
0.0002381
0.00023212
0.00022624
0.000220462
0.000214788
0.000209219
0.000203756
0.000198401
0.000193154
0.000188015
0.000182986
0.000178065
0.000173255
0.000168554
0.000163962
0.000159479
0.000155104
0.000150837
0.000146677
0.000142623
0.000138674
0.000134829
0.000248856
0.000242894
0.000237025
0.000231249
0.00022557
0.000219988
0.000214504
0.000209121
0.000203838
0.000198657
0.000193578
0.000188602
0.000183729
0.000178959
0.000174293
0.00016973
0.00016527
0.000160913
0.000156657
0.000152504
0.00014845
0.000144497
0.000140643
0.000253321
0.000247472
0.00024171
0.000236036
0.000230452
0.000224959
0.000219559
0.000214253
0.000209041
0.000203925
0.000198906
0.000193983
0.000189158
0.00018443
0.0001798
0.000175267
0.000170832
0.000166494
0.000162253
0.000158108
0.000154058
0.000150104
0.000146245
0.000257579
0.000251839
0.00024618
0.000240604
0.000235112
0.000229706
0.000224387
0.000219156
0.000214014
0.000208962
0.000204002
0.000199132
0.000194354
0.000189668
0.000185075
0.000180574
0.000176165
0.000171848
0.000167623
0.000163489
0.000159447
0.000155495
0.000151632
0.000261634
0.000255998
0.000250438
0.000244956
0.000239553
0.000234231
0.000228991
0.000223833
0.00021876
0.000213771
0.000208868
0.000204051
0.00019932
0.000194677
0.00019012
0.000185651
0.00018127
0.000176976
0.000172768
0.000168648
0.000164614
0.000160667
0.000156805
0.000265489
0.000259952
0.000254488
0.000249096
0.000243779
0.000238538
0.000233373
0.000228287
0.00022328
0.000218353
0.000213506
0.000208741
0.000204057
0.000199456
0.000194937
0.000190501
0.000186148
0.000181877
0.000177689
0.000173584
0.000169561
0.00016562
0.00016176
0.000269146
0.000263705
0.000258331
0.000253027
0.000247792
0.000242628
0.000237537
0.00023252
0.000227577
0.00022271
0.000217918
0.000213204
0.000208567
0.000204007
0.000199526
0.000195123
0.000190798
0.000186552
0.000182385
0.000178296
0.000174285
0.000170352
0.000166498
0.000272608
0.000267259
0.000261972
0.00025675
0.000251594
0.000246505
0.000241485
0.000236534
0.000231653
0.000226844
0.000222106
0.000217441
0.000212849
0.000208331
0.000203887
0.000199517
0.000195222
0.000191001
0.000186854
0.000182783
0.000178786
0.000174863
0.000171015
0.000275878
0.000270615
0.000265411
0.000260268
0.000255188
0.00025017
0.000245218
0.00024033
0.00023551
0.000230756
0.000226071
0.000221454
0.000216906
0.000212429
0.000208021
0.000203684
0.000199417
0.000195222
0.000191097
0.000187044
0.000183062
0.00017915
0.00017531
0.000278958
0.000273776
0.000268651
0.000263583
0.000258574
0.000253625
0.000248737
0.000243911
0.000239147
0.000234448
0.000229812
0.000225242
0.000220737
0.000216299
0.000211927
0.000207623
0.000203385
0.000199215
0.000195113
0.000191078
0.000187111
0.000183212
0.000179381
0.000281848
0.000276743
0.000271692
0.000266696
0.000261754
0.00025687
0.000252043
0.000247275
0.000242567
0.000237918
0.000233331
0.000228806
0.000224343
0.000219942
0.000215606
0.000211332
0.000207123
0.000202979
0.000198898
0.000194883
0.000190932
0.000187046
0.000183224
0.000284549
0.000279517
0.000274536
0.000269606
0.000264729
0.000259906
0.000255137
0.000250424
0.000245768
0.000241168
0.000236627
0.000232144
0.000227721
0.000223358
0.000219055
0.000214812
0.000210631
0.000206511
0.000202453
0.000198456
0.000194521
0.000190649
0.000186838
0.000287062
0.000282098
0.000277182
0.000272316
0.000267499
0.000262733
0.000258018
0.000253357
0.00024875
0.000244197
0.000239699
0.000235257
0.000230872
0.000226544
0.000222273
0.00021806
0.000213906
0.00020981
0.000205773
0.000201795
0.000197876
0.000194017
0.000190218
0.000289387
0.000284486
0.000279631
0.000274823
0.000270062
0.000265349
0.000260686
0.000256074
0.000251512
0.000247003
0.000242546
0.000238142
0.000233793
0.000229498
0.000225258
0.000221073
0.000216945
0.000212872
0.000208856
0.000204896
0.000200994
0.000197148
0.00019336
0.000291522
0.00028668
0.000281881
0.000277127
0.000272417
0.000267755
0.000263139
0.000258571
0.000254053
0.000249584
0.000245165
0.000240798
0.000236482
0.000232218
0.000228007
0.000223849
0.000219745
0.000215694
0.000211698
0.000207756
0.000203869
0.000200037
0.00019626
0.000293467
0.000288678
0.00028393
0.000279225
0.000274564
0.000269946
0.000265374
0.000260848
0.000256369
0.000251938
0.000247554
0.00024322
0.000238935
0.0002347
0.000230516
0.000226383
0.000222302
0.000218272
0.000214295
0.00021037
0.000206498
0.000202678
0.000198913
0.000295218
0.000290478
0.000285777
0.000281117
0.000276498
0.000271922
0.000267389
0.000262901
0.000258458
0.00025406
0.000249709
0.000245405
0.000241149
0.000236941
0.000232781
0.000228671
0.000224611
0.000220601
0.000216641
0.000212731
0.000208873
0.000205066
0.000201311
0.000296774
0.000292076
0.000287417
0.000282797
0.000278216
0.000273677
0.00026918
0.000264725
0.000260314
0.000255947
0.000251625
0.000247348
0.000243118
0.000238934
0.000234797
0.000230707
0.000226666
0.000222673
0.00021873
0.000214835
0.000210989
0.000207194
0.000203448
0.000298129
0.000293469
0.000288846
0.000284261
0.000279714
0.000275208
0.000270741
0.000266316
0.000261933
0.000257593
0.000253296
0.000249044
0.000244836
0.000240673
0.000236556
0.000232485
0.000228461
0.000224484
0.000220554
0.000216672
0.000212838
0.000209053
0.000205316
0.000299279
0.000294651
0.000290059
0.000285504
0.000280986
0.000276507
0.000272067
0.000267667
0.000263308
0.000258991
0.000254716
0.000250484
0.000246295
0.000242151
0.000238051
0.000233996
0.000229986
0.000226023
0.000222105
0.000218235
0.000214411
0.000210635
0.000206906
0.000300218
0.000295616
0.000291049
0.000286518
0.000282024
0.000277567
0.000273149
0.00026877
0.000264431
0.000260133
0.000255876
0.00025166
0.000247488
0.000243358
0.000239272
0.000235231
0.000231233
0.000227281
0.000223374
0.000219513
0.000215697
0.000211928
0.000208206
0.000300938
0.000296356
0.000291808
0.000287296
0.00028282
0.000278381
0.000273979
0.000269616
0.000265292
0.000261008
0.000256765
0.000252563
0.000248403
0.000244285
0.00024021
0.000236178
0.00023219
0.000228247
0.000224347
0.000220493
0.000216685
0.000212922
0.000209205
0.000301429
0.000296861
0.000292327
0.000287827
0.000283363
0.000278936
0.000274546
0.000270194
0.000265881
0.000261607
0.000257373
0.00025318
0.000249028
0.000244918
0.00024085
0.000236826
0.000232844
0.000228907
0.000225013
0.000221164
0.00021736
0.000213601
0.000209887
0.000301681
0.00029712
0.000292593
0.0002881
0.000283642
0.000279221
0.000274837
0.00027049
0.000266182
0.000261914
0.000257685
0.000253496
0.000249349
0.000245243
0.000241179
0.000237158
0.00023318
0.000229245
0.000225355
0.000221508
0.000217706
0.000213949
0.000210238
)
;

boundaryField
{
    down
    {
        type            symmetryPlane;
    }
    right
    {
        type            fixedValue;
        value           nonuniform List<scalar> 0();
    }
    up
    {
        type            symmetryPlane;
    }
    left
    {
        type            zeroGradient;
    }
    cylinder
    {
        type            zeroGradient;
    }
    frontAndBack
    {
        type            empty;
    }
    procBoundary9to5
    {
        type            processor;
        value           nonuniform List<scalar> 
74
(
-0.000655282
-0.000617925
-0.000617925
-0.000625639
-0.000632081
-0.000636388
-0.000637576
-0.000635869
-0.000631631
-0.000625115
-0.000616554
-0.000606193
-0.000594274
-0.000581029
-0.000566681
-0.000551437
-0.00053549
-0.000519016
-0.00050218
-0.000485128
-0.000467991
-0.000450885
-0.000433908
-0.000417152
-0.000459113
-0.000497032
-0.00048417
-0.00048417
-0.000517481
-0.00054954
-0.000579692
-0.000606929
-0.000379717
-0.000419983
-0.00013393
-0.000180902
-0.00021982
-0.000259483
-0.000299536
-0.000299536
0.00110915
0.00110031
0.0010904
0.00107933
0.00106704
0.00105343
0.00103842
0.00102194
0.00100389
0.000984184
0.000962744
0.000939485
0.000914325
0.000887187
0.000858002
0.000826707
0.000793247
0.000757582
0.000719682
0.000679536
0.000637149
0.000592549
0.000545785
0.000496935
0.000446101
0.000393416
0.000339046
0.000283185
0.000226063
0.000167943
0.00010911
4.98267e-05
-9.17418e-06
-6.67082e-05
)
;
    }
    procBoundary9to8
    {
        type            processor;
        value           nonuniform List<scalar> 
75
(
0.00109388
0.00107163
0.00105021
0.00102962
0.00100981
0.000990789
0.000972516
0.000954974
0.000938138
0.000921985
0.00090649
0.000891631
0.000877382
0.000863721
0.000850624
0.000838069
0.000826034
0.000814497
0.000803438
0.000793054
0.000783193
0.00077354
0.000764099
0.000754871
0.000745858
0.000745858
0.000746688
0.000738005
0.000729533
0.000721274
0.000713226
0.000705392
0.000697769
0.000690358
0.000683157
0.000676166
0.000669382
0.000662805
0.000656431
0.00065026
0.000644289
0.000638515
0.000632935
0.000627548
0.000622351
0.00061734
0.000612513
0.000607867
0.000603399
0.000599106
0.000594986
0.000591035
0.000587252
0.000583633
0.000580177
0.000576881
0.000573743
0.000570762
0.000567935
0.000565263
0.000562743
0.000560375
0.000558159
0.000556095
0.000554183
0.000552426
0.000550824
0.000549379
0.000548095
0.000546975
0.000546024
0.000545248
0.000544652
0.000544245
0.000544036
)
;
    }
    procBoundary9to10
    {
        type            processor;
        value           nonuniform List<scalar> 
73
(
-0.000385241
-0.000369781
-0.000354379
-0.000339084
-0.000323932
-0.000308958
-0.000294187
-0.000279646
-0.000265352
-0.000251322
-0.000237569
-0.000224103
-0.000210931
-0.000198059
-0.00018549
-0.000173225
-0.000161266
-0.00014961
-0.000138487
-0.000127769
-0.000117121
-0.000106552
-9.60707e-05
-8.56852e-05
-7.54033e-05
-6.52324e-05
-5.518e-05
-4.5253e-05
-3.54584e-05
-2.58025e-05
-1.62916e-05
-6.93155e-06
2.27222e-06
1.13146e-05
2.0191e-05
2.88968e-05
3.7428e-05
4.57808e-05
5.39519e-05
6.1938e-05
6.97362e-05
7.73439e-05
8.47585e-05
9.19778e-05
9.89997e-05
0.000105822
0.000112444
0.000118863
0.000125077
0.000131085
0.000136886
0.000142477
0.000147858
0.000153026
0.000157981
0.000162719
0.000167239
0.000171539
0.000175616
0.000179467
0.000183089
0.000186477
0.000189629
0.000192538
0.000195199
0.000197606
0.000199752
0.000201628
0.000203224
0.00020453
0.000205533
0.000206219
0.000206571
)
;
    }
}


// ************************************************************************* //
