/*--------------------------------*- C++ -*----------------------------------*\
| =========                 |                                                 |
| \\      /  F ield         | OpenFOAM: The Open Source CFD Toolbox           |
|  \\    /   O peration     | Version:  2412                                  |
|   \\  /    A nd           | Website:  www.openfoam.com                      |
|    \\/     M anipulation  |                                                 |
\*---------------------------------------------------------------------------*/
FoamFile
{
    version     2.0;
    format      ascii;
    arch        "LSB;label=32;scalar=64";
    class       volScalarField;
    location    "3.5";
    object      p;
}
// * * * * * * * * * * * * * * * * * * * * * * * * * * * * * * * * * * * * * //

dimensions      [0 2 -2 0 0 0 0];

internalField   nonuniform List<scalar> 
5285
(
-4.92428e-05
-4.68384e-05
-4.45037e-05
-4.22393e-05
-4.00453e-05
-3.79216e-05
-3.5868e-05
-3.38843e-05
-3.197e-05
-3.01248e-05
-2.83481e-05
-2.66391e-05
-2.49973e-05
-2.34216e-05
-2.19112e-05
-2.04652e-05
-1.90823e-05
-1.77616e-05
-1.65017e-05
-1.53013e-05
-1.41592e-05
-1.30739e-05
-1.2044e-05
-1.10679e-05
-1.01442e-05
-9.27121e-06
-8.44727e-06
-7.67084e-06
-6.94012e-06
-6.25351e-06
-5.60918e-06
-5.00557e-06
-4.44068e-06
-3.91309e-06
-3.42073e-06
-2.96219e-06
-2.53534e-06
-2.13903e-06
-1.77063e-06
-1.42967e-06
-1.11304e-06
-8.20198e-07
-5.49035e-07
-2.97293e-07
-6.46584e-08
1.52124e-07
3.53644e-07
5.41682e-07
7.18922e-07
8.85427e-07
1.0449e-06
1.19756e-06
1.34658e-06
1.49277e-06
1.64139e-06
1.78406e-06
1.96009e-06
2.05202e-06
2.43324e-06
2.03289e-06
3.75963e-06
3.31374e-07
8.53375e-06
-6.73714e-06
2.01745e-05
-1.80252e-05
2.63267e-05
-5.49175e-06
-8.73655e-06
4.70553e-05
-4.8729e-05
-4.92224e-05
-4.68189e-05
-4.44851e-05
-4.22217e-05
-4.00285e-05
-3.79057e-05
-3.58529e-05
-3.387e-05
-3.19565e-05
-3.01121e-05
-2.8336e-05
-2.66278e-05
-2.49866e-05
-2.34116e-05
-2.19018e-05
-2.04563e-05
-1.90741e-05
-1.77538e-05
-1.64944e-05
-1.52946e-05
-1.41529e-05
-1.3068e-05
-1.20385e-05
-1.10629e-05
-1.01395e-05
-9.2669e-06
-8.44329e-06
-7.66717e-06
-6.93674e-06
-6.25041e-06
-5.60633e-06
-5.00295e-06
-4.4383e-06
-3.91091e-06
-3.41875e-06
-2.9604e-06
-2.53371e-06
-2.13756e-06
-1.7693e-06
-1.42847e-06
-1.11198e-06
-8.19236e-07
-5.48196e-07
-2.96534e-07
-6.40113e-08
1.52715e-07
3.54119e-07
5.42124e-07
7.19262e-07
8.85717e-07
1.04515e-06
1.1977e-06
1.34673e-06
1.49282e-06
1.64142e-06
1.78404e-06
1.95998e-06
2.05198e-06
2.43286e-06
2.03312e-06
3.75852e-06
3.32601e-07
8.53124e-06
-6.73512e-06
2.01731e-05
-1.8028e-05
2.6333e-05
-5.50001e-06
-8.73426e-06
4.70627e-05
-4.87485e-05
-4.91816e-05
-4.678e-05
-4.4448e-05
-4.21864e-05
-3.9995e-05
-3.78738e-05
-3.58227e-05
-3.38414e-05
-3.19295e-05
-3.00865e-05
-2.83119e-05
-2.66051e-05
-2.49652e-05
-2.33915e-05
-2.1883e-05
-2.04387e-05
-1.90575e-05
-1.77383e-05
-1.648e-05
-1.52811e-05
-1.41403e-05
-1.30564e-05
-1.20277e-05
-1.10528e-05
-1.01302e-05
-9.25827e-06
-8.43532e-06
-7.65982e-06
-6.92998e-06
-6.24419e-06
-5.60063e-06
-4.99772e-06
-4.43354e-06
-3.90655e-06
-3.4148e-06
-2.9568e-06
-2.53045e-06
-2.13462e-06
-1.76665e-06
-1.42608e-06
-1.10986e-06
-8.17322e-07
-5.46509e-07
-2.95032e-07
-6.27041e-08
1.53869e-07
3.55095e-07
5.42972e-07
7.19961e-07
8.86286e-07
1.04561e-06
1.19802e-06
1.34698e-06
1.49292e-06
1.64145e-06
1.78399e-06
1.95975e-06
2.05189e-06
2.43213e-06
2.03353e-06
3.7563e-06
3.35029e-07
8.52621e-06
-6.73108e-06
2.01704e-05
-1.80334e-05
2.63457e-05
-5.51652e-06
-8.72963e-06
4.70774e-05
-4.8787e-05
-4.91203e-05
-4.67215e-05
-4.43924e-05
-4.21334e-05
-3.99447e-05
-3.78261e-05
-3.57775e-05
-3.37985e-05
-3.18889e-05
-3.00482e-05
-2.82758e-05
-2.6571e-05
-2.49332e-05
-2.33614e-05
-2.18547e-05
-2.04121e-05
-1.90327e-05
-1.77151e-05
-1.64583e-05
-1.52608e-05
-1.41215e-05
-1.30388e-05
-1.20114e-05
-1.10377e-05
-1.01162e-05
-9.24532e-06
-8.42337e-06
-7.64879e-06
-6.91984e-06
-6.23486e-06
-5.59209e-06
-4.98988e-06
-4.42639e-06
-3.90002e-06
-3.40886e-06
-2.95141e-06
-2.52556e-06
-2.13021e-06
-1.76268e-06
-1.4225e-06
-1.10667e-06
-8.14458e-07
-5.43982e-07
-2.92788e-07
-6.07439e-08
1.55589e-07
3.56561e-07
5.44235e-07
7.21009e-07
8.87138e-07
1.0463e-06
1.1985e-06
1.34735e-06
1.49309e-06
1.64149e-06
1.78391e-06
1.9594e-06
2.05174e-06
2.43104e-06
2.03414e-06
3.753e-06
3.38629e-07
8.51874e-06
-6.72518e-06
2.01666e-05
-1.80419e-05
2.63652e-05
-5.54162e-06
-8.72268e-06
4.70998e-05
-4.88445e-05
-4.90387e-05
-4.66437e-05
-4.43182e-05
-4.20628e-05
-3.98776e-05
-3.77624e-05
-3.57171e-05
-3.37414e-05
-3.18349e-05
-2.99972e-05
-2.82277e-05
-2.65257e-05
-2.48905e-05
-2.33212e-05
-2.1817e-05
-2.03768e-05
-1.89996e-05
-1.76842e-05
-1.64294e-05
-1.52339e-05
-1.40964e-05
-1.30155e-05
-1.19897e-05
-1.10176e-05
-1.00975e-05
-9.22807e-06
-8.40744e-06
-7.6341e-06
-6.90632e-06
-6.22243e-06
-5.5807e-06
-4.97944e-06
-4.41687e-06
-3.89131e-06
-3.40096e-06
-2.94422e-06
-2.51906e-06
-2.12433e-06
-1.75739e-06
-1.41773e-06
-1.10242e-06
-8.10645e-07
-5.40614e-07
-2.89801e-07
-5.8132e-08
1.57874e-07
3.58516e-07
5.45913e-07
7.22405e-07
8.88273e-07
1.04722e-06
1.19915e-06
1.34783e-06
1.49332e-06
1.64154e-06
1.7838e-06
1.95894e-06
2.05152e-06
2.4296e-06
2.03491e-06
3.74865e-06
3.43271e-07
8.5091e-06
-6.71795e-06
2.01626e-05
-1.80549e-05
2.63929e-05
-5.57613e-06
-8.71387e-06
4.71319e-05
-4.89224e-05
-4.89366e-05
-4.65464e-05
-4.42255e-05
-4.19746e-05
-3.97938e-05
-3.76829e-05
-3.56417e-05
-3.367e-05
-3.17674e-05
-2.99334e-05
-2.81675e-05
-2.6469e-05
-2.48371e-05
-2.32711e-05
-2.17699e-05
-2.03327e-05
-1.89582e-05
-1.76455e-05
-1.63932e-05
-1.52002e-05
-1.4065e-05
-1.29863e-05
-1.19626e-05
-1.09924e-05
-1.00742e-05
-9.20652e-06
-8.38754e-06
-7.61575e-06
-6.88944e-06
-6.2069e-06
-5.56647e-06
-4.96639e-06
-4.40497e-06
-3.88044e-06
-3.39108e-06
-2.93525e-06
-2.51093e-06
-2.11698e-06
-1.75078e-06
-1.41177e-06
-1.09711e-06
-8.05886e-07
-5.36407e-07
-2.86074e-07
-5.487e-08
1.60724e-07
3.6096e-07
5.48005e-07
7.24148e-07
8.8969e-07
1.04835e-06
1.19997e-06
1.34842e-06
1.49361e-06
1.6416e-06
1.78366e-06
1.95837e-06
2.05124e-06
2.4278e-06
2.03588e-06
3.7432e-06
3.49114e-07
8.49698e-06
-6.70884e-06
2.01576e-05
-1.80711e-05
2.64278e-05
-5.61945e-06
-8.70266e-06
4.71721e-05
-4.90161e-05
-4.88143e-05
-4.64297e-05
-4.41144e-05
-4.18689e-05
-3.96933e-05
-3.75876e-05
-3.55513e-05
-3.35844e-05
-3.16865e-05
-2.9857e-05
-2.80954e-05
-2.6401e-05
-2.47732e-05
-2.32109e-05
-2.17135e-05
-2.02797e-05
-1.89087e-05
-1.75991e-05
-1.63499e-05
-1.51598e-05
-1.40274e-05
-1.29513e-05
-1.193e-05
-1.09623e-05
-1.00463e-05
-9.18068e-06
-8.36368e-06
-7.59375e-06
-6.86919e-06
-6.18829e-06
-5.54941e-06
-4.95076e-06
-4.3907e-06
-3.86741e-06
-3.37924e-06
-2.92448e-06
-2.50118e-06
-2.10817e-06
-1.74285e-06
-1.40463e-06
-1.09075e-06
-8.00183e-07
-5.31363e-07
-2.81607e-07
-5.09585e-08
1.64136e-07
3.6389e-07
5.5051e-07
7.26237e-07
8.91389e-07
1.04972e-06
1.20095e-06
1.34913e-06
1.49396e-06
1.64166e-06
1.7835e-06
1.95766e-06
2.05095e-06
2.42552e-06
2.03735e-06
3.73586e-06
3.57927e-07
8.47871e-06
-6.69115e-06
2.01409e-05
-1.80767e-05
2.64561e-05
-5.66483e-06
-8.68205e-06
4.71988e-05
-4.90941e-05
-4.86682e-05
-4.62903e-05
-4.39817e-05
-4.17427e-05
-3.95734e-05
-3.74737e-05
-3.54434e-05
-3.34823e-05
-3.15898e-05
-2.97657e-05
-2.80093e-05
-2.63199e-05
-2.46968e-05
-2.31391e-05
-2.16461e-05
-2.02165e-05
-1.88495e-05
-1.75438e-05
-1.62982e-05
-1.51116e-05
-1.39824e-05
-1.29095e-05
-1.18912e-05
-1.09263e-05
-1.00129e-05
-9.14982e-06
-8.3352e-06
-7.56748e-06
-6.84503e-06
-6.16606e-06
-5.52905e-06
-4.93209e-06
-4.37367e-06
-3.85185e-06
-3.3651e-06
-2.91163e-06
-2.48955e-06
-2.09764e-06
-1.73339e-06
-1.3961e-06
-1.08315e-06
-7.93376e-07
-5.25341e-07
-2.76278e-07
-4.62885e-08
1.68206e-07
3.6739e-07
5.53496e-07
7.28731e-07
8.93418e-07
1.05134e-06
1.20213e-06
1.34996e-06
1.49438e-06
1.64172e-06
1.7833e-06
1.95681e-06
2.05065e-06
2.42262e-06
2.0396e-06
3.72582e-06
3.71452e-07
8.45052e-06
-6.65805e-06
2.01014e-05
-1.80573e-05
2.64635e-05
-5.70569e-06
-8.64418e-06
4.7189e-05
-4.91256e-05
-4.84965e-05
-4.61266e-05
-4.38257e-05
-4.15943e-05
-3.94324e-05
-3.73399e-05
-3.53166e-05
-3.33622e-05
-3.14763e-05
-2.96584e-05
-2.79081e-05
-2.62245e-05
-2.4607e-05
-2.30548e-05
-2.15669e-05
-2.01422e-05
-1.87799e-05
-1.74787e-05
-1.62375e-05
-1.50549e-05
-1.39296e-05
-1.28604e-05
-1.18456e-05
-1.08839e-05
-9.97375e-06
-9.11357e-06
-8.30173e-06
-7.53661e-06
-6.81663e-06
-6.13995e-06
-5.50512e-06
-4.91015e-06
-4.35365e-06
-3.83357e-06
-3.34848e-06
-2.89653e-06
-2.47588e-06
-2.08528e-06
-1.72227e-06
-1.38609e-06
-1.07421e-06
-7.8538e-07
-5.18265e-07
-2.70018e-07
-4.08019e-08
1.72986e-07
3.71503e-07
5.57003e-07
7.31661e-07
8.95801e-07
1.05324e-06
1.20351e-06
1.35094e-06
1.49488e-06
1.6418e-06
1.78305e-06
1.95587e-06
2.0501e-06
2.41973e-06
2.04096e-06
3.71692e-06
3.81279e-07
8.42866e-06
-6.63753e-06
2.00806e-05
-1.80629e-05
2.64946e-05
-5.75844e-06
-8.61836e-06
4.72153e-05
-4.92082e-05
-4.83025e-05
-4.59417e-05
-4.36496e-05
-4.14268e-05
-3.92732e-05
-3.71889e-05
-3.51734e-05
-3.32266e-05
-3.13481e-05
-2.95374e-05
-2.77938e-05
-2.61169e-05
-2.45057e-05
-2.29595e-05
-2.14774e-05
-2.00584e-05
-1.87014e-05
-1.74053e-05
-1.61689e-05
-1.49909e-05
-1.38701e-05
-1.28049e-05
-1.17941e-05
-1.08362e-05
-9.9295e-06
-9.07264e-06
-8.26394e-06
-7.50176e-06
-6.78457e-06
-6.11047e-06
-5.4781e-06
-4.8854e-06
-4.33105e-06
-3.81294e-06
-3.32972e-06
-2.87949e-06
-2.46045e-06
-2.07133e-06
-1.70972e-06
-1.37478e-06
-1.06413e-06
-7.76357e-07
-5.10277e-07
-2.62953e-07
-3.46085e-08
1.78379e-07
3.76146e-07
5.60958e-07
7.34969e-07
8.9849e-07
1.05539e-06
1.20507e-06
1.35204e-06
1.49544e-06
1.64189e-06
1.78275e-06
1.95486e-06
2.04933e-06
2.41681e-06
2.04166e-06
3.70871e-06
3.88776e-07
8.41015e-06
-6.62346e-06
2.00679e-05
-1.80785e-05
2.65333e-05
-5.81413e-06
-8.59755e-06
4.72527e-05
-4.93064e-05
-4.80865e-05
-4.57357e-05
-4.34534e-05
-4.12402e-05
-3.9096e-05
-3.70206e-05
-3.50139e-05
-3.30756e-05
-3.12053e-05
-2.94025e-05
-2.76666e-05
-2.5997e-05
-2.43929e-05
-2.28535e-05
-2.13779e-05
-1.9965e-05
-1.8614e-05
-1.73235e-05
-1.60925e-05
-1.49197e-05
-1.38037e-05
-1.27432e-05
-1.17368e-05
-1.0783e-05
-9.88022e-06
-9.02706e-06
-8.22186e-06
-7.46295e-06
-6.74886e-06
-6.07765e-06
-5.44801e-06
-4.85783e-06
-4.30588e-06
-3.78997e-06
-3.30883e-06
-2.8605e-06
-2.44327e-06
-2.05579e-06
-1.69574e-06
-1.36219e-06
-1.05289e-06
-7.66309e-07
-5.0138e-07
-2.55087e-07
-2.77105e-08
1.84383e-07
3.81318e-07
5.65361e-07
7.38652e-07
9.01485e-07
1.05778e-06
1.20682e-06
1.35325e-06
1.49607e-06
1.64199e-06
1.78241e-06
1.95376e-06
2.0484e-06
2.41375e-06
2.04199e-06
3.70038e-06
3.9574e-07
8.39129e-06
-6.60904e-06
2.00524e-05
-1.809e-05
2.65656e-05
-5.86569e-06
-8.57465e-06
4.72791e-05
-4.93879e-05
-4.78485e-05
-4.55087e-05
-4.32373e-05
-4.10346e-05
-3.89006e-05
-3.68352e-05
-3.48382e-05
-3.29093e-05
-3.1048e-05
-2.92539e-05
-2.75264e-05
-2.58649e-05
-2.42686e-05
-2.27366e-05
-2.12682e-05
-1.98622e-05
-1.85177e-05
-1.72334e-05
-1.60084e-05
-1.48412e-05
-1.37306e-05
-1.26752e-05
-1.16736e-05
-1.07244e-05
-9.82594e-06
-8.97685e-06
-8.1755e-06
-7.4202e-06
-6.70952e-06
-6.04148e-06
-5.41486e-06
-4.82745e-06
-4.27815e-06
-3.76466e-06
-3.28581e-06
-2.83959e-06
-2.42433e-06
-2.03867e-06
-1.68033e-06
-1.34833e-06
-1.04051e-06
-7.55242e-07
-4.91577e-07
-2.46422e-07
-2.01111e-08
1.90995e-07
3.87017e-07
5.70209e-07
7.4271e-07
9.04784e-07
1.06041e-06
1.20874e-06
1.35459e-06
1.49677e-06
1.64209e-06
1.78201e-06
1.95257e-06
2.0473e-06
2.41054e-06
2.042e-06
3.69187e-06
4.02316e-07
8.37178e-06
-6.59378e-06
2.00335e-05
-1.80962e-05
2.65905e-05
-5.91256e-06
-8.54922e-06
4.72929e-05
-4.94483e-05
-4.75884e-05
-4.52608e-05
-4.30012e-05
-4.081e-05
-3.86873e-05
-3.66328e-05
-3.46464e-05
-3.27277e-05
-3.08763e-05
-2.90917e-05
-2.73734e-05
-2.57207e-05
-2.41329e-05
-2.26091e-05
-2.11484e-05
-1.97499e-05
-1.84125e-05
-1.71351e-05
-1.59165e-05
-1.47555e-05
-1.36507e-05
-1.26009e-05
-1.16046e-05
-1.06604e-05
-9.76667e-06
-8.92202e-06
-8.12488e-06
-7.37352e-06
-6.66657e-06
-6.002e-06
-5.37867e-06
-4.7943e-06
-4.24787e-06
-3.73702e-06
-3.26068e-06
-2.81676e-06
-2.40366e-06
-2.01997e-06
-1.66351e-06
-1.33319e-06
-1.02699e-06
-7.43161e-07
-4.80873e-07
-2.36963e-07
-1.18136e-08
1.98212e-07
3.93239e-07
5.75499e-07
7.4714e-07
9.08386e-07
1.06327e-06
1.21084e-06
1.35604e-06
1.49752e-06
1.6422e-06
1.78157e-06
1.95129e-06
2.04602e-06
2.40717e-06
2.04167e-06
3.68323e-06
4.08383e-07
8.3519e-06
-6.57824e-06
2.00121e-05
-1.80987e-05
2.66097e-05
-5.95576e-06
-8.52168e-06
4.72962e-05
-4.94894e-05
-4.73066e-05
-4.49921e-05
-4.27453e-05
-4.05667e-05
-3.84561e-05
-3.64134e-05
-3.44384e-05
-3.25308e-05
-3.06901e-05
-2.89159e-05
-2.72076e-05
-2.55644e-05
-2.39858e-05
-2.24708e-05
-2.10186e-05
-1.96282e-05
-1.82985e-05
-1.70285e-05
-1.58169e-05
-1.46626e-05
-1.35642e-05
-1.25204e-05
-1.15298e-05
-1.0591e-05
-9.70243e-06
-8.86261e-06
-8.07003e-06
-7.32293e-06
-6.62002e-06
-5.95922e-06
-5.33944e-06
-4.75837e-06
-4.21505e-06
-3.70708e-06
-3.23344e-06
-2.79201e-06
-2.38126e-06
-1.99972e-06
-1.64528e-06
-1.31679e-06
-1.01234e-06
-7.30071e-07
-4.69272e-07
-2.26715e-07
-2.82175e-09
2.06031e-07
3.99982e-07
5.81231e-07
7.5194e-07
9.12289e-07
1.06638e-06
1.21312e-06
1.3576e-06
1.49835e-06
1.64232e-06
1.78107e-06
1.94992e-06
2.04458e-06
2.40365e-06
2.04099e-06
3.67444e-06
4.13923e-07
8.33171e-06
-6.56256e-06
1.99885e-05
-1.8098e-05
2.66237e-05
-5.99578e-06
-8.49201e-06
4.72897e-05
-4.95119e-05
-4.7003e-05
-4.47027e-05
-4.24698e-05
-4.03046e-05
-3.82071e-05
-3.61772e-05
-3.42145e-05
-3.23188e-05
-3.04897e-05
-2.87266e-05
-2.7029e-05
-2.53962e-05
-2.38275e-05
-2.2322e-05
-2.08789e-05
-1.94972e-05
-1.81758e-05
-1.69137e-05
-1.57097e-05
-1.45626e-05
-1.34711e-05
-1.24338e-05
-1.14493e-05
-1.05163e-05
-9.63327e-06
-8.79864e-06
-8.01096e-06
-7.26847e-06
-6.5699e-06
-5.91315e-06
-5.2972e-06
-4.71968e-06
-4.17971e-06
-3.67484e-06
-3.20411e-06
-2.76537e-06
-2.35713e-06
-1.97791e-06
-1.62565e-06
-1.29913e-06
-9.96565e-07
-7.15979e-07
-4.5678e-07
-2.1568e-07
6.8606e-09
2.14448e-07
4.07243e-07
5.87401e-07
7.57107e-07
9.16492e-07
1.06971e-06
1.21558e-06
1.35928e-06
1.49923e-06
1.64245e-06
1.78053e-06
1.94846e-06
2.04296e-06
2.39997e-06
2.03998e-06
3.6655e-06
4.18961e-07
8.31116e-06
-6.54672e-06
1.99627e-05
-1.8094e-05
2.66326e-05
-6.0328e-06
-8.46004e-06
4.72732e-05
-4.95157e-05
-4.66778e-05
-4.43927e-05
-4.21746e-05
-4.00239e-05
-3.79405e-05
-3.59242e-05
-3.39748e-05
-3.20918e-05
-3.02751e-05
-2.85239e-05
-2.68377e-05
-2.5216e-05
-2.36579e-05
-2.21626e-05
-2.07292e-05
-1.93568e-05
-1.80444e-05
-1.67908e-05
-1.5595e-05
-1.44555e-05
-1.33713e-05
-1.2341e-05
-1.13631e-05
-1.04364e-05
-9.55921e-06
-8.73014e-06
-7.94771e-06
-7.21014e-06
-6.51623e-06
-5.86382e-06
-5.25197e-06
-4.67825e-06
-4.14186e-06
-3.64032e-06
-3.17269e-06
-2.73684e-06
-2.3313e-06
-1.95455e-06
-1.60463e-06
-1.28022e-06
-9.79667e-07
-7.00889e-07
-4.43402e-07
-2.03866e-07
1.72291e-08
2.2346e-07
4.15019e-07
5.94006e-07
7.62639e-07
9.20993e-07
1.07328e-06
1.21821e-06
1.36108e-06
1.50017e-06
1.64258e-06
1.77994e-06
1.9469e-06
2.04118e-06
2.39612e-06
2.03864e-06
3.65639e-06
4.23518e-07
8.29022e-06
-6.53068e-06
1.99347e-05
-1.8087e-05
2.66366e-05
-6.06695e-06
-8.42568e-06
4.72468e-05
-4.95012e-05
-4.6331e-05
-4.40622e-05
-4.186e-05
-3.97247e-05
-3.76563e-05
-3.56545e-05
-3.37192e-05
-3.18499e-05
-3.00463e-05
-2.83078e-05
-2.6634e-05
-2.5024e-05
-2.34772e-05
-2.19927e-05
-2.05698e-05
-1.92073e-05
-1.79044e-05
-1.66599e-05
-1.54726e-05
-1.43414e-05
-1.3265e-05
-1.22421e-05
-1.12713e-05
-1.03512e-05
-9.48029e-06
-8.65714e-06
-7.88031e-06
-7.14799e-06
-6.45904e-06
-5.81125e-06
-5.20376e-06
-4.63411e-06
-4.10153e-06
-3.60353e-06
-3.13921e-06
-2.70644e-06
-2.30376e-06
-1.92966e-06
-1.58222e-06
-1.26007e-06
-9.61655e-07
-6.84811e-07
-4.29143e-07
-1.91276e-07
2.82793e-08
2.33063e-07
4.23306e-07
6.01044e-07
7.68534e-07
9.2579e-07
1.07708e-06
1.22102e-06
1.36298e-06
1.50118e-06
1.64271e-06
1.77929e-06
1.94526e-06
2.03922e-06
2.39212e-06
2.03697e-06
3.6471e-06
4.27613e-07
8.26885e-06
-6.51443e-06
1.99044e-05
-1.80769e-05
2.66359e-05
-6.09843e-06
-8.38884e-06
4.72104e-05
-4.94689e-05
-4.59629e-05
-4.37114e-05
-4.1526e-05
-3.94071e-05
-3.73546e-05
-3.53683e-05
-3.3448e-05
-3.15932e-05
-2.98036e-05
-2.80786e-05
-2.64177e-05
-2.48202e-05
-2.32854e-05
-2.18125e-05
-2.04005e-05
-1.90486e-05
-1.77558e-05
-1.65209e-05
-1.53428e-05
-1.42204e-05
-1.31522e-05
-1.21372e-05
-1.11738e-05
-1.02608e-05
-9.39654e-06
-8.57967e-06
-7.80878e-06
-7.08203e-06
-6.39834e-06
-5.75547e-06
-5.1526e-06
-4.58726e-06
-4.05872e-06
-3.56448e-06
-3.10369e-06
-2.67417e-06
-2.27454e-06
-1.90325e-06
-1.55844e-06
-1.23869e-06
-9.42538e-07
-6.67749e-07
-4.1401e-07
-1.77916e-07
4.0006e-08
2.43252e-07
4.321e-07
6.08512e-07
7.74788e-07
9.30882e-07
1.08111e-06
1.224e-06
1.365e-06
1.50224e-06
1.64285e-06
1.7786e-06
1.94352e-06
2.0371e-06
2.38794e-06
2.03498e-06
3.63761e-06
4.31268e-07
8.24703e-06
-6.49795e-06
1.9872e-05
-1.80638e-05
2.66305e-05
-6.12744e-06
-8.34945e-06
4.71643e-05
-4.94195e-05
-4.55736e-05
-4.33403e-05
-4.11728e-05
-3.90713e-05
-3.70357e-05
-3.50657e-05
-3.31612e-05
-3.13217e-05
-2.95469e-05
-2.78362e-05
-2.61891e-05
-2.46048e-05
-2.30827e-05
-2.16219e-05
-2.02216e-05
-1.88809e-05
-1.75987e-05
-1.6374e-05
-1.52056e-05
-1.40924e-05
-1.3033e-05
-1.20263e-05
-1.10708e-05
-1.01652e-05
-9.30799e-06
-8.49778e-06
-7.73316e-06
-7.01231e-06
-6.33417e-06
-5.69649e-06
-5.09851e-06
-4.53773e-06
-4.01346e-06
-3.52321e-06
-3.06612e-06
-2.64006e-06
-2.24365e-06
-1.87533e-06
-1.5333e-06
-1.21609e-06
-9.22324e-07
-6.49713e-07
-3.98009e-07
-1.63793e-07
5.24042e-08
2.54024e-07
4.41398e-07
6.16406e-07
7.81398e-07
9.36265e-07
1.08536e-06
1.22715e-06
1.36712e-06
1.50337e-06
1.64299e-06
1.77785e-06
1.94169e-06
2.0348e-06
2.3836e-06
2.03268e-06
3.6279e-06
4.34505e-07
8.22471e-06
-6.48121e-06
1.98373e-05
-1.80478e-05
2.66207e-05
-6.15416e-06
-8.30743e-06
4.71084e-05
-4.93534e-05
-4.51633e-05
-4.29493e-05
-4.08006e-05
-3.87174e-05
-3.66995e-05
-3.47469e-05
-3.2859e-05
-3.10357e-05
-2.92765e-05
-2.75808e-05
-2.59481e-05
-2.43778e-05
-2.28691e-05
-2.14211e-05
-2.00332e-05
-1.87042e-05
-1.74332e-05
-1.62192e-05
-1.5061e-05
-1.39575e-05
-1.29074e-05
-1.19094e-05
-1.09622e-05
-1.00644e-05
-9.2147e-06
-8.41149e-06
-7.65348e-06
-6.93884e-06
-6.26655e-06
-5.63435e-06
-5.04151e-06
-4.48555e-06
-3.96576e-06
-3.47971e-06
-3.02654e-06
-2.60412e-06
-2.21109e-06
-1.8459e-06
-1.5068e-06
-1.19228e-06
-9.01023e-07
-6.30711e-07
-3.81148e-07
-1.48912e-07
6.54683e-08
2.65373e-07
4.51194e-07
6.24724e-07
7.88362e-07
9.41937e-07
1.08984e-06
1.23047e-06
1.36935e-06
1.50455e-06
1.64313e-06
1.77705e-06
1.93976e-06
2.03234e-06
2.37907e-06
2.03007e-06
3.61796e-06
4.37349e-07
8.20186e-06
-6.46417e-06
1.98004e-05
-1.8029e-05
2.66065e-05
-6.17875e-06
-8.2627e-06
4.70429e-05
-4.92713e-05
-4.4732e-05
-4.25384e-05
-4.04094e-05
-3.83455e-05
-3.63464e-05
-3.44118e-05
-3.25416e-05
-3.07352e-05
-2.89924e-05
-2.73125e-05
-2.56951e-05
-2.41394e-05
-2.26447e-05
-2.12102e-05
-1.98352e-05
-1.85185e-05
-1.72594e-05
-1.60566e-05
-1.49091e-05
-1.38158e-05
-1.27754e-05
-1.17866e-05
-1.08481e-05
-9.95863e-06
-9.11669e-06
-8.32084e-06
-7.56978e-06
-6.86166e-06
-6.19551e-06
-5.56908e-06
-4.98164e-06
-4.43073e-06
-3.91566e-06
-3.43403e-06
-2.98495e-06
-2.56636e-06
-2.17689e-06
-1.815e-06
-1.47896e-06
-1.16726e-06
-8.78642e-07
-6.10749e-07
-3.63433e-07
-1.3328e-07
7.91925e-08
2.77295e-07
4.61485e-07
6.33461e-07
7.95674e-07
9.47896e-07
1.09453e-06
1.23396e-06
1.37169e-06
1.50578e-06
1.64327e-06
1.77619e-06
1.93773e-06
2.0297e-06
2.37436e-06
2.02716e-06
3.60777e-06
4.39826e-07
8.17842e-06
-6.44679e-06
1.97612e-05
-1.80074e-05
2.65881e-05
-6.20139e-06
-8.21518e-06
4.69679e-05
-4.91736e-05
-4.428e-05
-4.21077e-05
-3.99996e-05
-3.79558e-05
-3.59763e-05
-3.40608e-05
-3.2209e-05
-3.04204e-05
-2.86948e-05
-2.70315e-05
-2.543e-05
-2.38896e-05
-2.24096e-05
-2.09893e-05
-1.96278e-05
-1.83241e-05
-1.70772e-05
-1.58863e-05
-1.475e-05
-1.36674e-05
-1.26371e-05
-1.1658e-05
-1.07286e-05
-9.84779e-06
-9.01402e-06
-8.22588e-06
-7.48209e-06
-6.78081e-06
-6.1211e-06
-5.50069e-06
-4.9189e-06
-4.3733e-06
-3.86317e-06
-3.38616e-06
-2.94139e-06
-2.5268e-06
-2.14106e-06
-1.78261e-06
-1.4498e-06
-1.14105e-06
-8.55193e-07
-5.89839e-07
-3.44873e-07
-1.16904e-07
9.35707e-08
2.89784e-07
4.72265e-07
6.42614e-07
8.03332e-07
9.5414e-07
1.09945e-06
1.23762e-06
1.37412e-06
1.50708e-06
1.64341e-06
1.77528e-06
1.9356e-06
2.0269e-06
2.36947e-06
2.02396e-06
3.5973e-06
4.41964e-07
8.15434e-06
-6.42901e-06
1.97198e-05
-1.79831e-05
2.65655e-05
-6.22224e-06
-8.16482e-06
4.68833e-05
-4.90606e-05
-4.38075e-05
-4.16576e-05
-3.95712e-05
-3.75486e-05
-3.55896e-05
-3.3694e-05
-3.18614e-05
-3.00915e-05
-2.83838e-05
-2.67378e-05
-2.51529e-05
-2.36286e-05
-2.2164e-05
-2.07584e-05
-1.9411e-05
-1.81208e-05
-1.68869e-05
-1.57083e-05
-1.45838e-05
-1.35123e-05
-1.24926e-05
-1.15236e-05
-1.06038e-05
-9.73196e-06
-8.90673e-06
-8.12665e-06
-7.39046e-06
-6.69632e-06
-6.04333e-06
-5.42923e-06
-4.85335e-06
-4.31329e-06
-3.80831e-06
-3.33614e-06
-2.89586e-06
-2.48546e-06
-2.10362e-06
-1.74878e-06
-1.41932e-06
-1.11367e-06
-8.30685e-07
-5.67988e-07
-3.25476e-07
-9.97913e-08
1.08596e-07
3.02836e-07
4.8353e-07
6.5218e-07
8.11333e-07
9.60665e-07
1.10458e-06
1.24144e-06
1.37666e-06
1.50842e-06
1.64355e-06
1.77431e-06
1.93338e-06
2.02393e-06
2.36439e-06
2.02047e-06
3.58655e-06
4.43793e-07
8.12957e-06
-6.41077e-06
1.96759e-05
-1.79559e-05
2.65389e-05
-6.24143e-06
-8.11151e-06
4.67892e-05
-4.89326e-05
-4.33147e-05
-4.11881e-05
-3.91244e-05
-3.71239e-05
-3.51863e-05
-3.33115e-05
-3.1499e-05
-2.97485e-05
-2.80595e-05
-2.64316e-05
-2.48641e-05
-2.33565e-05
-2.19079e-05
-2.05178e-05
-1.91851e-05
-1.7909e-05
-1.66885e-05
-1.55227e-05
-1.44105e-05
-1.33506e-05
-1.2342e-05
-1.13835e-05
-1.04736e-05
-9.61121e-06
-8.79488e-06
-8.02319e-06
-7.29492e-06
-6.60823e-06
-5.96225e-06
-5.35473e-06
-4.785e-06
-4.25072e-06
-3.75112e-06
-3.28399e-06
-2.84839e-06
-2.44236e-06
-2.06457e-06
-1.71349e-06
-1.38753e-06
-1.08512e-06
-8.05129e-07
-5.45206e-07
-3.0525e-07
-8.19489e-08
1.24263e-07
3.16444e-07
4.95275e-07
6.62153e-07
8.19671e-07
9.67468e-07
1.10992e-06
1.24542e-06
1.37931e-06
1.50982e-06
1.64368e-06
1.77329e-06
1.93105e-06
2.0208e-06
2.35911e-06
2.0167e-06
3.57549e-06
4.45346e-07
8.10404e-06
-6.39201e-06
1.96295e-05
-1.7926e-05
2.65083e-05
-6.25912e-06
-8.0552e-06
4.66856e-05
-4.87899e-05
-4.28017e-05
-4.06994e-05
-3.86594e-05
-3.66819e-05
-3.47667e-05
-3.29134e-05
-3.11219e-05
-2.93916e-05
-2.77221e-05
-2.6113e-05
-2.45636e-05
-2.30734e-05
-2.16415e-05
-2.02673e-05
-1.895e-05
-1.76886e-05
-1.64821e-05
-1.53297e-05
-1.42302e-05
-1.31824e-05
-1.21853e-05
-1.12377e-05
-1.03382e-05
-9.48557e-06
-8.6785e-06
-7.91556e-06
-7.19552e-06
-6.51658e-06
-5.87789e-06
-5.27721e-06
-4.71388e-06
-4.18562e-06
-3.6916e-06
-3.22973e-06
-2.799e-06
-2.39751e-06
-2.02395e-06
-1.67678e-06
-1.35446e-06
-1.05541e-06
-7.78536e-07
-5.21504e-07
-2.84204e-07
-6.33849e-08
1.40563e-07
3.30604e-07
5.07493e-07
6.7253e-07
8.28342e-07
9.74546e-07
1.11547e-06
1.24956e-06
1.38204e-06
1.51126e-06
1.64382e-06
1.77221e-06
1.92862e-06
2.01749e-06
2.35363e-06
2.01266e-06
3.56409e-06
4.46655e-07
8.0777e-06
-6.37265e-06
1.95807e-05
-1.78933e-05
2.64736e-05
-6.27542e-06
-7.99578e-06
4.65726e-05
-4.86326e-05
-4.22688e-05
-4.01919e-05
-3.81765e-05
-3.62229e-05
-3.43309e-05
-3.25001e-05
-3.07303e-05
-2.9021e-05
-2.73718e-05
-2.57822e-05
-2.42516e-05
-2.27794e-05
-2.13649e-05
-2.00073e-05
-1.87059e-05
-1.74597e-05
-1.62678e-05
-1.51292e-05
-1.40429e-05
-1.30078e-05
-1.20226e-05
-1.10863e-05
-1.01975e-05
-9.35512e-06
-8.55765e-06
-7.80379e-06
-7.0923e-06
-6.42141e-06
-5.79029e-06
-5.19671e-06
-4.64003e-06
-4.11802e-06
-3.6298e-06
-3.17339e-06
-2.74771e-06
-2.35094e-06
-1.98176e-06
-1.63866e-06
-1.32012e-06
-1.02456e-06
-7.50918e-07
-4.96891e-07
-2.62348e-07
-4.41074e-08
1.57489e-07
3.45308e-07
5.20179e-07
6.83306e-07
8.37344e-07
9.81896e-07
1.12123e-06
1.25385e-06
1.38488e-06
1.51276e-06
1.64394e-06
1.77106e-06
1.92609e-06
2.01402e-06
2.34795e-06
2.00835e-06
3.55234e-06
4.47756e-07
8.05046e-06
-6.3526e-06
1.95291e-05
-1.78577e-05
2.6435e-05
-6.29046e-06
-7.93318e-06
4.64501e-05
-4.84609e-05
-4.17163e-05
-3.96656e-05
-3.76758e-05
-3.5747e-05
-3.38791e-05
-3.20716e-05
-3.03243e-05
-2.86368e-05
-2.70086e-05
-2.54393e-05
-2.39282e-05
-2.24747e-05
-2.10782e-05
-1.97379e-05
-1.84529e-05
-1.72225e-05
-1.60457e-05
-1.49215e-05
-1.38489e-05
-1.28267e-05
-1.1854e-05
-1.09294e-05
-1.00518e-05
-9.2199e-06
-8.43239e-06
-7.68793e-06
-6.98531e-06
-6.32276e-06
-5.69948e-06
-5.11327e-06
-4.56347e-06
-4.04795e-06
-3.56574e-06
-3.11498e-06
-2.69454e-06
-2.30266e-06
-1.93803e-06
-1.59914e-06
-1.28451e-06
-9.92582e-07
-7.22288e-07
-4.71379e-07
-2.3969e-07
-2.41248e-08
1.75034e-07
3.6055e-07
5.33327e-07
6.94477e-07
8.4667e-07
9.89515e-07
1.1272e-06
1.2583e-06
1.38781e-06
1.5143e-06
1.64407e-06
1.76986e-06
1.92345e-06
2.01039e-06
2.34205e-06
2.00378e-06
3.54021e-06
4.48688e-07
8.02226e-06
-6.33177e-06
1.94748e-05
-1.78193e-05
2.63925e-05
-6.30436e-06
-7.86732e-06
4.63181e-05
-4.82747e-05
-4.11442e-05
-3.91208e-05
-3.71576e-05
-3.52545e-05
-3.34115e-05
-3.16282e-05
-2.99042e-05
-2.82393e-05
-2.66329e-05
-2.50845e-05
-2.35935e-05
-2.21594e-05
-2.07815e-05
-1.9459e-05
-1.81911e-05
-1.69771e-05
-1.58158e-05
-1.47065e-05
-1.3648e-05
-1.26394e-05
-1.16794e-05
-1.07671e-05
-9.90094e-06
-9.07998e-06
-8.30278e-06
-7.56805e-06
-6.8746e-06
-6.22069e-06
-5.60552e-06
-5.02693e-06
-4.48425e-06
-3.97543e-06
-3.49945e-06
-3.05454e-06
-2.63952e-06
-2.2527e-06
-1.89277e-06
-1.55825e-06
-1.24767e-06
-9.59491e-07
-6.92658e-07
-4.44978e-07
-2.16242e-07
-3.44561e-09
1.93191e-07
3.76325e-07
5.46931e-07
7.06038e-07
8.56317e-07
9.97397e-07
1.13336e-06
1.2629e-06
1.39084e-06
1.51589e-06
1.64418e-06
1.7686e-06
1.92071e-06
2.00659e-06
2.33594e-06
1.99897e-06
3.52768e-06
4.4949e-07
7.99301e-06
-6.31006e-06
1.94176e-05
-1.77778e-05
2.63459e-05
-6.3172e-06
-7.7981e-06
4.61766e-05
-4.80742e-05
-4.0553e-05
-3.85578e-05
-3.6622e-05
-3.47456e-05
-3.29284e-05
-3.117e-05
-2.94702e-05
-2.78286e-05
-2.62446e-05
-2.47179e-05
-2.32478e-05
-2.18337e-05
-2.0475e-05
-1.91709e-05
-1.79207e-05
-1.67235e-05
-1.55784e-05
-1.44844e-05
-1.34406e-05
-1.24459e-05
-1.14992e-05
-1.05993e-05
-9.74512e-06
-8.93542e-06
-8.16887e-06
-7.4442e-06
-6.76021e-06
-6.11522e-06
-5.50843e-06
-4.93772e-06
-4.4024e-06
-3.90051e-06
-3.43095e-06
-2.99209e-06
-2.58266e-06
-2.20109e-06
-1.84601e-06
-1.516e-06
-1.20959e-06
-9.253e-07
-6.6204e-07
-4.177e-07
-1.92013e-07
1.7921e-08
2.11949e-07
3.92624e-07
5.60985e-07
7.17983e-07
8.66281e-07
1.00554e-06
1.13972e-06
1.26765e-06
1.39395e-06
1.51752e-06
1.64429e-06
1.76728e-06
1.91786e-06
2.00262e-06
2.3296e-06
1.99392e-06
3.51472e-06
4.50204e-07
7.96262e-06
-6.28736e-06
1.93573e-05
-1.77333e-05
2.62954e-05
-6.3291e-06
-7.72543e-06
4.60256e-05
-4.78592e-05
-3.99428e-05
-3.79768e-05
-3.60693e-05
-3.42204e-05
-3.24299e-05
-3.06973e-05
-2.90224e-05
-2.74048e-05
-2.58441e-05
-2.43397e-05
-2.28911e-05
-2.14977e-05
-2.01588e-05
-1.88738e-05
-1.76417e-05
-1.64619e-05
-1.53334e-05
-1.42553e-05
-1.32266e-05
-1.22463e-05
-1.13132e-05
-1.04263e-05
-9.58436e-06
-8.78629e-06
-8.03072e-06
-7.31642e-06
-6.6422e-06
-6.00641e-06
-5.40827e-06
-4.84569e-06
-4.31796e-06
-3.82322e-06
-3.36028e-06
-2.92766e-06
-2.52401e-06
-2.14783e-06
-1.79776e-06
-1.4724e-06
-1.17031e-06
-8.90024e-07
-6.30449e-07
-3.89558e-07
-1.67015e-07
3.99657e-08
2.31302e-07
4.09442e-07
5.75482e-07
7.30308e-07
8.76555e-07
1.01394e-06
1.14628e-06
1.27255e-06
1.39716e-06
1.51919e-06
1.64438e-06
1.76589e-06
1.91489e-06
1.9985e-06
2.32304e-06
1.98864e-06
3.50131e-06
4.50873e-07
7.93102e-06
-6.26356e-06
1.92938e-05
-1.76855e-05
2.62407e-05
-6.34015e-06
-7.64923e-06
4.5865e-05
-4.76297e-05
-3.9314e-05
-3.73781e-05
-3.54999e-05
-3.36793e-05
-3.19163e-05
-3.02103e-05
-2.85611e-05
-2.69683e-05
-2.54315e-05
-2.39501e-05
-2.25237e-05
-2.11516e-05
-1.98331e-05
-1.85676e-05
-1.73544e-05
-1.61924e-05
-1.50811e-05
-1.40193e-05
-1.30061e-05
-1.20406e-05
-1.11216e-05
-1.02481e-05
-9.41875e-06
-8.63265e-06
-7.88839e-06
-7.18478e-06
-6.52062e-06
-5.89432e-06
-5.30507e-06
-4.75086e-06
-4.23095e-06
-3.74358e-06
-3.28747e-06
-2.86128e-06
-2.46358e-06
-2.09296e-06
-1.74805e-06
-1.42748e-06
-1.12984e-06
-8.53678e-07
-5.97899e-07
-3.60562e-07
-1.41258e-07
6.26789e-08
2.51241e-07
4.2677e-07
5.90415e-07
7.43007e-07
8.87135e-07
1.02259e-06
1.15303e-06
1.27758e-06
1.40045e-06
1.5209e-06
1.64447e-06
1.76445e-06
1.91182e-06
1.99421e-06
2.31624e-06
1.98313e-06
3.48741e-06
4.51543e-07
7.8981e-06
-6.23852e-06
1.92269e-05
-1.76345e-05
2.6182e-05
-6.35043e-06
-7.56941e-06
4.56948e-05
-4.73856e-05
-3.86668e-05
-3.67619e-05
-3.49138e-05
-3.31225e-05
-3.13877e-05
-2.97092e-05
-2.80864e-05
-2.65192e-05
-2.5007e-05
-2.35493e-05
-2.21457e-05
-2.07955e-05
-1.9498e-05
-1.82527e-05
-1.70587e-05
-1.59152e-05
-1.48214e-05
-1.37765e-05
-1.27793e-05
-1.1829e-05
-1.09244e-05
-1.00647e-05
-9.24836e-06
-8.47457e-06
-7.74195e-06
-7.04933e-06
-6.39552e-06
-5.77898e-06
-5.19889e-06
-4.6533e-06
-4.14143e-06
-3.66163e-06
-3.21255e-06
-2.79297e-06
-2.40139e-06
-2.0365e-06
-1.69689e-06
-1.38126e-06
-1.08819e-06
-8.16279e-07
-5.64404e-07
-3.30727e-07
-1.14753e-07
8.60505e-08
2.71756e-07
4.44601e-07
6.05778e-07
7.56074e-07
8.98017e-07
1.03149e-06
1.15997e-06
1.28276e-06
1.40383e-06
1.52264e-06
1.64454e-06
1.76293e-06
1.90863e-06
1.98976e-06
2.30921e-06
1.97742e-06
3.473e-06
4.52262e-07
7.86377e-06
-6.21211e-06
1.91564e-05
-1.758e-05
2.61191e-05
-6.36004e-06
-7.48588e-06
4.5515e-05
-4.71268e-05
-3.80015e-05
-3.61286e-05
-3.43115e-05
-3.25503e-05
-3.08446e-05
-2.91942e-05
-2.75986e-05
-2.60576e-05
-2.45707e-05
-2.31374e-05
-2.17572e-05
-2.04295e-05
-1.91537e-05
-1.7929e-05
-1.67549e-05
-1.56303e-05
-1.45547e-05
-1.35269e-05
-1.25462e-05
-1.16116e-05
-1.07219e-05
-9.87619e-06
-9.07326e-06
-8.31213e-06
-7.59146e-06
-6.91014e-06
-6.26697e-06
-5.66045e-06
-5.08977e-06
-4.55303e-06
-4.04943e-06
-3.57742e-06
-3.13556e-06
-2.72278e-06
-2.33748e-06
-1.97847e-06
-1.64432e-06
-1.33376e-06
-1.04538e-06
-7.77842e-07
-5.29979e-07
-3.00063e-07
-8.75137e-08
1.1007e-07
2.9284e-07
4.62927e-07
6.21563e-07
7.69504e-07
9.09196e-07
1.04064e-06
1.1671e-06
1.28807e-06
1.4073e-06
1.52443e-06
1.6446e-06
1.76136e-06
1.90532e-06
1.98514e-06
2.30192e-06
1.9715e-06
3.45806e-06
4.5308e-07
7.82793e-06
-6.1842e-06
1.90822e-05
-1.7522e-05
2.60519e-05
-6.36905e-06
-7.39855e-06
4.53255e-05
-4.68533e-05
-3.73183e-05
-3.54783e-05
-3.36931e-05
-3.19628e-05
-3.0287e-05
-2.86655e-05
-2.7098e-05
-2.55839e-05
-2.4123e-05
-2.27147e-05
-2.13585e-05
-2.0054e-05
-1.88003e-05
-1.75969e-05
-1.64431e-05
-1.5338e-05
-1.42809e-05
-1.32708e-05
-1.2307e-05
-1.13884e-05
-1.0514e-05
-9.68275e-06
-8.89354e-06
-8.14539e-06
-7.437e-06
-6.76727e-06
-6.13501e-06
-5.53878e-06
-4.97776e-06
-4.4501e-06
-3.95499e-06
-3.49097e-06
-3.05653e-06
-2.65071e-06
-2.27188e-06
-1.9189e-06
-1.59035e-06
-1.285e-06
-1.00144e-06
-7.38385e-07
-4.94639e-07
-2.68586e-07
-5.95506e-08
1.34728e-07
3.14481e-07
4.8174e-07
6.37764e-07
7.8329e-07
9.20666e-07
1.05002e-06
1.17441e-06
1.29352e-06
1.41084e-06
1.52624e-06
1.64465e-06
1.75971e-06
1.9019e-06
1.98037e-06
2.29439e-06
1.96539e-06
3.44254e-06
4.54048e-07
7.79046e-06
-6.15465e-06
1.9004e-05
-1.74602e-05
2.59804e-05
-6.37756e-06
-7.30735e-06
4.51263e-05
-4.65648e-05
-3.66178e-05
-3.48115e-05
-3.3059e-05
-3.13604e-05
-2.97154e-05
-2.81235e-05
-2.65846e-05
-2.50982e-05
-2.36639e-05
-2.22813e-05
-2.09498e-05
-1.96689e-05
-1.8438e-05
-1.72564e-05
-1.61234e-05
-1.50382e-05
-1.40002e-05
-1.30083e-05
-1.20618e-05
-1.11596e-05
-1.03008e-05
-9.48442e-06
-8.70927e-06
-7.97444e-06
-7.27862e-06
-6.62078e-06
-5.99971e-06
-5.41403e-06
-4.8629e-06
-4.34457e-06
-3.85816e-06
-3.40233e-06
-2.97549e-06
-2.57682e-06
-2.20461e-06
-1.85782e-06
-1.53501e-06
-1.23499e-06
-9.56379e-07
-6.97923e-07
-4.58401e-07
-2.36307e-07
-3.08765e-08
1.60013e-07
3.36672e-07
5.01031e-07
6.54374e-07
7.97427e-07
9.32422e-07
1.05964e-06
1.1819e-06
1.29909e-06
1.41447e-06
1.52809e-06
1.64468e-06
1.758e-06
1.89836e-06
1.97544e-06
2.28659e-06
1.9591e-06
3.42642e-06
4.5522e-07
7.75126e-06
-6.12329e-06
1.89217e-05
-1.73945e-05
2.59045e-05
-6.38564e-06
-7.2122e-06
4.49174e-05
-4.62613e-05
-3.59e-05
-3.41283e-05
-3.24095e-05
-3.07434e-05
-2.91298e-05
-2.75684e-05
-2.60588e-05
-2.46008e-05
-2.31938e-05
-2.18374e-05
-2.05312e-05
-1.92746e-05
-1.80669e-05
-1.69076e-05
-1.5796e-05
-1.47312e-05
-1.37127e-05
-1.27394e-05
-1.18106e-05
-1.09252e-05
-1.00825e-05
-9.28129e-06
-8.52054e-06
-7.79934e-06
-7.11641e-06
-6.47074e-06
-5.86113e-06
-5.28625e-06
-4.74526e-06
-4.23647e-06
-3.75897e-06
-3.31153e-06
-2.89248e-06
-2.50113e-06
-2.1357e-06
-1.79525e-06
-1.47832e-06
-1.18377e-06
-9.10222e-07
-6.56474e-07
-4.2128e-07
-2.03241e-07
-1.50454e-09
1.85913e-07
3.59403e-07
5.20792e-07
6.71385e-07
8.11908e-07
9.44459e-07
1.06949e-06
1.18956e-06
1.30479e-06
1.41817e-06
1.52997e-06
1.64469e-06
1.75623e-06
1.89469e-06
1.97035e-06
2.27853e-06
1.95263e-06
3.40968e-06
4.5665e-07
7.71021e-06
-6.08997e-06
1.8835e-05
-1.73249e-05
2.5824e-05
-6.39341e-06
-7.11302e-06
4.46988e-05
-4.59428e-05
-3.51655e-05
-3.34293e-05
-3.17448e-05
-3.0112e-05
-2.85306e-05
-2.70004e-05
-2.55209e-05
-2.40918e-05
-2.27128e-05
-2.13833e-05
-2.0103e-05
-1.88711e-05
-1.76873e-05
-1.65508e-05
-1.5461e-05
-1.44172e-05
-1.34185e-05
-1.24643e-05
-1.15536e-05
-1.06855e-05
-9.85907e-06
-9.07345e-06
-8.32744e-06
-7.62018e-06
-6.95043e-06
-6.31722e-06
-5.71932e-06
-5.1555e-06
-4.62488e-06
-4.12586e-06
-3.65748e-06
-3.21861e-06
-2.80753e-06
-2.42367e-06
-2.06518e-06
-1.73122e-06
-1.42031e-06
-1.13135e-06
-8.62988e-07
-6.14057e-07
-3.83293e-07
-1.69403e-07
2.85532e-08
2.12418e-07
3.82662e-07
5.41014e-07
6.88789e-07
8.26726e-07
9.56772e-07
1.07956e-06
1.1974e-06
1.31061e-06
1.42195e-06
1.53188e-06
1.64469e-06
1.75438e-06
1.8909e-06
1.96511e-06
2.2702e-06
1.94601e-06
3.39226e-06
4.58397e-07
7.6672e-06
-6.05453e-06
1.87436e-05
-1.7251e-05
2.5739e-05
-6.40096e-06
-7.00977e-06
4.44706e-05
-4.56092e-05
-3.12361e-06
-2.7207e-06
-2.34448e-06
-1.99309e-06
-1.66576e-06
-1.361e-06
-1.07776e-06
-8.14697e-07
-5.70691e-07
-3.44457e-07
-1.34807e-07
5.92832e-08
2.39516e-07
4.06441e-07
5.61689e-07
7.06579e-07
8.41873e-07
9.69356e-07
1.08985e-06
1.2054e-06
1.31655e-06
1.42581e-06
1.53382e-06
1.64466e-06
1.75247e-06
1.88699e-06
1.95971e-06
2.26159e-06
1.93924e-06
3.37415e-06
4.60518e-07
7.6221e-06
-6.0168e-06
1.86474e-05
-1.71727e-05
2.56493e-05
-6.4084e-06
-6.9024e-06
4.42329e-05
-4.52605e-05
-4.8814e-05
-4.64294e-05
-4.41141e-05
-4.18686e-05
-3.96931e-05
-3.75873e-05
-3.55511e-05
-3.35842e-05
-3.16863e-05
-2.98568e-05
-2.80952e-05
-2.64009e-05
-2.4773e-05
-2.32108e-05
-2.17133e-05
-2.02796e-05
-1.89085e-05
-1.75991e-05
-1.63498e-05
-1.51597e-05
-1.40273e-05
-1.29512e-05
-1.193e-05
-1.09622e-05
-1.00462e-05
-9.1806e-06
-8.36363e-06
-7.5937e-06
-6.86915e-06
-6.18828e-06
-5.54938e-06
-4.95079e-06
-4.39069e-06
-3.86742e-06
-3.37929e-06
-2.92444e-06
-2.50127e-06
-2.10814e-06
-1.74288e-06
-1.4047e-06
-1.09072e-06
-8.00305e-07
-5.31356e-07
-2.81749e-07
-5.09465e-08
1.6394e-07
3.63953e-07
5.50317e-07
7.26236e-07
8.9136e-07
1.04951e-06
1.20113e-06
1.34876e-06
1.49415e-06
1.6414e-06
1.78343e-06
1.9577e-06
2.05062e-06
2.4257e-06
2.03698e-06
3.73597e-06
3.57628e-07
8.47873e-06
-6.69142e-06
2.01409e-05
-1.8077e-05
2.6456e-05
-5.66492e-06
-8.68229e-06
4.7199e-05
-4.90946e-05
-4.89364e-05
-4.65461e-05
-4.42253e-05
-4.19744e-05
-3.97936e-05
-3.76827e-05
-3.56415e-05
-3.36698e-05
-3.17672e-05
-2.99333e-05
-2.81674e-05
-2.64688e-05
-2.4837e-05
-2.3271e-05
-2.17698e-05
-2.03326e-05
-1.89581e-05
-1.76454e-05
-1.63932e-05
-1.52001e-05
-1.40649e-05
-1.29862e-05
-1.19625e-05
-1.09924e-05
-1.00742e-05
-9.20645e-06
-8.3875e-06
-7.61571e-06
-6.88941e-06
-6.20689e-06
-5.56645e-06
-4.96643e-06
-4.40496e-06
-3.88046e-06
-3.39113e-06
-2.93521e-06
-2.511e-06
-2.11695e-06
-1.7508e-06
-1.41183e-06
-1.09709e-06
-8.05993e-07
-5.364e-07
-2.86202e-07
-5.48555e-08
1.60545e-07
3.61026e-07
5.47825e-07
7.24161e-07
8.89658e-07
1.04818e-06
1.20013e-06
1.34811e-06
1.49377e-06
1.64138e-06
1.7836e-06
1.9584e-06
2.05096e-06
2.42796e-06
2.03556e-06
3.7433e-06
3.48854e-07
8.497e-06
-6.70907e-06
2.01576e-05
-1.80713e-05
2.64277e-05
-5.61952e-06
-8.70287e-06
4.71723e-05
-4.90165e-05
-4.90385e-05
-4.66435e-05
-4.4318e-05
-4.20626e-05
-3.98774e-05
-3.77623e-05
-3.57169e-05
-3.37412e-05
-3.18348e-05
-2.99971e-05
-2.82275e-05
-2.65256e-05
-2.48904e-05
-2.33211e-05
-2.18169e-05
-2.03767e-05
-1.89995e-05
-1.76841e-05
-1.64293e-05
-1.52338e-05
-1.40963e-05
-1.30154e-05
-1.19896e-05
-1.10175e-05
-1.00975e-05
-9.22801e-06
-8.40741e-06
-7.63407e-06
-6.9063e-06
-6.22242e-06
-5.58067e-06
-4.97947e-06
-4.41686e-06
-3.89133e-06
-3.401e-06
-2.9442e-06
-2.51912e-06
-2.1243e-06
-1.75741e-06
-1.41778e-06
-1.1024e-06
-8.10735e-07
-5.40606e-07
-2.89908e-07
-5.81163e-08
1.57724e-07
3.58575e-07
5.45762e-07
7.2242e-07
8.88245e-07
1.04707e-06
1.19929e-06
1.34757e-06
1.49346e-06
1.64137e-06
1.78375e-06
1.95896e-06
2.05129e-06
2.42974e-06
2.03465e-06
3.74873e-06
3.43055e-07
8.50912e-06
-6.71814e-06
2.01626e-05
-1.80551e-05
2.63929e-05
-5.57619e-06
-8.71404e-06
4.71321e-05
-4.89227e-05
-4.91202e-05
-4.67214e-05
-4.43922e-05
-4.21332e-05
-3.99445e-05
-3.78259e-05
-3.57773e-05
-3.37984e-05
-3.18888e-05
-3.00481e-05
-2.82757e-05
-2.6571e-05
-2.49331e-05
-2.33613e-05
-2.18546e-05
-2.04121e-05
-1.90326e-05
-1.77151e-05
-1.64582e-05
-1.52608e-05
-1.41214e-05
-1.30388e-05
-1.20114e-05
-1.10377e-05
-1.01162e-05
-9.24528e-06
-8.42335e-06
-7.64876e-06
-6.91982e-06
-6.23485e-06
-5.59207e-06
-4.9899e-06
-4.42638e-06
-3.90003e-06
-3.40889e-06
-2.95139e-06
-2.52561e-06
-2.13019e-06
-1.7627e-06
-1.42254e-06
-1.10665e-06
-8.14529e-07
-5.43973e-07
-2.92873e-07
-6.07274e-08
1.55468e-07
3.56613e-07
5.44112e-07
7.21026e-07
8.87114e-07
1.04619e-06
1.19861e-06
1.34714e-06
1.4932e-06
1.64136e-06
1.78387e-06
1.95942e-06
2.05156e-06
2.43115e-06
2.03393e-06
3.75306e-06
3.38457e-07
8.51876e-06
-6.72533e-06
2.01666e-05
-1.80421e-05
2.63652e-05
-5.54167e-06
-8.72281e-06
4.70999e-05
-4.88447e-05
-4.91815e-05
-4.67799e-05
-4.44479e-05
-4.21862e-05
-3.99949e-05
-3.78737e-05
-3.58226e-05
-3.38413e-05
-3.19294e-05
-3.00864e-05
-2.83119e-05
-2.6605e-05
-2.49652e-05
-2.33914e-05
-2.18829e-05
-2.04386e-05
-1.90575e-05
-1.77383e-05
-1.64799e-05
-1.52811e-05
-1.41403e-05
-1.30563e-05
-1.20277e-05
-1.10528e-05
-1.01302e-05
-9.25823e-06
-8.4353e-06
-7.6598e-06
-6.92996e-06
-6.24418e-06
-5.60062e-06
-4.99774e-06
-4.43353e-06
-3.90656e-06
-3.41482e-06
-2.95679e-06
-2.53049e-06
-2.13461e-06
-1.76666e-06
-1.42611e-06
-1.10984e-06
-8.17374e-07
-5.46501e-07
-2.95095e-07
-6.26875e-08
1.53778e-07
3.55139e-07
5.42877e-07
7.19979e-07
8.86266e-07
1.04553e-06
1.1981e-06
1.34683e-06
1.493e-06
1.64136e-06
1.78396e-06
1.95976e-06
2.05176e-06
2.43221e-06
2.03339e-06
3.75635e-06
3.34902e-07
8.52623e-06
-6.73119e-06
2.01704e-05
-1.80335e-05
2.63457e-05
-5.51656e-06
-8.72972e-06
4.70775e-05
-4.87872e-05
-4.92224e-05
-4.68189e-05
-4.44851e-05
-4.22216e-05
-4.00285e-05
-3.79056e-05
-3.58529e-05
-3.38699e-05
-3.19565e-05
-3.0112e-05
-2.8336e-05
-2.66277e-05
-2.49865e-05
-2.34115e-05
-2.19018e-05
-2.04563e-05
-1.9074e-05
-1.77538e-05
-1.64944e-05
-1.52946e-05
-1.41529e-05
-1.3068e-05
-1.20385e-05
-1.10629e-05
-1.01395e-05
-9.26688e-06
-8.44328e-06
-7.66715e-06
-6.93673e-06
-6.2504e-06
-5.60632e-06
-5.00296e-06
-4.4383e-06
-3.91092e-06
-3.41877e-06
-2.96039e-06
-2.53373e-06
-2.13756e-06
-1.76931e-06
-1.42849e-06
-1.11197e-06
-8.19268e-07
-5.48187e-07
-2.96574e-07
-6.39958e-08
1.52655e-07
3.54154e-07
5.42058e-07
7.19281e-07
8.85702e-07
1.04509e-06
1.19776e-06
1.34663e-06
1.49286e-06
1.64136e-06
1.78402e-06
1.95998e-06
2.0519e-06
2.43291e-06
2.03303e-06
3.75855e-06
3.3252e-07
8.53126e-06
-6.73519e-06
2.01731e-05
-1.8028e-05
2.6333e-05
-5.50003e-06
-8.73432e-06
4.70628e-05
-4.87486e-05
-4.92428e-05
-4.68384e-05
-4.45037e-05
-4.22393e-05
-4.00453e-05
-3.79216e-05
-3.5868e-05
-3.38842e-05
-3.197e-05
-3.01248e-05
-2.83481e-05
-2.66391e-05
-2.49972e-05
-2.34216e-05
-2.19112e-05
-2.04652e-05
-1.90823e-05
-1.77616e-05
-1.65016e-05
-1.53013e-05
-1.41592e-05
-1.30739e-05
-1.2044e-05
-1.10679e-05
-1.01442e-05
-9.2712e-06
-8.44727e-06
-7.67084e-06
-6.94012e-06
-6.25351e-06
-5.60918e-06
-5.00557e-06
-4.44068e-06
-3.9131e-06
-3.42074e-06
-2.96219e-06
-2.53535e-06
-2.13903e-06
-1.77063e-06
-1.42968e-06
-1.11304e-06
-8.2021e-07
-5.49033e-07
-2.97308e-07
-6.46518e-08
1.521e-07
3.53659e-07
5.41655e-07
7.18931e-07
8.85421e-07
1.04488e-06
1.19758e-06
1.34655e-06
1.49279e-06
1.64137e-06
1.78406e-06
1.96009e-06
2.05199e-06
2.43326e-06
2.03287e-06
3.75964e-06
3.31344e-07
8.53376e-06
-6.73716e-06
2.01745e-05
-1.80253e-05
2.63266e-05
-5.49176e-06
-8.73657e-06
4.70554e-05
-4.87291e-05
-3.51642e-05
-3.34281e-05
-3.17436e-05
-3.01109e-05
-2.85295e-05
-2.69993e-05
-2.55198e-05
-2.40908e-05
-2.27118e-05
-2.13824e-05
-2.01021e-05
-1.88703e-05
-1.76865e-05
-1.65501e-05
-1.54603e-05
-1.44165e-05
-1.34179e-05
-1.24637e-05
-1.1553e-05
-1.06849e-05
-9.85857e-06
-9.07295e-06
-8.32698e-06
-7.61971e-06
-6.95e-06
-6.31679e-06
-5.7189e-06
-5.15518e-06
-4.62451e-06
-4.1256e-06
-3.65726e-06
-3.21836e-06
-2.80743e-06
-2.42353e-06
-2.06516e-06
-1.73119e-06
-1.42035e-06
-1.13144e-06
-8.63051e-07
-6.14253e-07
-3.83375e-07
-1.69617e-07
2.84305e-08
2.12257e-07
3.82409e-07
5.40883e-07
6.88493e-07
8.2643e-07
9.56371e-07
1.07931e-06
1.19678e-06
1.31029e-06
1.42141e-06
1.53139e-06
1.64406e-06
1.75392e-06
1.89046e-06
1.96442e-06
2.2699e-06
1.94522e-06
3.39196e-06
4.57301e-07
-3.58988e-05
-3.41272e-05
-3.24083e-05
-3.07423e-05
-2.91287e-05
-2.75673e-05
-2.60578e-05
-2.45998e-05
-2.31928e-05
-2.18365e-05
-2.05303e-05
-1.92737e-05
-1.80661e-05
-1.69069e-05
-1.57953e-05
-1.47306e-05
-1.37121e-05
-1.27388e-05
-1.181e-05
-1.09247e-05
-1.0082e-05
-9.2808e-06
-8.52009e-06
-7.79888e-06
-7.11599e-06
-6.47033e-06
-5.86071e-06
-5.28594e-06
-4.74489e-06
-4.23622e-06
-3.75875e-06
-3.3113e-06
-2.89236e-06
-2.501e-06
-2.13567e-06
-1.79522e-06
-1.47836e-06
-1.18385e-06
-9.10283e-07
-6.56672e-07
-4.21347e-07
-2.03472e-07
-1.60797e-09
1.85736e-07
3.59168e-07
5.20645e-07
6.71106e-07
8.11612e-07
9.44064e-07
1.06925e-06
1.18895e-06
1.30449e-06
1.41761e-06
1.52954e-06
1.64407e-06
1.75578e-06
1.89427e-06
1.96966e-06
2.27825e-06
1.95184e-06
3.40937e-06
4.55606e-07
7.71008e-06
-6.09156e-06
1.88353e-05
-1.73268e-05
2.58241e-05
-6.39379e-06
-7.1154e-06
4.47018e-05
-4.59477e-05
-3.66166e-05
-3.48103e-05
-3.30579e-05
-3.13593e-05
-2.97143e-05
-2.81225e-05
-2.65836e-05
-2.50972e-05
-2.3663e-05
-2.22804e-05
-2.09489e-05
-1.96681e-05
-1.84372e-05
-1.72556e-05
-1.61227e-05
-1.50376e-05
-1.39996e-05
-1.30077e-05
-1.20612e-05
-1.11591e-05
-1.03003e-05
-9.48394e-06
-8.70884e-06
-7.97399e-06
-7.27822e-06
-6.62038e-06
-5.9993e-06
-5.41374e-06
-4.86253e-06
-4.34434e-06
-3.85793e-06
-3.40212e-06
-2.97537e-06
-2.57671e-06
-2.20458e-06
-1.8578e-06
-1.53505e-06
-1.23507e-06
-9.56438e-07
-6.98122e-07
-4.58454e-07
-2.36552e-07
-3.09622e-08
1.59821e-07
3.36456e-07
5.00869e-07
6.54113e-07
7.97129e-07
9.32036e-07
1.05941e-06
1.18129e-06
1.29881e-06
1.41388e-06
1.52771e-06
1.64406e-06
1.75757e-06
1.89795e-06
1.97474e-06
2.28634e-06
1.95831e-06
3.42611e-06
4.54226e-07
7.75111e-06
-6.12479e-06
1.8922e-05
-1.73964e-05
2.59046e-05
-6.38603e-06
-7.21447e-06
4.49202e-05
-4.62661e-05
-3.73172e-05
-3.54771e-05
-3.3692e-05
-3.19617e-05
-3.0286e-05
-2.86645e-05
-2.70969e-05
-2.55829e-05
-2.4122e-05
-2.27138e-05
-2.13577e-05
-2.00531e-05
-1.87995e-05
-1.75962e-05
-1.64424e-05
-1.53374e-05
-1.42803e-05
-1.32703e-05
-1.23065e-05
-1.13879e-05
-1.05135e-05
-9.68229e-06
-8.89312e-06
-8.14495e-06
-7.43661e-06
-6.76689e-06
-6.13461e-06
-5.5385e-06
-4.97739e-06
-4.44989e-06
-3.95476e-06
-3.49079e-06
-3.0564e-06
-2.65062e-06
-2.27184e-06
-1.91888e-06
-1.5904e-06
-1.28507e-06
-1.0015e-06
-7.38585e-07
-4.9468e-07
-2.68843e-07
-5.96192e-08
1.34523e-07
3.14283e-07
4.81563e-07
6.37523e-07
7.8299e-07
9.2029e-07
1.0498e-06
1.17381e-06
1.29327e-06
1.41024e-06
1.52591e-06
1.64403e-06
1.75929e-06
1.90152e-06
1.97967e-06
2.29416e-06
1.96461e-06
3.44224e-06
4.53101e-07
7.79028e-06
-6.15606e-06
1.90043e-05
-1.74619e-05
2.59805e-05
-6.37794e-06
-7.30952e-06
4.5129e-05
-4.65694e-05
-3.80003e-05
-3.61274e-05
-3.43104e-05
-3.25492e-05
-3.08435e-05
-2.91931e-05
-2.75977e-05
-2.60567e-05
-2.45698e-05
-2.31366e-05
-2.17564e-05
-2.04287e-05
-1.9153e-05
-1.79284e-05
-1.67542e-05
-1.56298e-05
-1.45541e-05
-1.35264e-05
-1.25457e-05
-1.16111e-05
-1.07214e-05
-9.87574e-06
-9.07286e-06
-8.3117e-06
-7.59108e-06
-6.90977e-06
-6.26658e-06
-5.66018e-06
-5.08941e-06
-4.55283e-06
-4.0492e-06
-3.57726e-06
-3.13543e-06
-2.7227e-06
-2.33745e-06
-1.97846e-06
-1.64437e-06
-1.33382e-06
-1.04544e-06
-7.78042e-07
-5.30008e-07
-3.00332e-07
-8.75666e-08
1.09853e-07
2.92659e-07
4.62735e-07
6.21341e-07
7.69199e-07
9.08833e-07
1.04042e-06
1.1665e-06
1.28785e-06
1.40667e-06
1.52415e-06
1.64399e-06
1.76095e-06
1.90496e-06
1.98443e-06
2.30172e-06
1.97072e-06
3.45776e-06
4.52176e-07
7.82773e-06
-6.18553e-06
1.90824e-05
-1.75236e-05
2.6052e-05
-6.36943e-06
-7.40062e-06
4.53281e-05
-4.68577e-05
-3.86656e-05
-3.67608e-05
-3.49127e-05
-3.31215e-05
-3.13867e-05
-2.97082e-05
-2.80855e-05
-2.65182e-05
-2.50061e-05
-2.35485e-05
-2.21449e-05
-2.07947e-05
-1.94973e-05
-1.8252e-05
-1.70581e-05
-1.59146e-05
-1.48209e-05
-1.37759e-05
-1.27788e-05
-1.18285e-05
-1.0924e-05
-1.00642e-05
-9.24797e-06
-8.47416e-06
-7.74158e-06
-7.04898e-06
-6.39515e-06
-5.77873e-06
-5.19854e-06
-4.65311e-06
-4.1412e-06
-3.66149e-06
-3.21242e-06
-2.79292e-06
-2.40135e-06
-2.03649e-06
-1.69694e-06
-1.38132e-06
-1.08824e-06
-8.16478e-07
-5.64422e-07
-3.31005e-07
-1.14792e-07
8.58227e-08
2.71593e-07
4.44395e-07
6.05577e-07
7.55765e-07
8.97669e-07
1.03129e-06
1.15938e-06
1.28257e-06
1.40319e-06
1.52241e-06
1.64392e-06
1.76254e-06
1.90829e-06
1.98904e-06
2.30904e-06
1.97664e-06
3.47272e-06
4.51398e-07
7.86357e-06
-6.21336e-06
1.91566e-05
-1.75816e-05
2.61191e-05
-6.36042e-06
-7.48785e-06
4.55175e-05
-4.71311e-05
-3.93129e-05
-3.7377e-05
-3.54988e-05
-3.36783e-05
-3.19152e-05
-3.02093e-05
-2.85602e-05
-2.69674e-05
-2.54306e-05
-2.39493e-05
-2.25229e-05
-2.11508e-05
-1.98324e-05
-1.8567e-05
-1.73537e-05
-1.61919e-05
-1.50805e-05
-1.40188e-05
-1.30057e-05
-1.20401e-05
-1.11212e-05
-1.02476e-05
-9.41838e-06
-8.63225e-06
-7.88804e-06
-7.18444e-06
-6.52025e-06
-5.89408e-06
-5.30473e-06
-4.75069e-06
-4.23072e-06
-3.74346e-06
-3.28733e-06
-2.86124e-06
-2.46354e-06
-2.09295e-06
-1.7481e-06
-1.42753e-06
-1.12989e-06
-8.53875e-07
-5.97908e-07
-3.60847e-07
-1.41283e-07
6.24415e-08
2.51095e-07
4.2655e-07
5.90235e-07
7.42692e-07
8.86802e-07
1.0224e-06
1.15244e-06
1.27743e-06
1.39979e-06
1.52071e-06
1.64385e-06
1.76407e-06
1.91151e-06
1.99349e-06
2.3161e-06
1.98236e-06
3.48714e-06
4.50714e-07
7.89788e-06
-6.23969e-06
1.9227e-05
-1.76359e-05
2.6182e-05
-6.35081e-06
-7.57128e-06
4.56972e-05
-4.73896e-05
-3.99417e-05
-3.79758e-05
-3.60683e-05
-3.42194e-05
-3.24289e-05
-3.06964e-05
-2.90215e-05
-2.7404e-05
-2.58432e-05
-2.43389e-05
-2.28903e-05
-2.1497e-05
-2.01582e-05
-1.88731e-05
-1.76412e-05
-1.64614e-05
-1.53329e-05
-1.42548e-05
-1.32261e-05
-1.22458e-05
-1.13128e-05
-1.04259e-05
-9.58401e-06
-8.78591e-06
-8.03038e-06
-7.3161e-06
-6.64184e-06
-6.0062e-06
-5.40793e-06
-4.84553e-06
-4.31772e-06
-3.82311e-06
-3.36014e-06
-2.92763e-06
-2.52397e-06
-2.14782e-06
-1.79782e-06
-1.47244e-06
-1.17037e-06
-8.90217e-07
-6.30451e-07
-3.89847e-07
-1.67028e-07
3.97202e-08
2.31174e-07
4.09209e-07
5.75323e-07
7.29988e-07
8.76238e-07
1.01375e-06
1.1457e-06
1.27243e-06
1.39647e-06
1.51905e-06
1.64376e-06
1.76554e-06
1.91461e-06
1.99777e-06
2.32293e-06
1.98786e-06
3.50106e-06
4.50075e-07
7.9308e-06
-6.26467e-06
1.92938e-05
-1.76869e-05
2.62407e-05
-6.34052e-06
-7.65101e-06
4.58673e-05
-4.76335e-05
-4.05519e-05
-3.85568e-05
-3.6621e-05
-3.47446e-05
-3.29274e-05
-3.11691e-05
-2.94693e-05
-2.78277e-05
-2.62438e-05
-2.47171e-05
-2.3247e-05
-2.1833e-05
-2.04744e-05
-1.91703e-05
-1.79201e-05
-1.6723e-05
-1.55779e-05
-1.44839e-05
-1.34402e-05
-1.24455e-05
-1.14988e-05
-1.05989e-05
-9.74478e-06
-8.93505e-06
-8.16854e-06
-7.44389e-06
-6.75987e-06
-6.11502e-06
-5.5081e-06
-4.93759e-06
-4.40217e-06
-3.90043e-06
-3.4308e-06
-2.99207e-06
-2.58263e-06
-2.20107e-06
-1.84607e-06
-1.51602e-06
-1.20965e-06
-9.25489e-07
-6.62036e-07
-4.17993e-07
-1.92016e-07
1.76686e-08
2.11838e-07
3.92378e-07
5.60848e-07
7.17658e-07
8.6598e-07
1.00536e-06
1.13914e-06
1.26757e-06
1.39325e-06
1.51743e-06
1.64366e-06
1.76694e-06
1.91759e-06
2.0019e-06
2.32953e-06
1.99314e-06
3.51449e-06
4.49434e-07
7.9624e-06
-6.28841e-06
1.93573e-05
-1.77346e-05
2.62953e-05
-6.32947e-06
-7.72711e-06
4.60278e-05
-4.78628e-05
-4.11432e-05
-3.91198e-05
-3.71566e-05
-3.52535e-05
-3.34106e-05
-3.16273e-05
-2.99034e-05
-2.82384e-05
-2.6632e-05
-2.50837e-05
-2.35928e-05
-2.21588e-05
-2.07809e-05
-1.94584e-05
-1.81906e-05
-1.69765e-05
-1.58154e-05
-1.47061e-05
-1.36476e-05
-1.2639e-05
-1.16791e-05
-1.07667e-05
-9.90062e-06
-9.07963e-06
-8.30247e-06
-7.56777e-06
-6.87426e-06
-6.2205e-06
-5.6052e-06
-5.02681e-06
-4.48402e-06
-3.97536e-06
-3.4993e-06
-3.05453e-06
-2.63948e-06
-2.25269e-06
-1.89284e-06
-1.55827e-06
-1.24772e-06
-9.59675e-07
-6.92648e-07
-4.45271e-07
-2.16236e-07
-3.70361e-09
1.93096e-07
3.76066e-07
5.46816e-07
7.05707e-07
8.56034e-07
9.97228e-07
1.13278e-06
1.26285e-06
1.39011e-06
1.51584e-06
1.64355e-06
1.76828e-06
1.92047e-06
2.00586e-06
2.33589e-06
1.9982e-06
3.52747e-06
4.48744e-07
7.99278e-06
-6.31105e-06
1.94176e-05
-1.7779e-05
2.63459e-05
-6.31756e-06
-7.79969e-06
4.61787e-05
-4.80776e-05
-4.17152e-05
-3.96646e-05
-3.76748e-05
-3.57461e-05
-3.38782e-05
-3.20707e-05
-3.03235e-05
-2.8636e-05
-2.70078e-05
-2.54385e-05
-2.39275e-05
-2.2474e-05
-2.10776e-05
-1.97373e-05
-1.84524e-05
-1.7222e-05
-1.60452e-05
-1.4921e-05
-1.38485e-05
-1.28263e-05
-1.18536e-05
-1.09291e-05
-1.00515e-05
-9.21956e-06
-8.4321e-06
-7.68767e-06
-6.98499e-06
-6.32259e-06
-5.69917e-06
-5.11317e-06
-4.56324e-06
-4.04789e-06
-3.56559e-06
-3.11498e-06
-2.69451e-06
-2.30264e-06
-1.9381e-06
-1.59915e-06
-1.28457e-06
-9.92761e-07
-7.22275e-07
-4.7167e-07
-2.39677e-07
-2.43871e-08
1.74956e-07
3.6028e-07
5.33233e-07
6.94142e-07
8.46404e-07
9.89355e-07
1.12662e-06
1.25829e-06
1.38707e-06
1.5143e-06
1.64343e-06
1.76956e-06
1.92324e-06
2.00965e-06
2.34204e-06
2.00301e-06
3.54003e-06
4.47964e-07
8.02203e-06
-6.33271e-06
1.94748e-05
-1.78204e-05
2.63924e-05
-6.3047e-06
-7.86882e-06
4.63201e-05
-4.8278e-05
-4.22678e-05
-4.01909e-05
-3.81756e-05
-3.6222e-05
-3.433e-05
-3.24992e-05
-3.07294e-05
-2.90202e-05
-2.7371e-05
-2.57814e-05
-2.42509e-05
-2.27788e-05
-2.13643e-05
-2.00068e-05
-1.87054e-05
-1.74592e-05
-1.62674e-05
-1.51288e-05
-1.40425e-05
-1.30074e-05
-1.20223e-05
-1.1086e-05
-1.01972e-05
-9.3548e-06
-8.55737e-06
-7.80353e-06
-7.09199e-06
-6.42125e-06
-5.78999e-06
-5.19662e-06
-4.63979e-06
-4.11798e-06
-3.62965e-06
-3.17339e-06
-2.74768e-06
-2.35091e-06
-1.98184e-06
-1.63866e-06
-1.32018e-06
-1.02473e-06
-7.50903e-07
-4.9718e-07
-2.62328e-07
-4.43728e-08
1.57426e-07
3.45027e-07
5.20105e-07
6.82967e-07
8.37095e-07
9.81747e-07
1.12066e-06
1.25387e-06
1.38412e-06
1.5128e-06
1.64331e-06
1.77077e-06
1.9259e-06
2.01329e-06
2.34797e-06
2.00757e-06
3.55218e-06
4.47051e-07
8.05024e-06
-6.35349e-06
1.95291e-05
-1.78588e-05
2.6435e-05
-6.2908e-06
-7.93459e-06
4.64519e-05
-4.8464e-05
-4.28008e-05
-4.06985e-05
-3.86585e-05
-3.6681e-05
-3.47658e-05
-3.29126e-05
-3.11211e-05
-2.93908e-05
-2.77214e-05
-2.61123e-05
-2.4563e-05
-2.30728e-05
-2.1641e-05
-2.02668e-05
-1.89495e-05
-1.76881e-05
-1.64817e-05
-1.53293e-05
-1.42298e-05
-1.31821e-05
-1.2185e-05
-1.12373e-05
-1.03379e-05
-9.48527e-06
-8.67822e-06
-7.91532e-06
-7.19522e-06
-6.51644e-06
-5.8776e-06
-5.27713e-06
-4.71365e-06
-4.18559e-06
-3.69145e-06
-3.22974e-06
-2.79898e-06
-2.39748e-06
-2.02403e-06
-1.67678e-06
-1.35452e-06
-1.05558e-06
-7.78518e-07
-5.21788e-07
-2.8418e-07
-6.3652e-08
1.40514e-07
3.30313e-07
5.07438e-07
6.72188e-07
8.28111e-07
9.74408e-07
1.1149e-06
1.24961e-06
1.38127e-06
1.51134e-06
1.64318e-06
1.77193e-06
1.92846e-06
2.01676e-06
2.35368e-06
2.01188e-06
3.56396e-06
4.45965e-07
8.07749e-06
-6.37349e-06
1.95806e-05
-1.78943e-05
2.64736e-05
-6.27575e-06
-7.99711e-06
4.65743e-05
-4.86355e-05
-4.33138e-05
-4.11871e-05
-3.91235e-05
-3.7123e-05
-3.51855e-05
-3.33106e-05
-3.14982e-05
-2.97477e-05
-2.80588e-05
-2.64309e-05
-2.48635e-05
-2.33559e-05
-2.19074e-05
-2.05172e-05
-1.91846e-05
-1.79085e-05
-1.66881e-05
-1.55224e-05
-1.44101e-05
-1.33503e-05
-1.23417e-05
-1.13831e-05
-1.04733e-05
-9.61092e-06
-8.79461e-06
-8.02297e-06
-7.29464e-06
-6.6081e-06
-5.96197e-06
-5.35466e-06
-4.78477e-06
-4.2507e-06
-3.75097e-06
-3.284e-06
-2.84838e-06
-2.44232e-06
-2.06467e-06
-1.71348e-06
-1.3876e-06
-1.08528e-06
-8.05109e-07
-5.45486e-07
-3.05222e-07
-8.22165e-08
1.24227e-07
3.16145e-07
4.95238e-07
6.61809e-07
8.19456e-07
9.6734e-07
1.10935e-06
1.2455e-06
1.37853e-06
1.50993e-06
1.64305e-06
1.77303e-06
1.93091e-06
2.02006e-06
2.35919e-06
2.01592e-06
3.57538e-06
4.4467e-07
8.10385e-06
-6.39281e-06
1.96295e-05
-1.7927e-05
2.65082e-05
-6.25943e-06
-8.05644e-06
4.66872e-05
-4.87926e-05
-4.38066e-05
-4.16567e-05
-3.95703e-05
-3.75477e-05
-3.55888e-05
-3.36932e-05
-3.18606e-05
-3.00907e-05
-2.83831e-05
-2.67371e-05
-2.51523e-05
-2.3628e-05
-2.21635e-05
-2.0758e-05
-1.94106e-05
-1.81204e-05
-1.68866e-05
-1.57079e-05
-1.45835e-05
-1.3512e-05
-1.24924e-05
-1.15233e-05
-1.06035e-05
-9.73169e-06
-8.90648e-06
-8.12644e-06
-7.39019e-06
-6.6962e-06
-6.04306e-06
-5.42918e-06
-4.85312e-06
-4.31328e-06
-3.80817e-06
-3.33615e-06
-2.89585e-06
-2.48541e-06
-2.10372e-06
-1.74876e-06
-1.41938e-06
-1.11383e-06
-8.30664e-07
-5.68262e-07
-3.25445e-07
-1.00058e-07
1.08573e-07
3.02529e-07
4.83511e-07
6.51834e-07
8.11134e-07
9.60546e-07
1.10402e-06
1.24155e-06
1.37588e-06
1.50857e-06
1.64292e-06
1.77407e-06
1.93326e-06
2.0232e-06
2.3645e-06
2.01969e-06
3.58647e-06
4.43131e-07
8.12939e-06
-6.41154e-06
1.96758e-05
-1.79568e-05
2.65388e-05
-6.24174e-06
-8.11268e-06
4.67907e-05
-4.89351e-05
-4.42792e-05
-4.21069e-05
-3.99988e-05
-3.7955e-05
-3.59756e-05
-3.40601e-05
-3.22083e-05
-3.04198e-05
-2.86941e-05
-2.70309e-05
-2.54294e-05
-2.38891e-05
-2.24091e-05
-2.09888e-05
-1.96273e-05
-1.83237e-05
-1.70769e-05
-1.58859e-05
-1.47497e-05
-1.36671e-05
-1.26368e-05
-1.16577e-05
-1.07284e-05
-9.84753e-06
-9.01378e-06
-8.22568e-06
-7.48183e-06
-6.7807e-06
-6.12084e-06
-5.50065e-06
-4.91869e-06
-4.3733e-06
-3.86303e-06
-3.38617e-06
-2.94139e-06
-2.52675e-06
-2.14117e-06
-1.78259e-06
-1.44986e-06
-1.14121e-06
-8.55171e-07
-5.90106e-07
-3.44841e-07
-1.17169e-07
9.35577e-08
2.89472e-07
4.72262e-07
6.42269e-07
8.0315e-07
9.54031e-07
1.0989e-06
1.23776e-06
1.37333e-06
1.50726e-06
1.64279e-06
1.77505e-06
1.9355e-06
2.02618e-06
2.36961e-06
2.02318e-06
3.59725e-06
4.41313e-07
8.15417e-06
-6.42974e-06
1.97197e-05
-1.79839e-05
2.65654e-05
-6.22253e-06
-8.1659e-06
4.68847e-05
-4.90629e-05
-4.47312e-05
-4.25375e-05
-4.04087e-05
-3.83447e-05
-3.63456e-05
-3.44111e-05
-3.25409e-05
-3.07346e-05
-2.89918e-05
-2.7312e-05
-2.56945e-05
-2.41389e-05
-2.26442e-05
-2.12098e-05
-1.98348e-05
-1.85182e-05
-1.7259e-05
-1.60563e-05
-1.49088e-05
-1.38155e-05
-1.27751e-05
-1.17863e-05
-1.08479e-05
-9.95838e-06
-9.11647e-06
-8.32065e-06
-7.56953e-06
-6.86156e-06
-6.19527e-06
-5.56904e-06
-4.98143e-06
-4.43074e-06
-3.91553e-06
-3.43403e-06
-2.98496e-06
-2.5663e-06
-2.17701e-06
-1.81497e-06
-1.47903e-06
-1.16741e-06
-8.78619e-07
-6.1101e-07
-3.634e-07
-1.33543e-07
7.91888e-08
2.76978e-07
4.61496e-07
6.33116e-07
7.95508e-07
9.47797e-07
1.09399e-06
1.23413e-06
1.37089e-06
1.50599e-06
1.64266e-06
1.77597e-06
1.93765e-06
2.02899e-06
2.37453e-06
2.02639e-06
3.60774e-06
4.39186e-07
8.17826e-06
-6.44749e-06
1.97612e-05
-1.80082e-05
2.6588e-05
-6.20167e-06
-8.2162e-06
4.69692e-05
-4.91758e-05
-4.51625e-05
-4.29485e-05
-4.07998e-05
-3.87166e-05
-3.66988e-05
-3.47462e-05
-3.28584e-05
-3.10351e-05
-2.92759e-05
-2.75803e-05
-2.59476e-05
-2.43773e-05
-2.28686e-05
-2.14207e-05
-2.00328e-05
-1.87038e-05
-1.74329e-05
-1.62189e-05
-1.50607e-05
-1.39572e-05
-1.29071e-05
-1.19091e-05
-1.0962e-05
-1.00642e-05
-9.21448e-06
-8.41131e-06
-7.65325e-06
-6.93875e-06
-6.26632e-06
-5.63433e-06
-5.04131e-06
-4.48556e-06
-3.96564e-06
-3.47972e-06
-3.02655e-06
-2.60405e-06
-2.21121e-06
-1.84587e-06
-1.50687e-06
-1.19242e-06
-9.00999e-07
-6.30963e-07
-3.81114e-07
-1.49171e-07
6.54726e-08
2.65054e-07
4.51219e-07
6.24381e-07
7.8821e-07
9.41847e-07
1.08931e-06
1.23066e-06
1.36856e-06
1.50478e-06
1.64253e-06
1.77684e-06
1.93969e-06
2.03163e-06
2.37926e-06
2.02931e-06
3.61796e-06
4.3672e-07
8.20172e-06
-6.46484e-06
1.98003e-05
-1.80298e-05
2.66064e-05
-6.17902e-06
-8.26364e-06
4.70442e-05
-4.92733e-05
-4.55729e-05
-4.33396e-05
-4.11721e-05
-3.90706e-05
-3.7035e-05
-3.50651e-05
-3.31606e-05
-3.13211e-05
-2.95463e-05
-2.78357e-05
-2.61886e-05
-2.46043e-05
-2.30822e-05
-2.16215e-05
-2.02213e-05
-1.88806e-05
-1.75984e-05
-1.63737e-05
-1.52053e-05
-1.40921e-05
-1.30328e-05
-1.2026e-05
-1.10705e-05
-1.01649e-05
-9.30779e-06
-8.49761e-06
-7.73294e-06
-7.01222e-06
-6.33395e-06
-5.69647e-06
-5.09832e-06
-4.53775e-06
-4.01334e-06
-3.52321e-06
-3.06615e-06
-2.63999e-06
-2.24377e-06
-1.87529e-06
-1.53336e-06
-1.21624e-06
-9.22299e-07
-6.49958e-07
-3.97975e-07
-1.64047e-07
5.2415e-08
2.53703e-07
4.41434e-07
6.16066e-07
7.81262e-07
9.36182e-07
1.08484e-06
1.22736e-06
1.36634e-06
1.50362e-06
1.6424e-06
1.77766e-06
1.94164e-06
2.0341e-06
2.3838e-06
2.03192e-06
3.62792e-06
4.33889e-07
8.22459e-06
-6.48185e-06
1.98372e-05
-1.80485e-05
2.66206e-05
-6.15441e-06
-8.3083e-06
4.71096e-05
-4.93553e-05
-4.59622e-05
-4.37106e-05
-4.15253e-05
-3.94064e-05
-3.7354e-05
-3.53677e-05
-3.34474e-05
-3.15926e-05
-2.9803e-05
-2.80781e-05
-2.64172e-05
-2.48198e-05
-2.3285e-05
-2.18121e-05
-2.04002e-05
-1.90483e-05
-1.77555e-05
-1.65206e-05
-1.53426e-05
-1.42201e-05
-1.3152e-05
-1.2137e-05
-1.11736e-05
-1.02605e-05
-9.39635e-06
-8.57951e-06
-7.80858e-06
-7.08196e-06
-6.39814e-06
-5.75545e-06
-5.15242e-06
-4.58728e-06
-4.05861e-06
-3.56448e-06
-3.10372e-06
-2.6741e-06
-2.27467e-06
-1.90321e-06
-1.55851e-06
-1.23884e-06
-9.42512e-07
-6.67986e-07
-4.13977e-07
-1.78164e-07
4.00222e-08
2.42932e-07
4.32146e-07
6.08176e-07
7.74666e-07
9.30807e-07
1.08061e-06
1.22423e-06
1.36423e-06
1.50251e-06
1.64227e-06
1.77842e-06
1.94349e-06
2.03641e-06
2.38816e-06
2.03424e-06
3.63765e-06
4.30665e-07
8.24693e-06
-6.49857e-06
1.98719e-05
-1.80644e-05
2.66304e-05
-6.12769e-06
-8.35026e-06
4.71653e-05
-4.94212e-05
-4.63303e-05
-4.40615e-05
-4.18593e-05
-3.9724e-05
-3.76557e-05
-3.56539e-05
-3.37186e-05
-3.18494e-05
-3.00458e-05
-2.83074e-05
-2.66335e-05
-2.50236e-05
-2.34768e-05
-2.19924e-05
-2.05694e-05
-1.9207e-05
-1.79041e-05
-1.66596e-05
-1.54724e-05
-1.43412e-05
-1.32648e-05
-1.22419e-05
-1.12711e-05
-1.0351e-05
-9.48011e-06
-8.65699e-06
-7.88012e-06
-7.14792e-06
-6.45885e-06
-5.81124e-06
-5.2036e-06
-4.63413e-06
-4.10143e-06
-3.60353e-06
-3.13925e-06
-2.70636e-06
-2.3039e-06
-1.92962e-06
-1.58228e-06
-1.26021e-06
-9.61627e-07
-6.8504e-07
-4.29111e-07
-1.91517e-07
2.82996e-08
2.32745e-07
4.2336e-07
6.00714e-07
7.68426e-07
9.25722e-07
1.0766e-06
1.22126e-06
1.36223e-06
1.50146e-06
1.64215e-06
1.77913e-06
1.94525e-06
2.03856e-06
2.39235e-06
2.03624e-06
3.64716e-06
4.27025e-07
8.26877e-06
-6.51502e-06
1.99043e-05
-1.80775e-05
2.66358e-05
-6.09867e-06
-8.38959e-06
4.72114e-05
-4.94705e-05
-4.66771e-05
-4.4392e-05
-4.2174e-05
-4.00233e-05
-3.79399e-05
-3.59236e-05
-3.39742e-05
-3.20913e-05
-3.02746e-05
-2.85234e-05
-2.68373e-05
-2.52156e-05
-2.36575e-05
-2.21623e-05
-2.07289e-05
-1.93566e-05
-1.80442e-05
-1.67906e-05
-1.55947e-05
-1.44553e-05
-1.33711e-05
-1.23408e-05
-1.1363e-05
-1.04362e-05
-9.55905e-06
-8.72999e-06
-7.94754e-06
-7.21007e-06
-6.51606e-06
-5.86381e-06
-5.25182e-06
-4.67828e-06
-4.14177e-06
-3.64032e-06
-3.17274e-06
-2.73676e-06
-2.33143e-06
-1.95451e-06
-1.60469e-06
-1.28036e-06
-9.79637e-07
-7.0111e-07
-4.43372e-07
-2.041e-07
1.72525e-08
2.23147e-07
4.1508e-07
5.93683e-07
7.62544e-07
9.20931e-07
1.07282e-06
1.21846e-06
1.36035e-06
1.50047e-06
1.64204e-06
1.77978e-06
1.9469e-06
2.04054e-06
2.39637e-06
2.03793e-06
3.65647e-06
4.22946e-07
8.29015e-06
-6.53124e-06
1.99346e-05
-1.80876e-05
2.66365e-05
-6.06717e-06
-8.42637e-06
4.72476e-05
-4.95027e-05
-4.70024e-05
-4.47021e-05
-4.24692e-05
-4.0304e-05
-3.82066e-05
-3.61767e-05
-3.4214e-05
-3.23184e-05
-3.04892e-05
-2.87262e-05
-2.70286e-05
-2.53958e-05
-2.38271e-05
-2.23217e-05
-2.08786e-05
-1.94969e-05
-1.81756e-05
-1.69135e-05
-1.57095e-05
-1.45624e-05
-1.34709e-05
-1.24336e-05
-1.14492e-05
-1.05162e-05
-9.63312e-06
-8.7985e-06
-8.0108e-06
-7.2684e-06
-6.56975e-06
-5.91314e-06
-5.29707e-06
-4.7197e-06
-4.17963e-06
-3.67484e-06
-3.20416e-06
-2.76529e-06
-2.35727e-06
-1.97787e-06
-1.62571e-06
-1.29927e-06
-9.96533e-07
-7.1619e-07
-4.56753e-07
-2.15906e-07
6.8858e-09
2.14141e-07
4.07309e-07
5.87086e-07
7.57024e-07
9.16436e-07
1.06927e-06
1.21583e-06
1.35858e-06
1.49953e-06
1.64193e-06
1.78039e-06
1.94847e-06
2.04235e-06
2.40022e-06
2.0393e-06
3.6656e-06
4.18408e-07
8.31111e-06
-6.54725e-06
1.99626e-05
-1.80946e-05
2.66325e-05
-6.033e-06
-8.46067e-06
4.7274e-05
-4.9517e-05
-4.7306e-05
-4.49915e-05
-4.27448e-05
-4.05661e-05
-3.84556e-05
-3.6413e-05
-3.4438e-05
-3.25304e-05
-3.06897e-05
-2.89155e-05
-2.72072e-05
-2.55641e-05
-2.39855e-05
-2.24705e-05
-2.10183e-05
-1.9628e-05
-1.82983e-05
-1.70283e-05
-1.58167e-05
-1.46624e-05
-1.35641e-05
-1.25203e-05
-1.15297e-05
-1.05908e-05
-9.70229e-06
-8.86248e-06
-8.06988e-06
-7.32287e-06
-6.61988e-06
-5.95921e-06
-5.33932e-06
-4.75839e-06
-4.21498e-06
-3.70708e-06
-3.2335e-06
-2.79193e-06
-2.38139e-06
-1.99968e-06
-1.64534e-06
-1.31692e-06
-1.01231e-06
-7.30274e-07
-4.69247e-07
-2.26932e-07
-2.79587e-09
2.05732e-07
4.00052e-07
5.80927e-07
7.51869e-07
9.12238e-07
1.06596e-06
1.21338e-06
1.35693e-06
1.49864e-06
1.64183e-06
1.78094e-06
1.94994e-06
2.04399e-06
2.4039e-06
2.04033e-06
3.67455e-06
4.13392e-07
8.33167e-06
-6.56307e-06
1.99884e-05
-1.80985e-05
2.66236e-05
-5.99598e-06
-8.49258e-06
4.72904e-05
-4.95131e-05
-4.75879e-05
-4.52603e-05
-4.30007e-05
-4.08095e-05
-3.86868e-05
-3.66324e-05
-3.46459e-05
-3.27272e-05
-3.08759e-05
-2.90913e-05
-2.73731e-05
-2.57204e-05
-2.41326e-05
-2.26088e-05
-2.11482e-05
-1.97497e-05
-1.84123e-05
-1.71349e-05
-1.59163e-05
-1.47553e-05
-1.36506e-05
-1.26007e-05
-1.16045e-05
-1.06602e-05
-9.76654e-06
-8.9219e-06
-8.12475e-06
-7.37345e-06
-6.66645e-06
-6.00199e-06
-5.37856e-06
-4.79432e-06
-4.24781e-06
-3.73702e-06
-3.26074e-06
-2.81668e-06
-2.40379e-06
-2.01994e-06
-1.66356e-06
-1.33332e-06
-1.02696e-06
-7.43354e-07
-4.8085e-07
-2.37172e-07
-1.17881e-08
1.97923e-07
3.93311e-07
5.75207e-07
7.4708e-07
9.08339e-07
1.06289e-06
1.2111e-06
1.3554e-06
1.49782e-06
1.64174e-06
1.78145e-06
1.95132e-06
2.04546e-06
2.40742e-06
2.04104e-06
3.68334e-06
4.07876e-07
8.35188e-06
-6.57872e-06
2.0012e-05
-1.80992e-05
2.66096e-05
-5.95594e-06
-8.5222e-06
4.72969e-05
-4.94905e-05
-4.78479e-05
-4.55082e-05
-4.32368e-05
-4.10341e-05
-3.89002e-05
-3.68348e-05
-3.48378e-05
-3.29089e-05
-3.10477e-05
-2.92536e-05
-2.75261e-05
-2.58646e-05
-2.42683e-05
-2.27364e-05
-2.12679e-05
-1.9862e-05
-1.85175e-05
-1.72333e-05
-1.60082e-05
-1.4841e-05
-1.37304e-05
-1.2675e-05
-1.16735e-05
-1.07242e-05
-9.82582e-06
-8.97673e-06
-8.17538e-06
-7.42013e-06
-6.70941e-06
-6.04147e-06
-5.41478e-06
-4.82748e-06
-4.2781e-06
-3.76466e-06
-3.28588e-06
-2.83951e-06
-2.42446e-06
-2.03863e-06
-1.68038e-06
-1.34845e-06
-1.04048e-06
-7.55425e-07
-4.91557e-07
-2.46621e-07
-2.0087e-08
1.90718e-07
3.87089e-07
5.6993e-07
7.42661e-07
9.04741e-07
1.06005e-06
1.20899e-06
1.35398e-06
1.49705e-06
1.64166e-06
1.7819e-06
1.9526e-06
2.04677e-06
2.41079e-06
2.04141e-06
3.692e-06
4.01836e-07
8.37177e-06
-6.59423e-06
2.00335e-05
-1.80966e-05
2.65904e-05
-5.91273e-06
-8.54968e-06
4.72935e-05
-4.94492e-05
-4.80861e-05
-4.57352e-05
-4.3453e-05
-4.12397e-05
-3.90955e-05
-3.70202e-05
-3.50136e-05
-3.30753e-05
-3.1205e-05
-2.94022e-05
-2.76663e-05
-2.59967e-05
-2.43927e-05
-2.28533e-05
-2.13777e-05
-1.99649e-05
-1.86138e-05
-1.73234e-05
-1.60924e-05
-1.49195e-05
-1.38036e-05
-1.2743e-05
-1.17366e-05
-1.07828e-05
-9.88012e-06
-9.02695e-06
-8.22176e-06
-7.46289e-06
-6.74876e-06
-6.07764e-06
-5.44794e-06
-4.85786e-06
-4.30584e-06
-3.78997e-06
-3.3089e-06
-2.86043e-06
-2.44339e-06
-2.05575e-06
-1.69578e-06
-1.36231e-06
-1.05286e-06
-7.66482e-07
-5.01362e-07
-2.55275e-07
-2.76888e-08
1.8412e-07
3.81389e-07
5.65097e-07
7.38613e-07
9.01445e-07
1.05745e-06
1.20706e-06
1.35269e-06
1.49635e-06
1.64158e-06
1.7823e-06
1.9538e-06
2.04791e-06
2.41399e-06
2.04143e-06
3.70051e-06
3.95291e-07
8.39128e-06
-6.60946e-06
2.00524e-05
-1.80904e-05
2.65655e-05
-5.86584e-06
-8.57507e-06
4.72796e-05
-4.93888e-05
-4.83021e-05
-4.59412e-05
-4.36492e-05
-4.14264e-05
-3.92729e-05
-3.71885e-05
-3.51731e-05
-3.32263e-05
-3.13478e-05
-2.95371e-05
-2.77936e-05
-2.61166e-05
-2.45055e-05
-2.29594e-05
-2.14773e-05
-2.00583e-05
-1.87013e-05
-1.74052e-05
-1.61687e-05
-1.49908e-05
-1.38699e-05
-1.28048e-05
-1.1794e-05
-1.0836e-05
-9.92941e-06
-9.07254e-06
-8.26385e-06
-7.5017e-06
-6.78449e-06
-6.11046e-06
-5.47804e-06
-4.88543e-06
-4.33102e-06
-3.81295e-06
-3.32979e-06
-2.87942e-06
-2.46057e-06
-2.07129e-06
-1.70976e-06
-1.37489e-06
-1.06409e-06
-7.76518e-07
-5.10263e-07
-2.63131e-07
-3.45903e-08
1.78131e-07
3.76215e-07
5.60712e-07
7.34937e-07
8.98454e-07
1.05509e-06
1.2053e-06
1.35152e-06
1.49571e-06
1.64152e-06
1.78266e-06
1.9549e-06
2.04888e-06
2.41704e-06
2.04114e-06
3.70884e-06
3.88361e-07
8.41015e-06
-6.62384e-06
2.00678e-05
-1.80789e-05
2.65332e-05
-5.81426e-06
-8.59792e-06
4.72532e-05
-4.93072e-05
-4.84961e-05
-4.61262e-05
-4.38253e-05
-4.15939e-05
-3.94321e-05
-3.73396e-05
-3.53163e-05
-3.33619e-05
-3.1476e-05
-2.96582e-05
-2.79079e-05
-2.62243e-05
-2.46068e-05
-2.30546e-05
-2.15667e-05
-2.01421e-05
-1.87798e-05
-1.74786e-05
-1.62373e-05
-1.50548e-05
-1.39295e-05
-1.28602e-05
-1.18455e-05
-1.08838e-05
-9.97367e-06
-9.11347e-06
-8.30165e-06
-7.53655e-06
-6.81656e-06
-6.13994e-06
-5.50507e-06
-4.91019e-06
-4.35363e-06
-3.83358e-06
-3.34854e-06
-2.89647e-06
-2.47599e-06
-2.08525e-06
-1.72231e-06
-1.38618e-06
-1.07418e-06
-7.8553e-07
-5.18255e-07
-2.70185e-07
-4.0788e-08
1.72756e-07
3.71567e-07
5.56777e-07
7.31637e-07
8.95769e-07
1.05298e-06
1.20372e-06
1.35047e-06
1.49512e-06
1.64146e-06
1.78297e-06
1.95591e-06
2.04968e-06
2.41995e-06
2.04049e-06
3.71705e-06
3.80902e-07
8.42867e-06
-6.63788e-06
2.00806e-05
-1.80632e-05
2.64945e-05
-5.75856e-06
-8.61869e-06
4.72157e-05
-4.92089e-05
-4.86679e-05
-4.629e-05
-4.39813e-05
-4.17424e-05
-3.95731e-05
-3.74734e-05
-3.54431e-05
-3.3482e-05
-3.15896e-05
-2.97655e-05
-2.80091e-05
-2.63197e-05
-2.46966e-05
-2.3139e-05
-2.16459e-05
-2.02164e-05
-1.88493e-05
-1.75437e-05
-1.62981e-05
-1.51115e-05
-1.39823e-05
-1.29094e-05
-1.18911e-05
-1.09262e-05
-1.00129e-05
-9.14974e-06
-8.33514e-06
-7.56743e-06
-6.84498e-06
-6.16605e-06
-5.52901e-06
-4.93212e-06
-4.37365e-06
-3.85186e-06
-3.36516e-06
-2.91158e-06
-2.48965e-06
-2.09761e-06
-1.73342e-06
-1.39619e-06
-1.08312e-06
-7.93512e-07
-5.25334e-07
-2.76434e-07
-4.62794e-08
1.67995e-07
3.67448e-07
5.53291e-07
7.28712e-07
8.93391e-07
1.0511e-06
1.20232e-06
1.34955e-06
1.4946e-06
1.64142e-06
1.78323e-06
1.95685e-06
2.05028e-06
2.42282e-06
2.03918e-06
3.72593e-06
3.71115e-07
8.45054e-06
-6.65836e-06
2.01014e-05
-1.80576e-05
2.64634e-05
-5.70579e-06
-8.64446e-06
4.71893e-05
-4.91262e-05
)
;

boundaryField
{
    down
    {
        type            symmetryPlane;
    }
    right
    {
        type            fixedValue;
        value           uniform 0;
    }
    up
    {
        type            symmetryPlane;
    }
    left
    {
        type            zeroGradient;
    }
    cylinder
    {
        type            zeroGradient;
    }
    frontAndBack
    {
        type            empty;
    }
    procBoundary7to3
    {
        type            processor;
        value           nonuniform List<scalar> 
72
(
-3.44132e-05
-3.27133e-05
-3.10641e-05
-2.94655e-05
-2.7917e-05
-2.64187e-05
-2.49699e-05
-2.35706e-05
-2.22201e-05
-2.09182e-05
-1.96643e-05
-1.84579e-05
-1.72985e-05
-1.61853e-05
-1.51179e-05
-1.40955e-05
-1.31173e-05
-1.21825e-05
-1.12903e-05
-1.04399e-05
-9.63024e-06
-8.86049e-06
-8.12958e-06
-7.43659e-06
-6.78033e-06
-6.15983e-06
-5.57394e-06
-5.02152e-06
-4.50144e-06
-4.0125e-06
-3.5535e-06
-3.12335e-06
-2.7206e-06
-2.34431e-06
-1.99308e-06
-1.66572e-06
-1.36104e-06
-1.07786e-06
-8.14753e-07
-5.70885e-07
-3.44536e-07
-1.35029e-07
5.91814e-08
2.39326e-07
4.06219e-07
5.61533e-07
7.06296e-07
8.41567e-07
9.68942e-07
1.0896e-06
1.20482e-06
1.31619e-06
1.42521e-06
1.5333e-06
1.64404e-06
1.75195e-06
1.88649e-06
1.95898e-06
2.26121e-06
1.93837e-06
3.37379e-06
4.59313e-07
7.66711e-06
7.66711e-06
-6.05625e-06
1.8744e-05
-1.7253e-05
2.57391e-05
-6.40132e-06
-7.01227e-06
4.44737e-05
-4.56143e-05
)
;
    }
    procBoundary7to6
    {
        type            processor;
        value           nonuniform List<scalar> 
74
(
-5.17173e-05
-5.1696e-05
-5.16532e-05
-5.1589e-05
-5.15035e-05
-5.13967e-05
-5.12685e-05
-5.11155e-05
-5.09356e-05
-5.07325e-05
-5.05062e-05
-5.02568e-05
-4.99845e-05
-4.96892e-05
-4.9371e-05
-4.90302e-05
-4.86669e-05
-4.82811e-05
-4.78731e-05
-4.74429e-05
-4.69908e-05
-4.6517e-05
-4.60216e-05
-4.55048e-05
-4.49668e-05
-4.44079e-05
-4.38283e-05
-4.32283e-05
-4.2608e-05
-4.19679e-05
-4.1308e-05
-4.06289e-05
-3.99306e-05
-3.92137e-05
-3.84783e-05
-3.77249e-05
-3.69538e-05
-5.12682e-05
-5.13964e-05
-5.15033e-05
-5.15889e-05
-5.16531e-05
-5.16959e-05
-5.17173e-05
-3.69525e-05
-3.77236e-05
-3.84771e-05
-3.92124e-05
-3.99294e-05
-4.06277e-05
-4.13069e-05
-4.19667e-05
-4.26069e-05
-4.32272e-05
-4.38273e-05
-4.44069e-05
-4.49658e-05
-4.55038e-05
-4.60206e-05
-4.65161e-05
-4.699e-05
-4.74421e-05
-4.78723e-05
-4.82804e-05
-4.86662e-05
-4.90296e-05
-4.93704e-05
-4.96885e-05
-4.99839e-05
-5.02563e-05
-5.05058e-05
-5.07321e-05
-5.09353e-05
-5.11152e-05
)
;
    }
    procBoundary7to11
    {
        type            processor;
        value           nonuniform List<scalar> 
72
(
-3.44144e-05
-3.27146e-05
-3.10653e-05
-2.94666e-05
-2.79182e-05
-2.64198e-05
-2.4971e-05
-2.35716e-05
-2.22211e-05
-2.09192e-05
-1.96652e-05
-1.84588e-05
-1.72993e-05
-1.61861e-05
-1.51187e-05
-1.40961e-05
-1.31179e-05
-1.21831e-05
-1.12909e-05
-1.04404e-05
-9.63075e-06
-8.861e-06
-8.13006e-06
-7.43707e-06
-6.78077e-06
-6.16027e-06
-5.57437e-06
-5.02185e-06
-4.50182e-06
-4.01278e-06
-3.55372e-06
-3.55372e-06
-3.02659e-06
-2.63201e-06
-2.26359e-06
-1.91946e-06
-1.5989e-06
-1.30042e-06
-1.02302e-06
-7.65362e-07
-5.26408e-07
-3.0476e-07
-9.95043e-08
9.07007e-08
2.67209e-07
4.30663e-07
5.82898e-07
7.24727e-07
8.57251e-07
9.82317e-07
1.10034e-06
1.21353e-06
1.32268e-06
1.4297e-06
1.53562e-06
1.64454e-06
1.75051e-06
1.88297e-06
1.95415e-06
2.25277e-06
1.93238e-06
3.35541e-06
4.62999e-07
7.5749e-06
-5.97676e-06
1.85463e-05
-1.709e-05
2.55548e-05
-6.41581e-06
-6.79093e-06
4.39858e-05
-4.48969e-05
)
;
    }
}


// ************************************************************************* //
