/*--------------------------------*- C++ -*----------------------------------*\
| =========                 |                                                 |
| \\      /  F ield         | OpenFOAM: The Open Source CFD Toolbox           |
|  \\    /   O peration     | Version:  2412                                  |
|   \\  /    A nd           | Website:  www.openfoam.com                      |
|    \\/     M anipulation  |                                                 |
\*---------------------------------------------------------------------------*/
FoamFile
{
    version     2.0;
    format      ascii;
    arch        "LSB;label=32;scalar=64";
    class       volScalarField;
    location    "30";
    object      error;
}
// * * * * * * * * * * * * * * * * * * * * * * * * * * * * * * * * * * * * * //

dimensions      [0 0 0 0 0 0 0];

internalField   nonuniform List<scalar> 
5285
(
0.00397926
0.00408365
0.0041405
0.0041579
0.00413768
0.00408173
0.0039919
0.00386979
0.00371681
0.00353419
0.0033228
0.00308291
0.0028138
0.00251354
0.00217891
0.00180577
0.00138974
0.000927639
0.000424291
0.00022388
0.000806987
0.00147336
0.0021881
0.00294248
0.00372886
0.00453979
0.00536841
0.00620873
0.00705591
0.00790637
0.00875777
0.00960891
0.0104595
0.0113101
0.0121617
0.0130157
0.0138738
0.0147376
0.0156091
0.0164897
0.017381
0.0182845
0.0192015
0.0201331
0.0210804
0.0220443
0.0230257
0.0240253
0.0250439
0.026082
0.0271404
0.0282197
0.0293205
0.0304438
0.0315911
0.00397873
0.00408281
0.00413951
0.00415689
0.00413676
0.00408101
0.0039915
0.00386984
0.00371745
0.00353561
0.00332523
0.00308668
0.00281943
0.00252189
0.00219148
0.00182535
0.00142216
0.000987907
0.000569032
0.000474775
0.000927202
0.0015531
0.00224933
0.00299261
0.00377117
0.00457603
0.00539965
0.00623574
0.00707929
0.00792664
0.00877538
0.00962423
0.0104729
0.0113218
0.012172
0.0130248
0.0138819
0.0147449
0.0156155
0.0164955
0.0173862
0.0182891
0.0192055
0.0201365
0.0210833
0.0220466
0.0230274
0.0240264
0.0250443
0.0260817
0.0271394
0.0282179
0.0293178
0.0304402
0.0315867
0.00397767
0.00408115
0.00413755
0.00415487
0.00413492
0.00407958
0.00399071
0.00386994
0.00371875
0.00353844
0.00333007
0.00309419
0.00283064
0.00253847
0.00221635
0.00186379
0.00148469
0.00109826
0.00078134
0.000758268
0.00112939
0.00170107
0.00236681
0.0030903
0.00385433
0.00464764
0.00546163
0.00628949
0.00712594
0.00796715
0.00881061
0.00965494
0.0104998
0.0113454
0.0121928
0.0130433
0.0138983
0.0147595
0.0156286
0.0165071
0.0173965
0.0182983
0.0192135
0.0201434
0.021089
0.0220512
0.0230308
0.0240286
0.0250452
0.0260813
0.0271375
0.0282144
0.0293126
0.0304332
0.0315778
0.00397607
0.00407865
0.0041346
0.00415184
0.00413217
0.00407743
0.00398952
0.0038701
0.00372068
0.00354268
0.0033373
0.00310539
0.00284731
0.00256306
0.00225299
0.00191977
0.00157345
0.00124493
0.00101905
0.00104733
0.00137718
0.00190086
0.00253236
0.003231
0.00397568
0.00475304
0.00555342
0.00636946
0.00719561
0.00802786
0.00886355
0.00970119
0.0105403
0.011381
0.0122243
0.0130712
0.0139231
0.0147817
0.0156484
0.0165248
0.0174123
0.0183122
0.0192257
0.0201539
0.0210978
0.0220582
0.023036
0.0240319
0.0250466
0.0260806
0.0271346
0.0282092
0.0293049
0.0304227
0.0315644
0.00397395
0.00407533
0.00413067
0.0041478
0.00412849
0.00407456
0.00398793
0.00387029
0.00372323
0.00354829
0.00334687
0.00312019
0.00286929
0.00259533
0.00230068
0.00199154
0.00168386
0.001416
0.00126703
0.0013373
0.00164922
0.00213727
0.00273677
0.00340909
0.00413172
0.00489005
0.00567369
0.00647491
0.00728794
0.00810864
0.00893425
0.00976315
0.0105947
0.011429
0.0122667
0.0131088
0.0139567
0.0148117
0.0156752
0.0165488
0.0174336
0.018331
0.0192422
0.020168
0.0211096
0.0220677
0.0230432
0.0240366
0.0250487
0.02608
0.0271311
0.0282025
0.0292949
0.0304089
0.0315465
0.0039713
0.00407117
0.00412577
0.00414277
0.0041239
0.00407098
0.00398594
0.00387052
0.0037264
0.00355524
0.00335872
0.0031385
0.00289638
0.00263487
0.00235856
0.00207715
0.00181144
0.00160292
0.00151923
0.00162659
0.00193428
0.00239866
0.00297139
0.00361864
0.00431847
0.00505606
0.00582081
0.00660487
0.00740243
0.00820934
0.00902276
0.00984101
0.0106633
0.0114896
0.0123204
0.0131566
0.0139993
0.0148498
0.0157093
0.0165792
0.0174607
0.018355
0.0192632
0.0201861
0.0211248
0.0220799
0.0230523
0.0240427
0.0250515
0.0260794
0.0271269
0.0281945
0.0292826
0.030392
0.0315242
0.00396812
0.0040662
0.0041199
0.00413673
0.0041184
0.00406669
0.00398355
0.00387077
0.00373015
0.00356351
0.00337279
0.00316017
0.00292833
0.0026812
0.00242564
0.00217458
0.00195226
0.00179993
0.00177282
0.00191437
0.0022263
0.0026768
0.00322894
0.00385402
0.00453187
0.00524826
0.0059929
0.00675817
0.00753844
0.00832966
0.00912906
0.00993492
0.0107464
0.0115632
0.0123858
0.0132149
0.0140514
0.0148964
0.015751
0.0166165
0.017494
0.0183844
0.0192889
0.0202083
0.0211434
0.022095
0.0230637
0.0240503
0.0250553
0.0260791
0.0271223
0.0281853
0.0292685
0.0303723
0.0314976
0.0327707
0.0339935
0.0352708
0.0366061
0.038003
0.0394656
0.040998
0.0426049
0.0442914
0.0460631
0.0479262
0.0498873
0.0519538
0.054134
0.056437
0.0588729
0.0327664
0.0339908
0.0352697
0.0366064
0.0380047
0.0394685
0.041002
0.0426099
0.0442972
0.0460696
0.0479331
0.0498945
0.0519612
0.0541413
0.0564441
0.0588795
0.0327578
0.0339853
0.0352671
0.0366065
0.0380072
0.0394731
0.0410084
0.0426177
0.0443062
0.0460793
0.0479432
0.0499047
0.051971
0.0541503
0.0564518
0.0588853
0.0327446
0.0339764
0.035262
0.0366048
0.0380083
0.0394764
0.0410134
0.0426238
0.0443127
0.0460856
0.0479487
0.0499086
0.0519726
0.0541488
0.0564463
0.0588749
0.0327265
0.0339634
0.035253
0.0365988
0.0380045
0.0394738
0.041011
0.0426208
0.044308
0.0460783
0.0479376
0.0498926
0.0519505
0.0541192
0.0564076
0.0588254
0.032703
0.0339448
0.0352375
0.0365849
0.0379907
0.0394589
0.0409937
0.0425997
0.0442819
0.0460457
0.047897
0.0498423
0.0518887
0.0540438
0.0563163
0.0587155
0.0326724
0.0339152
0.0352069
0.0365515
0.0379528
0.0394147
0.0409417
0.0425381
0.0442089
0.0459594
0.0477952
0.0497225
0.0517482
0.0538797
0.056125
0.0584932
0.0326393
0.0338784
0.0351659
0.0365053
0.0379003
0.0393548
0.0408728
0.0424588
0.0441174
0.0458537
0.0476732
0.0495817
0.0515857
0.0536922
0.0559088
0.0582439
0.0326032
0.0338397
0.0351255
0.0364638
0.0378578
0.0393113
0.0408282
0.0424128
0.0440696
0.0458036
0.0476201
0.0495248
0.0515241
0.0536246
0.0558338
0.0581596
0.0325618
0.0337919
0.0350719
0.0364046
0.0377933
0.0392414
0.0407526
0.0423312
0.0439815
0.0457082
0.0475166
0.0494122
0.051401
0.0534896
0.055685
0.0579948
0.0325157
0.033737
0.0350081
0.036332
0.0377116
0.0391503
0.0406518
0.0422199
0.043859
0.0455735
0.0473686
0.0492494
0.0512218
0.053292
0.0554668
0.0577534
0.0324657
0.0336766
0.0349369
0.0362495
0.0376174
0.0390438
0.0405323
0.0420866
0.0437108
0.0454092
0.0471867
0.0490482
0.0509994
0.0530462
0.0551948
0.0574522
0.0324121
0.0336113
0.0348594
0.0361591
0.0375135
0.0389255
0.0403986
0.0419364
0.0435429
0.0452222
0.0469788
0.0488177
0.050744
0.0527633
0.0548816
0.0571053
0.0323549
0.0335416
0.0347764
0.036062
0.0374013
0.0387973
0.0402532
0.0417726
0.0433592
0.045017
0.0467503
0.0485638
0.0504623
0.052451
0.0545357
0.0567223
0.0322945
0.0334678
0.0346884
0.0359589
0.0372819
0.0386606
0.0400979
0.0415973
0.0431624
0.0447969
0.0465049
0.0482908
0.0501593
0.0521152
0.0541637
0.0563106
0.0322307
0.03339
0.0345956
0.0358501
0.0371561
0.0385164
0.039934
0.0414122
0.0429544
0.0445642
0.0462454
0.0480022
0.0498389
0.0517601
0.0537707
0.0558759
0.0321638
0.0333084
0.0344983
0.0357361
0.0370241
0.0383653
0.0397623
0.0412184
0.0427367
0.0443206
0.0459739
0.0477003
0.049504
0.0513892
0.0533606
0.0554227
0.0320937
0.033223
0.0343966
0.035617
0.0368865
0.0382078
0.0395836
0.0410167
0.0425103
0.0440676
0.045692
0.0473871
0.0491569
0.0510052
0.0529364
0.0549547
0.0320204
0.0331338
0.0342906
0.0354931
0.0367435
0.0380444
0.0393982
0.0408078
0.0422761
0.043806
0.045401
0.0470642
0.0487994
0.0506102
0.0525006
0.0544745
0.0319438
0.0330409
0.0341804
0.0353645
0.0365953
0.0378753
0.0392067
0.0405923
0.0420347
0.0435369
0.0451019
0.0467328
0.0484329
0.0502059
0.0520551
0.0539844
0.0318639
0.0329442
0.034066
0.0352313
0.0364422
0.0377008
0.0390094
0.0403706
0.0417868
0.0432609
0.0447955
0.0463938
0.0480587
0.0497936
0.0516017
0.0534864
0.0317805
0.0328438
0.0339475
0.0350936
0.0362841
0.0375211
0.0388066
0.0401431
0.0415329
0.0429786
0.0444827
0.0460482
0.0476778
0.0493746
0.0511415
0.0529818
0.0316936
0.0327394
0.0338248
0.0349515
0.0361214
0.0373364
0.0385986
0.0399102
0.0412734
0.0426905
0.0441641
0.0456967
0.0472911
0.0489498
0.0506759
0.0524721
0.0316029
0.0326311
0.0336979
0.0348049
0.035954
0.037147
0.0383857
0.0396722
0.0410086
0.0423972
0.0438402
0.0453401
0.0468992
0.0485203
0.0502057
0.0519583
0.0315085
0.0325188
0.0335668
0.034654
0.0357821
0.0369528
0.038168
0.0394294
0.0407391
0.0420991
0.0435116
0.0449788
0.046503
0.0480866
0.0497319
0.0514413
0.03141
0.0324023
0.0334314
0.0344987
0.0356058
0.0367542
0.0379457
0.039182
0.040465
0.0417966
0.0431787
0.0446135
0.0461031
0.0476496
0.0492552
0.0509221
0.0313074
0.0322816
0.0332917
0.034339
0.035425
0.0365512
0.037719
0.0389303
0.0401867
0.0414899
0.0428419
0.0442446
0.0456999
0.0472097
0.0487762
0.0504013
0.0312005
0.0321566
0.0331477
0.034175
0.0352399
0.0363438
0.0374882
0.0386745
0.0399044
0.0411796
0.0425017
0.0438726
0.045294
0.0467677
0.0482957
0.0498797
0.0310892
0.0320272
0.0329992
0.0340066
0.0350505
0.0361323
0.0372532
0.0384148
0.0396185
0.0408658
0.0421584
0.0434978
0.0448858
0.046324
0.0478141
0.0493578
0.0309734
0.0318933
0.0328464
0.0338339
0.0348569
0.0359167
0.0370144
0.0381514
0.0393291
0.0405489
0.0418123
0.0431207
0.0444758
0.045879
0.0473319
0.0488361
0.0308529
0.0317548
0.0326891
0.0336569
0.0346592
0.0356971
0.0367718
0.0378845
0.0390365
0.0402291
0.0414637
0.0427416
0.0440643
0.0454332
0.0468497
0.0483151
0.0307276
0.0316117
0.0325273
0.0334755
0.0344572
0.0354735
0.0365255
0.0376142
0.0387409
0.0399067
0.0411129
0.0423609
0.0436518
0.044987
0.0463677
0.0477952
0.0305975
0.0314638
0.032361
0.0332898
0.0342513
0.0352462
0.0362757
0.0373407
0.0384424
0.0395819
0.0407603
0.0419787
0.0432384
0.0445406
0.0458864
0.0472769
0.0304625
0.0313113
0.0321902
0.0330999
0.0340413
0.0350152
0.0360225
0.0370643
0.0381414
0.0392549
0.0404059
0.0415955
0.0428246
0.0440945
0.0454061
0.0467604
0.0303224
0.031154
0.0320149
0.0329058
0.0338274
0.0347806
0.0357661
0.036785
0.0378379
0.038926
0.0400502
0.0412114
0.0424107
0.0436489
0.0449271
0.0462462
0.0301773
0.0309919
0.0318351
0.0327074
0.0336096
0.0345425
0.0355066
0.036503
0.0375323
0.0385954
0.0396933
0.0408268
0.0419968
0.0432042
0.0444499
0.0457345
0.0300272
0.0308251
0.0316509
0.032505
0.0333882
0.034301
0.0352442
0.0362185
0.0372246
0.0382633
0.0393355
0.0404419
0.0415833
0.0427606
0.0439746
0.0452258
0.00396432
0.00406026
0.00411289
0.00412952
0.00411182
0.00406154
0.00398066
0.00387104
0.00373457
0.00357326
0.0033894
0.00318569
0.00296578
0.0027351
0.00250278
0.00228455
0.00210674
0.00200814
0.00203231
0.00220695
0.00252892
0.00297314
0.00351046
0.00411674
0.00477405
0.00546933
0.00619304
0.00693812
0.00769937
0.00847302
0.00925647
0.0100481
0.0108469
0.0116527
0.0124656
0.0132862
0.0141152
0.0149536
0.0158024
0.0166625
0.017535
0.0184208
0.0193209
0.0202359
0.0211668
0.0221141
0.0230785
0.0240606
0.0250609
0.02608
0.0271182
0.0281759
0.0292535
0.0303513
0.0314692
0.00395987
0.0040533
0.00410468
0.00412107
0.00410411
0.00405551
0.00397727
0.00387133
0.00373969
0.00358458
0.00340863
0.00321516
0.00300877
0.00279648
0.00258951
0.00240587
0.00227274
0.00222517
0.00229658
0.00250365
0.00283986
0.00328396
0.00381195
0.00440333
0.00504238
0.00571752
0.00642025
0.00714435
0.00788529
0.00863978
0.00940556
0.0101811
0.0109656
0.0117586
0.0125603
0.0133709
0.0141912
0.0150218
0.0158635
0.0167172
0.0175838
0.018464
0.0193587
0.0202686
0.0211943
0.0221364
0.0230957
0.0240725
0.0250673
0.0260807
0.027113
0.0281646
0.0292358
0.0303269
0.031438
0.00395487
0.00404547
0.00409542
0.00411154
0.00409541
0.0040487
0.00397342
0.0038716
0.00374536
0.00359717
0.00343
0.00324777
0.00305611
0.00286349
0.00268298
0.00253428
0.00244439
0.0024442
0.00255885
0.00279727
0.00315053
0.00359943
0.00412319
0.00470396
0.00532794
0.00598501
0.00666786
0.00737131
0.00809166
0.0088263
0.00957339
0.0103317
0.0111006
0.0118796
0.0126687
0.0134683
0.0142786
0.0151003
0.015934
0.0167804
0.0176401
0.0185139
0.0194024
0.0203063
0.0212261
0.0221624
0.0231157
0.0240865
0.0250751
0.0260821
0.0271078
0.0281525
0.0292166
0.0303003
0.0314038
0.00394931
0.00403677
0.00408512
0.00410095
0.00408573
0.0040411
0.00396911
0.00387183
0.00375156
0.00361096
0.00345337
0.00328333
0.00310741
0.00293546
0.00278214
0.00266821
0.00261986
0.00266383
0.0028186
0.00308754
0.00345983
0.0039173
0.00444113
0.00501529
0.0056275
0.00626893
0.0069335
0.00761714
0.00831711
0.0090316
0.00975936
0.0104996
0.0112518
0.0120156
0.0127911
0.0135784
0.0143777
0.0151895
0.0160141
0.0168521
0.0177042
0.0185707
0.0194522
0.0203493
0.0212625
0.0221921
0.0231388
0.0241028
0.0250845
0.0260844
0.0271028
0.0281399
0.029196
0.0302715
0.0313665
0.0039432
0.0040272
0.0040738
0.0040893
0.00407508
0.00403273
0.00396432
0.00387202
0.00375824
0.00362587
0.00347861
0.00332159
0.0031623
0.00301179
0.00288602
0.00280635
0.00279773
0.00288304
0.00307546
0.00337422
0.00376697
0.00423597
0.00476347
0.00533462
0.00593825
0.00656665
0.00721487
0.00787992
0.00856013
0.00925455
0.00996266
0.0106841
0.0114188
0.0121666
0.0129274
0.0137013
0.0144885
0.0152893
0.0161039
0.0169327
0.017776
0.0186344
0.0195081
0.0203976
0.0213033
0.0222256
0.0231649
0.0241214
0.0250955
0.0260876
0.0270978
0.0281266
0.0291742
0.0302407
0.0313264
0.00393654
0.00401679
0.00406147
0.0040766
0.00406346
0.00402358
0.00395906
0.00387213
0.00376535
0.00364182
0.00350558
0.00336233
0.00322038
0.00309187
0.00299374
0.00294761
0.00297692
0.00310112
0.00332916
0.00365713
0.0040714
0.00455423
0.00508841
0.00565974
0.00625783
0.00687582
0.00750977
0.00815774
0.00881911
0.00949387
0.0101823
0.0108847
0.0116012
0.012332
0.0130772
0.0138369
0.014611
0.0153998
0.0162034
0.017022
0.0178558
0.0187051
0.0195701
0.0204513
0.0213488
0.0222629
0.023194
0.0241423
0.0251081
0.0260916
0.0270931
0.0281129
0.029151
0.0302078
0.0312834
0.00392935
0.00400554
0.00404813
0.00406287
0.00405088
0.00401366
0.00395331
0.00387215
0.00377285
0.00365872
0.00353413
0.0034053
0.00328129
0.00317513
0.00310454
0.00309105
0.00315657
0.00331753
0.0035795
0.00393614
0.0043727
0.00487119
0.00541454
0.00598885
0.00658417
0.00719431
0.00781614
0.00844871
0.00909239
0.00974816
0.0104171
0.0111002
0.0117982
0.0125115
0.0132403
0.0139847
0.0147449
0.0155207
0.0163124
0.0171198
0.0179432
0.0187826
0.0196382
0.0205101
0.0213987
0.0223039
0.0232261
0.0241655
0.0251222
0.0260965
0.0270886
0.0280986
0.0291267
0.030173
0.0312378
0.00392162
0.00399346
0.00403381
0.00404811
0.00403734
0.00400296
0.00394707
0.00387204
0.00378068
0.00367648
0.00356412
0.00345027
0.00334465
0.00326106
0.00321772
0.00323591
0.00333603
0.00353189
0.00382636
0.00421117
0.00467057
0.00518618
0.00574077
0.00632048
0.00691555
0.00752023
0.00813207
0.00875098
0.00937828
0.0100159
0.0106658
0.0113298
0.0120089
0.0127041
0.0134159
0.0141444
0.0148897
0.0156518
0.0164306
0.017226
0.0180381
0.0188668
0.0197121
0.0205741
0.0214528
0.0223484
0.023261
0.0241908
0.0251378
0.0261022
0.0270841
0.0280837
0.0291011
0.0301364
0.0311897
0.00391337
0.00398057
0.00401852
0.00403233
0.00402286
0.00399149
0.00394032
0.00387178
0.00378879
0.00369502
0.00359539
0.00349699
0.0034101
0.00334915
0.00333267
0.00338156
0.00351476
0.00374389
0.00406964
0.00448216
0.00496481
0.00549868
0.00606623
0.0066534
0.00725045
0.00785188
0.00845578
0.00906278
0.00967509
0.0102956
0.010927
0.011572
0.0122322
0.0129091
0.0136032
0.0143152
0.0150449
0.0157924
0.0165576
0.0173402
0.0181401
0.0189573
0.0197915
0.0206427
0.021511
0.0223963
0.0232986
0.024218
0.0251546
0.0261085
0.0270796
0.0280682
0.0290742
0.0300977
0.0311389
0.00390461
0.00396688
0.00400226
0.00401556
0.00400745
0.00397925
0.00393306
0.00387135
0.00379714
0.00371423
0.00362778
0.00354523
0.00347732
0.00343895
0.00344887
0.00352746
0.00369236
0.00395334
0.00430929
0.00474909
0.00525525
0.0058083
0.00639022
0.00698662
0.0075876
0.0081878
0.00878565
0.00938244
0.00998115
0.0105855
0.0111992
0.0118256
0.012467
0.0131252
0.0138014
0.0144962
0.0152097
0.0159419
0.0166927
0.0174617
0.0182487
0.0190536
0.019876
0.0207158
0.0215729
0.0224471
0.0233385
0.024247
0.0251725
0.0261152
0.0270749
0.0280518
0.0290459
0.0300571
0.0310856
0.00389534
0.0039524
0.00398507
0.0039978
0.00399112
0.00396625
0.00392528
0.00387072
0.00380566
0.00373401
0.00366114
0.00359475
0.00354598
0.00353007
0.00356583
0.00367316
0.00386851
0.00416006
0.00454529
0.00501195
0.00554181
0.00611474
0.0067122
0.0073193
0.00792592
0.00852665
0.00912021
0.00970837
0.0102948
0.0108842
0.0114809
0.0120891
0.0127118
0.0133514
0.0140094
0.0146865
0.0153833
0.0160996
0.0168352
0.0175899
0.0183634
0.0191552
0.0199651
0.0207928
0.021638
0.0225006
0.0233804
0.0242773
0.0251912
0.0261221
0.0270699
0.0280346
0.0290161
0.0300145
0.0310296
0.00388557
0.00393715
0.00396695
0.00397907
0.00397387
0.00395248
0.00391697
0.00386986
0.00381429
0.00375428
0.00369531
0.00364533
0.00361576
0.0036221
0.00368316
0.00381831
0.00404294
0.00436396
0.00477762
0.00527077
0.00582442
0.0064178
0.00703172
0.00765078
0.00826448
0.00886729
0.0094581
0.0100391
0.0106147
0.01119
0.0117705
0.012361
0.0129653
0.0135863
0.0142258
0.0148851
0.0155646
0.0162644
0.0169844
0.0177242
0.0184833
0.0192615
0.0200582
0.0208731
0.0217059
0.0225562
0.0234238
0.0243086
0.0252103
0.0261289
0.0270642
0.0280161
0.0289846
0.0299696
0.030971
0.00387531
0.00392116
0.00394793
0.00395939
0.00395572
0.00393796
0.00390812
0.00386874
0.00382298
0.00377492
0.00373015
0.00369675
0.00368639
0.00371472
0.00380049
0.00396257
0.00421545
0.00456495
0.00500631
0.00552558
0.00610307
0.00671731
0.00734844
0.00798048
0.00860247
0.00920871
0.00979814
0.0103733
0.0109391
0.0115015
0.0120666
0.01264
0.0132262
0.0138286
0.0144496
0.0150907
0.0157525
0.0164354
0.0171392
0.0178635
0.0186079
0.0193718
0.0201547
0.0209563
0.021776
0.0226134
0.0234683
0.0243404
0.0252295
0.0261352
0.0270575
0.0279963
0.0289513
0.0299224
0.0309095
0.00386457
0.00390442
0.00392802
0.00393877
0.00393668
0.00392268
0.00389872
0.00386733
0.00383167
0.00379585
0.00376549
0.0037488
0.00375758
0.00380761
0.0039175
0.00410568
0.00438587
0.00476296
0.00523138
0.00577643
0.00637774
0.00701316
0.0076621
0.00830793
0.00893922
0.00955002
0.0101393
0.0107097
0.0112669
0.0118172
0.0123677
0.0129245
0.0134929
0.0140769
0.0146793
0.0153021
0.015946
0.0166116
0.0172987
0.0180071
0.0187361
0.0194852
0.0202539
0.0210415
0.0218477
0.0226718
0.0235135
0.0243724
0.0252483
0.0261408
0.0270497
0.0279747
0.0289158
0.0298727
0.0308451
0.00385337
0.00388697
0.00390724
0.00391723
0.00391676
0.00390664
0.00388876
0.0038656
0.0038403
0.00381695
0.00380119
0.00380127
0.00382909
0.00390047
0.00403391
0.00424742
0.00455406
0.00495797
0.00545284
0.00602335
0.00664845
0.00730526
0.00797247
0.00863275
0.00927417
0.00989045
0.0104805
0.0110473
0.0115967
0.0121358
0.0126723
0.0132131
0.013764
0.0143298
0.0149138
0.015518
0.0161439
0.0167918
0.017462
0.0181539
0.0188671
0.019601
0.0203549
0.0211282
0.0219203
0.0227307
0.0235587
0.0244041
0.0252663
0.0261451
0.0270402
0.0279512
0.028878
0.0298202
0.0307777
0.00384171
0.00386882
0.00388561
0.00389479
0.00389598
0.00388986
0.00387823
0.00386352
0.00384882
0.00383814
0.0038371
0.00385397
0.00390067
0.00399304
0.00414945
0.00438757
0.00471989
0.00514992
0.00567074
0.00626641
0.00691522
0.00759357
0.00827938
0.00895464
0.00960683
0.0102293
0.010821
0.011385
0.0119274
0.0124561
0.0129792
0.0135045
0.0140383
0.0145861
0.0151516
0.0157373
0.0163449
0.016975
0.0176278
0.018303
0.019
0.0197183
0.0204571
0.0212156
0.0219933
0.0227894
0.0236034
0.0244348
0.0252831
0.0261478
0.0270287
0.0279253
0.0288375
0.0297647
0.0307069
0.00382961
0.00385
0.00386316
0.00387146
0.00387434
0.00387233
0.00386712
0.00386106
0.00385715
0.00385932
0.00387309
0.0039067
0.00397209
0.00408507
0.00426391
0.00452597
0.00488327
0.00533879
0.00588509
0.00650564
0.00717808
0.00787806
0.00858272
0.00927333
0.0099368
0.0105661
0.0111601
0.0117219
0.0122581
0.0127769
0.0132872
0.0137974
0.0143145
0.0148444
0.0153915
0.0159587
0.0165479
0.01716
0.0177952
0.0184534
0.0191339
0.0198362
0.0205595
0.021303
0.0220659
0.0228474
0.023647
0.0244641
0.0252981
0.0261485
0.0270149
0.0278968
0.028794
0.0297061
0.0306327
0.00381707
0.00383051
0.0038399
0.00384728
0.00385187
0.00385407
0.00385543
0.00385819
0.00386525
0.00388038
0.00390902
0.0039593
0.00404314
0.00417635
0.00437708
0.00466244
0.00504409
0.00552457
0.00609592
0.0067411
0.00743706
0.00815871
0.00888239
0.00958862
0.0102637
0.0109004
0.0114971
0.0120572
0.0125877
0.0130972
0.0135952
0.0140906
0.0145913
0.0151036
0.0156324
0.0161811
0.0167518
0.0173457
0.0179632
0.0186041
0.0192679
0.019954
0.0206615
0.0213895
0.0221373
0.0229041
0.023689
0.0244915
0.0253109
0.0261467
0.0269983
0.0278654
0.0287474
0.029644
0.0305548
0.00380411
0.00381038
0.00381587
0.00382225
0.00382858
0.00383507
0.00384314
0.00385489
0.00387305
0.00390125
0.00394475
0.00401159
0.00411364
0.00426667
0.00448877
0.00479686
0.00520228
0.00570721
0.00630326
0.00697282
0.0076922
0.00843551
0.0091783
0.00990034
0.0105874
0.0112316
0.0118314
0.0123903
0.0129155
0.0134161
0.0139021
0.0143831
0.0148676
0.0153624
0.015873
0.0164032
0.0169555
0.0175311
0.0181307
0.0187541
0.019401
0.0200706
0.0207621
0.0214745
0.022207
0.0229587
0.0237287
0.0245164
0.025321
0.0261419
0.0269786
0.0278306
0.0286973
0.0295783
0.0304732
0.00379074
0.00378964
0.00379107
0.0037964
0.00380448
0.00381534
0.00383024
0.00385111
0.0038805
0.00392182
0.00398016
0.00406341
0.00418338
0.00435584
0.00459881
0.00492908
0.00535776
0.0058867
0.00650712
0.00720084
0.00794352
0.00870847
0.00947041
0.0102084
0.0109074
0.0115594
0.0121627
0.0127206
0.0132408
0.0137327
0.0142071
0.0146739
0.0151423
0.0156199
0.0161124
0.0166241
0.0171578
0.0177151
0.0182967
0.0189026
0.0195324
0.0201853
0.0208606
0.0215572
0.0222742
0.0230106
0.0237656
0.0245383
0.0253279
0.0261339
0.0269555
0.0277921
0.0286434
0.0295086
0.0303875
0.00377697
0.0037683
0.00376554
0.00376975
0.00377958
0.00379489
0.00381673
0.00384684
0.00388754
0.00394202
0.00401512
0.00411461
0.00425221
0.00444369
0.00470704
0.00505899
0.00551046
0.00606302
0.0067075
0.0074252
0.00819106
0.0089776
0.00975869
0.0105126
0.0112238
0.0118837
0.0124904
0.0130476
0.0135629
0.0140464
0.0145092
0.014962
0.0154146
0.0158749
0.0163494
0.0168427
0.0173579
0.0178968
0.0184603
0.0190486
0.0196611
0.0202974
0.0209563
0.0216369
0.0223383
0.0230593
0.023799
0.0245566
0.0253312
0.026122
0.0269284
0.0277497
0.0285854
0.0294348
0.0302975
0.00376282
0.00374639
0.00373929
0.00374232
0.00375392
0.00377372
0.0038026
0.00384204
0.00389412
0.00396175
0.00404953
0.00416504
0.00431996
0.00453005
0.00481333
0.00518647
0.0056603
0.00623614
0.00690443
0.00764593
0.00843485
0.0092429
0.0100431
0.0108129
0.0115362
0.012204
0.0128143
0.0133707
0.0138813
0.0143564
0.0148078
0.0152467
0.0156835
0.0161267
0.0165833
0.0170581
0.0175548
0.0180753
0.0186207
0.0191912
0.0197865
0.0204059
0.0210484
0.021713
0.0223986
0.0231041
0.0238285
0.0245709
0.0253303
0.026106
0.0268971
0.027703
0.0285231
0.0293567
0.0302032
0.0037483
0.00372392
0.00371236
0.00371414
0.00372749
0.00375185
0.00378784
0.00383669
0.00390019
0.00398093
0.00408326
0.00421457
0.00438648
0.00461477
0.00491753
0.00531144
0.00580724
0.00640604
0.00709791
0.00786304
0.00867493
0.00950441
0.0103236
0.0111093
0.0118447
0.0125203
0.0131341
0.0136897
0.0141955
0.0146623
0.0151022
0.0155273
0.0159483
0.0163744
0.016813
0.0172695
0.0177476
0.0182497
0.0187769
0.0193297
0.0199077
0.0205101
0.0211362
0.0217847
0.0224545
0.0231445
0.0238536
0.0245807
0.025325
0.0260854
0.0268612
0.0276517
0.0284561
0.0292739
0.0301043
0.00373341
0.00370093
0.00368477
0.00368522
0.00370032
0.00372927
0.00377244
0.00383076
0.00390569
0.00399949
0.00411622
0.00426308
0.00445164
0.00469773
0.00501954
0.0054338
0.00595121
0.00657269
0.00728794
0.00807657
0.00891132
0.00976215
0.0106003
0.0114017
0.012149
0.0128324
0.0134495
0.0140042
0.0145051
0.0149634
0.0153919
0.0158031
0.0162083
0.0166173
0.0170379
0.017476
0.0179355
0.0184192
0.0189283
0.0194633
0.0200239
0.0206095
0.021219
0.0218514
0.0225055
0.0231799
0.0238737
0.0245856
0.0253146
0.0260599
0.0268205
0.0275955
0.0283844
0.0291863
0.0300007
0.00371818
0.00367743
0.00365655
0.00365559
0.00367242
0.003706
0.0037564
0.00382422
0.00391057
0.00401735
0.0041483
0.00431044
0.0045153
0.00477879
0.00511924
0.00555347
0.00609216
0.00673608
0.00747454
0.00828655
0.00914407
0.0100161
0.0108731
0.0116901
0.0124491
0.01314
0.0137603
0.0143139
0.0148097
0.0152594
0.0156763
0.0160734
0.0164628
0.0168546
0.0172572
0.0176768
0.0181178
0.018583
0.019074
0.0195912
0.0201345
0.0207032
0.0212963
0.0219126
0.0225509
0.0232099
0.0238883
0.0245851
0.025299
0.0260291
0.0267745
0.0275342
0.0283076
0.0290938
0.0298922
0.00370262
0.00365345
0.00362772
0.00362528
0.00364382
0.00368204
0.0037397
0.00381705
0.00391479
0.00403444
0.00417941
0.00435655
0.00457735
0.00485785
0.00521653
0.00567037
0.00623006
0.0068962
0.00765771
0.008493
0.00937319
0.0102664
0.0111421
0.0119745
0.0127451
0.0134432
0.0140664
0.0146186
0.015109
0.0155499
0.015955
0.0163379
0.0167112
0.0170858
0.0174703
0.0178714
0.0182938
0.0187406
0.0192134
0.0197129
0.0202389
0.0207907
0.0213674
0.0219677
0.0225903
0.0232339
0.0238971
0.0245787
0.0252776
0.0259927
0.026723
0.0274675
0.0282255
0.0289962
0.0297787
0.00368674
0.00362902
0.0035983
0.00359431
0.00361452
0.0036574
0.00372235
0.00380922
0.0039183
0.00405069
0.00420946
0.0044013
0.00463768
0.0049348
0.00531133
0.00578443
0.00636485
0.00705302
0.00783747
0.00869595
0.00959874
0.010513
0.0114073
0.0122549
0.0130367
0.0137419
0.0143676
0.0149181
0.0154028
0.0158345
0.0162275
0.0165959
0.0169531
0.0173102
0.0176765
0.018059
0.0184628
0.0188911
0.0193458
0.0198276
0.0203364
0.0208715
0.0214318
0.0220162
0.0226232
0.0232515
0.0238996
0.0245663
0.0252502
0.0259504
0.0266657
0.0273952
0.028138
0.0288932
0.0296601
0.00367055
0.00360415
0.00356834
0.0035627
0.00358456
0.00363209
0.00370434
0.00380072
0.00392106
0.00406603
0.00423837
0.00444459
0.0046962
0.00500954
0.00540357
0.00589562
0.00649652
0.00720656
0.00801384
0.00889545
0.00982077
0.010756
0.0116686
0.0125313
0.0133241
0.0140358
0.0146637
0.0152121
0.0156907
0.0161129
0.0164934
0.0168472
0.0171878
0.0175273
0.0178753
0.0182392
0.0186243
0.0190341
0.0194707
0.0199348
0.0204264
0.0209449
0.021489
0.0220576
0.0226492
0.0232623
0.0238954
0.0245473
0.0252165
0.025902
0.0266025
0.0273171
0.0280448
0.0287848
0.0295363
0.00365408
0.00357887
0.00353784
0.00353047
0.00355394
0.00360612
0.00368565
0.00379151
0.00392302
0.0040804
0.00426606
0.00448635
0.00475281
0.005082
0.00549316
0.00600387
0.00662504
0.0073568
0.00818684
0.00909152
0.0100393
0.0109954
0.0119262
0.0128036
0.0136071
0.0143251
0.0149547
0.0155005
0.0159726
0.0163848
0.0167525
0.0170911
0.017415
0.0177367
0.0180661
0.0184112
0.0187776
0.019169
0.0195875
0.020034
0.0205086
0.0210104
0.0215385
0.0220915
0.0226678
0.0232659
0.0238843
0.0245215
0.0251762
0.0258471
0.0265331
0.027233
0.0279459
0.0286709
0.0294071
0.00409375
0.00429247
0.00452649
0.00480743
0.00515212
0.00558008
0.00610917
0.00675041
0.00750378
0.00835652
0.00928424
0.0102544
0.0112313
0.0121802
0.013072
0.0138858
0.0146096
0.0152405
0.0157832
0.0162482
0.0166499
0.0170043
0.0173274
0.0176343
0.0179378
0.0182485
0.0185747
0.0189223
0.0192952
0.0196957
0.0201247
0.0205823
0.0210677
0.0215799
0.0221174
0.0226786
0.023262
0.0238658
0.0244887
0.0251291
0.0257857
0.0264574
0.0271429
0.0278412
0.0285514
0.0292727
0.00397764
0.00409535
0.00417011
0.00421011
0.00421784
0.00419597
0.00414749
0.00407543
0.00398311
0.00387435
0.00375377
0.00362717
0.00350207
0.00338836
0.0032989
0.0032497
0.003259
0.00334468
0.00352036
0.00379225
0.00415841
0.00461072
0.00513781
0.00572762
0.00636888
0.00705181
0.00776835
0.0085121
0.00927818
0.010063
0.0108643
0.0116805
0.012511
0.0133557
0.014215
0.0150897
0.0159807
0.0168892
0.0178162
0.018763
0.0197307
0.0207206
0.0217337
0.0227711
0.0238341
0.0249235
0.0260405
0.0271861
0.0283615
0.0295676
0.0308055
0.0320764
0.0333814
0.0347222
0.0361016
0.00397813
0.00409209
0.00416182
0.00419549
0.00419542
0.0041641
0.00410423
0.00401851
0.00390985
0.00378152
0.0036374
0.00348232
0.0033225
0.0031664
0.0030257
0.0029165
0.00285951
0.00287813
0.00299339
0.00321772
0.00355178
0.00398649
0.00450762
0.00509993
0.00574933
0.00644379
0.00717343
0.00793043
0.00870882
0.00950424
0.0103137
0.0111354
0.0119684
0.0128126
0.0136684
0.0145366
0.0154182
0.0163143
0.0172263
0.0181555
0.019103
0.0200702
0.0210581
0.022068
0.0231008
0.0241577
0.0252396
0.0263476
0.0274826
0.0286456
0.0298376
0.0310596
0.0323129
0.033599
0.0349216
0.00397853
0.00408935
0.00415486
0.0041832
0.00417655
0.00413721
0.00406763
0.0039702
0.0038474
0.00370194
0.00353694
0.0033561
0.00316411
0.00296746
0.00277579
0.00260405
0.0024746
0.00241744
0.00246479
0.00263971
0.00294678
0.00337369
0.00390024
0.00450575
0.00517233
0.00588541
0.0066335
0.00740768
0.00820123
0.00900927
0.00982853
0.010657
0.0114938
0.0123387
0.0131922
0.0140552
0.0149289
0.0158146
0.0167136
0.0176274
0.0185573
0.0195045
0.0204702
0.0214557
0.0224619
0.0234899
0.0245407
0.0256151
0.0267142
0.0278387
0.0289896
0.0301679
0.0313745
0.0326112
0.0338813
0.00397885
0.00408715
0.00414926
0.0041733
0.00416133
0.00411548
0.00403799
0.00393095
0.00379647
0.00363672
0.00345408
0.00325109
0.00303077
0.00279721
0.00255705
0.00232222
0.00211433
0.00196948
0.00193663
0.00205911
0.00234852
0.00278358
0.00333153
0.0039632
0.00465635
0.00539446
0.00616514
0.00695905
0.00776927
0.00859086
0.00942053
0.0102563
0.0110974
0.0119438
0.0127961
0.0136553
0.0145228
0.0154
0.0162883
0.0171894
0.0181045
0.019035
0.0199821
0.0209471
0.0219309
0.0229346
0.023959
0.0250051
0.0260737
0.0271656
0.0282815
0.0294225
0.0305893
0.0317835
0.033008
0.00397908
0.00408549
0.00414504
0.00416584
0.00414984
0.00409905
0.00401554
0.00390116
0.00375768
0.00358686
0.00339037
0.00316974
0.00292636
0.00266182
0.00237902
0.0020848
0.00179557
0.00154822
0.00141325
0.00147723
0.0017681
0.00223792
0.00282813
0.00349911
0.00422618
0.00499291
0.00578752
0.00660124
0.00742761
0.00826201
0.00910141
0.00994409
0.0107894
0.0116376
0.0124894
0.013346
0.0142089
0.0150796
0.0159598
0.016851
0.0177547
0.0186722
0.0196049
0.0205539
0.0215202
0.0225048
0.0235086
0.0245324
0.025577
0.0266432
0.0277317
0.0288432
0.0299786
0.031139
0.032327
0.00397924
0.00408438
0.00414221
0.00416084
0.00414214
0.00408803
0.00400046
0.00388112
0.00373154
0.00355315
0.00334712
0.00311419
0.00285444
0.00256732
0.00225212
0.00190957
0.001546
0.00118543
0.000907598
0.000897128
0.00123567
0.00178171
0.00243381
0.0031507
0.00391215
0.00470532
0.00552068
0.00635086
0.00719023
0.00803474
0.00888175
0.00972982
0.0105785
0.0114283
0.01228
0.013135
0.0139949
0.0148613
0.015736
0.0166205
0.0175164
0.018425
0.0193478
0.0202857
0.02124
0.0222115
0.0232011
0.0242096
0.0252377
0.0262862
0.0273556
0.0284467
0.0295603
0.0306972
0.0318596
0.00397932
0.00408382
0.0041408
0.00415834
0.00413828
0.00408251
0.0039929
0.00387104
0.00371837
0.00353614
0.00332525
0.00308599
0.00281773
0.00251864
0.00218577
0.00181543
0.00140436
0.000953008
0.000485365
0.000338387
0.000851679
0.00150183
0.00220992
0.00296076
0.00374496
0.00455446
0.00538208
0.00622169
0.00706837
0.0079185
0.00876969
0.00962073
0.0104713
0.011322
0.0121737
0.013028
0.0138864
0.0147507
0.0156225
0.0165036
0.0173956
0.0182997
0.0192174
0.0201498
0.0210979
0.0220628
0.0230451
0.0240458
0.0250655
0.0261049
0.0271646
0.0282452
0.0293476
0.0304725
0.0316216
0.0375626
0.039123
0.040762
0.0424866
0.0443044
0.0462236
0.0482533
0.0504034
0.0526851
0.0551107
0.0576943
0.0604516
0.0634002
0.0665604
0.069955
0.0736101
0.036316
0.037796
0.0393489
0.0409809
0.0426985
0.0445088
0.0464198
0.04844
0.0505792
0.0528483
0.0552594
0.0578261
0.0605637
0.0634897
0.0666237
0.0699882
0.035212
0.036615
0.0380859
0.03963
0.0412529
0.0429605
0.0447598
0.0466582
0.048664
0.0507866
0.0530365
0.0554252
0.057966
0.0606735
0.0635646
0.0666583
0.0342828
0.0356187
0.0370178
0.0384849
0.0400245
0.0416421
0.0433434
0.045135
0.0470238
0.0490181
0.0511266
0.0533592
0.0557271
0.0582427
0.0609201
0.0637752
0.0335566
0.0348387
0.03618
0.0375846
0.0390568
0.0406012
0.0422228
0.0439273
0.0457209
0.0476104
0.0496034
0.0517085
0.0539348
0.0562931
0.0587951
0.061454
0.0330575
0.0343019
0.0356027
0.0369633
0.0383879
0.0398805
0.0414457
0.0430885
0.0448145
0.0466296
0.0485407
0.0505549
0.0526805
0.0549266
0.0573033
0.0598218
0.0328032
0.0340283
0.0353081
0.036646
0.0380459
0.0395117
0.0410476
0.0426585
0.0443494
0.0461259
0.0479943
0.0499613
0.0520345
0.0542221
0.0565334
0.0589786
0.0654444
0.0674433
0.0695132
0.0716555
0.0738712
0.0761614
0.0785272
0.0809694
0.0834883
0.0860844
0.0887577
0.0915075
0.0943332
0.0972332
0.100206
0.103248
0.0655953
0.0676439
0.0697679
0.0719688
0.0742482
0.0766076
0.0790485
0.0815719
0.0841788
0.0868701
0.0896461
0.0925068
0.0954519
0.0984805
0.101591
0.104781
0.0656833
0.0677801
0.0699566
0.0722148
0.0745568
0.0769843
0.0794993
0.0821033
0.0847979
0.0875842
0.0904633
0.0934357
0.0965016
0.0996605
0.102912
0.106253
0.0657048
0.0678479
0.0700751
0.072389
0.0747918
0.0772859
0.0798737
0.0825572
0.0853385
0.0882193
0.0912013
0.0942856
0.097473
0.100764
0.104158
0.107653
0.0656561
0.0678434
0.0701192
0.0724865
0.0749481
0.0775069
0.0801656
0.0829269
0.0857935
0.0887677
0.0918518
0.0950476
0.0983566
0.10178
0.105318
0.10897
0.0655339
0.0677627
0.0700845
0.0725027
0.0750206
0.0776415
0.0803688
0.0832057
0.0861556
0.0892214
0.0924061
0.0957123
0.0991422
0.102698
0.10638
0.11019
0.0653348
0.0676022
0.069967
0.072433
0.0750041
0.0776842
0.0804771
0.0833868
0.0864172
0.0895721
0.0928552
0.0962699
0.0998193
0.103506
0.107333
0.111301
0.0650556
0.0673582
0.0697625
0.0722729
0.0748937
0.0776293
0.0804843
0.0834633
0.0865708
0.0898115
0.0931899
0.0967104
0.100377
0.104193
0.108163
0.112289
0.0646933
0.0670273
0.0694672
0.072018
0.0746843
0.0774713
0.0803842
0.0834282
0.0866088
0.0899313
0.0934011
0.0970235
0.100804
0.104747
0.108857
0.113139
0.0642451
0.0666063
0.0690775
0.0716641
0.0743714
0.0772051
0.0801709
0.0832751
0.0865236
0.0899229
0.0934792
0.097199
0.101088
0.105154
0.109401
0.113835
0.0637087
0.0660925
0.0685902
0.0712075
0.0739505
0.0768254
0.0798387
0.0829972
0.086308
0.0897781
0.0934151
0.0972263
0.101219
0.105402
0.10978
0.114363
0.063082
0.0654833
0.0680022
0.0706448
0.0734177
0.0763277
0.0793822
0.0825886
0.0859548
0.089489
0.0931996
0.0970952
0.101185
0.105477
0.109981
0.114705
0.0623634
0.0647769
0.0673112
0.0699729
0.0727693
0.0757079
0.0787964
0.0820434
0.0854575
0.0890478
0.092824
0.0967957
0.100973
0.105367
0.109988
0.114845
0.0615519
0.0639717
0.0665152
0.0691896
0.0720026
0.0749623
0.0780772
0.0813566
0.08481
0.0884476
0.09228
0.0963183
0.100574
0.105059
0.109786
0.114767
0.0606472
0.0630671
0.0656132
0.0682932
0.0711153
0.0740881
0.0772209
0.0805237
0.084007
0.0876819
0.0915601
0.0956541
0.0999768
0.104542
0.109363
0.114456
0.0596494
0.062063
0.0646048
0.0672829
0.0701059
0.0730833
0.076225
0.0795415
0.0830443
0.0867455
0.0906578
0.0947951
0.0991718
0.103803
0.108705
0.113894
0.0585599
0.0609603
0.0634904
0.0661587
0.0689743
0.0719472
0.0750878
0.0784075
0.0819186
0.085634
0.0895678
0.0937348
0.0981509
0.102833
0.107799
0.113068
0.0573806
0.0597608
0.0622716
0.0649219
0.0677212
0.0706799
0.0738091
0.0771209
0.0806281
0.0843448
0.088286
0.0924678
0.0969075
0.101624
0.106636
0.111966
0.0561148
0.0584676
0.0609513
0.063575
0.0663488
0.0692834
0.0723903
0.0756822
0.0791729
0.082877
0.0868106
0.0909909
0.0954367
0.100168
0.105207
0.110576
0.0547668
0.0570849
0.0595335
0.0621221
0.0648609
0.0677609
0.0708342
0.0740941
0.0775547
0.0812316
0.0851416
0.0893032
0.0937362
0.0984623
0.103505
0.108889
0.0533424
0.0556186
0.0580241
0.0605688
0.0632629
0.0661179
0.0691461
0.0723611
0.0757778
0.0794121
0.0832819
0.0874064
0.0918065
0.0965054
0.101528
0.106902
0.0518489
0.0540759
0.0564306
0.0589226
0.0615624
0.0643618
0.0673332
0.0704905
0.0738489
0.0774251
0.0812372
0.0853054
0.0896516
0.0943
0.0992771
0.104612
0.0502952
0.0524662
0.0547623
0.0571932
0.0597694
0.0625026
0.0654055
0.0684922
0.071778
0.07528
0.0790167
0.0830089
0.0872792
0.0918529
0.0967575
0.102024
0.0486924
0.0508008
0.0530311
0.0553926
0.0578961
0.060553
0.0633761
0.0663794
0.0695783
0.0729901
0.0766335
0.0805297
0.0847019
0.0891757
0.09398
0.0991463
0.0470535
0.0490934
0.0512511
0.0535358
0.0559579
0.0585289
0.0612611
0.0641687
0.0672668
0.0705727
0.0741052
0.0778855
0.081937
0.0862858
0.0909612
0.0959956
0.0453941
0.0473603
0.0494393
0.0516403
0.0539733
0.0564492
0.0590805
0.0618806
0.0648647
0.0680497
0.0714541
0.0750991
0.0790079
0.0832067
0.0877247
0.092595
0.0437322
0.0456204
0.0476158
0.0497271
0.0519639
0.0543368
0.0568577
0.0595397
0.0623975
0.0654474
0.0687077
0.0721988
0.0759438
0.0799683
0.0843014
0.0889758
0.042089
0.0438957
0.0458033
0.0478198
0.0499544
0.0522171
0.0546193
0.0571735
0.0598937
0.0627956
0.0658968
0.0692169
0.0727781
0.0766055
0.0807272
0.0851751
0.0404881
0.042211
0.0440273
0.0459447
0.0479719
0.0501183
0.0523947
0.0548127
0.0573857
0.0601285
0.0630575
0.0661915
0.0695514
0.0731611
0.0770475
0.0812413
0.0389569
0.0405946
0.0423178
0.0441338
0.0460507
0.0480775
0.0502241
0.0525015
0.0549219
0.057499
0.0602482
0.0631869
0.0663345
0.0697134
0.0733487
0.0772692
0.00389187
0.00433961
0.0048167
0.00531771
0.00583841
0.00637688
0.00693256
0.00750549
0.00809631
0.00870702
0.00934254
0.0100123
0.0107309
0.0115173
0.012392
0.0133725
0.0144689
0.0156807
0.016995
0.018388
0.019828
0.02128
0.0227101
0.0240898
0.0253983
0.0266244
0.0277658
0.028828
0.0298227
0.0307654
0.0316736
0.032565
0.033456
0.0343614
0.0352931
0.0362608
0.0372716
0.0383303
0.0394398
0.0406016
0.00389766
0.0043327
0.00479563
0.00528175
0.00578717
0.0063102
0.00685043
0.00740803
0.00798371
0.00857951
0.00920026
0.00985512
0.0105584
0.0113285
0.0121853
0.0131459
0.0142203
0.015408
0.0166968
0.0180637
0.0194781
0.0209061
0.0223149
0.0236769
0.0249721
0.0261894
0.0273265
0.0283889
0.0293877
0.030338
0.0312566
0.0321606
0.0330661
0.0339871
0.0349355
0.0359205
0.0369491
0.038026
0.0391542
0.040335
0.0415688
0.042855
0.0441925
0.0455797
0.0470147
0.0484955
0.0500201
0.0515864
0.0531924
0.0548361
0.0565157
0.0582292
0.0599747
0.0617506
0.0635549
0.0039032
0.00432541
0.00477394
0.00524481
0.00573451
0.00624159
0.00676582
0.00730749
0.0078674
0.00844763
0.00905293
0.00969226
0.0103795
0.0111326
0.0119709
0.0129111
0.013963
0.0151262
0.0163891
0.0177293
0.0191176
0.0205209
0.0219076
0.023251
0.0245316
0.0257388
0.0268704
0.0279314
0.0289328
0.029889
0.0308165
0.0317316
0.0326499
0.033585
0.0345485
0.0355493
0.0365942
0.0376879
0.0388332
0.0400317
0.0412836
0.0425886
0.0439457
0.0453534
0.0468101
0.0483138
0.0498627
0.051455
0.0530886
0.0547619
0.0564731
0.0582203
0.0600018
0.061816
0.0636611
0.00390848
0.00431776
0.00475166
0.00520696
0.00568053
0.00617118
0.00667885
0.00720399
0.00774749
0.00831149
0.00890066
0.00952375
0.0101943
0.0109298
0.011749
0.0126682
0.013697
0.0148353
0.0160717
0.0173849
0.0187463
0.0201242
0.021488
0.0228118
0.0240768
0.0252727
0.0263972
0.0274555
0.0284579
0.0294186
0.0303532
0.0312777
0.0322073
0.033155
0.034132
0.035147
0.0362066
0.0373155
0.0384765
0.039691
0.0409596
0.0422819
0.043657
0.0450837
0.0465603
0.0480853
0.049657
0.0512735
0.0529332
0.0546344
0.0563754
0.0581547
0.0599706
0.0618215
0.0637058
0.00391351
0.00430978
0.00472887
0.00516828
0.00562532
0.00609905
0.00658963
0.00709764
0.00762411
0.00817119
0.00874354
0.00934971
0.0100029
0.01072
0.0115195
0.0124172
0.0134225
0.0145352
0.0157447
0.0170302
0.0183642
0.019716
0.0210561
0.0223593
0.0236076
0.0247908
0.0259071
0.0269611
0.0279631
0.0289265
0.0298667
0.0307991
0.0317383
0.0326969
0.0336858
0.0347135
0.0357863
0.0369087
0.0380837
0.0393127
0.0405963
0.0419341
0.0433256
0.0447695
0.0462644
0.0478089
0.0494014
0.0510404
0.0527242
0.0544514
0.0562205
0.0580299
0.0598783
0.0617641
0.0636859
0.00391831
0.00430151
0.00470561
0.00512886
0.00556899
0.00602534
0.00649829
0.00698859
0.00749737
0.00802688
0.0085817
0.00917023
0.00980531
0.0105035
0.0112826
0.0121581
0.0131393
0.014226
0.015408
0.0166653
0.0179712
0.0192963
0.0206117
0.0218934
0.0231238
0.0242933
0.0253999
0.0264482
0.0274482
0.0284129
0.0293571
0.0302958
0.0312429
0.0322109
0.0332101
0.0342487
0.035333
0.0364674
0.0376547
0.0388965
0.0401933
0.0415449
0.0429509
0.0444101
0.0459214
0.0474835
0.0490949
0.0507542
0.0524601
0.0542112
0.0560062
0.0578437
0.0597224
0.0616409
0.063598
0.00392286
0.00429297
0.00468194
0.00508878
0.00551164
0.00595017
0.00640497
0.00687696
0.00736743
0.00787868
0.00841529
0.00898546
0.00960174
0.0102802
0.0110383
0.0118911
0.0128475
0.0139077
0.0150616
0.0162901
0.0175674
0.0188649
0.0201549
0.0214141
0.0226255
0.02378
0.0248756
0.0259169
0.0269134
0.0278779
0.0288245
0.0297678
0.0307213
0.031697
0.0327048
0.0337528
0.034847
0.0359916
0.0371895
0.0384421
0.0397503
0.0411139
0.0425324
0.044005
0.0455306
0.0471081
0.0487362
0.0504137
0.0521394
0.053912
0.0557305
0.0575937
0.0595002
0.0614491
0.0634391
0.00392718
0.0042842
0.00465792
0.00504813
0.00545339
0.00587367
0.00630982
0.00676293
0.00723446
0.00772677
0.00824444
0.00879554
0.00939229
0.0100504
0.0107868
0.0116161
0.0125472
0.0135802
0.0147055
0.0159046
0.0171526
0.0184218
0.0196855
0.0209212
0.0221127
0.0232509
0.0243342
0.0253671
0.0263587
0.0273214
0.028269
0.0292154
0.0301737
0.0311555
0.0321703
0.0332259
0.0343282
0.0354813
0.0366879
0.0379497
0.0392673
0.0406408
0.0420698
0.0435536
0.0450913
0.0466819
0.0483243
0.0500175
0.0517605
0.0535522
0.0553916
0.0572777
0.0592095
0.061186
0.0632061
0.00393128
0.00427522
0.00463363
0.00500701
0.00539437
0.005796
0.006213
0.00664667
0.00709862
0.00757132
0.00806935
0.00860062
0.00917711
0.0098141
0.0105281
0.0113333
0.0122385
0.0132437
0.0143398
0.0155089
0.0167268
0.017967
0.0192036
0.0204149
0.0215852
0.0227061
0.0237759
0.024799
0.0257844
0.0267439
0.0276909
0.0286389
0.0296004
0.0305865
0.0316067
0.0326683
0.0337769
0.0349367
0.0361502
0.0374191
0.0387441
0.0401254
0.0415627
0.0430555
0.0446029
0.0462042
0.0478585
0.0495649
0.0513225
0.0531304
0.0549879
0.056894
0.0588481
0.0608491
0.0628963
0.00393516
0.00426609
0.00460913
0.00496551
0.0053347
0.00571731
0.00611469
0.00652837
0.00696011
0.00741252
0.00789018
0.0084009
0.00895637
0.0095715
0.0102623
0.0110428
0.0119214
0.0128982
0.0139645
0.0151029
0.0162901
0.0175005
0.0187091
0.019895
0.0210433
0.0221457
0.0232007
0.0242128
0.0251905
0.0261454
0.0270904
0.0280384
0.0290016
0.0299906
0.0310145
0.0320803
0.0331936
0.0343581
0.0355766
0.0368507
0.038181
0.039568
0.0410113
0.0425107
0.0440654
0.0456748
0.0473382
0.0490549
0.0508241
0.0526453
0.0545178
0.0564408
0.0584138
0.060436
0.0625068
0.00393882
0.00425682
0.00458449
0.00492376
0.00527454
0.00563777
0.00601508
0.00640823
0.00681916
0.0072506
0.00770717
0.00819658
0.00873026
0.00932277
0.00998975
0.0107448
0.011596
0.0125439
0.0135796
0.0146866
0.0158425
0.0170223
0.0182021
0.0193618
0.0204869
0.0215697
0.0226089
0.0236086
0.0245774
0.0255264
0.0264679
0.0274146
0.0283779
0.0293682
0.0303941
0.0314625
0.0325786
0.0337461
0.0349676
0.0362448
0.0375784
0.0389687
0.0404157
0.0419191
0.0434785
0.0450933
0.0467629
0.048487
0.0502649
0.0520961
0.0539802
0.0559166
0.057905
0.0599448
0.0620355
0.00394228
0.00424746
0.00455977
0.00488185
0.00521402
0.00555756
0.00591438
0.00628647
0.00667598
0.00708578
0.00752054
0.00798787
0.00849899
0.0090681
0.00971045
0.0104393
0.0112626
0.0121806
0.0131852
0.0142602
0.015384
0.0165325
0.0176826
0.0188151
0.0199162
0.0209784
0.0220006
0.0229869
0.0239455
0.0248872
0.025824
0.0267678
0.0277299
0.02872
0.0297464
0.0308156
0.0319327
0.0331013
0.0343239
0.0356021
0.0369366
0.038328
0.0397762
0.0412811
0.0428424
0.0444597
0.0461327
0.0478609
0.0496441
0.051482
0.0533741
0.0553203
0.0573203
0.0593737
0.0614803
0.00394553
0.00423803
0.00453506
0.0048399
0.00515331
0.00547688
0.00581281
0.00616335
0.00653084
0.00691833
0.00733054
0.00777502
0.00826279
0.00880771
0.00942465
0.0101265
0.0109211
0.0118087
0.0127814
0.0138237
0.0149146
0.016031
0.0171508
0.0182553
0.0193313
0.0203719
0.0213761
0.0223478
0.0232952
0.0242285
0.0251592
0.0260989
0.0270583
0.0280467
0.029072
0.0301404
0.0312568
0.0324246
0.0336463
0.0349233
0.0362566
0.0376466
0.0390936
0.0405973
0.0421577
0.0437745
0.0454476
0.0471768
0.0489618
0.0508027
0.0526991
0.0546512
0.0566586
0.0587214
0.0608394
0.0039486
0.00422859
0.00451043
0.00479804
0.00509256
0.00539593
0.00571061
0.00603912
0.00638402
0.00674854
0.00713746
0.00755832
0.00802191
0.00854182
0.00913254
0.00980662
0.0105717
0.0114282
0.0123683
0.0133771
0.0144345
0.0155181
0.0166066
0.0176823
0.0187325
0.0197506
0.0207358
0.021692
0.022627
0.0235508
0.0244743
0.0254087
0.026364
0.0273492
0.0283719
0.0294379
0.0305519
0.031717
0.0329358
0.0342095
0.0355393
0.0369256
0.0383686
0.0398684
0.0414249
0.0430383
0.0447082
0.0464349
0.0482182
0.0500582
0.051955
0.0539087
0.0559193
0.057987
0.0601117
0.00395147
0.00421916
0.00448596
0.00475638
0.00503195
0.00531492
0.00560804
0.00591406
0.00623583
0.00657671
0.00694162
0.00733806
0.00777666
0.0082707
0.00883434
0.00947984
0.0102146
0.0110391
0.0119459
0.0129206
0.0139436
0.0149937
0.0160503
0.0170963
0.0181199
0.0191148
0.0200801
0.0210199
0.0219416
0.0228549
0.0237702
0.024698
0.025648
0.0266288
0.0276474
0.0287095
0.0298192
0.0309799
0.0321937
0.033462
0.034786
0.036166
0.0376025
0.0390955
0.0406453
0.0422519
0.0439155
0.045636
0.0474139
0.0492491
0.0511421
0.0530931
0.0551023
0.05717
0.0592965
0.00395417
0.00420978
0.00446172
0.00471505
0.00497165
0.00523408
0.00550536
0.0057885
0.00608659
0.0064032
0.00674337
0.00711458
0.00752732
0.00799463
0.00853032
0.00914635
0.00985
0.0106417
0.0115144
0.0124541
0.0134422
0.014458
0.0154819
0.0164977
0.017494
0.0184648
0.0194096
0.0203322
0.0212399
0.0221417
0.0230478
0.0239681
0.0249117
0.0258868
0.0268999
0.0279564
0.0290604
0.0302147
0.0314216
0.0326824
0.0339982
0.0353695
0.0367968
0.0382803
0.0398202
0.0414169
0.0430705
0.0447814
0.0465499
0.0483763
0.0502611
0.0522048
0.0542078
0.0562706
0.0583936
0.00395669
0.00420049
0.0044378
0.00467418
0.00491187
0.00515366
0.00540287
0.00566277
0.00593667
0.00622838
0.00654307
0.00688825
0.00727427
0.00771393
0.00822073
0.00880638
0.00947801
0.0102361
0.0110739
0.0119779
0.0129302
0.0139111
0.0149017
0.0158866
0.016855
0.0178012
0.0187249
0.0196297
0.0205226
0.0214123
0.0223084
0.0232202
0.0241564
0.0251246
0.026131
0.0271805
0.028277
0.0294233
0.0306213
0.0318725
0.0331779
0.034538
0.0359534
0.0374245
0.0389516
0.040535
0.0421752
0.0438727
0.0456278
0.0474412
0.0493135
0.0512452
0.0532371
0.0552897
0.0574037
0.00395904
0.00419132
0.00441427
0.00463392
0.00485277
0.00507391
0.00530089
0.00553721
0.00578647
0.00605268
0.00634117
0.00665949
0.00701789
0.00742894
0.0079059
0.00846019
0.00909884
0.00982243
0.0106244
0.011492
0.0124078
0.0133531
0.0143099
0.0152634
0.0162034
0.0171246
0.0180266
0.0189132
0.0197909
0.0206679
0.0215533
0.0224559
0.0233839
0.0243442
0.0253426
0.0263838
0.0274713
0.0286078
0.0297951
0.0310346
0.0323273
0.0336738
0.0350747
0.0365305
0.0380416
0.0396085
0.0412318
0.0429121
0.0446499
0.046446
0.0483012
0.0502162
0.0521918
0.0542289
0.0563282
0.00396123
0.00418232
0.00439122
0.00459438
0.00479458
0.00499511
0.00519974
0.00541224
0.00563642
0.00587656
0.00613814
0.00642876
0.00675861
0.00714007
0.00758614
0.00810805
0.00871272
0.00940084
0.0101662
0.0109965
0.0118752
0.0127844
0.0137068
0.0146285
0.0155397
0.0164356
0.0173158
0.0181839
0.019046
0.01991
0.0207842
0.0216771
0.0225959
0.0235474
0.0245368
0.0255684
0.0266456
0.0277706
0.0289454
0.0301712
0.031449
0.0327795
0.0341633
0.0356009
0.037093
0.0386402
0.0402431
0.0419024
0.0436189
0.0453934
0.0472269
0.0491203
0.0510745
0.0530905
0.0551694
0.00396326
0.00417351
0.00436872
0.00455572
0.00473749
0.00491752
0.00509978
0.00528825
0.005487
0.00570052
0.00593449
0.00619658
0.00649693
0.00684776
0.00726186
0.00775028
0.00831989
0.00897151
0.0096993
0.0104915
0.0113325
0.012205
0.0130927
0.0139823
0.0148646
0.015735
0.0165934
0.0174429
0.0182893
0.0191401
0.020003
0.0208855
0.0217948
0.0227367
0.0237162
0.0247371
0.0258025
0.0269146
0.0280752
0.0292854
0.0305461
0.0318582
0.0332224
0.0346392
0.0361093
0.0376335
0.0392125
0.0408471
0.0425382
0.0442869
0.0460941
0.047961
0.0498885
0.051878
0.0539304
0.00396515
0.00416494
0.00434686
0.00451806
0.00468171
0.00484144
0.00500138
0.00516571
0.00533872
0.00552514
0.00573083
0.00596354
0.00623341
0.00655251
0.00693346
0.0073872
0.0079206
0.00853465
0.00922392
0.00997729
0.0107798
0.0116152
0.0124678
0.0133252
0.0141787
0.0150238
0.0158605
0.0166916
0.0175226
0.0183602
0.0192115
0.0200837
0.0209829
0.0219147
0.0228834
0.0238927
0.0249452
0.026043
0.0271877
0.0283804
0.0296222
0.0309137
0.0322558
0.0336491
0.0350944
0.0365924
0.0381441
0.0397504
0.0414123
0.0431309
0.0449073
0.0467428
0.0486385
0.0505958
0.0526159
0.00396689
0.00415664
0.00432571
0.00448156
0.00462747
0.00476717
0.00490494
0.00504511
0.00519216
0.00535104
0.0055278
0.00573031
0.00596868
0.0062549
0.00660146
0.00701923
0.00751516
0.00809048
0.00874022
0.00945392
0.0102174
0.0110153
0.0118328
0.0126581
0.0134829
0.0143031
0.0151185
0.0159316
0.0167476
0.0175723
0.0184124
0.0192741
0.0201632
0.0210844
0.0220417
0.0230385
0.024077
0.0251593
0.0262867
0.0274604
0.0286812
0.0299501
0.0312678
0.0326351
0.0340528
0.0355217
0.0370429
0.0386174
0.0402462
0.0419306
0.0436718
0.0454711
0.0473299
0.0492495
0.0512314
0.00396849
0.00414863
0.00430537
0.00444636
0.00457497
0.00469503
0.00481087
0.00492694
0.00504791
0.0051789
0.00532615
0.00549763
0.00570347
0.00595558
0.00626641
0.00664682
0.0071039
0.00763925
0.0082484
0.00892161
0.00964558
0.0104057
0.0111881
0.0119815
0.0127782
0.0135741
0.0143689
0.0151649
0.0159665
0.016779
0.0176082
0.0184598
0.0193386
0.0202491
0.0211947
0.0221783
0.0232021
0.0242677
0.0253765
0.0265296
0.0277279
0.0289722
0.0302634
0.0316023
0.0329898
0.0344269
0.0359145
0.0374538
0.039046
0.0406923
0.042394
0.0441527
0.0459695
0.0478462
0.0497842
0.00396997
0.00414097
0.00428589
0.00441258
0.00452445
0.00462533
0.0047196
0.00481178
0.00490664
0.0050095
0.00512671
0.00526637
0.00543861
0.00565534
0.00592898
0.0062705
0.00668724
0.00718124
0.00774868
0.00838059
0.00906453
0.00978676
0.0105343
0.0112964
0.0120657
0.0128384
0.0136137
0.0143936
0.0151818
0.015983
0.0168021
0.017644
0.018513
0.0194128
0.0203464
0.0213164
0.0223247
0.0233728
0.0244619
0.0255931
0.0267673
0.0279854
0.0292483
0.0305567
0.0319117
0.0333144
0.0347656
0.0362667
0.0378189
0.0394235
0.0410818
0.0427954
0.0445657
0.0463944
0.0482829
0.00397132
0.00413367
0.00426736
0.00438038
0.00447613
0.00455841
0.00463158
0.00470019
0.00476908
0.00484366
0.00493042
0.00503751
0.0051751
0.00535509
0.00558997
0.00589091
0.00626564
0.0067168
0.00724132
0.00783109
0.00847462
0.00915905
0.00987215
0.0106038
0.011347
0.0120977
0.012855
0.0136203
0.0143966
0.0151876
0.0159976
0.0168306
0.0176903
0.0185796
0.0195014
0.0204575
0.0214499
0.0224798
0.0235483
0.0246566
0.0258055
0.026996
0.0282288
0.029505
0.0308255
0.0321915
0.0336039
0.0350641
0.0365733
0.0381328
0.0397442
0.0414088
0.0431283
0.0449042
0.0467382
0.00397254
0.00412677
0.00424985
0.00434988
0.00443022
0.00449459
0.00454728
0.00459281
0.004636
0.00468232
0.00473832
0.00481219
0.00491408
0.00505593
0.00525033
0.00550881
0.00583967
0.00624632
0.00672661
0.00727343
0.00787627
0.00852316
0.00920263
0.00990507
0.0106236
0.0113541
0.0120953
0.0128479
0.013614
0.0143965
0.0151988
0.0160241
0.0168751
0.0177546
0.0186647
0.0196071
0.0205833
0.0215945
0.022642
0.0237266
0.0248493
0.0260109
0.0272125
0.0284549
0.0297393
0.0310667
0.0324382
0.0338551
0.0353187
0.0368304
0.0383917
0.0400039
0.0416687
0.0433877
0.0451626
0.00397365
0.00412029
0.00423344
0.00432122
0.00438694
0.0044342
0.00446718
0.00449026
0.00450823
0.0045265
0.00455161
0.00459171
0.00465691
0.00475916
0.00491124
0.00512517
0.00541003
0.00577027
0.00620489
0.00670794
0.00726994
0.00787984
0.00852685
0.00920174
0.00989767
0.0106104
0.0113378
0.01208
0.0128382
0.0136142
0.0144104
0.0152292
0.0160729
0.0169433
0.0178421
0.018771
0.0197312
0.0207237
0.0217497
0.0228102
0.023906
0.0250381
0.0262075
0.0274151
0.0286621
0.0299495
0.0312785
0.0326504
0.0340665
0.035528
0.0370366
0.0385936
0.0402005
0.0418591
0.043571
0.00397466
0.00411428
0.00421818
0.00429453
0.00434651
0.00437758
0.00439175
0.00439323
0.00438664
0.0043773
0.00437161
0.00437759
0.00440521
0.00446639
0.00457416
0.00474117
0.00497758
0.00528923
0.00567657
0.006135
0.0066562
0.00723002
0.00784621
0.00849582
0.00917186
0.00986959
0.0105863
0.011321
0.0120738
0.0128456
0.0136379
0.014452
0.0152895
0.0161518
0.0170403
0.0179562
0.0189007
0.0198747
0.0208793
0.0219155
0.0229842
0.0240864
0.0252231
0.0263954
0.0276042
0.0288508
0.0301364
0.031462
0.0328291
0.0342389
0.0356929
0.0371926
0.0387393
0.0403348
0.0419806
0.00397555
0.00410874
0.00420414
0.00426992
0.00430914
0.00432506
0.00432149
0.00430239
0.00427218
0.00423593
0.00419981
0.00417157
0.0041609
0.0041796
0.00424093
0.00435835
0.00454347
0.00480392
0.0051421
0.00555506
0.00603576
0.00657487
0.00716256
0.00778987
0.00844945
0.00913584
0.0098454
0.010576
0.0113266
0.012097
0.0128875
0.0136989
0.0145318
0.0153874
0.0162666
0.0171704
0.0180997
0.0190557
0.0200393
0.0210515
0.0220933
0.0231657
0.0242698
0.0254067
0.0265773
0.0277829
0.0290245
0.0303035
0.0316209
0.0329782
0.0343767
0.0358178
0.0373028
0.0388335
0.0404112
0.00397635
0.00410371
0.00419138
0.00424752
0.00427501
0.00427695
0.00425686
0.00421844
0.0041658
0.00410367
0.00403786
0.00397565
0.00392628
0.00390123
0.00391394
0.00397878
0.00410918
0.00431528
0.00460203
0.00496862
0.00540946
0.00591592
0.00647829
0.00708727
0.00773476
0.0084143
0.00912101
0.00985145
0.0106034
0.0113754
0.0121668
0.0129776
0.0138078
0.0146582
0.0155292
0.0164219
0.0173371
0.0182759
0.0192392
0.0202282
0.0212438
0.0222871
0.0233592
0.0244612
0.0255941
0.0267591
0.0279573
0.0291899
0.030458
0.0317629
0.0331059
0.0344882
0.0359113
0.0373766
0.0388856
0.00397705
0.00409922
0.00417995
0.00422742
0.00424433
0.00423355
0.00419834
0.00414207
0.00406848
0.00398189
0.00388755
0.00379211
0.00370409
0.00363436
0.0035963
0.00360521
0.0036768
0.00382455
0.004057
0.00437625
0.00477837
0.00525523
0.00579673
0.00639263
0.00703358
0.00771168
0.00842058
0.00915539
0.0099125
0.0106894
0.0114845
0.0122969
0.0131264
0.0139731
0.0148375
0.0157204
0.0166226
0.0175454
0.0184896
0.0194564
0.020447
0.0214624
0.0225037
0.0235721
0.0246686
0.0257944
0.0269504
0.0281379
0.029358
0.0306117
0.0319004
0.0332252
0.0345873
0.0359882
0.0374295
)
;

boundaryField
{
    down
    {
        type            symmetryPlane;
    }
    right
    {
        type            calculated;
        value           nonuniform List<scalar> 0();
    }
    up
    {
        type            symmetryPlane;
    }
    left
    {
        type            calculated;
        value           uniform 0;
    }
    cylinder
    {
        type            calculated;
        value           nonuniform List<scalar> 0();
    }
    frontAndBack
    {
        type            empty;
    }
    procBoundary4to0
    {
        type            processor;
        value           nonuniform List<scalar> 
72
(
0.0652342
0.0671823
0.0691971
0.0712796
0.0734307
0.0756511
0.0779415
0.0803021
0.0827331
0.0852345
0.0878058
0.090446
0.093154
0.095928
0.0987654
0.101663
0.00388581
0.0043461
0.00483708
0.00535262
0.00588816
0.00644156
0.00701213
0.00759979
0.00820511
0.00883007
0.00947969
0.0101636
0.0108969
0.0116991
0.0125911
0.013591
0.014709
0.0159443
0.0172837
0.0187023
0.0201675
0.0216428
0.0230933
0.0244896
0.0258104
0.0270441
0.0281883
0.0292488
0.0302378
0.0311714
0.0320676
0.0329447
0.0338197
0.0347078
0.0356214
0.0365704
0.037562
0.038601
0.0396906
0.040832
0.0418158
0.0418158
0.0430818
0.0443983
0.0457635
0.0471754
0.0486318
0.0501306
0.0516694
0.0532463
0.054859
0.0565056
0.058184
0.0598922
0.0616284
0.0633906
)
;
    }
    procBoundary4to5
    {
        type            processor;
        value           nonuniform List<scalar> 
74
(
0.0614529
0.0614587
0.0614622
0.0614456
0.0613833
0.0612517
0.060994
0.0607065
0.0606109
0.0604275
0.0601596
0.0598257
0.0594413
0.0590171
0.0585615
0.0580811
0.0575808
0.0570648
0.0565363
0.0559978
0.0554513
0.0548988
0.0543415
0.0537807
0.0532175
0.0526527
0.0520873
0.0515217
0.0509568
0.0503931
0.0498309
0.0492709
0.0487133
0.0481586
0.0476072
0.0470593
0.0465152
0.0775557
0.0736088
0.0699762
0.0668261
0.0642848
0.0624949
0.0615692
0.106356
0.108048
0.109683
0.111249
0.112735
0.114128
0.115412
0.116573
0.117596
0.118462
0.119156
0.119658
0.119951
0.120016
0.119834
0.119388
0.11866
0.117636
0.1163
0.114643
0.112656
0.110337
0.107685
0.10471
0.101426
0.0978546
0.0940286
0.0899858
0.0857773
0.0815079
)
;
    }
    procBoundary4to8
    {
        type            processor;
        value           nonuniform List<scalar> 
72
(
0.0298722
0.0306538
0.0314624
0.0322987
0.0331632
0.0340565
0.0349791
0.0359318
0.0369152
0.0379301
0.0389771
0.040057
0.0411706
0.0423186
0.0435016
0.0447202
0.00363732
0.0035532
0.00350685
0.00349767
0.0035227
0.0035795
0.0036663
0.00378158
0.00392414
0.00392414
0.00410602
0.00431751
0.00456493
0.00486
0.00521981
0.00566425
0.00621148
0.00687262
0.00764751
0.00852289
0.00947362
0.0104662
0.0114636
0.0124304
0.0133365
0.0141602
0.0148893
0.0155209
0.0160599
0.0165173
0.016908
0.0172485
0.0175558
0.0178452
0.0181302
0.0184221
0.0187292
0.0190579
0.0194123
0.0197947
0.0202063
0.0206471
0.0211163
0.0216128
0.0221351
0.0226815
0.0232503
0.0238399
0.0244486
0.025075
0.0257176
0.0263752
0.0270466
0.0277307
0.0284264
0.029133
)
;
    }
}


// ************************************************************************* //
