/*--------------------------------*- C++ -*----------------------------------*\
| =========                 |                                                 |
| \\      /  F ield         | OpenFOAM: The Open Source CFD Toolbox           |
|  \\    /   O peration     | Version:  2412                                  |
|   \\  /    A nd           | Website:  www.openfoam.com                      |
|    \\/     M anipulation  |                                                 |
\*---------------------------------------------------------------------------*/
FoamFile
{
    version     2.0;
    format      ascii;
    arch        "LSB;label=32;scalar=64";
    class       volScalarField;
    location    "26";
    object      p;
}
// * * * * * * * * * * * * * * * * * * * * * * * * * * * * * * * * * * * * * //

dimensions      [0 2 -2 0 0 0 0];

internalField   nonuniform List<scalar> 
5285
(
-0.001478
-0.00134678
-0.00121964
-0.00109711
-0.000979659
-0.000867705
-0.000761589
-0.000661567
-0.000567814
-0.000480435
-0.000399464
-0.000324873
-0.000256573
-0.000194423
-0.000138235
-8.77828e-05
-4.28074e-05
-3.02288e-06
3.18765e-05
6.22103e-05
8.83063e-05
0.000110495
0.000129107
0.000144463
0.000156879
0.000166655
0.000174076
0.000179412
-0.00149323
-0.00136156
-0.00123392
-0.00111087
-0.000992857
-0.000880314
-0.000773592
-0.000672951
-0.000578577
-0.000490578
-0.000408996
-0.000333804
-0.000264918
-0.000202201
-0.000145468
-9.44945e-05
-4.90224e-05
-8.76684e-06
2.65773e-05
5.73295e-05
8.38178e-05
0.000106374
0.000125327
0.000141003
0.000153716
0.000163768
0.000171445
0.000177024
-0.00152283
-0.00139031
-0.00126173
-0.00113767
-0.00101859
-0.000904919
-0.000797029
-0.000695199
-0.000599625
-0.000510427
-0.000427657
-0.000351299
-0.000281276
-0.000217457
-0.000159662
-0.000107672
-6.12302e-05
-2.0055e-05
1.61579e-05
4.7728e-05
7.49837e-05
9.82575e-05
0.000117881
0.000134181
0.000147475
0.000158069
0.000166248
0.000172304
-0.0015651
-0.00143142
-0.00130155
-0.00117608
-0.00105551
-0.000940256
-0.000830727
-0.000727219
-0.000629948
-0.000539052
-0.000454596
-0.000376579
-0.000304934
-0.000239542
-0.000180229
-0.000126782
-7.89516e-05
-3.64568e-05
1.00436e-06
3.37503e-05
6.21101e-05
8.64175e-05
0.000107006
0.000124206
0.000138338
0.000149711
0.000158617
0.000165365
-0.00148243
-0.00135109
-0.00122402
-0.0011017
-0.0009846
-0.000873128
-0.000767614
-0.000668299
-0.000575342
-0.000488829
-0.000408774
-0.000335128
-0.000267783
-0.000206579
-0.00015131
-0.000101733
-5.75733e-05
-1.85318e-05
1.57081e-05
4.54749e-05
7.1103e-05
9.2928e-05
0.000111282
0.00012649
0.000138866
0.00014871
0.000156354
-0.00154124
-0.00140866
-0.00128009
-0.00115609
-0.00103712
-0.000923621
-0.000815966
-0.000714421
-0.000619174
-0.000530337
-0.00044795
-0.000371986
-0.000302354
-0.000238911
-0.000181465
-0.000129785
-8.36038e-05
-4.263e-05
-6.5514e-06
2.49575e-05
5.22297e-05
7.56007e-05
9.5404e-05
0.000111967
0.000125607
0.000136638
0.000145405
-0.0016085
-0.00147438
-0.00134397
-0.00121789
-0.00109665
-0.000980728
-0.000870522
-0.00076634
-0.000668402
-0.000576854
-0.000491761
-0.000413122
-0.000340869
-0.000274876
-0.000214967
-0.000160922
-0.000112484
-6.9367e-05
-3.12632e-05
2.15068e-06
3.12075e-05
5.62441e-05
7.75962e-05
9.55943e-05
0.00011056
0.00012282
0.000132716
0.000182922
0.000184763
0.000185189
0.000184392
0.000182512
0.000179688
0.000176053
0.000171733
0.000166846
0.0001615
0.000155795
0.000149825
0.000143672
0.00013741
0.000131104
0.000124811
0.000118579
0.000112449
0.000106453
0.000100618
9.49659e-05
8.95109e-05
8.42645e-05
7.92338e-05
7.44226e-05
6.98321e-05
6.54612e-05
6.13072e-05
5.73657e-05
5.36318e-05
5.00993e-05
4.6762e-05
4.36132e-05
4.06458e-05
3.7853e-05
3.52278e-05
3.2763e-05
3.04517e-05
2.82867e-05
2.62608e-05
2.43672e-05
2.25983e-05
2.09487e-05
1.94072e-05
0.000180793
0.000182753
0.000183299
0.000182637
0.000180892
0.000178197
0.000174684
0.00017048
0.0001657
0.000160454
0.000154843
0.000148958
0.000142884
0.000136694
0.000130455
0.000124223
0.000118047
0.000111967
0.000106018
0.000100225
9.46108e-05
8.91903e-05
8.39752e-05
7.89728e-05
7.41872e-05
6.96199e-05
6.527e-05
6.11349e-05
5.72106e-05
5.34922e-05
4.99738e-05
4.66492e-05
4.35118e-05
4.05548e-05
3.77714e-05
3.51546e-05
3.26974e-05
3.03929e-05
2.8234e-05
2.62136e-05
2.4325e-05
2.25605e-05
2.09148e-05
1.93769e-05
0.000176559
0.000178761
0.00017955
0.000179158
0.00017768
0.000175239
0.000171969
0.000167992
0.000163425
0.000158378
0.00015295
0.000147235
0.000141318
0.000135272
0.000129165
0.000123054
0.000116988
0.000111009
0.000105151
9.94419e-05
9.39032e-05
8.85514e-05
8.33985e-05
7.84525e-05
7.37179e-05
6.91968e-05
6.48886e-05
6.07913e-05
5.69012e-05
5.32136e-05
4.97232e-05
4.64239e-05
4.33094e-05
4.03731e-05
3.76083e-05
3.50084e-05
3.25663e-05
3.02755e-05
2.81288e-05
2.61195e-05
2.42407e-05
2.24849e-05
2.08472e-05
1.93163e-05
0.000170271
0.000172843
0.000174006
0.000174016
0.000172932
0.000170866
0.000167951
0.00016431
0.000160056
0.0001553
0.000150143
0.000144678
0.000138992
0.000133159
0.000127247
0.000121314
0.000115412
0.000109582
0.00010386
9.8275e-05
9.28487e-05
8.7599e-05
8.25386e-05
7.76764e-05
7.30177e-05
6.85653e-05
6.43193e-05
6.02783e-05
5.64391e-05
5.27977e-05
4.9349e-05
4.60874e-05
4.3007e-05
4.01015e-05
3.73646e-05
3.47898e-05
3.23704e-05
3.00999e-05
2.79715e-05
2.59786e-05
2.41145e-05
2.23719e-05
2.07459e-05
1.92257e-05
0.000162013
0.000165086
0.000166762
0.000167301
0.000166729
0.000165151
0.000162697
0.000159488
0.000155641
0.000151263
0.000146457
0.000141319
0.000135933
0.000130377
0.000124721
0.000119022
0.000113334
0.0001077
0.000102157
9.67338e-05
9.14554e-05
8.634e-05
8.14014e-05
7.66497e-05
7.20912e-05
6.77294e-05
6.35655e-05
5.95988e-05
5.5827e-05
5.22464e-05
4.88529e-05
4.56412e-05
4.26059e-05
3.97413e-05
3.70413e-05
3.44997e-05
3.21102e-05
2.98667e-05
2.77626e-05
2.57914e-05
2.39468e-05
2.22217e-05
2.06114e-05
1.91052e-05
0.00015189
0.000155614
0.000157946
0.00015913
0.000159177
0.000158186
0.000156287
0.000153601
0.000150242
0.000146321
0.000141941
0.000137197
0.000132177
0.000126958
0.000121612
0.0001162
0.000110773
0.000105379
0.000100054
9.48307e-05
8.97338e-05
8.47835e-05
7.99949e-05
7.53792e-05
7.0944e-05
6.66941e-05
6.26316e-05
5.87566e-05
5.50679e-05
5.15627e-05
4.82373e-05
4.50874e-05
4.2108e-05
3.92939e-05
3.66395e-05
3.41391e-05
3.17869e-05
2.95767e-05
2.75027e-05
2.55585e-05
2.37381e-05
2.20348e-05
2.04439e-05
1.89552e-05
0.000140014
0.000144567
0.000147705
0.000149641
0.000150397
0.000150079
0.000148816
0.000146728
0.000143931
0.000140535
0.000136646
0.000132358
0.000127762
0.000122936
0.000117951
0.000112872
0.000107751
0.000102637
9.75687e-05
9.25794e-05
8.76959e-05
8.29397e-05
7.83277e-05
7.38724e-05
6.95829e-05
6.5465e-05
6.15223e-05
5.77559e-05
5.41656e-05
5.07496e-05
4.7505e-05
4.44283e-05
4.15152e-05
3.8761e-05
3.61609e-05
3.37094e-05
3.14013e-05
2.92309e-05
2.71926e-05
2.52805e-05
2.3489e-05
2.18115e-05
2.02438e-05
1.8776e-05
0.000126137
0.000131797
0.000135934
0.000138728
0.000140285
0.000140725
0.000140179
0.000138768
0.000136609
0.000133812
0.000130483
0.000126719
0.000122609
0.000118235
0.000113668
0.000108973
0.000104207
9.94187e-05
9.46487e-05
8.99321e-05
8.52975e-05
8.07683e-05
7.63629e-05
7.20955e-05
6.79767e-05
6.40139e-05
6.02118e-05
5.65732e-05
5.30987e-05
4.97877e-05
4.66383e-05
4.36479e-05
4.08129e-05
3.81295e-05
3.55933e-05
3.31997e-05
3.09438e-05
2.88204e-05
2.68244e-05
2.49504e-05
2.3193e-05
2.15462e-05
2.0006e-05
1.85629e-05
0.000111017
0.000117693
0.000122805
0.000126508
0.000128928
0.000130194
0.000130434
0.000129768
0.000128313
0.00012618
0.000123475
0.000120295
0.00011673
0.000112862
0.000108765
0.000104506
0.000100141
9.57215e-05
9.12903e-05
8.68841e-05
8.25334e-05
7.82634e-05
7.40944e-05
7.00422e-05
6.61193e-05
6.23345e-05
5.86943e-05
5.52026e-05
5.18616e-05
4.86717e-05
4.56322e-05
4.27414e-05
3.99968e-05
3.73953e-05
3.49331e-05
3.26064e-05
3.04109e-05
2.8342e-05
2.63952e-05
2.45653e-05
2.28476e-05
2.12365e-05
1.97282e-05
1.83139e-05
9.50849e-05
0.000102723
0.000108788
0.000113412
0.000116721
0.000118843
0.000119903
0.000120019
0.000119307
0.000117878
0.000115837
0.00011328
0.000110299
0.000106976
0.000103387
9.95971e-05
9.5667e-05
9.16482e-05
8.75857e-05
8.35181e-05
7.94776e-05
7.54914e-05
7.15815e-05
6.77658e-05
6.40583e-05
6.04697e-05
5.70079e-05
5.36785e-05
5.04849e-05
4.7429e-05
4.45111e-05
4.17308e-05
3.90864e-05
3.65756e-05
3.41957e-05
3.19434e-05
2.98151e-05
2.78069e-05
2.59146e-05
2.4134e-05
2.24606e-05
2.08893e-05
1.94168e-05
1.80347e-05
7.84832e-05
8.7065e-05
9.4071e-05
9.96184e-05
0.000103826
0.00010682
0.000108719
0.000109641
0.000109698
0.000109001
0.000107652
0.000105749
0.000103382
0.000100634
9.75811e-05
9.42904e-05
9.08228e-05
8.72317e-05
8.35637e-05
7.9859e-05
7.61518e-05
7.2471e-05
6.88406e-05
6.52803e-05
6.18059e-05
5.84299e-05
5.51618e-05
5.20087e-05
4.89755e-05
4.60655e-05
4.32803e-05
4.06205e-05
3.80854e-05
3.56739e-05
3.33839e-05
3.1213e-05
2.91583e-05
2.72167e-05
2.53844e-05
2.36579e-05
2.20332e-05
2.05057e-05
1.90726e-05
1.7726e-05
6.14069e-05
7.0911e-05
7.88394e-05
8.52985e-05
9.04012e-05
9.4267e-05
9.70125e-05
9.87504e-05
9.95914e-05
9.96425e-05
9.90055e-05
9.77766e-05
9.60453e-05
9.38947e-05
9.14004e-05
8.86312e-05
8.56485e-05
8.2507e-05
7.92548e-05
7.59336e-05
7.25793e-05
6.92227e-05
6.58896e-05
6.26014e-05
5.93759e-05
5.62271e-05
5.31663e-05
5.02022e-05
4.73413e-05
4.45881e-05
4.19456e-05
3.94155e-05
3.69984e-05
3.46939e-05
3.25011e-05
3.04182e-05
2.84432e-05
2.65735e-05
2.48063e-05
2.31384e-05
2.15666e-05
2.00867e-05
1.86965e-05
1.73885e-05
4.40554e-05
5.44473e-05
6.32676e-05
7.06148e-05
7.65952e-05
8.13225e-05
8.49085e-05
8.74616e-05
8.90892e-05
8.98952e-05
8.99795e-05
8.94363e-05
8.83543e-05
8.68158e-05
8.48966e-05
8.26655e-05
8.01847e-05
7.751e-05
7.46905e-05
7.17694e-05
6.87843e-05
6.57676e-05
6.27468e-05
5.97452e-05
5.6782e-05
5.38734e-05
5.10321e-05
4.82684e-05
4.55903e-05
4.30038e-05
4.05131e-05
3.81213e-05
3.58299e-05
3.36397e-05
3.15506e-05
2.95619e-05
2.76721e-05
2.58797e-05
2.41822e-05
2.25773e-05
2.10623e-05
1.96337e-05
1.82896e-05
1.70232e-05
2.66143e-05
3.78473e-05
4.75183e-05
5.5719e-05
6.25492e-05
6.81162e-05
7.25263e-05
7.58833e-05
7.82906e-05
7.98489e-05
8.06549e-05
8.0801e-05
8.03743e-05
7.9456e-05
7.81213e-05
7.64392e-05
7.44721e-05
7.22764e-05
6.99023e-05
6.73943e-05
6.47913e-05
6.21271e-05
5.94311e-05
5.6728e-05
5.40389e-05
5.13814e-05
4.87701e-05
4.62168e-05
4.37309e-05
4.13198e-05
3.89892e-05
3.67432e-05
3.45847e-05
3.25154e-05
3.05362e-05
2.86472e-05
2.68479e-05
2.51374e-05
2.35142e-05
2.19763e-05
2.05219e-05
1.91479e-05
1.78531e-05
1.66312e-05
9.25321e-06
2.12704e-05
3.17415e-05
4.07518e-05
4.83942e-05
5.47695e-05
5.99779e-05
6.41186e-05
6.72901e-05
6.95892e-05
7.11097e-05
7.19412e-05
7.21687e-05
7.1872e-05
7.11255e-05
6.99976e-05
6.85509e-05
6.68421e-05
6.49221e-05
6.28363e-05
6.06249e-05
5.83231e-05
5.59616e-05
5.35668e-05
5.11613e-05
4.87642e-05
4.63918e-05
4.40574e-05
4.17718e-05
3.95438e-05
3.73805e-05
3.52872e-05
3.32678e-05
3.13253e-05
2.94615e-05
2.76774e-05
2.59734e-05
2.43493e-05
2.28043e-05
2.13373e-05
1.99468e-05
1.86308e-05
1.73882e-05
1.62134e-05
-7.87567e-06
4.8609e-06
1.60739e-05
2.58417e-05
3.42507e-05
4.13947e-05
4.73678e-05
5.22637e-05
5.61761e-05
5.91976e-05
6.14181e-05
6.29242e-05
6.37985e-05
6.4119e-05
6.39587e-05
6.33853e-05
6.24609e-05
6.12425e-05
5.97812e-05
5.81234e-05
5.631e-05
5.43774e-05
5.23577e-05
5.02785e-05
4.8164e-05
4.60349e-05
4.39087e-05
4.18002e-05
3.97218e-05
3.76836e-05
3.56938e-05
3.37591e-05
3.18845e-05
3.00741e-05
2.83306e-05
2.6656e-05
2.50515e-05
2.35178e-05
2.20548e-05
2.06621e-05
1.93389e-05
1.80837e-05
1.68961e-05
1.5771e-05
-2.46386e-05
-1.12533e-05
6.36925e-07
1.1104e-05
2.02276e-05
2.80942e-05
3.47916e-05
4.04077e-05
4.50313e-05
4.875e-05
5.16497e-05
5.38138e-05
5.53219e-05
5.62497e-05
5.66686e-05
5.66451e-05
5.62408e-05
5.55121e-05
5.45107e-05
5.32831e-05
5.1871e-05
5.03118e-05
4.86385e-05
4.68803e-05
4.50623e-05
4.32067e-05
4.13325e-05
3.94556e-05
3.759e-05
3.57469e-05
3.3936e-05
3.21649e-05
3.044e-05
2.87662e-05
2.71474e-05
2.55864e-05
2.40854e-05
2.26457e-05
2.12681e-05
1.99529e-05
1.86999e-05
1.75083e-05
1.63782e-05
1.53052e-05
-4.09208e-05
-2.69616e-05
-1.44627e-05
-3.35918e-06
6.42186e-06
1.49598e-05
2.23357e-05
2.86318e-05
3.39312e-05
3.83166e-05
4.18697e-05
4.46698e-05
4.67935e-05
4.8314e-05
4.93006e-05
4.98183e-05
4.99277e-05
4.96847e-05
4.91406e-05
4.83423e-05
4.7332e-05
4.61477e-05
4.48233e-05
4.33889e-05
4.18711e-05
4.02929e-05
3.86748e-05
3.70339e-05
3.53854e-05
3.37419e-05
3.21141e-05
3.0511e-05
2.89398e-05
2.74066e-05
2.59162e-05
2.44724e-05
2.30782e-05
2.17358e-05
2.04466e-05
1.92117e-05
1.80316e-05
1.69061e-05
1.58359e-05
1.48171e-05
-5.66264e-05
-4.21697e-05
-2.91335e-05
-1.74594e-05
-7.08123e-06
2.07297e-06
1.00777e-05
1.70091e-05
2.29446e-05
2.79619e-05
3.21378e-05
3.55477e-05
3.82647e-05
4.03591e-05
4.18978e-05
4.29441e-05
4.35572e-05
4.37922e-05
4.37e-05
4.33273e-05
4.27165e-05
4.19061e-05
4.09307e-05
3.98212e-05
3.86051e-05
3.73067e-05
3.59473e-05
3.45455e-05
3.31173e-05
3.16766e-05
3.02354e-05
2.88034e-05
2.73893e-05
2.6e-05
2.46412e-05
2.33177e-05
2.20332e-05
2.07908e-05
1.95928e-05
1.84408e-05
1.7336e-05
1.62789e-05
1.52707e-05
1.43081e-05
-7.16773e-05
-5.68e-05
-4.32985e-05
-3.1121e-05
-2.02082e-05
-1.04952e-05
-1.91426e-06
5.60472e-06
1.21334e-05
1.7744e-05
2.25086e-05
2.64984e-05
2.97827e-05
3.24286e-05
3.45005e-05
3.60595e-05
3.71632e-05
3.78656e-05
3.82168e-05
3.82632e-05
3.80472e-05
3.76075e-05
3.69791e-05
3.61935e-05
3.52792e-05
3.42611e-05
3.31617e-05
3.20005e-05
3.07946e-05
2.95591e-05
2.83067e-05
2.70486e-05
2.57941e-05
2.45512e-05
2.33266e-05
2.21259e-05
2.09538e-05
1.98138e-05
1.87093e-05
1.76424e-05
1.66151e-05
1.56283e-05
1.4684e-05
1.37795e-05
-8.60118e-05
-7.07895e-05
-5.68945e-05
-4.42811e-05
-3.28968e-05
-2.26839e-05
-1.3581e-05
-5.52427e-06
1.5521e-06
7.71499e-06
1.30315e-05
1.75684e-05
2.1391e-05
2.45631e-05
2.71461e-05
2.91989e-05
3.07773e-05
3.19338e-05
3.27175e-05
3.31742e-05
3.3346e-05
3.32715e-05
3.29861e-05
3.25218e-05
3.19074e-05
3.11689e-05
3.03293e-05
2.94091e-05
2.84265e-05
2.73973e-05
2.63354e-05
2.52528e-05
2.41598e-05
2.30653e-05
2.19769e-05
2.09011e-05
1.98432e-05
1.88078e-05
1.77986e-05
1.68188e-05
1.58708e-05
1.49562e-05
1.40775e-05
1.32326e-05
-9.95835e-05
-8.40895e-05
-6.98709e-05
-5.68883e-05
-4.50955e-05
-3.44416e-05
-2.48719e-05
-1.63285e-05
-8.75134e-06
-2.07908e-06
3.75043e-06
8.79927e-06
1.31288e-05
1.67993e-05
1.98692e-05
2.23946e-05
2.44293e-05
2.60241e-05
2.72272e-05
2.80831e-05
2.86336e-05
2.89172e-05
2.8969e-05
2.88215e-05
2.85038e-05
2.80425e-05
2.74612e-05
2.67814e-05
2.60218e-05
2.51992e-05
2.43284e-05
2.34222e-05
2.24919e-05
2.15471e-05
2.05964e-05
1.9647e-05
1.87049e-05
1.77756e-05
1.68635e-05
1.59723e-05
1.51052e-05
1.42643e-05
1.34527e-05
1.26688e-05
-0.000112359
-9.66637e-05
-8.21892e-05
-6.8902e-05
-5.67625e-05
-4.57262e-05
-3.57446e-05
-2.67659e-05
-1.87358e-05
-1.15981e-05
-5.29599e-06
2.28191e-07
5.03166e-06
9.1709e-06
1.27011e-05
1.56759e-05
1.81465e-05
2.01621e-05
2.17692e-05
2.30115e-05
2.39299e-05
2.45624e-05
2.49442e-05
2.51075e-05
2.50818e-05
2.4894e-05
2.45685e-05
2.4127e-05
2.35892e-05
2.29726e-05
2.22927e-05
2.15631e-05
2.07959e-05
2.00016e-05
1.91895e-05
1.83674e-05
1.75424e-05
1.67204e-05
1.59066e-05
1.51053e-05
1.43204e-05
1.35545e-05
1.28112e-05
1.20896e-05
-0.000124318
-0.000108487
-9.3821e-05
-8.02917e-05
-6.78653e-05
-5.65037e-05
-4.61645e-05
-3.68017e-05
-2.83663e-05
-2.08078e-05
-1.40741e-05
-8.11223e-06
-2.86921e-06
1.70772e-06
5.67046e-06
9.06962e-06
1.19542e-05
1.43712e-05
1.63656e-05
1.79797e-05
1.92535e-05
2.02244e-05
2.09271e-05
2.13939e-05
2.16542e-05
2.17353e-05
2.16616e-05
2.14556e-05
2.11374e-05
2.07252e-05
2.02352e-05
1.96816e-05
1.90774e-05
1.84336e-05
1.77604e-05
1.70663e-05
1.63591e-05
1.56452e-05
1.49306e-05
1.42202e-05
1.35185e-05
1.28286e-05
1.21546e-05
1.14963e-05
-0.000135449
-0.000119545
-0.000104748
-9.10353e-05
-7.83795e-05
-6.67479e-05
-5.61041e-05
-4.64072e-05
-3.7614e-05
-2.9679e-05
-2.2555e-05
-1.61937e-05
-1.05462e-05
-5.56363e-06
-1.19739e-06
2.60012e-06
5.87531e-06
8.67305e-06
1.10364e-05
1.30063e-05
1.46217e-05
1.59191e-05
1.69327e-05
1.76944e-05
1.82335e-05
1.85773e-05
1.87507e-05
1.87762e-05
1.86746e-05
1.84645e-05
1.81625e-05
1.77838e-05
1.73416e-05
1.6848e-05
1.63135e-05
1.57475e-05
1.51583e-05
1.45531e-05
1.39383e-05
1.33194e-05
1.27016e-05
1.20885e-05
1.14847e-05
1.08905e-05
-0.000145751
-0.000129829
-0.000114958
-0.000101119
-8.82882e-05
-7.64397e-05
-6.55421e-05
-5.55601e-05
-4.64555e-05
-3.81878e-05
-3.07147e-05
-2.39922e-05
-1.79756e-05
-1.26199e-05
-7.87989e-06
-3.71101e-06
-6.9509e-08
3.08717e-06
5.80014e-06
8.10883e-06
1.00508e-05
1.16616e-05
1.29748e-05
1.40216e-05
1.48313e-05
1.5431e-05
1.58456e-05
1.60979e-05
1.62089e-05
1.61976e-05
1.60813e-05
1.58755e-05
1.5594e-05
1.52495e-05
1.48531e-05
1.44148e-05
1.39435e-05
1.34469e-05
1.29322e-05
1.24053e-05
1.18718e-05
1.1336e-05
1.0803e-05
1.02735e-05
-0.000155227
-0.000139342
-0.000124449
-0.000110535
-9.75811e-05
-8.55659e-05
-7.44634e-05
-6.42434e-05
-5.48724e-05
-4.63149e-05
-3.85331e-05
-3.14874e-05
-2.51372e-05
-1.9441e-05
-1.43574e-05
-9.84463e-06
-5.86181e-06
-2.36875e-06
6.7364e-07
3.30305e-06
5.55563e-06
7.46582e-06
9.06625e-06
1.03876e-05
1.14587e-05
1.23064e-05
1.29555e-05
1.3429e-05
1.37479e-05
1.39317e-05
1.39979e-05
1.39624e-05
1.38397e-05
1.36428e-05
1.33834e-05
1.3072e-05
1.2718e-05
1.23298e-05
1.1915e-05
1.14801e-05
1.10312e-05
1.05731e-05
1.01112e-05
9.64693e-06
-0.000163891
-0.00014809
-0.000133224
-0.000119283
-0.000106254
-9.41191e-05
-8.28582e-05
-7.24451e-05
-6.28513e-05
-5.40455e-05
-4.59945e-05
-3.86629e-05
-3.20139e-05
-2.601e-05
-2.06129e-05
-1.57841e-05
-1.14853e-05
-7.67897e-06
-4.32803e-06
-1.39664e-06
1.14983e-06
3.34456e-06
5.21917e-06
6.80362e-06
8.12612e-06
9.21312e-06
1.00893e-05
1.07776e-05
1.12992e-05
1.16735e-05
1.19183e-05
1.20501e-05
1.20836e-05
1.20323e-05
1.19083e-05
1.17226e-05
1.14851e-05
1.12047e-05
1.08894e-05
1.05464e-05
1.0182e-05
9.80154e-06
9.41099e-06
9.01212e-06
-0.000171758
-0.000156084
-0.000141289
-0.000127366
-0.000114306
-0.000102097
-9.07212e-05
-8.01579e-05
-7.03826e-05
-6.13686e-05
-5.30867e-05
-4.55055e-05
-3.85922e-05
-3.23127e-05
-2.6632e-05
-2.15149e-05
-1.69259e-05
-1.28296e-05
-9.19142e-06
-5.97729e-06
-3.15424e-06
-6.90442e-07
1.4446e-06
3.27995e-06
4.84315e-06
6.16016e-06
7.25535e-06
8.15144e-06
8.86957e-06
9.42927e-06
9.84858e-06
1.0144e-05
1.03307e-05
1.04225e-05
1.04319e-05
1.03703e-05
1.0248e-05
1.00745e-05
9.85805e-06
9.6063e-06
9.32611e-06
9.02323e-06
8.70395e-06
8.37056e-06
-0.000178849
-0.000163341
-0.000148656
-0.000134792
-0.000121743
-0.000109501
-9.80513e-05
-8.73781e-05
-7.74609e-05
-6.82769e-05
-5.98009e-05
-5.20053e-05
-4.48611e-05
-3.83376e-05
-3.2403e-05
-2.70252e-05
-2.21713e-05
-1.78087e-05
-1.39047e-05
-1.04274e-05
-7.34549e-06
-4.62858e-06
-2.24739e-06
-1.7385e-07
1.61879e-06
3.1559e-06
4.46138e-06
5.55771e-06
6.46585e-06
7.20532e-06
7.7942e-06
8.24919e-06
8.58563e-06
8.8176e-06
8.95798e-06
9.01853e-06
9.00994e-06
8.94194e-06
8.82338e-06
8.66219e-06
8.46567e-06
8.23996e-06
7.99172e-06
7.72369e-06
-0.000185188
-0.00016988
-0.000155342
-0.000141574
-0.000128574
-0.000116336
-0.000104851
-9.41059e-05
-8.4084e-05
-7.47664e-05
-6.61315e-05
-5.81554e-05
-5.08126e-05
-4.40757e-05
-3.79163e-05
-3.23048e-05
-2.72114e-05
-2.26058e-05
-1.84576e-05
-1.47369e-05
-1.14141e-05
-8.46032e-06
-5.84765e-06
-3.54907e-06
-1.53872e-06
2.08065e-07
1.71467e-06
3.00315e-06
4.09426e-06
5.00737e-06
5.76054e-06
6.37054e-06
6.85284e-06
7.22173e-06
7.49033e-06
7.6707e-06
7.77386e-06
7.80986e-06
7.7879e-06
7.71628e-06
7.60265e-06
7.45352e-06
7.27589e-06
7.07294e-06
-0.000190801
-0.000175724
-0.000161365
-0.000147726
-0.000134809
-0.000122611
-0.000111126
-0.000100344
-9.02527e-05
-8.08357e-05
-7.20754e-05
-6.39513e-05
-5.6441e-05
-4.95205e-05
-4.31643e-05
-3.73458e-05
-3.20377e-05
-2.72123e-05
-2.28413e-05
-1.88969e-05
-1.53513e-05
-1.21772e-05
-9.34797e-06
-6.83783e-06
-4.62186e-06
-2.67619e-06
-9.78073e-07
4.94091e-07
1.76069e-06
2.8409e-06
3.75267e-06
4.51272e-06
5.13662e-06
5.63878e-06
6.03251e-06
6.33007e-06
6.54275e-06
6.68091e-06
6.75404e-06
6.77074e-06
6.739e-06
6.66567e-06
6.55803e-06
6.41969e-06
-0.000195716
-0.000180896
-0.000166744
-0.000153266
-0.000140463
-0.000128337
-0.000116885
-0.000106099
-9.59702e-05
-8.64863e-05
-7.76323e-05
-6.93909e-05
-6.17429e-05
-5.46674e-05
-4.81416e-05
-4.21419e-05
-3.66435e-05
-3.16209e-05
-2.70484e-05
-2.28999e-05
-1.91496e-05
-1.57717e-05
-1.2741e-05
-1.0033e-05
-7.62378e-06
-5.49033e-06
-3.61063e-06
-1.96363e-06
-5.2936e-07
7.11044e-07
1.77534e-06
2.68017e-06
3.44107e-06
4.07251e-06
4.58793e-06
4.99976e-06
5.31949e-06
5.5577e-06
5.72414e-06
5.8277e-06
5.87665e-06
5.87812e-06
5.83969e-06
5.76533e-06
-0.000199964
-0.000185424
-0.000171505
-0.000158213
-0.000145552
-0.000133527
-0.000122137
-0.000111378
-0.000101242
-9.17217e-05
-8.28037e-05
-7.44742e-05
-6.6717e-05
-5.95137e-05
-5.28447e-05
-4.66887e-05
-4.10236e-05
-3.58262e-05
-3.10729e-05
-2.67398e-05
-2.28027e-05
-1.92375e-05
-1.60205e-05
-1.31284e-05
-1.05385e-05
-8.2286e-06
-6.17749e-06
-4.36476e-06
-2.77095e-06
-1.37756e-06
-1.67096e-07
8.76907e-07
1.76991e-06
2.52637e-06
3.15978e-06
3.68268e-06
4.1067e-06
4.44262e-06
4.70039e-06
4.88914e-06
5.01737e-06
5.0925e-06
5.12232e-06
5.11113e-06
-0.000203577
-0.000189338
-0.000175674
-0.000162591
-0.000150099
-0.000138199
-0.000126898
-0.000116192
-0.000106078
-9.65488e-05
-8.75947e-05
-7.92046e-05
-7.13648e-05
-6.40599e-05
-5.72726e-05
-5.09844e-05
-4.51754e-05
-3.98248e-05
-3.49111e-05
-3.04123e-05
-2.63061e-05
-2.257e-05
-1.91818e-05
-1.61194e-05
-1.33613e-05
-1.08864e-05
-8.6742e-06
-6.70504e-06
-4.96e-06
-3.42104e-06
-2.07101e-06
-8.93658e-07
1.26312e-07
1.00329e-06
1.75076e-06
2.38131e-06
2.90668e-06
3.33777e-06
3.6847e-06
3.95678e-06
4.16273e-06
4.31019e-06
4.40718e-06
4.45823e-06
-0.000206582
-0.000192662
-0.000179272
-0.000166421
-0.000154119
-0.000142374
-0.000131183
-0.000120555
-0.000110488
-0.000100976
-9.20116e-05
-8.35865e-05
-7.56894e-05
-6.83073e-05
-6.14257e-05
-5.50281e-05
-4.90971e-05
-4.36141e-05
-3.85596e-05
-3.39136e-05
-2.96555e-05
-2.57646e-05
-2.222e-05
-1.90011e-05
-1.60874e-05
-1.34589e-05
-1.1096e-05
-8.97982e-06
-7.09204e-06
-5.41512e-06
-3.93231e-06
-2.62766e-06
-1.48608e-06
-4.93303e-07
3.64073e-07
1.09864e-06
1.72219e-06
2.24569e-06
2.6794e-06
3.03278e-06
3.3147e-06
3.53301e-06
3.69591e-06
3.80817e-06
-0.000209003
-0.000195416
-0.000182316
-0.000169715
-0.000157623
-0.000146052
-0.000135003
-0.000124477
-0.000114479
-0.000105008
-9.60581e-05
-8.76219e-05
-7.96912e-05
-7.22553e-05
-6.53019e-05
-5.88169e-05
-5.2785e-05
-4.71898e-05
-4.20137e-05
-3.72385e-05
-3.28456e-05
-2.88157e-05
-2.51295e-05
-2.17677e-05
-1.87111e-05
-1.59406e-05
-1.34376e-05
-1.1184e-05
-9.16221e-06
-7.35518e-06
-5.74664e-06
-4.32099e-06
-3.06342e-06
-1.95985e-06
-9.96975e-07
-1.62274e-07
5.56029e-07
1.16897e-06
1.68686e-06
2.11927e-06
2.47522e-06
2.76271e-06
2.99009e-06
3.16232e-06
-0.000160633
-0.000149252
-0.000138361
-0.000127962
-0.000118058
-0.00010865
-9.97368e-05
-9.13124e-05
-8.33706e-05
-7.59032e-05
-6.88997e-05
-6.23485e-05
-5.62362e-05
-5.05483e-05
-4.52693e-05
-4.03828e-05
-3.58718e-05
-3.17187e-05
-2.79057e-05
-2.44147e-05
-2.12278e-05
-1.83269e-05
-1.56945e-05
-1.33133e-05
-1.11663e-05
-9.23722e-06
-7.5102e-06
-5.97008e-06
-4.60236e-06
-3.3932e-06
-2.32946e-06
-1.39873e-06
-5.89285e-07
1.09904e-07
7.09184e-07
1.21821e-06
1.64607e-06
2.00091e-06
2.29118e-06
2.52214e-06
-0.00154387
-0.00140914
-0.00127885
-0.00115352
-0.00103365
-0.000919659
-0.000811864
-0.000710506
-0.000615742
-0.000527647
-0.000446226
-0.000371414
-0.000303085
-0.000241061
-0.000185115
-0.000134983
-9.03692e-05
-5.09544e-05
-1.6402e-05
1.36348e-05
3.95075e-05
6.15665e-05
8.01569e-05
9.56125e-05
0.00010825
0.000118382
-0.00171447
-0.00157687
-0.00144287
-0.00131313
-0.00118816
-0.00106847
-0.000954482
-0.000846522
-0.000744842
-0.000649607
-0.000560907
-0.000478757
-0.000403109
-0.000333851
-0.000270818
-0.000213799
-0.000162543
-0.000116768
-7.6167e-05
-4.04156e-05
-9.17787e-06
1.78877e-05
4.11225e-05
6.08632e-05
7.74369e-05
9.11558e-05
0.00010232
-0.001736
-0.00160014
-0.00146771
-0.00133935
-0.00121557
-0.00109687
-0.000983665
-0.000876297
-0.000775012
-0.000679983
-0.000591307
-0.000509011
-0.000433057
-0.000363347
-0.000299731
-0.000242011
-0.000189953
-0.000143289
-0.000101729
-6.49611e-05
-3.26646e-05
-4.51122e-06
1.9828e-05
4.06782e-05
5.83562e-05
7.31665e-05
8.5399e-05
-0.00175638
-0.00162222
-0.00149135
-0.00136437
-0.0012418
-0.00112413
-0.00101177
-0.000905063
-0.000804249
-0.000709508
-0.000620945
-0.000538597
-0.000462435
-0.000392373
-0.000328274
-0.000269956
-0.000217196
-0.000169744
-0.000127321
-8.96308e-05
-5.6366e-05
-2.72109e-05
-1.84849e-06
2.00355e-05
3.87481e-05
5.45855e-05
6.78309e-05
-0.00177182
-0.00163971
-0.00151073
-0.00138549
-0.00126449
-0.0011482
-0.00103702
-0.000931286
-0.00083125
-0.000737089
-0.000648915
-0.000566771
-0.000490639
-0.000420445
-0.000356066
-0.000297332
-0.000244037
-0.000195945
-0.000152792
-0.000114297
-8.01659e-05
-5.00977e-05
-2.37878e-05
-9.33838e-07
1.87608e-05
3.55831e-05
4.98088e-05
-0.00178077
-0.00165115
-0.00152453
-0.00140147
-0.00128246
-0.00116797
-0.00105838
-0.000954014
-0.000855132
-0.000761909
-0.00067446
-0.000592836
-0.000517029
-0.000446976
-0.000382566
-0.000323644
-0.000270021
-0.000221474
-0.000177757
-0.000138604
-0.000103737
-7.28682e-05
-4.5708e-05
-2.19668e-05
-1.35961e-06
1.63902e-05
3.15493e-05
-0.00178286
-0.00165617
-0.00153232
-0.00141188
-0.00129529
-0.00118301
-0.00107541
-0.000972812
-0.000875459
-0.000783533
-0.00069715
-0.000616367
-0.000541185
-0.000471553
-0.000407373
-0.000348505
-0.000294773
-0.000245972
-0.000201873
-0.000162226
-0.000126769
-9.52304e-05
-6.73351e-05
-4.28074e-05
-2.13753e-05
-2.77353e-06
1.32542e-05
-0.00177782
-0.0016545
-0.00153386
-0.00141645
-0.00130271
-0.00119304
-0.00108784
-0.000987386
-0.000891934
-0.000801658
-0.000716678
-0.000637056
-0.000562802
-0.000493874
-0.000430187
-0.000371617
-0.000318004
-0.000269158
-0.000224868
-0.0001849
-0.000149011
-0.000116944
-8.84398e-05
-6.32384e-05
-4.1081e-05
-2.1715e-05
-4.89546e-06
-0.00176565
-0.00164611
-0.00152911
-0.00141514
-0.00130463
-0.00119798
-0.00109554
-0.0009976
-0.000904401
-0.000816114
-0.000732861
-0.000654709
-0.000581674
-0.000513727
-0.000450794
-0.000392765
-0.000339496
-0.000290815
-0.000246526
-0.000206416
-0.000170255
-0.000137807
-0.000108829
-8.30737e-05
-6.02989e-05
-4.02649e-05
-2.2739e-05
-0.00174659
-0.00163123
-0.00151824
-0.00140809
-0.00130118
-0.00119789
-0.00109856
-0.00100347
-0.000912852
-0.000826866
-0.00074564
-0.000669244
-0.000597703
-0.000530995
-0.000469061
-0.000411805
-0.000359098
-0.000310785
-0.000266687
-0.000226609
-0.000190341
-0.00015766
-0.000128343
-0.000102158
-7.88781e-05
-5.82776e-05
-4.01367e-05
-0.00172113
-0.00161029
-0.00150164
-0.00139563
-0.00129264
-0.00119303
-0.00109712
-0.00100517
-0.000917404
-0.000833995
-0.000755062
-0.000680679
-0.000610877
-0.000545645
-0.000484936
-0.000428666
-0.000376724
-0.00032897
-0.000285244
-0.000245367
-0.000209146
-0.000176379
-0.000146857
-0.000120367
-9.66951e-05
-7.56318e-05
-5.69704e-05
-0.00168991
-0.00158388
-0.00147985
-0.00137825
-0.00127944
-0.00118376
-0.0010915
-0.00100294
-0.000918275
-0.000837675
-0.00076126
-0.00068911
-0.000621262
-0.000557713
-0.000498428
-0.000443337
-0.000392342
-0.000345323
-0.000302134
-0.000262615
-0.00022659
-0.000193876
-0.000164279
-0.000137604
-0.000113652
-9.22296e-05
-7.31426e-05
-0.0016537
-0.00155269
-0.0014535
-0.00135651
-0.00126208
-0.00117052
-0.00108212
-0.000997133
-0.000915754
-0.000838148
-0.000764436
-0.0006947
-0.000628982
-0.00056729
-0.000509599
-0.000455853
-0.000405968
-0.000359838
-0.000317336
-0.000278318
-0.000242626
-0.000210094
-0.000180545
-0.000153799
-0.000129676
-0.000107995
-8.85758e-05
-0.00161332
-0.00151749
-0.00142327
-0.00133104
-0.00124112
-0.00115382
-0.00106941
-0.000988133
-0.000910177
-0.000835703
-0.000764833
-0.00069765
-0.000634204
-0.000574511
-0.000518554
-0.00046629
-0.000417651
-0.000372545
-0.000330861
-0.000292472
-0.000257236
-0.000225004
-0.000195615
-0.000168908
-0.000144715
-0.000122871
-0.00010321
-0.00156964
-0.00147906
-0.00138988
-0.00130247
-0.00121714
-0.00113418
-0.00105384
-0.000976351
-0.000901905
-0.000830655
-0.000762722
-0.000698194
-0.000637123
-0.000579534
-0.000525421
-0.000474752
-0.000427471
-0.000383502
-0.000342747
-0.000305097
-0.000270426
-0.000238599
-0.000209474
-0.000182904
-0.000158736
-0.00013682
-0.000117003
-0.00152347
-0.00143814
-0.00135403
-0.00127145
-0.00119072
-0.00111211
-0.00103586
-0.000962199
-0.000891302
-0.000823324
-0.000758385
-0.000696573
-0.000637947
-0.000582537
-0.000530349
-0.000481359
-0.000435524
-0.000392782
-0.00035305
-0.000316232
-0.000282219
-0.000250891
-0.000222122
-0.000195778
-0.000171722
-0.000149817
-0.000129925
-0.00147559
-0.00139546
-0.00131634
-0.00123855
-0.00116238
-0.00108809
-0.00101592
-0.000946072
-0.000878724
-0.000814027
-0.000752099
-0.000693032
-0.000636888
-0.000583704
-0.000533493
-0.000486242
-0.00044192
-0.000400475
-0.00036184
-0.000325932
-0.000292656
-0.000261907
-0.000233573
-0.000207535
-0.00018367
-0.000161854
-0.000141961
-0.00142669
-0.00135164
-0.00127742
-0.00120432
-0.00113262
-0.00106258
-0.000994423
-0.000928338
-0.000864502
-0.00080306
-0.00074413
-0.000687806
-0.000634154
-0.000583216
-0.000535011
-0.000489537
-0.000446773
-0.000406678
-0.000369197
-0.00033426
-0.000301786
-0.000271683
-0.000243854
-0.000218192
-0.000194587
-0.000172929
-0.000153103
-0.00137735
-0.00130723
-0.00123776
-0.00116922
-0.00110188
-0.00103598
-0.000971733
-0.00090933
-0.000848937
-0.000790697
-0.000734726
-0.000681118
-0.000629943
-0.000581248
-0.000535058
-0.000491379
-0.000450199
-0.000411489
-0.000375203
-0.000341285
-0.000309665
-0.000280266
-0.000252999
-0.000227774
-0.000204492
-0.000183053
-0.000163357
-0.00132808
-0.00126269
-0.00119779
-0.00113365
-0.00107051
-0.00100862
-0.000948167
-0.00088934
-0.0008323
-0.000777185
-0.000724111
-0.000673172
-0.00062444
-0.000577965
-0.00053378
-0.000491898
-0.000452314
-0.000415008
-0.000379946
-0.000347082
-0.000316357
-0.000287705
-0.000261051
-0.000236313
-0.000213407
-0.000192244
-0.000172732
-0.00127928
-0.00121841
-0.00115788
-0.00109794
-0.00103884
-0.000980797
-0.000923998
-0.000868622
-0.000814825
-0.000762741
-0.000712485
-0.00066415
-0.000617811
-0.000573521
-0.000531317
-0.000491218
-0.000453228
-0.000417334
-0.000383512
-0.000351725
-0.000321925
-0.000294055
-0.000268053
-0.000243848
-0.000221364
-0.000200524
-0.000181245
-0.00123125
-0.00117467
-0.0011183
-0.00106237
-0.00100712
-0.000952753
-0.000899454
-0.000847391
-0.000796714
-0.000747555
-0.000700025
-0.000654217
-0.000610208
-0.000568054
-0.000527795
-0.000489456
-0.000453046
-0.000418561
-0.000385985
-0.000355288
-0.000326434
-0.000299374
-0.000274056
-0.000250418
-0.000228396
-0.00020792
-0.000188918
-0.00118423
-0.00113171
-0.00107928
-0.00102715
-0.00097555
-0.000924684
-0.000874722
-0.000825825
-0.000778138
-0.000731787
-0.000686883
-0.000643518
-0.000601767
-0.00056169
-0.000523331
-0.000486718
-0.000451867
-0.000418779
-0.000387445
-0.000357845
-0.000329949
-0.000303718
-0.000279108
-0.000256067
-0.000234539
-0.000214463
-0.000195777
-0.00113839
-0.00108969
-0.00104097
-0.000992429
-0.000944292
-0.000896746
-0.000849955
-0.000804073
-0.000759239
-0.000715577
-0.000673192
-0.000632177
-0.000592607
-0.000554544
-0.000518032
-0.000483105
-0.000449783
-0.000418073
-0.000387972
-0.000359467
-0.000332535
-0.000307146
-0.000283262
-0.000260841
-0.000239833
-0.000220188
-0.00020185
-0.00109384
-0.00104873
-0.0010035
-0.00095834
-0.000913469
-0.000869062
-0.000825276
-0.000782257
-0.000740139
-0.00069904
-0.000659067
-0.000620306
-0.000582835
-0.000546715
-0.000511994
-0.000478708
-0.00044688
-0.000416523
-0.00038764
-0.000360222
-0.000334254
-0.000309713
-0.000286568
-0.000264784
-0.000244319
-0.00022513
-0.000207167
-0.00105066
-0.0010089
-0.000966944
-0.000924968
-0.000883171
-0.000841726
-0.00080078
-0.000760473
-0.000720934
-0.000682277
-0.000644603
-0.000608001
-0.000572544
-0.000538295
-0.000505304
-0.000473609
-0.000443237
-0.000414204
-0.000386518
-0.000360175
-0.000335167
-0.000311475
-0.000289077
-0.000267942
-0.000248038
-0.000229324
-0.000211761
-0.00100888
-0.000970261
-0.000931368
-0.000892374
-0.000853467
-0.00081481
-0.000776544
-0.000738802
-0.000701706
-0.000665368
-0.000629886
-0.000595344
-0.000561816
-0.000529366
-0.000498043
-0.000467887
-0.000438928
-0.000411187
-0.000384673
-0.00035939
-0.000335332
-0.000312488
-0.000290839
-0.000270363
-0.000251031
-0.00023281
-0.000215666
-0.000968521
-0.000932825
-0.000896797
-0.000860596
-0.0008244
-0.000788366
-0.000752625
-0.000717305
-0.000682523
-0.000648384
-0.000614985
-0.000582407
-0.000550725
-0.000519998
-0.00049028
-0.00046161
-0.000434021
-0.000407536
-0.000382169
-0.000357926
-0.000334807
-0.000312804
-0.000291905
-0.000272092
-0.000253341
-0.000235627
-0.000218918
-0.000929569
-0.000896601
-0.000863248
-0.00082966
-0.000796007
-0.000762435
-0.000729071
-0.000696035
-0.000663439
-0.000631384
-0.000599963
-0.000569256
-0.000539334
-0.000510258
-0.000482081
-0.000454843
-0.000428578
-0.000403312
-0.000379062
-0.000355838
-0.000333642
-0.000312472
-0.000292319
-0.00027317
-0.000255007
-0.000237808
-0.000221547
-0.000892012
-0.000861584
-0.000830728
-0.000799584
-0.000768312
-0.000737052
-0.000705922
-0.000675037
-0.000644504
-0.000614421
-0.000584876
-0.000555947
-0.000527703
-0.000500204
-0.000473503
-0.000447642
-0.000422655
-0.00039857
-0.000375405
-0.000353175
-0.000331884
-0.000311535
-0.000292121
-0.000273635
-0.000256061
-0.000239383
-0.00022358
-0.00160849
-0.00147436
-0.00134394
-0.00121786
-0.00109663
-0.000980713
-0.000870509
-0.000766327
-0.000668391
-0.000576843
-0.000491752
-0.000413114
-0.000340862
-0.00027487
-0.000214963
-0.000160919
-0.000112481
-6.93651e-05
-3.1262e-05
2.15121e-06
3.12076e-05
5.62437e-05
7.75954e-05
9.55934e-05
0.00011056
0.000122819
0.000132715
-0.00154122
-0.00140864
-0.00128006
-0.00115606
-0.00103709
-0.000923603
-0.00081595
-0.000714407
-0.000619161
-0.000530326
-0.000447941
-0.000371977
-0.000302346
-0.000238904
-0.00018146
-0.000129781
-8.36007e-05
-4.26278e-05
-6.55003e-06
2.49582e-05
5.22298e-05
7.56003e-05
9.54032e-05
0.000111966
0.000125605
0.000136637
0.000145403
-0.00148241
-0.00135107
-0.00122399
-0.00110168
-0.00098458
-0.000873111
-0.0007676
-0.000668286
-0.000575331
-0.000488818
-0.000408765
-0.00033512
-0.000267776
-0.000206573
-0.000151305
-0.000101729
-5.75705e-05
-1.85299e-05
1.57092e-05
4.54754e-05
7.11029e-05
9.29274e-05
0.000111281
0.000126489
0.000138865
0.000148709
0.000156352
-0.00156508
-0.00143141
-0.00130153
-0.00117606
-0.00105549
-0.00094024
-0.000830713
-0.000727208
-0.000629938
-0.000539043
-0.000454588
-0.000376572
-0.000304928
-0.000239536
-0.000180224
-0.000126779
-7.89486e-05
-3.64545e-05
1.00596e-06
3.37514e-05
6.21106e-05
8.64176e-05
0.000107006
0.000124205
0.000138337
0.00014971
0.000158616
0.000165364
-0.00152282
-0.0013903
-0.00126172
-0.00113766
-0.00101858
-0.000904908
-0.00079702
-0.000695191
-0.000599617
-0.000510421
-0.000427651
-0.000351294
-0.000281272
-0.000217453
-0.000159659
-0.000107669
-6.1228e-05
-2.00534e-05
1.61592e-05
4.77289e-05
7.49842e-05
9.82578e-05
0.000117881
0.000134181
0.000147475
0.000158069
0.000166248
0.000172304
-0.00149323
-0.00136155
-0.00123392
-0.00111086
-0.00099285
-0.000880308
-0.000773586
-0.000672946
-0.000578572
-0.000490574
-0.000408992
-0.000333801
-0.000264915
-0.000202199
-0.000145466
-9.44928e-05
-4.9021e-05
-8.76572e-06
2.65781e-05
5.73301e-05
8.38182e-05
0.000106374
0.000125327
0.000141003
0.000153716
0.000163768
0.000171445
0.000177023
-0.001478
-0.00134677
-0.00121963
-0.00109711
-0.000979657
-0.000867703
-0.000761587
-0.000661565
-0.000567812
-0.000480433
-0.000399463
-0.000324872
-0.000256572
-0.000194422
-0.000138234
-8.77821e-05
-4.28069e-05
-3.02245e-06
3.18768e-05
6.22106e-05
8.83065e-05
0.000110495
0.000129107
0.000144463
0.000156879
0.000166655
0.000174076
0.000179412
0.000140012
0.000144566
0.000147707
0.000149642
0.000150398
0.00015008
0.000148817
0.000146729
0.000143932
0.000140536
0.000136647
0.00013236
0.000127763
0.000122937
0.000117952
0.000112872
0.000107752
0.000102638
9.75694e-05
9.25799e-05
8.76964e-05
8.29402e-05
7.83282e-05
7.38728e-05
6.95832e-05
6.54653e-05
6.15226e-05
5.77562e-05
5.41659e-05
5.07498e-05
4.75053e-05
4.44285e-05
4.15154e-05
3.87612e-05
3.6161e-05
3.37095e-05
3.14014e-05
2.9231e-05
2.71927e-05
2.52806e-05
2.3489e-05
2.18116e-05
2.02438e-05
1.8776e-05
0.000151888
0.000155613
0.000157946
0.000159131
0.000159177
0.000158187
0.000156287
0.000153601
0.000150242
0.000146321
0.000141941
0.000137197
0.000132177
0.000126959
0.000121613
0.0001162
0.000110774
0.000105379
0.000100054
9.4831e-05
8.97341e-05
8.47837e-05
7.99951e-05
7.53794e-05
7.09443e-05
6.66943e-05
6.26317e-05
5.87568e-05
5.50681e-05
5.15629e-05
4.82375e-05
4.50875e-05
4.21081e-05
3.9294e-05
3.66396e-05
3.41392e-05
3.17869e-05
2.95768e-05
2.75027e-05
2.55585e-05
2.37381e-05
2.20348e-05
2.04439e-05
1.89552e-05
0.000162011
0.000165085
0.000166762
0.0001673
0.000166729
0.000165151
0.000162696
0.000159488
0.000155641
0.000151263
0.000146457
0.000141319
0.000135933
0.000130377
0.000124721
0.000119022
0.000113334
0.0001077
0.000102157
9.67339e-05
9.14555e-05
8.634e-05
8.14015e-05
7.66498e-05
7.20912e-05
6.77295e-05
6.35656e-05
5.95989e-05
5.5827e-05
5.22465e-05
4.88529e-05
4.56413e-05
4.2606e-05
3.97414e-05
3.70413e-05
3.44997e-05
3.21103e-05
2.98667e-05
2.77626e-05
2.57914e-05
2.39468e-05
2.22217e-05
2.06114e-05
1.91052e-05
0.000170271
0.000172842
0.000174006
0.000174015
0.000172931
0.000170866
0.000167951
0.000164309
0.000160056
0.0001553
0.000150143
0.000144678
0.000138992
0.000133159
0.000127247
0.000121314
0.000115412
0.000109582
0.00010386
9.8275e-05
9.28487e-05
8.7599e-05
8.25386e-05
7.76764e-05
7.30178e-05
6.85653e-05
6.43194e-05
6.02783e-05
5.64392e-05
5.27977e-05
4.9349e-05
4.60874e-05
4.3007e-05
4.01016e-05
3.73647e-05
3.47898e-05
3.23704e-05
3.00999e-05
2.79715e-05
2.59786e-05
2.41145e-05
2.23719e-05
2.07459e-05
1.92257e-05
0.000176558
0.00017876
0.00017955
0.000179157
0.000177679
0.000175239
0.000171968
0.000167992
0.000163425
0.000158377
0.00015295
0.000147235
0.000141318
0.000135272
0.000129165
0.000123054
0.000116988
0.000111009
0.000105151
9.94419e-05
9.39031e-05
8.85514e-05
8.33985e-05
7.84525e-05
7.37179e-05
6.91967e-05
6.48886e-05
6.07913e-05
5.69012e-05
5.32137e-05
4.97232e-05
4.64239e-05
4.33094e-05
4.03731e-05
3.76083e-05
3.50084e-05
3.25664e-05
3.02755e-05
2.81288e-05
2.61195e-05
2.42407e-05
2.24849e-05
2.08472e-05
1.93163e-05
0.000180793
0.000182752
0.000183298
0.000182636
0.000180891
0.000178196
0.000174684
0.000170479
0.0001657
0.000160454
0.000154842
0.000148958
0.000142884
0.000136694
0.000130455
0.000124223
0.000118047
0.000111967
0.000106018
0.000100225
9.46107e-05
8.91903e-05
8.39751e-05
7.89727e-05
7.41872e-05
6.96199e-05
6.527e-05
6.11349e-05
5.72106e-05
5.34921e-05
4.99738e-05
4.66492e-05
4.35118e-05
4.05548e-05
3.77714e-05
3.51546e-05
3.26974e-05
3.03929e-05
2.8234e-05
2.62136e-05
2.4325e-05
2.25605e-05
2.09148e-05
1.93769e-05
0.000182922
0.000184762
0.000185189
0.000184391
0.000182512
0.000179688
0.000176053
0.000171733
0.000166846
0.000161499
0.000155795
0.000149825
0.000143671
0.000137409
0.000131104
0.000124811
0.000118579
0.000112449
0.000106453
0.000100618
9.49658e-05
8.95109e-05
8.42645e-05
7.92338e-05
7.44226e-05
6.98321e-05
6.54612e-05
6.13071e-05
5.73657e-05
5.36318e-05
5.00993e-05
4.6762e-05
4.36132e-05
4.06458e-05
3.7853e-05
3.52278e-05
3.2763e-05
3.04517e-05
2.82867e-05
2.62608e-05
2.43672e-05
2.25983e-05
2.09487e-05
1.94072e-05
-0.000209002
-0.000195414
-0.000182315
-0.000169713
-0.00015762
-0.000146045
-0.000134995
-0.000124472
-0.000114475
-0.000105004
-9.60542e-05
-8.76181e-05
-7.96875e-05
-7.22517e-05
-6.52984e-05
-5.88135e-05
-5.27817e-05
-4.71866e-05
-4.20106e-05
-3.72356e-05
-3.28428e-05
-2.8813e-05
-2.5127e-05
-2.17653e-05
-1.87088e-05
-1.59384e-05
-1.34356e-05
-1.11821e-05
-9.16043e-06
-7.35351e-06
-5.74509e-06
-4.31956e-06
-3.06211e-06
-1.95864e-06
-9.95857e-07
-1.61257e-07
5.5695e-07
1.1698e-06
1.68761e-06
2.11995e-06
2.47582e-06
2.76325e-06
2.99051e-06
3.16289e-06
-0.000206581
-0.000192662
-0.000179271
-0.00016642
-0.000154118
-0.000142371
-0.000131184
-0.000120558
-0.000110491
-0.000100979
-9.20142e-05
-8.35888e-05
-7.56914e-05
-6.83091e-05
-6.14272e-05
-5.50294e-05
-4.90982e-05
-4.36149e-05
-3.85603e-05
-3.39141e-05
-2.96558e-05
-2.57647e-05
-2.222e-05
-1.9001e-05
-1.60873e-05
-1.34587e-05
-1.10958e-05
-8.97957e-06
-7.09176e-06
-5.41482e-06
-3.932e-06
-2.62735e-06
-1.48578e-06
-4.93012e-07
3.64354e-07
1.0989e-06
1.72242e-06
2.24591e-06
2.67959e-06
3.03295e-06
3.31484e-06
3.53314e-06
3.69597e-06
3.80834e-06
-0.000203576
-0.000189338
-0.000175674
-0.000162592
-0.000150099
-0.000138202
-0.000126901
-0.000116196
-0.000106082
-9.65523e-05
-8.75981e-05
-7.92078e-05
-7.13679e-05
-6.40627e-05
-5.72753e-05
-5.09868e-05
-4.51776e-05
-3.98268e-05
-3.49129e-05
-3.04139e-05
-2.63074e-05
-2.25712e-05
-1.91828e-05
-1.61203e-05
-1.33621e-05
-1.0887e-05
-8.67476e-06
-6.70551e-06
-4.9604e-06
-3.42138e-06
-2.07129e-06
-8.93906e-07
1.26096e-07
1.0031e-06
1.7506e-06
2.38116e-06
2.90654e-06
3.33764e-06
3.68457e-06
3.95666e-06
4.16261e-06
4.31008e-06
4.40704e-06
4.45818e-06
-0.000199963
-0.000185424
-0.000171505
-0.000158213
-0.000145553
-0.000133528
-0.000122138
-0.000111379
-0.000101243
-9.17226e-05
-8.28046e-05
-7.44751e-05
-6.67178e-05
-5.95145e-05
-5.28454e-05
-4.66893e-05
-4.10241e-05
-3.58267e-05
-3.10734e-05
-2.67402e-05
-2.28029e-05
-1.92377e-05
-1.60207e-05
-1.31286e-05
-1.05386e-05
-8.22867e-06
-6.17753e-06
-4.36479e-06
-2.77096e-06
-1.37756e-06
-1.67099e-07
8.769e-07
1.7699e-06
2.52635e-06
3.15975e-06
3.68264e-06
4.10665e-06
4.44256e-06
4.70032e-06
4.88906e-06
5.01728e-06
5.0924e-06
5.1222e-06
5.11102e-06
-0.000195715
-0.000180896
-0.000166744
-0.000153266
-0.000140463
-0.000128336
-0.000116884
-0.000106098
-9.59697e-05
-8.64857e-05
-7.76317e-05
-6.93903e-05
-6.17423e-05
-5.46668e-05
-4.8141e-05
-4.21413e-05
-3.66428e-05
-3.16202e-05
-2.70477e-05
-2.28992e-05
-1.91488e-05
-1.57709e-05
-1.27403e-05
-1.00323e-05
-7.62304e-06
-5.48961e-06
-3.60992e-06
-1.96295e-06
-5.28706e-07
7.11666e-07
1.77592e-06
2.68071e-06
3.44158e-06
4.07298e-06
4.58836e-06
5.00014e-06
5.31983e-06
5.558e-06
5.7244e-06
5.82793e-06
5.87685e-06
5.8783e-06
5.83983e-06
5.76542e-06
-0.0001908
-0.000175723
-0.000161364
-0.000147726
-0.000134809
-0.00012261
-0.000111126
-0.000100344
-9.02521e-05
-8.08352e-05
-7.20749e-05
-6.39507e-05
-5.64404e-05
-4.95199e-05
-4.31637e-05
-3.73451e-05
-3.20371e-05
-2.72115e-05
-2.28406e-05
-1.88961e-05
-1.53505e-05
-1.21764e-05
-9.34717e-06
-6.83702e-06
-4.62106e-06
-2.67541e-06
-9.77307e-07
4.94834e-07
1.76141e-06
2.84159e-06
3.75332e-06
4.51334e-06
5.1372e-06
5.63931e-06
6.03299e-06
6.33051e-06
6.54316e-06
6.68127e-06
6.75435e-06
6.77102e-06
6.73925e-06
6.66588e-06
6.5582e-06
6.41981e-06
-0.000185187
-0.000169879
-0.000155342
-0.000141574
-0.000128573
-0.000116335
-0.000104851
-9.41054e-05
-8.40835e-05
-7.47659e-05
-6.61309e-05
-5.81549e-05
-5.08121e-05
-4.40752e-05
-3.79157e-05
-3.23042e-05
-2.72108e-05
-2.26051e-05
-1.84569e-05
-1.47362e-05
-1.14134e-05
-8.45959e-06
-5.84692e-06
-3.54834e-06
-1.53799e-06
2.08786e-07
1.71537e-06
3.00384e-06
4.09492e-06
5.00801e-06
5.76115e-06
6.37111e-06
6.85337e-06
7.22222e-06
7.49079e-06
7.67112e-06
7.77423e-06
7.8102e-06
7.7882e-06
7.71654e-06
7.60287e-06
7.45372e-06
7.27604e-06
7.07305e-06
-0.000178849
-0.00016334
-0.000148656
-0.000134792
-0.000121743
-0.0001095
-9.80508e-05
-8.73776e-05
-7.74604e-05
-6.82764e-05
-5.98003e-05
-5.20048e-05
-4.48605e-05
-3.8337e-05
-3.24024e-05
-2.70246e-05
-2.21707e-05
-1.7808e-05
-1.3904e-05
-1.04267e-05
-7.34479e-06
-4.62787e-06
-2.24668e-06
-1.73137e-07
1.6195e-06
3.15659e-06
4.46206e-06
5.55837e-06
6.46649e-06
7.20593e-06
7.79479e-06
8.24974e-06
8.58615e-06
8.81808e-06
8.95842e-06
9.01892e-06
9.0103e-06
8.94227e-06
8.82366e-06
8.66244e-06
8.46589e-06
8.24014e-06
7.99187e-06
7.7238e-06
-0.000171757
-0.000156083
-0.000141288
-0.000127366
-0.000114306
-0.000102096
-9.07206e-05
-8.01573e-05
-7.0382e-05
-6.1368e-05
-5.30861e-05
-4.55049e-05
-3.85915e-05
-3.2312e-05
-2.66314e-05
-2.15143e-05
-1.69252e-05
-1.2829e-05
-9.19074e-06
-5.9766e-06
-3.15354e-06
-6.89738e-07
1.4453e-06
3.28065e-06
4.84384e-06
6.16085e-06
7.25602e-06
8.15209e-06
8.8702e-06
9.42988e-06
9.84916e-06
1.01446e-05
1.03312e-05
1.0423e-05
1.04323e-05
1.03707e-05
1.02484e-05
1.00748e-05
9.85833e-06
9.60654e-06
9.32632e-06
9.02341e-06
8.70409e-06
8.37067e-06
-0.00016389
-0.000148089
-0.000133223
-0.000119283
-0.000106253
-9.41185e-05
-8.28576e-05
-7.24445e-05
-6.28506e-05
-5.40449e-05
-4.59938e-05
-3.86622e-05
-3.20132e-05
-2.60093e-05
-2.06122e-05
-1.57834e-05
-1.14846e-05
-7.67828e-06
-4.32734e-06
-1.39594e-06
1.15053e-06
3.34526e-06
5.21987e-06
6.80431e-06
8.12679e-06
9.21379e-06
1.009e-05
1.07782e-05
1.12998e-05
1.1674e-05
1.19189e-05
1.20507e-05
1.20841e-05
1.20327e-05
1.19087e-05
1.1723e-05
1.14854e-05
1.1205e-05
1.08897e-05
1.05466e-05
1.01822e-05
9.80171e-06
9.41113e-06
9.01223e-06
-0.000155227
-0.000139342
-0.000124449
-0.000110535
-9.75806e-05
-8.55653e-05
-7.44628e-05
-6.42427e-05
-5.48718e-05
-4.63143e-05
-3.85324e-05
-3.14867e-05
-2.51365e-05
-1.94403e-05
-1.43567e-05
-9.84392e-06
-5.86111e-06
-2.36804e-06
6.7434e-07
3.30374e-06
5.55632e-06
7.46651e-06
9.06693e-06
1.03883e-05
1.14594e-05
1.2307e-05
1.29561e-05
1.34296e-05
1.37485e-05
1.39323e-05
1.39984e-05
1.39629e-05
1.38402e-05
1.36432e-05
1.33838e-05
1.30723e-05
1.27183e-05
1.23301e-05
1.19153e-05
1.14804e-05
1.10314e-05
1.05732e-05
1.01114e-05
9.64704e-06
-0.00014575
-0.000129829
-0.000114958
-0.000101119
-8.82877e-05
-7.64391e-05
-6.55415e-05
-5.55594e-05
-4.64548e-05
-3.81871e-05
-3.07139e-05
-2.39915e-05
-1.79749e-05
-1.26192e-05
-7.87916e-06
-3.71028e-06
-6.87859e-08
3.08789e-06
5.80085e-06
8.10953e-06
1.00515e-05
1.16623e-05
1.29754e-05
1.40223e-05
1.4832e-05
1.54316e-05
1.58462e-05
1.60985e-05
1.62095e-05
1.61982e-05
1.60818e-05
1.5876e-05
1.55945e-05
1.52499e-05
1.48535e-05
1.44152e-05
1.39438e-05
1.34472e-05
1.29324e-05
1.24055e-05
1.1872e-05
1.13362e-05
1.08031e-05
1.02736e-05
-0.000135449
-0.000119544
-0.000104748
-9.10352e-05
-7.83791e-05
-6.67474e-05
-5.61035e-05
-4.64066e-05
-3.76133e-05
-2.96783e-05
-2.25543e-05
-1.6193e-05
-1.05455e-05
-5.56288e-06
-1.19665e-06
2.60086e-06
5.87604e-06
8.67377e-06
1.10371e-05
1.3007e-05
1.46224e-05
1.59198e-05
1.69334e-05
1.7695e-05
1.82341e-05
1.85779e-05
1.87513e-05
1.87768e-05
1.86752e-05
1.8465e-05
1.8163e-05
1.77843e-05
1.73421e-05
1.68484e-05
1.63139e-05
1.57479e-05
1.51586e-05
1.45533e-05
1.39385e-05
1.33196e-05
1.27017e-05
1.20886e-05
1.14848e-05
1.08906e-05
-0.000124318
-0.000108487
-9.38213e-05
-8.02917e-05
-6.78649e-05
-5.65032e-05
-4.6164e-05
-3.6801e-05
-2.83656e-05
-2.08071e-05
-1.40733e-05
-8.11149e-06
-2.86845e-06
1.70848e-06
5.67121e-06
9.07037e-06
1.19549e-05
1.4372e-05
1.63663e-05
1.79803e-05
1.92541e-05
2.0225e-05
2.09278e-05
2.13945e-05
2.16549e-05
2.17358e-05
2.16622e-05
2.14561e-05
2.1138e-05
2.07257e-05
2.02357e-05
1.96821e-05
1.90778e-05
1.8434e-05
1.77608e-05
1.70667e-05
1.63593e-05
1.56455e-05
1.49309e-05
1.42205e-05
1.35186e-05
1.28287e-05
1.21547e-05
1.14964e-05
-0.000112359
-9.66638e-05
-8.21896e-05
-6.89021e-05
-5.67622e-05
-4.57257e-05
-3.57441e-05
-2.67653e-05
-1.87351e-05
-1.15975e-05
-5.29526e-06
2.28936e-07
5.03242e-06
9.17166e-06
1.27019e-05
1.56766e-05
1.81472e-05
2.01628e-05
2.17699e-05
2.30122e-05
2.39306e-05
2.45631e-05
2.49448e-05
2.51081e-05
2.50824e-05
2.48946e-05
2.4569e-05
2.41276e-05
2.35898e-05
2.29731e-05
2.22932e-05
2.15635e-05
2.07963e-05
2.0002e-05
1.91898e-05
1.83677e-05
1.75427e-05
1.67207e-05
1.59068e-05
1.51055e-05
1.43205e-05
1.35546e-05
1.28113e-05
1.20897e-05
-9.95835e-05
-8.40897e-05
-6.98715e-05
-5.68885e-05
-4.50953e-05
-3.44412e-05
-2.48714e-05
-1.63279e-05
-8.75072e-06
-2.0784e-06
3.75114e-06
8.8e-06
1.31296e-05
1.68001e-05
1.98699e-05
2.23953e-05
2.443e-05
2.60249e-05
2.72278e-05
2.80838e-05
2.86343e-05
2.89178e-05
2.89696e-05
2.88221e-05
2.85044e-05
2.8043e-05
2.74618e-05
2.67819e-05
2.60223e-05
2.51997e-05
2.43288e-05
2.34226e-05
2.24922e-05
2.15475e-05
2.05967e-05
1.96472e-05
1.87052e-05
1.77759e-05
1.68637e-05
1.59725e-05
1.51053e-05
1.42644e-05
1.34528e-05
1.26689e-05
-8.60119e-05
-7.07899e-05
-5.68952e-05
-4.42814e-05
-3.28967e-05
-2.26835e-05
-1.35806e-05
-5.52376e-06
1.55269e-06
7.71564e-06
1.30322e-05
1.75691e-05
2.13917e-05
2.45638e-05
2.71469e-05
2.91997e-05
3.0778e-05
3.19345e-05
3.27182e-05
3.31749e-05
3.33466e-05
3.32721e-05
3.29867e-05
3.25224e-05
3.1908e-05
3.11694e-05
3.03298e-05
2.94096e-05
2.8427e-05
2.73978e-05
2.63358e-05
2.52532e-05
2.41601e-05
2.30656e-05
2.19772e-05
2.09014e-05
1.98434e-05
1.8808e-05
1.77988e-05
1.68189e-05
1.58709e-05
1.49563e-05
1.40776e-05
1.32327e-05
-7.16775e-05
-5.68005e-05
-4.32994e-05
-3.11214e-05
-2.02081e-05
-1.0495e-05
-1.91391e-06
5.60517e-06
1.21339e-05
1.77446e-05
2.25093e-05
2.64991e-05
2.97834e-05
3.24294e-05
3.45012e-05
3.60602e-05
3.71638e-05
3.78662e-05
3.82175e-05
3.82639e-05
3.80478e-05
3.76081e-05
3.69796e-05
3.61941e-05
3.52797e-05
3.42616e-05
3.31622e-05
3.20009e-05
3.07951e-05
2.95595e-05
2.83071e-05
2.7049e-05
2.57945e-05
2.45515e-05
2.33269e-05
2.21262e-05
2.0954e-05
1.98141e-05
1.87095e-05
1.76425e-05
1.66152e-05
1.56284e-05
1.46841e-05
1.37796e-05
-5.66268e-05
-4.21704e-05
-2.91345e-05
-1.74599e-05
-7.08126e-06
2.07313e-06
1.0078e-05
1.70095e-05
2.29451e-05
2.79624e-05
3.21384e-05
3.55483e-05
3.82654e-05
4.03598e-05
4.18985e-05
4.29448e-05
4.35579e-05
4.37929e-05
4.37007e-05
4.33279e-05
4.27171e-05
4.19067e-05
4.09313e-05
3.98218e-05
3.86056e-05
3.73072e-05
3.59478e-05
3.45459e-05
3.31177e-05
3.1677e-05
3.02357e-05
2.88038e-05
2.73896e-05
2.60003e-05
2.46415e-05
2.33179e-05
2.20334e-05
2.0791e-05
1.9593e-05
1.84409e-05
1.73362e-05
1.6279e-05
1.52708e-05
1.43082e-05
-4.09214e-05
-2.69624e-05
-1.44639e-05
-3.35985e-06
6.42173e-06
1.49598e-05
2.23359e-05
2.86321e-05
3.39316e-05
3.83171e-05
4.18702e-05
4.46704e-05
4.67941e-05
4.83147e-05
4.93013e-05
4.98189e-05
4.99283e-05
4.96853e-05
4.91412e-05
4.83429e-05
4.73326e-05
4.61482e-05
4.48238e-05
4.33894e-05
4.18715e-05
4.02934e-05
3.86752e-05
3.70344e-05
3.53858e-05
3.37423e-05
3.21145e-05
3.05113e-05
2.89401e-05
2.74069e-05
2.59165e-05
2.44727e-05
2.30784e-05
2.17359e-05
2.04468e-05
1.92118e-05
1.80318e-05
1.69062e-05
1.5836e-05
1.48172e-05
-2.46393e-05
-1.12543e-05
6.35648e-07
1.11032e-05
2.02273e-05
2.80941e-05
3.47916e-05
4.04079e-05
4.50316e-05
4.87504e-05
5.16502e-05
5.38143e-05
5.53224e-05
5.62503e-05
5.66692e-05
5.66457e-05
5.62414e-05
5.55127e-05
5.45113e-05
5.32836e-05
5.18715e-05
5.03123e-05
4.8639e-05
4.68807e-05
4.50628e-05
4.32072e-05
4.13329e-05
3.9456e-05
3.75904e-05
3.57473e-05
3.39363e-05
3.21653e-05
3.04403e-05
2.87665e-05
2.71477e-05
2.55867e-05
2.40856e-05
2.26459e-05
2.12683e-05
1.9953e-05
1.87e-05
1.75084e-05
1.63783e-05
1.53052e-05
-7.87659e-06
4.85973e-06
1.60725e-05
2.58407e-05
3.42503e-05
4.13946e-05
4.73678e-05
5.22638e-05
5.61764e-05
5.91979e-05
6.14185e-05
6.29247e-05
6.3799e-05
6.41196e-05
6.39593e-05
6.33858e-05
6.24615e-05
6.1243e-05
5.97817e-05
5.81239e-05
5.63105e-05
5.43779e-05
5.23581e-05
5.02789e-05
4.81645e-05
4.60353e-05
4.39091e-05
4.18006e-05
3.97221e-05
3.76839e-05
3.56941e-05
3.37594e-05
3.18848e-05
3.00743e-05
2.83308e-05
2.66562e-05
2.50517e-05
2.3518e-05
2.2055e-05
2.06622e-05
1.9339e-05
1.80838e-05
1.68962e-05
1.57711e-05
9.25208e-06
2.1269e-05
3.174e-05
4.07507e-05
4.83937e-05
5.47692e-05
5.99778e-05
6.41186e-05
6.72902e-05
6.95895e-05
7.11101e-05
7.19416e-05
7.21691e-05
7.18725e-05
7.1126e-05
6.99981e-05
6.85514e-05
6.68425e-05
6.49225e-05
6.28367e-05
6.06253e-05
5.83235e-05
5.5962e-05
5.35672e-05
5.11616e-05
4.87646e-05
4.63922e-05
4.40577e-05
4.17721e-05
3.95441e-05
3.73808e-05
3.52875e-05
3.32681e-05
3.13256e-05
2.94617e-05
2.76776e-05
2.59736e-05
2.43494e-05
2.28044e-05
2.13374e-05
1.99469e-05
1.86308e-05
1.73882e-05
1.62135e-05
2.6613e-05
3.78458e-05
4.75166e-05
5.57178e-05
6.25485e-05
6.81158e-05
7.2526e-05
7.58832e-05
7.82907e-05
7.9849e-05
8.06551e-05
8.08013e-05
8.03746e-05
7.94564e-05
7.81217e-05
7.64396e-05
7.44725e-05
7.22768e-05
6.99027e-05
6.73947e-05
6.47917e-05
6.21275e-05
5.94315e-05
5.67284e-05
5.40393e-05
5.13818e-05
4.87705e-05
4.62171e-05
4.37312e-05
4.13201e-05
3.89895e-05
3.67435e-05
3.45849e-05
3.25156e-05
3.05363e-05
2.86473e-05
2.68481e-05
2.51376e-05
2.35143e-05
2.19764e-05
2.0522e-05
1.9148e-05
1.78532e-05
1.66313e-05
4.40538e-05
5.44457e-05
6.32658e-05
7.06135e-05
7.65944e-05
8.1322e-05
8.49081e-05
8.74614e-05
8.90891e-05
8.98953e-05
8.99796e-05
8.94365e-05
8.83546e-05
8.68161e-05
8.48969e-05
8.26658e-05
8.01851e-05
7.75103e-05
7.46908e-05
7.17697e-05
6.87847e-05
6.5768e-05
6.27471e-05
5.97455e-05
5.67824e-05
5.38737e-05
5.10324e-05
4.82687e-05
4.55906e-05
4.3004e-05
4.05134e-05
3.81215e-05
3.58301e-05
3.36399e-05
3.15508e-05
2.9562e-05
2.76723e-05
2.58798e-05
2.41824e-05
2.25774e-05
2.10624e-05
1.96338e-05
1.82897e-05
1.70233e-05
6.14051e-05
7.09092e-05
7.88376e-05
8.52972e-05
9.04002e-05
9.42663e-05
9.7012e-05
9.87501e-05
9.95913e-05
9.96425e-05
9.90056e-05
9.77767e-05
9.60455e-05
9.38949e-05
9.14007e-05
8.86315e-05
8.56488e-05
8.25074e-05
7.92551e-05
7.59339e-05
7.25796e-05
6.9223e-05
6.58899e-05
6.26018e-05
5.93762e-05
5.62274e-05
5.31666e-05
5.02025e-05
4.73416e-05
4.45884e-05
4.19459e-05
3.94157e-05
3.69986e-05
3.46941e-05
3.25012e-05
3.04183e-05
2.84433e-05
2.65736e-05
2.48064e-05
2.31385e-05
2.15667e-05
2.00868e-05
1.86965e-05
1.73885e-05
7.84812e-05
8.70631e-05
9.40692e-05
9.96169e-05
0.000103825
0.000106819
0.000108718
0.00010964
0.000109698
0.000109001
0.000107652
0.000105749
0.000103382
0.000100635
9.75813e-05
9.42906e-05
9.0823e-05
8.72319e-05
8.35639e-05
7.98592e-05
7.61521e-05
7.24713e-05
6.88409e-05
6.52806e-05
6.18062e-05
5.84302e-05
5.51621e-05
5.20089e-05
4.89758e-05
4.60658e-05
4.32806e-05
4.06207e-05
3.80856e-05
3.5674e-05
3.3384e-05
3.12131e-05
2.91585e-05
2.72168e-05
2.53845e-05
2.3658e-05
2.20332e-05
2.05057e-05
1.90726e-05
1.7726e-05
9.50825e-05
0.000102722
0.000108787
0.000113411
0.00011672
0.000118842
0.000119902
0.000120019
0.000119307
0.000117878
0.000115837
0.00011328
0.0001103
0.000106977
0.000103387
9.95974e-05
9.56673e-05
9.16485e-05
8.75861e-05
8.35184e-05
7.94779e-05
7.54917e-05
7.15818e-05
6.77661e-05
6.40586e-05
6.04699e-05
5.70082e-05
5.36787e-05
5.04851e-05
4.74292e-05
4.45114e-05
4.1731e-05
3.90865e-05
3.65758e-05
3.41958e-05
3.19435e-05
2.98152e-05
2.7807e-05
2.59147e-05
2.41341e-05
2.24607e-05
2.08894e-05
1.94168e-05
1.80348e-05
0.000111015
0.000117692
0.000122805
0.000126508
0.000128928
0.000130194
0.000130434
0.000129768
0.000128313
0.00012618
0.000123475
0.000120295
0.00011673
0.000112862
0.000108766
0.000104506
0.000100142
9.5722e-05
9.12908e-05
8.68845e-05
8.25339e-05
7.82639e-05
7.40948e-05
7.00426e-05
6.61196e-05
6.23349e-05
5.86946e-05
5.52029e-05
5.18619e-05
4.86719e-05
4.56325e-05
4.27417e-05
3.9997e-05
3.73954e-05
3.49333e-05
3.26066e-05
3.0411e-05
2.83422e-05
2.63953e-05
2.45654e-05
2.28477e-05
2.12365e-05
1.97283e-05
1.8314e-05
0.000126135
0.000131797
0.000135934
0.000138729
0.000140285
0.000140726
0.00014018
0.000138769
0.00013661
0.000133813
0.000130484
0.00012672
0.00012261
0.000118235
0.000113669
0.000108974
0.000104208
9.94195e-05
9.46494e-05
8.99327e-05
8.52981e-05
8.07688e-05
7.63634e-05
7.2096e-05
6.79771e-05
6.40142e-05
6.02122e-05
5.65735e-05
5.3099e-05
4.97879e-05
4.66386e-05
4.36481e-05
4.08131e-05
3.81297e-05
3.55935e-05
3.31999e-05
3.09439e-05
2.88205e-05
2.68245e-05
2.49505e-05
2.3193e-05
2.15463e-05
2.0006e-05
1.85629e-05
-0.000827739
-0.000799217
-0.00077037
-0.000741325
-0.000712225
-0.000683193
-0.000654334
-0.000625749
-0.00059753
-0.000569762
-0.000542522
-0.000515877
-0.000489884
-0.000464595
-0.000861562
-0.000830714
-0.000799586
-0.000768313
-0.000737046
-0.000705915
-0.000675031
-0.000644499
-0.000614416
-0.000584871
-0.000555942
-0.000527698
-0.000500199
-0.000473496
-0.000447634
-0.000422651
-0.000398569
-0.000375403
-0.000353172
-0.000331882
-0.000311533
-0.00029212
-0.000273633
-0.00025606
-0.000239382
-0.000223579
-0.00089658
-0.000863237
-0.000829666
-0.000796012
-0.000762433
-0.000729068
-0.000696033
-0.000663436
-0.000631382
-0.00059996
-0.000569253
-0.000539331
-0.000510254
-0.000482074
-0.000454836
-0.000428573
-0.00040331
-0.000379059
-0.000355835
-0.000333639
-0.00031247
-0.000292318
-0.000273169
-0.000255006
-0.000237806
-0.000221546
-0.000932804
-0.000896785
-0.000860602
-0.000824405
-0.000788363
-0.000752622
-0.000717302
-0.00068252
-0.000648382
-0.000614982
-0.000582405
-0.000550722
-0.000519995
-0.000490275
-0.000461605
-0.000434018
-0.000407534
-0.000382166
-0.000357923
-0.000334804
-0.000312802
-0.000291904
-0.00027209
-0.00025334
-0.000235626
-0.000218917
-0.000970237
-0.000931354
-0.000892377
-0.000853468
-0.000814805
-0.000776538
-0.000738797
-0.000701702
-0.000665365
-0.000629882
-0.00059534
-0.000561813
-0.000529363
-0.000498039
-0.000467884
-0.000438926
-0.000411185
-0.000384671
-0.000359387
-0.00033533
-0.000312486
-0.000290838
-0.000270361
-0.000251029
-0.000232809
-0.000215666
-0.00100888
-0.000966929
-0.000924971
-0.000883172
-0.00084172
-0.000800773
-0.000760468
-0.000720929
-0.000682273
-0.000644599
-0.000607997
-0.000572541
-0.000538292
-0.000505301
-0.000473606
-0.000443235
-0.000414202
-0.000386515
-0.000360173
-0.000335165
-0.000311473
-0.000289075
-0.000267941
-0.000248036
-0.000229323
-0.000211761
-0.0010487
-0.00100348
-0.000958343
-0.000913469
-0.000869056
-0.000825269
-0.000782251
-0.000740134
-0.000699036
-0.000659062
-0.000620303
-0.000582832
-0.000546712
-0.000511991
-0.000478705
-0.000446878
-0.000416521
-0.000387638
-0.00036022
-0.000334252
-0.000309711
-0.000286567
-0.000264782
-0.000244318
-0.000225129
-0.000207167
-0.00108966
-0.00104095
-0.000992431
-0.000944292
-0.00089674
-0.000849948
-0.000804067
-0.000759234
-0.000715572
-0.000673188
-0.000632173
-0.000592604
-0.00055454
-0.000518029
-0.000483103
-0.000449781
-0.000418071
-0.000387971
-0.000359465
-0.000332533
-0.000307144
-0.000283261
-0.00026084
-0.000239833
-0.000220188
-0.000201849
-0.00113168
-0.00107926
-0.00102715
-0.00097555
-0.000924677
-0.000874715
-0.000825819
-0.000778132
-0.000731782
-0.000686878
-0.000643514
-0.000601763
-0.000561687
-0.000523328
-0.000486716
-0.000451865
-0.000418777
-0.000387444
-0.000357844
-0.000329948
-0.000303717
-0.000279107
-0.000256066
-0.000234538
-0.000214463
-0.000195776
-0.00117465
-0.00111829
-0.00106237
-0.00100712
-0.000952746
-0.000899446
-0.000847384
-0.000796708
-0.000747549
-0.00070002
-0.000654213
-0.000610204
-0.000568051
-0.000527792
-0.000489453
-0.000453044
-0.00041856
-0.000385983
-0.000355287
-0.000326432
-0.000299373
-0.000274055
-0.000250417
-0.000228395
-0.000207919
-0.000188918
-0.00121839
-0.00115787
-0.00109794
-0.00103884
-0.000980789
-0.00092399
-0.000868616
-0.000814819
-0.000762736
-0.00071248
-0.000664146
-0.000617807
-0.000573518
-0.000531314
-0.000491216
-0.000453226
-0.000417333
-0.000383511
-0.000351724
-0.000321924
-0.000294055
-0.000268053
-0.000243847
-0.000221364
-0.000200523
-0.000181244
-0.00126267
-0.00119778
-0.00113365
-0.00107051
-0.00100861
-0.000948159
-0.000889333
-0.000832294
-0.000777179
-0.000724106
-0.000673167
-0.000624436
-0.000577962
-0.000533778
-0.000491896
-0.000452312
-0.000415007
-0.000379945
-0.000347081
-0.000316356
-0.000287704
-0.00026105
-0.000236313
-0.000213407
-0.000192244
-0.000172731
-0.00130721
-0.00123775
-0.00116921
-0.00110187
-0.00103597
-0.000971724
-0.000909323
-0.000848931
-0.000790691
-0.000734721
-0.000681114
-0.000629939
-0.000581245
-0.000535055
-0.000491377
-0.000450198
-0.000411488
-0.000375202
-0.000341285
-0.000309665
-0.000280265
-0.000252999
-0.000227774
-0.000204492
-0.000183053
-0.000163356
-0.00135162
-0.00127741
-0.00120431
-0.00113262
-0.00106258
-0.000994415
-0.000928331
-0.000864495
-0.000803054
-0.000744125
-0.000687802
-0.00063415
-0.000583213
-0.000535008
-0.000489535
-0.000446771
-0.000406677
-0.000369196
-0.000334259
-0.000301785
-0.000271683
-0.000243854
-0.000218192
-0.000194588
-0.000172929
-0.000153103
-0.00139545
-0.00131633
-0.00123855
-0.00116237
-0.00108808
-0.00101591
-0.000946064
-0.000878717
-0.000814021
-0.000752094
-0.000693027
-0.000636884
-0.000583701
-0.00053349
-0.00048624
-0.000441919
-0.000400475
-0.00036184
-0.000325932
-0.000292656
-0.000261907
-0.000233573
-0.000207535
-0.00018367
-0.000161854
-0.000141961
-0.00143813
-0.00135402
-0.00127144
-0.00119071
-0.0011121
-0.00103585
-0.000962191
-0.000891295
-0.000823318
-0.000758379
-0.000696568
-0.000637943
-0.000582535
-0.000530346
-0.000481357
-0.000435523
-0.000392781
-0.00035305
-0.000316232
-0.000282219
-0.000250892
-0.000222122
-0.000195778
-0.000171723
-0.000149818
-0.000129926
-0.00147905
-0.00138988
-0.00130247
-0.00121713
-0.00113417
-0.00105383
-0.000976343
-0.000901897
-0.000830648
-0.000762717
-0.000698189
-0.000637119
-0.000579531
-0.000525419
-0.000474751
-0.00042747
-0.000383501
-0.000342747
-0.000305097
-0.000270426
-0.0002386
-0.000209475
-0.000182905
-0.000158737
-0.000136821
-0.000117004
-0.00151749
-0.00142327
-0.00133103
-0.00124111
-0.00115381
-0.0010694
-0.000988125
-0.000910169
-0.000835697
-0.000764827
-0.000697646
-0.000634201
-0.000574508
-0.000518552
-0.000466289
-0.000417651
-0.000372545
-0.000330861
-0.000292472
-0.000257237
-0.000225005
-0.000195616
-0.000168909
-0.000144717
-0.000122872
-0.000103211
-0.00155269
-0.0014535
-0.0013565
-0.00126207
-0.00117051
-0.00108211
-0.000997125
-0.000915746
-0.000838141
-0.00076443
-0.000694695
-0.000628978
-0.000567288
-0.000509597
-0.000455852
-0.000405967
-0.000359838
-0.000317336
-0.000278319
-0.000242627
-0.000210095
-0.000180546
-0.000153801
-0.000129678
-0.000107996
-8.85765e-05
-0.00158388
-0.00147985
-0.00137823
-0.00127943
-0.00118375
-0.0010915
-0.00100293
-0.000918267
-0.000837668
-0.000761255
-0.000689106
-0.000621258
-0.00055771
-0.000498426
-0.000443335
-0.000392342
-0.000345323
-0.000302134
-0.000262615
-0.000226591
-0.000193877
-0.00016428
-0.000137605
-0.000113654
-9.2231e-05
-7.31435e-05
-0.0016103
-0.00150164
-0.00139561
-0.00129263
-0.00119302
-0.00109711
-0.00100516
-0.000917396
-0.000833988
-0.000755056
-0.000680674
-0.000610873
-0.000545642
-0.000484934
-0.000428665
-0.000376724
-0.00032897
-0.000285245
-0.000245368
-0.000209147
-0.000176381
-0.000146859
-0.000120368
-9.66968e-05
-7.56334e-05
-5.69714e-05
-0.00163124
-0.00151824
-0.00140806
-0.00130116
-0.00119788
-0.00109855
-0.00100347
-0.000912843
-0.000826859
-0.000745634
-0.000669239
-0.000597699
-0.000530992
-0.000469059
-0.000411804
-0.000359098
-0.000310785
-0.000266688
-0.000226611
-0.000190342
-0.000157662
-0.000128345
-0.00010216
-7.888e-05
-5.82794e-05
-4.0138e-05
-0.00164613
-0.0015291
-0.00141511
-0.00130461
-0.00119797
-0.00109553
-0.000997591
-0.000904392
-0.000816107
-0.000732855
-0.000654704
-0.00058167
-0.000513724
-0.000450792
-0.000392764
-0.000339495
-0.000290815
-0.000246527
-0.000206417
-0.000170257
-0.000137809
-0.000108831
-8.30759e-05
-6.03011e-05
-4.02669e-05
-2.27404e-05
-0.00165451
-0.00153386
-0.00141643
-0.00130269
-0.00119303
-0.00108783
-0.000987377
-0.000891926
-0.000801651
-0.000716672
-0.000637051
-0.000562798
-0.000493871
-0.000430185
-0.000371616
-0.000318004
-0.000269159
-0.000224869
-0.000184902
-0.000149013
-0.000116946
-8.84422e-05
-6.32408e-05
-4.10834e-05
-2.17173e-05
-4.89709e-06
-0.00165619
-0.00153232
-0.00141185
-0.00129527
-0.001183
-0.0010754
-0.000972802
-0.000875451
-0.000783525
-0.000697143
-0.000616362
-0.000541181
-0.00047155
-0.000407371
-0.000348504
-0.000294773
-0.000245973
-0.000201874
-0.000162228
-0.000126771
-9.52328e-05
-6.73376e-05
-4.281e-05
-2.13779e-05
-2.77595e-06
1.32524e-05
-0.00165117
-0.00152452
-0.00140144
-0.00128244
-0.00116795
-0.00105837
-0.000954004
-0.000855123
-0.000761901
-0.000674454
-0.000592831
-0.000517025
-0.000446973
-0.000382564
-0.000323644
-0.000270021
-0.000221475
-0.000177758
-0.000138606
-0.000103739
-7.28707e-05
-4.57107e-05
-2.19695e-05
-1.36237e-06
1.63876e-05
3.15472e-05
-0.00163972
-0.00151072
-0.00138546
-0.00126447
-0.00114819
-0.00103701
-0.000931276
-0.00083124
-0.000737081
-0.000648908
-0.000566765
-0.000490634
-0.000420442
-0.000356064
-0.000297331
-0.000244037
-0.000195946
-0.000152793
-0.000114299
-8.01682e-05
-5.01004e-05
-2.37906e-05
-9.36732e-07
1.87579e-05
3.55803e-05
4.98065e-05
-0.00162223
-0.00149133
-0.00136433
-0.00124178
-0.00112412
-0.00101176
-0.000905053
-0.000804239
-0.000709499
-0.000620938
-0.000538591
-0.00046243
-0.00039237
-0.000328272
-0.000269954
-0.000217196
-0.000169744
-0.000127322
-8.96328e-05
-5.63685e-05
-2.72137e-05
-1.85142e-06
2.00325e-05
3.87451e-05
5.45827e-05
6.78284e-05
-0.00160014
-0.00146769
-0.00133931
-0.00121555
-0.00109685
-0.000983654
-0.000876286
-0.000775002
-0.000679974
-0.000591299
-0.000509005
-0.000433052
-0.000363343
-0.000299728
-0.000242009
-0.000189952
-0.00014329
-0.00010173
-6.49629e-05
-3.26669e-05
-4.51385e-06
1.98252e-05
4.06753e-05
5.83534e-05
7.31638e-05
8.53964e-05
-0.00157687
-0.00144285
-0.0013131
-0.00118814
-0.00106846
-0.000954471
-0.000846512
-0.000744833
-0.000649599
-0.000560899
-0.000478751
-0.000403104
-0.000333847
-0.000270816
-0.000213797
-0.000162542
-0.000116768
-7.61679e-05
-4.04171e-05
-9.17979e-06
1.78854e-05
4.112e-05
6.08608e-05
7.74347e-05
9.11534e-05
0.000102318
-0.00154387
-0.00140913
-0.00127883
-0.00115351
-0.00103364
-0.00091965
-0.000811855
-0.000710498
-0.000615734
-0.00052764
-0.00044622
-0.000371409
-0.000303081
-0.000241058
-0.000185113
-0.000134982
-9.0369e-05
-5.09548e-05
-1.64029e-05
1.36335e-05
3.95059e-05
6.15648e-05
8.01552e-05
9.56109e-05
0.000108249
0.00011838
)
;

boundaryField
{
    down
    {
        type            symmetryPlane;
    }
    right
    {
        type            fixedValue;
        value           nonuniform List<scalar> 0();
    }
    up
    {
        type            symmetryPlane;
    }
    left
    {
        type            zeroGradient;
    }
    cylinder
    {
        type            zeroGradient;
    }
    frontAndBack
    {
        type            empty;
    }
    procBoundary6to2
    {
        type            processor;
        value           nonuniform List<scalar> 
71
(
-0.000210873
-0.000197628
-0.000184831
-0.000172495
-0.000160629
-0.000149245
-0.000138352
-0.000127953
-0.000118049
-0.000108642
-9.97287e-05
-9.13045e-05
-8.33631e-05
-7.5896e-05
-6.88929e-05
-6.23421e-05
-5.62301e-05
-5.05426e-05
-4.52639e-05
-4.03778e-05
-3.58671e-05
-3.17143e-05
-2.79015e-05
-2.44108e-05
-2.12241e-05
-1.83235e-05
-1.56914e-05
-1.33104e-05
-1.11636e-05
-9.23468e-06
-7.50785e-06
-5.96791e-06
-4.60035e-06
-3.39134e-06
-2.32776e-06
-1.39718e-06
-5.87866e-07
1.112e-07
7.1036e-07
1.21927e-06
1.64703e-06
2.00178e-06
2.29191e-06
2.52297e-06
-0.000795083
-0.000768729
-0.000742011
-0.00071505
-0.000687981
-0.00066092
-0.000633966
-0.000607216
-0.000580758
-0.000554674
-0.000529036
-0.000503912
-0.000479356
-0.000455423
-0.000440058
-0.000440058
-0.000416305
-0.000393362
-0.000371252
-0.000349987
-0.000329583
-0.00031004
-0.000291357
-0.000273528
-0.000256544
-0.000240391
-0.000225052
)
;
    }
    procBoundary6to5
    {
        type            processor;
        value           nonuniform List<scalar> 
80
(
-0.00161264
-0.00162826
-0.00165859
-0.00170184
-0.00161737
-0.00161737
-0.00167712
-0.00174559
-0.00168241
-0.00168241
-0.00168241
-0.00185486
-0.00187452
-0.00189308
-0.00190634
-0.00191269
-0.00191173
-0.00190322
-0.00188714
-0.00186378
-0.00183365
-0.00179747
-0.00175607
-0.00171035
-0.00166125
-0.00160966
-0.00155641
-0.00150226
-0.00144785
-0.0013937
-0.00134023
-0.00128779
-0.00123661
-0.00118686
-0.00113864
-0.00109204
-0.00104706
-0.00100373
-0.000962009
-0.000921878
-0.00174556
-0.00168237
-0.0016771
-0.00161735
-0.00161735
-0.00170181
-0.00165857
-0.00162826
-0.00161263
-0.000855817
-0.000892003
-0.000929562
-0.000968512
-0.00100887
-0.00105065
-0.00109383
-0.00113837
-0.00118421
-0.00123123
-0.00127926
-0.00132807
-0.00137734
-0.00142667
-0.00147558
-0.00152345
-0.00156962
-0.0016133
-0.00165368
-0.00168989
-0.00172111
-0.00174658
-0.00176563
-0.00177781
-0.00178284
-0.00178076
-0.0017718
-0.00175637
-0.00173598
-0.00171444
-0.00168237
)
;
    }
    procBoundary6to7
    {
        type            processor;
        value           nonuniform List<scalar> 
74
(
1.79725e-05
1.79453e-05
1.78911e-05
1.78099e-05
1.7702e-05
1.75677e-05
1.74071e-05
1.72162e-05
1.6993e-05
1.67427e-05
1.64658e-05
1.6163e-05
1.58352e-05
1.54832e-05
1.5108e-05
1.47104e-05
1.42916e-05
1.38526e-05
1.33945e-05
1.29184e-05
1.24256e-05
1.19173e-05
1.13947e-05
1.0859e-05
1.03116e-05
9.75371e-06
9.18663e-06
8.61166e-06
8.03007e-06
7.44315e-06
6.85216e-06
6.25836e-06
5.66293e-06
5.06696e-06
4.47183e-06
3.87856e-06
3.28854e-06
1.74071e-05
1.75677e-05
1.7702e-05
1.78099e-05
1.78911e-05
1.79453e-05
1.79725e-05
3.28888e-06
3.87869e-06
4.47183e-06
5.06707e-06
5.6631e-06
6.25852e-06
6.85231e-06
7.44328e-06
8.03019e-06
8.61176e-06
9.18673e-06
9.7538e-06
1.03117e-05
1.08591e-05
1.13948e-05
1.19174e-05
1.24257e-05
1.29185e-05
1.33945e-05
1.38527e-05
1.42917e-05
1.47105e-05
1.5108e-05
1.54833e-05
1.58352e-05
1.6163e-05
1.64658e-05
1.67427e-05
1.69931e-05
1.72162e-05
)
;
    }
    procBoundary6to10
    {
        type            processor;
        value           nonuniform List<scalar> 
72
(
-0.000210874
-0.000197629
-0.000184833
-0.000172495
-0.000172495
-0.000163176
-0.000152004
-0.000141287
-0.00013103
-0.000121238
-0.000111915
-0.000103059
-9.46672e-05
-8.67354e-05
-7.92571e-05
-7.22241e-05
-6.56265e-05
-5.94531e-05
-5.36913e-05
-4.83273e-05
-4.33465e-05
-3.87336e-05
-3.44726e-05
-3.05469e-05
-2.69401e-05
-2.36352e-05
-2.06155e-05
-1.78643e-05
-1.53651e-05
-1.31018e-05
-1.10587e-05
-9.22049e-06
-7.57249e-06
-6.10053e-06
-4.79108e-06
-3.63123e-06
-2.60869e-06
-1.71184e-06
-9.29699e-07
-2.51941e-07
3.31135e-07
8.28677e-07
1.24893e-06
1.60037e-06
1.88864e-06
-0.000855824
-0.000827761
-0.000799233
-0.000770371
-0.000741328
-0.000712234
-0.000683203
-0.000654343
-0.000625757
-0.000597537
-0.000569769
-0.000542528
-0.000515881
-0.000489889
-0.000464602
-0.000440062
-0.000416306
-0.000393362
-0.000371251
-0.000349989
-0.000329584
-0.000310041
-0.000291358
-0.00027353
-0.000256546
-0.000240393
-0.000225054
)
;
    }
    procBoundary6to11
    {
        type            processor;
        value           uniform 2.70317e-06;
    }
}


// ************************************************************************* //
