/*--------------------------------*- C++ -*----------------------------------*\
| =========                 |                                                 |
| \\      /  F ield         | OpenFOAM: The Open Source CFD Toolbox           |
|  \\    /   O peration     | Version:  2412                                  |
|   \\  /    A nd           | Website:  www.openfoam.com                      |
|    \\/     M anipulation  |                                                 |
\*---------------------------------------------------------------------------*/
FoamFile
{
    version     2.0;
    format      ascii;
    arch        "LSB;label=32;scalar=64";
    class       volScalarField;
    location    "2";
    object      p;
}
// * * * * * * * * * * * * * * * * * * * * * * * * * * * * * * * * * * * * * //

dimensions      [0 2 -2 0 0 0 0];

internalField   nonuniform List<scalar> 
5285
(
-0.000359238
-0.00031113
-0.000338841
-0.000358514
-0.000376592
-0.000392559
-0.000405727
-0.000416222
-0.000424319
-0.000430221
-0.000434104
-0.000436154
-0.000436559
-0.0004355
-0.000433147
-0.000429665
-0.000425205
-0.000419909
-0.000413909
-0.000407323
-0.000400261
-0.00039282
-0.000385087
-0.000377139
-0.000266502
-0.0002936
-0.000313545
-0.000331965
-0.000348405
-0.000362254
-0.000373616
-0.000382731
-0.000389775
-0.000394901
-0.000398272
-0.000400056
-0.000400413
-0.000399498
-0.000397459
-0.000394434
-0.000390554
-0.00038594
-0.000380705
-0.000374949
-0.000368767
-0.000362242
-0.000355448
-0.000225027
-0.000251496
-0.0002716
-0.000290247
-0.000307034
-0.000321421
-0.000333494
-0.000343461
-0.000351476
-0.000357673
-0.000362194
-0.000365188
-0.000366799
-0.000367166
-0.000366421
-0.000364691
-0.000362095
-0.000358747
-0.00035475
-0.0003502
-0.000345185
-0.000339785
-0.000334071
-0.000186419
-0.000212252
-0.000232423
-0.000251199
-0.000268228
-0.000283031
-0.000295681
-0.000306358
-0.000315197
-0.000322314
-0.000327834
-0.000331889
-0.000334608
-0.000336115
-0.000336529
-0.000335966
-0.000334536
-0.000332341
-0.000329479
-0.000326039
-0.000322104
-0.000317749
-0.000313045
-0.000150424
-0.000175618
-0.000195781
-0.000214607
-0.000231789
-0.000246905
-0.000260017
-0.000271282
-0.000280816
-0.00028872
-0.000295107
-0.000300091
-0.000303788
-0.000306308
-0.000307759
-0.000308247
-0.000307871
-0.000306726
-0.000304902
-0.000302483
-0.000299545
-0.000296161
-0.000292397
-0.000116813
-0.000141372
-0.000161465
-0.000180275
-0.000197536
-0.000212879
-0.000226354
-0.0002381
-0.000248218
-0.000256795
-0.00026393
-0.000269726
-0.000274283
-0.000277703
-0.000280082
-0.000281514
-0.000282092
-0.000281902
-0.000281026
-0.000279544
-0.000277526
-0.000275042
-0.000272154
-8.53822e-05
-0.000109314
-0.000129287
-0.000148026
-0.000165304
-0.000180799
-0.000194555
-0.000206691
-0.000217296
-0.000226445
-0.000234225
-0.000240727
-0.000246043
-0.00025026
-0.000253466
-0.000255747
-0.000257185
-0.000257862
-0.000257853
-0.000257229
-0.00025606
-0.000254408
-0.000252333
-5.59503e-05
-7.92648e-05
-9.90758e-05
-0.0001177
-0.000134944
-0.00015053
-0.000164494
-0.000176941
-0.000187948
-0.00019758
-0.000205915
-0.000213032
-0.000219012
-0.000223935
-0.000227878
-0.00023092
-0.000233136
-0.000234599
-0.000235378
-0.000235542
-0.000235152
-0.000234269
-0.000232949
-2.83531e-05
-5.10627e-05
-7.06791e-05
-8.91523e-05
-0.000106319
-0.000121942
-0.000136053
-0.000148744
-0.00016008
-0.000170119
-0.000178927
-0.000186577
-0.00019314
-0.000198686
-0.000203286
-0.000207009
-0.000209925
-0.000212099
-0.000213597
-0.000214481
-0.000214808
-0.000214635
-0.000214014
-2.44301e-06
-2.45622e-05
-4.39569e-05
-6.22486e-05
-7.93026e-05
-9.49192e-05
-0.000109126
-0.000122001
-0.000133603
-0.000143981
-0.000153193
-0.000161304
-0.000168375
-0.00017447
-0.000179653
-0.000183986
-0.000187531
-0.00019035
-0.000192501
-0.000194042
-0.000195027
-0.000195508
-0.000195534
2.19125e-05
3.6801e-07
-1.87823e-05
-3.68683e-05
-5.37811e-05
-6.93543e-05
-8.36116e-05
-9.66223e-05
-0.000108435
-0.000119093
-0.000128647
-0.000137153
-0.000144668
-0.000151247
-0.000156946
-0.000161823
-0.000165934
-0.000169335
-0.000172079
-0.00017422
-0.000175807
-0.00017689
-0.000177515
4.48332e-05
2.38468e-05
4.96027e-06
-1.29006e-05
-2.96491e-05
-4.51485e-05
-5.94197e-05
-7.25226e-05
-8.44986e-05
-9.53847e-05
-0.000105226
-0.000114072
-0.000121971
-0.000128973
-0.00013513
-0.000140492
-0.00014511
-0.000149036
-0.000152318
-0.000155005
-0.000157145
-0.000158781
-0.000159958
6.64272e-05
4.59821e-05
2.73759e-05
9.7553e-06
-6.811e-06
-2.22118e-05
-3.64657e-05
-4.96241e-05
-6.17224e-05
-7.2792e-05
-8.28723e-05
-9.20066e-05
-0.000100238
-0.000107611
-0.000114171
-0.000119964
-0.000125036
-0.000129434
-0.000133203
-0.000136388
-0.000139032
-0.000141177
-0.000142862
8.67936e-05
6.68727e-05
4.85601e-05
3.11909e-05
1.48203e-05
-4.61942e-07
-1.46724e-05
-2.78552e-05
-4.00401e-05
-5.12539e-05
-6.15306e-05
-7.09083e-05
-7.94252e-05
-8.71204e-05
-9.40347e-05
-0.00010021
-0.000105688
-0.000110511
-0.000114721
-0.000118358
-0.000121462
-0.000124073
-0.000126227
0.000106025
8.66104e-05
6.8599e-05
5.14884e-05
3.53235e-05
2.01758e-05
6.03067e-06
-7.1498e-06
-1.93903e-05
-3.07134e-05
-4.11489e-05
-5.07299e-05
-5.94901e-05
-6.74643e-05
-7.46893e-05
-8.12026e-05
-8.70423e-05
-9.22466e-05
-9.68536e-05
-0.000100901
-0.000104425
-0.000107463
-0.000110048
0.00012421
0.000105281
8.75703e-05
7.07218e-05
5.47698e-05
3.97697e-05
2.57081e-05
1.2553e-05
2.84131e-07
-1.11176e-05
-2.16781e-05
-3.14265e-05
-4.03923e-05
-4.86067e-05
-5.61025e-05
-6.29137e-05
-6.90747e-05
-7.46202e-05
-7.95852e-05
-8.4004e-05
-8.79108e-05
-9.13389e-05
-9.43207e-05
0.000141426
0.000122961
0.000105544
8.89582e-05
7.32246e-05
5.83823e-05
4.44197e-05
3.131e-05
1.90366e-05
7.58342e-06
-3.07218e-06
-1.29557e-05
-2.20933e-05
-3.05128e-05
-3.82435e-05
-4.53161e-05
-5.17617e-05
-5.7612e-05
-6.28988e-05
-6.76538e-05
-7.19082e-05
-7.5693e-05
-7.90382e-05
0.000157735
0.000139711
0.000122584
0.000106261
9.07494e-05
7.60736e-05
6.22231e-05
4.91761e-05
3.69191e-05
2.54383e-05
1.47141e-05
4.72394e-06
-4.55529e-06
-1.31483e-05
-2.10816e-05
-2.83826e-05
-3.50796e-05
-4.12013e-05
-4.67769e-05
-5.18353e-05
-5.64054e-05
-6.05155e-05
-6.41938e-05
-0.00010634
-0.000152364
-6.94324e-05
-0.000113285
-0.000155868
-0.000197137
-0.00023709
-0.000275382
-0.000311823
-3.52626e-05
-7.71025e-05
-0.000117739
-0.000157129
-0.000195266
-0.00023184
-0.00026667
-3.56572e-06
-4.35345e-05
-8.23619e-05
-0.000120004
-0.000156448
-0.000191422
-0.000224749
2.58924e-05
-1.23344e-05
-4.9476e-05
-8.54883e-05
-0.000120357
-0.000153837
-0.000185763
5.33183e-05
1.67164e-05
-1.88523e-05
-5.33441e-05
-8.67413e-05
-0.000118827
-0.000149445
7.88952e-05
4.38114e-05
9.71273e-06
-2.33582e-05
-5.5381e-05
-8.61647e-05
-0.000115559
0.000102786
6.91228e-05
3.64e-05
4.65865e-06
-2.60787e-05
-5.56445e-05
-8.3895e-05
0.000125135
9.28039e-05
6.13707e-05
3.08753e-05
1.34144e-06
-2.70842e-05
-5.42649e-05
0.000146073
0.000114992
8.4769e-05
5.54425e-05
2.7037e-05
-3.20195e-07
-2.64994e-05
0.000165714
0.000135808
0.000106723
7.84954e-05
5.11495e-05
2.4795e-05
-4.45418e-07
0.000184163
0.000155363
0.000127349
0.000100155
7.3806e-05
4.83948e-05
2.40366e-05
0.000201511
0.000173753
0.000146749
0.00012053
9.51209e-05
7.06005e-05
4.70753e-05
0.000217843
0.000191067
0.000165016
0.000139718
0.000115198
9.15223e-05
6.87898e-05
0.000233233
0.000207384
0.000182233
0.000157806
0.000134129
0.00011126
8.92885e-05
0.000247751
0.000222776
0.000198476
0.000174875
0.000152
0.000129903
0.000108666
0.00026146
0.000237312
0.000213818
0.000191001
0.000168889
0.00014753
0.000126996
0.000274422
0.000251057
0.000228328
0.000206256
0.000184868
0.000164209
0.000144338
0.000286696
0.000264073
0.000242072
0.000220709
0.000200007
0.000180002
0.000160736
0.000298334
0.000276414
0.000255095
0.000234402
0.000214351
0.000194964
0.000176257
-1.06651e-05
-5.90678e-05
0.000264862
0.000211667
0.000164453
0.000116702
6.87878e-05
2.16903e-05
-2.44027e-05
0.000283283
0.000232926
0.00018779
0.000142212
9.65439e-05
5.16458e-05
7.68959e-06
0.000300439
0.000252669
0.000209455
0.000165888
0.000122296
7.94331e-05
3.74581e-05
0.000316438
0.000271034
0.000229603
0.0001879
0.000146231
0.000105257
6.51222e-05
0.000331376
0.000288142
0.000248369
0.000208399
0.000168515
0.000129297
9.0876e-05
0.00034534
0.000304103
0.000265875
0.000227519
0.000189297
0.000151713
0.000114891
0.00035841
0.000319013
0.000282229
0.000245379
0.000208706
0.000172649
0.000137322
0.000370658
0.000332961
0.000297527
0.000262087
0.000226861
0.000192232
0.000158303
0.000382147
0.000346025
0.000311858
0.000277738
0.000243867
0.000210574
0.000177956
0.000392937
0.000358276
0.000325299
0.000292419
0.000259816
0.000227777
0.000196391
0.000403081
0.00036978
0.000337922
0.000306206
0.000274794
0.000243933
0.000213704
0.000412627
0.000380593
0.000349789
0.000319169
0.000288877
0.000259123
0.000229984
0.000421619
0.000390768
0.000360959
0.000331372
0.000302134
0.000273423
0.000245309
0.000430094
0.000400351
0.000371483
0.000342872
0.000314627
0.000286897
0.000259751
0.000438088
0.000409384
0.000381407
0.00035372
0.000326412
0.000299609
0.000273373
0.000445632
0.000417902
0.000390774
0.000363962
0.000337541
0.000311612
0.000286238
0.000452756
0.00042594
0.00039962
0.00037364
0.000348059
0.00032296
0.0002984
0.0004595
0.00043354
0.00040799
0.000382799
0.000358013
0.0003337
0.000309913
0.000465883
0.000440751
0.00041595
0.000391511
0.000367476
0.0003439
0.000320839
0.00159091
0.00158153
0.00157099
0.0015592
0.00154607
0.00153153
0.00151548
0.00149784
0.00147852
0.00145743
0.00143448
0.00140958
0.00138266
0.00135363
0.00132242
0.00128897
0.00125323
0.00121516
0.00117472
0.00113191
0.00108673
0.00103922
0.000989424
0.000937421
0.000883316
0.000827242
0.000769363
0.000709872
0.000648994
0.000586983
0.00052412
0.000460658
0.00039726
0.000334966
0.00156229
0.00155233
0.00154124
0.00152894
0.00151534
0.00150038
0.00148397
0.00146603
0.00144649
0.00142526
0.00140227
0.00137744
0.00135071
0.001322
0.00129127
0.00125845
0.0012235
0.0011864
0.00114713
0.00110569
0.00106209
0.00101637
0.000968591
0.000918826
0.000867182
0.000813787
0.000758795
0.000702389
0.000644774
0.000586186
0.000526879
0.000467083
0.000407389
0.000348714
0.00153469
0.00152423
0.00151266
0.00149991
0.00148592
0.00147061
0.0014539
0.00143574
0.00141605
0.00139476
0.0013718
0.00134711
0.00132063
0.0012923
0.00126207
0.00122991
0.00119577
0.00115965
0.00112154
0.00108144
0.00103937
0.000995378
0.000949521
0.000901879
0.000852553
0.000801667
0.000749367
0.000695823
0.000641226
0.000585791
0.00052975
0.000473311
0.000417001
0.00036163
0.0015081
0.00149719
0.00148521
0.00147208
0.00145776
0.00144216
0.00142524
0.00140692
0.00138715
0.00136585
0.00134298
0.00131848
0.00129229
0.00126438
0.00123469
0.00120321
0.0011699
0.00113476
0.00109779
0.00105899
0.0010184
0.000976066
0.000932041
0.000886408
0.000839265
0.00079073
0.000740942
0.000690058
0.000638254
0.000585728
0.000532691
0.000479332
0.00042612
0.000373773
0.00148249
0.00147119
0.00145885
0.00144541
0.00143081
0.001415
0.00139791
0.0013795
0.00135969
0.00133845
0.00131572
0.00129145
0.0012656
0.00123813
0.00120901
0.00117822
0.00114575
0.00111158
0.00107572
0.00103819
0.000999031
0.000958278
0.000915997
0.000872265
0.000827177
0.000780846
0.000733401
0.00068499
0.000635774
0.000585936
0.000535667
0.000485139
0.000434771
0.000385195
0.00145783
0.0014462
0.00143356
0.00141986
0.00140504
0.00138906
0.00137186
0.0013534
0.00133362
0.00131247
0.00128992
0.00126592
0.00124044
0.00121344
0.00118491
0.00115482
0.00112317
0.00108996
0.0010552
0.0010189
0.000981111
0.000941874
0.00090125
0.000859316
0.000816163
0.000771898
0.000726642
0.000680531
0.000633717
0.000586365
0.00053865
0.00049073
0.000442977
0.000395949
0.0014341
0.00142218
0.00140929
0.00139537
0.00138039
0.00136429
0.00134703
0.00132856
0.00130884
0.00128784
0.0012655
0.0012418
0.00121672
0.00119021
0.00116228
0.0011329
0.00110207
0.00106979
0.00103609
0.00100099
0.000964517
0.000926726
0.000887677
0.000847443
0.000806112
0.000763784
0.000720573
0.000676606
0.000632022
0.000586973
0.000541619
0.000496105
0.000450762
0.00040608
0.00141126
0.0013991
0.001386
0.00137192
0.00135681
0.00134064
0.00132336
0.00130493
0.00128531
0.00126447
0.00124238
0.00121902
0.00119434
0.00116834
0.00114101
0.00111234
0.00108232
0.00105096
0.0010183
0.00098434
0.000949132
0.000912722
0.000875168
0.000836541
0.000796925
0.000756414
0.000715116
0.000673147
0.000630637
0.000587724
0.000544557
0.000501267
0.000458148
0.000415631
0.0013893
0.00137694
0.00136367
0.00134946
0.00133427
0.00131806
0.00130079
0.00128243
0.00126295
0.00124231
0.00122049
0.00119747
0.00117323
0.00114775
0.00112102
0.00109304
0.00106382
0.00103337
0.0010017
0.000968849
0.000934852
0.000899758
0.000863623
0.000826515
0.000788515
0.00074971
0.000710201
0.000670098
0.000629518
0.00058859
0.00054745
0.000506218
0.000465155
0.00042464
0.00136817
0.00135565
0.00134225
0.00132795
0.00131271
0.00129649
0.00127927
0.00126102
0.00124169
0.00122128
0.00119975
0.0011771
0.00115329
0.00112833
0.00110221
0.00107492
0.00104648
0.0010169
0.000986206
0.000954419
0.000921582
0.000887742
0.000852953
0.000817282
0.000780804
0.000743602
0.000705769
0.000667408
0.000628627
0.000589546
0.000550287
0.000510963
0.000471805
0.000433144
0.00134786
0.0013352
0.00132171
0.00130735
0.00129209
0.0012759
0.00125876
0.00124063
0.00122149
0.00120132
0.0011801
0.00115782
0.00113446
0.00111002
0.0010845
0.0010579
0.00103022
0.00100149
0.000971729
0.000940965
0.000909237
0.000876591
0.00084308
0.000808768
0.000773724
0.000738028
0.000701766
0.000665034
0.000627932
0.00059057
0.000553061
0.000515508
0.000478117
0.000441175
0.00132832
0.00131557
0.00130201
0.00128762
0.00127237
0.00125624
0.00123919
0.00122121
0.00120228
0.00118237
0.00116147
0.00113957
0.00111667
0.00109275
0.00106782
0.00104188
0.00101496
0.000987049
0.000958189
0.000928407
0.000897739
0.00086623
0.000833932
0.000800904
0.000767213
0.000732934
0.000698146
0.000662939
0.000627405
0.000591646
0.000555766
0.00051986
0.000484109
0.000448763
0.00130954
0.00129672
0.00128312
0.00126873
0.00125351
0.00123746
0.00122053
0.00120272
0.001184
0.00116437
0.0011438
0.00112229
0.00109984
0.00107644
0.0010521
0.00102682
0.00100061
0.000973503
0.000945513
0.000916672
0.000887018
0.000856592
0.000825444
0.000793632
0.000761218
0.000728271
0.000694868
0.000661089
0.000627022
0.000592759
0.000558398
0.000524025
0.000489799
0.000455937
0.00129149
0.00127862
0.00126501
0.00125063
0.00123547
0.00121951
0.00120272
0.0011851
0.00116661
0.00114726
0.00112703
0.00110592
0.00108392
0.00106103
0.00103726
0.00101262
0.000987126
0.000960788
0.000933635
0.000905697
0.00087701
0.000847615
0.00081756
0.000786898
0.000755689
0.000723998
0.000691896
0.000659457
0.000626763
0.000593899
0.000560955
0.000528012
0.000495207
0.000462725
0.00127413
0.00126124
0.00124763
0.0012333
0.00121821
0.00120236
0.00118573
0.0011683
0.00115006
0.001131
0.00111112
0.0010904
0.00106885
0.00104647
0.00102327
0.000999249
0.000974434
0.000948841
0.000922493
0.00089542
0.000867658
0.000839245
0.000810227
0.000780655
0.000750584
0.000720076
0.000689197
0.000658018
0.000626611
0.000595057
0.000563437
0.000531829
0.000500349
0.000469154
0.00125745
0.00124455
0.00123097
0.00121669
0.0012017
0.00118598
0.00116951
0.00115229
0.0011343
0.00111554
0.001096
0.00107568
0.00105457
0.00103269
0.00101004
0.000986633
0.000962481
0.000937606
0.000912032
0.000885789
0.000858909
0.000831431
0.000803398
0.000774858
0.000745864
0.000716472
0.000686745
0.000656749
0.00062655
0.000596224
0.000565845
0.000535485
0.000505244
0.000475253
0.00124141
0.00122852
0.00121498
0.00120078
0.00118589
0.00117031
0.00115402
0.00113702
0.00111929
0.00110083
0.00108164
0.00106171
0.00104104
0.00101965
0.000997543
0.000974724
0.000951214
0.000927032
0.000902202
0.000876752
0.000850715
0.000824127
0.00079703
0.000769468
0.000741492
0.000713155
0.000684514
0.000655631
0.000626568
0.000597394
0.000568179
0.000538989
0.000509909
0.000481049
0.00122598
0.00121313
0.00119964
0.00118553
0.00117076
0.00115533
0.00113923
0.00112245
0.00110499
0.00108683
0.00106799
0.00104845
0.00102822
0.0010073
0.00098572
0.000963474
0.000940585
0.00091707
0.000892955
0.000868265
0.000843033
0.000817293
0.000791085
0.000764451
0.000737439
0.000710098
0.000682481
0.000654646
0.000626653
0.000598562
0.00057044
0.000542349
0.000514361
0.00048657
0.00121115
0.00119834
0.00118493
0.00117091
0.00115627
0.00114101
0.0011251
0.00110855
0.00109136
0.0010735
0.001055
0.00103585
0.00101604
0.000995601
0.000974529
0.000952839
0.000930549
0.000907677
0.000884247
0.000860286
0.000835822
0.00081089
0.000785528
0.000759774
0.000733674
0.000707275
0.000680626
0.00065378
0.000626793
0.000599722
0.000572628
0.00054557
0.000518609
0.000491831
0.00119718
0.00118443
0.0011711
0.00115718
0.00114268
0.00112758
0.00111187
0.00109555
0.00107862
0.00106107
0.0010429
0.00102411
0.00100472
0.000984729
0.000964144
0.000942982
0.000921259
0.000898993
0.000876208
0.000852929
0.000829184
0.000805007
0.000780431
0.000755496
0.000730243
0.000704717
0.000678963
0.000653032
0.000626974
0.000600844
0.000574698
0.000548591
0.000522576
0.000496723
0.00118388
0.00117119
0.00115795
0.00114415
0.00112979
0.00111486
0.00109935
0.00108326
0.00106658
0.00104932
0.00103148
0.00101306
0.000994067
0.000974507
0.000954392
0.000933736
0.000912554
0.000890866
0.000868694
0.000846062
0.000822997
0.000799532
0.000775699
0.000751534
0.000727077
0.000702369
0.000677454
0.000652379
0.000627191
0.00060194
0.00057668
0.000551459
0.000526328
0.000501348
0.00117082
0.0011582
0.00114506
0.00113138
0.00111717
0.00110242
0.00108712
0.00107126
0.00105485
0.00103789
0.00102038
0.00100232
0.000983725
0.000964596
0.000944946
0.000924789
0.000904141
0.00088302
0.000861448
0.000839449
0.000817049
0.000794276
0.000771164
0.000747747
0.000724061
0.000700145
0.000676041
0.000651792
0.000627443
0.00060304
0.000578632
0.000554265
0.000529985
0.000505849
0.001158
0.00114546
0.00113243
0.00111889
0.00110484
0.00109027
0.00107518
0.00105957
0.00104343
0.00102677
0.00100959
0.000991894
0.000973692
0.00095499
0.000935801
0.000916136
0.000896013
0.000875449
0.000854465
0.000833083
0.00081133
0.000789232
0.000766821
0.000744128
0.000721189
0.00069804
0.000674719
0.000651267
0.000627727
0.00060414
0.000580552
0.000557007
0.000533547
0.000510224
0.00114542
0.00113299
0.00112007
0.00110667
0.00109279
0.00107841
0.00106354
0.00104817
0.00103231
0.00101595
0.000999103
0.000981771
0.000963962
0.000945684
0.000926949
0.000907771
0.000888163
0.000868145
0.000847736
0.000826957
0.000805834
0.000784392
0.000762661
0.000740671
0.000718454
0.000696046
0.000673481
0.000650799
0.000628037
0.000605237
0.00058244
0.000559685
0.000537012
0.000514471
0.0011331
0.00112077
0.00110798
0.00109473
0.00108102
0.00106684
0.00105219
0.00103707
0.00102148
0.00100543
0.000988918
0.000971948
0.00095453
0.000936672
0.000918386
0.000899685
0.000880584
0.0008611
0.000841253
0.000821062
0.000800553
0.000779749
0.000758677
0.000737367
0.00071585
0.000694157
0.000672323
0.000650382
0.000628371
0.000606327
0.00058429
0.000562296
0.00054038
0.000518591
0.00113282
0.00112103
0.00110881
0.00109615
0.00108306
0.00106953
0.00105555
0.00104113
0.00102627
0.00101096
0.000995212
0.000979031
0.000962421
0.00094539
0.000927947
0.000910103
0.000891872
0.000873268
0.000854307
0.000835008
0.000815391
0.000795478
0.000775293
0.000754861
0.00073421
0.000713369
0.000692367
0.000671237
0.000650011
0.000628723
0.000607408
0.000586102
0.000564838
0.00054365
0.000522582
0.0011209
0.00110921
0.00109711
0.0010846
0.00107167
0.00105832
0.00104455
0.00103036
0.00101575
0.00100073
0.000985285
0.000969436
0.000953183
0.000936536
0.000919503
0.000902095
0.000884325
0.000866207
0.000847757
0.000828994
0.000809935
0.000790602
0.000771017
0.000751206
0.000731192
0.000711004
0.00069067
0.000670219
0.000649682
0.00062909
0.000608475
0.000587872
0.00056731
0.000546821
0.000526446
0.00110923
0.00109765
0.00108568
0.00107331
0.00106055
0.00104739
0.00103383
0.00101988
0.00100553
0.000990782
0.000975647
0.000960128
0.00094423
0.000927962
0.000911333
0.000894353
0.000877036
0.000859394
0.000841444
0.000823202
0.000804686
0.000785917
0.000766915
0.000747704
0.000728307
0.000708751
0.000689061
0.000669264
0.00064939
0.000629468
0.000609527
0.0005896
0.000569713
0.000549895
0.000530186
0.00109781
0.00108634
0.00107451
0.00106229
0.0010497
0.00103674
0.0010234
0.00100968
0.000995587
0.000981124
0.000966294
0.000951102
0.000935555
0.000919662
0.000903431
0.000886872
0.000869998
0.000852822
0.000835359
0.000817625
0.000799638
0.000781416
0.000762979
0.000744349
0.000725549
0.000706602
0.000687533
0.000668368
0.000649133
0.000629855
0.000610563
0.000591285
0.000572046
0.000552873
0.000533804
0.00108664
0.0010753
0.0010636
0.00105154
0.00103913
0.00102636
0.00101324
0.00099976
0.000985928
0.000971746
0.00095722
0.000942353
0.000927154
0.00091163
0.00089579
0.000879644
0.000863205
0.000846484
0.000829496
0.000812257
0.000794783
0.000777091
0.000759202
0.000741135
0.000722911
0.000704552
0.000686083
0.000667525
0.000648906
0.000630248
0.000611579
0.000592926
0.00057431
0.000555757
0.000537303
0.00107572
0.00106451
0.00105295
0.00104106
0.00102883
0.00101626
0.00100336
0.000990119
0.000976547
0.000962645
0.00094842
0.000933876
0.00091902
0.000903859
0.000888404
0.000872663
0.000856648
0.000840372
0.000823847
0.000807089
0.000790113
0.000772937
0.000755577
0.000738054
0.000720387
0.000702597
0.000684705
0.000666734
0.000648706
0.000630645
0.000612576
0.000594523
0.000576506
0.000558549
0.000540686
0.00106506
0.00105397
0.00104257
0.00103084
0.0010188
0.00100643
0.00099375
0.000980751
0.000967439
0.000953817
0.00093989
0.000925665
0.000911147
0.000896344
0.000881266
0.000865922
0.000850322
0.000834479
0.000818405
0.000802115
0.000785623
0.000768946
0.0007521
0.000735103
0.000717973
0.000700731
0.000683396
0.000665989
0.000648531
0.000631045
0.000613552
0.000596076
0.000578635
0.00056125
0.000543955
0.00105465
0.0010437
0.00103245
0.00102089
0.00100903
0.000996872
0.000984412
0.000971653
0.0009586
0.000945255
0.000931625
0.000917714
0.00090353
0.000889079
0.000874371
0.000859414
0.00084422
0.000828799
0.000813164
0.000797328
0.000781306
0.000765112
0.000748762
0.000732274
0.000715663
0.00069895
0.000682151
0.000665288
0.000648379
0.000631444
0.000614506
0.000597585
0.000580697
0.000563863
0.000547114
0.00104449
0.00103368
0.00102258
0.0010112
0.000999532
0.000987578
0.00097534
0.000962822
0.000950026
0.000936957
0.000923619
0.000910019
0.000896162
0.000882056
0.00086771
0.000853133
0.000838334
0.000823325
0.000808117
0.000792722
0.000777155
0.000761429
0.00074556
0.000729562
0.000713453
0.000697249
0.000680968
0.000664628
0.000648246
0.000631843
0.000615438
0.000599049
0.000582694
0.000566388
0.000550164
0.00103458
0.00102392
0.00101298
0.00100177
0.000990294
0.000978547
0.000966532
0.000954253
0.000941713
0.000928916
0.000915867
0.000902573
0.000889038
0.000875271
0.00086128
0.000847073
0.000832659
0.00081805
0.000803257
0.000788291
0.000773164
0.000757892
0.000742486
0.000726963
0.000711337
0.000695625
0.000679842
0.000664005
0.000648132
0.000632239
0.000616346
0.00060047
0.000584626
0.000568828
0.000553109
0.00102492
0.00101441
0.00100363
0.000992603
0.000981316
0.000969776
0.000957984
0.000945943
0.000933656
0.000921129
0.000908365
0.000895371
0.000882153
0.000868717
0.000855072
0.000841226
0.000827189
0.000812969
0.000798578
0.000784027
0.000769328
0.000754493
0.000739537
0.000724471
0.000709312
0.000694073
0.000678769
0.000663417
0.000648033
0.000632631
0.000617231
0.000601847
0.000586494
0.000571185
0.00055595
0.00101552
0.00100515
0.000994542
0.00098369
0.000972596
0.000961262
0.000949691
0.000937886
0.000925851
0.000913589
0.000901106
0.000888408
0.000875499
0.000862388
0.000849082
0.000835588
0.000821916
0.000808075
0.000794074
0.000779926
0.00076564
0.000751229
0.000736706
0.000722082
0.000707372
0.000692589
0.000677748
0.000662862
0.000647947
0.000633018
0.000618091
0.000603181
0.000588299
0.000573459
0.00055869
0.00100636
0.000996148
0.000985704
0.000975031
0.000964129
0.000953001
0.000941651
0.00093008
0.000918293
0.000906293
0.000894086
0.000881677
0.000869073
0.000856279
0.000843302
0.000830152
0.000816835
0.000803361
0.00078974
0.000775981
0.000762096
0.000748094
0.000733989
0.000719792
0.000705515
0.000691171
0.000676774
0.000662337
0.000647874
0.000633398
0.000618926
0.00060447
0.000590041
0.000575652
0.00056133
0.000997454
0.000987395
0.000977117
0.000966623
0.000955913
0.000944991
0.000933859
0.000922519
0.000910977
0.000899235
0.0008873
0.000875175
0.000862867
0.000850383
0.000837728
0.000824912
0.00081194
0.000798823
0.000785569
0.000772188
0.000758689
0.000745083
0.000731382
0.000717595
0.000703735
0.000689815
0.000675845
0.00066184
0.000647811
0.000633771
0.000619735
0.000605716
0.000591722
0.000577766
0.000563874
0.000988795
0.00097889
0.000968779
0.000958464
0.000947946
0.000937227
0.000926311
0.0009152
0.000903899
0.000892411
0.000880741
0.000868895
0.000856877
0.000844695
0.000832354
0.000819862
0.000807226
0.000794455
0.000781556
0.00076854
0.000755415
0.000742191
0.000728879
0.000715488
0.000702031
0.000688517
0.000674959
0.000661368
0.000647756
0.000634135
0.000620519
0.000606919
0.000593343
0.000579801
0.000566322
0.00098038
0.000970631
0.000960688
0.000950551
0.000940223
0.000929706
0.000919004
0.000908119
0.000897055
0.000885816
0.000874406
0.000862832
0.000851098
0.000839209
0.000827174
0.000814997
0.000802687
0.000790251
0.000777697
0.000765033
0.000752269
0.000739414
0.000726477
0.000713468
0.000700397
0.000687275
0.000674112
0.00066092
0.000647709
0.00063449
0.000621277
0.000608079
0.000594903
0.000581761
0.000568677
0.00097221
0.000962617
0.00095284
0.000942881
0.000932741
0.000922425
0.000911933
0.00090127
0.000890439
0.000879444
0.00086829
0.000856981
0.000845523
0.000833921
0.000822182
0.000810312
0.000798317
0.000786206
0.000773985
0.000761662
0.000749247
0.000736747
0.000724171
0.000711529
0.000698831
0.000686086
0.000673303
0.000660494
0.000647667
0.000634835
0.000622008
0.000609196
0.000596405
0.000583645
0.000570941
0.000964282
0.000954844
0.000945234
0.000935451
0.000925498
0.000915379
0.000905095
0.00089465
0.000884048
0.000873292
0.000862387
0.000851337
0.000840148
0.000828826
0.000817374
0.000805801
0.000794112
0.000782315
0.000770416
0.000758422
0.000746343
0.000734186
0.000721958
0.00070967
0.00069733
0.000684946
0.000672529
0.000660087
0.00064763
0.000635168
0.000622712
0.00061027
0.000597848
0.000585455
0.000573115
0.000956594
0.000947312
0.000937866
0.000928258
0.00091849
0.000908565
0.000898485
0.000888255
0.000877877
0.000867354
0.000856693
0.000845896
0.000834969
0.000823917
0.000812745
0.00080146
0.000790067
0.000778573
0.000766985
0.000755309
0.000743554
0.000731727
0.000719835
0.000707886
0.00069589
0.000683854
0.000671788
0.000659699
0.000647596
0.00063549
0.000623389
0.000611303
0.000599235
0.000587193
0.000575202
0.000949145
0.000940017
0.000930734
0.000921299
0.000911713
0.00090198
0.000892101
0.00088208
0.000871921
0.000861627
0.000851203
0.000840652
0.00082998
0.00081919
0.00080829
0.000797283
0.000786177
0.000774976
0.000763688
0.000752319
0.000740876
0.000729366
0.000717797
0.000706175
0.00069451
0.000682808
0.000671078
0.000659327
0.000647565
0.000635799
0.00062404
0.000612294
0.000600564
0.00058886
0.000577204
0.000941932
0.000932957
0.000923836
0.000914572
0.000905165
0.00089562
0.000885938
0.000876123
0.000866178
0.000856107
0.000845913
0.000835601
0.000825176
0.000814642
0.000804004
0.000793267
0.000782437
0.000771519
0.000760521
0.000749447
0.000738305
0.0007271
0.000715841
0.000704534
0.000693186
0.000681804
0.000670397
0.000658971
0.000647535
0.000636096
0.000624663
0.000613243
0.000601839
0.000590457
0.000579122
0.000934954
0.000926131
0.00091717
0.000908073
0.000898843
0.000889482
0.000879992
0.000870378
0.000860642
0.000850788
0.000840819
0.00083074
0.000820554
0.000810267
0.000799882
0.000789406
0.000778843
0.000768199
0.000757479
0.00074669
0.000735837
0.000724926
0.000713965
0.000702959
0.000691916
0.000680842
0.000669744
0.00065863
0.000647505
0.000636379
0.000625259
0.000614152
0.000603058
0.000591986
0.000580959
0.00092821
0.000919536
0.000910732
0.0009018
0.000892743
0.000883562
0.000874261
0.000864843
0.000855311
0.000845667
0.000835916
0.000826062
0.000816109
0.000806061
0.000795922
0.000785697
0.000775392
0.000765011
0.00075456
0.000744044
0.000733469
0.00072284
0.000712165
0.000701449
0.000690698
0.000679918
0.000669117
0.000658301
0.000647476
0.000636649
0.000625829
0.00061502
0.000604224
0.000593448
0.000582715
0.000921696
0.000913169
0.00090452
0.00089575
0.000886862
0.000877858
0.000868741
0.000859514
0.000850179
0.000840741
0.000831202
0.000821566
0.000811838
0.00080202
0.000792118
0.000782137
0.000772079
0.000761952
0.000751759
0.000741506
0.000731198
0.00072084
0.000710439
0.0007
0.000689529
0.000679032
0.000668515
0.000657984
0.000647445
0.000636905
0.000626371
0.000615849
0.000605338
0.000594844
0.000584393
0.000915412
0.00090703
0.000898533
0.000889922
0.000881199
0.000872367
0.000863429
0.000854388
0.000845245
0.000836006
0.000826672
0.000817247
0.000807736
0.000798141
0.000788468
0.00077872
0.000768902
0.000759018
0.000749073
0.000739073
0.000729021
0.000718923
0.000708785
0.000698612
0.000688409
0.000678182
0.000667937
0.000657679
0.000647413
0.000637147
0.000626888
0.000616638
0.000606399
0.000596176
0.000585994
0.000909356
0.000901116
0.000892767
0.000884311
0.00087575
0.000867086
0.000858323
0.000849461
0.000840505
0.000831458
0.000822322
0.000813102
0.0008038
0.000794421
0.000784967
0.000775445
0.000765856
0.000756206
0.0007465
0.000736741
0.000726935
0.000717087
0.0007072
0.000697281
0.000687335
0.000677367
0.000667381
0.000657384
0.00064738
0.000637376
0.000627378
0.000617389
0.00060741
0.000597446
0.00058752
0.000903527
0.000895426
0.000887223
0.000878918
0.000870514
0.000862013
0.000853418
0.000844732
0.000835956
0.000827095
0.000818151
0.000809127
0.000800028
0.000790855
0.000781614
0.000772307
0.000762939
0.000753514
0.000744036
0.000734509
0.000724939
0.000715328
0.000705683
0.000696007
0.000686306
0.000676584
0.000666847
0.000657099
0.000647344
0.00063759
0.000627842
0.000618102
0.000608371
0.000598653
0.000588972
0.000897924
0.000889959
0.000881896
0.000873738
0.000865487
0.000857145
0.000848714
0.000840196
0.000831595
0.000822914
0.000814155
0.000805321
0.000796415
0.000787442
0.000778403
0.000769304
0.000760148
0.000750938
0.000741679
0.000732374
0.000723029
0.000713646
0.000704231
0.000694788
0.00068532
0.000675834
0.000666334
0.000656823
0.000647307
0.00063779
0.00062828
0.000618778
0.000609283
0.0005998
0.000590353
0.000892545
0.000884712
0.000876787
0.000868772
0.000860669
0.00085248
0.000844207
0.000835853
0.00082742
0.000818912
0.00081033
0.000801679
0.00079296
0.000784178
0.000775334
0.000766434
0.00075748
0.000748477
0.000739427
0.000730334
0.000721204
0.000712039
0.000702843
0.000693621
0.000684377
0.000675115
0.00066584
0.000656556
0.000647266
0.000637977
0.000628693
0.000619417
0.000610147
0.000600888
0.000591664
0.00088739
0.000879686
0.000871894
0.000864018
0.000856058
0.000848016
0.000839896
0.0008317
0.000823429
0.000815087
0.000806677
0.0007982
0.00078966
0.000781061
0.000772404
0.000763694
0.000754934
0.000746127
0.000737277
0.000728387
0.000719462
0.000710504
0.000701517
0.000692507
0.000683475
0.000674427
0.000665367
0.000656297
0.000647223
0.00063815
0.000629081
0.00062002
0.000610965
0.000601918
0.000592905
0.000882459
0.000874879
0.000867217
0.000859474
0.000851652
0.000843753
0.00083578
0.000827735
0.00081962
0.000811438
0.000803191
0.000794882
0.000786514
0.000778089
0.000769611
0.000761083
0.000752508
0.000743889
0.000735229
0.000726532
0.000717801
0.000709041
0.000700253
0.000691443
0.000682614
0.000673769
0.000664912
0.000656047
0.000647178
0.000638309
0.000629446
0.000620588
0.000611736
0.000602892
0.000594079
0.000877752
0.000870292
0.000862754
0.00085514
0.000847451
0.000839689
0.000831857
0.000823957
0.000815992
0.000807962
0.000799872
0.000791723
0.000783519
0.000775261
0.000766953
0.000758598
0.000750199
0.000741758
0.00073328
0.000724766
0.000716221
0.000707648
0.00069905
0.00069043
0.000681792
0.00067314
0.000664476
0.000655805
0.00064713
0.000638456
0.000629786
0.000621122
0.000612462
0.000603809
0.000595188
0.000873268
0.000865924
0.000858506
0.000851015
0.000843454
0.000835824
0.000828127
0.000820366
0.000812543
0.00080466
0.000796719
0.000788723
0.000780674
0.000772575
0.000764429
0.000756239
0.000748007
0.000739736
0.000731429
0.00072309
0.00071472
0.000706325
0.000697905
0.000689466
0.00068101
0.00067254
0.000664059
0.000655572
0.00064708
0.00063859
0.000630103
0.000621622
0.000613145
0.000604673
0.000596231
0.000869009
0.000861776
0.000854473
0.0008471
0.000839661
0.000832157
0.000824589
0.000816961
0.000809273
0.000801529
0.00079373
0.000785879
0.000777979
0.000770031
0.000762038
0.000754004
0.00074593
0.00073782
0.000729676
0.000721501
0.000713298
0.00070507
0.00069682
0.000688551
0.000680266
0.000671969
0.000663661
0.000655347
0.000647029
0.000638711
0.000630398
0.00062209
0.000613784
0.000605483
0.000597211
0.000864976
0.000857849
0.000850655
0.000843396
0.000836073
0.000828688
0.000821243
0.000813741
0.000806182
0.00079857
0.000790906
0.000783192
0.000775432
0.000767627
0.00075978
0.000751893
0.000743969
0.000736011
0.00072802
0.000720001
0.000711955
0.000703885
0.000695794
0.000687686
0.000679562
0.000671427
0.000663282
0.00065513
0.000646975
0.000638821
0.000630671
0.000622525
0.00061438
0.00060624
0.000598128
0.00086117
0.000854144
0.000847055
0.000839903
0.00083269
0.000825418
0.00081809
0.000810707
0.00080327
0.000795782
0.000788246
0.000780662
0.000773034
0.000765364
0.000757654
0.000749906
0.000742123
0.000734307
0.000726461
0.000718587
0.000710689
0.000702768
0.000694827
0.000686869
0.000678897
0.000670914
0.000662921
0.000654923
0.000646921
0.000638919
0.000630922
0.000622928
0.000614935
0.000606946
0.000598984
0.000857594
0.000850664
0.000843673
0.000836622
0.000829514
0.000822349
0.000815131
0.00080786
0.000800538
0.000793168
0.000785751
0.000778289
0.000770786
0.000763242
0.00075566
0.000748042
0.000740391
0.000732709
0.000724999
0.000717262
0.000709501
0.000701719
0.000693918
0.000686102
0.000678271
0.00067043
0.00066258
0.000654725
0.000646866
0.000639007
0.000631152
0.000623301
0.00061545
0.000607601
0.000599779
0.00085425
0.00084741
0.000840512
0.000833557
0.000826546
0.000819482
0.000812367
0.000805201
0.000797987
0.000790726
0.000783422
0.000776075
0.000768687
0.000761261
0.000753799
0.000746303
0.000738775
0.000731218
0.000723633
0.000716024
0.000708392
0.000700739
0.000693069
0.000685384
0.000677685
0.000669976
0.000662259
0.000654537
0.000646811
0.000639085
0.000631363
0.000623644
0.000615924
0.000608207
0.000600515
0.000851142
0.000844387
0.000837575
0.000830709
0.00082379
0.00081682
0.0008098
0.000802732
0.000795619
0.000788461
0.00078126
0.000774019
0.000766739
0.000759423
0.000752073
0.000744689
0.000737276
0.000729834
0.000722366
0.000714875
0.000707362
0.00069983
0.00069228
0.000684716
0.00067714
0.000669553
0.000661959
0.000654359
0.000646756
0.000639153
0.000631554
0.000623957
0.00061636
0.000608763
0.000601192
0.000848274
0.000841597
0.000834866
0.000828083
0.000821248
0.000814365
0.000807434
0.000800457
0.000793436
0.000786372
0.000779268
0.000772125
0.000764945
0.00075773
0.000750482
0.000743202
0.000735894
0.000728559
0.000721199
0.000713816
0.000706412
0.00069899
0.000691552
0.000684099
0.000676635
0.000669161
0.000661679
0.000654192
0.000646703
0.000639213
0.000631726
0.000624241
0.000616756
0.00060927
0.00060181
0.000845651
0.000839046
0.000832389
0.000825682
0.000818925
0.000812122
0.000805272
0.000798378
0.000791442
0.000784465
0.000777448
0.000770395
0.000763306
0.000756183
0.000749029
0.000741844
0.000734632
0.000727394
0.000720132
0.000712848
0.000705544
0.000698223
0.000690886
0.000683535
0.000676172
0.000668801
0.000661422
0.000654038
0.000646651
0.000639264
0.00063188
0.000624498
0.000617114
0.000609729
0.000602369
0.00084328
0.00083674
0.00083015
0.000823512
0.000816826
0.000810094
0.000803318
0.0007965
0.00078964
0.000782741
0.000775804
0.000768832
0.000761825
0.000754786
0.000747716
0.000740617
0.000733492
0.000726341
0.000719168
0.000711973
0.00070476
0.000697529
0.000690283
0.000683024
0.000675753
0.000668474
0.000661188
0.000653896
0.000646602
0.000639307
0.000632016
0.000624726
0.000617433
0.00061014
0.000602871
0.000841166
0.000834685
0.000828155
0.000821578
0.000814955
0.000808288
0.000801578
0.000794827
0.000788036
0.000781206
0.000774341
0.00076744
0.000760507
0.000753542
0.000746547
0.000739525
0.000732477
0.000725404
0.000718309
0.000711194
0.00070406
0.00069691
0.000689745
0.000682567
0.000675379
0.000668182
0.000660978
0.000653768
0.000646556
0.000639344
0.000632135
0.000624926
0.000617715
0.000610503
0.000603314
0.000839318
0.000832888
0.000826411
0.000819888
0.000813321
0.00080671
0.000800058
0.000793365
0.000786634
0.000779866
0.000773062
0.000766225
0.000759355
0.000752455
0.000745527
0.000738571
0.00073159
0.000724585
0.000717559
0.000710513
0.000703449
0.000696369
0.000689275
0.000682168
0.000675051
0.000667925
0.000660793
0.000653655
0.000646515
0.000639374
0.000632236
0.000625099
0.000617959
0.000610817
0.000603699
0.000837745
0.00083136
0.000824928
0.000818451
0.00081193
0.000805368
0.000798764
0.000792122
0.000785442
0.000778726
0.000771975
0.000765191
0.000758376
0.000751531
0.000744658
0.000737759
0.000730836
0.000723889
0.000716921
0.000709934
0.000702929
0.000695909
0.000688875
0.000681828
0.000674772
0.000667706
0.000660635
0.000653558
0.000646478
0.000639399
0.000632322
0.000625245
0.000618165
0.000611083
0.000604024
0.000836459
0.000830109
0.000823714
0.000817275
0.000810793
0.00080427
0.000797707
0.000791106
0.000784467
0.000777794
0.000771086
0.000764346
0.000757576
0.000750776
0.000743949
0.000737096
0.000730219
0.000723319
0.000716399
0.00070946
0.000702504
0.000695532
0.000688547
0.00068155
0.000674543
0.000667527
0.000660505
0.000653478
0.000646448
0.000639418
0.00063239
0.000625363
0.000618332
0.000611299
0.000604288
0.000835471
0.000829149
0.000822782
0.000816372
0.00080992
0.000803427
0.000796895
0.000790325
0.000783719
0.000777078
0.000770403
0.000763697
0.000756961
0.000750196
0.000743404
0.000736587
0.000729745
0.000722882
0.000715999
0.000709097
0.000702177
0.000695243
0.000688295
0.000681336
0.000674366
0.000667389
0.000660405
0.000653415
0.000646424
0.000639432
0.000632442
0.000625452
0.000618459
0.000611463
0.000604489
0.000834795
0.000828492
0.000822145
0.000815755
0.000809323
0.000802851
0.00079634
0.000789791
0.000783207
0.000776589
0.000769937
0.000763254
0.000756541
0.000749799
0.000743031
0.000736238
0.000729422
0.000722583
0.000715725
0.000708848
0.000701954
0.000695045
0.000688123
0.00068119
0.000674246
0.000667294
0.000660336
0.000653374
0.000646408
0.000639442
0.000632479
0.000625515
0.000618547
0.000611577
0.000604629
0.000834449
0.000828155
0.000821818
0.000815438
0.000809016
0.000802555
0.000796055
0.000789518
0.000782945
0.000776337
0.000769697
0.000763026
0.000756325
0.000749596
0.00074284
0.000736059
0.000729255
0.00072243
0.000715584
0.00070872
0.000701839
0.000694944
0.000688035
0.000681114
0.000674184
0.000667245
0.0006603
0.00065335
0.000646398
0.000639445
0.000632494
0.000625543
0.000618589
0.000611631
0.000604694
0.000471679
0.000447433
0.000423466
0.000399825
0.000376548
0.000353689
0.000331308
0.000477132
0.000453701
0.000430532
0.000407673
0.000385166
0.000363051
0.000341378
0.000482446
0.0004598
0.0004374
0.000415295
0.000393523
0.000372118
0.000351121
0.000487608
0.000465719
0.000444061
0.000422681
0.000401613
0.000380887
0.000360539
0.000492611
0.000471449
0.000450504
0.00042982
0.000409429
0.000389355
0.000369632
0.000497457
0.000476993
0.000456731
0.000436714
0.000416973
0.000397528
0.000378407
0.000502146
0.000482352
0.000462746
0.000443371
0.000424255
0.000405414
0.000386875
0.000506681
0.00048753
0.000468555
0.000449796
0.000431281
0.000413022
0.000395045
0.000511064
0.000492532
0.000474163
0.000455998
0.000438061
0.000420364
0.000402929
0.000515301
0.000497363
0.000479577
0.000461982
0.000444603
0.000427448
0.000410537
0.000519395
0.000502029
0.000484803
0.000467758
0.000450916
0.000434283
0.000417877
0.000523349
0.000506533
0.000489847
0.000473331
0.000457006
0.000440877
0.000424959
0.000527168
0.000510881
0.000494715
0.000478707
0.000462881
0.000447237
0.00043179
0.000530856
0.000515077
0.00049941
0.000483892
0.000468546
0.000453371
0.000438377
0.000534414
0.000519125
0.000503938
0.000488892
0.000474008
0.000459283
0.000444727
0.000537847
0.000523029
0.000508303
0.00049371
0.000479272
0.000464982
0.000450848
0.000541158
0.000526791
0.00051251
0.000498354
0.000484343
0.000470472
0.000456745
0.000544348
0.000530417
0.000516563
0.000502826
0.000489227
0.000475759
0.000462424
0.000547422
0.000533909
0.000520465
0.000507131
0.000493929
0.000480849
0.000467891
0.000550382
0.00053727
0.00052422
0.000511274
0.000498454
0.000485747
0.000473153
0.00055323
0.000540503
0.000527833
0.000515259
0.000502805
0.000490458
0.000478214
0.000555969
0.000543612
0.000531306
0.00051909
0.000506989
0.000494987
0.000483081
0.000558601
0.0005466
0.000534643
0.000522771
0.000511009
0.000499339
0.000487757
0.000561129
0.000549469
0.000537848
0.000526306
0.000514869
0.000503519
0.000492249
0.000563555
0.000552223
0.000540924
0.000529698
0.000518574
0.000507531
0.000496561
0.000565882
0.000554864
0.000543873
0.000532951
0.000522127
0.00051138
0.000500698
0.000568112
0.000557395
0.0005467
0.00053607
0.000525533
0.000515069
0.000504664
0.000570247
0.000559818
0.000549407
0.000539056
0.000528795
0.000518603
0.000508464
0.000572289
0.000562136
0.000551996
0.000541913
0.000531917
0.000521986
0.000512102
0.00057424
0.000564352
0.000554472
0.000544644
0.000534902
0.000525221
0.000515581
0.000576103
0.000566467
0.000556836
0.000547253
0.000537754
0.000528311
0.000518907
0.000577878
0.000568485
0.000559091
0.000549743
0.000540475
0.000531262
0.000522081
0.000579569
0.000570407
0.00056124
0.000552115
0.000543068
0.000534074
0.000525108
0.000581178
0.000572235
0.000563285
0.000554373
0.000545538
0.000536753
0.000527992
0.000582705
0.000573972
0.000565228
0.000556519
0.000547885
0.0005393
0.000530735
0.000584152
0.000575619
0.000567071
0.000558556
0.000550114
0.000541718
0.00053334
0.000585522
0.000577179
0.000568817
0.000560485
0.000552226
0.000544011
0.000535809
0.000586816
0.000578652
0.000570467
0.00056231
0.000554223
0.00054618
0.000538147
0.000588035
0.000580041
0.000572024
0.000564031
0.000556108
0.000548227
0.000540354
0.00058918
0.000581348
0.000573488
0.00056565
0.000557883
0.000550155
0.000542433
0.000590254
0.000582572
0.000574862
0.00056717
0.000559548
0.000551966
0.000544385
0.000591256
0.000583717
0.000576145
0.000568591
0.000561106
0.000553659
0.000546213
0.000592188
0.000584782
0.000577341
0.000569915
0.000562558
0.000555238
0.000547916
0.000593051
0.000585768
0.000578449
0.000571143
0.000563904
0.000556703
0.000549497
0.000593846
0.000586677
0.00057947
0.000572274
0.000565146
0.000558054
0.000550956
0.000594572
0.000587509
0.000580405
0.00057331
0.000566283
0.000559292
0.000552294
0.00059523
0.000588263
0.000581253
0.00057425
0.000567315
0.000560417
0.000553509
0.000595821
0.00058894
0.000582014
0.000575095
0.000568243
0.000561427
0.000554601
0.000596343
0.000589539
0.000582689
0.000575843
0.000569065
0.000562323
0.000555569
0.000596796
0.00059006
0.000583275
0.000576493
0.000569779
0.000563101
0.000556411
0.00059718
0.000590501
0.000583771
0.000577044
0.000570384
0.000563761
0.000557124
0.000597492
0.00059086
0.000584176
0.000577492
0.000570877
0.000564299
0.000557706
0.00059773
0.000591134
0.000584484
0.000577835
0.000571254
0.000564711
0.000558151
0.000597895
0.000591324
0.000584697
0.00057807
0.000571511
0.000564992
0.000558455
0.000597975
0.00059142
0.000584807
0.000578188
0.000571641
0.000565136
0.000558613
0.000309455
0.000288164
0.00026746
0.00024736
0.000227883
0.000209041
0.000190843
0.00032019
0.000299521
0.000279393
0.000259826
0.000240841
0.000222454
0.000204673
0.000330572
0.000310501
0.000290932
0.000271885
0.000253383
0.000235443
0.000218076
0.000340605
0.000321114
0.00030209
0.000283552
0.000265524
0.000248024
0.000231062
0.000350293
0.000331367
0.000312873
0.000294834
0.000277272
0.000260205
0.000243642
0.000359645
0.000341266
0.000323291
0.000305739
0.000288633
0.000271991
0.000255823
0.00036867
0.000350823
0.000333352
0.000316276
0.000299618
0.000283393
0.000267612
0.00037738
0.000360048
0.000343068
0.000326457
0.000310236
0.000294421
0.000279021
0.000385785
0.000368954
0.00035245
0.000336291
0.000320498
0.000305084
0.000290057
0.000393897
0.00037755
0.00036151
0.000345791
0.000330413
0.000315391
0.00030073
0.000401725
0.000385848
0.000370256
0.000354964
0.000339992
0.000325352
0.000311049
0.000409278
0.000393854
0.000378697
0.000363821
0.000349242
0.000334974
0.000321021
0.000416564
0.000401579
0.000386843
0.000372369
0.000358173
0.000344268
0.000330656
0.000423591
0.000409029
0.000394701
0.000380617
0.000366793
0.000353241
0.000339962
0.000430365
0.000416214
0.00040228
0.000388574
0.000375111
0.000361901
0.000348947
0.000436895
0.000423139
0.000409587
0.000396247
0.000383134
0.000370258
0.00035762
0.000443186
0.000429813
0.000416629
0.000403644
0.00039087
0.000378318
0.000365988
0.000449246
0.000436241
0.000423414
0.000410772
0.000398327
0.00038609
0.000374059
0.00045508
0.000442432
0.000429949
0.000417639
0.000405513
0.000393581
0.000381841
0.000460696
0.000448391
0.000436241
0.000424251
0.000412434
0.000400798
0.00038934
0.000466098
0.000454124
0.000442295
0.000430616
0.000419098
0.000407748
0.000396565
0.000471292
0.000459638
0.000448119
0.00043674
0.000425511
0.000414439
0.000403523
0.000476285
0.000464938
0.000453718
0.000442628
0.000431679
0.000420877
0.000410218
0.000481081
0.00047003
0.000459099
0.000448289
0.000437609
0.000427068
0.000416659
0.000485685
0.00047492
0.000464267
0.000453726
0.000443308
0.000433018
0.000422852
0.000490103
0.000479613
0.000469228
0.000458947
0.00044878
0.000438734
0.000428803
0.00049434
0.000484114
0.000473986
0.000463956
0.000454032
0.000444221
0.000434516
0.000498399
0.000488428
0.000478547
0.000468758
0.000459069
0.000449484
0.000439999
0.000502286
0.000492558
0.000482917
0.00047336
0.000463896
0.00045453
0.000445256
0.000506005
0.000496511
0.000487099
0.000477765
0.000468518
0.000459363
0.000450293
0.000509559
0.00050029
0.000491097
0.000481978
0.00047294
0.000463987
0.000455114
0.000512953
0.000503899
0.000494917
0.000486004
0.000477166
0.000468409
0.000459725
0.000516191
0.000507343
0.000498563
0.000489847
0.000481201
0.000472631
0.000464129
0.000519275
0.000510624
0.000502037
0.00049351
0.000485049
0.000476658
0.00046833
0.000522209
0.000513746
0.000505344
0.000496998
0.000488713
0.000480494
0.000472334
0.000524997
0.000516713
0.000508487
0.000500313
0.000492197
0.000484142
0.000476142
0.00052764
0.000519527
0.000511469
0.00050346
0.000495504
0.000487607
0.000479759
0.000530142
0.000522192
0.000514293
0.00050644
0.000498638
0.00049089
0.000483188
0.000532506
0.000524709
0.000516962
0.000509257
0.0005016
0.000493994
0.000486431
0.000534732
0.000527081
0.000519477
0.000511913
0.000504394
0.000496922
0.000489491
0.000536824
0.00052931
0.000521841
0.00051441
0.00050702
0.000499676
0.000492369
0.000538782
0.000531397
0.000524056
0.000516749
0.000509482
0.000502258
0.000495068
0.000540609
0.000533344
0.000526122
0.000518933
0.00051178
0.000504668
0.000497588
0.000542304
0.000535152
0.00052804
0.00052096
0.000513915
0.000506908
0.00049993
0.000543869
0.000536821
0.000529812
0.000522833
0.000515887
0.000508977
0.000502095
0.000545303
0.000538351
0.000531436
0.000524551
0.000517696
0.000510876
0.000504082
0.000546606
0.000539741
0.000532913
0.000526113
0.000519341
0.000512603
0.000505889
0.000547778
0.000540992
0.000534242
0.000527518
0.000520822
0.000514157
0.000507516
0.000548817
0.0005421
0.00053542
0.000528764
0.000522135
0.000515536
0.000508959
0.000549721
0.000543065
0.000536445
0.000529849
0.000523278
0.000516737
0.000510216
0.000550487
0.000543883
0.000537314
0.000530768
0.000524247
0.000517755
0.000511282
0.000551111
0.000544549
0.000538022
0.000531518
0.000525038
0.000518585
0.000512152
0.000551589
0.00054506
0.000538565
0.000532093
0.000525644
0.000519222
0.000512819
0.000551915
0.000545407
0.000538934
0.000532483
0.000526055
0.000519654
0.000513271
0.000552084
0.000545587
0.000539125
0.000532687
0.00052627
0.00051988
0.000513508
0.00017288
0.000155248
0.000138415
0.000122351
0.00010706
9.25548e-05
7.88261e-05
6.58556e-05
5.36326e-05
4.21454e-05
3.13766e-05
2.13066e-05
1.19148e-05
3.17909e-06
-4.92419e-06
-1.24199e-05
-1.93337e-05
-2.56918e-05
-3.15207e-05
-3.68471e-05
-4.16973e-05
-4.60979e-05
-5.00748e-05
0.000187104
0.000169837
0.000153308
0.000137504
0.000122429
0.000108095
9.44942e-05
8.16104e-05
6.94351e-05
5.79584e-05
4.71649e-05
3.70369e-05
2.75563e-05
1.87032e-05
1.04562e-05
2.79309e-06
-4.30955e-06
-1.08755e-05
-1.69291e-05
-2.24946e-05
-2.75965e-05
-3.22592e-05
-3.65069e-05
0.000200892
0.000183982
0.00016776
0.000152218
0.000137364
0.000123209
0.000109746
9.69612e-05
8.48474e-05
7.33966e-05
6.2595e-05
5.24268e-05
4.28759e-05
3.39245e-05
2.55537e-05
1.77431e-05
1.04717e-05
3.71789e-06
-2.54039e-06
-8.3255e-06
-1.36599e-05
-1.85661e-05
-2.30664e-05
0.000214259
0.000197699
0.000181784
0.000166507
0.000151878
0.000137908
0.000124592
0.000111917
9.98769e-05
8.84655e-05
7.76707e-05
6.74783e-05
5.7874e-05
4.88423e-05
4.03658e-05
3.24265e-05
2.50054e-05
1.80829e-05
1.16389e-05
5.65305e-06
1.04686e-07
-5.02685e-06
-9.7622e-06
0.000227214
0.000211
0.000195392
0.000180382
0.000165981
0.000152203
0.000139041
0.000126485
0.000114529
0.000103169
9.23947e-05
8.21928e-05
7.25509e-05
6.34552e-05
5.48903e-05
4.684e-05
3.92871e-05
3.2214e-05
2.56025e-05
1.94339e-05
1.36894e-05
8.34996e-06
3.3966e-06
0.000239765
0.000223894
0.000208592
0.000193851
0.000179681
0.000166099
0.000153099
0.00014067
0.000128808
0.000117511
0.000106769
9.65714e-05
8.69064e-05
7.77621e-05
6.91249e-05
6.09801e-05
5.33125e-05
4.61061e-05
3.93444e-05
3.30103e-05
2.70868e-05
2.15564e-05
1.64016e-05
0.00025192
0.000236389
0.000221393
0.000206921
0.000192986
0.000179604
0.000166772
0.000154477
0.000142718
0.000131494
0.000120796
0.000110615
0.00010094
9.17618e-05
8.30674e-05
7.48439e-05
6.70777e-05
5.97543e-05
5.28589e-05
4.6376e-05
4.02899e-05
3.45847e-05
2.92445e-05
0.000263689
0.000248494
0.000233802
0.0002196
0.000205901
0.000192723
0.000180063
0.00016791
0.000156262
0.00014512
0.000134477
0.000124324
0.000114652
0.000105453
9.67158e-05
8.84285e-05
8.05789e-05
7.31541e-05
6.61407e-05
5.95247e-05
5.32919e-05
4.74277e-05
4.19175e-05
0.00027508
0.000260218
0.000245826
0.000231894
0.000218432
0.00020546
0.000192978
0.000180972
0.000169443
0.000158391
0.000147813
0.000137699
0.000128043
0.000118836
0.000110069
0.000101731
9.38127e-05
8.63013e-05
7.91849e-05
7.24509e-05
6.60865e-05
6.00784e-05
5.44131e-05
0.000286101
0.000271566
0.000257474
0.00024381
0.000230585
0.000217822
0.000205521
0.000193668
0.000182264
0.000171312
0.000160807
0.000150742
0.000141112
0.000131909
0.000123124
0.00011475
0.000106776
9.91921e-05
9.1987e-05
8.51495e-05
7.86679e-05
7.25302e-05
6.67243e-05
0.000296761
0.000282549
0.000268751
0.000255354
0.000242367
0.000229815
0.000217698
0.000206003
0.00019473
0.000183883
0.00017346
0.000163454
0.00015386
0.000144672
0.000135882
0.000127484
0.000119467
0.000111823
0.000104543
9.76155e-05
9.10306e-05
8.47773e-05
7.88445e-05
0.000307068
0.000293172
0.000279666
0.000266534
0.000253784
0.000241444
0.000229513
0.00021798
0.000206844
0.00019611
0.000185776
0.000175838
0.000166289
0.000157126
0.000148342
0.00013993
0.000131883
0.000124192
0.000116849
0.000109845
0.00010317
9.68139e-05
9.07675e-05
0.00031703
0.000303446
0.000290227
0.000277357
0.000264844
0.000252715
0.000240974
0.000229606
0.000218611
0.000207995
0.000197758
0.000187894
0.0001784
0.000169271
0.000160502
0.000152088
0.000144022
0.000136295
0.000128902
0.000121833
0.00011508
0.000108635
0.000102487
0.000326656
0.000313377
0.000300442
0.000287831
0.000275553
0.000263637
0.000252085
0.000240885
0.000230035
0.000219542
0.000209407
0.000199625
0.000190193
0.000181108
0.000172364
0.000163958
0.000155882
0.000148132
0.000140699
0.000133577
0.000126759
0.000120235
0.000113999
0.000335954
0.000322974
0.000310318
0.000297963
0.000285918
0.000274213
0.000262853
0.000251823
0.000241121
0.000230756
0.000220728
0.000211035
0.000201672
0.000192637
0.000183927
0.000175538
0.000167463
0.000159699
0.000152237
0.000145074
0.0001382
0.00013161
0.000125296
0.000344932
0.000332245
0.000319863
0.000307761
0.000295946
0.000284452
0.000273284
0.000262425
0.000251873
0.000241639
0.000231725
0.000222125
0.000212838
0.000203861
0.000195193
0.000186829
0.000178764
0.000170995
0.000163515
0.000156319
0.000149402
0.000142756
0.000136376
0.000353598
0.000341198
0.000329084
0.000317231
0.000305645
0.00029436
0.000283383
0.000272696
0.000262298
0.000252198
0.000242399
0.000232898
0.000223693
0.000214781
0.000206161
0.00019783
0.000189784
0.000182019
0.00017453
0.000167312
0.000160361
0.000153669
0.000147232
0.000361959
0.000349839
0.000337989
0.000326381
0.000315021
0.000303943
0.000293156
0.000282643
0.000272399
0.000262436
0.000252757
0.000243359
0.00023424
0.000225399
0.000216834
0.000208543
0.000200523
0.00019277
0.000185281
0.00017805
0.000171073
0.000164346
0.000157862
0.000370024
0.000358178
0.000346585
0.000335218
0.00032408
0.000313208
0.000302611
0.00029227
0.000282181
0.000272357
0.000262801
0.000253509
0.000244481
0.000235716
0.000227212
0.000218969
0.000210982
0.000203249
0.000195766
0.00018853
0.000181537
0.000174783
0.000168262
0.000377799
0.00036622
0.00035488
0.000343749
0.00033283
0.00032216
0.000311751
0.000301583
0.000291651
0.000281966
0.000272535
0.000263353
0.00025442
0.000245735
0.000237298
0.000229107
0.000221159
0.000213453
0.000205985
0.000198752
0.000191751
0.000184978
0.000178428
0.000385292
0.000373973
0.00036288
0.000351981
0.000341276
0.000330807
0.000320584
0.000310588
0.000300811
0.000291268
0.000281963
0.000272894
0.000264059
0.000255458
0.000247092
0.000238959
0.000231056
0.000223383
0.000215936
0.000208714
0.000201712
0.000194928
0.000188357
0.000392509
0.000381444
0.000370592
0.00035992
0.000349427
0.000339154
0.000329116
0.000319289
0.000309669
0.000300267
0.00029109
0.000282135
0.000273401
0.000264888
0.000256597
0.000248526
0.000240674
0.00023304
0.00022562
0.000218414
0.000211419
0.00020463
0.000198047
0.000399458
0.000388639
0.000378022
0.000367573
0.000357286
0.000347207
0.000337351
0.000327693
0.000318228
0.000308967
0.000299919
0.00029108
0.000282449
0.000274027
0.000265814
0.00025781
0.000250013
0.000242423
0.000235037
0.000227853
0.00022087
0.000214085
0.000207494
0.000406145
0.000395566
0.000385178
0.000374945
0.000364861
0.000354973
0.000345295
0.000335805
0.000326493
0.000317374
0.000308454
0.000299733
0.000291207
0.000282878
0.000274747
0.000266813
0.000259075
0.000251533
0.000244185
0.000237029
0.000230064
0.000223288
0.000216698
0.000412576
0.00040223
0.000392065
0.000382044
0.000372158
0.000362456
0.000352955
0.000343629
0.00033447
0.000325491
0.000316701
0.000308097
0.000299677
0.000291443
0.000283396
0.000275535
0.00026786
0.000260371
0.000253065
0.000245943
0.000239001
0.00023224
0.000225655
0.000418757
0.000408637
0.00039869
0.000388874
0.000379183
0.000369663
0.000360334
0.000351172
0.000342163
0.000333324
0.000324662
0.000316176
0.000307863
0.000299726
0.000291765
0.00028398
0.000276371
0.000268937
0.000261678
0.000254593
0.00024768
0.000240938
0.000234365
0.000424694
0.000414794
0.000405057
0.000395443
0.00038594
0.000376598
0.000367439
0.000358437
0.000349577
0.000340876
0.000332341
0.000323973
0.000315768
0.000307728
0.000299855
0.000292148
0.000284607
0.000277233
0.000270024
0.00026298
0.0002561
0.000249382
0.000242825
0.000430393
0.000420705
0.000411173
0.000401754
0.000392435
0.000383268
0.000374275
0.000365429
0.000356716
0.000348151
0.000339744
0.000331492
0.000323395
0.000315454
0.000307669
0.000300042
0.000292572
0.000285259
0.000278103
0.000271104
0.00026426
0.000257571
0.000251035
0.000435859
0.000426377
0.000417043
0.000407814
0.000398675
0.000389677
0.000380846
0.000372154
0.000363585
0.000355154
0.000346872
0.000338737
0.000330748
0.000322905
0.000315209
0.000307663
0.000300265
0.000293017
0.000285916
0.000278964
0.00027216
0.000265503
0.000258992
0.000441097
0.000431814
0.000422673
0.000413628
0.000404662
0.00039583
0.000387157
0.000378615
0.000370188
0.000361889
0.00035373
0.000345711
0.000337828
0.000330083
0.000322478
0.000315014
0.00030769
0.000300506
0.000293464
0.000286562
0.000279801
0.000273179
0.000266696
0.000446113
0.000437022
0.000428066
0.0004192
0.000410403
0.000401731
0.000393212
0.000384817
0.000376528
0.000368359
0.000360322
0.000352417
0.00034464
0.000336993
0.000329478
0.000322096
0.000314846
0.00030773
0.000300747
0.000293897
0.000287181
0.000280597
0.000274145
0.000450911
0.000442005
0.000433229
0.000424535
0.000415902
0.000407386
0.000399017
0.000390765
0.00038261
0.000374568
0.000366651
0.000358858
0.000351186
0.000343636
0.00033621
0.00032891
0.000321736
0.000314687
0.000307765
0.00030097
0.0002943
0.000287757
0.00028134
0.000455495
0.000446768
0.000438165
0.000429637
0.000421163
0.000412798
0.000404574
0.000396461
0.000388438
0.00038052
0.00037272
0.000365037
0.000357468
0.000350014
0.000342678
0.00033546
0.00032836
0.00032138
0.00031452
0.00030778
0.000301159
0.000294658
0.000288277
0.00045987
0.000451314
0.000442878
0.000434512
0.00042619
0.00041797
0.000409887
0.00040191
0.000394015
0.000386218
0.000378532
0.000370957
0.000363489
0.00035613
0.000348881
0.000341745
0.000334721
0.00032781
0.000321012
0.000314327
0.000307757
0.0003013
0.000294957
0.000464039
0.000455648
0.000447373
0.000439161
0.000430987
0.000422908
0.000414961
0.000407114
0.000399344
0.000391664
0.00038409
0.00037662
0.000369252
0.000361985
0.000354824
0.000347768
0.000340818
0.000333976
0.00032724
0.000320613
0.000314093
0.000307682
0.000301378
0.000468007
0.000459774
0.000451652
0.00044359
0.000435557
0.000427614
0.000419798
0.000412078
0.000404428
0.000396862
0.000389396
0.000382029
0.000374757
0.000367582
0.000360506
0.000353529
0.000346654
0.000339879
0.000333206
0.000326635
0.000320167
0.000313802
0.00030754
0.000471776
0.000463694
0.00045572
0.0004478
0.000439904
0.000432091
0.000424402
0.000416803
0.000409269
0.000401814
0.000394453
0.000387186
0.000380008
0.000372922
0.000365929
0.000359031
0.000352227
0.00034552
0.000338909
0.000332395
0.000325979
0.000319661
0.00031344
0.00047535
0.000467412
0.000459579
0.000451796
0.00044403
0.000436342
0.000428774
0.000421293
0.000413871
0.000406522
0.000399262
0.000392091
0.000385006
0.000378006
0.000371094
0.000364272
0.00035754
0.000350899
0.00034435
0.000337892
0.000331527
0.000325256
0.000319077
0.000478731
0.000470931
0.000463232
0.000455579
0.000447938
0.000440369
0.000432917
0.000425549
0.000418235
0.000410988
0.000403825
0.000396748
0.000389751
0.000382835
0.000376002
0.000369254
0.000362592
0.000356016
0.000349526
0.000343125
0.000336811
0.000330586
0.00032445
0.000481922
0.000474252
0.000466681
0.000459153
0.00045163
0.000444175
0.000436834
0.000429573
0.000422362
0.000415213
0.000408144
0.000401156
0.000394244
0.000387409
0.000380652
0.000373977
0.000367382
0.000360869
0.000354439
0.000348092
0.000341829
0.00033565
0.000329555
0.000484924
0.000477378
0.000469928
0.000462518
0.000455108
0.000447761
0.000440525
0.000433367
0.000426253
0.000419198
0.000412219
0.000405317
0.000398487
0.000391729
0.000385046
0.00037844
0.00037191
0.000365459
0.000359086
0.000352792
0.000346579
0.000340445
0.000334392
0.00048774
0.00048031
0.000472975
0.000465676
0.000458372
0.000451128
0.000443992
0.00043693
0.00042991
0.000422944
0.00041605
0.00040923
0.000402478
0.000395794
0.000389182
0.000382642
0.000376176
0.000369783
0.000363466
0.000357224
0.000351058
0.000344969
0.000338957
0.000490369
0.000483049
0.000475822
0.000468628
0.000461425
0.000454276
0.000447234
0.000440265
0.000433332
0.00042645
0.000419637
0.000412895
0.000406217
0.000399604
0.000393059
0.000386583
0.000380176
0.000373841
0.000367577
0.000361385
0.000355265
0.000349219
0.000343247
0.000492814
0.000485596
0.00047847
0.000471374
0.000464264
0.000457206
0.000450252
0.000443369
0.00043652
0.000429717
0.00042298
0.00041631
0.000409703
0.000403157
0.000396675
0.000390259
0.00038391
0.000377629
0.000371415
0.000365271
0.000359196
0.000353191
0.000347257
0.000495074
0.000487951
0.000480918
0.000473914
0.000466892
0.000459917
0.000453046
0.000446243
0.000439471
0.000432742
0.000426077
0.000419476
0.000412933
0.00040645
0.000400028
0.00039367
0.000387375
0.000381144
0.000374979
0.00036888
0.000362847
0.000356882
0.000350984
0.000497148
0.000490113
0.000483166
0.000476247
0.000469305
0.000462408
0.000455613
0.000448885
0.000442185
0.000435525
0.000428925
0.000422388
0.000415907
0.000409482
0.000403116
0.00039681
0.000390566
0.000384383
0.000378263
0.000372206
0.000366213
0.000360285
0.000354422
0.000499036
0.000492081
0.000485213
0.000478371
0.000471504
0.000464678
0.000457952
0.000451292
0.000444658
0.000438061
0.000431522
0.000425043
0.000418619
0.000412248
0.000405933
0.000399677
0.000393479
0.00038734
0.000381262
0.000375245
0.000369289
0.000363396
0.000357566
0.000500735
0.000493852
0.000487056
0.000480284
0.000473484
0.000466722
0.000460059
0.000453462
0.000446888
0.000440348
0.000433864
0.000427439
0.000421065
0.000414743
0.000408476
0.000402264
0.000396109
0.000390011
0.000383971
0.00037799
0.000372069
0.000366207
0.000360407
0.000502243
0.000495424
0.000488692
0.000481983
0.000475242
0.000468538
0.000461932
0.00045539
0.000448869
0.00044238
0.000435946
0.000429568
0.000423241
0.000416963
0.000410737
0.000404566
0.000398449
0.000392388
0.000386383
0.000380434
0.000374544
0.000368712
0.000362938
0.000503556
0.000496794
0.000490117
0.000483463
0.000476775
0.00047012
0.000463563
0.00045707
0.000450596
0.000444152
0.000437761
0.000431426
0.000425138
0.000418899
0.000412711
0.000406575
0.000400492
0.000394463
0.000388488
0.000382569
0.000376706
0.000370899
0.00036515
0.00050467
0.000497955
0.000491326
0.000484719
0.000478075
0.000471463
0.000464948
0.000458496
0.000452063
0.000445657
0.000439303
0.000433003
0.00042675
0.000420545
0.000414388
0.000408282
0.000402229
0.000396227
0.000390279
0.000384384
0.000378545
0.00037276
0.000367032
0.000505578
0.000498903
0.000492313
0.000485745
0.000479137
0.000472559
0.000466078
0.000459661
0.00045326
0.000446886
0.000440562
0.000434292
0.000428067
0.000421889
0.000415758
0.000409678
0.000403648
0.000397669
0.000391742
0.000385868
0.000380048
0.000374282
0.000368571
0.000506275
0.000499629
0.00049307
0.000486531
0.000479951
0.000473399
0.000466945
0.000460554
0.000454179
0.000447828
0.000441528
0.00043528
0.000429077
0.00042292
0.000416809
0.000410748
0.000404736
0.000398775
0.000392865
0.000387007
0.000381202
0.00037545
0.000369752
0.000506747
0.000500122
0.000493584
0.000487067
0.000480506
0.000473971
0.000467535
0.000461163
0.000454806
0.000448472
0.000442187
0.000435955
0.000429767
0.000423624
0.000417527
0.000411479
0.00040548
0.000399531
0.000393633
0.000387786
0.000381991
0.000376248
0.00037056
0.000506995
0.000500378
0.000493851
0.000487348
0.000480797
0.000474267
0.000467838
0.000461477
0.000455129
0.000448804
0.000442526
0.000436302
0.000430122
0.000423986
0.000417896
0.000411855
0.000405863
0.00039992
0.000394027
0.000388186
0.000382396
0.000376659
0.000370975
)
;

boundaryField
{
    down
    {
        type            symmetryPlane;
    }
    right
    {
        type            fixedValue;
        value           nonuniform List<scalar> 0();
    }
    up
    {
        type            symmetryPlane;
    }
    left
    {
        type            zeroGradient;
    }
    cylinder
    {
        type            zeroGradient;
    }
    frontAndBack
    {
        type            empty;
    }
    procBoundary9to5
    {
        type            processor;
        value           nonuniform List<scalar> 
74
(
-0.000411189
-0.000387533
-0.000387533
-0.000406799
-0.000424394
-0.000439736
-0.000452054
-0.000461499
-0.000468386
-0.000472951
-0.000475395
-0.000475929
-0.000474766
-0.000472107
-0.000468143
-0.000463053
-0.000457005
-0.000450152
-0.000442635
-0.000434581
-0.000426104
-0.000417307
-0.000408279
-0.0003991
-0.000146288
-0.000194657
-0.000197042
-0.000197042
-0.000240332
-0.000282239
-0.000322379
-0.000360549
-4.5685e-05
-9.65902e-05
0.000245057
0.000188741
0.000139272
8.91649e-05
3.88141e-05
3.88141e-05
0.00162058
0.00161185
0.00160193
0.00159073
0.00157816
0.00156412
0.00154852
0.00153126
0.00151224
0.00149137
0.00146853
0.00144364
0.00141659
0.0013873
0.00135567
0.00132164
0.00128514
0.0012461
0.00120449
0.00116029
0.00111349
0.00106412
0.00101221
0.000957851
0.000901136
0.000842204
0.000781227
0.000718412
0.000653999
0.000588268
0.000521526
0.000454053
0.000386592
0.00032032
)
;
    }
    procBoundary9to8
    {
        type            processor;
        value           nonuniform List<scalar> 
75
(
0.00159919
0.00157117
0.00154411
0.00151799
0.0014928
0.0014685
0.00144509
0.00142252
0.00140079
0.00137986
0.0013597
0.0013403
0.00132162
0.00130365
0.00128634
0.00126969
0.00125366
0.00123823
0.00122338
0.00120938
0.00119604
0.00118292
0.00117004
0.00115739
0.00114498
0.00114498
0.00114419
0.00113219
0.00112043
0.00110891
0.00109764
0.00108661
0.00107583
0.00106529
0.00105501
0.00104497
0.00103518
0.00102564
0.00101634
0.00100729
0.000998492
0.000989933
0.000981618
0.000973544
0.000965711
0.000958116
0.000950759
0.000943638
0.000936752
0.000930098
0.000923676
0.000917485
0.000911523
0.00090579
0.000900284
0.000895006
0.000889955
0.000885132
0.000880537
0.00087617
0.000872034
0.000868131
0.000864462
0.00086103
0.00085784
0.000854896
0.000852203
0.000849768
0.000847597
0.000845699
0.000844084
0.000842762
0.000841747
0.000841053
0.000840697
)
;
    }
    procBoundary9to10
    {
        type            processor;
        value           nonuniform List<scalar> 
73
(
-0.000369043
-0.000348452
-0.000328109
-0.000308052
-0.000288313
-0.000268918
-0.000249889
-0.000231243
-0.000212994
-0.000195152
-0.000177724
-0.000160715
-0.000144127
-0.000127961
-0.000112216
-9.68873e-05
-8.19729e-05
-6.74671e-05
-5.36529e-05
-4.03627e-05
-2.71823e-05
-1.41213e-05
-1.18917e-06
1.16053e-05
2.42534e-05
3.67467e-05
4.90774e-05
6.12379e-05
7.32211e-05
8.50201e-05
9.66288e-05
0.000108041
0.000119251
0.000130254
0.000141044
0.000151617
0.00016197
0.000172097
0.000181997
0.000191664
0.000201096
0.000210291
0.000219247
0.00022796
0.000236428
0.000244651
0.000252626
0.000260351
0.000267825
0.000275047
0.000282015
0.000288728
0.000295183
0.00030138
0.000307317
0.000312992
0.000318402
0.000323546
0.000328421
0.000333023
0.000337349
0.000341394
0.000345155
0.000348625
0.000351799
0.000354668
0.000357224
0.000359459
0.00036136
0.000362915
0.000364109
0.000364925
0.000365344
)
;
    }
}


// ************************************************************************* //
