/*--------------------------------*- C++ -*----------------------------------*\
| =========                 |                                                 |
| \\      /  F ield         | OpenFOAM: The Open Source CFD Toolbox           |
|  \\    /   O peration     | Version:  2412                                  |
|   \\  /    A nd           | Website:  www.openfoam.com                      |
|    \\/     M anipulation  |                                                 |
\*---------------------------------------------------------------------------*/
FoamFile
{
    version     2.0;
    format      ascii;
    arch        "LSB;label=32;scalar=64";
    class       volScalarField;
    location    "5";
    object      p;
}
// * * * * * * * * * * * * * * * * * * * * * * * * * * * * * * * * * * * * * //

dimensions      [0 2 -2 0 0 0 0];

internalField   nonuniform List<scalar> 
5285
(
-2.88987e-05
-2.7479e-05
-2.61035e-05
-2.47716e-05
-2.34827e-05
-2.22367e-05
-2.10329e-05
-1.98711e-05
-1.87507e-05
-1.76713e-05
-1.66323e-05
-1.56331e-05
-1.46734e-05
-1.37524e-05
-1.28696e-05
-1.20244e-05
-1.1216e-05
-1.04438e-05
-9.70707e-06
-9.005e-06
-8.33678e-06
-7.70175e-06
-7.09879e-06
-6.52719e-06
-5.98615e-06
-5.47468e-06
-4.99183e-06
-4.53674e-06
-4.10846e-06
-3.70586e-06
-3.32813e-06
-2.82973e-05
-2.69053e-05
-2.55567e-05
-2.4251e-05
-2.29876e-05
-2.17663e-05
-2.05865e-05
-1.94479e-05
-1.83499e-05
-1.72922e-05
-1.62741e-05
-1.52952e-05
-1.43548e-05
-1.34525e-05
-1.25877e-05
-1.17597e-05
-1.09677e-05
-1.02113e-05
-9.48958e-06
-8.80185e-06
-8.1473e-06
-7.52523e-06
-6.93462e-06
-6.37474e-06
-5.84477e-06
-5.34378e-06
-4.87083e-06
-4.42506e-06
-4.00554e-06
-3.61121e-06
-3.2412e-06
-2.89455e-06
-2.57022e-06
-2.26738e-06
-1.98476e-06
-1.72162e-06
-1.47686e-06
-1.24964e-06
-1.03894e-06
-8.43815e-07
-6.63338e-07
-4.96456e-07
-3.4247e-07
-2.00069e-07
-6.87524e-08
5.26938e-08
1.65079e-07
2.69304e-07
3.66305e-07
4.56861e-07
5.42401e-07
6.22749e-07
7.01846e-07
7.72769e-07
8.59838e-07
8.97923e-07
1.07144e-06
9.02598e-07
1.5801e-06
3.40639e-07
3.2135e-06
-2.00089e-06
7.44549e-06
-7.02591e-06
1.31711e-05
-9.56083e-06
1.02714e-05
3.21985e-06
-9.51133e-06
2.54165e-05
-2.17191e-05
-2.76825e-05
-2.63189e-05
-2.49979e-05
-2.3719e-05
-2.24817e-05
-2.12857e-05
-2.01305e-05
-1.90156e-05
-1.79406e-05
-1.69051e-05
-1.59084e-05
-1.49501e-05
-1.40296e-05
-1.31464e-05
-1.22999e-05
-1.14894e-05
-1.07143e-05
-9.97392e-06
-9.26757e-06
-8.59448e-06
-7.95388e-06
-7.34505e-06
-6.76705e-06
-6.21913e-06
-5.70046e-06
-5.21017e-06
-4.74732e-06
-4.31107e-06
-3.9005e-06
-3.5146e-06
-3.15248e-06
-2.81325e-06
-2.49583e-06
-2.19945e-06
-1.92287e-06
-1.66535e-06
-1.42584e-06
-1.20346e-06
-9.97252e-07
-8.06279e-07
-6.29636e-07
-4.6631e-07
-3.15582e-07
-1.7622e-07
-4.768e-08
7.11919e-08
1.81197e-07
2.83223e-07
3.78183e-07
4.66869e-07
5.50614e-07
6.29356e-07
7.06841e-07
7.76355e-07
8.61858e-07
8.98992e-07
1.07008e-06
9.02659e-07
1.57272e-06
3.45109e-07
3.19134e-06
-1.97899e-06
7.39468e-06
-6.97741e-06
1.31019e-05
-9.52322e-06
1.02576e-05
3.16424e-06
-9.39456e-06
2.52471e-05
-2.14692e-05
-2.70546e-05
-2.572e-05
-2.44274e-05
-2.31759e-05
-2.19654e-05
-2.07952e-05
-1.96651e-05
-1.85745e-05
-1.7523e-05
-1.65101e-05
-1.55353e-05
-1.45981e-05
-1.36979e-05
-1.28341e-05
-1.20063e-05
-1.12138e-05
-1.04558e-05
-9.73184e-06
-9.04114e-06
-8.38299e-06
-7.75661e-06
-7.1613e-06
-6.59616e-06
-6.06043e-06
-5.5533e-06
-5.07391e-06
-4.62137e-06
-4.19482e-06
-3.79338e-06
-3.41608e-06
-3.06201e-06
-2.73034e-06
-2.41997e-06
-2.13017e-06
-1.85976e-06
-1.60798e-06
-1.3738e-06
-1.15636e-06
-9.54735e-07
-7.67999e-07
-5.95266e-07
-4.35567e-07
-2.88163e-07
-1.519e-07
-2.61931e-08
9.0054e-08
1.9763e-07
2.97417e-07
3.90292e-07
4.77071e-07
5.58985e-07
6.36083e-07
7.11928e-07
7.80002e-07
8.63897e-07
9.00073e-07
1.06864e-06
9.0274e-07
1.56503e-06
3.49858e-07
3.16821e-06
-1.95596e-06
7.34158e-06
-6.92664e-06
1.30298e-05
-9.48415e-06
1.02431e-05
3.10683e-06
-9.27524e-06
2.50743e-05
-2.12127e-05
-2.64137e-05
-2.5109e-05
-2.38452e-05
-2.2622e-05
-2.14387e-05
-2.0295e-05
-1.91905e-05
-1.81247e-05
-1.70972e-05
-1.61075e-05
-1.5155e-05
-1.42392e-05
-1.33597e-05
-1.25159e-05
-1.17071e-05
-1.09328e-05
-1.01924e-05
-9.48512e-06
-8.81039e-06
-8.16746e-06
-7.55558e-06
-6.97406e-06
-6.42201e-06
-5.89871e-06
-5.40333e-06
-4.93507e-06
-4.49302e-06
-4.07637e-06
-3.68422e-06
-3.31569e-06
-2.96982e-06
-2.64584e-06
-2.34267e-06
-2.05959e-06
-1.79546e-06
-1.54951e-06
-1.32077e-06
-1.10837e-06
-9.1141e-07
-7.28993e-07
-5.60244e-07
-4.04241e-07
-2.60225e-07
-1.27118e-07
-4.30099e-09
1.09272e-07
2.14372e-07
3.11879e-07
4.02627e-07
4.87462e-07
5.67511e-07
6.42928e-07
7.17104e-07
7.83705e-07
8.65955e-07
9.01164e-07
1.06713e-06
9.02846e-07
1.55703e-06
3.54906e-07
3.14406e-06
-1.93175e-06
7.28613e-06
-6.87354e-06
1.29546e-05
-9.44367e-06
1.0228e-05
3.04755e-06
-9.1536e-06
2.48984e-05
-2.09501e-05
-2.57603e-05
-2.4486e-05
-2.32519e-05
-2.20573e-05
-2.09019e-05
-1.97853e-05
-1.8707e-05
-1.76665e-05
-1.66635e-05
-1.56973e-05
-1.47676e-05
-1.38738e-05
-1.30153e-05
-1.21917e-05
-1.14024e-05
-1.06467e-05
-9.92411e-06
-9.23389e-06
-8.57542e-06
-7.948e-06
-7.35089e-06
-6.7834e-06
-6.24469e-06
-5.73404e-06
-5.25064e-06
-4.79369e-06
-4.36233e-06
-3.95576e-06
-3.57308e-06
-3.21347e-06
-2.87596e-06
-2.55981e-06
-2.26396e-06
-1.98772e-06
-1.72998e-06
-1.48998e-06
-1.26678e-06
-1.05951e-06
-8.67295e-07
-6.89276e-07
-5.24585e-07
-3.72345e-07
-2.31782e-07
-1.01886e-07
1.79871e-08
1.28836e-07
2.31414e-07
3.26601e-07
4.15181e-07
4.98036e-07
5.76187e-07
6.49889e-07
7.22365e-07
7.87464e-07
8.6803e-07
9.02265e-07
1.06555e-06
9.02981e-07
1.5487e-06
3.60275e-07
3.11886e-06
-1.90629e-06
7.22824e-06
-6.81806e-06
1.28765e-05
-9.40187e-06
1.02124e-05
2.98634e-06
-9.02992e-06
2.472e-05
-2.06822e-05
-2.50945e-05
-2.38513e-05
-2.26474e-05
-2.14823e-05
-2.03553e-05
-1.92663e-05
-1.82147e-05
-1.72e-05
-1.62219e-05
-1.52798e-05
-1.43733e-05
-1.35018e-05
-1.26648e-05
-1.18619e-05
-1.10923e-05
-1.03556e-05
-9.65112e-06
-8.97824e-06
-8.33633e-06
-7.72469e-06
-7.14261e-06
-6.58941e-06
-6.06428e-06
-5.5665e-06
-5.09528e-06
-4.64985e-06
-4.22936e-06
-3.83304e-06
-3.46001e-06
-3.10946e-06
-2.78045e-06
-2.47228e-06
-2.18388e-06
-1.9146e-06
-1.66336e-06
-1.42941e-06
-1.21184e-06
-1.00978e-06
-8.22409e-07
-6.48865e-07
-4.88305e-07
-3.39893e-07
-2.02845e-07
-7.62161e-08
4.06611e-08
1.48738e-07
2.48751e-07
3.41578e-07
4.27951e-07
5.0879e-07
5.85009e-07
6.56961e-07
7.27707e-07
7.91278e-07
8.7012e-07
9.03374e-07
1.06387e-06
9.03149e-07
1.54002e-06
3.65985e-07
3.09257e-06
-1.87954e-06
7.16784e-06
-6.76014e-06
1.27952e-05
-9.35884e-06
1.01965e-05
2.92313e-06
-8.90446e-06
2.45395e-05
-2.04097e-05
-2.44166e-05
-2.32053e-05
-2.20323e-05
-2.0897e-05
-1.97992e-05
-1.87382e-05
-1.77138e-05
-1.67255e-05
-1.57728e-05
-1.48552e-05
-1.39723e-05
-1.31235e-05
-1.23084e-05
-1.15264e-05
-1.0777e-05
-1.00596e-05
-9.37353e-06
-8.7183e-06
-8.09322e-06
-7.49764e-06
-6.93085e-06
-6.39217e-06
-5.88084e-06
-5.39616e-06
-4.93732e-06
-4.50361e-06
-4.09417e-06
-3.70828e-06
-3.34504e-06
-3.00372e-06
-2.68335e-06
-2.38329e-06
-2.10247e-06
-1.84026e-06
-1.59563e-06
-1.36783e-06
-1.15598e-06
-9.59231e-07
-7.76773e-07
-6.07779e-07
-4.51419e-07
-3.069e-07
-1.73427e-07
-5.01188e-08
6.37112e-08
1.6897e-07
2.66374e-07
3.56801e-07
4.4093e-07
5.19717e-07
5.93973e-07
6.64143e-07
7.3313e-07
7.95144e-07
8.72223e-07
9.04492e-07
1.06212e-06
9.03355e-07
1.53099e-06
3.72058e-07
3.06514e-06
-1.85144e-06
7.10485e-06
-6.69973e-06
1.27109e-05
-9.31468e-06
1.01802e-05
2.85786e-06
-8.77757e-06
2.43576e-05
-2.01335e-05
-2.3727e-05
-2.25481e-05
-2.14066e-05
-2.03019e-05
-1.92336e-05
-1.82013e-05
-1.72047e-05
-1.62431e-05
-1.53162e-05
-1.44236e-05
-1.35647e-05
-1.2739e-05
-1.19462e-05
-1.11855e-05
-1.04566e-05
-9.75873e-06
-9.09147e-06
-8.45417e-06
-7.84621e-06
-7.26694e-06
-6.71569e-06
-6.19178e-06
-5.69447e-06
-5.22309e-06
-4.77683e-06
-4.35502e-06
-3.95682e-06
-3.58151e-06
-3.22824e-06
-2.89628e-06
-2.5847e-06
-2.29287e-06
-2.01975e-06
-1.76473e-06
-1.52682e-06
-1.30526e-06
-1.09923e-06
-9.07867e-07
-7.30405e-07
-5.66035e-07
-4.13943e-07
-2.73379e-07
-1.43542e-07
-2.36059e-08
8.71273e-08
1.89521e-07
2.84276e-07
3.72265e-07
4.54112e-07
5.30814e-07
6.03074e-07
6.71431e-07
7.38628e-07
7.9906e-07
8.74337e-07
9.05618e-07
1.06027e-06
9.03603e-07
1.52158e-06
3.78514e-07
3.03653e-06
-1.82193e-06
7.0392e-06
-6.6368e-06
1.26235e-05
-9.26951e-06
1.01638e-05
2.79044e-06
-8.64956e-06
2.41749e-05
-1.98547e-05
-2.3026e-05
-2.18801e-05
-2.07707e-05
-1.96971e-05
-1.8659e-05
-1.76559e-05
-1.66874e-05
-1.57531e-05
-1.48525e-05
-1.39852e-05
-1.31507e-05
-1.23486e-05
-1.15783e-05
-1.08393e-05
-1.01312e-05
-9.45326e-06
-8.80505e-06
-8.18596e-06
-7.59539e-06
-7.0327e-06
-6.49722e-06
-5.98831e-06
-5.50525e-06
-5.04736e-06
-4.61389e-06
-4.20416e-06
-3.81736e-06
-3.45281e-06
-3.10965e-06
-2.7872e-06
-2.48454e-06
-2.20106e-06
-1.93577e-06
-1.68804e-06
-1.45695e-06
-1.24174e-06
-1.04161e-06
-8.55715e-07
-6.83327e-07
-5.2365e-07
-3.75894e-07
-2.39346e-07
-1.132e-07
3.31103e-09
1.10899e-07
2.10384e-07
3.02449e-07
3.87961e-07
4.67493e-07
5.42075e-07
6.1231e-07
6.78821e-07
7.442e-07
8.03023e-07
8.7646e-07
9.06751e-07
1.05832e-06
9.03898e-07
1.5118e-06
3.85373e-07
3.00671e-06
-1.79097e-06
6.97082e-06
-6.57129e-06
1.25331e-05
-9.22346e-06
1.01473e-05
2.72077e-06
-8.52082e-06
2.39921e-05
-1.95745e-05
-2.23138e-05
-2.12017e-05
-2.01249e-05
-1.9083e-05
-1.80755e-05
-1.7102e-05
-1.61622e-05
-1.52556e-05
-1.43818e-05
-1.35402e-05
-1.27306e-05
-1.19523e-05
-1.12049e-05
-1.0488e-05
-9.80094e-06
-9.14326e-06
-8.51441e-06
-7.91381e-06
-7.34089e-06
-6.79501e-06
-6.27555e-06
-5.78186e-06
-5.31324e-06
-4.86906e-06
-4.44856e-06
-4.05109e-06
-3.67586e-06
-3.32222e-06
-2.98933e-06
-2.67653e-06
-2.38292e-06
-2.10792e-06
-1.85055e-06
-1.61024e-06
-1.38607e-06
-1.17728e-06
-9.83144e-07
-8.02798e-07
-6.35557e-07
-4.80644e-07
-3.37289e-07
-2.04816e-07
-8.24172e-08
3.06202e-08
1.35017e-07
2.3155e-07
3.20886e-07
4.03884e-07
4.81066e-07
5.53494e-07
6.21675e-07
6.86309e-07
7.49843e-07
8.07032e-07
8.7859e-07
9.0789e-07
1.05628e-06
9.04243e-07
1.50162e-06
3.92656e-07
2.97563e-06
-1.75849e-06
6.89963e-06
-6.50318e-06
1.24396e-05
-9.17669e-06
1.0131e-05
2.64877e-06
-8.39175e-06
2.38099e-05
-1.92944e-05
-2.15908e-05
-2.0513e-05
-1.94694e-05
-1.84597e-05
-1.74834e-05
-1.65401e-05
-1.56294e-05
-1.47509e-05
-1.39042e-05
-1.30889e-05
-1.23044e-05
-1.15503e-05
-1.08263e-05
-1.01317e-05
-9.46604e-06
-8.82888e-06
-8.21967e-06
-7.63783e-06
-7.08281e-06
-6.55399e-06
-6.05077e-06
-5.57251e-06
-5.11855e-06
-4.68826e-06
-4.28091e-06
-3.89588e-06
-3.53238e-06
-3.1898e-06
-2.86732e-06
-2.5643e-06
-2.27987e-06
-2.01346e-06
-1.76415e-06
-1.53134e-06
-1.31419e-06
-1.11192e-06
-9.23858e-07
-7.49137e-07
-5.87118e-07
-4.37035e-07
-2.98144e-07
-1.69802e-07
-5.1205e-08
5.831e-08
1.5947e-07
2.53008e-07
3.39578e-07
4.20026e-07
4.94825e-07
5.65068e-07
6.31165e-07
6.93893e-07
7.55554e-07
8.11083e-07
8.80724e-07
9.09036e-07
1.05414e-06
9.04642e-07
1.49104e-06
4.00384e-07
2.94327e-06
-1.72445e-06
6.82558e-06
-6.43243e-06
1.23431e-05
-9.12937e-06
1.0115e-05
2.57431e-06
-8.26276e-06
2.3629e-05
-1.90159e-05
-2.08574e-05
-1.98144e-05
-1.88046e-05
-1.78276e-05
-1.6883e-05
-1.59703e-05
-1.50892e-05
-1.42393e-05
-1.34201e-05
-1.26313e-05
-1.18724e-05
-1.11429e-05
-1.04425e-05
-9.77051e-06
-9.12661e-06
-8.51026e-06
-7.92095e-06
-7.35813e-06
-6.82126e-06
-6.30973e-06
-5.82297e-06
-5.36036e-06
-4.92126e-06
-4.50505e-06
-4.11102e-06
-3.73859e-06
-3.38698e-06
-3.05562e-06
-2.74368e-06
-2.45058e-06
-2.17545e-06
-1.91775e-06
-1.6766e-06
-1.4514e-06
-1.24135e-06
-1.04569e-06
-8.63777e-07
-6.94758e-07
-5.3803e-07
-3.92842e-07
-2.58476e-07
-1.3432e-07
-1.95773e-08
8.63684e-08
1.84248e-07
2.74751e-07
3.58518e-07
4.3638e-07
5.08764e-07
5.76789e-07
6.40776e-07
7.01568e-07
7.61328e-07
8.15174e-07
8.82861e-07
9.10187e-07
1.05189e-06
9.051e-07
1.48005e-06
4.08575e-07
2.90957e-06
-1.6888e-06
6.7486e-06
-6.35901e-06
1.22437e-05
-9.08169e-06
1.00996e-05
2.49727e-06
-8.13433e-06
2.34504e-05
-1.8741e-05
-2.01138e-05
-1.91063e-05
-1.81308e-05
-1.7187e-05
-1.62745e-05
-1.53929e-05
-1.45418e-05
-1.37209e-05
-1.29297e-05
-1.21678e-05
-1.14347e-05
-1.07302e-05
-1.00537e-05
-9.40468e-06
-8.7828e-06
-8.18754e-06
-7.6184e-06
-7.07485e-06
-6.55635e-06
-6.06235e-06
-5.59226e-06
-5.1455e-06
-4.72144e-06
-4.31949e-06
-3.93896e-06
-3.57929e-06
-3.23973e-06
-2.91972e-06
-2.61846e-06
-2.3354e-06
-2.06969e-06
-1.82082e-06
-1.58792e-06
-1.37043e-06
-1.16758e-06
-9.78611e-07
-8.02927e-07
-6.39682e-07
-4.88313e-07
-3.48083e-07
-2.18301e-07
-9.83863e-08
1.24527e-08
1.14784e-07
2.09341e-07
2.96769e-07
3.77697e-07
4.5294e-07
5.22878e-07
5.88655e-07
6.50504e-07
7.09331e-07
7.67165e-07
8.19304e-07
8.84998e-07
9.11342e-07
1.04954e-06
9.0562e-07
1.46863e-06
4.1725e-07
2.8745e-06
-1.65147e-06
6.66862e-06
-6.28291e-06
1.21413e-05
-9.03386e-06
1.00849e-05
2.41749e-06
-8.00692e-06
2.32748e-05
-1.84719e-05
-1.93604e-05
-1.83889e-05
-1.74483e-05
-1.65382e-05
-1.56583e-05
-1.48082e-05
-1.39875e-05
-1.31959e-05
-1.2433e-05
-1.16984e-05
-1.09916e-05
-1.03123e-05
-9.66005e-06
-9.03434e-06
-8.43476e-06
-7.86085e-06
-7.31213e-06
-6.78809e-06
-6.28821e-06
-5.81195e-06
-5.35874e-06
-4.92802e-06
-4.51918e-06
-4.13167e-06
-3.7648e-06
-3.41805e-06
-3.09068e-06
-2.78216e-06
-2.49172e-06
-2.21882e-06
-1.96265e-06
-1.72271e-06
-1.49817e-06
-1.28848e-06
-1.09291e-06
-9.10714e-07
-7.41335e-07
-5.83934e-07
-4.37989e-07
-3.02778e-07
-1.77638e-07
-6.20146e-08
4.48714e-08
1.43544e-07
2.34737e-07
3.19053e-07
3.97107e-07
4.69697e-07
5.37161e-07
6.00658e-07
6.60343e-07
7.17177e-07
7.73059e-07
8.23469e-07
8.87133e-07
9.12501e-07
1.04707e-06
9.06206e-07
1.45676e-06
4.26426e-07
2.83802e-06
-1.61244e-06
6.58558e-06
-6.20412e-06
1.20361e-05
-8.98615e-06
1.00713e-05
2.33481e-06
-7.88106e-06
2.31034e-05
-1.82111e-05
-1.85977e-05
-1.76626e-05
-1.67573e-05
-1.58814e-05
-1.50345e-05
-1.42164e-05
-1.34265e-05
-1.26647e-05
-1.19305e-05
-1.12235e-05
-1.05433e-05
-9.88954e-06
-9.2618e-06
-8.65964e-06
-8.08264e-06
-7.53034e-06
-7.00229e-06
-6.49799e-06
-6.01695e-06
-5.55863e-06
-5.1225e-06
-4.70801e-06
-4.31458e-06
-3.94166e-06
-3.58862e-06
-3.25494e-06
-2.9399e-06
-2.64301e-06
-2.36351e-06
-2.10089e-06
-1.85437e-06
-1.62346e-06
-1.40738e-06
-1.20557e-06
-1.01738e-06
-8.42028e-07
-6.79027e-07
-5.27538e-07
-3.8708e-07
-2.56947e-07
-1.36502e-07
-2.52208e-08
7.76653e-08
1.72636e-07
2.60427e-07
3.41593e-07
4.16741e-07
4.86645e-07
5.51605e-07
6.12794e-07
6.70289e-07
7.25104e-07
7.79009e-07
8.27666e-07
8.89263e-07
9.13663e-07
1.04449e-06
9.0686e-07
1.44445e-06
4.36119e-07
2.80011e-06
-1.57165e-06
6.49945e-06
-6.12266e-06
1.19282e-05
-8.93883e-06
1.00591e-05
2.24905e-06
-7.75731e-06
2.2937e-05
-1.79615e-05
-1.78258e-05
-1.69277e-05
-1.60582e-05
-1.52169e-05
-1.44035e-05
-1.36177e-05
-1.28591e-05
-1.21274e-05
-1.14222e-05
-1.07432e-05
-1.00899e-05
-9.46199e-06
-8.85908e-06
-8.28075e-06
-7.72658e-06
-7.19614e-06
-6.689e-06
-6.20467e-06
-5.74268e-06
-5.3025e-06
-4.88364e-06
-4.48556e-06
-4.10771e-06
-3.74956e-06
-3.41049e-06
-3.09002e-06
-2.78745e-06
-2.50232e-06
-2.23388e-06
-1.98166e-06
-1.74489e-06
-1.52312e-06
-1.31559e-06
-1.12176e-06
-9.41006e-07
-7.72582e-07
-6.16028e-07
-4.70517e-07
-3.35607e-07
-2.10608e-07
-9.49116e-08
1.19797e-08
1.10821e-07
2.0205e-07
2.86399e-07
3.6438e-07
4.36589e-07
5.03777e-07
5.66205e-07
6.25057e-07
6.80339e-07
7.33107e-07
7.8501e-07
8.31895e-07
8.91386e-07
9.14826e-07
1.0418e-06
9.07587e-07
1.43168e-06
4.46359e-07
2.7607e-06
-1.52902e-06
6.41008e-06
-6.03837e-06
1.18174e-05
-8.89199e-06
1.00484e-05
2.16004e-06
-7.63608e-06
2.27765e-05
-1.77258e-05
-1.70452e-05
-1.61846e-05
-1.53513e-05
-1.45451e-05
-1.37656e-05
-1.30125e-05
-1.22855e-05
-1.15843e-05
-1.09084e-05
-1.02577e-05
-9.63159e-06
-9.02985e-06
-8.45206e-06
-7.89782e-06
-7.36674e-06
-6.85841e-06
-6.3724e-06
-5.90825e-06
-5.46551e-06
-5.04367e-06
-4.64226e-06
-4.26077e-06
-3.89866e-06
-3.55543e-06
-3.23049e-06
-2.92337e-06
-2.63341e-06
-2.36015e-06
-2.10289e-06
-1.86118e-06
-1.63427e-06
-1.42172e-06
-1.22283e-06
-1.03706e-06
-8.63833e-07
-7.02405e-07
-5.52365e-07
-4.12894e-07
-2.83591e-07
-1.63781e-07
-5.28837e-08
4.95715e-08
1.44324e-07
2.31772e-07
3.12643e-07
3.87405e-07
4.56644e-07
5.21084e-07
5.80954e-07
6.37442e-07
6.90486e-07
7.41182e-07
7.9106e-07
8.3615e-07
8.935e-07
9.15991e-07
1.03898e-06
9.08397e-07
1.41842e-06
4.57195e-07
2.71969e-06
-1.48436e-06
6.31719e-06
-5.95092e-06
1.17034e-05
-8.8454e-06
1.00392e-05
2.0676e-06
-7.51749e-06
2.26221e-05
-1.75064e-05
-1.62563e-05
-1.54336e-05
-1.4637e-05
-1.38663e-05
-1.3121e-05
-1.2401e-05
-1.1706e-05
-1.10355e-05
-1.03894e-05
-9.7672e-06
-9.16864e-06
-8.59333e-06
-8.04092e-06
-7.51103e-06
-7.00328e-06
-6.51727e-06
-6.05261e-06
-5.60885e-06
-5.18556e-06
-4.78225e-06
-4.39847e-06
-4.03373e-06
-3.68752e-06
-3.35937e-06
-3.04869e-06
-2.75506e-06
-2.47782e-06
-2.21657e-06
-1.9706e-06
-1.73949e-06
-1.52254e-06
-1.31931e-06
-1.12915e-06
-9.51514e-07
-7.85888e-07
-6.31527e-07
-4.88064e-07
-3.54696e-07
-2.31054e-07
-1.16486e-07
-1.04358e-08
8.75388e-08
1.78161e-07
2.6179e-07
3.39147e-07
4.10657e-07
4.76897e-07
5.38561e-07
5.95847e-07
6.49943e-07
7.00726e-07
7.49325e-07
7.97155e-07
8.40431e-07
8.95602e-07
9.17154e-07
1.03604e-06
9.0928e-07
1.40469e-06
4.68586e-07
2.67716e-06
-1.43787e-06
6.22112e-06
-5.86091e-06
1.15871e-05
-8.80028e-06
1.00326e-05
1.9713e-06
-7.40265e-06
2.2476e-05
-1.73082e-05
-1.54594e-05
-1.4675e-05
-1.39155e-05
-1.31807e-05
-1.24701e-05
-1.17836e-05
-1.11208e-05
-1.04815e-05
-9.86531e-06
-9.27201e-06
-8.70122e-06
-8.15262e-06
-7.62584e-06
-7.12054e-06
-6.63635e-06
-6.17289e-06
-5.72979e-06
-5.30662e-06
-4.90295e-06
-4.51835e-06
-4.15237e-06
-3.80454e-06
-3.47439e-06
-3.16145e-06
-2.86517e-06
-2.58515e-06
-2.32076e-06
-2.07162e-06
-1.83705e-06
-1.61666e-06
-1.40975e-06
-1.21593e-06
-1.03458e-06
-8.65162e-07
-7.07207e-07
-5.59978e-07
-4.23155e-07
-2.95946e-07
-1.7802e-07
-6.8743e-08
3.24131e-08
1.25865e-07
2.12317e-07
2.9209e-07
3.65901e-07
4.34127e-07
4.97338e-07
5.56198e-07
6.10875e-07
6.62554e-07
7.11054e-07
7.57533e-07
8.03292e-07
8.44733e-07
8.97696e-07
9.18301e-07
1.03301e-06
9.10148e-07
1.39069e-06
4.80079e-07
2.63404e-06
-1.39127e-06
6.12483e-06
-5.77289e-06
1.14746e-05
-8.76327e-06
1.00336e-05
1.8703e-06
-7.29703e-06
2.23485e-05
-1.71444e-05
-1.46714e-05
-1.3925e-05
-1.32023e-05
-1.25029e-05
-1.18266e-05
-1.11731e-05
-1.05423e-05
-9.93379e-06
-9.34731e-06
-8.78257e-06
-8.23926e-06
-7.71705e-06
-7.21562e-06
-6.73463e-06
-6.27372e-06
-5.83256e-06
-5.41076e-06
-5.00794e-06
-4.62368e-06
-4.25757e-06
-3.90917e-06
-3.57806e-06
-3.26377e-06
-2.96586e-06
-2.68382e-06
-2.41725e-06
-2.16556e-06
-1.92839e-06
-1.70508e-06
-1.49527e-06
-1.2983e-06
-1.11378e-06
-9.41133e-07
-7.7983e-07
-6.29454e-07
-4.89274e-07
-3.59012e-07
-2.37891e-07
-1.25613e-07
-2.15647e-08
7.47552e-08
1.63737e-07
2.46068e-07
3.22031e-07
3.92336e-07
4.57317e-07
5.17535e-07
5.73622e-07
6.25719e-07
6.75009e-07
7.21251e-07
7.6563e-07
8.0934e-07
8.48963e-07
8.99738e-07
9.19404e-07
1.02997e-06
9.10956e-07
1.37679e-06
4.91266e-07
2.5916e-06
-1.34629e-06
6.03173e-06
-5.69099e-06
1.13714e-05
-8.73885e-06
1.00452e-05
1.7662e-06
-7.20614e-06
2.22485e-05
-1.70253e-05
-1.38856e-05
-1.31771e-05
-1.2491e-05
-1.1827e-05
-1.11849e-05
-1.05645e-05
-9.96554e-06
-9.38774e-06
-8.83086e-06
-8.29461e-06
-7.7787e-06
-7.28282e-06
-6.80667e-06
-6.34991e-06
-5.91223e-06
-5.49329e-06
-5.09274e-06
-4.71019e-06
-4.34529e-06
-3.9976e-06
-3.66675e-06
-3.3523e-06
-3.05382e-06
-2.7709e-06
-2.50304e-06
-2.24988e-06
-2.01085e-06
-1.78561e-06
-1.57353e-06
-1.37427e-06
-1.1872e-06
-1.01195e-06
-8.47977e-07
-6.94766e-07
-5.51946e-07
-4.18792e-07
-2.95069e-07
-1.80017e-07
-7.33682e-08
2.54663e-08
1.16965e-07
2.01491e-07
2.79713e-07
3.51879e-07
4.18688e-07
4.80433e-07
5.37667e-07
5.90988e-07
6.40515e-07
6.87417e-07
7.31409e-07
7.73692e-07
8.15353e-07
8.53173e-07
9.01717e-07
9.20561e-07
1.02667e-06
9.12237e-07
1.36168e-06
5.0475e-07
2.54458e-06
-1.29371e-06
5.92661e-06
-5.5936e-06
1.12505e-05
-8.7005e-06
1.00495e-05
1.65839e-06
-7.10709e-06
2.21367e-05
-1.69063e-05
-1.30775e-05
-1.2408e-05
-1.17596e-05
-1.11321e-05
-1.05252e-05
-9.93877e-06
-9.37258e-06
-8.82638e-06
-8.29994e-06
-7.79299e-06
-7.30525e-06
-6.83645e-06
-6.38628e-06
-5.95445e-06
-5.54065e-06
-5.14455e-06
-4.76584e-06
-4.40415e-06
-4.05913e-06
-3.73039e-06
-3.41756e-06
-3.12024e-06
-2.83802e-06
-2.5705e-06
-2.31723e-06
-2.07785e-06
-1.85184e-06
-1.63886e-06
-1.43832e-06
-1.2499e-06
-1.07301e-06
-9.07277e-07
-7.52224e-07
-6.07332e-07
-4.72276e-07
-3.46346e-07
-2.29342e-07
-1.20529e-07
-1.96666e-08
7.38087e-08
1.60352e-07
2.40298e-07
3.14296e-07
3.82558e-07
4.45774e-07
5.04191e-07
5.58357e-07
6.08835e-07
6.55718e-07
7.00165e-07
7.41841e-07
7.81967e-07
8.21517e-07
8.57488e-07
9.03706e-07
9.2177e-07
1.02311e-06
9.13814e-07
1.34538e-06
5.19954e-07
2.49342e-06
-1.23532e-06
5.81173e-06
-5.48573e-06
1.11184e-05
-8.65735e-06
1.00539e-05
1.54326e-06
-7.00586e-06
2.20253e-05
-1.68014e-05
-1.22469e-05
-1.16175e-05
-1.10079e-05
-1.04178e-05
-9.84715e-06
-9.29567e-06
-8.76319e-06
-8.24948e-06
-7.75433e-06
-7.2775e-06
-6.81874e-06
-6.37776e-06
-5.95431e-06
-5.54809e-06
-5.15882e-06
-4.78621e-06
-4.42994e-06
-4.08968e-06
-3.7651e-06
-3.45583e-06
-3.16152e-06
-2.8818e-06
-2.61628e-06
-2.3646e-06
-2.12631e-06
-1.90109e-06
-1.68844e-06
-1.48807e-06
-1.29939e-06
-1.12211e-06
-9.55667e-07
-7.99726e-07
-6.53836e-07
-5.17492e-07
-3.90414e-07
-2.71906e-07
-1.61807e-07
-5.94054e-08
3.55128e-08
1.23481e-07
2.04932e-07
2.80172e-07
3.4983e-07
4.1408e-07
4.73603e-07
5.28601e-07
5.79614e-07
6.27167e-07
6.71334e-07
7.13254e-07
7.52552e-07
7.90457e-07
8.27834e-07
8.61903e-07
9.05715e-07
9.22997e-07
1.01934e-06
9.15502e-07
1.32826e-06
5.36051e-07
2.43966e-06
-1.17385e-06
5.69139e-06
-5.37354e-06
1.09825e-05
-8.61718e-06
1.00637e-05
1.42032e-06
-6.90901e-06
2.19258e-05
-1.67244e-05
-1.13935e-05
-1.08053e-05
-1.02355e-05
-9.68401e-06
-9.15055e-06
-8.63499e-06
-8.13715e-06
-7.65684e-06
-7.19385e-06
-6.74797e-06
-6.31897e-06
-5.90659e-06
-5.51058e-06
-5.13068e-06
-4.76662e-06
-4.41813e-06
-4.08492e-06
-3.76667e-06
-3.46309e-06
-3.17381e-06
-2.89853e-06
-2.63689e-06
-2.38853e-06
-2.1531e-06
-1.9302e-06
-1.71953e-06
-1.52062e-06
-1.33318e-06
-1.15668e-06
-9.90843e-07
-8.35142e-07
-6.89255e-07
-5.52775e-07
-4.25212e-07
-3.06328e-07
-1.95444e-07
-9.24369e-08
3.37836e-09
9.21907e-08
1.74502e-07
2.50722e-07
3.21129e-07
3.86327e-07
4.46458e-07
5.02185e-07
5.53671e-07
6.01445e-07
6.45992e-07
6.87368e-07
7.26691e-07
7.63543e-07
7.99163e-07
8.34305e-07
8.66415e-07
9.07747e-07
9.24229e-07
1.01541e-06
9.1724e-07
1.31043e-06
5.52856e-07
2.38354e-06
-1.10962e-06
5.56578e-06
-5.25708e-06
1.08424e-05
-8.57941e-06
1.00784e-05
1.28969e-06
-6.81629e-06
2.18371e-05
-1.66749e-05
-1.0517e-05
-9.97116e-06
-9.44236e-06
-8.93042e-06
-8.43519e-06
-7.95653e-06
-7.49428e-06
-7.04826e-06
-6.61831e-06
-6.20423e-06
-5.80579e-06
-5.42278e-06
-5.05495e-06
-4.70208e-06
-4.36391e-06
-4.04019e-06
-3.73066e-06
-3.43502e-06
-3.15299e-06
-2.88425e-06
-2.62851e-06
-2.38543e-06
-2.15468e-06
-1.93595e-06
-1.72885e-06
-1.53312e-06
-1.3483e-06
-1.17415e-06
-1.01015e-06
-8.56064e-07
-7.11389e-07
-5.75824e-07
-4.49008e-07
-3.3046e-07
-2.1999e-07
-1.16936e-07
-2.12091e-08
6.78428e-08
1.50386e-07
2.26888e-07
2.97739e-07
3.63182e-07
4.23801e-07
4.797e-07
5.31531e-07
5.79409e-07
6.23856e-07
6.65316e-07
7.03826e-07
7.40478e-07
7.74819e-07
8.08087e-07
8.40932e-07
8.71024e-07
9.09804e-07
9.25452e-07
1.01131e-06
9.18983e-07
1.29193e-06
5.70267e-07
2.32511e-06
-1.04262e-06
5.43451e-06
-5.13541e-06
1.06964e-05
-8.54193e-06
1.00958e-05
1.1518e-06
-6.72641e-06
2.1756e-05
-1.66484e-05
-9.61715e-06
-9.11486e-06
-8.62812e-06
-8.15683e-06
-7.70086e-06
-7.26009e-06
-6.83438e-06
-6.42358e-06
-6.02755e-06
-5.6461e-06
-5.27905e-06
-4.92619e-06
-4.5873e-06
-4.26217e-06
-3.95057e-06
-3.65228e-06
-3.36705e-06
-3.09461e-06
-2.83471e-06
-2.58705e-06
-2.35136e-06
-2.12734e-06
-1.91467e-06
-1.71307e-06
-1.52219e-06
-1.34179e-06
-1.17144e-06
-1.01092e-06
-8.59763e-07
-7.17729e-07
-5.84371e-07
-4.59401e-07
-3.42503e-07
-2.33209e-07
-1.31373e-07
-3.6356e-08
5.1898e-08
1.34007e-07
2.10117e-07
2.80656e-07
3.45995e-07
4.06343e-07
4.62261e-07
5.13819e-07
5.61649e-07
6.05823e-07
6.46855e-07
6.85145e-07
7.20711e-07
7.5462e-07
7.86382e-07
8.17231e-07
8.47717e-07
8.75726e-07
9.1189e-07
9.26655e-07
1.00706e-06
9.20676e-07
1.27285e-06
5.88122e-07
2.26457e-06
-9.73027e-07
5.29752e-06
-5.0081e-06
1.05433e-05
-8.50321e-06
1.01145e-05
1.00714e-06
-6.63852e-06
2.16797e-05
-1.66406e-05
-8.69385e-06
-8.23622e-06
-7.79265e-06
-7.36308e-06
-6.9474e-06
-6.54551e-06
-6.1573e-06
-5.78265e-06
-5.42142e-06
-5.07347e-06
-4.73861e-06
-4.41669e-06
-4.10749e-06
-3.81083e-06
-3.5265e-06
-3.2543e-06
-2.994e-06
-2.74537e-06
-2.50817e-06
-2.28214e-06
-2.06702e-06
-1.86255e-06
-1.66843e-06
-1.48441e-06
-1.31017e-06
-1.14549e-06
-9.89988e-07
-8.43461e-07
-7.05468e-07
-5.75801e-07
-4.54053e-07
-3.39953e-07
-2.3323e-07
-1.33432e-07
-4.04549e-08
4.63158e-08
1.26904e-07
2.01889e-07
2.71398e-07
3.3582e-07
3.95503e-07
4.50625e-07
5.01719e-07
5.48822e-07
5.92545e-07
6.32919e-07
6.70446e-07
7.05482e-07
7.38027e-07
7.69118e-07
7.98233e-07
8.26594e-07
8.54659e-07
8.8052e-07
9.14004e-07
9.27824e-07
1.00269e-06
9.22262e-07
1.25327e-06
6.06239e-07
2.20213e-06
-9.01152e-07
5.15493e-06
-4.87497e-06
1.03822e-05
-8.46192e-06
1.0133e-05
8.56261e-07
-6.55193e-06
2.16056e-05
-1.66465e-05
-7.74692e-06
-7.3351e-06
-6.93581e-06
-6.54902e-06
-6.17467e-06
-5.81266e-06
-5.46292e-06
-5.12534e-06
-4.79981e-06
-4.4862e-06
-4.18437e-06
-3.89418e-06
-3.61543e-06
-3.34797e-06
-3.09161e-06
-2.84616e-06
-2.61144e-06
-2.38722e-06
-2.1733e-06
-1.96945e-06
-1.77543e-06
-1.591e-06
-1.4159e-06
-1.24991e-06
-1.09274e-06
-9.44183e-07
-8.03906e-07
-6.71723e-07
-5.47231e-07
-4.30248e-07
-3.20406e-07
-2.17454e-07
-1.21166e-07
-3.11067e-08
5.27858e-08
1.31098e-07
2.03825e-07
2.71504e-07
3.34244e-07
3.92392e-07
4.46275e-07
4.96037e-07
5.42183e-07
5.84716e-07
6.24228e-07
6.60704e-07
6.94635e-07
7.26332e-07
7.55778e-07
7.83976e-07
8.10374e-07
8.36179e-07
8.61759e-07
8.85403e-07
9.16149e-07
9.28944e-07
9.98213e-07
9.23681e-07
1.23329e-06
6.24425e-07
2.13804e-06
-8.27323e-07
5.00691e-06
-4.73586e-06
1.02123e-05
-8.41669e-06
1.01495e-05
6.99792e-07
-6.46588e-06
2.15309e-05
-1.66603e-05
-6.77626e-06
-6.41139e-06
-6.05749e-06
-5.71457e-06
-5.38257e-06
-5.06144e-06
-4.75113e-06
-4.45154e-06
-4.16261e-06
-3.88421e-06
-3.61624e-06
-3.35857e-06
-3.11104e-06
-2.87351e-06
-2.64581e-06
-2.4278e-06
-2.21929e-06
-2.02009e-06
-1.83004e-06
-1.64892e-06
-1.47652e-06
-1.31264e-06
-1.15705e-06
-1.00954e-06
-8.69853e-07
-7.3783e-07
-6.13158e-07
-4.95678e-07
-3.85026e-07
-2.81042e-07
-1.83405e-07
-9.18806e-08
-6.28989e-09
7.37854e-08
1.48366e-07
2.18007e-07
2.82675e-07
3.42864e-07
3.98666e-07
4.50382e-07
4.98319e-07
5.42587e-07
5.83659e-07
6.21508e-07
6.56701e-07
6.89181e-07
7.19424e-07
7.47697e-07
7.73966e-07
7.99194e-07
8.22807e-07
8.45984e-07
8.69017e-07
8.90372e-07
9.18325e-07
9.30002e-07
9.9364e-07
9.24877e-07
1.21299e-06
6.42485e-07
2.07257e-06
-7.51908e-07
4.85367e-06
-4.5907e-06
1.00326e-05
-8.36607e-06
1.01624e-05
5.38514e-07
-6.37964e-06
2.14524e-05
-1.66755e-05
-5.78183e-06
-5.46505e-06
-5.15764e-06
-4.85965e-06
-4.57104e-06
-4.29179e-06
-4.02187e-06
-3.76121e-06
-3.50976e-06
-3.26744e-06
-3.03416e-06
-2.80981e-06
-2.59426e-06
-2.38739e-06
-2.18907e-06
-1.99915e-06
-1.8175e-06
-1.64394e-06
-1.47834e-06
-1.32051e-06
-1.17027e-06
-1.02745e-06
-8.91831e-07
-7.63253e-07
-6.41492e-07
-5.26405e-07
-4.1772e-07
-3.15303e-07
-2.1883e-07
-1.28165e-07
-4.30326e-08
3.67821e-08
1.11413e-07
1.81258e-07
2.46297e-07
3.07053e-07
3.63465e-07
4.15979e-07
4.64672e-07
5.09797e-07
5.51641e-07
5.9028e-07
6.26153e-07
6.59203e-07
6.89969e-07
7.18354e-07
7.44818e-07
7.69581e-07
7.92592e-07
8.14774e-07
8.35531e-07
8.56009e-07
8.76431e-07
8.95423e-07
9.20531e-07
9.30986e-07
9.88989e-07
9.25793e-07
1.19247e-06
6.60221e-07
2.00598e-06
-6.75312e-07
4.69549e-06
-4.43949e-06
9.84244e-06
-8.30861e-06
1.01696e-05
3.73348e-07
-6.29254e-06
2.13667e-05
-1.66854e-05
-4.76366e-06
-4.49609e-06
-4.23627e-06
-3.98426e-06
-3.74008e-06
-3.5037e-06
-3.27512e-06
-3.05432e-06
-2.84125e-06
-2.63587e-06
-2.43811e-06
-2.24787e-06
-2.06507e-06
-1.8896e-06
-1.72135e-06
-1.56021e-06
-1.40605e-06
-1.25875e-06
-1.11819e-06
-9.84202e-07
-8.56658e-07
-7.3539e-07
-6.20233e-07
-5.11043e-07
-4.07635e-07
-3.09892e-07
-2.17577e-07
-1.30585e-07
-4.86311e-08
2.8394e-08
1.00721e-07
1.68544e-07
2.31951e-07
2.91318e-07
3.46588e-07
3.98243e-07
4.46201e-07
4.90854e-07
5.32266e-07
5.70642e-07
6.06247e-07
6.3912e-07
6.69668e-07
6.97802e-07
7.24033e-07
7.48225e-07
7.70816e-07
7.91984e-07
8.11657e-07
8.30716e-07
8.48547e-07
8.66254e-07
8.84002e-07
9.00554e-07
9.22768e-07
9.31885e-07
9.84272e-07
9.26377e-07
1.1718e-06
6.7743e-07
1.93857e-06
-5.97979e-07
4.53272e-06
-4.28234e-06
9.641e-06
-8.2429e-06
1.01692e-05
2.05364e-07
-6.20401e-06
2.12704e-05
-1.66829e-05
-3.72183e-06
-3.50458e-06
-3.29344e-06
-3.08847e-06
-2.88972e-06
-2.6972e-06
-2.51092e-06
-2.33089e-06
-2.1571e-06
-1.98952e-06
-1.82809e-06
-1.67277e-06
-1.52348e-06
-1.38014e-06
-1.24266e-06
-1.11096e-06
-9.84945e-07
-8.64513e-07
-7.49571e-07
-6.39994e-07
-5.35671e-07
-4.36469e-07
-3.42251e-07
-2.52905e-07
-1.6828e-07
-8.82865e-08
-1.27272e-08
5.84799e-08
1.25573e-07
1.88638e-07
2.47858e-07
3.03407e-07
3.55326e-07
4.03969e-07
4.49239e-07
4.91579e-07
5.30883e-07
5.6749e-07
6.01451e-07
6.32918e-07
6.62135e-07
6.89107e-07
7.14204e-07
7.37307e-07
7.58895e-07
7.78794e-07
7.97419e-07
8.14905e-07
8.3116e-07
8.47019e-07
8.61853e-07
8.76716e-07
8.91726e-07
9.05762e-07
9.25033e-07
9.32686e-07
9.795e-07
9.26578e-07
1.15106e-06
6.93916e-07
1.87063e-06
-5.2039e-07
4.36582e-06
-4.11949e-06
9.42772e-06
-8.16758e-06
1.01591e-05
3.57848e-08
-6.11363e-06
2.11597e-05
-1.66613e-05
-2.6565e-06
-2.49068e-06
-2.32927e-06
-2.17238e-06
-2.02007e-06
-1.87238e-06
-1.72935e-06
-1.59101e-06
-1.45737e-06
-1.32843e-06
-1.20417e-06
-1.08455e-06
-9.69517e-07
-8.59031e-07
-7.53025e-07
-6.51435e-07
-5.54204e-07
-4.61252e-07
-3.72516e-07
-2.87904e-07
-2.07332e-07
-1.30698e-07
-5.78982e-08
1.11505e-08
7.65624e-08
1.384e-07
1.96821e-07
2.51881e-07
3.03774e-07
3.52559e-07
3.98372e-07
4.41365e-07
4.81534e-07
5.19206e-07
5.54247e-07
5.87057e-07
6.17509e-07
6.45884e-07
6.72222e-07
6.96623e-07
7.19305e-07
7.4024e-07
7.59759e-07
7.77715e-07
7.94552e-07
8.10059e-07
8.24625e-07
8.38344e-07
8.511e-07
8.63681e-07
8.75448e-07
8.87395e-07
8.99602e-07
9.11043e-07
9.27325e-07
9.33381e-07
9.74683e-07
9.2635e-07
1.13035e-06
7.09484e-07
1.80247e-06
-4.43054e-07
4.19529e-06
-3.95131e-06
9.20218e-06
-8.08142e-06
1.01373e-05
-1.34027e-07
-6.02119e-06
2.10311e-05
-1.66136e-05
-1.56793e-06
-1.45461e-06
-1.34398e-06
-1.23618e-06
-1.13129e-06
-1.0294e-06
-9.30547e-07
-8.34797e-07
-7.42182e-07
-6.52725e-07
-5.66427e-07
-4.83286e-07
-4.03271e-07
-3.26359e-07
-2.52515e-07
-1.817e-07
-1.13884e-07
-4.9018e-08
1.2932e-08
7.20262e-08
1.28321e-07
1.81886e-07
2.32792e-07
2.81092e-07
3.26864e-07
3.70142e-07
4.11044e-07
4.49598e-07
4.85952e-07
5.20139e-07
5.52247e-07
5.82404e-07
6.1056e-07
6.37017e-07
6.61601e-07
6.84668e-07
7.0607e-07
7.26028e-07
7.44572e-07
7.61749e-07
7.7775e-07
7.92513e-07
8.0633e-07
8.19023e-07
8.31001e-07
8.42018e-07
8.52431e-07
8.62298e-07
8.71473e-07
8.80701e-07
8.89329e-07
8.98287e-07
9.07627e-07
9.16395e-07
9.29642e-07
9.33961e-07
9.69826e-07
9.25653e-07
1.10972e-06
7.23948e-07
1.7344e-06
-3.66505e-07
4.02171e-06
-3.77831e-06
8.96413e-06
-7.98331e-06
1.01015e-05
-3.02576e-07
-5.92669e-06
2.08811e-05
-1.65335e-05
-4.56446e-07
-3.96659e-07
-3.3783e-07
-2.80116e-07
-2.23629e-07
-1.68462e-07
-1.14704e-07
-6.24279e-08
-1.16914e-08
3.74555e-08
8.4987e-08
1.30882e-07
1.75143e-07
2.17769e-07
2.58769e-07
2.98155e-07
3.35929e-07
3.72109e-07
4.06699e-07
4.39729e-07
4.71226e-07
5.01225e-07
5.29767e-07
5.56872e-07
5.8258e-07
6.06898e-07
6.29903e-07
6.51596e-07
6.72075e-07
6.91349e-07
7.09455e-07
7.26498e-07
7.42384e-07
7.57381e-07
7.71283e-07
7.84394e-07
7.9655e-07
8.0791e-07
8.1849e-07
8.28285e-07
8.3746e-07
8.45918e-07
8.53906e-07
8.61223e-07
8.68235e-07
8.74664e-07
8.80832e-07
8.86761e-07
8.92277e-07
8.98074e-07
9.03493e-07
9.09389e-07
9.15797e-07
9.21812e-07
9.31981e-07
9.34417e-07
9.64935e-07
9.24451e-07
1.08924e-06
7.37135e-07
1.6667e-06
-2.91295e-07
3.84575e-06
-3.60114e-06
8.71354e-06
-7.87235e-06
1.00498e-05
-4.68259e-07
-5.83041e-06
2.07061e-05
-1.64148e-05
6.77536e-07
6.82776e-07
6.88816e-07
6.95479e-07
7.02627e-07
7.10143e-07
7.17919e-07
7.25857e-07
7.33876e-07
7.41903e-07
7.49886e-07
7.5778e-07
7.65562e-07
7.73204e-07
7.80689e-07
7.88002e-07
7.95116e-07
8.02017e-07
8.08684e-07
8.1511e-07
8.21295e-07
8.2724e-07
8.32953e-07
8.38421e-07
8.43648e-07
8.48611e-07
8.53346e-07
8.57824e-07
8.62099e-07
8.66146e-07
8.69959e-07
8.73614e-07
8.76973e-07
8.80271e-07
8.83266e-07
8.86213e-07
8.88928e-07
8.91509e-07
8.93957e-07
8.96217e-07
8.98422e-07
9.00441e-07
9.02479e-07
9.04306e-07
9.06246e-07
9.07989e-07
9.09821e-07
9.11729e-07
9.13505e-07
9.15796e-07
9.17934e-07
9.20698e-07
9.24109e-07
9.27293e-07
9.34337e-07
9.34744e-07
9.60011e-07
9.22713e-07
1.06896e-06
7.48882e-07
1.59967e-06
-2.17984e-07
3.66811e-06
-3.4206e-06
8.45057e-06
-7.74787e-06
9.98032e-06
-6.29399e-07
-5.73293e-06
2.0503e-05
-1.62519e-05
1.8335e-06
1.78322e-06
1.73552e-06
1.6902e-06
1.6471e-06
1.60607e-06
1.567e-06
1.52976e-06
1.49424e-06
1.46036e-06
1.42803e-06
1.39718e-06
1.36778e-06
1.33975e-06
1.31306e-06
1.28767e-06
1.26352e-06
1.24056e-06
1.21875e-06
1.19804e-06
1.17841e-06
1.15982e-06
1.14225e-06
1.12565e-06
1.10998e-06
1.0952e-06
1.0813e-06
1.06822e-06
1.05596e-06
1.04448e-06
1.03371e-06
1.02371e-06
1.01429e-06
1.00565e-06
9.97516e-07
9.90092e-07
9.83175e-07
9.768e-07
9.70951e-07
9.65524e-07
9.60617e-07
9.56067e-07
9.52033e-07
9.48257e-07
9.45021e-07
9.41984e-07
9.39389e-07
9.37192e-07
9.35149e-07
9.33859e-07
9.32648e-07
9.32208e-07
9.32557e-07
9.32833e-07
9.36706e-07
9.34935e-07
9.55055e-07
9.20416e-07
1.04893e-06
7.59047e-07
1.53357e-06
-1.47128e-07
3.48958e-06
-3.23763e-06
8.17564e-06
-7.60949e-06
9.89123e-06
-7.84281e-07
-5.63514e-06
2.02689e-05
-1.60399e-05
3.01084e-06
2.90411e-06
2.80176e-06
2.70355e-06
2.60932e-06
2.51889e-06
2.43213e-06
2.3489e-06
2.26906e-06
2.1925e-06
2.11911e-06
2.04882e-06
1.98153e-06
1.91717e-06
1.85567e-06
1.79696e-06
1.74095e-06
1.68757e-06
1.63673e-06
1.58838e-06
1.54244e-06
1.49885e-06
1.45754e-06
1.41844e-06
1.38148e-06
1.34658e-06
1.31368e-06
1.2827e-06
1.25359e-06
1.22627e-06
1.20064e-06
1.17671e-06
1.15427e-06
1.13346e-06
1.11399e-06
1.09599e-06
1.07926e-06
1.06375e-06
1.04944e-06
1.03618e-06
1.02402e-06
1.01277e-06
1.00255e-06
9.93062e-07
9.84546e-07
9.76635e-07
9.69524e-07
9.6314e-07
9.57202e-07
9.52257e-07
9.47627e-07
9.43914e-07
9.41137e-07
9.38426e-07
9.39083e-07
9.34986e-07
9.50062e-07
9.17541e-07
1.02917e-06
7.67505e-07
1.46867e-06
-7.92731e-08
3.31095e-06
-3.05329e-06
7.88942e-06
-7.45713e-06
9.78103e-06
-9.31205e-07
-5.53827e-06
2.00011e-05
-1.57745e-05
4.20882e-06
4.04477e-06
3.88689e-06
3.73495e-06
3.58874e-06
3.4481e-06
3.31285e-06
3.18284e-06
3.05791e-06
2.93794e-06
2.82279e-06
2.71234e-06
2.60651e-06
2.50517e-06
2.40824e-06
2.31561e-06
2.22717e-06
2.14281e-06
2.06243e-06
1.98592e-06
1.91319e-06
1.84414e-06
1.77867e-06
1.71667e-06
1.65802e-06
1.60262e-06
1.55037e-06
1.50116e-06
1.45489e-06
1.41144e-06
1.37068e-06
1.33257e-06
1.29686e-06
1.26366e-06
1.23263e-06
1.20387e-06
1.17712e-06
1.15232e-06
1.1294e-06
1.10815e-06
1.08861e-06
1.07054e-06
1.05401e-06
1.0387e-06
1.0248e-06
1.01193e-06
1.00021e-06
9.89562e-07
9.79653e-07
9.70979e-07
9.62864e-07
9.55809e-07
9.4984e-07
9.4407e-07
9.41462e-07
9.34894e-07
9.45028e-07
9.14076e-07
1.00971e-06
7.74152e-07
1.40517e-06
-1.49403e-08
3.13304e-06
-2.86876e-06
7.59281e-06
-7.29104e-06
9.64848e-06
-1.06854e-06
-5.4439e-06
1.96978e-05
-1.54523e-05
5.42663e-06
5.20443e-06
4.9902e-06
4.78371e-06
4.58474e-06
4.39309e-06
4.20859e-06
4.03106e-06
3.86032e-06
3.69622e-06
3.53862e-06
3.38737e-06
3.24234e-06
3.10341e-06
2.97044e-06
2.84331e-06
2.72189e-06
2.60603e-06
2.4956e-06
2.39045e-06
2.29047e-06
2.19552e-06
2.10546e-06
2.02015e-06
1.93944e-06
1.86318e-06
1.79125e-06
1.72348e-06
1.65975e-06
1.5999e-06
1.54372e-06
1.49119e-06
1.44198e-06
1.39616e-06
1.35338e-06
1.31365e-06
1.27673e-06
1.24246e-06
1.21077e-06
1.1814e-06
1.15434e-06
1.12932e-06
1.10637e-06
1.08514e-06
1.06577e-06
1.04784e-06
1.03143e-06
1.01644e-06
1.00249e-06
9.90016e-07
9.78348e-07
9.67885e-07
9.58662e-07
9.49759e-07
9.43838e-07
9.34656e-07
9.39947e-07
9.10014e-07
9.90561e-07
7.78909e-07
1.34327e-06
4.53845e-08
2.95668e-06
-2.68531e-06
7.28694e-06
-7.11185e-06
9.49267e-06
-1.19477e-06
-5.35392e-06
1.93573e-05
-1.50705e-05
6.66329e-06
6.38217e-06
6.11084e-06
5.84905e-06
5.59656e-06
5.35318e-06
5.11871e-06
4.89295e-06
4.67571e-06
4.46683e-06
4.26612e-06
4.07342e-06
3.88859e-06
3.71147e-06
3.5419e-06
3.37973e-06
3.2248e-06
3.07693e-06
2.93595e-06
2.80171e-06
2.67403e-06
2.55276e-06
2.4377e-06
2.3287e-06
2.22556e-06
2.1281e-06
2.03616e-06
1.94953e-06
1.86804e-06
1.7915e-06
1.71967e-06
1.65247e-06
1.58953e-06
1.53089e-06
1.47615e-06
1.42528e-06
1.37801e-06
1.33412e-06
1.29351e-06
1.25588e-06
1.22117e-06
1.1891e-06
1.15962e-06
1.13236e-06
1.10742e-06
1.08435e-06
1.06317e-06
1.04376e-06
1.02569e-06
1.00935e-06
9.9407e-07
9.80135e-07
9.67593e-07
9.55486e-07
9.46204e-07
9.3427e-07
9.34811e-07
9.05357e-07
9.71723e-07
7.81719e-07
1.28312e-06
1.01261e-07
2.78266e-06
-2.50425e-06
6.97317e-06
-6.92051e-06
9.31307e-06
-1.30859e-06
-5.27053e-06
1.89788e-05
-1.46275e-05
7.91773e-06
7.57698e-06
7.24785e-06
6.93005e-06
6.62337e-06
6.32757e-06
6.04246e-06
5.76782e-06
5.50344e-06
5.24913e-06
5.00471e-06
4.76998e-06
4.54477e-06
4.3289e-06
4.12219e-06
3.92445e-06
3.7355e-06
3.55514e-06
3.38317e-06
3.21938e-06
3.06359e-06
2.91558e-06
2.77515e-06
2.64209e-06
2.51617e-06
2.39719e-06
2.28492e-06
2.17913e-06
2.07961e-06
1.98613e-06
1.8984e-06
1.81629e-06
1.73941e-06
1.66774e-06
1.60087e-06
1.53868e-06
1.48089e-06
1.42723e-06
1.37755e-06
1.33153e-06
1.28907e-06
1.24981e-06
1.2137e-06
1.18033e-06
1.14972e-06
1.12143e-06
1.09541e-06
1.0715e-06
1.04925e-06
1.02898e-06
1.01002e-06
9.92547e-07
9.76625e-07
9.61247e-07
9.48552e-07
9.33734e-07
9.2961e-07
9.00109e-07
9.53186e-07
7.8255e-07
1.22485e-06
1.52307e-07
2.61176e-06
-2.32696e-06
6.65302e-06
-6.71837e-06
9.10955e-06
-1.40892e-06
-5.19619e-06
1.8562e-05
-1.41227e-05
9.18872e-06
8.78772e-06
8.40014e-06
8.02571e-06
7.6642e-06
7.31537e-06
6.979e-06
6.65487e-06
6.34276e-06
6.04245e-06
5.75374e-06
5.47642e-06
5.21029e-06
4.95515e-06
4.7108e-06
4.47701e-06
4.25358e-06
4.04028e-06
3.83687e-06
3.64312e-06
3.45881e-06
3.2837e-06
3.11753e-06
2.96006e-06
2.81104e-06
2.67021e-06
2.53732e-06
2.41211e-06
2.2943e-06
2.18362e-06
2.07975e-06
1.98252e-06
1.8915e-06
1.80661e-06
1.72742e-06
1.65374e-06
1.58528e-06
1.5217e-06
1.46284e-06
1.40831e-06
1.35796e-06
1.31142e-06
1.26858e-06
1.22899e-06
1.19264e-06
1.15905e-06
1.1281e-06
1.09964e-06
1.07314e-06
1.04887e-06
1.02617e-06
1.00511e-06
9.85748e-07
9.67035e-07
9.50878e-07
9.33048e-07
9.24335e-07
8.9428e-07
9.34934e-07
7.81395e-07
1.16853e-06
1.98201e-07
2.44467e-06
-2.15477e-06
6.32817e-06
-6.50705e-06
8.88241e-06
-1.49497e-06
-5.13357e-06
1.81075e-05
-1.35566e-05
1.04749e-05
1.00131e-05
9.5665e-06
9.13488e-06
8.71798e-06
8.31556e-06
7.92738e-06
7.55321e-06
7.19283e-06
6.84599e-06
6.51247e-06
6.19206e-06
5.88452e-06
5.58963e-06
5.30717e-06
5.03688e-06
4.77853e-06
4.53186e-06
4.29662e-06
4.07253e-06
3.85933e-06
3.65676e-06
3.46451e-06
3.28232e-06
3.10988e-06
2.94693e-06
2.79315e-06
2.64824e-06
2.51189e-06
2.38379e-06
2.26357e-06
2.15101e-06
2.04566e-06
1.94737e-06
1.85569e-06
1.77038e-06
1.69109e-06
1.61747e-06
1.54928e-06
1.48612e-06
1.42779e-06
1.37387e-06
1.32421e-06
1.27832e-06
1.23614e-06
1.19717e-06
1.16124e-06
1.12815e-06
1.09734e-06
1.06902e-06
1.04252e-06
1.01781e-06
9.94951e-07
9.72841e-07
9.53173e-07
9.32212e-07
9.18974e-07
8.87885e-07
9.16942e-07
7.7827e-07
1.1142e-06
2.38696e-07
2.28205e-06
-1.989e-06
6.00039e-06
-6.28848e-06
8.63236e-06
-1.56632e-06
-5.08547e-06
1.76164e-05
-1.29304e-05
1.17747e-05
1.12516e-05
1.07456e-05
1.02563e-05
9.78351e-06
9.327e-06
8.88653e-06
8.46185e-06
8.05271e-06
7.65887e-06
7.28009e-06
6.91612e-06
6.56673e-06
6.23166e-06
5.91066e-06
5.60346e-06
5.3098e-06
5.02939e-06
4.76194e-06
4.50715e-06
4.26473e-06
4.03436e-06
3.81573e-06
3.60852e-06
3.4124e-06
3.22704e-06
3.05212e-06
2.88728e-06
2.73217e-06
2.58643e-06
2.44966e-06
2.32158e-06
2.20172e-06
2.08987e-06
1.98555e-06
1.88845e-06
1.79822e-06
1.71442e-06
1.6368e-06
1.5649e-06
1.49848e-06
1.43709e-06
1.38052e-06
1.32826e-06
1.28018e-06
1.23577e-06
1.19478e-06
1.157e-06
1.12183e-06
1.0894e-06
1.05905e-06
1.03064e-06
1.00422e-06
9.7866e-07
9.5543e-07
9.31226e-07
9.1352e-07
8.80943e-07
8.99179e-07
7.73212e-07
1.06187e-06
2.73618e-07
2.12441e-06
-1.83088e-06
5.6715e-06
-6.06482e-06
8.36053e-06
-1.62292e-06
-5.05476e-06
1.70906e-05
-1.22468e-05
1.30865e-05
1.25018e-05
1.19359e-05
1.13885e-05
1.08595e-05
1.03485e-05
9.85528e-06
9.37966e-06
8.92135e-06
8.4801e-06
8.05565e-06
7.64774e-06
7.2561e-06
6.88046e-06
6.52056e-06
6.17609e-06
5.84676e-06
5.53226e-06
5.23228e-06
4.94648e-06
4.67453e-06
4.41608e-06
4.17079e-06
3.93829e-06
3.71823e-06
3.51024e-06
3.31395e-06
3.12897e-06
2.95488e-06
2.79132e-06
2.63781e-06
2.49404e-06
2.35952e-06
2.23395e-06
2.11684e-06
2.00784e-06
1.90653e-06
1.81245e-06
1.72529e-06
1.64456e-06
1.56996e-06
1.50101e-06
1.43745e-06
1.37874e-06
1.32469e-06
1.27478e-06
1.22868e-06
1.18616e-06
1.14657e-06
1.10998e-06
1.07574e-06
1.04358e-06
1.01356e-06
9.84482e-07
9.57644e-07
9.30092e-07
9.07961e-07
8.73476e-07
8.81612e-07
7.66279e-07
1.01149e-06
3.02874e-07
1.97223e-06
-1.68155e-06
5.34331e-06
-5.83841e-06
8.06841e-06
-1.66509e-06
-5.04429e-06
1.65326e-05
-1.15091e-05
1.44085e-05
1.37618e-05
1.31357e-05
1.253e-05
1.19443e-05
1.13785e-05
1.08323e-05
1.03054e-05
9.7976e-06
9.3086e-06
8.83814e-06
8.38594e-06
7.95173e-06
7.5352e-06
7.13607e-06
6.75401e-06
6.38872e-06
6.03984e-06
5.70704e-06
5.38995e-06
5.0882e-06
4.80143e-06
4.52923e-06
4.27122e-06
4.027e-06
3.79617e-06
3.57831e-06
3.37298e-06
3.17975e-06
2.99818e-06
2.82778e-06
2.66818e-06
2.51884e-06
2.37943e-06
2.24942e-06
2.12839e-06
2.0159e-06
1.91144e-06
1.81464e-06
1.72499e-06
1.64213e-06
1.56555e-06
1.49494e-06
1.42972e-06
1.36964e-06
1.31417e-06
1.2629e-06
1.21559e-06
1.17154e-06
1.13075e-06
1.09256e-06
1.05661e-06
1.02293e-06
9.90299e-07
9.59807e-07
9.2881e-07
9.02291e-07
8.6551e-07
8.64205e-07
7.57547e-07
9.63019e-07
3.26444e-07
1.82582e-06
-1.54197e-06
5.0176e-06
-5.61166e-06
7.75785e-06
-1.69357e-06
-5.0568e-06
1.59454e-05
-1.07217e-05
1.57385e-05
1.50298e-05
1.43433e-05
1.3679e-05
1.30365e-05
1.24157e-05
1.18162e-05
1.12378e-05
1.06802e-05
1.01432e-05
9.62642e-06
9.12967e-06
8.65261e-06
8.19493e-06
7.75631e-06
7.33642e-06
6.9349e-06
6.5514e-06
6.18554e-06
5.83693e-06
5.50517e-06
5.18985e-06
4.89054e-06
4.60683e-06
4.33827e-06
4.08441e-06
3.84481e-06
3.61899e-06
3.40645e-06
3.20674e-06
3.0193e-06
2.84374e-06
2.67947e-06
2.52611e-06
2.38309e-06
2.24993e-06
2.12617e-06
2.01124e-06
1.90473e-06
1.80608e-06
1.7149e-06
1.63062e-06
1.55289e-06
1.48111e-06
1.41496e-06
1.35387e-06
1.2974e-06
1.24525e-06
1.19671e-06
1.15167e-06
1.10949e-06
1.06972e-06
1.03233e-06
9.961e-07
9.61913e-07
9.27384e-07
8.96503e-07
8.57073e-07
8.46921e-07
7.47107e-07
9.16355e-07
3.44386e-07
1.68541e-06
-1.41299e-06
4.69602e-06
-5.38702e-06
7.43094e-06
-1.7095e-06
-5.09485e-06
1.53326e-05
-9.88984e-06
1.70745e-05
1.63036e-05
1.55567e-05
1.48337e-05
1.41343e-05
1.34583e-05
1.28053e-05
1.21752e-05
1.15677e-05
1.09824e-05
1.04192e-05
9.87775e-06
9.35766e-06
8.85862e-06
8.38032e-06
7.92239e-06
7.48446e-06
7.06615e-06
6.66705e-06
6.28674e-06
5.92479e-06
5.58076e-06
5.25418e-06
4.94461e-06
4.65155e-06
4.37454e-06
4.11306e-06
3.86661e-06
3.63465e-06
3.41667e-06
3.2121e-06
3.02047e-06
2.84117e-06
2.67376e-06
2.51764e-06
2.37229e-06
2.23717e-06
2.1117e-06
1.99542e-06
1.88772e-06
1.78816e-06
1.69613e-06
1.61123e-06
1.53284e-06
1.46057e-06
1.39383e-06
1.33212e-06
1.2751e-06
1.22202e-06
1.17271e-06
1.12651e-06
1.08288e-06
1.04175e-06
1.00188e-06
9.63956e-07
9.25815e-07
8.90593e-07
8.48197e-07
8.29727e-07
7.35064e-07
8.71392e-07
3.56828e-07
1.55113e-06
-1.29524e-06
4.3801e-06
-5.16692e-06
7.08998e-06
-1.71436e-06
-5.1607e-06
1.46982e-05
-9.01942e-06
1.84139e-05
1.7581e-05
1.67738e-05
1.59921e-05
1.52357e-05
1.45044e-05
1.3798e-05
1.31161e-05
1.24585e-05
1.1825e-05
1.12153e-05
1.06289e-05
1.00656e-05
9.52514e-06
9.00702e-06
8.51093e-06
8.03646e-06
7.58321e-06
7.15074e-06
6.73861e-06
6.34635e-06
5.97349e-06
5.61953e-06
5.28399e-06
4.96633e-06
4.66605e-06
4.3826e-06
4.11542e-06
3.86395e-06
3.62762e-06
3.40583e-06
3.19806e-06
3.00366e-06
2.82214e-06
2.65286e-06
2.49524e-06
2.34872e-06
2.21267e-06
2.08656e-06
1.96976e-06
1.86177e-06
1.76196e-06
1.66986e-06
1.58482e-06
1.5064e-06
1.43399e-06
1.36701e-06
1.30508e-06
1.24745e-06
1.19383e-06
1.14359e-06
1.09607e-06
1.05117e-06
1.00762e-06
9.65931e-07
9.24108e-07
8.84557e-07
8.38912e-07
8.12591e-07
7.21531e-07
8.28009e-07
3.63961e-07
1.42299e-06
-1.18918e-06
4.07117e-06
-4.95362e-06
6.73742e-06
-1.70994e-06
-5.25627e-06
1.40464e-05
-8.11695e-06
1.97543e-05
1.88595e-05
1.79921e-05
1.71519e-05
1.63386e-05
1.55522e-05
1.47923e-05
1.40587e-05
1.33511e-05
1.26693e-05
1.2013e-05
1.13817e-05
1.07753e-05
1.01932e-05
9.63526e-06
9.10095e-06
8.58988e-06
8.10163e-06
7.63573e-06
7.19171e-06
6.76908e-06
6.36733e-06
5.98592e-06
5.62434e-06
5.28203e-06
4.95842e-06
4.65294e-06
4.36498e-06
4.09394e-06
3.83921e-06
3.60015e-06
3.37619e-06
3.16665e-06
2.97098e-06
2.7885e-06
2.61858e-06
2.46062e-06
2.31394e-06
2.17798e-06
2.05205e-06
1.93561e-06
1.82799e-06
1.72867e-06
1.63697e-06
1.55237e-06
1.47426e-06
1.402e-06
1.33515e-06
1.27294e-06
1.215e-06
1.16069e-06
1.10927e-06
1.06057e-06
1.01331e-06
9.67833e-07
9.22267e-07
8.78397e-07
8.29255e-07
7.95487e-07
7.06631e-07
7.86073e-07
3.66033e-07
1.30091e-06
-1.09507e-06
3.77039e-06
-4.74923e-06
6.37574e-06
-1.69829e-06
-5.38305e-06
1.33816e-05
-7.18939e-06
2.10929e-05
2.01365e-05
1.92092e-05
1.83107e-05
1.74408e-05
1.65994e-05
1.57863e-05
1.50011e-05
1.42436e-05
1.35136e-05
1.28107e-05
1.21347e-05
1.14851e-05
1.08616e-05
1.02638e-05
9.69125e-06
9.14361e-06
8.62036e-06
8.12104e-06
7.64513e-06
7.19213e-06
6.76148e-06
6.35262e-06
5.96499e-06
5.59801e-06
5.25106e-06
4.92353e-06
4.61477e-06
4.32415e-06
4.05101e-06
3.79466e-06
3.5545e-06
3.32981e-06
3.11997e-06
2.92428e-06
2.74206e-06
2.57265e-06
2.41533e-06
2.2695e-06
2.13444e-06
2.00954e-06
1.8941e-06
1.78754e-06
1.68917e-06
1.59839e-06
1.51457e-06
1.43702e-06
1.36524e-06
1.29845e-06
1.23618e-06
1.17778e-06
1.12245e-06
1.06993e-06
1.01895e-06
9.69656e-07
9.20297e-07
8.72116e-07
8.19263e-07
7.78397e-07
6.90495e-07
7.45455e-07
3.6334e-07
1.18473e-06
-1.01296e-06
3.47867e-06
-4.5556e-06
6.00743e-06
-1.68166e-06
-5.54207e-06
1.27081e-05
-6.244e-06
2.24266e-05
2.14092e-05
2.04223e-05
1.9466e-05
1.85398e-05
1.76438e-05
1.67776e-05
1.59411e-05
1.5134e-05
1.4356e-05
1.36068e-05
1.28861e-05
1.21935e-05
1.15287e-05
1.08912e-05
1.02806e-05
9.69643e-06
9.13828e-06
8.60561e-06
8.0979e-06
7.61457e-06
7.15508e-06
6.71882e-06
6.3052e-06
5.91358e-06
5.54333e-06
5.19378e-06
4.86427e-06
4.55409e-06
4.26256e-06
3.98896e-06
3.73262e-06
3.49279e-06
3.26881e-06
3.05992e-06
2.8654e-06
2.68455e-06
2.51662e-06
2.36093e-06
2.21674e-06
2.08339e-06
1.96013e-06
1.84635e-06
1.74131e-06
1.64436e-06
1.55484e-06
1.47199e-06
1.39529e-06
1.32392e-06
1.25732e-06
1.19483e-06
1.13558e-06
1.07924e-06
1.02452e-06
9.71398e-07
9.18205e-07
8.65721e-07
8.08973e-07
7.61309e-07
6.73256e-07
7.06028e-07
3.56217e-07
1.07423e-06
-9.42751e-07
3.19673e-06
-4.37432e-06
5.63489e-06
-1.66238e-06
-5.7338e-06
1.20303e-05
-5.28821e-06
2.37523e-05
2.26744e-05
2.16287e-05
2.06149e-05
1.9633e-05
1.86828e-05
1.77641e-05
1.68766e-05
1.60202e-05
1.51945e-05
1.43993e-05
1.36342e-05
1.28989e-05
1.21929e-05
1.15159e-05
1.08675e-05
1.0247e-05
9.65417e-06
9.08831e-06
8.54892e-06
8.03542e-06
7.54722e-06
7.08367e-06
6.64415e-06
6.228e-06
5.83454e-06
5.46306e-06
5.11287e-06
4.78321e-06
4.47337e-06
4.18258e-06
3.91012e-06
3.65521e-06
3.41713e-06
3.19509e-06
2.98832e-06
2.79608e-06
2.61756e-06
2.45205e-06
2.29876e-06
2.15698e-06
2.02594e-06
1.90496e-06
1.79327e-06
1.69017e-06
1.59496e-06
1.50684e-06
1.42523e-06
1.34928e-06
1.27837e-06
1.21179e-06
1.14863e-06
1.08846e-06
1.03001e-06
9.73053e-07
9.15999e-07
8.59221e-07
7.98428e-07
7.44219e-07
6.55051e-07
6.67676e-07
3.45031e-07
9.69153e-07
-8.8414e-07
2.92507e-06
-4.20663e-06
5.26042e-06
-1.64286e-06
-5.95821e-06
1.13522e-05
-4.32947e-06
2.50665e-05
2.3929e-05
2.28251e-05
2.17546e-05
2.07176e-05
1.97138e-05
1.8743e-05
1.78051e-05
1.68999e-05
1.6027e-05
1.51862e-05
1.43771e-05
1.35994e-05
1.28527e-05
1.21365e-05
1.14505e-05
1.0794e-05
1.01667e-05
9.56789e-06
8.99706e-06
8.4536e-06
7.93687e-06
7.44623e-06
6.98099e-06
6.54047e-06
6.12394e-06
5.73069e-06
5.35994e-06
5.01093e-06
4.68289e-06
4.37502e-06
4.08655e-06
3.81665e-06
3.56457e-06
3.32945e-06
3.11051e-06
2.90693e-06
2.71789e-06
2.54262e-06
2.38028e-06
2.23014e-06
2.09136e-06
1.96322e-06
1.84492e-06
1.73571e-06
1.63483e-06
1.54148e-06
1.45497e-06
1.37448e-06
1.29927e-06
1.22863e-06
1.16157e-06
1.09759e-06
1.0354e-06
9.7462e-07
9.13687e-07
8.52629e-07
7.8767e-07
7.27135e-07
6.3602e-07
6.303e-07
3.30172e-07
8.69193e-07
-8.36684e-07
2.664e-06
-4.05347e-06
4.88612e-06
-1.62541e-06
-6.21469e-06
1.06775e-05
-3.3751e-06
2.63656e-05
2.51694e-05
2.40082e-05
2.28819e-05
2.17905e-05
2.07338e-05
1.97117e-05
1.87241e-05
1.77706e-05
1.68511e-05
1.59652e-05
1.51127e-05
1.42931e-05
1.35061e-05
1.27512e-05
1.2028e-05
1.13359e-05
1.06744e-05
1.0043e-05
9.44106e-06
8.86793e-06
8.32297e-06
7.80548e-06
7.31478e-06
6.85011e-06
6.41075e-06
5.99591e-06
5.6048e-06
5.23662e-06
4.89055e-06
4.56575e-06
4.26141e-06
3.97667e-06
3.7107e-06
3.46263e-06
3.23162e-06
3.01681e-06
2.81734e-06
2.63239e-06
2.46109e-06
2.30264e-06
2.1562e-06
2.02096e-06
1.89611e-06
1.78083e-06
1.67435e-06
1.5758e-06
1.48445e-06
1.39944e-06
1.31997e-06
1.24529e-06
1.17436e-06
1.1066e-06
1.04068e-06
9.76097e-07
9.11282e-07
8.45963e-07
7.76746e-07
7.10075e-07
6.16307e-07
5.93821e-07
3.12045e-07
7.74048e-07
-7.99804e-07
2.41366e-06
-3.91542e-06
4.51392e-06
-1.61225e-06
-6.50207e-06
1.00095e-05
-2.43214e-06
2.76458e-05
2.63919e-05
2.51744e-05
2.39933e-05
2.28484e-05
2.17398e-05
2.06673e-05
1.96307e-05
1.86298e-05
1.76644e-05
1.67341e-05
1.58388e-05
1.49779e-05
1.41512e-05
1.33581e-05
1.25982e-05
1.1871e-05
1.11758e-05
1.05123e-05
9.87959e-06
9.27718e-06
8.70434e-06
8.16036e-06
7.6445e-06
7.156e-06
6.69408e-06
6.25793e-06
5.84672e-06
5.4596e-06
5.09573e-06
4.75421e-06
4.43419e-06
4.13478e-06
3.85509e-06
3.59423e-06
3.35128e-06
3.12538e-06
2.91561e-06
2.72109e-06
2.54094e-06
2.37429e-06
2.22026e-06
2.07801e-06
1.94669e-06
1.82542e-06
1.71339e-06
1.6097e-06
1.51357e-06
1.42408e-06
1.34041e-06
1.26173e-06
1.18697e-06
1.11545e-06
1.04585e-06
9.7748e-07
9.08793e-07
8.39243e-07
7.65706e-07
6.93065e-07
5.96055e-07
5.58183e-07
2.91069e-07
6.83419e-07
-7.72806e-07
2.17405e-06
-3.79271e-06
4.14556e-06
-1.60536e-06
-6.81867e-06
9.35107e-06
-1.50727e-06
2.89028e-05
2.75926e-05
2.63201e-05
2.50853e-05
2.38881e-05
2.27286e-05
2.16066e-05
2.0522e-05
1.94746e-05
1.84641e-05
1.74904e-05
1.6553e-05
1.56516e-05
1.47858e-05
1.39552e-05
1.31593e-05
1.23975e-05
1.16693e-05
1.09741e-05
1.03112e-05
9.68001e-06
9.07975e-06
8.5097e-06
7.9691e-06
7.45714e-06
6.97303e-06
6.5159e-06
6.08491e-06
5.67915e-06
5.29774e-06
4.93977e-06
4.60432e-06
4.29046e-06
3.99727e-06
3.7238e-06
3.46911e-06
3.23229e-06
3.01236e-06
2.80844e-06
2.61956e-06
2.44483e-06
2.28334e-06
2.13419e-06
1.99648e-06
1.86932e-06
1.75183e-06
1.64308e-06
1.54223e-06
1.44834e-06
1.36052e-06
1.2779e-06
1.19936e-06
1.12413e-06
1.05087e-06
9.7877e-07
9.06237e-07
8.32495e-07
7.54603e-07
6.76145e-07
5.75411e-07
5.23355e-07
2.67667e-07
5.97028e-07
-7.54901e-07
1.94508e-06
-3.68526e-06
3.78257e-06
-1.60645e-06
-7.16231e-06
8.70453e-06
-6.06605e-07
3.01324e-05
2.87673e-05
2.74412e-05
2.6154e-05
2.49058e-05
2.36967e-05
2.25264e-05
2.13949e-05
2.0302e-05
1.92476e-05
1.82312e-05
1.72527e-05
1.63117e-05
1.54078e-05
1.45405e-05
1.37093e-05
1.29137e-05
1.21531e-05
1.14269e-05
1.07344e-05
1.0075e-05
9.44786e-06
8.85227e-06
8.28741e-06
7.75247e-06
7.24659e-06
6.76891e-06
6.31851e-06
5.89448e-06
5.49589e-06
5.12177e-06
4.77119e-06
4.44316e-06
4.13672e-06
3.85089e-06
3.58469e-06
3.33714e-06
3.10727e-06
2.8941e-06
2.69667e-06
2.51402e-06
2.34521e-06
2.18929e-06
2.04533e-06
1.91238e-06
1.78953e-06
1.67582e-06
1.57033e-06
1.47213e-06
1.38023e-06
1.29373e-06
1.21149e-06
1.13261e-06
1.05575e-06
9.79965e-07
9.03627e-07
8.25746e-07
7.43493e-07
6.59366e-07
5.54527e-07
4.89336e-07
2.42264e-07
5.14633e-07
-7.45226e-07
1.72658e-06
-3.5927e-06
3.42629e-06
-1.61692e-06
-7.53036e-06
8.07183e-06
2.64434e-07
3.13299e-05
2.99116e-05
2.85334e-05
2.71955e-05
2.58978e-05
2.46403e-05
2.34231e-05
2.22461e-05
2.1109e-05
2.00117e-05
1.8954e-05
1.79355e-05
1.69558e-05
1.60147e-05
1.51116e-05
1.4246e-05
1.34175e-05
1.26253e-05
1.18689e-05
1.11475e-05
1.04606e-05
9.80725e-06
9.18673e-06
8.5982e-06
8.04083e-06
7.51372e-06
7.01597e-06
6.54663e-06
6.10476e-06
5.68939e-06
5.29951e-06
4.93415e-06
4.59228e-06
4.27291e-06
3.97501e-06
3.69756e-06
3.43955e-06
3.19995e-06
2.97777e-06
2.77198e-06
2.5816e-06
2.40564e-06
2.24311e-06
2.09303e-06
1.95443e-06
1.82634e-06
1.70778e-06
1.59777e-06
1.49534e-06
1.39947e-06
1.30918e-06
1.2233e-06
1.14085e-06
1.06047e-06
9.81065e-07
9.00982e-07
8.19029e-07
7.32439e-07
6.42789e-07
5.33557e-07
4.56154e-07
2.15291e-07
4.3604e-07
-7.42861e-07
1.51836e-06
-3.51434e-06
3.07796e-06
-1.63773e-06
-7.91978e-06
7.45447e-06
1.10134e-06
3.24905e-05
3.10209e-05
2.95925e-05
2.82054e-05
2.68599e-05
2.55558e-05
2.42932e-05
2.3072e-05
2.18921e-05
2.07534e-05
1.96555e-05
1.85982e-05
1.75812e-05
1.6604e-05
1.56662e-05
1.47673e-05
1.39068e-05
1.30839e-05
1.22982e-05
1.15489e-05
1.08352e-05
1.01564e-05
9.51169e-06
8.90018e-06
8.32102e-06
7.77328e-06
7.25604e-06
6.76831e-06
6.30911e-06
5.87743e-06
5.47224e-06
5.09252e-06
4.73721e-06
4.40527e-06
4.09563e-06
3.80725e-06
3.53907e-06
3.29003e-06
3.05907e-06
2.84517e-06
2.64728e-06
2.46436e-06
2.29541e-06
2.13939e-06
1.9953e-06
1.86212e-06
1.73884e-06
1.62444e-06
1.5179e-06
1.41815e-06
1.32417e-06
1.23476e-06
1.14883e-06
1.06501e-06
9.82073e-07
8.98322e-07
8.12382e-07
7.21506e-07
6.26486e-07
5.12661e-07
4.23868e-07
1.87177e-07
3.6111e-07
-7.46839e-07
1.32022e-06
-3.44929e-06
2.73866e-06
-1.66946e-06
-8.32718e-06
6.85366e-06
1.90046e-06
3.36091e-05
3.20902e-05
3.06136e-05
2.91794e-05
2.77878e-05
2.64389e-05
2.51326e-05
2.3869e-05
2.26479e-05
2.14692e-05
2.03327e-05
1.92381e-05
1.8185e-05
1.71731e-05
1.62018e-05
1.52708e-05
1.43793e-05
1.3527e-05
1.27129e-05
1.19366e-05
1.11971e-05
1.04937e-05
9.82565e-06
9.19195e-06
8.59175e-06
8.0241e-06
7.48802e-06
6.98253e-06
6.50658e-06
6.05915e-06
5.63916e-06
5.24556e-06
4.87726e-06
4.53317e-06
4.2122e-06
3.91326e-06
3.63525e-06
3.37707e-06
3.13765e-06
2.91591e-06
2.71075e-06
2.52112e-06
2.34596e-06
2.1842e-06
2.0348e-06
1.8967e-06
1.76885e-06
1.6502e-06
1.53969e-06
1.4362e-06
1.33865e-06
1.24581e-06
1.15652e-06
1.06935e-06
9.82989e-07
8.95667e-07
8.05846e-07
7.10764e-07
6.10542e-07
4.92004e-07
3.92563e-07
1.5835e-07
2.89768e-07
-7.56164e-07
1.13203e-06
-3.3964e-06
2.40947e-06
-1.7122e-06
-8.74888e-06
6.27036e-06
2.65874e-06
3.46804e-05
3.31145e-05
3.15918e-05
3.01127e-05
2.86771e-05
2.72853e-05
2.59373e-05
2.46331e-05
2.33726e-05
2.21557e-05
2.09822e-05
1.98518e-05
1.87642e-05
1.7719e-05
1.67157e-05
1.57538e-05
1.48328e-05
1.39521e-05
1.3111e-05
1.23087e-05
1.15445e-05
1.08175e-05
1.0127e-05
9.47205e-06
8.85166e-06
8.26489e-06
7.71075e-06
7.1882e-06
6.69618e-06
6.23362e-06
5.79943e-06
5.39251e-06
5.01174e-06
4.65599e-06
4.32413e-06
4.01505e-06
3.7276e-06
3.46066e-06
3.21311e-06
2.98383e-06
2.7717e-06
2.57562e-06
2.3945e-06
2.22722e-06
2.07272e-06
1.9299e-06
1.79767e-06
1.67494e-06
1.5606e-06
1.45351e-06
1.35254e-06
1.2564e-06
1.16387e-06
1.07348e-06
9.83816e-07
8.93041e-07
7.99466e-07
7.00291e-07
5.95049e-07
4.71758e-07
3.62358e-07
1.29243e-07
2.22006e-07
-7.69819e-07
9.53699e-07
-3.35434e-06
2.09143e-06
-1.76557e-06
-9.18092e-06
5.70541e-06
3.37368e-06
3.56988e-05
3.40884e-05
3.25221e-05
3.10003e-05
2.9523e-05
2.80906e-05
2.6703e-05
2.53603e-05
2.40624e-05
2.28092e-05
2.16006e-05
2.04362e-05
1.93157e-05
1.82388e-05
1.72051e-05
1.62139e-05
1.52648e-05
1.43571e-05
1.34901e-05
1.26632e-05
1.18754e-05
1.1126e-05
1.04142e-05
9.73893e-06
9.09931e-06
8.49434e-06
7.92299e-06
7.38419e-06
6.87686e-06
6.39989e-06
5.95217e-06
5.53255e-06
5.13989e-06
4.77303e-06
4.43081e-06
4.11206e-06
3.81562e-06
3.54033e-06
3.28503e-06
3.04857e-06
2.8298e-06
2.62758e-06
2.44077e-06
2.26824e-06
2.10887e-06
1.96155e-06
1.82514e-06
1.69851e-06
1.58054e-06
1.47001e-06
1.36577e-06
1.26647e-06
1.17085e-06
1.07738e-06
9.84556e-07
8.9047e-07
7.93292e-07
6.90165e-07
5.80115e-07
4.52102e-07
3.33394e-07
1.00288e-07
1.57885e-07
-7.86774e-07
7.85246e-07
-3.32164e-06
1.78569e-06
-1.82871e-06
-9.61913e-06
5.15972e-06
4.04323e-06
3.66583e-05
3.50062e-05
3.3399e-05
3.1837e-05
3.03207e-05
2.885e-05
2.74251e-05
2.60462e-05
2.47131e-05
2.34258e-05
2.2184e-05
2.09876e-05
1.98362e-05
1.87295e-05
1.7667e-05
1.66482e-05
1.56726e-05
1.47394e-05
1.38481e-05
1.29979e-05
1.21879e-05
1.14174e-05
1.06854e-05
9.99097e-06
9.33321e-06
8.71105e-06
8.12345e-06
7.5693e-06
7.04751e-06
6.55694e-06
6.09643e-06
5.66483e-06
5.26095e-06
4.88359e-06
4.53158e-06
4.2037e-06
3.89877e-06
3.6156e-06
3.35298e-06
3.10973e-06
2.88468e-06
2.67666e-06
2.48448e-06
2.30698e-06
2.14303e-06
1.99144e-06
1.85108e-06
1.72078e-06
1.59936e-06
1.48559e-06
1.37825e-06
1.27598e-06
1.17743e-06
1.08103e-06
9.85212e-07
8.87982e-07
7.87375e-07
6.80473e-07
5.65852e-07
4.33221e-07
3.05844e-07
7.19219e-08
9.75333e-08
-8.05994e-07
6.26805e-07
-3.29669e-06
1.49351e-06
-1.90029e-06
-1.00591e-05
4.63442e-06
4.66574e-06
3.75531e-05
3.58621e-05
3.42168e-05
3.26176e-05
3.10648e-05
2.95586e-05
2.80991e-05
2.66864e-05
2.53205e-05
2.40013e-05
2.27287e-05
2.15025e-05
2.03223e-05
1.91877e-05
1.80984e-05
1.70539e-05
1.60535e-05
1.50966e-05
1.41825e-05
1.33106e-05
1.24798e-05
1.16895e-05
1.09387e-05
1.02265e-05
9.55177e-06
8.91356e-06
8.31077e-06
7.74229e-06
7.20699e-06
6.70371e-06
6.23126e-06
5.78846e-06
5.37408e-06
4.98692e-06
4.62576e-06
4.28936e-06
3.97649e-06
3.68594e-06
3.41648e-06
3.1669e-06
2.93599e-06
2.72253e-06
2.52534e-06
2.3432e-06
2.17495e-06
2.01939e-06
1.87534e-06
1.74159e-06
1.61695e-06
1.50015e-06
1.38991e-06
1.28485e-06
1.18356e-06
1.08442e-06
9.85791e-07
8.85605e-07
7.81772e-07
6.71306e-07
5.52383e-07
4.15308e-07
2.79902e-07
4.45832e-08
4.11511e-08
-8.26445e-07
4.78648e-07
-3.27781e-06
1.21638e-06
-1.9785e-06
-1.04961e-05
4.13105e-06
5.23975e-06
3.83766e-05
3.66501e-05
3.49699e-05
3.33365e-05
3.17502e-05
3.02113e-05
2.87199e-05
2.72762e-05
2.58802e-05
2.45317e-05
2.32308e-05
2.19771e-05
2.07703e-05
1.96101e-05
1.84962e-05
1.74279e-05
1.64047e-05
1.54259e-05
1.44909e-05
1.35989e-05
1.27491e-05
1.19406e-05
1.11724e-05
1.04437e-05
9.75335e-06
9.10034e-06
8.48355e-06
7.90186e-06
7.35409e-06
6.83908e-06
6.35563e-06
5.9025e-06
5.47845e-06
5.08225e-06
4.71264e-06
4.36837e-06
4.04819e-06
3.75084e-06
3.47507e-06
3.21964e-06
2.98332e-06
2.76486e-06
2.56304e-06
2.37662e-06
2.2044e-06
2.04517e-06
1.89771e-06
1.7608e-06
1.63318e-06
1.51357e-06
1.40066e-06
1.29302e-06
1.1892e-06
1.08753e-06
9.86295e-07
8.8337e-07
7.76543e-07
6.62758e-07
5.3984e-07
3.98565e-07
2.55785e-07
1.87121e-08
-1.09978e-08
-8.47106e-07
3.412e-07
-3.26327e-06
9.56112e-07
-2.06111e-06
-1.09253e-05
3.65181e-06
5.76389e-06
3.91224e-05
3.73637e-05
3.5652e-05
3.39877e-05
3.23712e-05
3.08027e-05
2.92826e-05
2.78108e-05
2.63875e-05
2.50126e-05
2.36859e-05
2.24073e-05
2.11765e-05
1.99932e-05
1.88569e-05
1.77671e-05
1.67232e-05
1.57246e-05
1.47706e-05
1.38605e-05
1.29933e-05
1.21683e-05
1.13844e-05
1.06408e-05
9.93624e-06
9.2698e-06
8.64032e-06
8.04663e-06
7.48757e-06
6.96193e-06
6.46848e-06
6.00598e-06
5.57315e-06
5.16875e-06
4.79149e-06
4.44008e-06
4.11326e-06
3.80973e-06
3.52824e-06
3.26751e-06
3.02628e-06
2.80327e-06
2.59725e-06
2.40695e-06
2.23113e-06
2.06857e-06
1.91802e-06
1.77822e-06
1.64791e-06
1.52575e-06
1.41041e-06
1.30043e-06
1.1943e-06
1.09034e-06
9.86731e-07
8.81308e-07
7.71749e-07
6.54927e-07
5.2836e-07
3.83196e-07
2.33729e-07
-5.24941e-09
-5.85886e-08
-8.6698e-07
2.15061e-07
-3.25138e-06
7.14911e-07
-2.14544e-06
-1.13414e-05
3.19977e-06
6.23672e-06
3.97836e-05
3.79965e-05
3.62569e-05
3.45653e-05
3.2922e-05
3.13275e-05
2.97818e-05
2.82852e-05
2.68377e-05
2.54393e-05
2.40899e-05
2.27893e-05
2.15372e-05
2.03332e-05
1.91771e-05
1.80682e-05
1.7006e-05
1.59899e-05
1.5019e-05
1.40928e-05
1.32102e-05
1.23705e-05
1.15727e-05
1.08158e-05
1.00987e-05
9.42031e-06
8.77955e-06
8.17522e-06
7.60612e-06
7.07104e-06
6.56873e-06
6.09789e-06
5.65728e-06
5.24559e-06
4.86152e-06
4.50378e-06
4.17105e-06
3.86204e-06
3.57546e-06
3.31003e-06
3.06444e-06
2.8374e-06
2.62764e-06
2.43389e-06
2.25488e-06
2.08936e-06
1.93606e-06
1.7937e-06
1.66099e-06
1.53657e-06
1.41907e-06
1.30701e-06
1.19883e-06
1.09282e-06
9.871e-07
8.79451e-07
7.67453e-07
6.47915e-07
5.18085e-07
3.69411e-07
2.13986e-07
-2.68624e-08
-1.01241e-07
-8.85112e-07
1.0101e-07
-3.2405e-06
4.95321e-07
-2.2283e-06
-1.17382e-05
2.77884e-06
6.6562e-06
4.03533e-05
3.85418e-05
3.67782e-05
3.50631e-05
3.33968e-05
3.17798e-05
3.02121e-05
2.86942e-05
2.72259e-05
2.58073e-05
2.44382e-05
2.31186e-05
2.18482e-05
2.06265e-05
1.94533e-05
1.8328e-05
1.725e-05
1.62186e-05
1.52333e-05
1.42931e-05
1.33973e-05
1.2545e-05
1.17351e-05
1.09668e-05
1.02388e-05
9.55017e-06
8.89969e-06
8.28618e-06
7.70842e-06
7.1652e-06
6.65523e-06
6.17722e-06
5.72988e-06
5.3119e-06
4.92196e-06
4.55874e-06
4.22092e-06
3.90718e-06
3.61622e-06
3.34672e-06
3.09737e-06
2.86685e-06
2.65387e-06
2.45714e-06
2.27538e-06
2.10731e-06
1.95164e-06
1.80706e-06
1.67228e-06
1.54591e-06
1.42654e-06
1.31268e-06
1.20274e-06
1.09495e-06
9.87409e-07
8.77833e-07
7.63721e-07
6.41824e-07
5.09163e-07
3.57422e-07
1.96818e-07
-4.56952e-08
-1.38523e-07
-9.00611e-07
3.3043e-11
-3.22916e-06
3.00418e-07
-2.30695e-06
-1.21084e-05
2.39479e-06
7.01914e-06
4.08241e-05
3.89925e-05
3.72091e-05
3.54746e-05
3.37894e-05
3.21538e-05
3.0568e-05
2.90324e-05
2.75469e-05
2.61116e-05
2.47264e-05
2.33911e-05
2.21055e-05
2.08692e-05
1.96818e-05
1.85429e-05
1.74518e-05
1.6408e-05
1.54106e-05
1.4459e-05
1.35522e-05
1.26894e-05
1.18696e-05
1.10917e-05
1.03548e-05
9.65766e-06
8.99913e-06
8.37802e-06
7.79311e-06
7.24314e-06
6.72683e-06
6.24288e-06
5.78997e-06
5.36679e-06
4.97199e-06
4.60424e-06
4.2622e-06
3.94455e-06
3.64996e-06
3.37709e-06
3.12463e-06
2.89123e-06
2.67559e-06
2.4764e-06
2.29235e-06
2.12217e-06
1.96453e-06
1.81813e-06
1.68163e-06
1.55364e-06
1.43273e-06
1.31738e-06
1.20597e-06
1.09672e-06
9.87662e-07
8.76487e-07
7.6062e-07
6.36762e-07
5.01748e-07
3.47449e-07
1.82503e-07
-6.13278e-08
-1.69935e-07
-9.12743e-07
-8.64773e-08
-3.21669e-06
1.35999e-07
-2.3811e-06
-1.24473e-05
2.06059e-06
7.32593e-06
4.11888e-05
3.93416e-05
3.75429e-05
3.57934e-05
3.40935e-05
3.24435e-05
3.08438e-05
2.92945e-05
2.77957e-05
2.63475e-05
2.49497e-05
2.36023e-05
2.23049e-05
2.10573e-05
1.9859e-05
1.87095e-05
1.76083e-05
1.65547e-05
1.55481e-05
1.45875e-05
1.36722e-05
1.28013e-05
1.19738e-05
1.11886e-05
1.04447e-05
9.741e-06
9.07623e-06
8.44923e-06
7.85876e-06
7.30357e-06
6.78235e-06
6.29379e-06
5.83656e-06
5.40934e-06
5.01078e-06
4.63952e-06
4.29421e-06
3.97352e-06
3.67611e-06
3.40064e-06
3.14576e-06
2.91014e-06
2.69243e-06
2.49132e-06
2.30551e-06
2.13368e-06
1.97453e-06
1.82671e-06
1.68888e-06
1.55964e-06
1.43753e-06
1.32102e-06
1.20848e-06
1.09808e-06
9.87854e-07
8.7544e-07
7.5821e-07
6.3283e-07
4.95984e-07
3.39713e-07
1.71331e-07
-7.33699e-08
-1.94902e-07
-9.21027e-07
-1.56577e-07
-3.20425e-06
1.2686e-08
-2.4481e-06
-1.27617e-05
1.79548e-06
7.58848e-06
4.14398e-05
3.95818e-05
3.77727e-05
3.60129e-05
3.43028e-05
3.2643e-05
3.10336e-05
2.94749e-05
2.7967e-05
2.65098e-05
2.51035e-05
2.37477e-05
2.24422e-05
2.11868e-05
1.99809e-05
1.88242e-05
1.7716e-05
1.66558e-05
1.56427e-05
1.4676e-05
1.37549e-05
1.28784e-05
1.20455e-05
1.12553e-05
1.05066e-05
9.79837e-06
9.1293e-06
8.49824e-06
7.90396e-06
7.34517e-06
6.82056e-06
6.32883e-06
5.86863e-06
5.43862e-06
5.03747e-06
4.66378e-06
4.31623e-06
3.99345e-06
3.69411e-06
3.41684e-06
3.1603e-06
2.92314e-06
2.704e-06
2.50159e-06
2.31455e-06
2.1416e-06
1.9814e-06
1.8326e-06
1.69385e-06
1.56375e-06
1.44081e-06
1.32351e-06
1.21019e-06
1.09901e-06
9.87974e-07
8.74706e-07
7.56538e-07
6.30115e-07
4.91997e-07
3.34402e-07
1.63558e-07
-8.14089e-08
-2.13099e-07
-9.2417e-07
-2.11298e-07
-3.1865e-06
-7.21002e-08
-2.48448e-06
-1.30344e-05
1.57284e-06
7.78374e-06
4.15692e-05
3.97057e-05
3.78912e-05
3.6126e-05
3.44108e-05
3.27458e-05
3.11315e-05
2.95679e-05
2.80553e-05
2.65936e-05
2.51827e-05
2.38226e-05
2.2513e-05
2.12535e-05
2.00438e-05
1.88833e-05
1.77716e-05
1.67078e-05
1.56915e-05
1.47216e-05
1.37975e-05
1.29181e-05
1.20825e-05
1.12897e-05
1.05385e-05
9.82793e-06
9.15664e-06
8.52349e-06
7.92724e-06
7.36659e-06
6.84024e-06
6.34687e-06
5.88514e-06
5.45371e-06
5.05121e-06
4.67628e-06
4.32756e-06
4.00372e-06
3.70337e-06
3.42518e-06
3.16779e-06
2.92983e-06
2.70996e-06
2.50686e-06
2.3192e-06
2.14567e-06
1.98493e-06
1.83562e-06
1.69641e-06
1.56586e-06
1.4425e-06
1.32479e-06
1.21107e-06
1.09948e-06
9.88027e-07
8.74319e-07
7.55668e-07
6.28707e-07
4.89919e-07
3.31693e-07
1.59363e-07
-8.48633e-08
-2.2498e-07
-9.18122e-07
-2.61675e-07
-3.13172e-06
-2.06458e-07
-2.4559e-06
-1.29642e-05
1.14541e-06
7.70524e-06
)
;

boundaryField
{
    down
    {
        type            symmetryPlane;
    }
    right
    {
        type            fixedValue;
        value           uniform 0;
    }
    up
    {
        type            symmetryPlane;
    }
    left
    {
        type            zeroGradient;
    }
    cylinder
    {
        type            zeroGradient;
    }
    frontAndBack
    {
        type            empty;
    }
    procBoundary11to6
    {
        type            processor;
        value           uniform -3.03626e-05;
    }
    procBoundary11to7
    {
        type            processor;
        value           nonuniform List<scalar> 
72
(
-2.94865e-05
-2.80399e-05
-2.66381e-05
-2.52806e-05
-2.3967e-05
-2.26968e-05
-2.14696e-05
-2.02851e-05
-1.91428e-05
-1.80422e-05
-1.69827e-05
-1.59638e-05
-1.49851e-05
-1.40458e-05
-1.31455e-05
-1.22834e-05
-1.1459e-05
-1.06714e-05
-9.91995e-06
-9.20394e-06
-8.52238e-06
-7.8745e-06
-7.25951e-06
-6.67652e-06
-6.12453e-06
-5.60281e-06
-5.11035e-06
-4.64609e-06
-4.2092e-06
-3.79852e-06
-3.41321e-06
-2.97424e-06
-2.97424e-06
-2.64309e-06
-2.33388e-06
-2.04537e-06
-1.77674e-06
-1.5269e-06
-1.29494e-06
-1.07982e-06
-8.80627e-07
-6.96336e-07
-5.26047e-07
-3.68772e-07
-2.23459e-07
-8.93786e-08
3.45819e-08
1.49346e-07
2.5558e-07
3.54723e-07
4.47057e-07
5.34334e-07
6.16308e-07
6.96931e-07
7.69205e-07
8.57899e-07
8.96867e-07
1.0727e-06
9.02576e-07
1.58716e-06
3.3648e-07
3.23477e-06
-2.02165e-06
7.49393e-06
-7.07217e-06
1.32373e-05
-9.59685e-06
1.02844e-05
3.2736e-06
-9.62532e-06
2.5582e-05
-2.19619e-05
)
;
    }
    procBoundary11to10
    {
        type            processor;
        value           nonuniform List<scalar> 
74
(
-2.97329e-05
-2.9089e-05
-2.84312e-05
-2.77598e-05
-2.7075e-05
-2.63772e-05
-2.56666e-05
-2.49435e-05
-2.42084e-05
-2.34615e-05
-2.27032e-05
-2.19338e-05
-2.11537e-05
-2.03632e-05
-1.95628e-05
-1.87527e-05
-1.79334e-05
-1.71053e-05
-1.62688e-05
-1.54416e-05
-1.46166e-05
-1.37682e-05
-1.28961e-05
-1.20001e-05
-1.10797e-05
-1.01349e-05
-9.16548e-06
-8.17121e-06
-7.15203e-06
-6.10791e-06
-5.03888e-06
-3.94505e-06
-2.82661e-06
-1.68382e-06
-5.17051e-07
6.73245e-07
1.88652e-06
3.1221e-06
4.37923e-06
5.65701e-06
6.95443e-06
8.27032e-06
9.60338e-06
1.09522e-05
1.23151e-05
1.36903e-05
1.50759e-05
1.64698e-05
1.78696e-05
1.92727e-05
2.06766e-05
2.20783e-05
2.34747e-05
2.48623e-05
2.62376e-05
2.75969e-05
2.8936e-05
3.02506e-05
3.15362e-05
3.27881e-05
3.40011e-05
3.517e-05
3.62892e-05
3.73529e-05
3.8355e-05
3.92893e-05
4.01491e-05
4.09276e-05
4.16177e-05
4.22121e-05
4.27035e-05
4.30839e-05
4.33458e-05
4.34808e-05
)
;
    }
}


// ************************************************************************* //
