/*--------------------------------*- C++ -*----------------------------------*\
| =========                 |                                                 |
| \\      /  F ield         | OpenFOAM: The Open Source CFD Toolbox           |
|  \\    /   O peration     | Version:  2412                                  |
|   \\  /    A nd           | Website:  www.openfoam.com                      |
|    \\/     M anipulation  |                                                 |
\*---------------------------------------------------------------------------*/
FoamFile
{
    version     2.0;
    format      ascii;
    arch        "LSB;label=32;scalar=64";
    class       volScalarField;
    location    "25";
    object      p;
}
// * * * * * * * * * * * * * * * * * * * * * * * * * * * * * * * * * * * * * //

dimensions      [0 2 -2 0 0 0 0];

internalField   nonuniform List<scalar> 
5285
(
0.00102417
0.00102469
0.00102492
0.00102482
0.00102438
0.00102355
0.00102229
0.00102058
0.00101837
0.00101561
0.00101226
0.00100826
0.00100357
0.000998127
0.00099187
0.000984736
0.00100894
0.00100899
0.00100872
0.00100813
0.00100717
0.00100582
0.00100404
0.00100179
0.000999037
0.000995731
0.00099183
0.000987285
0.000982046
0.00097606
0.000969268
0.000961612
0.000993965
0.000993552
0.000992826
0.00099176
0.000990324
0.000988484
0.000986208
0.00098346
0.0009802
0.000976388
0.000971981
0.000966932
0.000961194
0.000954716
0.000947443
0.000939321
0.00097924
0.000978398
0.000977235
0.000975723
0.000973835
0.000971538
0.000968801
0.000965587
0.000961861
0.000957582
0.00095271
0.000947202
0.00094101
0.000934088
0.000926385
0.000917848
0.00096478
0.000963532
0.000961956
0.000960026
0.000957714
0.000954991
0.000951823
0.000948178
0.000944021
0.000939313
0.000934016
0.000928089
0.000921487
0.000914166
0.000906079
0.000897177
0.000950594
0.000948962
0.000946998
0.000944676
0.000941968
0.000938846
0.000935279
0.000931236
0.000926681
0.00092158
0.000915896
0.000909588
0.000902617
0.000894941
0.000886514
0.000877291
0.000936687
0.000934694
0.000932366
0.000929677
0.0009266
0.000923107
0.000919171
0.000914759
0.00090984
0.00090438
0.000898344
0.000891693
0.000884392
0.000876398
0.000867673
0.000858172
0.000923067
0.000920735
0.000918065
0.000915032
0.000911612
0.000907776
0.000903498
0.000898748
0.000893496
0.000887708
0.000881353
0.000874395
0.000866798
0.000858526
0.000849539
0.000839799
0.000909736
0.000907087
0.000904097
0.000900745
0.000897005
0.000892852
0.00088826
0.0008832
0.000877643
0.000871559
0.000864916
0.000857683
0.000849825
0.000841308
0.000832095
0.000822151
0.000896699
0.000893752
0.000890465
0.000886815
0.00088278
0.000878334
0.000873452
0.000868109
0.000862275
0.000855924
0.000849024
0.000841546
0.000833458
0.000824728
0.000815322
0.000805208
0.000883957
0.000880732
0.000877168
0.000873243
0.000868934
0.000864219
0.000859073
0.000853471
0.000847387
0.000840795
0.000833666
0.000825971
0.000817682
0.000808769
0.000799201
0.000788946
0.000871511
0.000868028
0.000864206
0.000860026
0.000855466
0.000850503
0.000845116
0.00083928
0.000832971
0.000826163
0.00081883
0.000810946
0.000802484
0.000793415
0.000783711
0.000773344
0.000859363
0.000855638
0.000851579
0.000847163
0.000842371
0.000837183
0.000831576
0.000825529
0.000819017
0.000812017
0.000804506
0.000796457
0.000787846
0.000778646
0.000768833
0.000758379
0.00084751
0.000843563
0.000839282
0.00083465
0.000829647
0.000824253
0.000818447
0.000812209
0.000805517
0.000798348
0.00079068
0.000782489
0.000773753
0.000764447
0.000754547
0.000744029
0.000835952
0.000831798
0.000827315
0.000822484
0.000817288
0.000811707
0.000805722
0.000799314
0.000792461
0.000785144
0.00077734
0.000769029
0.000760188
0.000750797
0.000740832
0.000730272
0.000824688
0.000820343
0.000815673
0.000810661
0.000805288
0.000799538
0.000793393
0.000786832
0.000779839
0.000772392
0.000764473
0.000756061
0.000747136
0.000737679
0.000727668
0.000717085
0.000813714
0.000809193
0.000804352
0.000799174
0.000793642
0.00078774
0.000781451
0.000774757
0.00076764
0.000760082
0.000752065
0.00074357
0.00073458
0.000725074
0.000715036
0.000704446
0.000803027
0.000798346
0.000793348
0.00078802
0.000782344
0.000776306
0.000769889
0.000763077
0.000755853
0.000748201
0.000740103
0.000731543
0.000722503
0.000712966
0.000702916
0.000692335
0.000792624
0.000787795
0.000782656
0.000777191
0.000771386
0.000765227
0.000758698
0.000751783
0.000744468
0.000736737
0.000728574
0.000719963
0.000710889
0.000701335
0.000691288
0.000680731
0.000782502
0.000777538
0.00077227
0.000766682
0.000760762
0.000754496
0.000747868
0.000740866
0.000733474
0.000725678
0.000717464
0.000708816
0.000699722
0.000690166
0.000680134
0.000669614
0.000880508
0.000880658
0.000881131
0.000881862
0.000882837
0.000884046
0.000885478
0.000887119
0.00088896
0.000878463
0.000878609
0.000879065
0.00087977
0.00088071
0.000881876
0.000883255
0.000884837
0.00088661
0.000888564
0.00089069
0.000892979
0.00089542
0.000898006
0.000900727
0.000903572
0.000906535
0.000909605
0.000912775
0.000916036
0.000919381
0.000922803
0.000926295
0.000929851
0.000933462
0.000937123
0.000940826
0.000944564
0.000948328
0.000952109
0.000955899
0.000959689
0.000963469
0.000967229
0.000970959
0.000974649
0.000978289
0.000981869
0.000985377
0.000988804
0.000992139
0.000995372
0.000998491
0.00100149
0.00100435
0.00100707
0.00100963
0.00101203
0.00101425
0.00101629
0.00101814
0.00101978
0.00102121
0.00102242
0.0010234
0.000876383
0.000876523
0.000876962
0.000877641
0.000878546
0.000879668
0.000880995
0.000882516
0.00088422
0.000886098
0.000888139
0.000890335
0.000892675
0.000895152
0.000897755
0.000900476
0.000903305
0.000906233
0.000909252
0.000912354
0.000915532
0.000918778
0.000922086
0.000925447
0.000928857
0.000932307
0.00093579
0.000939299
0.000942824
0.000946358
0.000949892
0.000953416
0.00095692
0.000960395
0.000963831
0.000967217
0.000970544
0.0009738
0.000976977
0.000980062
0.000983047
0.00098592
0.000988672
0.000991292
0.00099377
0.000996096
0.000998261
0.00100025
0.00100207
0.00100369
0.00100511
0.00100632
0.00100732
0.00100809
0.00100864
0.000874267
0.000874402
0.000874824
0.000875477
0.000876347
0.000877425
0.000878699
0.000880159
0.000881794
0.000883594
0.00088555
0.000887652
0.000889891
0.000892259
0.000894744
0.000897339
0.000900034
0.00090282
0.000905689
0.000908632
0.000911642
0.000914713
0.000917836
0.000921005
0.000924213
0.000927453
0.000930718
0.000933999
0.000937289
0.000940578
0.000943857
0.000947118
0.00095035
0.000953544
0.000956689
0.000959776
0.000962795
0.000965735
0.000968585
0.000971337
0.000973979
0.000976502
0.000978895
0.000981149
0.000983254
0.0009852
0.000986979
0.000988579
0.000989993
0.000991212
0.000992227
0.00099303
0.000993613
0.000993969
0.00099409
0.000872118
0.000872247
0.000872652
0.000873278
0.000874113
0.000875147
0.000876368
0.000877766
0.000879332
0.000881054
0.000882924
0.000884933
0.00088707
0.000889328
0.000891696
0.000894165
0.000896725
0.000899369
0.000902087
0.000904872
0.000907715
0.00091061
0.00091355
0.000916527
0.000919535
0.000922567
0.000925615
0.00092867
0.000931726
0.000934772
0.000937801
0.000940801
0.000943765
0.000946682
0.000949542
0.000952335
0.000955051
0.00095768
0.000960212
0.000962636
0.000964944
0.000967125
0.00096917
0.000971068
0.000972811
0.00097439
0.000975794
0.000977016
0.000978047
0.000978878
0.000979502
0.000979911
0.000980098
0.000980056
0.000979778
0.000869937
0.00087006
0.000870448
0.000871047
0.000871846
0.000872835
0.000874004
0.00087534
0.000876836
0.000878481
0.000880265
0.000882179
0.000884215
0.000886362
0.000888612
0.000890955
0.000893382
0.000895883
0.000898451
0.000901078
0.000903755
0.000906475
0.000909232
0.000912019
0.000914828
0.000917652
0.000920485
0.000923317
0.000926141
0.000928947
0.000931728
0.000934472
0.000937172
0.000939816
0.000942395
0.000944899
0.000947319
0.000949644
0.000951864
0.00095397
0.000955952
0.0009578
0.000959506
0.000961059
0.000962452
0.000963674
0.000964718
0.000965575
0.000966237
0.000966697
0.000966946
0.000966978
0.000966787
0.000966365
0.000965708
0.000867724
0.000867842
0.000868213
0.000868786
0.000869548
0.000870493
0.000871608
0.000872883
0.000874308
0.000875875
0.000877573
0.000879393
0.000881327
0.000883364
0.000885496
0.000887713
0.000890006
0.000892366
0.000894784
0.000897252
0.000899764
0.00090231
0.000904886
0.000907483
0.000910094
0.000912713
0.000915333
0.000917944
0.000920539
0.000923109
0.000925645
0.000928137
0.000930576
0.000932952
0.000935256
0.000937477
0.000939606
0.000941634
0.00094355
0.000945345
0.00094701
0.000948535
0.000949912
0.000951131
0.000952184
0.000953063
0.000953759
0.000954265
0.000954574
0.000954677
0.000954568
0.000954241
0.000953689
0.000952908
0.000951891
0.000865482
0.000865595
0.000865948
0.000866494
0.000867221
0.00086812
0.000869182
0.000870395
0.00087175
0.000873238
0.00087485
0.000876576
0.000878408
0.000880336
0.00088235
0.000884441
0.000886601
0.000888819
0.000891088
0.000893399
0.000895745
0.000898119
0.000900514
0.000902923
0.000905339
0.000907755
0.000910164
0.000912556
0.000914925
0.000917262
0.000919557
0.000921801
0.000923984
0.000926097
0.000928131
0.000930075
0.000931921
0.000933658
0.000935277
0.00093677
0.000938126
0.000939338
0.000940396
0.000941292
0.000942018
0.000942566
0.000942928
0.000943097
0.000943066
0.000942828
0.000942377
0.000941707
0.000940814
0.00093969
0.000938334
0.000863212
0.000863319
0.000863655
0.000864174
0.000864865
0.000865719
0.000866727
0.000867878
0.000869164
0.000870573
0.000872099
0.000873731
0.000875461
0.000877279
0.000879175
0.000881142
0.000883168
0.000885245
0.000887366
0.000889521
0.000891703
0.000893906
0.000896122
0.000898344
0.000900567
0.000902781
0.000904982
0.000907159
0.000909305
0.000911412
0.00091347
0.000915469
0.000917402
0.000919258
0.000921027
0.000922701
0.000924269
0.000925723
0.000927054
0.000928252
0.000929309
0.000930217
0.000930967
0.000931551
0.000931961
0.00093219
0.000932231
0.000932076
0.00093172
0.000931157
0.00093038
0.000929385
0.000928166
0.00092672
0.000925042
0.000860915
0.000861016
0.000861335
0.000861827
0.000862482
0.000863292
0.000864246
0.000865335
0.00086655
0.000867882
0.000869321
0.000870859
0.000872487
0.000874196
0.000875975
0.000877817
0.000879711
0.000881648
0.000883621
0.000885621
0.00088764
0.000889673
0.000891712
0.00089375
0.00089578
0.000897797
0.000899791
0.000901756
0.000903683
0.000905563
0.000907388
0.000909149
0.000910835
0.000912439
0.00091395
0.000915359
0.000916657
0.000917836
0.000918886
0.000919798
0.000920566
0.000921179
0.000921631
0.000921914
0.00092202
0.000921943
0.000921675
0.000921211
0.000920545
0.000919671
0.000918584
0.00091728
0.000915753
0.000914001
0.00091202
0.000858592
0.000858688
0.000858989
0.000859455
0.000860073
0.000860838
0.000861739
0.000862766
0.000863911
0.000865165
0.000866518
0.000867963
0.000869489
0.000871089
0.000872752
0.000874469
0.000876231
0.00087803
0.000879856
0.000881702
0.00088356
0.000885424
0.000887287
0.000889143
0.000890984
0.000892804
0.000894596
0.000896352
0.000898063
0.000899721
0.000901318
0.000902844
0.000904289
0.000905646
0.000906905
0.000908056
0.000909091
0.000910002
0.000910779
0.000911415
0.000911901
0.000912231
0.000912395
0.000912388
0.000912202
0.00091183
0.000911268
0.000910508
0.000909546
0.000908376
0.000906995
0.000905397
0.00090358
0.000901539
0.000899273
0.000856245
0.000856336
0.00085662
0.000857058
0.000857641
0.000858361
0.000859208
0.000860174
0.000861249
0.000862424
0.000863692
0.000865044
0.000866469
0.00086796
0.000869507
0.000871101
0.000872732
0.000874392
0.000876073
0.000877766
0.000879465
0.000881162
0.000882852
0.000884527
0.000886182
0.000887809
0.000889401
0.000890951
0.00089245
0.00089389
0.000895263
0.000896559
0.000897769
0.000898885
0.000899897
0.000900798
0.000901577
0.000902227
0.00090274
0.000903108
0.000903323
0.000903377
0.000903265
0.000902979
0.000902512
0.000901859
0.000901014
0.000899972
0.000898728
0.000897277
0.000895616
0.000893741
0.000891649
0.000889337
0.000886803
0.000853876
0.000853961
0.000854228
0.000854639
0.000855186
0.000855861
0.000856655
0.000857559
0.000858564
0.000859662
0.000860845
0.000862103
0.000863428
0.000864812
0.000866243
0.000867715
0.000869216
0.000870739
0.000872276
0.000873818
0.000875358
0.00087689
0.000878409
0.000879906
0.000881376
0.000882813
0.000884209
0.000885557
0.000886848
0.000888075
0.000889228
0.000890299
0.000891279
0.00089216
0.000892933
0.000893589
0.000894119
0.000894517
0.000894774
0.000894882
0.000894835
0.000894625
0.000894246
0.000893692
0.000892956
0.000892033
0.000890919
0.000889607
0.000888095
0.000886377
0.000884452
0.000882314
0.000879963
0.000877396
0.000874611
0.000851485
0.000851565
0.000851815
0.000852199
0.00085271
0.000853341
0.000854081
0.000854924
0.000855859
0.00085688
0.000857978
0.000859144
0.000860369
0.000861645
0.000862963
0.000864312
0.000865685
0.000867073
0.000868466
0.000869858
0.000871242
0.000872612
0.000873961
0.000875283
0.000876572
0.000877822
0.000879025
0.000880174
0.000881261
0.000882278
0.000883217
0.000884069
0.000884825
0.000885476
0.000886015
0.000886434
0.000886723
0.000886876
0.000886885
0.000886743
0.000886443
0.000885978
0.000885343
0.000884532
0.000883538
0.000882358
0.000880986
0.000879418
0.000877651
0.000875681
0.000873505
0.00087112
0.000868526
0.000865719
0.0008627
0.000849075
0.000849149
0.000849381
0.000849739
0.000850215
0.0008508
0.000851488
0.000852269
0.000853136
0.00085408
0.000855094
0.000856168
0.000857294
0.000858463
0.000859667
0.000860896
0.000862142
0.000863395
0.000864647
0.000865891
0.000867121
0.00086833
0.000869512
0.000870661
0.000871772
0.000872837
0.000873851
0.000874805
0.000875693
0.000876505
0.000877234
0.000877872
0.000878409
0.000878838
0.00087915
0.000879338
0.000879393
0.000879309
0.000879079
0.000878695
0.000878151
0.000877442
0.000876561
0.000875502
0.000874263
0.000872836
0.000871219
0.000869408
0.000867399
0.00086519
0.000862778
0.000860161
0.000857337
0.000854306
0.000851068
0.000846646
0.000846715
0.00084693
0.000847261
0.000847701
0.000848242
0.000848877
0.000849598
0.000850396
0.000851264
0.000852193
0.000853176
0.000854204
0.000855268
0.000856359
0.000857469
0.000858588
0.000859708
0.000860821
0.000861919
0.000862996
0.000864046
0.000865064
0.000866043
0.000866979
0.000867863
0.000868691
0.000869455
0.000870147
0.000870759
0.000871284
0.000871712
0.000872036
0.000872248
0.00087234
0.000872304
0.000872133
0.00087182
0.000871359
0.000870742
0.000869964
0.000869019
0.000867902
0.000866608
0.000865133
0.000863472
0.000861622
0.00085958
0.000857342
0.000854907
0.000852272
0.000849436
0.000846398
0.000843158
0.000839715
0.0008442
0.000844263
0.000844461
0.000844766
0.00084517
0.000845668
0.00084625
0.00084691
0.00084764
0.000848432
0.000849278
0.00085017
0.000851101
0.00085206
0.000853041
0.000854032
0.000855026
0.000856015
0.00085699
0.000857944
0.000858871
0.000859765
0.00086062
0.000861433
0.000862196
0.000862903
0.000863549
0.000864126
0.000864627
0.000865044
0.000865369
0.000865593
0.00086571
0.000865712
0.00086559
0.000865337
0.000864948
0.000864413
0.000863729
0.000862887
0.000861884
0.000860714
0.000859371
0.000857852
0.000856152
0.000854268
0.000852197
0.000849935
0.000847481
0.000844833
0.000841989
0.000838947
0.000835709
0.000832273
0.00082864
0.000841738
0.000841795
0.000841977
0.000842255
0.000842624
0.000843078
0.000843609
0.000844208
0.00084487
0.000845587
0.000846351
0.000847153
0.000847987
0.000848843
0.000849713
0.000850588
0.000851459
0.000852318
0.000853156
0.000853968
0.000854747
0.000855487
0.000856184
0.000856832
0.000857426
0.00085796
0.000858428
0.000858822
0.000859136
0.000859362
0.000859493
0.000859519
0.000859435
0.000859232
0.000858903
0.000858441
0.000857839
0.000857092
0.000856192
0.000855135
0.000853916
0.000852529
0.00085097
0.000849236
0.000847322
0.000845226
0.000842945
0.000840476
0.000837818
0.000834969
0.000831928
0.000828694
0.000825268
0.00082165
0.000817841
0.000839261
0.000839314
0.000839478
0.000839731
0.000840065
0.000840475
0.000840954
0.000841494
0.000842089
0.000842731
0.000843412
0.000844126
0.000844864
0.000845618
0.000846379
0.000847139
0.000847888
0.000848618
0.000849323
0.000849995
0.000850628
0.000851217
0.000851757
0.000852244
0.000852672
0.000853036
0.000853329
0.000853546
0.000853677
0.000853718
0.000853659
0.000853493
0.000853213
0.000852812
0.000852282
0.000851617
0.000850811
0.000849858
0.000848752
0.000847488
0.000846061
0.000844467
0.000842702
0.000840763
0.000838646
0.000836348
0.000833868
0.000831203
0.000828352
0.000825315
0.000822089
0.000818676
0.000815076
0.000811289
0.000807316
0.000836772
0.000836819
0.000836966
0.000837193
0.000837492
0.000837859
0.000838287
0.000838768
0.000839296
0.000839864
0.000840465
0.000841091
0.000841734
0.000842387
0.00084304
0.000843686
0.000844315
0.000844919
0.000845492
0.000846026
0.000846515
0.000846956
0.000847343
0.000847671
0.000847937
0.000848135
0.000848258
0.0008483
0.000848254
0.000848113
0.00084787
0.000847517
0.000847048
0.000846455
0.000845731
0.00084487
0.000843867
0.000842716
0.000841411
0.000839948
0.000838323
0.000836531
0.000834569
0.000832435
0.000830124
0.000827636
0.000824967
0.000822118
0.000819086
0.000815871
0.000812473
0.000808892
0.000805129
0.000801185
0.000797062
0.00083427
0.000834312
0.000834443
0.000834644
0.000834909
0.000835233
0.00083561
0.000836032
0.000836494
0.000836989
0.00083751
0.000838049
0.000838599
0.000839151
0.000839699
0.000840232
0.000840743
0.000841223
0.000841665
0.000842063
0.000842412
0.000842706
0.000842943
0.000843117
0.000843224
0.000843258
0.000843215
0.000843087
0.000842868
0.000842552
0.00084213
0.000841595
0.000840942
0.000840163
0.000839252
0.000838202
0.000837009
0.000835667
0.000834172
0.000832519
0.000830703
0.000828723
0.000826573
0.000824253
0.000821759
0.000819089
0.000816243
0.000813219
0.000810017
0.000806636
0.000803077
0.00079934
0.000795427
0.000791338
0.000787076
0.00083181
0.000831847
0.000831962
0.000832138
0.000832369
0.000832652
0.000832979
0.000833345
0.000833743
0.000834167
0.00083461
0.000835064
0.000835524
0.00083598
0.000836424
0.000836849
0.000837246
0.000837606
0.000837923
0.00083819
0.000838403
0.000838558
0.00083865
0.000838676
0.00083863
0.000838509
0.000838307
0.000838017
0.000837634
0.000837149
0.000836557
0.00083585
0.000835023
0.000834068
0.000832979
0.000831751
0.000830379
0.000828858
0.000827183
0.000825351
0.000823358
0.000821201
0.000818877
0.000816383
0.000813719
0.000810882
0.000807872
0.000804687
0.000801329
0.000797796
0.000794089
0.00079021
0.00078616
0.000781941
0.000777554
0.000829369
0.0008294
0.0008295
0.000829651
0.00082985
0.000830092
0.000830371
0.000830681
0.000831017
0.000831371
0.000831738
0.00083211
0.000832481
0.000832843
0.000833188
0.000833507
0.000833792
0.000834035
0.00083423
0.000834371
0.000834453
0.000834472
0.000834424
0.000834305
0.000834113
0.000833841
0.000833486
0.00083304
0.000832497
0.000831851
0.000831096
0.000830224
0.000829229
0.000828106
0.000826848
0.00082545
0.000823907
0.000822216
0.000820371
0.00081837
0.000816208
0.000813884
0.000811395
0.00080874
0.000805916
0.000802922
0.000799758
0.000796425
0.000792921
0.000789247
0.000785405
0.000781395
0.000777219
0.00077288
0.00076838
0.000826871
0.000826898
0.000826981
0.000827108
0.000827274
0.000827475
0.000827705
0.000827959
0.000828231
0.000828516
0.000828806
0.000829096
0.000829378
0.000829645
0.000829889
0.000830101
0.000830275
0.000830402
0.000830474
0.000830488
0.000830438
0.000830321
0.000830133
0.000829872
0.000829533
0.000829111
0.000828603
0.000828002
0.000827302
0.000826496
0.000825579
0.000824544
0.000823384
0.000822095
0.00082067
0.000819105
0.000817396
0.000815537
0.000813526
0.000811359
0.000809034
0.000806548
0.0008039
0.000801087
0.000798108
0.000794964
0.000791653
0.000788176
0.000784533
0.000780726
0.000776754
0.000772621
0.000768328
0.000763877
0.000759271
0.000824317
0.000824339
0.000824406
0.000824507
0.00082464
0.000824799
0.000824981
0.000825178
0.000825387
0.000825601
0.000825814
0.00082602
0.000826213
0.000826385
0.000826528
0.000826634
0.000826696
0.000826705
0.000826656
0.000826542
0.000826361
0.000826108
0.000825781
0.000825377
0.000824891
0.000824321
0.000823662
0.000822906
0.00082205
0.000821087
0.00082001
0.000818813
0.000817491
0.000816039
0.00081445
0.000812722
0.000810848
0.000808827
0.000806653
0.000804326
0.000801842
0.000799199
0.000796395
0.000793431
0.000790304
0.000787015
0.000783563
0.000779949
0.000776174
0.000772239
0.000768146
0.000763896
0.000759492
0.000754937
0.000750233
0.000821706
0.000821723
0.000821773
0.00082185
0.000821949
0.000822067
0.000822198
0.000822339
0.000822483
0.000822627
0.000822762
0.000822885
0.000822988
0.000823064
0.000823106
0.000823105
0.000823055
0.000822947
0.000822775
0.000822535
0.000822222
0.000821834
0.000821368
0.000820822
0.000820192
0.000819474
0.000818664
0.000817756
0.000816746
0.000815626
0.000814391
0.000813036
0.000811554
0.000809941
0.000808192
0.000806303
0.00080427
0.000802089
0.000799758
0.000797274
0.000794636
0.000791841
0.000788888
0.000785777
0.000782508
0.00077908
0.000775493
0.000771749
0.000767849
0.000763794
0.000759586
0.000755227
0.00075072
0.000746068
0.000741273
0.000819039
0.00081905
0.000819085
0.000819136
0.000819201
0.000819277
0.000819358
0.000819442
0.000819522
0.000819594
0.000819652
0.00081969
0.000819703
0.000819683
0.000819623
0.000819516
0.000819353
0.000819128
0.000818834
0.000818468
0.000818024
0.000817501
0.000816897
0.00081621
0.000815435
0.000814571
0.000813612
0.000812554
0.000811391
0.000810117
0.000808727
0.000807215
0.000805577
0.000803807
0.000801901
0.000799855
0.000797665
0.000795329
0.000792845
0.00079021
0.000787422
0.00078448
0.000781384
0.000778133
0.000774727
0.000771166
0.000767451
0.000763584
0.000759565
0.000755397
0.000751081
0.00074662
0.000742018
0.000737276
0.000732399
0.000816315
0.000816321
0.000816339
0.000816365
0.000816396
0.000816429
0.000816461
0.000816487
0.000816502
0.000816502
0.000816482
0.000816437
0.000816359
0.000816243
0.000816082
0.000815867
0.000815592
0.00081525
0.000814835
0.000814342
0.000813768
0.000813112
0.000812371
0.000811543
0.000810626
0.000809616
0.00080851
0.000807303
0.000805989
0.000804564
0.000803021
0.000801356
0.000799564
0.00079764
0.00079558
0.000793381
0.000791039
0.000788553
0.00078592
0.000783138
0.000780206
0.000777123
0.000773889
0.000770503
0.000766966
0.000763279
0.000759443
0.000755459
0.000751328
0.000747054
0.000742638
0.000738083
0.000733392
0.000728568
0.000723615
0.000813536
0.000813536
0.000813537
0.000813538
0.000813535
0.000813525
0.000813507
0.000813475
0.000813425
0.000813353
0.000813255
0.000813125
0.000812957
0.000812745
0.000812482
0.00081216
0.000811773
0.000811315
0.000810778
0.00081016
0.000809457
0.000808668
0.00080779
0.000806824
0.000805765
0.000804613
0.000803361
0.000802007
0.000800545
0.00079897
0.000797277
0.000795462
0.000793519
0.000791444
0.000789234
0.000786886
0.000784397
0.000781765
0.000778988
0.000776064
0.000772993
0.000769775
0.000766408
0.000762894
0.000759233
0.000755427
0.000751475
0.000747381
0.000743146
0.000738772
0.000734263
0.00072962
0.000724848
0.00071995
0.00071493
0.0008107
0.000810695
0.00081068
0.000810655
0.000810617
0.000810565
0.000810496
0.000810406
0.000810291
0.000810148
0.000809971
0.000809756
0.000809497
0.000809189
0.000808825
0.000808397
0.000807898
0.000807323
0.000806666
0.000805923
0.000805092
0.000804171
0.000803159
0.000802055
0.000800857
0.000799563
0.000798168
0.000796669
0.000795062
0.00079334
0.0007915
0.000789537
0.000787447
0.000785225
0.00078287
0.000780377
0.000777745
0.000774971
0.000772055
0.000768995
0.000765791
0.000762442
0.000758949
0.000755313
0.000751534
0.000747614
0.000743554
0.000739357
0.000735024
0.000730558
0.000725963
0.00072124
0.000716395
0.00071143
0.000706349
0.000807809
0.000807799
0.000807767
0.000807716
0.000807644
0.00080755
0.00080743
0.000807281
0.000807101
0.000806886
0.000806631
0.000806331
0.000805982
0.000805578
0.000805112
0.000804578
0.000803969
0.000803278
0.000802501
0.000801635
0.000800676
0.000799625
0.00079848
0.000797241
0.000795905
0.000794471
0.000792935
0.000791294
0.000789543
0.000787678
0.000785693
0.000783586
0.000781352
0.000778988
0.00077649
0.000773857
0.000771086
0.000768176
0.000765126
0.000761935
0.000758603
0.000755131
0.000751518
0.000747765
0.000743875
0.000739848
0.000735686
0.000731392
0.000726969
0.000722418
0.000717744
0.000712949
0.000708037
0.000703012
0.000697877
0.000804864
0.000804848
0.0008048
0.000804723
0.000804617
0.000804479
0.000804309
0.000804102
0.000803857
0.00080357
0.000803236
0.000802852
0.000802413
0.000801913
0.000801346
0.000800706
0.000799986
0.000799181
0.000798286
0.000797297
0.000796213
0.000795033
0.000793756
0.000792383
0.000790912
0.00078934
0.000787666
0.000785885
0.000783993
0.000781987
0.000779862
0.000777614
0.00077524
0.000772737
0.000770102
0.000767333
0.000764428
0.000761387
0.000758208
0.000754892
0.000751438
0.000747847
0.000744119
0.000740257
0.000736262
0.000732135
0.000727878
0.000723495
0.000718987
0.000714359
0.000709612
0.000704752
0.000699781
0.000694703
0.000689522
0.000801866
0.000801844
0.00080178
0.000801677
0.000801536
0.000801355
0.000801134
0.00080087
0.000800559
0.0008002
0.000799788
0.00079932
0.000798791
0.000798196
0.000797528
0.000796783
0.000795954
0.000795035
0.000794022
0.000792912
0.000791704
0.000790397
0.000788991
0.000787486
0.000785881
0.000784175
0.000782364
0.000780446
0.000778417
0.000776273
0.000774011
0.000771626
0.000769116
0.000766478
0.00076371
0.00076081
0.000757776
0.000754608
0.000751306
0.00074787
0.0007443
0.000740596
0.000736761
0.000732796
0.000728701
0.000724481
0.000720136
0.00071567
0.000711086
0.000706386
0.000701575
0.000696656
0.000691632
0.000686508
0.000681289
0.000798815
0.000798788
0.000798707
0.000798578
0.000798402
0.000798179
0.000797907
0.000797585
0.000797209
0.000796778
0.000796289
0.000795737
0.000795118
0.000794428
0.000793661
0.000792811
0.000791873
0.000790841
0.000789712
0.000788483
0.000787152
0.00078572
0.000784187
0.000782553
0.000780817
0.000778978
0.000777034
0.000774982
0.000772819
0.000770541
0.000768144
0.000765627
0.000762985
0.000760216
0.000757319
0.000754293
0.000751135
0.000747847
0.000744427
0.000740876
0.000737196
0.000733386
0.000729449
0.000725386
0.0007212
0.000716892
0.000712466
0.000707924
0.00070327
0.000698506
0.000693637
0.000688666
0.000683597
0.000678434
0.000673183
0.000795713
0.00079568
0.000795583
0.000795428
0.000795218
0.000794952
0.00079463
0.000794249
0.000793809
0.000793307
0.000792739
0.000792104
0.000791396
0.000790612
0.000789746
0.000788793
0.000787747
0.000786604
0.00078536
0.000784013
0.000782562
0.000781007
0.000779349
0.000777588
0.000775724
0.000773755
0.000771681
0.000769498
0.000767204
0.000764795
0.000762268
0.000759621
0.000756852
0.000753957
0.000750936
0.000747788
0.000744512
0.000741108
0.000737576
0.000733917
0.000730132
0.000726222
0.000722189
0.000718036
0.000713764
0.000709376
0.000704874
0.000700263
0.000695546
0.000690725
0.000685804
0.000680788
0.000675681
0.000670486
0.000665209
0.000792561
0.000792523
0.000792409
0.000792228
0.000791984
0.000791676
0.000791303
0.000790865
0.00079036
0.000789787
0.000789142
0.000788424
0.000787628
0.00078675
0.000785786
0.000784731
0.000783579
0.000782326
0.000780969
0.000779506
0.000777937
0.000776261
0.000774481
0.000772595
0.000770605
0.00076851
0.000766309
0.000763998
0.000761576
0.00075904
0.000756387
0.000753616
0.000750723
0.000747707
0.000744567
0.000741302
0.000737912
0.000734398
0.000730759
0.000726998
0.000723114
0.00071911
0.000714988
0.00071075
0.000706399
0.000701937
0.000697368
0.000692694
0.000687919
0.000683048
0.000678083
0.000673028
0.000667889
0.000662669
0.000657372
0.000789361
0.000789317
0.000789187
0.000788981
0.000788702
0.000788351
0.000787929
0.000787433
0.000786865
0.000786221
0.0007855
0.000784699
0.000783815
0.000782845
0.000781784
0.000780628
0.000779371
0.00077801
0.000776542
0.000774966
0.00077328
0.000771487
0.000769586
0.000767579
0.000765466
0.000763248
0.000760922
0.000758487
0.000755941
0.000753282
0.000750507
0.000747615
0.000744603
0.00074147
0.000738216
0.00073484
0.000731342
0.000727723
0.000723984
0.000720125
0.000716149
0.000712057
0.000707852
0.000703536
0.000699112
0.000694582
0.000689951
0.000685221
0.000680397
0.000675481
0.000670478
0.000665392
0.000660226
0.000654987
0.000649677
0.000786115
0.000786065
0.000785919
0.000785687
0.000785375
0.000784982
0.000784509
0.000783957
0.000783325
0.000782611
0.000781814
0.000780932
0.000779962
0.0007789
0.000777744
0.000776487
0.000775127
0.00077366
0.000772083
0.000770395
0.000768596
0.000766687
0.000764669
0.000762543
0.000760311
0.000757972
0.000755526
0.000752971
0.000750305
0.000747527
0.000744634
0.000741625
0.000738499
0.000735254
0.000731891
0.000728409
0.000724808
0.00072109
0.000717255
0.000713305
0.000709242
0.000705069
0.000700787
0.000696399
0.000691908
0.000687318
0.000682631
0.000677852
0.000672983
0.000668029
0.000662995
0.000657883
0.000652698
0.000647445
0.000642128
0.000782825
0.000782769
0.000782607
0.00078235
0.000782003
0.000781569
0.000781047
0.000780439
0.000779743
0.00077896
0.000778088
0.000777126
0.00077607
0.000774918
0.000773667
0.000772313
0.000770851
0.00076928
0.000767596
0.000765798
0.000763888
0.000761866
0.000759734
0.000757493
0.000755145
0.000752689
0.000750126
0.000747454
0.000744672
0.000741778
0.000738772
0.000735651
0.000732415
0.000729064
0.000725596
0.000722013
0.000718315
0.000714503
0.000710579
0.000706544
0.000702401
0.000698151
0.000693799
0.000689345
0.000684794
0.000680149
0.000675413
0.00067059
0.000665684
0.000660699
0.000655639
0.000650507
0.000645309
0.000640048
0.00063473
0.000779492
0.000779431
0.000779254
0.000778971
0.000778591
0.000778116
0.000777545
0.000776881
0.000776123
0.000775271
0.000774325
0.000773283
0.000772143
0.000770903
0.000769559
0.000768108
0.000766547
0.000764873
0.000763084
0.00076118
0.000759162
0.00075703
0.000754787
0.000752434
0.000749972
0.000747404
0.000744727
0.000741942
0.000739048
0.000736044
0.000732928
0.0007297
0.000726359
0.000722906
0.000719339
0.000715661
0.000711871
0.000707971
0.000703963
0.000699849
0.000695631
0.000691311
0.000686894
0.000682381
0.000677775
0.000673082
0.000668303
0.000663443
0.000658505
0.000653494
0.000648414
0.000643269
0.000638063
0.0006328
0.000627486
0.000776121
0.000776054
0.000775861
0.000775554
0.000775141
0.000774624
0.000774005
0.000773286
0.000772467
0.000771547
0.000770528
0.000769408
0.000768185
0.000766857
0.000765422
0.000763876
0.000762217
0.000760443
0.000758552
0.000756545
0.000754421
0.000752182
0.000749831
0.000747369
0.000744799
0.00074212
0.000739334
0.000736441
0.000733439
0.000730328
0.000727108
0.000723777
0.000720337
0.000716786
0.000713126
0.000709357
0.00070548
0.000701498
0.000697412
0.000693224
0.000688937
0.000684554
0.000680078
0.000675511
0.000670858
0.000666121
0.000661305
0.000656414
0.000651451
0.00064642
0.000641326
0.000636173
0.000630964
0.000625705
0.0006204
0.000772713
0.000772641
0.000772432
0.0007721
0.000771655
0.000771098
0.000770431
0.000769657
0.000768777
0.000767792
0.0007667
0.000765503
0.000764198
0.000762785
0.00076126
0.000759622
0.000757868
0.000755996
0.000754006
0.000751897
0.00074967
0.000747328
0.000744872
0.000742305
0.000739629
0.000736845
0.000733954
0.000730955
0.00072785
0.000724637
0.000721317
0.000717889
0.000714353
0.000710711
0.000706962
0.000703108
0.000699151
0.000695092
0.000690933
0.000686677
0.000682328
0.000677886
0.000673357
0.000668743
0.000664047
0.000659274
0.000654427
0.000649509
0.000644526
0.000639481
0.000634379
0.000629222
0.000624017
0.000618766
0.000613475
0.000769272
0.000769194
0.000768971
0.000768614
0.000768136
0.00076754
0.000766826
0.000765999
0.000765059
0.000764008
0.000762846
0.000761573
0.000760188
0.000758691
0.000757079
0.00075535
0.000753503
0.000751536
0.000749449
0.000747241
0.000744915
0.000742473
0.000739916
0.000737247
0.000734469
0.000731583
0.000728591
0.000725492
0.000722287
0.000718977
0.000715562
0.000712041
0.000708415
0.000704686
0.000700854
0.000696921
0.000692888
0.000688757
0.000684532
0.000680214
0.000675807
0.000671313
0.000666737
0.000662081
0.000657348
0.000652544
0.000647671
0.000642734
0.000637736
0.000632682
0.000627576
0.000622422
0.000617224
0.000611987
0.000606715
0.000765801
0.000765718
0.000765479
0.000765099
0.000764589
0.000763953
0.000763194
0.000762314
0.000761316
0.0007602
0.000758969
0.000757622
0.000756159
0.000754579
0.000752882
0.000751065
0.000749127
0.000747067
0.000744886
0.000742583
0.000740161
0.000737621
0.000734967
0.000732201
0.000729325
0.000726341
0.000723251
0.000720057
0.000716758
0.000713355
0.000709849
0.00070624
0.000702529
0.000698718
0.000694808
0.000690801
0.000686698
0.000682501
0.000678215
0.00067384
0.000669382
0.000664841
0.000660223
0.00065553
0.000650767
0.000645937
0.000641044
0.000636092
0.000631085
0.000626027
0.000620923
0.000615776
0.00061059
0.000605371
0.000600121
0.000762304
0.000762215
0.000761962
0.000761559
0.000761018
0.000760343
0.000759538
0.000758607
0.000757551
0.000756373
0.000755073
0.000753654
0.000752114
0.000750455
0.000748674
0.000746771
0.000744745
0.000742596
0.000740323
0.000737928
0.000735413
0.00073278
0.000730031
0.000727171
0.000724201
0.000721124
0.000717941
0.000714655
0.000711266
0.000707775
0.000704183
0.000700492
0.000696702
0.000692814
0.000688831
0.000684754
0.000680587
0.00067633
0.000671988
0.000667562
0.000663057
0.000658475
0.000653821
0.000649097
0.000644308
0.000639458
0.00063455
0.000629588
0.000624577
0.00061952
0.000614422
0.000609286
0.000604118
0.00059892
0.000593698
0.000758785
0.000758691
0.000758424
0.000757997
0.000757425
0.000756713
0.000755864
0.000754882
0.000753769
0.00075253
0.000751164
0.000749674
0.00074806
0.000746322
0.00074446
0.000742474
0.000740363
0.000738127
0.000735766
0.000733282
0.000730677
0.000727954
0.000725115
0.000722164
0.000719105
0.000715938
0.000712667
0.000709294
0.000705819
0.000702245
0.000698573
0.000694803
0.000690938
0.000686979
0.000682928
0.000678788
0.000674561
0.000670249
0.000665856
0.000661385
0.000656839
0.000652222
0.000647536
0.000642787
0.000637977
0.000633111
0.000628193
0.000623226
0.000618215
0.000613164
0.000608077
0.000602957
0.000597809
0.000592638
0.000587446
0.000755248
0.000755149
0.000754867
0.000754418
0.000753816
0.000753067
0.000752175
0.000751143
0.000749976
0.000748676
0.000747246
0.000745687
0.000744
0.000742187
0.000740247
0.000738179
0.000735986
0.000733665
0.00073122
0.00072865
0.000725959
0.000723149
0.000720224
0.000717187
0.000714041
0.00071079
0.000707435
0.000703979
0.000700424
0.000696771
0.000693023
0.00068918
0.000685245
0.00068122
0.000677107
0.000672908
0.000668627
0.000664265
0.000659827
0.000655315
0.000650733
0.000646085
0.000641374
0.000636604
0.000631778
0.000626902
0.000621978
0.000617011
0.000612005
0.000606963
0.000601891
0.000596791
0.000591668
0.000586526
0.000581368
0.000751698
0.000751593
0.000751298
0.000750827
0.000750196
0.000749411
0.000748476
0.000747396
0.000746176
0.000744817
0.000743324
0.000741698
0.000739941
0.000738054
0.000736038
0.000733893
0.000731619
0.000729218
0.00072669
0.000724038
0.000721264
0.000718372
0.000715364
0.000712245
0.000709018
0.000705685
0.000702251
0.000698717
0.000695086
0.00069136
0.00068754
0.000683629
0.00067963
0.000675543
0.000671373
0.000667121
0.00066279
0.000658384
0.000653905
0.000649358
0.000644745
0.000640071
0.000635339
0.000630553
0.000625717
0.000620834
0.000615909
0.000610946
0.000605949
0.000600921
0.000595867
0.000590791
0.000585696
0.000580587
0.000575466
0.00074814
0.00074803
0.000747722
0.000747229
0.00074657
0.000745749
0.000744773
0.000743646
0.000742374
0.000740959
0.000739404
0.000737714
0.000735889
0.000733931
0.000731841
0.00072962
0.00072727
0.000724791
0.000722185
0.000719454
0.0007166
0.000713629
0.000710542
0.000707345
0.00070404
0.000700631
0.000697122
0.000693515
0.000689812
0.000686017
0.000682131
0.000678157
0.000674098
0.000669955
0.000665732
0.000661431
0.000657057
0.000652611
0.000648097
0.000643519
0.00063888
0.000634185
0.000629437
0.000624639
0.000619796
0.000614912
0.00060999
0.000605035
0.000600051
0.000595041
0.000590009
0.000584959
0.000579896
0.000574822
0.000569742
0.000744579
0.000744464
0.000744143
0.00074363
0.000742942
0.000742088
0.000741072
0.000739899
0.000738576
0.000737106
0.000735492
0.000733739
0.000731848
0.000729822
0.000727661
0.000725368
0.000722944
0.00072039
0.000717709
0.000714902
0.000711973
0.000708926
0.000705765
0.000702493
0.000699115
0.000695635
0.000692055
0.000688378
0.000684609
0.00068075
0.000676802
0.00067277
0.000668656
0.000664462
0.000660191
0.000655847
0.000651433
0.000646952
0.000642408
0.000637804
0.000633144
0.000628432
0.000623672
0.000618867
0.000614022
0.00060914
0.000604225
0.000599282
0.000594314
0.000589325
0.000584318
0.000579299
0.000574269
0.000569234
0.000564196
0.000741021
0.000740901
0.000740568
0.000740034
0.00073932
0.000738432
0.000737377
0.000736161
0.000734788
0.000733265
0.000731595
0.000729781
0.000727826
0.000725734
0.000723505
0.000721143
0.000718648
0.000716022
0.000713269
0.00071039
0.00070739
0.000704272
0.000701039
0.000697697
0.00069425
0.000690702
0.000687055
0.000683315
0.000679484
0.000675565
0.000671561
0.000667475
0.00066331
0.000659069
0.000654756
0.000650373
0.000645924
0.000641413
0.000636843
0.000632218
0.000627541
0.000622816
0.000618048
0.000613241
0.000608397
0.000603521
0.000598617
0.000593689
0.000588741
0.000583776
0.000578798
0.000573811
0.000568818
0.000563824
0.00055883
0.000737473
0.000737348
0.000737002
0.000736449
0.000735708
0.000734789
0.000733696
0.000732437
0.000731018
0.000729443
0.000727717
0.000725845
0.00072383
0.000721674
0.00071938
0.000716951
0.000714389
0.000711695
0.000708873
0.000705926
0.000702857
0.000699671
0.000696372
0.000692964
0.000689452
0.00068584
0.000682132
0.000678332
0.000674443
0.000670469
0.000666413
0.000662278
0.000658067
0.000653785
0.000649433
0.000645016
0.000640537
0.000636
0.000631408
0.000626766
0.000622076
0.000617344
0.000612572
0.000607765
0.000602926
0.00059806
0.000593171
0.000588261
0.000583335
0.000578397
0.000573451
0.000568499
0.000563545
0.000558593
0.000553646
0.00073394
0.00073381
0.000733453
0.000732881
0.000732115
0.000731164
0.000730035
0.000728735
0.00072727
0.000725646
0.000723868
0.00072194
0.000719866
0.000717649
0.000715293
0.0007128
0.000710173
0.000707415
0.000704528
0.000701516
0.000698383
0.000695133
0.00069177
0.0006883
0.000684728
0.000681056
0.000677291
0.000673435
0.000669493
0.000665469
0.000661365
0.000657186
0.000652934
0.000648614
0.000644229
0.000639782
0.000635277
0.000630719
0.000626109
0.000621454
0.000616755
0.000612018
0.000607247
0.000602444
0.000597614
0.000592761
0.000587888
0.000583
0.0005781
0.000573191
0.000568278
0.000563363
0.00055845
0.000553542
0.000548643
0.000730429
0.000730295
0.000729926
0.000729336
0.000728546
0.000727566
0.000726402
0.000725062
0.000723554
0.000721882
0.000720053
0.000718071
0.000715941
0.000713667
0.000711252
0.000708698
0.00070601
0.00070319
0.000700241
0.000697168
0.000693974
0.000690664
0.000687242
0.000683714
0.000680085
0.000676358
0.00067254
0.000668633
0.000664642
0.000660572
0.000656425
0.000652206
0.000647917
0.000643564
0.000639149
0.000634677
0.00063015
0.000625574
0.000620951
0.000616286
0.000611583
0.000606845
0.000602077
0.000597281
0.000592463
0.000587626
0.000582773
0.000577909
0.000573037
0.00056816
0.000563281
0.000558406
0.000553535
0.000548674
0.000543824
0.000726949
0.00072681
0.000726431
0.000725823
0.000725009
0.000724
0.000722803
0.000721426
0.000719875
0.000718158
0.000716281
0.000714248
0.000712065
0.000709735
0.000707263
0.000704652
0.000701906
0.000699028
0.000696021
0.00069289
0.000689638
0.000686272
0.000682795
0.000679213
0.000675531
0.000671753
0.000667886
0.000663932
0.000659897
0.000655785
0.000651599
0.000647344
0.000643023
0.000638641
0.000634201
0.000629707
0.000625163
0.000620572
0.00061594
0.000611269
0.000606564
0.000601829
0.000597067
0.000592282
0.000587478
0.00058266
0.000577829
0.000572991
0.000568149
0.000563305
0.000558464
0.000553629
0.000548802
0.000543988
0.000539188
0.000723506
0.000723362
0.000722973
0.000722349
0.000721513
0.000720476
0.000719247
0.000717834
0.000716243
0.000714483
0.000712559
0.000710478
0.000708244
0.000705862
0.000703336
0.000700671
0.00069787
0.000694936
0.000691875
0.000688689
0.000685385
0.000681965
0.000678437
0.000674805
0.000671074
0.00066725
0.000663337
0.000659341
0.000655265
0.000651115
0.000646895
0.000642608
0.000638259
0.000633851
0.000629389
0.000624878
0.000620319
0.000615719
0.00061108
0.000606407
0.000601704
0.000596974
0.000592221
0.000587449
0.000582663
0.000577865
0.000573059
0.000568249
0.000563438
0.00055863
0.000553828
0.000549034
0.000544252
0.000539486
0.000534737
0.000720108
0.000719961
0.000719562
0.000718922
0.000718064
0.000717002
0.000715742
0.000714294
0.000712666
0.000710864
0.000708896
0.000706769
0.000704487
0.000702055
0.000699479
0.000696762
0.00069391
0.000690925
0.000687812
0.000684575
0.000681221
0.000677752
0.000674176
0.000670498
0.000666722
0.000662855
0.000658901
0.000654866
0.000650754
0.00064657
0.000642319
0.000638004
0.00063363
0.000629201
0.000624722
0.000620196
0.000615627
0.00061102
0.000606378
0.000601705
0.000597006
0.000592284
0.000587544
0.000582788
0.00057802
0.000573245
0.000568466
0.000563686
0.000558908
0.000554136
0.000549373
0.000544623
0.000539887
0.000535168
0.00053047
0.000716766
0.000716614
0.000716206
0.00071555
0.000714673
0.000713585
0.000712297
0.000710816
0.000709151
0.000707311
0.000705302
0.00070313
0.000700803
0.000698324
0.0006957
0.000692936
0.000690034
0.000687001
0.00068384
0.000680556
0.000677155
0.000673642
0.000670021
0.0006663
0.000662483
0.000658577
0.000654586
0.000650515
0.000646371
0.000642157
0.000637879
0.00063354
0.000629145
0.000624699
0.000620205
0.000615668
0.000611091
0.00060648
0.000601838
0.000597169
0.000592477
0.000587766
0.000583039
0.000578301
0.000573555
0.000568804
0.000564053
0.000559304
0.000554561
0.000549826
0.000545104
0.000540396
0.000535706
0.000531037
0.00052639
0.000713487
0.000713332
0.000712914
0.000712244
0.000711347
0.000710236
0.00070892
0.000707409
0.00070571
0.000703832
0.000701784
0.000699571
0.000697201
0.000694678
0.00069201
0.0006892
0.000686253
0.000683175
0.000679969
0.000676642
0.000673197
0.000669642
0.000665981
0.00066222
0.000658366
0.000654424
0.000650399
0.000646298
0.000642125
0.000637885
0.000633582
0.000629223
0.00062481
0.000620349
0.000615844
0.000611299
0.000606718
0.000602106
0.000597466
0.000592803
0.000588121
0.000583422
0.000578712
0.000573993
0.00056927
0.000564545
0.000559823
0.000555106
0.000550398
0.000545702
0.000541021
0.000536357
0.000531713
0.000527092
0.000522496
0.00071028
0.000710122
0.000709696
0.000709013
0.000708097
0.000706964
0.000705622
0.000704081
0.00070235
0.000700438
0.000698352
0.000696101
0.000693691
0.000691127
0.000688417
0.000685565
0.000682576
0.000679455
0.000676208
0.00067284
0.000669356
0.000665762
0.000662064
0.000658268
0.00065438
0.000650406
0.000646351
0.000642222
0.000638023
0.00063376
0.000629437
0.00062506
0.000620633
0.000616161
0.000611647
0.000607097
0.000602515
0.000597904
0.000593269
0.000588614
0.000583942
0.000579258
0.000574566
0.000569868
0.000565169
0.000560472
0.00055578
0.000551096
0.000546424
0.000541766
0.000537126
0.000532505
0.000527907
0.000523335
0.000518789
0.000707158
0.000706996
0.000706562
0.000705866
0.000704933
0.000703779
0.000702413
0.000700844
0.000699083
0.000697138
0.000695018
0.00069273
0.000690282
0.000687681
0.000684931
0.00068204
0.000679012
0.000675853
0.000672568
0.000669162
0.000665642
0.000662012
0.00065828
0.000654452
0.000650533
0.00064653
0.000642449
0.000638295
0.000634074
0.000629791
0.000625451
0.00062106
0.000616621
0.00061214
0.000607621
0.000603068
0.000598486
0.000593879
0.000589251
0.000584606
0.000579947
0.00057528
0.000570606
0.000565931
0.000561257
0.000556588
0.000551926
0.000547276
0.00054264
0.000538021
0.000533422
0.000528844
0.000524292
0.000519767
0.000515271
0.000704128
0.000703963
0.000703522
0.000702814
0.000701865
0.000700691
0.000699302
0.000697708
0.000695918
0.000693943
0.000691791
0.00068947
0.000686987
0.000684349
0.000681564
0.000678636
0.000675572
0.000672377
0.000669057
0.000665617
0.000662063
0.000658402
0.00065464
0.000650782
0.000646836
0.000642807
0.000638702
0.000634526
0.000630286
0.000625986
0.000621632
0.000617229
0.000612781
0.000608294
0.000603772
0.000599219
0.000594639
0.000590038
0.000585418
0.000580785
0.000576141
0.000571491
0.000566838
0.000562185
0.000557537
0.000552897
0.000548266
0.00054365
0.00053905
0.000534469
0.00052991
0.000525376
0.000520868
0.00051639
0.000511942
0.000701204
0.000701035
0.000700588
0.000699868
0.000698905
0.000697712
0.000696302
0.000694684
0.000692868
0.000690864
0.000688682
0.000686329
0.000683814
0.000681144
0.000678325
0.000675364
0.000672267
0.000669039
0.000665687
0.000662216
0.000658632
0.000654942
0.000651151
0.000647268
0.000643297
0.000639245
0.00063512
0.000630925
0.000626669
0.000622355
0.000617989
0.000613577
0.000609122
0.000604631
0.000600108
0.000595556
0.000590981
0.000586387
0.000581778
0.000577157
0.000572529
0.000567897
0.000563265
0.000558636
0.000554014
0.000549402
0.000544803
0.00054022
0.000535656
0.000531113
0.000526594
0.000522101
0.000517638
0.000513205
0.000508805
0.000698395
0.000698224
0.00069777
0.00069704
0.000696063
0.000694853
0.000693423
0.000691783
0.000689942
0.000687913
0.000685703
0.000683321
0.000680777
0.000678076
0.000675227
0.000672235
0.000669107
0.00066585
0.000662468
0.000658969
0.000655358
0.000651641
0.000647826
0.000643919
0.000639927
0.000635856
0.000631712
0.000627502
0.000623231
0.000618905
0.00061453
0.000610111
0.000605652
0.000601159
0.000596636
0.000592088
0.000587519
0.000582934
0.000578335
0.000573728
0.000569117
0.000564504
0.000559893
0.000555289
0.000550693
0.00054611
0.000541541
0.000536991
0.000532462
0.000527956
0.000523476
0.000519024
0.000514603
0.000510214
0.00050586
0.000695715
0.000695541
0.000695081
0.000694342
0.000693352
0.000692127
0.000690678
0.000689017
0.000687155
0.000685101
0.000682865
0.000680458
0.000677886
0.000675157
0.00067228
0.00066926
0.000666105
0.000662821
0.000659413
0.000655888
0.000652252
0.000648513
0.000644676
0.000640748
0.000636737
0.000632648
0.000628489
0.000624265
0.000619982
0.000615647
0.000611265
0.000606841
0.000602379
0.000597886
0.000593366
0.000588822
0.00058426
0.000579684
0.000575098
0.000570506
0.000565911
0.000561317
0.000556728
0.000552148
0.000547578
0.000543023
0.000538485
0.000533967
0.000529472
0.000525002
0.00052056
0.000516147
0.000511767
0.00050742
0.00050311
0.000693176
0.000693
0.000692534
0.000691786
0.000690784
0.000689544
0.000688079
0.000686399
0.000684516
0.000682441
0.000680182
0.00067775
0.000675153
0.0006724
0.000669497
0.000666453
0.000663273
0.000659964
0.000656532
0.000652984
0.000649327
0.000645567
0.00064171
0.000637765
0.000633737
0.000629633
0.00062546
0.000621225
0.000616933
0.000612591
0.000608203
0.000603775
0.000599313
0.000594821
0.000590304
0.000585766
0.000581212
0.000576647
0.000572073
0.000567496
0.000562918
0.000558344
0.000553776
0.000549219
0.000544675
0.000540147
0.000535639
0.000531152
0.00052669
0.000522254
0.000517848
0.000513473
0.000509132
0.000504826
0.000500557
0.000690791
0.000690612
0.000690142
0.000689386
0.000688373
0.00068712
0.00068564
0.000683943
0.000682041
0.000679946
0.000677666
0.000675212
0.000672593
0.000669817
0.000666892
0.000663825
0.000660622
0.000657292
0.000653839
0.000650271
0.000646594
0.000642816
0.000638942
0.000634981
0.000630938
0.000626822
0.000622638
0.000618394
0.000614094
0.000609746
0.000605354
0.000600925
0.000596463
0.000591973
0.00058746
0.000582929
0.000578384
0.000573829
0.000569268
0.000564706
0.000560145
0.00055559
0.000551044
0.000546509
0.00054199
0.000537488
0.000533008
0.000528551
0.00052412
0.000519718
0.000515346
0.000511007
0.000506702
0.000502434
0.000498204
0.000688573
0.000688392
0.000687918
0.000687154
0.000686131
0.000684867
0.000683373
0.000681661
0.000679743
0.000677629
0.000675331
0.000672857
0.000670218
0.000667422
0.000664477
0.000661389
0.000658167
0.000654817
0.000651346
0.00064776
0.000644066
0.000640272
0.000636384
0.000632409
0.000628354
0.000624227
0.000620034
0.000615781
0.000611476
0.000607123
0.000602729
0.000598299
0.000593838
0.000589351
0.000584844
0.00058032
0.000575784
0.00057124
0.000566692
0.000562144
0.0005576
0.000553063
0.000548537
0.000544024
0.000539529
0.000535052
0.000530599
0.00052617
0.000521769
0.000517397
0.000513057
0.000508751
0.000504481
0.000500249
0.000496055
0.000686537
0.000686354
0.000685876
0.000685106
0.000684075
0.0006828
0.000681294
0.000679568
0.000677635
0.000675505
0.00067319
0.0006707
0.000668043
0.000665229
0.000662265
0.000659161
0.000655921
0.000652554
0.000649067
0.000645465
0.000641757
0.000637949
0.000634047
0.000630061
0.000625996
0.000621859
0.000617659
0.0006134
0.00060909
0.000604734
0.000600339
0.000595909
0.00059145
0.000586967
0.000582465
0.000577948
0.000573421
0.000568888
0.000564353
0.000559819
0.000555291
0.000550772
0.000546264
0.000541772
0.000537299
0.000532846
0.000528417
0.000524015
0.000519641
0.000515298
0.000510988
0.000506713
0.000502474
0.000498275
0.000494115
0.000684698
0.000684513
0.000684032
0.000683256
0.000682217
0.000680933
0.000679416
0.000677678
0.000675732
0.000673589
0.000671259
0.000668753
0.000666081
0.000663252
0.000660273
0.000657153
0.000653898
0.000650517
0.000647015
0.000643401
0.000639679
0.000635859
0.000631947
0.000627951
0.000623877
0.000619733
0.000615526
0.000611263
0.000606949
0.000602591
0.000598195
0.000593766
0.00058931
0.000584831
0.000580335
0.000575825
0.000571307
0.000566784
0.000562261
0.000557741
0.000553227
0.000548724
0.000544234
0.000539762
0.000535308
0.000530877
0.000526471
0.000522092
0.000517743
0.000513427
0.000509144
0.000504896
0.000500687
0.000496517
0.000492387
0.000683071
0.000682885
0.0006824
0.00068162
0.000680574
0.000679282
0.000677756
0.000676008
0.00067405
0.000671895
0.000669553
0.000667034
0.000664349
0.000661506
0.000658514
0.000655381
0.000652114
0.00064872
0.000645206
0.00064158
0.000637849
0.000634019
0.000630098
0.000626093
0.000622012
0.000617862
0.00061365
0.000609383
0.000605066
0.000600707
0.000596311
0.000591884
0.00058743
0.000582956
0.000578465
0.000573962
0.000569452
0.000564939
0.000560426
0.000555918
0.000551418
0.00054693
0.000542456
0.000538001
0.000533565
0.000529154
0.000524768
0.000520411
0.000516084
0.000511791
0.000507532
0.000503309
0.000499126
0.000494982
0.000490879
0.000681672
0.000681484
0.000680997
0.000680213
0.000679162
0.000677862
0.000676329
0.000674572
0.000672605
0.00067044
0.000668087
0.000665558
0.000662861
0.000660008
0.000657005
0.00065386
0.000650583
0.000647179
0.000643656
0.00064002
0.00063628
0.000632441
0.000628513
0.000624502
0.000620415
0.00061626
0.000612044
0.000607774
0.000603456
0.000599096
0.000594701
0.000590275
0.000585824
0.000581353
0.000576867
0.000572371
0.000567868
0.000563364
0.000558861
0.000554364
0.000549876
0.0005454
0.000540941
0.0005365
0.000532081
0.000527686
0.000523318
0.000518979
0.000514672
0.000510398
0.00050616
0.000501959
0.000497798
0.000493676
0.000489597
0.000680517
0.000680328
0.000679839
0.000679052
0.000677996
0.000676691
0.000675151
0.000673388
0.000671413
0.00066924
0.000666879
0.000664341
0.000661635
0.000658773
0.000655761
0.000652608
0.000649322
0.00064591
0.000642379
0.000638736
0.000634988
0.000631144
0.00062721
0.000623193
0.000619102
0.000614943
0.000610724
0.000606452
0.000602133
0.000597773
0.000593378
0.000588953
0.000584505
0.000580038
0.000575557
0.000571066
0.000566569
0.000562072
0.000557577
0.000553089
0.000548611
0.000544147
0.000539699
0.000535271
0.000530865
0.000526484
0.000522131
0.000517807
0.000513516
0.000509259
0.000505038
0.000500855
0.000496712
0.000492609
0.000488549
0.000679624
0.000679434
0.000678943
0.000678154
0.000677095
0.000675786
0.000674241
0.000672472
0.000670492
0.000668312
0.000665944
0.0006634
0.000660688
0.000657819
0.0006548
0.000651641
0.000648349
0.00064493
0.000641393
0.000637745
0.000633992
0.000630143
0.000626204
0.000622184
0.000618089
0.000613928
0.000609707
0.000605433
0.000601113
0.000596753
0.000592359
0.000587936
0.000583489
0.000579025
0.000574547
0.000570061
0.000565569
0.000561078
0.00055659
0.000552109
0.000547639
0.000543183
0.000538744
0.000534326
0.00052993
0.00052556
0.000521218
0.000516907
0.000512628
0.000508384
0.000504177
0.000500007
0.000495878
0.00049179
0.000487744
0.00067901
0.000678819
0.000678328
0.000677537
0.000676475
0.000675163
0.000673615
0.000671843
0.000669858
0.000667675
0.000665303
0.000662754
0.000660037
0.000657164
0.000654141
0.000650977
0.00064768
0.000644258
0.000640717
0.000637065
0.000633308
0.000629456
0.000625514
0.000621491
0.000617395
0.000613231
0.000609009
0.000604734
0.000600414
0.000596054
0.00059166
0.000587238
0.000582793
0.000578331
0.000573856
0.000569372
0.000564885
0.000560397
0.000555914
0.000551438
0.000546973
0.000542523
0.000538091
0.000533679
0.000529291
0.000524928
0.000520594
0.000516291
0.000512021
0.000507786
0.000503588
0.000499428
0.000495308
0.00049123
0.000487195
0.000678694
0.000678502
0.00067801
0.000677219
0.000676156
0.000674843
0.000673293
0.000671519
0.000669532
0.000667346
0.000664972
0.000662421
0.000659702
0.000656826
0.000653801
0.000650635
0.000647336
0.000643911
0.000640368
0.000636714
0.000632956
0.000629102
0.000625159
0.000621135
0.000617037
0.000612873
0.00060865
0.000604375
0.000600054
0.000595694
0.000591301
0.000586879
0.000582436
0.000577974
0.0005735
0.000569018
0.000564533
0.000560047
0.000555566
0.000551093
0.000546631
0.000542184
0.000537755
0.000533347
0.000528962
0.000524604
0.000520274
0.000515975
0.000511709
0.000507479
0.000503285
0.00049913
0.000495016
0.000490942
0.000486912
0.000772857
0.000767774
0.000762392
0.000756697
0.000750676
0.000744317
0.000737606
0.000730531
0.000723076
0.00071523
0.000706979
0.000698308
0.000689206
0.000679659
0.000669655
0.000659181
0.000763573
0.000758383
0.000752898
0.000747108
0.000740999
0.00073456
0.000727779
0.000720642
0.000713138
0.000705253
0.000696976
0.000688294
0.000679195
0.000669667
0.0006597
0.000649281
0.000754362
0.000749072
0.000743494
0.000737618
0.00073143
0.000724921
0.000718078
0.00071089
0.000703346
0.000695433
0.00068714
0.000678457
0.000669371
0.000659873
0.000649952
0.000639598
0.000745229
0.000739849
0.000734187
0.000728233
0.000721976
0.000715405
0.000708511
0.000701282
0.000693706
0.000685775
0.000677477
0.000668802
0.00065974
0.000650281
0.000640416
0.000630136
0.000736183
0.00073072
0.000724982
0.000718959
0.000712642
0.00070602
0.000699083
0.000691822
0.000684226
0.000676285
0.000667991
0.000659334
0.000650305
0.000640894
0.000631095
0.000620898
0.000727229
0.000721692
0.000715887
0.000709805
0.000703435
0.00069677
0.0006898
0.000682516
0.000674908
0.000666968
0.000658688
0.000650057
0.00064107
0.000631717
0.000621991
0.000611886
0.000718375
0.000712772
0.000706908
0.000700774
0.000694362
0.000687663
0.000680668
0.00067337
0.000665759
0.000657829
0.00064957
0.000640976
0.000632038
0.000622751
0.000613107
0.000709627
0.000703966
0.000698051
0.000691874
0.000685427
0.000678702
0.000671692
0.000664388
0.000656784
0.000648871
0.000640643
0.000632092
0.000623213
0.000613999
0.000604445
0.00070099
0.000695279
0.000689322
0.00068311
0.000676637
0.000669895
0.000662877
0.000655576
0.000647985
0.000640098
0.000631909
0.00062341
0.000614597
0.000605464
0.000596006
0.000692471
0.000686718
0.000680726
0.000674487
0.000667995
0.000661244
0.000654226
0.000646937
0.000639368
0.000631515
0.000623372
0.000614932
0.000606193
0.000597147
0.000587792
0.000684075
0.000678288
0.000672268
0.00066601
0.000659508
0.000652755
0.000645746
0.000638475
0.000630936
0.000623124
0.000615034
0.000606661
0.000598001
0.00058905
0.000579804
0.000675808
0.000669994
0.000663954
0.000657684
0.000651179
0.000644432
0.000637438
0.000630193
0.000622691
0.000614927
0.000606897
0.000598597
0.000590024
0.000581172
0.000572041
0.000667676
0.000661841
0.000655789
0.000649514
0.000643013
0.000636279
0.000629308
0.000622095
0.000614637
0.000606928
0.000598964
0.000590743
0.000582262
0.000573516
0.000564504
0.000659682
0.000653834
0.000647776
0.000641504
0.000635013
0.000628299
0.000621358
0.000614184
0.000606775
0.000599127
0.000591236
0.0005831
0.000574715
0.00056608
0.000557192
0.000651832
0.000645977
0.00063992
0.000633657
0.000627184
0.000620496
0.00061359
0.000606462
0.000599109
0.000591528
0.000583715
0.000575668
0.000567386
0.000558865
0.000550105
0.00064413
0.000638275
0.000632226
0.000625978
0.000619528
0.000612872
0.000606008
0.000598931
0.00059164
0.00058413
0.0005764
0.000568448
0.000560272
0.00055187
0.000543241
0.00063658
0.000630731
0.000624695
0.000618469
0.000612048
0.000605431
0.000598613
0.000591593
0.000584368
0.000576935
0.000569293
0.00056144
0.000553374
0.000545094
0.0005366
0.000629187
0.00062335
0.000617333
0.000611133
0.000604747
0.000598173
0.000591408
0.00058445
0.000577296
0.000569944
0.000562394
0.000554643
0.00054669
0.000538536
0.000530179
0.000621953
0.000616133
0.000610141
0.000603973
0.000597628
0.000591102
0.000584394
0.000577502
0.000570423
0.000563157
0.000555702
0.000548057
0.000540221
0.000532194
0.000523976
0.000614882
0.000609085
0.000603122
0.000596992
0.000590691
0.000584219
0.000577572
0.00057075
0.000563751
0.000556574
0.000549217
0.000541681
0.000533964
0.000526066
0.000517989
0.000607978
0.000602208
0.00059628
0.000590191
0.000583939
0.000577524
0.000570943
0.000564195
0.000557279
0.000550193
0.000542938
0.000535513
0.000527917
0.000520152
0.000512216
0.000601242
0.000595504
0.000589615
0.000583572
0.000577374
0.000571019
0.000564508
0.000557837
0.000551007
0.000544016
0.000536865
0.000529553
0.00052208
0.000514447
0.000506653
0.000594678
0.000588976
0.000583129
0.000577136
0.000570995
0.000564706
0.000558266
0.000551676
0.000544934
0.000538041
0.000530995
0.000523798
0.000516449
0.000508949
0.000501299
0.000588287
0.000582625
0.000576825
0.000570885
0.000564805
0.000558583
0.000552218
0.000545711
0.00053906
0.000532266
0.000525328
0.000518247
0.000511023
0.000503657
0.000496149
0.000582072
0.000576454
0.000570703
0.00056482
0.000558803
0.000552651
0.000546365
0.000539942
0.000533384
0.000526691
0.000519862
0.000512897
0.000505798
0.000498566
0.000491201
0.000576034
0.000570463
0.000564765
0.000558941
0.00055299
0.000546911
0.000540704
0.000534369
0.000527905
0.000521313
0.000514594
0.000507747
0.000500773
0.000493674
0.000486451
0.000570175
0.000564653
0.000559012
0.000553249
0.000547366
0.000541362
0.000535236
0.000528989
0.000522621
0.000516132
0.000509522
0.000502792
0.000495944
0.000488978
0.000481895
0.000564496
0.000559026
0.000553443
0.000547744
0.000541931
0.000536003
0.000529961
0.000523803
0.000517531
0.000511145
0.000504645
0.000498032
0.000491308
0.000484473
0.00047753
0.000558998
0.000553583
0.000548059
0.000542426
0.000536685
0.000530835
0.000524876
0.000518808
0.000512633
0.000506349
0.000499959
0.000493463
0.000486863
0.000480158
0.000473352
0.000553683
0.000548323
0.000542861
0.000537296
0.000531627
0.000525855
0.000519981
0.000514003
0.000507924
0.000501744
0.000495463
0.000489083
0.000482604
0.000476028
0.000469357
0.00054855
0.000543248
0.000537849
0.000532351
0.000526756
0.000521064
0.000515274
0.000509387
0.000503405
0.000497327
0.000491154
0.000484888
0.00047853
0.00047208
0.000465542
0.0005436
0.000538358
0.000533022
0.000527594
0.000522073
0.000516459
0.000510754
0.000504958
0.000499071
0.000493094
0.000487029
0.000480876
0.000474636
0.000468311
0.000461902
0.000538835
0.000533652
0.000528381
0.000523022
0.000517575
0.000512041
0.000506421
0.000500714
0.000494922
0.000489045
0.000483085
0.000477043
0.000470919
0.000464716
0.000458435
0.000534254
0.000529131
0.000523925
0.000518636
0.000513263
0.000507808
0.000502271
0.000496653
0.000490955
0.000485177
0.00047932
0.000473387
0.000467377
0.000461293
0.000455136
0.000529858
0.000524796
0.000519655
0.000514434
0.000509135
0.000503759
0.000498305
0.000492774
0.000487168
0.000481487
0.000475732
0.000469905
0.000464007
0.000458038
0.000452002
0.000525647
0.000520645
0.000515569
0.000510417
0.000505192
0.000499892
0.00049452
0.000489075
0.000483559
0.000477973
0.000472317
0.000466594
0.000460804
0.000454948
0.000449029
0.000521622
0.00051668
0.000511668
0.000506584
0.000501431
0.000496207
0.000490915
0.000485554
0.000480127
0.000474633
0.000469074
0.000463452
0.000457766
0.00045202
0.000446215
0.000517782
0.000512901
0.000507951
0.000502935
0.000497852
0.000492703
0.000487489
0.00048221
0.000476869
0.000471465
0.000466
0.000460475
0.000454892
0.000449251
0.000443555
0.00051413
0.000509307
0.00050442
0.000499469
0.000494455
0.000489378
0.00048424
0.000479042
0.000473784
0.000468467
0.000463093
0.000457662
0.000452177
0.000446638
0.000441046
0.000510665
0.000505899
0.000501073
0.000496186
0.000491239
0.000486233
0.000481169
0.000476048
0.00047087
0.000465637
0.00046035
0.000455011
0.000449619
0.000444178
0.000438687
0.000507388
0.000502678
0.000497911
0.000493086
0.000488204
0.000483266
0.000478273
0.000473227
0.000468126
0.000462974
0.000457771
0.000452519
0.000447217
0.000441869
0.000436475
0.000504301
0.000499645
0.000494935
0.000490169
0.00048535
0.000480478
0.000475554
0.000470578
0.000465552
0.000460477
0.000455354
0.000450184
0.000444969
0.000439709
0.000434406
0.000501404
0.000496801
0.000492145
0.000487437
0.000482678
0.000477868
0.000473009
0.000468102
0.000463147
0.000458145
0.000453098
0.000448007
0.000442873
0.000437697
0.00043248
0.0004987
0.000494147
0.000489543
0.00048489
0.000480188
0.000475438
0.000470641
0.000465798
0.00046091
0.000455977
0.000451002
0.000445985
0.000440927
0.00043583
0.000430695
0.000496192
0.000491685
0.000487131
0.00048253
0.000477881
0.000473187
0.000468449
0.000463666
0.000458841
0.000453974
0.000449066
0.000444118
0.000439132
0.000434109
0.00042905
0.000493881
0.000489419
0.000484911
0.000480358
0.00047576
0.000471118
0.000466434
0.000461708
0.000456941
0.000452135
0.000447289
0.000442406
0.000437487
0.000432533
0.000427544
0.000491771
0.00048735
0.000482885
0.000478377
0.000473826
0.000469233
0.000464599
0.000459925
0.000455212
0.000450462
0.000445674
0.00044085
0.000435992
0.000431101
0.000426177
0.000489865
0.000485483
0.000481057
0.00047659
0.000472082
0.000467533
0.000462945
0.000458319
0.000453656
0.000448956
0.000444221
0.000439451
0.000434649
0.000429814
0.000424949
0.00048817
0.000483822
0.000479432
0.000475001
0.000470532
0.000466023
0.000461477
0.000456893
0.000452274
0.00044762
0.000442931
0.00043821
0.000433458
0.000428674
0.000423862
0.00048669
0.000482372
0.000478013
0.000473616
0.00046918
0.000464707
0.000460196
0.000455651
0.00045107
0.000446456
0.000441809
0.000437131
0.000432422
0.000427683
0.000422917
0.000485432
0.00048114
0.000476809
0.000472439
0.000468032
0.000463589
0.00045911
0.000454597
0.000450049
0.000445469
0.000440858
0.000436216
0.000431544
0.000426844
0.000422116
0.000484404
0.000480133
0.000475824
0.000471478
0.000467095
0.000462676
0.000458223
0.000453736
0.000449216
0.000444665
0.000440082
0.000435469
0.000430828
0.000426159
0.000421464
0.000483616
0.000479361
0.000475069
0.000470741
0.000466376
0.000461977
0.000457543
0.000453077
0.000448578
0.000444048
0.000439487
0.000434898
0.00043028
0.000425636
0.000420965
0.000483076
0.000478833
0.000474553
0.000470237
0.000465885
0.000461499
0.000457079
0.000452626
0.000448142
0.000443627
0.000439082
0.000434508
0.000429906
0.000425278
0.000420625
0.0004828
0.000478563
0.000474289
0.000469978
0.000465633
0.000461254
0.000456841
0.000452395
0.000447919
0.000443411
0.000438874
0.000434308
0.000429715
0.000425095
0.00042045
)
;

boundaryField
{
    down
    {
        type            symmetryPlane;
    }
    right
    {
        type            fixedValue;
        value           nonuniform List<scalar> 0();
    }
    up
    {
        type            symmetryPlane;
    }
    left
    {
        type            zeroGradient;
    }
    cylinder
    {
        type            zeroGradient;
    }
    frontAndBack
    {
        type            empty;
    }
    procBoundary8to4
    {
        type            processor;
        value           nonuniform List<scalar> 
72
(
0.00103963
0.00104065
0.00104139
0.00104183
0.00104192
0.00104164
0.00104095
0.00103982
0.00103819
0.00103602
0.00103326
0.00102986
0.00102577
0.00102092
0.00101525
0.0010087
0.000882514
0.00088267
0.000883159
0.000883916
0.000884925
0.000886178
0.00088766
0.000889362
0.00089127
0.000890991
0.000890991
0.000893201
0.000895582
0.000898124
0.000900818
0.000903655
0.000906626
0.000909722
0.000912934
0.000916253
0.000919673
0.000923186
0.000926784
0.000930461
0.00093421
0.000938025
0.000941898
0.000945822
0.000949789
0.000953793
0.000957823
0.000961873
0.000965931
0.000969989
0.000974037
0.000978066
0.000982064
0.000986023
0.00098993
0.000993777
0.000997552
0.00100124
0.00100484
0.00100834
0.00101172
0.00101498
0.0010181
0.00102107
0.00102389
0.00102654
0.00102902
0.0010313
0.00103339
0.00103527
0.00103694
0.00103838
)
;
    }
    procBoundary8to5
    {
        type            processor;
        value           uniform 0.000976661;
    }
    procBoundary8to9
    {
        type            processor;
        value           nonuniform List<scalar> 
75
(
0.000953031
0.000930291
0.000908424
0.00088741
0.000867227
0.000847853
0.000829266
0.00081144
0.000794351
0.000777975
0.000762286
0.00074726
0.000732871
0.000719096
0.000705909
0.000693288
0.00068121
0.000669652
0.000658592
0.000648226
0.0006384
0.000628802
0.000619434
0.000610298
0.000601395
0.000603101
0.000603101
0.000594544
0.000586219
0.000578124
0.00057026
0.000562627
0.000555224
0.00054805
0.000541104
0.000534385
0.000527891
0.000521619
0.000515567
0.000509732
0.000504111
0.000498701
0.000493499
0.000488502
0.000483704
0.000479104
0.000474696
0.000470478
0.000466444
0.000462591
0.000458915
0.000455412
0.000452077
0.000448907
0.000445899
0.000443048
0.000440351
0.000437804
0.000435404
0.000433149
0.000431036
0.000429062
0.000427225
0.000425524
0.000423957
0.000422523
0.000421222
0.000420054
0.000419021
0.000418123
0.000417363
0.000416744
0.00041627
0.000415947
0.000415781
)
;
    }
}


// ************************************************************************* //
