/*--------------------------------*- C++ -*----------------------------------*\
| =========                 |                                                 |
| \\      /  F ield         | OpenFOAM: The Open Source CFD Toolbox           |
|  \\    /   O peration     | Version:  2412                                  |
|   \\  /    A nd           | Website:  www.openfoam.com                      |
|    \\/     M anipulation  |                                                 |
\*---------------------------------------------------------------------------*/
FoamFile
{
    version     2.0;
    format      ascii;
    arch        "LSB;label=32;scalar=64";
    class       volScalarField;
    location    "9.5";
    object      p;
}
// * * * * * * * * * * * * * * * * * * * * * * * * * * * * * * * * * * * * * //

dimensions      [0 2 -2 0 0 0 0];

internalField   nonuniform List<scalar> 
5285
(
-2.52268e-05
-2.41209e-05
-2.30388e-05
-2.19783e-05
-2.09403e-05
-1.99267e-05
-1.89383e-05
-1.79758e-05
-1.70401e-05
-1.61317e-05
-1.52511e-05
-1.43987e-05
-1.35749e-05
-1.278e-05
-1.20139e-05
-1.12768e-05
-1.05687e-05
-9.88926e-06
-9.23859e-06
-8.61619e-06
-8.02187e-06
-7.45534e-06
-6.91595e-06
-6.40342e-06
-5.91706e-06
-5.45615e-06
-5.02029e-06
-4.60857e-06
-4.22033e-06
-3.85491e-06
-3.51167e-06
-3.18949e-06
-2.88781e-06
-2.60588e-06
-2.34282e-06
-2.09813e-06
-1.8704e-06
-1.65947e-06
-1.46387e-06
-1.28304e-06
-1.11616e-06
-9.62236e-07
-8.20532e-07
-6.90309e-07
-5.71021e-07
-4.61643e-07
-3.61141e-07
-2.7069e-07
-1.83583e-07
-1.13932e-07
-2.76703e-08
2.48704e-09
1.3208e-07
4.7347e-08
3.63052e-07
-6.89896e-08
8.07681e-07
-5.17472e-07
1.65552e-06
-1.42666e-06
2.89099e-06
-2.47952e-06
3.7903e-06
-2.494e-06
2.87581e-06
-7.25632e-08
-5.74695e-07
4.22413e-06
-4.40832e-06
6.89489e-06
-4.68048e-06
-2.52205e-05
-2.41145e-05
-2.30326e-05
-2.1972e-05
-2.09342e-05
-1.99207e-05
-1.89324e-05
-1.79701e-05
-1.70346e-05
-1.61263e-05
-1.5246e-05
-1.43938e-05
-1.35702e-05
-1.27755e-05
-1.20096e-05
-1.12727e-05
-1.05648e-05
-9.88557e-06
-9.23512e-06
-8.61291e-06
-8.01878e-06
-7.45246e-06
-6.91322e-06
-6.40088e-06
-5.91469e-06
-5.45394e-06
-5.01824e-06
-4.60666e-06
-4.21856e-06
-3.85328e-06
-3.51017e-06
-3.1881e-06
-2.88654e-06
-2.60473e-06
-2.34176e-06
-2.09718e-06
-1.86952e-06
-1.65868e-06
-1.46314e-06
-1.28237e-06
-1.11557e-06
-9.61701e-07
-8.20053e-07
-6.89878e-07
-5.70649e-07
-4.6129e-07
-3.6085e-07
-2.70418e-07
-1.83359e-07
-1.13737e-07
-2.75132e-08
2.64139e-09
1.3219e-07
4.74973e-08
3.6305e-07
-6.87711e-08
8.07511e-07
-5.17162e-07
1.65525e-06
-1.42637e-06
2.89077e-06
-2.47942e-06
3.79042e-06
-2.49438e-06
2.87635e-06
-7.31676e-08
-5.74231e-07
4.22388e-06
-4.4084e-06
6.89512e-06
-4.68316e-06
-2.52078e-05
-2.41019e-05
-2.302e-05
-2.19596e-05
-2.09219e-05
-1.99087e-05
-1.89207e-05
-1.79587e-05
-1.70235e-05
-1.61157e-05
-1.52357e-05
-1.43839e-05
-1.35608e-05
-1.27664e-05
-1.2001e-05
-1.12645e-05
-1.0557e-05
-9.87824e-06
-9.22817e-06
-8.60638e-06
-8.01264e-06
-7.44665e-06
-6.90781e-06
-6.39579e-06
-5.90992e-06
-5.44953e-06
-5.01411e-06
-4.60283e-06
-4.21503e-06
-3.85004e-06
-3.50715e-06
-3.18535e-06
-2.88404e-06
-2.60244e-06
-2.33971e-06
-2.09525e-06
-1.86783e-06
-1.65706e-06
-1.46169e-06
-1.28106e-06
-1.11437e-06
-9.60617e-07
-8.19092e-07
-6.89055e-07
-5.69854e-07
-4.60658e-07
-3.6021e-07
-2.69902e-07
-1.82887e-07
-1.1337e-07
-2.71811e-08
2.94486e-09
1.32389e-07
4.78702e-08
3.63031e-07
-6.83439e-08
8.07157e-07
-5.16531e-07
1.65469e-06
-1.42573e-06
2.89032e-06
-2.47926e-06
3.79069e-06
-2.49513e-06
2.8774e-06
-7.43679e-08
-5.73207e-07
4.22336e-06
-4.40857e-06
6.89553e-06
-4.68842e-06
-2.51888e-05
-2.40829e-05
-2.30011e-05
-2.19409e-05
-2.09035e-05
-1.98906e-05
-1.89031e-05
-1.79416e-05
-1.70069e-05
-1.60996e-05
-1.52203e-05
-1.43691e-05
-1.35466e-05
-1.27529e-05
-1.1988e-05
-1.12522e-05
-1.05453e-05
-9.86722e-06
-9.21775e-06
-8.59657e-06
-8.00342e-06
-7.43796e-06
-6.89969e-06
-6.38818e-06
-5.9028e-06
-5.44291e-06
-5.00794e-06
-4.59711e-06
-4.20975e-06
-3.84517e-06
-3.50264e-06
-3.18123e-06
-2.88028e-06
-2.599e-06
-2.3366e-06
-2.09236e-06
-1.86524e-06
-1.65466e-06
-1.45953e-06
-1.27909e-06
-1.11257e-06
-9.59006e-07
-8.17659e-07
-6.87799e-07
-5.68692e-07
-4.59677e-07
-3.59287e-07
-2.69119e-07
-1.82193e-07
-1.1279e-07
-2.66925e-08
3.42395e-09
1.32678e-07
4.84009e-08
3.63009e-07
-6.77106e-08
8.06675e-07
-5.15625e-07
1.65388e-06
-1.42482e-06
2.8897e-06
-2.47908e-06
3.79115e-06
-2.49632e-06
2.87903e-06
-7.61743e-08
-5.71714e-07
4.22265e-06
-4.40887e-06
6.89618e-06
-4.696e-06
-2.51635e-05
-2.40575e-05
-2.29758e-05
-2.19159e-05
-2.0879e-05
-1.98666e-05
-1.88796e-05
-1.79188e-05
-1.69848e-05
-1.60783e-05
-1.51997e-05
-1.43494e-05
-1.35277e-05
-1.27348e-05
-1.19708e-05
-1.12358e-05
-1.05298e-05
-9.85253e-06
-9.20386e-06
-8.58349e-06
-7.99112e-06
-7.4264e-06
-6.88886e-06
-6.37805e-06
-5.89334e-06
-5.43411e-06
-4.99974e-06
-4.5895e-06
-4.20272e-06
-3.83867e-06
-3.49664e-06
-3.17574e-06
-2.87525e-06
-2.59441e-06
-2.33242e-06
-2.08853e-06
-1.86177e-06
-1.65147e-06
-1.45664e-06
-1.27647e-06
-1.1102e-06
-9.5687e-07
-8.15753e-07
-6.86114e-07
-5.67162e-07
-4.5835e-07
-3.58075e-07
-2.68069e-07
-1.81278e-07
-1.11997e-07
-2.6045e-08
4.07446e-09
1.33058e-07
4.90837e-08
3.62993e-07
-6.68917e-08
8.06098e-07
-5.14501e-07
1.65292e-06
-1.42376e-06
2.88907e-06
-2.47908e-06
3.792e-06
-2.49812e-06
2.88138e-06
-7.864e-08
-5.69807e-07
4.22191e-06
-4.40951e-06
6.89731e-06
-4.70575e-06
-2.51317e-05
-2.40258e-05
-2.29442e-05
-2.18847e-05
-2.08482e-05
-1.98365e-05
-1.88502e-05
-1.78902e-05
-1.69571e-05
-1.60516e-05
-1.5174e-05
-1.43247e-05
-1.35041e-05
-1.27122e-05
-1.19493e-05
-1.12154e-05
-1.05104e-05
-9.83417e-06
-9.18652e-06
-8.56715e-06
-7.97575e-06
-7.41197e-06
-6.87535e-06
-6.3654e-06
-5.88153e-06
-5.42311e-06
-4.98951e-06
-4.58001e-06
-4.19393e-06
-3.83056e-06
-3.48915e-06
-3.16887e-06
-2.86896e-06
-2.58866e-06
-2.32718e-06
-2.08373e-06
-1.85742e-06
-1.64749e-06
-1.45303e-06
-1.2732e-06
-1.10724e-06
-9.54209e-07
-8.13377e-07
-6.84001e-07
-5.65261e-07
-4.56682e-07
-3.56574e-07
-2.66756e-07
-1.80141e-07
-1.10996e-07
-2.52391e-08
4.89635e-09
1.33526e-07
4.99269e-08
3.62969e-07
-6.58619e-08
8.05385e-07
-5.13096e-07
1.65171e-06
-1.42243e-06
2.88826e-06
-2.47905e-06
3.79303e-06
-2.50035e-06
2.88428e-06
-8.17002e-08
-5.67432e-07
4.22094e-06
-4.41018e-06
6.89854e-06
-4.71684e-06
-2.50934e-05
-2.39876e-05
-2.29062e-05
-2.18472e-05
-2.08113e-05
-1.98003e-05
-1.8815e-05
-1.78559e-05
-1.69239e-05
-1.60195e-05
-1.51431e-05
-1.42951e-05
-1.34757e-05
-1.26851e-05
-1.19235e-05
-1.11908e-05
-1.04871e-05
-9.81214e-06
-9.16571e-06
-8.54754e-06
-7.95732e-06
-7.39467e-06
-6.85914e-06
-6.35024e-06
-5.86737e-06
-5.40992e-06
-4.97724e-06
-4.56863e-06
-4.1834e-06
-3.82083e-06
-3.48018e-06
-3.16063e-06
-2.86141e-06
-2.58176e-06
-2.32088e-06
-2.07798e-06
-1.85219e-06
-1.64273e-06
-1.4487e-06
-1.26929e-06
-1.1037e-06
-9.51026e-07
-8.1053e-07
-6.81463e-07
-5.62988e-07
-4.54674e-07
-3.54783e-07
-2.65179e-07
-1.78785e-07
-1.09782e-07
-2.42859e-08
5.91134e-09
1.34036e-07
5.1018e-08
3.62777e-07
-6.43473e-08
8.04082e-07
-5.107e-07
1.64921e-06
-1.41937e-06
2.88543e-06
-2.4768e-06
3.79191e-06
-2.50084e-06
2.8862e-06
-8.4812e-08
-5.63851e-07
4.21773e-06
-4.40784e-06
6.89648e-06
-4.72551e-06
-2.50476e-05
-2.39419e-05
-2.28608e-05
-2.18023e-05
-2.07672e-05
-1.97571e-05
-1.87728e-05
-1.7815e-05
-1.68843e-05
-1.59812e-05
-1.51062e-05
-1.42597e-05
-1.34418e-05
-1.26527e-05
-1.18926e-05
-1.11615e-05
-1.04593e-05
-9.78583e-06
-9.14087e-06
-8.52414e-06
-7.93532e-06
-7.37402e-06
-6.8398e-06
-6.33215e-06
-5.85048e-06
-5.39418e-06
-4.9626e-06
-4.55505e-06
-4.17083e-06
-3.80922e-06
-3.46948e-06
-3.15079e-06
-2.8524e-06
-2.57351e-06
-2.31335e-06
-2.07111e-06
-1.84594e-06
-1.63704e-06
-1.44354e-06
-1.26462e-06
-1.09948e-06
-9.47231e-07
-8.07133e-07
-6.7843e-07
-5.60278e-07
-4.52273e-07
-3.52651e-07
-2.63295e-07
-1.77173e-07
-1.08318e-07
-2.31682e-08
7.16676e-09
1.34561e-07
5.24646e-08
3.62269e-07
-6.20549e-08
8.01734e-07
-5.06581e-07
1.64435e-06
-1.41311e-06
2.87866e-06
-2.4701e-06
3.78628e-06
-2.49748e-06
2.88565e-06
-8.7559e-08
-5.58174e-07
4.2101e-06
-4.3993e-06
6.8876e-06
-4.72833e-06
-2.49935e-05
-2.38879e-05
-2.28072e-05
-2.17493e-05
-2.07152e-05
-1.97062e-05
-1.87232e-05
-1.77668e-05
-1.68376e-05
-1.59361e-05
-1.50629e-05
-1.4218e-05
-1.34019e-05
-1.26147e-05
-1.18564e-05
-1.11271e-05
-1.04266e-05
-9.75489e-06
-9.11165e-06
-8.49662e-06
-7.90945e-06
-7.34975e-06
-6.81707e-06
-6.31089e-06
-5.83063e-06
-5.37569e-06
-4.9454e-06
-4.53909e-06
-4.15605e-06
-3.79557e-06
-3.4569e-06
-3.13923e-06
-2.84179e-06
-2.56381e-06
-2.3045e-06
-2.06303e-06
-1.83859e-06
-1.63035e-06
-1.43748e-06
-1.25913e-06
-1.09453e-06
-9.42775e-07
-8.03142e-07
-6.74865e-07
-5.57095e-07
-4.4945e-07
-3.50149e-07
-2.61086e-07
-1.75271e-07
-1.06614e-07
-2.18151e-08
8.56628e-09
1.35324e-07
5.38856e-08
3.62149e-07
-6.01558e-08
8.00247e-07
-5.03651e-07
1.64135e-06
-1.40937e-06
2.87518e-06
-2.46733e-06
3.78488e-06
-2.49814e-06
2.88816e-06
-9.17464e-08
-5.5314e-07
4.20525e-06
-4.39506e-06
6.88352e-06
-4.73637e-06
-2.49321e-05
-2.38267e-05
-2.27464e-05
-2.16894e-05
-2.06563e-05
-1.96486e-05
-1.8667e-05
-1.77122e-05
-1.67848e-05
-1.58852e-05
-1.50138e-05
-1.41709e-05
-1.33569e-05
-1.25717e-05
-1.18154e-05
-1.10881e-05
-1.03897e-05
-9.71994e-06
-9.07866e-06
-8.46554e-06
-7.88023e-06
-7.32234e-06
-6.79139e-06
-6.28687e-06
-5.80822e-06
-5.3548e-06
-4.92598e-06
-4.52107e-06
-4.13938e-06
-3.78017e-06
-3.4427e-06
-3.12617e-06
-2.82982e-06
-2.55286e-06
-2.29449e-06
-2.05391e-06
-1.83028e-06
-1.6228e-06
-1.43064e-06
-1.25294e-06
-1.08894e-06
-9.37749e-07
-7.98638e-07
-6.70838e-07
-5.53503e-07
-4.46261e-07
-3.47327e-07
-2.58596e-07
-1.7312e-07
-1.04698e-07
-2.02639e-08
1.01027e-08
1.36268e-07
5.53341e-08
3.62267e-07
-5.84267e-08
7.99215e-07
-5.01278e-07
1.63924e-06
-1.40679e-06
2.87321e-06
-2.46633e-06
3.78537e-06
-2.50063e-06
2.89214e-06
-9.67947e-08
-5.48014e-07
4.2011e-06
-4.39198e-06
6.88075e-06
-4.74565e-06
-2.48634e-05
-2.37582e-05
-2.26785e-05
-2.16224e-05
-2.05905e-05
-1.95842e-05
-1.86043e-05
-1.76513e-05
-1.67258e-05
-1.58283e-05
-1.49591e-05
-1.41184e-05
-1.33066e-05
-1.25237e-05
-1.17697e-05
-1.10447e-05
-1.03485e-05
-9.68098e-06
-9.04188e-06
-8.4309e-06
-7.84767e-06
-7.29179e-06
-6.76278e-06
-6.26012e-06
-5.78325e-06
-5.33154e-06
-4.90436e-06
-4.50101e-06
-4.12081e-06
-3.76301e-06
-3.42689e-06
-3.11163e-06
-2.81648e-06
-2.54065e-06
-2.28334e-06
-2.04374e-06
-1.82103e-06
-1.6144e-06
-1.42302e-06
-1.24605e-06
-1.08272e-06
-9.32152e-07
-7.9362e-07
-6.66352e-07
-5.49503e-07
-4.42708e-07
-3.44186e-07
-2.55824e-07
-1.70723e-07
-1.02568e-07
-1.85266e-08
1.17991e-08
1.37344e-07
5.6899e-08
3.62464e-07
-5.65885e-08
7.98175e-07
-4.98741e-07
1.63696e-06
-1.40389e-06
2.87083e-06
-2.46484e-06
3.78534e-06
-2.50274e-06
2.89598e-06
-1.02142e-07
-5.42045e-07
4.19557e-06
-4.38691e-06
6.87577e-06
-4.75223e-06
-2.47872e-05
-2.36823e-05
-2.26033e-05
-2.15482e-05
-2.05177e-05
-1.95131e-05
-1.8535e-05
-1.75841e-05
-1.66607e-05
-1.57655e-05
-1.48987e-05
-1.40605e-05
-1.32512e-05
-1.24708e-05
-1.17193e-05
-1.09968e-05
-1.03031e-05
-9.63803e-06
-9.00134e-06
-8.39271e-06
-7.81178e-06
-7.25811e-06
-6.73123e-06
-6.23062e-06
-5.75572e-06
-5.3059e-06
-4.88053e-06
-4.4789e-06
-4.10035e-06
-3.74412e-06
-3.40947e-06
-3.09561e-06
-2.80178e-06
-2.52719e-06
-2.27104e-06
-2.03253e-06
-1.81083e-06
-1.60513e-06
-1.41463e-06
-1.23846e-06
-1.07587e-06
-9.25986e-07
-7.88092e-07
-6.61409e-07
-5.45095e-07
-4.38793e-07
-3.40726e-07
-2.52772e-07
-1.6808e-07
-1.00222e-07
-1.66047e-08
1.36567e-08
1.38548e-07
5.85875e-08
3.62725e-07
-5.46188e-08
7.97089e-07
-4.95981e-07
1.63441e-06
-1.40055e-06
2.86789e-06
-2.46267e-06
3.7846e-06
-2.50427e-06
2.89953e-06
-1.0772e-07
-5.35184e-07
4.1885e-06
-4.37952e-06
6.86819e-06
-4.75514e-06
-2.47034e-05
-2.3599e-05
-2.25208e-05
-2.14669e-05
-2.04379e-05
-1.94351e-05
-1.84591e-05
-1.75104e-05
-1.65895e-05
-1.56968e-05
-1.48326e-05
-1.39972e-05
-1.31906e-05
-1.2413e-05
-1.16643e-05
-1.09445e-05
-1.02535e-05
-9.59109e-06
-8.95704e-06
-8.35099e-06
-7.77255e-06
-7.2213e-06
-6.69676e-06
-6.1984e-06
-5.72565e-06
-5.2779e-06
-4.8545e-06
-4.45477e-06
-4.07801e-06
-3.72349e-06
-3.39045e-06
-3.07812e-06
-2.78573e-06
-2.51249e-06
-2.25762e-06
-2.02029e-06
-1.79969e-06
-1.59502e-06
-1.40546e-06
-1.23016e-06
-1.06839e-06
-9.19254e-07
-7.82055e-07
-6.5601e-07
-5.40283e-07
-4.34518e-07
-3.36949e-07
-2.4944e-07
-1.65193e-07
-9.76618e-08
-1.44978e-08
1.56732e-08
1.39884e-07
6.03931e-08
3.63062e-07
-5.25391e-08
7.95992e-07
-4.93054e-07
1.63169e-06
-1.39689e-06
2.86455e-06
-2.46002e-06
3.78336e-06
-2.50544e-06
2.90295e-06
-1.13585e-07
-5.27488e-07
4.18004e-06
-4.37003e-06
6.85824e-06
-4.75412e-06
-2.4612e-05
-2.35081e-05
-2.24309e-05
-2.13784e-05
-2.03511e-05
-1.93504e-05
-1.83766e-05
-1.74304e-05
-1.65121e-05
-1.56222e-05
-1.47609e-05
-1.39284e-05
-1.31248e-05
-1.23502e-05
-1.16045e-05
-1.08877e-05
-1.01997e-05
-9.54018e-06
-8.90899e-06
-8.30573e-06
-7.73001e-06
-7.18138e-06
-6.65938e-06
-6.16346e-06
-5.69306e-06
-5.24755e-06
-4.8263e-06
-4.42862e-06
-4.05381e-06
-3.70113e-06
-3.36984e-06
-3.05916e-06
-2.76834e-06
-2.49657e-06
-2.24306e-06
-2.00701e-06
-1.78762e-06
-1.58405e-06
-1.39552e-06
-1.22117e-06
-1.06028e-06
-9.11956e-07
-7.7551e-07
-6.50157e-07
-5.35066e-07
-4.29884e-07
-3.32855e-07
-2.4583e-07
-1.62061e-07
-9.48886e-08
-1.22062e-08
1.7848e-08
1.41351e-07
6.23146e-08
3.63476e-07
-5.03541e-08
7.9489e-07
-4.89976e-07
1.62882e-06
-1.39295e-06
2.86084e-06
-2.45695e-06
3.78167e-06
-2.50629e-06
2.90627e-06
-1.19762e-07
-5.18962e-07
4.17023e-06
-4.35844e-06
6.84593e-06
-4.74883e-06
-2.45129e-05
-2.34096e-05
-2.23335e-05
-2.12825e-05
-2.02572e-05
-1.92587e-05
-1.82875e-05
-1.7344e-05
-1.64286e-05
-1.55417e-05
-1.46835e-05
-1.38542e-05
-1.30539e-05
-1.22825e-05
-1.154e-05
-1.08265e-05
-1.01416e-05
-9.48531e-06
-8.8572e-06
-8.25695e-06
-7.68415e-06
-7.13836e-06
-6.61909e-06
-6.12581e-06
-5.65794e-06
-5.21485e-06
-4.79592e-06
-4.40045e-06
-4.02775e-06
-3.67706e-06
-3.34765e-06
-3.03875e-06
-2.7496e-06
-2.47941e-06
-2.22738e-06
-1.99271e-06
-1.7746e-06
-1.57223e-06
-1.38481e-06
-1.21149e-06
-1.05154e-06
-9.04096e-07
-7.6846e-07
-6.43853e-07
-5.29448e-07
-4.24893e-07
-3.28447e-07
-2.41941e-07
-1.58686e-07
-9.19028e-08
-9.73059e-09
2.01808e-08
1.42949e-07
6.43527e-08
3.63965e-07
-4.80614e-08
7.93779e-07
-4.86739e-07
1.62578e-06
-1.38871e-06
2.85677e-06
-2.45344e-06
3.77953e-06
-2.50681e-06
2.9095e-06
-1.26254e-07
-5.09597e-07
4.15905e-06
-4.3447e-06
6.8312e-06
-4.73893e-06
-2.44058e-05
-2.33034e-05
-2.22285e-05
-2.11794e-05
-2.01562e-05
-1.91601e-05
-1.81916e-05
-1.72511e-05
-1.63389e-05
-1.54553e-05
-1.46005e-05
-1.37746e-05
-1.29777e-05
-1.22098e-05
-1.14709e-05
-1.07608e-05
-1.00794e-05
-9.42648e-06
-8.80168e-06
-8.20466e-06
-7.635e-06
-7.09225e-06
-6.57592e-06
-6.08546e-06
-5.62031e-06
-5.17983e-06
-4.76339e-06
-4.37029e-06
-3.99984e-06
-3.65128e-06
-3.32389e-06
-3.0169e-06
-2.72954e-06
-2.46104e-06
-2.21059e-06
-1.9774e-06
-1.76066e-06
-1.55957e-06
-1.37334e-06
-1.20111e-06
-1.04218e-06
-8.95676e-07
-7.60909e-07
-6.371e-07
-5.2343e-07
-4.19548e-07
-3.23725e-07
-2.37777e-07
-1.55067e-07
-8.87048e-08
-7.07173e-09
2.26713e-08
1.44676e-07
6.6508e-08
3.64526e-07
-4.56591e-08
7.92653e-07
-4.83339e-07
1.62256e-06
-1.38417e-06
2.85231e-06
-2.44949e-06
3.77691e-06
-2.50702e-06
2.91262e-06
-1.3306e-07
-4.99388e-07
4.14649e-06
-4.32875e-06
6.81398e-06
-4.72419e-06
-2.42908e-05
-2.31893e-05
-2.2116e-05
-2.10688e-05
-2.0048e-05
-1.90546e-05
-1.80891e-05
-1.71518e-05
-1.6243e-05
-1.53629e-05
-1.45117e-05
-1.36896e-05
-1.28964e-05
-1.21323e-05
-1.13971e-05
-1.06908e-05
-1.00131e-05
-9.36372e-06
-8.74246e-06
-8.14888e-06
-7.58257e-06
-7.04307e-06
-6.52987e-06
-6.04244e-06
-5.58019e-06
-5.14249e-06
-4.7287e-06
-4.33813e-06
-3.97008e-06
-3.6238e-06
-3.29856e-06
-2.9936e-06
-2.70817e-06
-2.44146e-06
-2.19269e-06
-1.96107e-06
-1.7458e-06
-1.54607e-06
-1.3611e-06
-1.19005e-06
-1.0322e-06
-8.867e-07
-7.52858e-07
-6.29901e-07
-5.17015e-07
-4.13849e-07
-3.18691e-07
-2.33336e-07
-1.51207e-07
-8.52954e-08
-4.23046e-09
2.5319e-08
1.46532e-07
6.87809e-08
3.65159e-07
-4.3146e-08
7.91509e-07
-4.79774e-07
1.61917e-06
-1.37932e-06
2.84746e-06
-2.44509e-06
3.77383e-06
-2.50689e-06
2.91563e-06
-1.40183e-07
-4.88335e-07
4.13256e-06
-4.31059e-06
6.79426e-06
-4.70447e-06
-2.41676e-05
-2.30674e-05
-2.19958e-05
-2.09507e-05
-1.99326e-05
-1.89421e-05
-1.79799e-05
-1.7046e-05
-1.61408e-05
-1.52646e-05
-1.44173e-05
-1.35991e-05
-1.281e-05
-1.20499e-05
-1.13187e-05
-1.06163e-05
-9.94253e-06
-9.29704e-06
-8.67953e-06
-8.08962e-06
-7.52687e-06
-6.99083e-06
-6.48098e-06
-5.99676e-06
-5.53759e-06
-5.10284e-06
-4.69188e-06
-4.30399e-06
-3.9385e-06
-3.59463e-06
-3.27168e-06
-2.96888e-06
-2.68547e-06
-2.42067e-06
-2.17369e-06
-1.94373e-06
-1.73002e-06
-1.53174e-06
-1.34811e-06
-1.17831e-06
-1.02161e-06
-8.7717e-07
-7.44312e-07
-6.22259e-07
-5.10205e-07
-4.07799e-07
-3.13345e-07
-2.28622e-07
-1.47105e-07
-8.16757e-08
-1.20779e-09
2.81235e-08
1.48515e-07
7.11715e-08
3.6586e-07
-4.0521e-08
7.90344e-07
-4.76039e-07
1.61559e-06
-1.37416e-06
2.84222e-06
-2.44023e-06
3.77027e-06
-2.50645e-06
2.91855e-06
-1.47623e-07
-4.76445e-07
4.11726e-06
-4.29019e-06
6.77203e-06
-4.67972e-06
-2.40362e-05
-2.29374e-05
-2.18678e-05
-2.08252e-05
-1.98098e-05
-1.88226e-05
-1.78639e-05
-1.69337e-05
-1.60325e-05
-1.51603e-05
-1.43172e-05
-1.35032e-05
-1.27184e-05
-1.19626e-05
-1.12356e-05
-1.05375e-05
-9.86785e-06
-9.22645e-06
-8.61293e-06
-8.0269e-06
-7.46794e-06
-6.93556e-06
-6.42924e-06
-5.94842e-06
-5.49252e-06
-5.0609e-06
-4.65292e-06
-4.26788e-06
-3.90509e-06
-3.56379e-06
-3.24326e-06
-2.94274e-06
-2.66148e-06
-2.39869e-06
-2.15359e-06
-1.9254e-06
-1.71333e-06
-1.51658e-06
-1.33437e-06
-1.16588e-06
-1.01041e-06
-8.67092e-07
-7.35273e-07
-6.14177e-07
-5.03002e-07
-4.01401e-07
-3.07692e-07
-2.23634e-07
-1.42764e-07
-7.78467e-08
1.99503e-09
3.1084e-08
1.50623e-07
7.368e-08
3.66628e-07
-3.77828e-08
7.89153e-07
-4.72132e-07
1.61183e-06
-1.36869e-06
2.83657e-06
-2.43492e-06
3.76624e-06
-2.50568e-06
2.92135e-06
-1.55381e-07
-4.63724e-07
4.1006e-06
-4.26758e-06
6.7473e-06
-4.64997e-06
-2.38964e-05
-2.27993e-05
-2.17319e-05
-2.0692e-05
-1.96798e-05
-1.86961e-05
-1.77411e-05
-1.6815e-05
-1.59179e-05
-1.505e-05
-1.42114e-05
-1.3402e-05
-1.26216e-05
-1.18704e-05
-1.1148e-05
-1.04543e-05
-9.78905e-06
-9.15196e-06
-8.54267e-06
-7.96076e-06
-7.40579e-06
-6.87728e-06
-6.37469e-06
-5.89746e-06
-5.445e-06
-5.01668e-06
-4.61185e-06
-4.22982e-06
-3.86987e-06
-3.53127e-06
-3.2133e-06
-2.91518e-06
-2.63619e-06
-2.37552e-06
-2.13241e-06
-1.90607e-06
-1.69574e-06
-1.5006e-06
-1.31989e-06
-1.15279e-06
-9.98597e-07
-8.5647e-07
-7.25747e-07
-6.05659e-07
-4.95411e-07
-3.94656e-07
-3.01731e-07
-2.18376e-07
-1.38185e-07
-7.38098e-08
5.37656e-09
3.41996e-08
1.52856e-07
7.63064e-08
3.67461e-07
-3.49302e-08
7.87933e-07
-4.6805e-07
1.60787e-06
-1.36289e-06
2.83052e-06
-2.42916e-06
3.76174e-06
-2.50459e-06
2.92405e-06
-1.63456e-07
-4.50183e-07
4.08261e-06
-4.24276e-06
6.72008e-06
-4.61528e-06
-2.37482e-05
-2.2653e-05
-2.15881e-05
-2.05512e-05
-1.95424e-05
-1.85624e-05
-1.76115e-05
-1.66897e-05
-1.57971e-05
-1.49339e-05
-1.40999e-05
-1.32953e-05
-1.25198e-05
-1.17733e-05
-1.10557e-05
-1.03667e-05
-9.70614e-06
-9.07361e-06
-8.46877e-06
-7.89119e-06
-7.34044e-06
-6.816e-06
-6.31734e-06
-5.84389e-06
-5.39505e-06
-4.9702e-06
-4.56868e-06
-4.1898e-06
-3.83285e-06
-3.49709e-06
-3.18181e-06
-2.88623e-06
-2.60961e-06
-2.35117e-06
-2.11015e-06
-1.88576e-06
-1.67725e-06
-1.4838e-06
-1.30467e-06
-1.13903e-06
-9.86188e-07
-8.4531e-07
-7.15738e-07
-5.96708e-07
-4.87434e-07
-3.87568e-07
-2.95466e-07
-2.12849e-07
-1.33371e-07
-6.95667e-08
8.93512e-09
3.74692e-08
1.55212e-07
7.90506e-08
3.68356e-07
-3.19618e-08
7.86679e-07
-4.63788e-07
1.60372e-06
-1.35677e-06
2.82406e-06
-2.42293e-06
3.75675e-06
-2.50318e-06
2.92665e-06
-1.71847e-07
-4.35836e-07
4.0633e-06
-4.21578e-06
6.69043e-06
-4.57575e-06
-2.35913e-05
-2.24983e-05
-2.14362e-05
-2.04026e-05
-1.93975e-05
-1.84217e-05
-1.74751e-05
-1.65578e-05
-1.567e-05
-1.48117e-05
-1.39828e-05
-1.31832e-05
-1.24128e-05
-1.16714e-05
-1.09588e-05
-1.02748e-05
-9.61913e-06
-8.99141e-06
-8.39125e-06
-7.81824e-06
-7.2719e-06
-6.75174e-06
-6.25721e-06
-5.78772e-06
-5.34268e-06
-4.92147e-06
-4.52343e-06
-4.14786e-06
-3.79405e-06
-3.46127e-06
-3.1488e-06
-2.85588e-06
-2.58176e-06
-2.32565e-06
-2.08682e-06
-1.86448e-06
-1.65787e-06
-1.46621e-06
-1.28872e-06
-1.12461e-06
-9.73185e-07
-8.33615e-07
-7.05249e-07
-5.87329e-07
-4.79074e-07
-3.8014e-07
-2.88899e-07
-2.07055e-07
-1.28322e-07
-6.51193e-08
1.26688e-08
4.08918e-08
1.57689e-07
8.19124e-08
3.69311e-07
-2.88764e-08
7.85389e-07
-4.59343e-07
1.59935e-06
-1.35031e-06
2.81717e-06
-2.41624e-06
3.75127e-06
-2.50146e-06
2.92913e-06
-1.80551e-07
-4.20699e-07
4.04272e-06
-4.18667e-06
6.65837e-06
-4.5315e-06
-2.34256e-05
-2.23353e-05
-2.12763e-05
-2.02463e-05
-1.92452e-05
-1.82737e-05
-1.73318e-05
-1.64195e-05
-1.55367e-05
-1.46836e-05
-1.386e-05
-1.30658e-05
-1.23007e-05
-1.15646e-05
-1.08573e-05
-1.01786e-05
-9.52806e-06
-8.90537e-06
-8.31014e-06
-7.74191e-06
-7.20021e-06
-6.68453e-06
-6.19431e-06
-5.72897e-06
-5.28791e-06
-4.87051e-06
-4.47611e-06
-4.104e-06
-3.75348e-06
-3.42382e-06
-3.1143e-06
-2.82415e-06
-2.55264e-06
-2.29898e-06
-2.06243e-06
-1.84223e-06
-1.63762e-06
-1.44781e-06
-1.27205e-06
-1.10954e-06
-9.59595e-07
-8.21392e-07
-6.94286e-07
-5.77525e-07
-4.70335e-07
-3.72374e-07
-2.82034e-07
-2.00998e-07
-1.23043e-07
-6.04699e-08
1.65754e-08
4.44658e-08
1.60285e-07
8.48916e-08
3.70323e-07
-2.56726e-08
7.84056e-07
-4.5471e-07
1.59477e-06
-1.34352e-06
2.80986e-06
-2.40909e-06
3.74531e-06
-2.49942e-06
2.9315e-06
-1.89565e-07
-4.04793e-07
4.02088e-06
-4.15549e-06
6.62398e-06
-4.48268e-06
-2.32511e-05
-2.21637e-05
-2.11081e-05
-2.00821e-05
-1.90854e-05
-1.81186e-05
-1.71816e-05
-1.62745e-05
-1.53972e-05
-1.45496e-05
-1.37316e-05
-1.29429e-05
-1.21835e-05
-1.1453e-05
-1.07513e-05
-1.00781e-05
-9.43293e-06
-8.81553e-06
-8.22545e-06
-7.66223e-06
-7.12538e-06
-6.61438e-06
-6.12867e-06
-5.66766e-06
-5.23076e-06
-4.81733e-06
-4.42673e-06
-4.05823e-06
-3.71115e-06
-3.38474e-06
-3.0783e-06
-2.79105e-06
-2.52226e-06
-2.27115e-06
-2.037e-06
-1.81902e-06
-1.6165e-06
-1.42863e-06
-1.25467e-06
-1.09383e-06
-9.45423e-07
-8.08647e-07
-6.82854e-07
-5.67301e-07
-4.61222e-07
-3.64275e-07
-2.74873e-07
-1.94681e-07
-1.17535e-07
-5.56206e-08
2.06528e-08
4.81896e-08
1.62999e-07
8.79878e-08
3.7139e-07
-2.23489e-08
7.82678e-07
-4.49887e-07
1.58998e-06
-1.33639e-06
2.80212e-06
-2.40146e-06
3.73885e-06
-2.49707e-06
2.93376e-06
-1.98885e-07
-3.88139e-07
3.99783e-06
-4.1223e-06
6.58733e-06
-4.42943e-06
-2.30675e-05
-2.19834e-05
-2.09317e-05
-1.99099e-05
-1.8918e-05
-1.79562e-05
-1.70246e-05
-1.6123e-05
-1.52514e-05
-1.44096e-05
-1.35975e-05
-1.28147e-05
-1.20612e-05
-1.13366e-05
-1.06408e-05
-9.97327e-06
-9.33379e-06
-8.72191e-06
-8.13721e-06
-7.57921e-06
-7.04742e-06
-6.54131e-06
-6.06029e-06
-5.6038e-06
-5.17124e-06
-4.76197e-06
-4.37532e-06
-4.01059e-06
-3.66708e-06
-3.34406e-06
-3.04082e-06
-2.75659e-06
-2.49064e-06
-2.24219e-06
-2.01052e-06
-1.79487e-06
-1.59452e-06
-1.40866e-06
-1.23658e-06
-1.07747e-06
-9.30677e-07
-7.95384e-07
-6.70957e-07
-5.56661e-07
-4.51737e-07
-3.55847e-07
-2.67421e-07
-1.88106e-07
-1.11802e-07
-5.05742e-08
2.48983e-08
5.20617e-08
1.65827e-07
9.12005e-08
3.72509e-07
-1.89039e-08
7.81249e-07
-4.44868e-07
1.58495e-06
-1.3289e-06
2.79394e-06
-2.39336e-06
3.73191e-06
-2.4944e-06
2.9359e-06
-2.08508e-07
-3.70762e-07
3.97361e-06
-4.08716e-06
6.54848e-06
-4.37192e-06
-2.28749e-05
-2.17945e-05
-2.07469e-05
-1.97298e-05
-1.8743e-05
-1.77866e-05
-1.68606e-05
-1.59649e-05
-1.50993e-05
-1.42637e-05
-1.34577e-05
-1.26812e-05
-1.19339e-05
-1.12155e-05
-1.05257e-05
-9.86422e-06
-9.23063e-06
-8.62452e-06
-8.04543e-06
-7.49288e-06
-6.96636e-06
-6.46533e-06
-5.98922e-06
-5.53743e-06
-5.10939e-06
-4.70443e-06
-4.32189e-06
-3.96108e-06
-3.62128e-06
-3.30179e-06
-3.00187e-06
-2.72078e-06
-2.45778e-06
-2.2121e-06
-1.98302e-06
-1.76979e-06
-1.57168e-06
-1.38793e-06
-1.21779e-06
-1.06049e-06
-9.15362e-07
-7.81609e-07
-6.586e-07
-5.45609e-07
-4.41886e-07
-3.47093e-07
-2.5968e-07
-1.81277e-07
-1.05848e-07
-4.53334e-08
2.93093e-08
5.60801e-08
1.68768e-07
9.45294e-08
3.73676e-07
-1.53359e-08
7.79766e-07
-4.39649e-07
1.5797e-06
-1.32106e-06
2.7853e-06
-2.38478e-06
3.72446e-06
-2.49143e-06
2.93792e-06
-2.18429e-07
-3.52691e-07
3.94825e-06
-4.05016e-06
6.50754e-06
-4.3103e-06
-2.2673e-05
-2.15967e-05
-2.05537e-05
-1.95417e-05
-1.85603e-05
-1.76097e-05
-1.66897e-05
-1.58002e-05
-1.4941e-05
-1.41118e-05
-1.33123e-05
-1.25423e-05
-1.18015e-05
-1.10895e-05
-1.04062e-05
-9.75094e-06
-9.1235e-06
-8.52339e-06
-7.95014e-06
-7.40325e-06
-6.88222e-06
-6.38648e-06
-5.91546e-06
-5.46857e-06
-5.04521e-06
-4.64474e-06
-4.26647e-06
-3.90972e-06
-3.57379e-06
-3.25794e-06
-2.96148e-06
-2.68365e-06
-2.42371e-06
-2.18089e-06
-1.95449e-06
-1.74377e-06
-1.54801e-06
-1.36643e-06
-1.19831e-06
-1.04288e-06
-8.99484e-07
-7.67328e-07
-6.4579e-07
-5.34152e-07
-4.31673e-07
-3.38017e-07
-2.51656e-07
-1.74198e-07
-9.96743e-08
-3.99009e-08
3.38833e-08
6.02428e-08
1.71819e-07
9.79739e-08
3.74891e-07
-1.16436e-08
7.78224e-07
-4.34225e-07
1.5742e-06
-1.31286e-06
2.77621e-06
-2.37572e-06
3.71651e-06
-2.48816e-06
2.93982e-06
-2.28642e-07
-3.33955e-07
3.92181e-06
-4.01139e-06
6.4646e-06
-4.24473e-06
-2.24618e-05
-2.139e-05
-2.03521e-05
-1.93455e-05
-1.837e-05
-1.74255e-05
-1.65119e-05
-1.5629e-05
-1.47764e-05
-1.3954e-05
-1.31613e-05
-1.23981e-05
-1.16641e-05
-1.09589e-05
-1.02821e-05
-9.63346e-06
-9.01242e-06
-8.41854e-06
-7.85136e-06
-7.31036e-06
-6.79502e-06
-6.30477e-06
-5.83904e-06
-5.39723e-06
-4.97875e-06
-4.58292e-06
-4.20908e-06
-3.85654e-06
-3.5246e-06
-3.21254e-06
-2.91966e-06
-2.6452e-06
-2.38843e-06
-2.14858e-06
-1.92497e-06
-1.71685e-06
-1.52351e-06
-1.34418e-06
-1.17815e-06
-1.02466e-06
-8.83051e-07
-7.52547e-07
-6.3253e-07
-5.22293e-07
-4.21103e-07
-3.28626e-07
-2.43351e-07
-1.66872e-07
-9.32858e-08
-3.42797e-08
3.86172e-08
6.45479e-08
1.74978e-07
1.01534e-07
3.76148e-07
-7.82515e-09
7.76618e-07
-4.28592e-07
1.56845e-06
-1.30429e-06
2.76666e-06
-2.36618e-06
3.70805e-06
-2.48458e-06
2.94159e-06
-2.39142e-07
-3.14588e-07
3.89434e-06
-3.97094e-06
6.41977e-06
-4.17537e-06
-2.22411e-05
-2.11743e-05
-2.01419e-05
-1.91412e-05
-1.81719e-05
-1.72339e-05
-1.63271e-05
-1.54511e-05
-1.46056e-05
-1.37902e-05
-1.30047e-05
-1.22486e-05
-1.15217e-05
-1.08235e-05
-1.01537e-05
-9.5118e-06
-8.8974e-06
-8.31e-06
-7.74912e-06
-7.21423e-06
-6.70479e-06
-6.22024e-06
-5.76e-06
-5.32345e-06
-4.91001e-06
-4.51899e-06
-4.14974e-06
-3.80156e-06
-3.47375e-06
-3.16561e-06
-2.87642e-06
-2.60545e-06
-2.35195e-06
-2.11519e-06
-1.89445e-06
-1.68902e-06
-1.49818e-06
-1.32119e-06
-1.15732e-06
-1.00583e-06
-8.66068e-07
-7.37272e-07
-6.18827e-07
-5.10038e-07
-4.10181e-07
-3.18922e-07
-2.34771e-07
-1.59304e-07
-8.66856e-08
-2.84725e-08
4.35085e-08
6.89933e-08
1.78242e-07
1.05208e-07
3.77446e-07
-3.87904e-09
7.74943e-07
-4.22745e-07
1.56245e-06
-1.29534e-06
2.75663e-06
-2.35614e-06
3.69909e-06
-2.4807e-06
2.94323e-06
-2.49922e-07
-2.94625e-07
3.86589e-06
-3.92892e-06
6.37316e-06
-4.10237e-06
-2.20108e-05
-2.09496e-05
-1.9923e-05
-1.89287e-05
-1.79661e-05
-1.70351e-05
-1.61354e-05
-1.52666e-05
-1.44285e-05
-1.36206e-05
-1.28425e-05
-1.20939e-05
-1.13743e-05
-1.06835e-05
-1.00208e-05
-9.38599e-06
-8.77848e-06
-8.1978e-06
-7.64344e-06
-7.11488e-06
-6.61157e-06
-6.13292e-06
-5.67835e-06
-5.24726e-06
-4.83903e-06
-4.45298e-06
-4.08847e-06
-3.74479e-06
-3.42125e-06
-3.11715e-06
-2.83178e-06
-2.56441e-06
-2.31431e-06
-2.08072e-06
-1.86295e-06
-1.66029e-06
-1.47204e-06
-1.29746e-06
-1.13582e-06
-9.86393e-07
-8.48542e-07
-7.21509e-07
-6.04687e-07
-4.97392e-07
-3.98912e-07
-3.08911e-07
-2.2592e-07
-1.51496e-07
-7.98772e-08
-2.24824e-08
4.85541e-08
7.35771e-08
1.8161e-07
1.08996e-07
3.78782e-07
1.96407e-10
7.73195e-07
-4.16679e-07
1.55619e-06
-1.28601e-06
2.74612e-06
-2.34562e-06
3.68962e-06
-2.47653e-06
2.94474e-06
-2.60977e-07
-2.74103e-07
3.83652e-06
-3.88543e-06
6.32491e-06
-4.02592e-06
-2.17709e-05
-2.07157e-05
-1.96955e-05
-1.8708e-05
-1.77524e-05
-1.68288e-05
-1.59366e-05
-1.50756e-05
-1.42452e-05
-1.3445e-05
-1.26748e-05
-1.19339e-05
-1.1222e-05
-1.05388e-05
-9.88359e-06
-9.25607e-06
-8.65569e-06
-8.08197e-06
-7.53437e-06
-7.01236e-06
-6.51537e-06
-6.04283e-06
-5.59413e-06
-5.16867e-06
-4.76582e-06
-4.38492e-06
-4.02529e-06
-3.68626e-06
-3.36712e-06
-3.0672e-06
-2.78577e-06
-2.52211e-06
-2.2755e-06
-2.04518e-06
-1.83048e-06
-1.63069e-06
-1.44511e-06
-1.273e-06
-1.11366e-06
-9.66362e-07
-8.3048e-07
-7.05265e-07
-5.90115e-07
-4.84361e-07
-3.87302e-07
-2.98597e-07
-2.168e-07
-1.43453e-07
-7.28641e-08
-1.63121e-08
5.37515e-08
7.8297e-08
1.85079e-07
1.12898e-07
3.80152e-07
4.40286e-09
7.71369e-07
-4.10389e-07
1.54966e-06
-1.27629e-06
2.73512e-06
-2.3346e-06
3.67963e-06
-2.47207e-06
2.94612e-06
-2.723e-07
-2.53064e-07
3.80629e-06
-3.8406e-06
6.27514e-06
-3.94618e-06
-2.15212e-05
-2.04725e-05
-1.94593e-05
-1.84791e-05
-1.75311e-05
-1.66152e-05
-1.5731e-05
-1.48779e-05
-1.40556e-05
-1.32636e-05
-1.25015e-05
-1.17687e-05
-1.10648e-05
-1.03894e-05
-9.742e-06
-9.12205e-06
-8.52907e-06
-7.96255e-06
-7.42194e-06
-6.90669e-06
-6.41625e-06
-5.95001e-06
-5.50737e-06
-5.08771e-06
-4.69042e-06
-4.31482e-06
-3.96022e-06
-3.62599e-06
-3.31139e-06
-3.01576e-06
-2.7384e-06
-2.47856e-06
-2.23555e-06
-2.0086e-06
-1.79706e-06
-1.60021e-06
-1.41738e-06
-1.24783e-06
-1.09085e-06
-9.45745e-07
-8.1189e-07
-6.88545e-07
-5.75117e-07
-4.7095e-07
-3.75355e-07
-2.87986e-07
-2.07418e-07
-1.35179e-07
-6.56496e-08
-9.96431e-09
5.90979e-08
8.31511e-08
1.88646e-07
1.16913e-07
3.81554e-07
8.74198e-09
7.69459e-07
-4.03871e-07
1.54284e-06
-1.26617e-06
2.72363e-06
-2.32308e-06
3.66913e-06
-2.46733e-06
2.94736e-06
-2.83885e-07
-2.3155e-07
3.77527e-06
-3.79457e-06
6.22401e-06
-3.86332e-06
-2.12617e-05
-2.02201e-05
-1.92144e-05
-1.82419e-05
-1.73018e-05
-1.63942e-05
-1.55183e-05
-1.46737e-05
-1.38599e-05
-1.30764e-05
-1.23227e-05
-1.15983e-05
-1.09027e-05
-1.02355e-05
-9.5961e-06
-8.98399e-06
-8.39866e-06
-7.83957e-06
-7.30618e-06
-6.79792e-06
-6.31423e-06
-5.85449e-06
-5.4181e-06
-5.00442e-06
-4.61286e-06
-4.2427e-06
-3.8933e-06
-3.564e-06
-3.25408e-06
-2.96288e-06
-2.68968e-06
-2.43378e-06
-2.19447e-06
-1.97099e-06
-1.76269e-06
-1.56887e-06
-1.38887e-06
-1.22195e-06
-1.0674e-06
-9.24549e-07
-7.92778e-07
-6.71358e-07
-5.59701e-07
-4.57166e-07
-3.63077e-07
-2.77081e-07
-1.97775e-07
-1.26675e-07
-5.82373e-08
-3.44167e-09
6.45906e-08
8.81373e-08
1.92309e-07
1.21042e-07
3.82984e-07
1.32154e-08
7.67462e-07
-3.9712e-07
1.53574e-06
-1.25565e-06
2.71163e-06
-2.31106e-06
3.65811e-06
-2.4623e-06
2.94847e-06
-2.95725e-07
-2.09606e-07
3.74353e-06
-3.74746e-06
6.17168e-06
-3.77755e-06
-2.09924e-05
-1.99584e-05
-1.89606e-05
-1.79963e-05
-1.70648e-05
-1.61658e-05
-1.52987e-05
-1.44629e-05
-1.3658e-05
-1.28833e-05
-1.21384e-05
-1.14227e-05
-1.07358e-05
-1.0077e-05
-9.44591e-06
-8.84191e-06
-8.26448e-06
-7.71308e-06
-7.18713e-06
-6.68608e-06
-6.20934e-06
-5.75631e-06
-5.32634e-06
-4.91883e-06
-4.53315e-06
-4.16861e-06
-3.82454e-06
-3.50032e-06
-3.19521e-06
-2.90855e-06
-2.63964e-06
-2.38779e-06
-2.15227e-06
-1.93236e-06
-1.72739e-06
-1.53669e-06
-1.35959e-06
-1.19537e-06
-1.04332e-06
-9.02784e-07
-7.73154e-07
-6.5371e-07
-5.43872e-07
-4.43012e-07
-3.50473e-07
-2.65888e-07
-1.87876e-07
-1.17947e-07
-5.06305e-08
3.2534e-09
7.02272e-08
9.32538e-08
1.96066e-07
1.25283e-07
3.84439e-07
1.78247e-08
7.65371e-07
-3.9013e-07
1.52835e-06
-1.24471e-06
2.69911e-06
-2.29854e-06
3.64658e-06
-2.457e-06
2.94943e-06
-3.07813e-07
-1.87279e-07
3.71115e-06
-3.69944e-06
6.1183e-06
-3.68905e-06
-2.07131e-05
-1.96874e-05
-1.8698e-05
-1.77425e-05
-1.682e-05
-1.593e-05
-1.50721e-05
-1.42456e-05
-1.34499e-05
-1.26844e-05
-1.19487e-05
-1.12421e-05
-1.0564e-05
-9.914e-06
-9.29149e-06
-8.69586e-06
-8.12659e-06
-7.58311e-06
-7.06484e-06
-6.5712e-06
-6.10161e-06
-5.65548e-06
-5.23213e-06
-4.83095e-06
-4.45133e-06
-4.09255e-06
-3.75398e-06
-3.43497e-06
-3.13479e-06
-2.85281e-06
-2.5883e-06
-2.3406e-06
-2.10899e-06
-1.89273e-06
-1.69118e-06
-1.50367e-06
-1.32955e-06
-1.16811e-06
-1.01861e-06
-8.80457e-07
-7.53025e-07
-6.35608e-07
-5.27637e-07
-4.28496e-07
-3.37547e-07
-2.5441e-07
-1.77725e-07
-1.08997e-07
-4.28325e-08
1.01186e-08
7.60052e-08
9.84986e-08
1.99916e-07
1.29636e-07
3.85917e-07
2.25714e-08
7.63182e-07
-3.82898e-07
1.52064e-06
-1.23336e-06
2.68607e-06
-2.28551e-06
3.63452e-06
-2.45143e-06
2.95026e-06
-3.20144e-07
-1.6462e-07
3.67819e-06
-3.65065e-06
6.06406e-06
-3.59806e-06
-2.04238e-05
-1.94069e-05
-1.84266e-05
-1.74804e-05
-1.65673e-05
-1.56869e-05
-1.48386e-05
-1.40218e-05
-1.32357e-05
-1.24798e-05
-1.17535e-05
-1.10563e-05
-1.03875e-05
-9.74651e-06
-9.13288e-06
-8.54588e-06
-7.98503e-06
-7.4497e-06
-6.93933e-06
-6.45333e-06
-5.9911e-06
-5.55206e-06
-5.13551e-06
-4.74083e-06
-4.36742e-06
-4.01457e-06
-3.68163e-06
-3.36798e-06
-3.07287e-06
-2.79567e-06
-2.53568e-06
-2.29224e-06
-2.06462e-06
-1.85212e-06
-1.65407e-06
-1.46983e-06
-1.29877e-06
-1.14017e-06
-9.93301e-07
-8.57579e-07
-7.32401e-07
-6.17061e-07
-5.11004e-07
-4.13623e-07
-3.24307e-07
-2.42654e-07
-1.67324e-07
-9.98282e-08
-3.48469e-08
1.7152e-08
8.19222e-08
1.0387e-07
2.03856e-07
1.34102e-07
3.87412e-07
2.74572e-08
7.60889e-07
-3.75418e-07
1.51263e-06
-1.22158e-06
2.6725e-06
-2.27197e-06
3.62195e-06
-2.4456e-06
2.95094e-06
-3.32713e-07
-1.41679e-07
3.64474e-06
-3.60128e-06
6.00914e-06
-3.50482e-06
-2.01244e-05
-1.9117e-05
-1.81464e-05
-1.721e-05
-1.63068e-05
-1.54365e-05
-1.45982e-05
-1.37914e-05
-1.30154e-05
-1.22695e-05
-1.1553e-05
-1.08655e-05
-1.02062e-05
-9.57458e-06
-8.97012e-06
-8.39201e-06
-7.83983e-06
-7.31289e-06
-6.81064e-06
-6.3325e-06
-5.87782e-06
-5.44608e-06
-5.0365e-06
-4.64849e-06
-4.28147e-06
-3.93468e-06
-3.60753e-06
-3.29937e-06
-3.00945e-06
-2.73717e-06
-2.48179e-06
-2.24272e-06
-2.0192e-06
-1.81053e-06
-1.61608e-06
-1.43518e-06
-1.26726e-06
-1.11158e-06
-9.67389e-07
-8.34161e-07
-7.1129e-07
-5.98076e-07
-4.93979e-07
-3.98399e-07
-3.10755e-07
-2.30623e-07
-1.56677e-07
-9.04448e-08
-2.66764e-08
2.43506e-08
8.79765e-08
1.09364e-07
2.07885e-07
1.3868e-07
3.88924e-07
3.24837e-08
7.58486e-07
-3.67686e-07
1.50429e-06
-1.20937e-06
2.65839e-06
-2.25792e-06
3.60886e-06
-2.43953e-06
2.95148e-06
-3.45511e-07
-1.18509e-07
3.61089e-06
-3.55149e-06
5.95376e-06
-3.40957e-06
-2.19207e-06
-1.97274e-06
-1.76799e-06
-1.57721e-06
-1.39973e-06
-1.23502e-06
-1.08233e-06
-9.4089e-07
-8.10214e-07
-6.89702e-07
-5.7866e-07
-4.7657e-07
-3.82828e-07
-2.96898e-07
-2.18324e-07
-1.45786e-07
-8.08503e-08
-1.83246e-08
3.17131e-08
9.41657e-08
1.1498e-07
2.12001e-07
1.4337e-07
3.90448e-07
3.76526e-08
7.55969e-07
-3.59697e-07
1.49562e-06
-1.19671e-06
2.64373e-06
-2.24335e-06
3.59524e-06
-2.43321e-06
2.95188e-06
-3.58535e-07
-9.51661e-08
3.57672e-06
-3.50148e-06
5.89811e-06
-3.31262e-06
-2.50933e-05
-2.39874e-05
-2.29061e-05
-2.18471e-05
-2.08113e-05
-1.98003e-05
-1.8815e-05
-1.7856e-05
-1.6924e-05
-1.60195e-05
-1.51431e-05
-1.42951e-05
-1.34757e-05
-1.26851e-05
-1.19236e-05
-1.11909e-05
-1.04871e-05
-9.81219e-06
-9.16578e-06
-8.54759e-06
-7.95739e-06
-7.39472e-06
-6.85923e-06
-6.35034e-06
-5.86739e-06
-5.41003e-06
-4.97736e-06
-4.5687e-06
-4.18364e-06
-3.82093e-06
-3.48027e-06
-3.16077e-06
-2.86139e-06
-2.58179e-06
-2.32079e-06
-2.07792e-06
-1.85216e-06
-1.64274e-06
-1.44868e-06
-1.26949e-06
-1.10378e-06
-9.51021e-07
-8.10651e-07
-6.81411e-07
-5.63047e-07
-4.54696e-07
-3.54914e-07
-2.6514e-07
-1.78883e-07
-1.09581e-07
-2.41613e-08
5.99654e-09
1.33919e-07
5.10234e-08
3.62839e-07
-6.44057e-08
8.04266e-07
-5.10793e-07
1.64931e-06
-1.41951e-06
2.88559e-06
-2.47688e-06
3.79194e-06
-2.50088e-06
2.88621e-06
-8.46982e-08
-5.64085e-07
4.21792e-06
-4.40813e-06
6.89652e-06
-4.72563e-06
-2.51315e-05
-2.40256e-05
-2.29441e-05
-2.18847e-05
-2.08482e-05
-1.98365e-05
-1.88503e-05
-1.78902e-05
-1.69572e-05
-1.60516e-05
-1.51739e-05
-1.43247e-05
-1.3504e-05
-1.27122e-05
-1.19494e-05
-1.12155e-05
-1.05104e-05
-9.83421e-06
-9.18657e-06
-8.56718e-06
-7.97582e-06
-7.41201e-06
-6.87544e-06
-6.3655e-06
-5.88153e-06
-5.42322e-06
-4.98961e-06
-4.58005e-06
-4.19417e-06
-3.83063e-06
-3.48922e-06
-3.16899e-06
-2.86892e-06
-2.58869e-06
-2.32709e-06
-2.08367e-06
-1.8574e-06
-1.64751e-06
-1.453e-06
-1.2734e-06
-1.1073e-06
-9.54188e-07
-8.13493e-07
-6.83938e-07
-5.65313e-07
-4.56706e-07
-3.56698e-07
-2.66724e-07
-1.80245e-07
-1.1081e-07
-2.51244e-08
4.97569e-09
1.33402e-07
4.99427e-08
3.63033e-07
-6.59369e-08
8.05583e-07
-5.13204e-07
1.65181e-06
-1.42255e-06
2.88843e-06
-2.47914e-06
3.79308e-06
-2.50036e-06
2.88429e-06
-8.15749e-08
-5.67606e-07
4.22111e-06
-4.41045e-06
6.89856e-06
-4.71692e-06
-2.51634e-05
-2.40574e-05
-2.29757e-05
-2.19159e-05
-2.0879e-05
-1.98666e-05
-1.88796e-05
-1.79188e-05
-1.69848e-05
-1.60783e-05
-1.51996e-05
-1.43494e-05
-1.35277e-05
-1.27348e-05
-1.19709e-05
-1.12359e-05
-1.05298e-05
-9.85256e-06
-9.20389e-06
-8.58352e-06
-7.99117e-06
-7.42645e-06
-6.88895e-06
-6.37813e-06
-5.89336e-06
-5.43419e-06
-4.99981e-06
-4.58955e-06
-4.20288e-06
-3.83873e-06
-3.49668e-06
-3.17582e-06
-2.87523e-06
-2.59442e-06
-2.33236e-06
-2.08848e-06
-1.86176e-06
-1.65148e-06
-1.45663e-06
-1.27662e-06
-1.11025e-06
-9.56864e-07
-8.15834e-07
-6.86082e-07
-5.67192e-07
-4.58387e-07
-3.58157e-07
-2.68062e-07
-1.81346e-07
-1.11863e-07
-2.59555e-08
4.13494e-09
1.3296e-07
4.91067e-08
3.63038e-07
-6.69479e-08
8.06245e-07
-5.14577e-07
1.653e-06
-1.42384e-06
2.88919e-06
-2.47916e-06
3.79204e-06
-2.49814e-06
2.88138e-06
-7.85429e-08
-5.69924e-07
4.22204e-06
-4.40973e-06
6.89733e-06
-4.70584e-06
-2.51888e-05
-2.40828e-05
-2.3001e-05
-2.19409e-05
-2.09035e-05
-1.98907e-05
-1.89031e-05
-1.79416e-05
-1.70069e-05
-1.60996e-05
-1.52202e-05
-1.43691e-05
-1.35466e-05
-1.27529e-05
-1.19881e-05
-1.12523e-05
-1.05453e-05
-9.86725e-06
-9.21776e-06
-8.59659e-06
-8.00346e-06
-7.438e-06
-6.89977e-06
-6.38824e-06
-5.90283e-06
-5.44298e-06
-5.00799e-06
-4.59716e-06
-4.20986e-06
-3.84521e-06
-3.50266e-06
-3.18129e-06
-2.88027e-06
-2.59901e-06
-2.33657e-06
-2.09232e-06
-1.86525e-06
-1.65466e-06
-1.45953e-06
-1.2792e-06
-1.11261e-06
-9.59006e-07
-8.17713e-07
-6.8779e-07
-5.68703e-07
-4.59722e-07
-3.59332e-07
-2.69127e-07
-1.82233e-07
-1.127e-07
-2.6625e-08
3.46705e-09
1.32602e-07
4.84331e-08
3.63038e-07
-6.77525e-08
8.06777e-07
-5.15674e-07
1.65393e-06
-1.42487e-06
2.88979e-06
-2.47915e-06
3.79119e-06
-2.49633e-06
2.87904e-06
-7.61009e-08
-5.71777e-07
4.22275e-06
-4.40904e-06
6.8962e-06
-4.69608e-06
-2.52078e-05
-2.41018e-05
-2.30199e-05
-2.19596e-05
-2.09219e-05
-1.99087e-05
-1.89207e-05
-1.79587e-05
-1.70235e-05
-1.61156e-05
-1.52356e-05
-1.43839e-05
-1.35608e-05
-1.27664e-05
-1.2001e-05
-1.12646e-05
-1.0557e-05
-9.87827e-06
-9.22817e-06
-8.6064e-06
-8.01268e-06
-7.44667e-06
-6.90788e-06
-6.39583e-06
-5.90994e-06
-5.44958e-06
-5.01413e-06
-4.60286e-06
-4.2151e-06
-3.85007e-06
-3.50715e-06
-3.18539e-06
-2.88404e-06
-2.60245e-06
-2.33971e-06
-2.09521e-06
-1.86785e-06
-1.65705e-06
-1.46171e-06
-1.28113e-06
-1.11438e-06
-9.60616e-07
-8.19125e-07
-6.89063e-07
-5.69845e-07
-4.60712e-07
-3.60222e-07
-2.6992e-07
-1.82902e-07
-1.1332e-07
-2.71327e-08
2.97167e-09
1.32334e-07
4.79134e-08
3.63047e-07
-6.83741e-08
8.07218e-07
-5.16558e-07
1.65471e-06
-1.42574e-06
2.89037e-06
-2.47932e-06
3.79073e-06
-2.49514e-06
2.8774e-06
-7.43163e-08
-5.73218e-07
4.22343e-06
-4.4087e-06
6.89555e-06
-4.68849e-06
-2.52205e-05
-2.41145e-05
-2.30325e-05
-2.1972e-05
-2.09342e-05
-1.99207e-05
-1.89324e-05
-1.79701e-05
-1.70346e-05
-1.61263e-05
-1.52459e-05
-1.43938e-05
-1.35702e-05
-1.27755e-05
-1.20096e-05
-1.12727e-05
-1.05648e-05
-9.8856e-06
-9.23511e-06
-8.61293e-06
-8.01881e-06
-7.45246e-06
-6.91327e-06
-6.40089e-06
-5.91468e-06
-5.45397e-06
-5.01823e-06
-4.60667e-06
-4.2186e-06
-3.85331e-06
-3.51016e-06
-3.18813e-06
-2.88656e-06
-2.60474e-06
-2.34179e-06
-2.09714e-06
-1.86957e-06
-1.65866e-06
-1.46315e-06
-1.28242e-06
-1.11557e-06
-9.61694e-07
-8.20066e-07
-6.89902e-07
-5.70619e-07
-4.61353e-07
-3.60828e-07
-2.70442e-07
-1.83353e-07
-1.13724e-07
-2.74809e-08
2.6526e-09
1.32152e-07
4.75543e-08
3.63052e-07
-6.87909e-08
8.07534e-07
-5.17171e-07
1.65525e-06
-1.42635e-06
2.8908e-06
-2.47947e-06
3.79045e-06
-2.49438e-06
2.87634e-06
-7.31373e-08
-5.74192e-07
4.22391e-06
-4.40849e-06
6.89513e-06
-4.68323e-06
-2.52268e-05
-2.41209e-05
-2.30388e-05
-2.19783e-05
-2.09403e-05
-1.99267e-05
-1.89383e-05
-1.79758e-05
-1.70401e-05
-1.61317e-05
-1.52511e-05
-1.43987e-05
-1.35749e-05
-1.278e-05
-1.20139e-05
-1.12768e-05
-1.05687e-05
-9.88926e-06
-9.2386e-06
-8.61619e-06
-8.02187e-06
-7.45536e-06
-6.91595e-06
-6.40343e-06
-5.91707e-06
-5.45616e-06
-5.0203e-06
-4.60858e-06
-4.22034e-06
-3.85492e-06
-3.51168e-06
-3.18949e-06
-2.88781e-06
-2.60588e-06
-2.3428e-06
-2.09813e-06
-1.87039e-06
-1.65948e-06
-1.46387e-06
-1.28305e-06
-1.11617e-06
-9.62241e-07
-8.20534e-07
-6.90306e-07
-5.71029e-07
-4.6164e-07
-3.61154e-07
-2.7069e-07
-1.83586e-07
-1.1391e-07
-2.76722e-08
2.51207e-09
1.32054e-07
4.73577e-08
3.6305e-07
-6.89969e-08
8.07716e-07
-5.17499e-07
1.65553e-06
-1.42667e-06
2.89101e-06
-2.47956e-06
3.79031e-06
-2.49399e-06
2.87581e-06
-7.25421e-08
-5.74692e-07
4.22417e-06
-4.40836e-06
6.89489e-06
-4.68049e-06
-2.01246e-05
-1.91173e-05
-1.81467e-05
-1.72103e-05
-1.63071e-05
-1.54368e-05
-1.45986e-05
-1.37918e-05
-1.30157e-05
-1.22698e-05
-1.15534e-05
-1.08659e-05
-1.02066e-05
-9.57501e-06
-8.97053e-06
-8.39246e-06
-7.84027e-06
-7.3134e-06
-6.81117e-06
-6.33303e-06
-5.87831e-06
-5.4465e-06
-5.0369e-06
-4.64883e-06
-4.28179e-06
-3.93499e-06
-3.60779e-06
-3.2996e-06
-3.00968e-06
-2.73732e-06
-2.48187e-06
-2.24275e-06
-2.01917e-06
-1.81051e-06
-1.61612e-06
-1.43523e-06
-1.26729e-06
-1.11171e-06
-9.67575e-07
-8.34422e-07
-7.1161e-07
-5.98415e-07
-4.9435e-07
-3.98712e-07
-3.10991e-07
-2.30855e-07
-1.56873e-07
-9.05035e-08
-2.67789e-08
2.42496e-08
8.7976e-08
1.09326e-07
2.0792e-07
1.38697e-07
3.88987e-07
3.24664e-08
7.5856e-07
-3.67864e-07
1.50431e-06
-1.20983e-06
2.65853e-06
-2.2583e-06
-2.0424e-05
-1.94072e-05
-1.84269e-05
-1.74807e-05
-1.65676e-05
-1.56872e-05
-1.4839e-05
-1.40221e-05
-1.3236e-05
-1.24801e-05
-1.17539e-05
-1.10567e-05
-1.03879e-05
-9.7469e-06
-9.13327e-06
-8.54631e-06
-7.98547e-06
-7.45018e-06
-6.93983e-06
-6.45383e-06
-5.99156e-06
-5.55247e-06
-5.1359e-06
-4.74118e-06
-4.36776e-06
-4.0149e-06
-3.68193e-06
-3.36824e-06
-3.07311e-06
-2.79583e-06
-2.53576e-06
-2.29228e-06
-2.0646e-06
-1.8521e-06
-1.6541e-06
-1.46987e-06
-1.2988e-06
-1.14029e-06
-9.93475e-07
-8.57825e-07
-7.32697e-07
-6.17386e-07
-5.11356e-07
-4.13935e-07
-3.24562e-07
-2.42894e-07
-1.6752e-07
-9.98968e-08
-3.49383e-08
1.70734e-08
8.19152e-08
1.03834e-07
2.03878e-07
1.34108e-07
3.87462e-07
2.74367e-08
7.60961e-07
-3.7559e-07
1.51267e-06
-1.22201e-06
2.67264e-06
-2.27235e-06
3.62191e-06
-2.44585e-06
2.95083e-06
-3.32724e-07
-1.4202e-07
3.64486e-06
-3.60165e-06
6.00938e-06
-3.50567e-06
-2.07133e-05
-1.96876e-05
-1.86983e-05
-1.77428e-05
-1.68202e-05
-1.59303e-05
-1.50724e-05
-1.42459e-05
-1.34502e-05
-1.26847e-05
-1.1949e-05
-1.12424e-05
-1.05644e-05
-9.91437e-06
-9.29187e-06
-8.69628e-06
-8.12703e-06
-7.58357e-06
-7.06531e-06
-6.57168e-06
-6.10205e-06
-5.65588e-06
-5.23252e-06
-4.83131e-06
-4.45168e-06
-4.0929e-06
-3.7543e-06
-3.43525e-06
-3.13504e-06
-2.85297e-06
-2.58839e-06
-2.34064e-06
-2.10897e-06
-1.89272e-06
-1.6912e-06
-1.5037e-06
-1.32958e-06
-1.16821e-06
-1.01877e-06
-8.80686e-07
-7.533e-07
-6.35918e-07
-5.27973e-07
-4.28807e-07
-3.37818e-07
-2.54659e-07
-1.77921e-07
-1.0907e-07
-4.29129e-08
1.00612e-08
7.59943e-08
9.8465e-08
1.99926e-07
1.29633e-07
3.85953e-07
2.25461e-08
7.63251e-07
-3.83063e-07
1.5207e-06
-1.23376e-06
2.6862e-06
-2.28588e-06
3.63449e-06
-2.45168e-06
2.95015e-06
-3.20157e-07
-1.64952e-07
3.67834e-06
-3.65106e-06
6.06434e-06
-3.59894e-06
-2.09926e-05
-1.99587e-05
-1.89609e-05
-1.79966e-05
-1.70651e-05
-1.61661e-05
-1.5299e-05
-1.44632e-05
-1.36583e-05
-1.28836e-05
-1.21387e-05
-1.14231e-05
-1.07361e-05
-1.00774e-05
-9.44628e-06
-8.84231e-06
-8.2649e-06
-7.71352e-06
-7.18758e-06
-6.68652e-06
-6.20974e-06
-5.75668e-06
-5.32671e-06
-4.91919e-06
-4.53351e-06
-4.16897e-06
-3.82489e-06
-3.50061e-06
-3.19546e-06
-2.90872e-06
-2.63973e-06
-2.38783e-06
-2.15226e-06
-1.93235e-06
-1.72741e-06
-1.53672e-06
-1.35962e-06
-1.19546e-06
-1.04347e-06
-9.02997e-07
-7.7341e-07
-6.54006e-07
-5.44194e-07
-4.43323e-07
-3.50755e-07
-2.66143e-07
-1.88072e-07
-1.1802e-07
-5.0699e-08
3.2152e-09
7.02149e-08
9.32229e-08
1.96066e-07
1.25271e-07
3.84465e-07
1.77941e-08
7.65437e-07
-3.90288e-07
1.52841e-06
-1.24508e-06
2.69924e-06
-2.29891e-06
3.64655e-06
-2.45726e-06
2.94933e-06
-3.07826e-07
-1.87602e-07
3.71132e-06
-3.69986e-06
6.11862e-06
-3.68995e-06
-2.1262e-05
-2.02204e-05
-1.92146e-05
-1.82421e-05
-1.73021e-05
-1.63944e-05
-1.55186e-05
-1.4674e-05
-1.38602e-05
-1.30767e-05
-1.2323e-05
-1.15986e-05
-1.09031e-05
-1.02358e-05
-9.59645e-06
-8.98437e-06
-8.39905e-06
-7.83998e-06
-7.3066e-06
-6.79833e-06
-6.3146e-06
-5.85484e-06
-5.41845e-06
-5.00479e-06
-4.61322e-06
-4.24308e-06
-3.89366e-06
-3.5643e-06
-3.25434e-06
-2.96305e-06
-2.68977e-06
-2.43383e-06
-2.19446e-06
-1.97099e-06
-1.76271e-06
-1.56891e-06
-1.3889e-06
-1.22204e-06
-1.06754e-06
-9.24751e-07
-7.93019e-07
-6.71642e-07
-5.60012e-07
-4.57477e-07
-3.63368e-07
-2.7734e-07
-1.97968e-07
-1.26746e-07
-5.82934e-08
-3.46164e-09
6.45793e-08
8.81102e-08
1.923e-07
1.21023e-07
3.83e-07
1.318e-08
7.67525e-07
-3.9727e-07
1.53582e-06
-1.25599e-06
2.71175e-06
-2.31143e-06
3.65809e-06
-2.46256e-06
2.94836e-06
-2.95734e-07
-2.09919e-07
3.74373e-06
-3.7479e-06
6.17203e-06
-3.77845e-06
-2.15214e-05
-2.04728e-05
-1.94596e-05
-1.84793e-05
-1.75313e-05
-1.66154e-05
-1.57312e-05
-1.48782e-05
-1.40559e-05
-1.32639e-05
-1.25018e-05
-1.1769e-05
-1.10651e-05
-1.03898e-05
-9.74234e-06
-9.12241e-06
-8.52944e-06
-7.96293e-06
-7.42232e-06
-6.90707e-06
-6.41659e-06
-5.95033e-06
-5.5077e-06
-5.08807e-06
-4.69079e-06
-4.3152e-06
-3.96059e-06
-3.6263e-06
-3.31166e-06
-3.01595e-06
-2.73849e-06
-2.47861e-06
-2.23555e-06
-2.00862e-06
-1.79709e-06
-1.60025e-06
-1.41742e-06
-1.24792e-06
-1.09098e-06
-9.45938e-07
-8.12118e-07
-6.88821e-07
-5.7542e-07
-4.71262e-07
-3.75652e-07
-2.88246e-07
-2.07606e-07
-1.35243e-07
-6.56928e-08
-9.96657e-09
5.909e-08
8.31294e-08
1.88631e-07
1.16889e-07
3.81561e-07
8.70247e-09
7.6952e-07
-4.04014e-07
1.54293e-06
-1.26649e-06
2.72375e-06
-2.32344e-06
3.66911e-06
-2.46759e-06
2.94725e-06
-2.83891e-07
-2.31855e-07
3.77548e-06
-3.79502e-06
6.22439e-06
-3.86423e-06
-2.17711e-05
-2.07159e-05
-1.96958e-05
-1.87082e-05
-1.77527e-05
-1.6829e-05
-1.59369e-05
-1.50758e-05
-1.42454e-05
-1.34453e-05
-1.2675e-05
-1.19342e-05
-1.12224e-05
-1.05391e-05
-9.88392e-06
-9.2564e-06
-8.65604e-06
-8.08232e-06
-7.53472e-06
-7.01269e-06
-6.51567e-06
-6.04311e-06
-5.59443e-06
-5.16901e-06
-4.76618e-06
-4.3853e-06
-4.02565e-06
-3.68658e-06
-3.36739e-06
-3.06738e-06
-2.78587e-06
-2.52216e-06
-2.27552e-06
-2.04521e-06
-1.83053e-06
-1.63075e-06
-1.44516e-06
-1.27309e-06
-1.11379e-06
-9.66549e-07
-8.30701e-07
-7.05534e-07
-5.90411e-07
-4.84673e-07
-3.87601e-07
-2.98856e-07
-2.16982e-07
-1.4351e-07
-7.28936e-08
-1.62967e-08
5.37496e-08
7.82828e-08
1.85059e-07
1.1287e-07
3.80153e-07
4.36013e-09
7.71427e-07
-4.10525e-07
1.54975e-06
-1.27659e-06
2.73524e-06
-2.33495e-06
3.67962e-06
-2.47233e-06
2.94601e-06
-2.72304e-07
-2.53363e-07
3.80651e-06
-3.84107e-06
6.27554e-06
-3.94708e-06
-2.2011e-05
-2.09498e-05
-1.99232e-05
-1.89289e-05
-1.79662e-05
-1.70353e-05
-1.61356e-05
-1.52669e-05
-1.44287e-05
-1.36208e-05
-1.28428e-05
-1.20942e-05
-1.13747e-05
-1.06838e-05
-1.00211e-05
-9.38631e-06
-8.7788e-06
-8.19813e-06
-7.64376e-06
-7.11517e-06
-6.61182e-06
-6.13316e-06
-5.67862e-06
-5.24758e-06
-4.83938e-06
-4.45336e-06
-4.08883e-06
-3.74512e-06
-3.42152e-06
-3.11734e-06
-2.83189e-06
-2.56447e-06
-2.31434e-06
-2.08076e-06
-1.86302e-06
-1.66037e-06
-1.47211e-06
-1.29756e-06
-1.13595e-06
-9.86576e-07
-8.48758e-07
-7.21776e-07
-6.04979e-07
-4.97705e-07
-3.9921e-07
-3.09164e-07
-2.26091e-07
-1.51543e-07
-7.98926e-08
-2.24491e-08
4.85605e-08
7.35724e-08
1.81589e-07
1.08967e-07
3.78778e-07
1.51515e-10
7.73251e-07
-4.16808e-07
1.55629e-06
-1.28629e-06
2.74623e-06
-2.34596e-06
3.6896e-06
-2.47679e-06
2.94463e-06
-2.60978e-07
-2.74397e-07
3.83675e-06
-3.8859e-06
6.32532e-06
-4.02683e-06
-2.22412e-05
-2.11745e-05
-2.0142e-05
-1.91414e-05
-1.8172e-05
-1.72341e-05
-1.63273e-05
-1.54513e-05
-1.46058e-05
-1.37905e-05
-1.3005e-05
-1.22489e-05
-1.1522e-05
-1.08238e-05
-1.0154e-05
-9.51211e-06
-8.89771e-06
-8.31031e-06
-7.74941e-06
-7.21448e-06
-6.705e-06
-6.22045e-06
-5.76024e-06
-5.32375e-06
-4.91035e-06
-4.51936e-06
-4.1501e-06
-3.80189e-06
-3.47402e-06
-3.16579e-06
-2.87653e-06
-2.60551e-06
-2.352e-06
-2.11525e-06
-1.89454e-06
-1.68911e-06
-1.49826e-06
-1.32129e-06
-1.15745e-06
-1.00601e-06
-8.66281e-07
-7.37539e-07
-6.19117e-07
-5.1035e-07
-4.10476e-07
-3.19167e-07
-2.34932e-07
-1.59338e-07
-8.66862e-08
-2.84207e-08
4.35256e-08
6.90002e-08
1.78222e-07
1.05179e-07
3.77439e-07
-3.92488e-09
7.74997e-07
-4.22869e-07
1.56255e-06
-1.2956e-06
2.75674e-06
-2.35647e-06
3.69907e-06
-2.48096e-06
2.94312e-06
-2.49921e-07
-2.94914e-07
3.86612e-06
-3.9294e-06
6.37359e-06
-4.10327e-06
-2.24619e-05
-2.13902e-05
-2.03522e-05
-1.93457e-05
-1.83701e-05
-1.74257e-05
-1.65121e-05
-1.56292e-05
-1.47767e-05
-1.39542e-05
-1.31616e-05
-1.23984e-05
-1.16644e-05
-1.09592e-05
-1.02824e-05
-9.63377e-06
-9.01272e-06
-8.41884e-06
-7.85163e-06
-7.31059e-06
-6.7952e-06
-6.30495e-06
-5.83926e-06
-5.39751e-06
-4.97907e-06
-4.58328e-06
-4.20944e-06
-3.85687e-06
-3.52487e-06
-3.21273e-06
-2.91977e-06
-2.64527e-06
-2.38849e-06
-2.14867e-06
-1.92507e-06
-1.71696e-06
-1.5236e-06
-1.34429e-06
-1.17828e-06
-1.02484e-06
-8.83264e-07
-7.52816e-07
-6.3282e-07
-5.22604e-07
-4.21392e-07
-3.2886e-07
-2.43498e-07
-1.66894e-07
-9.32707e-08
-3.42086e-08
3.86474e-08
6.45682e-08
1.7496e-07
1.01507e-07
3.76139e-07
-7.87063e-09
7.7667e-07
-4.28711e-07
1.56855e-06
-1.30454e-06
2.76676e-06
-2.3665e-06
3.70804e-06
-2.48483e-06
2.94148e-06
-2.39139e-07
-3.14873e-07
3.89457e-06
-3.97143e-06
6.4202e-06
-4.17625e-06
-2.26731e-05
-2.15968e-05
-2.05539e-05
-1.95419e-05
-1.85605e-05
-1.76099e-05
-1.669e-05
-1.58005e-05
-1.49412e-05
-1.4112e-05
-1.33126e-05
-1.25426e-05
-1.18018e-05
-1.10899e-05
-1.04065e-05
-9.75125e-06
-9.12381e-06
-8.52368e-06
-7.9504e-06
-7.40346e-06
-6.88238e-06
-6.38664e-06
-5.91566e-06
-5.46883e-06
-5.04552e-06
-4.64509e-06
-4.26683e-06
-3.91005e-06
-3.57405e-06
-3.25813e-06
-2.96159e-06
-2.68373e-06
-2.42378e-06
-2.18099e-06
-1.95461e-06
-1.74389e-06
-1.54811e-06
-1.36654e-06
-1.19844e-06
-1.04307e-06
-8.99699e-07
-7.676e-07
-6.4608e-07
-5.34461e-07
-4.31954e-07
-3.3824e-07
-2.51788e-07
-1.74205e-07
-9.96428e-08
-3.98096e-08
3.39286e-08
6.02781e-08
1.71806e-07
9.79513e-08
3.74881e-07
-1.16874e-08
7.78275e-07
-4.3434e-07
1.57429e-06
-1.3131e-06
2.77631e-06
-2.37603e-06
3.71649e-06
-2.4884e-06
2.93971e-06
-2.28638e-07
-3.34238e-07
3.92205e-06
-4.01189e-06
6.46503e-06
-4.2456e-06
-2.2875e-05
-2.17946e-05
-2.0747e-05
-1.973e-05
-1.87431e-05
-1.77868e-05
-1.68608e-05
-1.59652e-05
-1.50996e-05
-1.42639e-05
-1.3458e-05
-1.26815e-05
-1.19342e-05
-1.12158e-05
-1.0526e-05
-9.86452e-06
-9.23094e-06
-8.62481e-06
-8.04568e-06
-7.49308e-06
-6.96652e-06
-6.46548e-06
-5.9894e-06
-5.53768e-06
-5.10969e-06
-4.70477e-06
-4.32224e-06
-3.96139e-06
-3.62154e-06
-3.30197e-06
-3.00199e-06
-2.72088e-06
-2.45787e-06
-2.21221e-06
-1.98314e-06
-1.76991e-06
-1.57178e-06
-1.38804e-06
-1.21792e-06
-1.06067e-06
-9.15577e-07
-7.81884e-07
-6.58891e-07
-5.45916e-07
-4.42157e-07
-3.47301e-07
-2.59797e-07
-1.81269e-07
-1.05799e-07
-4.52212e-08
2.93714e-08
5.61316e-08
1.68761e-07
9.45122e-08
3.73669e-07
-1.53768e-08
7.79816e-07
-4.39761e-07
1.57979e-06
-1.3213e-06
2.78539e-06
-2.38508e-06
3.72444e-06
-2.49167e-06
2.93781e-06
-2.18425e-07
-3.52972e-07
3.94848e-06
-4.05066e-06
6.50797e-06
-4.31115e-06
-2.30676e-05
-2.19835e-05
-2.09318e-05
-1.99101e-05
-1.89181e-05
-1.79564e-05
-1.70248e-05
-1.61232e-05
-1.52516e-05
-1.44098e-05
-1.35977e-05
-1.2815e-05
-1.20615e-05
-1.13369e-05
-1.0641e-05
-9.97357e-06
-9.33409e-06
-8.7222e-06
-8.13746e-06
-7.57942e-06
-7.04759e-06
-6.54146e-06
-6.06048e-06
-5.60404e-06
-5.17153e-06
-4.7623e-06
-4.37566e-06
-4.01089e-06
-3.66732e-06
-3.34424e-06
-3.04094e-06
-2.7567e-06
-2.49074e-06
-2.24231e-06
-2.01065e-06
-1.79499e-06
-1.59461e-06
-1.40876e-06
-1.2367e-06
-1.07765e-06
-9.30892e-07
-7.95661e-07
-6.71247e-07
-5.56963e-07
-4.51997e-07
-3.5604e-07
-2.67521e-07
-1.88082e-07
-1.11736e-07
-5.04405e-08
2.49783e-08
5.213e-08
1.65827e-07
9.11898e-08
3.72504e-07
-1.89405e-08
7.81298e-07
-4.44978e-07
1.58503e-06
-1.32913e-06
2.79402e-06
-2.39365e-06
3.73189e-06
-2.49463e-06
2.93579e-06
-2.08504e-07
-3.71043e-07
3.97383e-06
-4.08766e-06
6.5489e-06
-4.37275e-06
-2.32511e-05
-2.21637e-05
-2.11082e-05
-2.00822e-05
-1.90855e-05
-1.81188e-05
-1.71818e-05
-1.62747e-05
-1.53974e-05
-1.45498e-05
-1.37318e-05
-1.29432e-05
-1.21837e-05
-1.14533e-05
-1.07516e-05
-1.00784e-05
-9.43323e-06
-8.81582e-06
-8.22571e-06
-7.66245e-06
-7.12557e-06
-6.61455e-06
-6.12885e-06
-5.66789e-06
-5.23104e-06
-4.81766e-06
-4.42705e-06
-4.05852e-06
-3.71138e-06
-3.38492e-06
-3.07843e-06
-2.79117e-06
-2.52238e-06
-2.27128e-06
-2.03712e-06
-1.81914e-06
-1.61658e-06
-1.42871e-06
-1.25478e-06
-1.094e-06
-9.45636e-07
-8.08925e-07
-6.83143e-07
-5.67597e-07
-4.6147e-07
-3.64453e-07
-2.74957e-07
-1.94641e-07
-1.1745e-07
-5.54654e-08
2.07512e-08
4.82747e-08
1.63007e-07
8.79841e-08
3.71389e-07
-2.23804e-08
7.82726e-07
-4.49995e-07
1.59005e-06
-1.33661e-06
2.8022e-06
-2.40174e-06
3.73884e-06
-2.49729e-06
2.93366e-06
-1.98881e-07
-3.88419e-07
3.99805e-06
-4.1228e-06
6.58774e-06
-4.43024e-06
-2.34257e-05
-2.23353e-05
-2.12763e-05
-2.02464e-05
-1.92454e-05
-1.82739e-05
-1.7332e-05
-1.64197e-05
-1.5537e-05
-1.46839e-05
-1.38603e-05
-1.3066e-05
-1.23009e-05
-1.15648e-05
-1.08576e-05
-1.01789e-05
-9.52834e-06
-8.90565e-06
-8.3104e-06
-7.74214e-06
-7.20041e-06
-6.68471e-06
-6.1945e-06
-5.7292e-06
-5.2882e-06
-4.87083e-06
-4.47642e-06
-4.10427e-06
-3.75371e-06
-3.42401e-06
-3.11445e-06
-2.82428e-06
-2.55276e-06
-2.29911e-06
-2.06255e-06
-1.84233e-06
-1.63769e-06
-1.44788e-06
-1.27215e-06
-1.1097e-06
-9.59802e-07
-8.21668e-07
-6.94571e-07
-5.77814e-07
-4.70571e-07
-3.72536e-07
-2.82101e-07
-2.00943e-07
-1.2294e-07
-6.02935e-08
1.66922e-08
4.4567e-08
1.60301e-07
8.48952e-08
3.70327e-07
-2.56982e-08
7.84104e-07
-4.54817e-07
1.59484e-06
-1.34374e-06
2.80993e-06
-2.40936e-06
3.7453e-06
-2.49963e-06
2.9314e-06
-1.8956e-07
-4.05073e-07
4.02109e-06
-4.156e-06
6.62438e-06
-4.48346e-06
-2.35913e-05
-2.24984e-05
-2.14363e-05
-2.04027e-05
-1.93977e-05
-1.84218e-05
-1.74753e-05
-1.6558e-05
-1.56703e-05
-1.4812e-05
-1.39831e-05
-1.31834e-05
-1.2413e-05
-1.16716e-05
-1.0959e-05
-1.02751e-05
-9.61939e-06
-8.99168e-06
-8.39151e-06
-7.81847e-06
-7.27211e-06
-6.75193e-06
-6.25741e-06
-5.78796e-06
-5.34296e-06
-4.92178e-06
-4.52373e-06
-4.14813e-06
-3.79428e-06
-3.46147e-06
-3.14897e-06
-2.85603e-06
-2.58189e-06
-2.32578e-06
-2.08693e-06
-1.86456e-06
-1.65792e-06
-1.46626e-06
-1.2888e-06
-1.12476e-06
-9.73384e-07
-8.33885e-07
-7.05528e-07
-5.87609e-07
-4.79296e-07
-3.80285e-07
-2.88951e-07
-2.06984e-07
-1.28203e-07
-6.4923e-08
1.2803e-08
4.10078e-08
1.57712e-07
8.19232e-08
3.69321e-07
-2.88956e-08
7.85437e-07
-4.59447e-07
1.59941e-06
-1.35053e-06
2.81724e-06
-2.4165e-06
3.75126e-06
-2.50166e-06
2.92904e-06
-1.80546e-07
-4.20979e-07
4.04292e-06
-4.18718e-06
6.65876e-06
-4.53226e-06
-2.37482e-05
-2.2653e-05
-2.15881e-05
-2.05513e-05
-1.95425e-05
-1.85626e-05
-1.76117e-05
-1.66899e-05
-1.57973e-05
-1.49341e-05
-1.41002e-05
-1.32955e-05
-1.252e-05
-1.17735e-05
-1.10559e-05
-1.03669e-05
-9.70638e-06
-9.07387e-06
-8.46902e-06
-7.89142e-06
-7.34064e-06
-6.81619e-06
-6.31754e-06
-5.84413e-06
-5.39533e-06
-4.9705e-06
-4.56898e-06
-4.19007e-06
-3.83309e-06
-3.49731e-06
-3.18199e-06
-2.88639e-06
-2.60975e-06
-2.35129e-06
-2.11024e-06
-1.88582e-06
-1.67728e-06
-1.48384e-06
-1.30473e-06
-1.13917e-06
-9.86376e-07
-8.45571e-07
-7.16008e-07
-5.96978e-07
-4.87641e-07
-3.87698e-07
-2.95502e-07
-2.12764e-07
-1.33236e-07
-6.93523e-08
9.08508e-09
3.75981e-08
1.5524e-07
7.90679e-08
3.68372e-07
-3.19743e-08
7.86728e-07
-4.63891e-07
1.60376e-06
-1.35698e-06
2.82411e-06
-2.42318e-06
3.75674e-06
-2.50337e-06
2.92656e-06
-1.71843e-07
-4.36116e-07
4.06349e-06
-4.21629e-06
6.6908e-06
-4.57648e-06
-2.38965e-05
-2.27993e-05
-2.1732e-05
-2.06921e-05
-1.96799e-05
-1.86962e-05
-1.77412e-05
-1.68151e-05
-1.59181e-05
-1.50503e-05
-1.42116e-05
-1.34021e-05
-1.26218e-05
-1.18705e-05
-1.11481e-05
-1.04545e-05
-9.78928e-06
-9.15221e-06
-8.5429e-06
-7.96096e-06
-7.40597e-06
-6.87746e-06
-6.37489e-06
-5.8977e-06
-5.44527e-06
-5.01697e-06
-4.61214e-06
-4.23009e-06
-3.87012e-06
-3.5315e-06
-3.2135e-06
-2.91536e-06
-2.63634e-06
-2.37564e-06
-2.13248e-06
-1.90611e-06
-1.69574e-06
-1.50061e-06
-1.31993e-06
-1.15291e-06
-9.98772e-07
-8.5672e-07
-7.26007e-07
-6.05916e-07
-4.95603e-07
-3.9477e-07
-3.01754e-07
-2.18279e-07
-1.38038e-07
-7.358e-08
5.53998e-09
3.43388e-08
1.52889e-07
7.63293e-08
3.67482e-07
-3.49361e-08
7.87982e-07
-4.68151e-07
1.60791e-06
-1.3631e-06
2.83057e-06
-2.42939e-06
3.76173e-06
-2.50477e-06
2.92397e-06
-1.63452e-07
-4.50462e-07
4.08279e-06
-4.24327e-06
6.72044e-06
-4.61599e-06
-2.40362e-05
-2.29374e-05
-2.18678e-05
-2.08253e-05
-1.981e-05
-1.88228e-05
-1.7864e-05
-1.69339e-05
-1.60327e-05
-1.51605e-05
-1.43174e-05
-1.35034e-05
-1.27185e-05
-1.19627e-05
-1.12358e-05
-1.05377e-05
-9.86807e-06
-9.22667e-06
-8.61314e-06
-8.02708e-06
-7.4681e-06
-6.93572e-06
-6.42943e-06
-5.94865e-06
-5.49277e-06
-5.06118e-06
-4.6532e-06
-4.26816e-06
-3.90535e-06
-3.56403e-06
-3.24347e-06
-2.94293e-06
-2.66164e-06
-2.3988e-06
-2.15365e-06
-1.92541e-06
-1.71332e-06
-1.51658e-06
-1.3344e-06
-1.16599e-06
-1.01057e-06
-8.67328e-07
-7.3552e-07
-6.14419e-07
-5.03179e-07
-4.015e-07
-3.07703e-07
-2.23527e-07
-1.42608e-07
-7.76047e-08
2.169e-09
3.12306e-08
1.50658e-07
7.37073e-08
3.66654e-07
-3.77826e-08
7.89204e-07
-4.72231e-07
1.61186e-06
-1.36889e-06
2.83662e-06
-2.43514e-06
3.76624e-06
-2.50585e-06
2.92128e-06
-1.55376e-07
-4.64002e-07
4.10077e-06
-4.26808e-06
6.74763e-06
-4.65065e-06
-2.41676e-05
-2.30674e-05
-2.19958e-05
-2.09508e-05
-1.99327e-05
-1.89423e-05
-1.798e-05
-1.70461e-05
-1.6141e-05
-1.52647e-05
-1.44175e-05
-1.35993e-05
-1.28101e-05
-1.205e-05
-1.13189e-05
-1.06165e-05
-9.94273e-06
-9.29725e-06
-8.67971e-06
-8.08976e-06
-7.527e-06
-6.99097e-06
-6.48114e-06
-5.99696e-06
-5.53782e-06
-5.10311e-06
-4.69216e-06
-4.30428e-06
-3.93876e-06
-3.59488e-06
-3.27191e-06
-2.96909e-06
-2.68564e-06
-2.42078e-06
-2.17373e-06
-1.94373e-06
-1.72999e-06
-1.53172e-06
-1.34813e-06
-1.1784e-06
-1.02176e-06
-8.7739e-07
-7.44544e-07
-6.22484e-07
-5.10364e-07
-4.07884e-07
-3.13347e-07
-2.28508e-07
-1.46944e-07
-8.14254e-08
-1.02657e-09
2.82744e-08
1.48549e-07
7.12016e-08
3.6589e-07
-4.05153e-08
7.90396e-07
-4.76134e-07
1.61562e-06
-1.37436e-06
2.84226e-06
-2.44044e-06
3.77028e-06
-2.5066e-06
2.91848e-06
-1.47616e-07
-4.76722e-07
4.11741e-06
-4.29068e-06
6.77234e-06
-4.68037e-06
-2.42908e-05
-2.31894e-05
-2.21161e-05
-2.10689e-05
-2.00481e-05
-1.90547e-05
-1.80892e-05
-1.71519e-05
-1.62431e-05
-1.53631e-05
-1.45119e-05
-1.36897e-05
-1.28966e-05
-1.21324e-05
-1.13973e-05
-1.06909e-05
-1.00133e-05
-9.36392e-06
-8.74261e-06
-8.14899e-06
-7.58267e-06
-7.04318e-06
-6.53001e-06
-6.04262e-06
-5.5804e-06
-5.14274e-06
-4.72898e-06
-4.33842e-06
-3.97035e-06
-3.62406e-06
-3.29881e-06
-2.99383e-06
-2.70834e-06
-2.44156e-06
-2.19272e-06
-1.96105e-06
-1.74576e-06
-1.54605e-06
-1.3611e-06
-1.19013e-06
-1.03233e-06
-8.86903e-07
-7.53075e-07
-6.30108e-07
-5.17158e-07
-4.13921e-07
-3.18686e-07
-2.3322e-07
-1.51046e-07
-8.50411e-08
-4.0455e-09
2.54709e-08
1.46563e-07
6.88123e-08
3.65193e-07
-4.31359e-08
7.91564e-07
-4.79865e-07
1.61919e-06
-1.37951e-06
2.84751e-06
-2.44528e-06
3.77384e-06
-2.50704e-06
2.91558e-06
-1.40174e-07
-4.8861e-07
4.13271e-06
-4.31107e-06
6.79455e-06
-4.70508e-06
-2.44058e-05
-2.33034e-05
-2.22286e-05
-2.11794e-05
-2.01563e-05
-1.91602e-05
-1.81917e-05
-1.72512e-05
-1.6339e-05
-1.54554e-05
-1.46006e-05
-1.37747e-05
-1.29778e-05
-1.221e-05
-1.1471e-05
-1.0761e-05
-1.00796e-05
-9.42666e-06
-8.80182e-06
-8.20475e-06
-7.63507e-06
-7.09233e-06
-6.57602e-06
-6.08561e-06
-5.6205e-06
-5.18007e-06
-4.76366e-06
-4.37057e-06
-4.00011e-06
-3.65155e-06
-3.32414e-06
-3.01713e-06
-2.72972e-06
-2.46114e-06
-2.21061e-06
-1.97737e-06
-1.76062e-06
-1.55954e-06
-1.37333e-06
-1.20118e-06
-1.0423e-06
-8.95864e-07
-7.61109e-07
-6.37288e-07
-5.23556e-07
-4.19609e-07
-3.23718e-07
-2.37662e-07
-1.54912e-07
-8.84504e-08
-6.88648e-09
2.28209e-08
1.44702e-07
6.6539e-08
3.64563e-07
-4.56457e-08
7.92711e-07
-4.83426e-07
1.62258e-06
-1.38435e-06
2.85236e-06
-2.44967e-06
3.77692e-06
-2.50715e-06
2.91257e-06
-1.33048e-07
-4.9966e-07
4.14663e-06
-4.32923e-06
6.81425e-06
-4.72476e-06
-2.45128e-05
-2.34096e-05
-2.23335e-05
-2.12826e-05
-2.02573e-05
-1.92587e-05
-1.82875e-05
-1.7344e-05
-1.64287e-05
-1.55419e-05
-1.46837e-05
-1.38544e-05
-1.3054e-05
-1.22826e-05
-1.15402e-05
-1.08266e-05
-1.01418e-05
-9.48547e-06
-8.85733e-06
-8.25703e-06
-7.68421e-06
-7.13841e-06
-6.61916e-06
-6.12592e-06
-5.6581e-06
-5.21507e-06
-4.79618e-06
-4.40073e-06
-4.02802e-06
-3.67733e-06
-3.34791e-06
-3.03899e-06
-2.74978e-06
-2.4795e-06
-2.2274e-06
-1.99268e-06
-1.77456e-06
-1.5722e-06
-1.3848e-06
-1.21155e-06
-1.05165e-06
-9.04268e-07
-7.68645e-07
-6.44019e-07
-5.29558e-07
-4.24945e-07
-3.28442e-07
-2.41832e-07
-1.58541e-07
-9.16522e-08
-9.54819e-09
2.03253e-08
1.42967e-07
6.43818e-08
3.64003e-07
-4.80462e-08
7.93841e-07
-4.8682e-07
1.62579e-06
-1.38889e-06
2.85682e-06
-2.4536e-06
3.77954e-06
-2.50694e-06
2.90946e-06
-1.26237e-07
-5.09866e-07
4.15919e-06
-4.34516e-06
6.83145e-06
-4.73947e-06
-2.4612e-05
-2.35081e-05
-2.24309e-05
-2.13784e-05
-2.03511e-05
-1.93504e-05
-1.83766e-05
-1.74305e-05
-1.65123e-05
-1.56224e-05
-1.47611e-05
-1.39285e-05
-1.31249e-05
-1.23503e-05
-1.16046e-05
-1.08878e-05
-1.01998e-05
-9.54034e-06
-8.90911e-06
-8.30581e-06
-7.73005e-06
-7.18141e-06
-6.65942e-06
-6.16354e-06
-5.69319e-06
-5.24775e-06
-4.82654e-06
-4.42888e-06
-4.05408e-06
-3.7014e-06
-3.3701e-06
-3.0594e-06
-2.7685e-06
-2.49665e-06
-2.24307e-06
-2.00698e-06
-1.78757e-06
-1.58401e-06
-1.3955e-06
-1.22124e-06
-1.06038e-06
-9.12112e-07
-7.75678e-07
-6.50301e-07
-5.35162e-07
-4.29928e-07
-3.32856e-07
-2.45728e-07
-1.61933e-07
-9.4645e-08
-1.20292e-08
1.79852e-08
1.41359e-07
6.23404e-08
3.63516e-07
-5.03389e-08
7.94958e-07
-4.90052e-07
1.62884e-06
-1.39312e-06
2.86091e-06
-2.4571e-06
3.78169e-06
-2.5064e-06
2.90625e-06
-1.19739e-07
-5.19229e-07
4.17036e-06
-4.35888e-06
6.84616e-06
-4.74932e-06
-2.47034e-05
-2.35989e-05
-2.25208e-05
-2.14669e-05
-2.04379e-05
-1.94351e-05
-1.84591e-05
-1.75105e-05
-1.65896e-05
-1.5697e-05
-1.48328e-05
-1.39973e-05
-1.31907e-05
-1.2413e-05
-1.16644e-05
-1.09446e-05
-1.02536e-05
-9.59124e-06
-8.95716e-06
-8.35107e-06
-7.77259e-06
-7.22132e-06
-6.69678e-06
-6.19846e-06
-5.72577e-06
-5.27808e-06
-4.85472e-06
-4.45501e-06
-4.07828e-06
-3.72375e-06
-3.39071e-06
-3.07835e-06
-2.78588e-06
-2.51256e-06
-2.25761e-06
-2.02025e-06
-1.79965e-06
-1.59499e-06
-1.40545e-06
-1.23024e-06
-1.06849e-06
-9.19393e-07
-7.82208e-07
-6.56129e-07
-5.40365e-07
-4.34557e-07
-3.3696e-07
-2.4935e-07
-1.65087e-07
-9.74271e-08
-1.4328e-08
1.58014e-08
1.39878e-07
6.04146e-08
3.63103e-07
-5.25259e-08
7.96068e-07
-4.93125e-07
1.63172e-06
-1.39705e-06
2.86462e-06
-2.46015e-06
3.78338e-06
-2.50554e-06
2.90293e-06
-1.13554e-07
-5.27753e-07
4.18017e-06
-4.37045e-06
6.85844e-06
-4.75456e-06
-2.47871e-05
-2.36823e-05
-2.26033e-05
-2.15482e-05
-2.05177e-05
-1.95131e-05
-1.8535e-05
-1.75841e-05
-1.66608e-05
-1.57656e-05
-1.48988e-05
-1.40606e-05
-1.32513e-05
-1.24709e-05
-1.17194e-05
-1.09969e-05
-1.03032e-05
-9.63816e-06
-9.00146e-06
-8.3928e-06
-7.81182e-06
-7.25812e-06
-6.73125e-06
-6.23068e-06
-5.75581e-06
-5.30605e-06
-4.88072e-06
-4.47912e-06
-4.1006e-06
-3.74437e-06
-3.40971e-06
-3.09583e-06
-2.80191e-06
-2.52725e-06
-2.27103e-06
-2.03249e-06
-1.81079e-06
-1.60511e-06
-1.41462e-06
-1.23854e-06
-1.07597e-06
-9.26108e-07
-7.88232e-07
-6.61502e-07
-5.45167e-07
-4.38828e-07
-3.40752e-07
-2.52694e-07
-1.68003e-07
-9.99963e-08
-1.64429e-08
1.3775e-08
1.38527e-07
5.86039e-08
3.62767e-07
-5.46099e-08
7.97175e-07
-4.96047e-07
1.63445e-06
-1.4007e-06
2.86797e-06
-2.46278e-06
3.78462e-06
-2.50437e-06
2.89953e-06
-1.0768e-07
-5.35448e-07
4.18863e-06
-4.37993e-06
6.86837e-06
-4.75553e-06
-2.48633e-05
-2.37581e-05
-2.26784e-05
-2.16223e-05
-2.05905e-05
-1.95842e-05
-1.86043e-05
-1.76513e-05
-1.67259e-05
-1.58284e-05
-1.49592e-05
-1.41185e-05
-1.33067e-05
-1.25238e-05
-1.17698e-05
-1.10448e-05
-1.03486e-05
-9.6811e-06
-9.042e-06
-8.43099e-06
-7.84772e-06
-7.2918e-06
-6.7628e-06
-6.26017e-06
-5.78332e-06
-5.33167e-06
-4.90452e-06
-4.5012e-06
-4.12105e-06
-3.76325e-06
-3.42711e-06
-3.11183e-06
-2.81658e-06
-2.54069e-06
-2.28331e-06
-2.04369e-06
-1.82099e-06
-1.61438e-06
-1.42302e-06
-1.24616e-06
-1.08282e-06
-9.32253e-07
-7.9375e-07
-6.66417e-07
-5.49567e-07
-4.4274e-07
-3.44232e-07
-2.55759e-07
-1.70679e-07
-1.0235e-07
-1.83727e-08
1.19077e-08
1.37304e-07
5.69099e-08
3.62508e-07
-5.65869e-08
7.98275e-07
-4.98806e-07
1.637e-06
-1.40404e-06
2.87093e-06
-2.46494e-06
3.78536e-06
-2.50282e-06
2.89598e-06
-1.0209e-07
-5.42312e-07
4.19572e-06
-4.38729e-06
6.87592e-06
-4.75257e-06
-2.4932e-05
-2.38266e-05
-2.27464e-05
-2.16893e-05
-2.06563e-05
-1.96486e-05
-1.8667e-05
-1.77122e-05
-1.67848e-05
-1.58852e-05
-1.50139e-05
-1.4171e-05
-1.33569e-05
-1.25717e-05
-1.18155e-05
-1.10882e-05
-1.03898e-05
-9.72004e-06
-9.07877e-06
-8.46562e-06
-7.88028e-06
-7.32236e-06
-6.79143e-06
-6.28693e-06
-5.80828e-06
-5.35492e-06
-4.92614e-06
-4.52123e-06
-4.13963e-06
-3.78038e-06
-3.44289e-06
-3.12635e-06
-2.82989e-06
-2.55289e-06
-2.29444e-06
-2.05385e-06
-1.83025e-06
-1.6228e-06
-1.43064e-06
-1.25308e-06
-1.08904e-06
-9.37824e-07
-7.98761e-07
-6.70871e-07
-5.53565e-07
-4.4629e-07
-3.474e-07
-2.5854e-07
-1.73116e-07
-1.04485e-07
-2.01168e-08
1.02028e-08
1.36207e-07
5.53396e-08
3.62315e-07
-5.84361e-08
7.99334e-07
-5.01345e-07
1.6393e-06
-1.40694e-06
2.87333e-06
-2.46642e-06
3.78539e-06
-2.5007e-06
2.89215e-06
-9.67281e-08
-5.48286e-07
4.20125e-06
-4.39234e-06
6.88087e-06
-4.74594e-06
-2.49934e-05
-2.38878e-05
-2.28071e-05
-2.17493e-05
-2.07152e-05
-1.97062e-05
-1.87232e-05
-1.77668e-05
-1.68376e-05
-1.59362e-05
-1.50629e-05
-1.42181e-05
-1.3402e-05
-1.26147e-05
-1.18565e-05
-1.11272e-05
-1.04267e-05
-9.75497e-06
-9.11175e-06
-8.49669e-06
-7.90951e-06
-7.34978e-06
-6.81712e-06
-6.31096e-06
-5.83067e-06
-5.3758e-06
-4.94554e-06
-4.53922e-06
-4.15631e-06
-3.79575e-06
-3.45705e-06
-3.13939e-06
-2.84182e-06
-2.56384e-06
-2.30443e-06
-2.06297e-06
-1.83855e-06
-1.63035e-06
-1.43747e-06
-1.2593e-06
-1.09463e-06
-9.42819e-07
-8.03268e-07
-6.74859e-07
-5.57159e-07
-4.49473e-07
-3.50254e-07
-2.61033e-07
-1.75315e-07
-1.06397e-07
-2.16739e-08
8.66085e-09
1.35239e-07
5.38867e-08
3.62203e-07
-6.0181e-08
8.00391e-07
-5.03724e-07
1.64143e-06
-1.40953e-06
2.87532e-06
-2.46741e-06
3.7849e-06
-2.49821e-06
2.88818e-06
-9.16617e-08
-5.53422e-07
4.20542e-06
-4.39541e-06
6.88361e-06
-4.73659e-06
-2.50475e-05
-2.39417e-05
-2.28607e-05
-2.18022e-05
-2.07672e-05
-1.97571e-05
-1.87728e-05
-1.7815e-05
-1.68843e-05
-1.59813e-05
-1.51062e-05
-1.42597e-05
-1.34418e-05
-1.26527e-05
-1.18928e-05
-1.11616e-05
-1.04593e-05
-9.7859e-06
-9.14095e-06
-8.52419e-06
-7.93538e-06
-7.37406e-06
-6.83988e-06
-6.33225e-06
-5.8505e-06
-5.39431e-06
-4.96274e-06
-4.55513e-06
-4.17111e-06
-3.80934e-06
-3.46959e-06
-3.15096e-06
-2.85238e-06
-2.57355e-06
-2.31326e-06
-2.07104e-06
-1.84591e-06
-1.63705e-06
-1.44352e-06
-1.26483e-06
-1.09957e-06
-9.47232e-07
-8.07271e-07
-6.78376e-07
-5.60352e-07
-4.52287e-07
-3.52797e-07
-2.63236e-07
-1.77276e-07
-1.08087e-07
-2.3033e-08
7.26078e-09
1.34446e-07
5.24634e-08
3.62334e-07
-6.2102e-08
8.0191e-07
-5.06668e-07
1.64446e-06
-1.41328e-06
2.87882e-06
-2.47017e-06
3.7863e-06
-2.49754e-06
2.88568e-06
-8.74518e-08
-5.58475e-07
4.2103e-06
-4.39963e-06
6.88766e-06
-4.72848e-06
)
;

boundaryField
{
    down
    {
        type            symmetryPlane;
    }
    right
    {
        type            fixedValue;
        value           uniform 0;
    }
    up
    {
        type            symmetryPlane;
    }
    left
    {
        type            zeroGradient;
    }
    cylinder
    {
        type            zeroGradient;
    }
    frontAndBack
    {
        type            empty;
    }
    procBoundary7to3
    {
        type            processor;
        value           nonuniform List<scalar> 
72
(
-1.98153e-05
-1.8818e-05
-1.78576e-05
-1.69315e-05
-1.60388e-05
-1.51791e-05
-1.43513e-05
-1.3555e-05
-1.27894e-05
-1.20538e-05
-1.13476e-05
-1.06701e-05
-1.00207e-05
-9.39872e-06
-8.80362e-06
-8.23472e-06
-7.69149e-06
-7.17324e-06
-6.67932e-06
-6.2093e-06
-5.7624e-06
-5.33798e-06
-4.93551e-06
-4.55436e-06
-4.19381e-06
-3.85318e-06
-3.53199e-06
-3.22941e-06
-2.94474e-06
-2.67747e-06
-2.42679e-06
-2.19209e-06
-1.97275e-06
-1.76798e-06
-1.57721e-06
-1.39976e-06
-1.23507e-06
-1.08241e-06
-9.41098e-07
-8.10529e-07
-6.90015e-07
-5.78981e-07
-4.76936e-07
-3.83217e-07
-2.97105e-07
-2.1859e-07
-1.46017e-07
-8.09537e-08
-1.83824e-08
3.16107e-08
9.4118e-08
1.14979e-07
2.11886e-07
1.43436e-07
3.90455e-07
3.76129e-08
7.56038e-07
-3.59964e-07
1.49565e-06
-1.19711e-06
2.64386e-06
-2.24376e-06
3.60887e-06
3.60887e-06
-2.4397e-06
2.9514e-06
-3.45549e-07
-1.18877e-07
3.61099e-06
-3.55184e-06
5.95398e-06
-3.41038e-06
)
;
    }
    procBoundary7to6
    {
        type            processor;
        value           nonuniform List<scalar> 
74
(
-2.635e-05
-2.63437e-05
-2.63311e-05
-2.63123e-05
-2.62871e-05
-2.62555e-05
-2.62175e-05
-2.6172e-05
-2.61181e-05
-2.6057e-05
-2.59885e-05
-2.59125e-05
-2.58289e-05
-2.57375e-05
-2.56383e-05
-2.5531e-05
-2.54156e-05
-2.52919e-05
-2.51597e-05
-2.5019e-05
-2.48694e-05
-2.4711e-05
-2.45434e-05
-2.43666e-05
-2.41805e-05
-2.39848e-05
-2.37794e-05
-2.35643e-05
-2.33392e-05
-2.3104e-05
-2.28586e-05
-2.26029e-05
-2.23368e-05
-2.20602e-05
-2.17731e-05
-2.14752e-05
-2.11667e-05
-2.62173e-05
-2.62554e-05
-2.6287e-05
-2.63122e-05
-2.63311e-05
-2.63437e-05
-2.635e-05
-2.1167e-05
-2.14755e-05
-2.17733e-05
-2.20604e-05
-2.2337e-05
-2.26031e-05
-2.28588e-05
-2.31042e-05
-2.33394e-05
-2.35645e-05
-2.37796e-05
-2.39849e-05
-2.41806e-05
-2.43668e-05
-2.45435e-05
-2.4711e-05
-2.48695e-05
-2.5019e-05
-2.51598e-05
-2.5292e-05
-2.54157e-05
-2.5531e-05
-2.56383e-05
-2.57375e-05
-2.58289e-05
-2.59125e-05
-2.59884e-05
-2.60569e-05
-2.6118e-05
-2.61718e-05
)
;
    }
    procBoundary7to11
    {
        type            processor;
        value           nonuniform List<scalar> 
72
(
-1.9815e-05
-1.88177e-05
-1.78573e-05
-1.69312e-05
-1.60385e-05
-1.51787e-05
-1.4351e-05
-1.35547e-05
-1.2789e-05
-1.20534e-05
-1.13472e-05
-1.06696e-05
-1.00203e-05
-9.39826e-06
-8.80319e-06
-8.23426e-06
-7.69103e-06
-7.17272e-06
-6.67877e-06
-6.20876e-06
-5.76189e-06
-5.33755e-06
-4.93511e-06
-4.55402e-06
-4.19349e-06
-3.85287e-06
-3.53174e-06
-3.22916e-06
-2.94458e-06
-2.67731e-06
-2.42666e-06
-2.42666e-06
-2.14032e-06
-1.92523e-06
-1.72451e-06
-1.53754e-06
-1.36358e-06
-1.20211e-06
-1.05234e-06
-9.13749e-07
-7.85729e-07
-6.67622e-07
-5.58787e-07
-4.58797e-07
-3.66975e-07
-2.82742e-07
-2.05782e-07
-1.34703e-07
-7.10719e-08
-9.77658e-09
3.92123e-08
1.00511e-07
1.20678e-07
2.1615e-07
1.48214e-07
3.91901e-07
4.29959e-08
7.53307e-07
-3.51449e-07
1.48662e-06
-1.18367e-06
2.62856e-06
-2.22827e-06
3.5811e-06
-2.42667e-06
2.95229e-06
-3.71832e-07
-7.1778e-08
3.5423e-06
-3.45145e-06
5.84251e-06
-3.2143e-06
)
;
    }
}


// ************************************************************************* //
