/*--------------------------------*- C++ -*----------------------------------*\
| =========                 |                                                 |
| \\      /  F ield         | OpenFOAM: The Open Source CFD Toolbox           |
|  \\    /   O peration     | Version:  2412                                  |
|   \\  /    A nd           | Website:  www.openfoam.com                      |
|    \\/     M anipulation  |                                                 |
\*---------------------------------------------------------------------------*/
FoamFile
{
    version     2.0;
    format      ascii;
    arch        "LSB;label=32;scalar=64";
    class       volScalarField;
    location    "16";
    object      p;
}
// * * * * * * * * * * * * * * * * * * * * * * * * * * * * * * * * * * * * * //

dimensions      [0 2 -2 0 0 0 0];

internalField   nonuniform List<scalar> 
5285
(
-0.000111799
-0.00010782
-0.00010388
-9.99844e-05
-9.61386e-05
-9.23478e-05
-8.86169e-05
-8.49508e-05
-8.13539e-05
-7.78303e-05
-7.4384e-05
-7.10184e-05
-6.77367e-05
-6.45418e-05
-6.14361e-05
-5.84217e-05
-5.55004e-05
-5.26735e-05
-4.99422e-05
-4.73069e-05
-4.47682e-05
-4.2326e-05
-3.99799e-05
-3.77295e-05
-3.55737e-05
-3.35114e-05
-3.15413e-05
-2.96616e-05
-2.78706e-05
-2.61662e-05
-2.45463e-05
-2.30084e-05
-2.15502e-05
-2.01692e-05
-1.88627e-05
-1.76281e-05
-1.64626e-05
-1.53635e-05
-1.43281e-05
-1.33535e-05
-1.24372e-05
-1.15763e-05
-1.07682e-05
-1.00103e-05
-0.000114765
-0.000110598
-0.000106478
-0.00010241
-9.84004e-05
-9.44531e-05
-9.05738e-05
-8.6767e-05
-8.30372e-05
-7.93884e-05
-7.58244e-05
-7.23485e-05
-6.89637e-05
-6.56726e-05
-6.24775e-05
-5.93802e-05
-5.63822e-05
-5.34846e-05
-5.06882e-05
-4.79933e-05
-4.54001e-05
-4.29081e-05
-4.05168e-05
-3.82252e-05
-3.60323e-05
-3.39365e-05
-3.19361e-05
-3.00293e-05
-2.82139e-05
-2.64876e-05
-2.48481e-05
-2.32927e-05
-2.18188e-05
-2.04237e-05
-1.91046e-05
-1.78586e-05
-1.66828e-05
-1.55744e-05
-1.45305e-05
-1.35481e-05
-1.26246e-05
-1.17569e-05
-1.09425e-05
-1.01786e-05
-0.000117629
-0.000113273
-0.000108972
-0.000104731
-0.000100557
-9.64536e-05
-9.24265e-05
-8.84804e-05
-8.46193e-05
-8.08473e-05
-7.71678e-05
-7.35841e-05
-7.00989e-05
-6.67146e-05
-6.34331e-05
-6.02561e-05
-5.71847e-05
-5.42199e-05
-5.13619e-05
-4.86108e-05
-4.59665e-05
-4.34282e-05
-4.0995e-05
-3.86658e-05
-3.6439e-05
-3.43128e-05
-3.22853e-05
-3.03543e-05
-2.85174e-05
-2.6772e-05
-2.51155e-05
-2.35451e-05
-2.2058e-05
-2.0651e-05
-1.93214e-05
-1.8066e-05
-1.68819e-05
-1.57659e-05
-1.47151e-05
-1.37265e-05
-1.27971e-05
-1.19241e-05
-1.11045e-05
-1.03358e-05
-0.00012038
-0.000115833
-0.00011135
-0.000106937
-0.000102599
-9.83402e-05
-9.41669e-05
-9.00831e-05
-8.60929e-05
-8.22e-05
-7.84078e-05
-7.47192e-05
-7.11368e-05
-6.76626e-05
-6.42983e-05
-6.10452e-05
-5.79042e-05
-5.48758e-05
-5.196e-05
-4.91566e-05
-4.64649e-05
-4.38841e-05
-4.14127e-05
-3.90494e-05
-3.67921e-05
-3.4639e-05
-3.25877e-05
-3.06356e-05
-2.87802e-05
-2.70186e-05
-2.5348e-05
-2.37652e-05
-2.22672e-05
-2.08508e-05
-1.95128e-05
-1.82501e-05
-1.70595e-05
-1.59377e-05
-1.48818e-05
-1.38884e-05
-1.29547e-05
-1.20775e-05
-1.12541e-05
-1.04816e-05
-0.000123006
-0.000118268
-0.000113604
-0.000109018
-0.000104516
-0.000100104
-9.57867e-05
-9.15675e-05
-8.74508e-05
-8.344e-05
-7.95382e-05
-7.57482e-05
-7.20722e-05
-6.85119e-05
-6.50688e-05
-6.17436e-05
-5.85371e-05
-5.54492e-05
-5.24797e-05
-4.9628e-05
-4.68931e-05
-4.42736e-05
-4.1768e-05
-3.93744e-05
-3.70905e-05
-3.49139e-05
-3.28422e-05
-3.08724e-05
-2.90017e-05
-2.72269e-05
-2.55449e-05
-2.39524e-05
-2.24461e-05
-2.10226e-05
-1.96786e-05
-1.84107e-05
-1.72156e-05
-1.60899e-05
-1.50304e-05
-1.40339e-05
-1.30973e-05
-1.22174e-05
-1.13914e-05
-1.06162e-05
-0.000125496
-0.000120567
-0.000115721
-0.000110964
-0.000106301
-0.000101737
-9.72775e-05
-9.29257e-05
-8.86856e-05
-8.45604e-05
-8.05529e-05
-7.66654e-05
-7.28999e-05
-6.92578e-05
-6.57401e-05
-6.23473e-05
-5.90797e-05
-5.59368e-05
-5.29182e-05
-5.00226e-05
-4.72488e-05
-4.4595e-05
-4.20593e-05
-3.96393e-05
-3.73326e-05
-3.51365e-05
-3.30479e-05
-3.10639e-05
-2.91811e-05
-2.73963e-05
-2.57059e-05
-2.41065e-05
-2.25945e-05
-2.11664e-05
-1.98187e-05
-1.85477e-05
-1.73501e-05
-1.62224e-05
-1.51611e-05
-1.4163e-05
-1.32249e-05
-1.23436e-05
-1.15162e-05
-1.07396e-05
-0.000127837
-0.000122717
-0.00011769
-0.000112764
-0.000107942
-0.000103229
-9.86305e-05
-9.41496e-05
-8.97898e-05
-8.55542e-05
-8.14452e-05
-7.74648e-05
-7.36145e-05
-6.98953e-05
-6.63079e-05
-6.28524e-05
-5.95286e-05
-5.63356e-05
-5.32726e-05
-5.03379e-05
-4.75298e-05
-4.48462e-05
-4.22848e-05
-3.98428e-05
-3.75175e-05
-3.53056e-05
-3.32041e-05
-3.12093e-05
-2.93179e-05
-2.75262e-05
-2.58305e-05
-2.42271e-05
-2.27122e-05
-2.1282e-05
-1.99329e-05
-1.86611e-05
-1.7463e-05
-1.6335e-05
-1.52737e-05
-1.42757e-05
-1.33376e-05
-1.24563e-05
-1.16287e-05
-1.08518e-05
-0.000130016
-0.000124706
-0.000119501
-0.000114407
-0.000109428
-0.00010457
-9.98365e-05
-9.52306e-05
-9.07557e-05
-8.64144e-05
-8.22088e-05
-7.81405e-05
-7.42105e-05
-7.04196e-05
-6.67679e-05
-6.3255e-05
-5.98802e-05
-5.66425e-05
-5.35402e-05
-5.05715e-05
-4.77341e-05
-4.50256e-05
-4.24431e-05
-3.99836e-05
-3.76439e-05
-3.54205e-05
-3.33098e-05
-3.13081e-05
-2.94116e-05
-2.76164e-05
-2.59186e-05
-2.4314e-05
-2.27989e-05
-2.13692e-05
-2.00211e-05
-1.87507e-05
-1.75542e-05
-1.64279e-05
-1.53684e-05
-1.4372e-05
-1.34355e-05
-1.25555e-05
-1.1729e-05
-1.09528e-05
-0.000132018
-0.000126521
-0.00012114
-0.000115882
-0.000110751
-0.000105751
-0.000100887
-9.61605e-05
-9.15756e-05
-8.71339e-05
-8.28372e-05
-7.86867e-05
-7.46829e-05
-7.0826e-05
-6.71157e-05
-6.35513e-05
-6.01314e-05
-5.68545e-05
-5.37185e-05
-5.07212e-05
-4.78598e-05
-4.51314e-05
-4.25327e-05
-4.00604e-05
-3.77109e-05
-3.54802e-05
-3.33645e-05
-3.13598e-05
-2.94618e-05
-2.76665e-05
-2.59697e-05
-2.43671e-05
-2.28546e-05
-2.1428e-05
-2.00834e-05
-1.88166e-05
-1.76238e-05
-1.65012e-05
-1.54451e-05
-1.44521e-05
-1.35185e-05
-1.26413e-05
-1.18171e-05
-1.10429e-05
-0.000133831
-0.000128149
-0.000122596
-0.000117177
-0.000111898
-0.000106762
-0.000101772
-9.69309e-05
-9.22417e-05
-8.77057e-05
-8.33242e-05
-7.90977e-05
-7.50264e-05
-7.11099e-05
-6.73474e-05
-6.37377e-05
-6.02788e-05
-5.69688e-05
-5.38051e-05
-5.07849e-05
-4.79051e-05
-4.51622e-05
-4.25525e-05
-4.00724e-05
-3.77176e-05
-3.54841e-05
-3.33676e-05
-3.13638e-05
-2.94682e-05
-2.76764e-05
-2.59839e-05
-2.43863e-05
-2.28793e-05
-2.14585e-05
-2.01197e-05
-1.88589e-05
-1.76719e-05
-1.65549e-05
-1.55041e-05
-1.4516e-05
-1.3587e-05
-1.27137e-05
-1.18931e-05
-1.1122e-05
-0.000135439
-0.000129576
-0.000123855
-0.000118281
-0.000112859
-0.000107592
-0.000102482
-9.75334e-05
-9.27465e-05
-8.81229e-05
-8.36634e-05
-7.93678e-05
-7.5236e-05
-7.12669e-05
-6.74591e-05
-6.38108e-05
-6.03196e-05
-5.6983e-05
-5.37979e-05
-5.07609e-05
-4.78684e-05
-4.51166e-05
-4.25014e-05
-4.00185e-05
-3.76634e-05
-3.54318e-05
-3.33189e-05
-3.132e-05
-2.94306e-05
-2.76458e-05
-2.59611e-05
-2.43717e-05
-2.2873e-05
-2.14607e-05
-2.01304e-05
-1.88777e-05
-1.76987e-05
-1.65892e-05
-1.55455e-05
-1.45639e-05
-1.36409e-05
-1.27731e-05
-1.19573e-05
-1.11904e-05
-0.000136828
-0.000130788
-0.000124905
-0.000119182
-0.000113623
-0.000108231
-0.00010301
-9.79595e-05
-9.30824e-05
-8.83787e-05
-8.38487e-05
-7.94918e-05
-7.5307e-05
-7.12927e-05
-6.7447e-05
-6.37674e-05
-6.0251e-05
-5.68946e-05
-5.36947e-05
-5.06474e-05
-4.77485e-05
-4.49937e-05
-4.23785e-05
-3.98981e-05
-3.75478e-05
-3.53228e-05
-3.32179e-05
-3.12283e-05
-2.9349e-05
-2.7575e-05
-2.59014e-05
-2.43233e-05
-2.2836e-05
-2.14349e-05
-2.01155e-05
-1.88734e-05
-1.77043e-05
-1.66044e-05
-1.55695e-05
-1.45961e-05
-1.36806e-05
-1.28195e-05
-1.20098e-05
-1.12482e-05
-0.000137983
-0.000131773
-0.000125732
-0.000119867
-0.000114178
-0.00010867
-0.000103344
-9.82011e-05
-9.32418e-05
-8.84665e-05
-8.38743e-05
-7.94643e-05
-7.52347e-05
-7.11834e-05
-6.73077e-05
-6.36045e-05
-6.00704e-05
-5.67016e-05
-5.34939e-05
-5.0443e-05
-4.75441e-05
-4.47924e-05
-4.2183e-05
-3.97108e-05
-3.73705e-05
-3.51569e-05
-3.30647e-05
-3.10887e-05
-2.92235e-05
-2.7464e-05
-2.5805e-05
-2.42414e-05
-2.27685e-05
-2.13813e-05
-2.00754e-05
-1.88461e-05
-1.76892e-05
-1.66006e-05
-1.55764e-05
-1.46128e-05
-1.37062e-05
-1.28533e-05
-1.20508e-05
-1.12956e-05
-0.000138887
-0.000132514
-0.000126325
-0.000120324
-0.000114515
-0.000108899
-0.000103477
-9.82499e-05
-9.32177e-05
-8.83797e-05
-8.37345e-05
-7.92803e-05
-7.50148e-05
-7.09352e-05
-6.70379e-05
-6.33195e-05
-5.97757e-05
-5.64021e-05
-5.3194e-05
-5.01465e-05
-4.72543e-05
-4.45122e-05
-4.19147e-05
-3.94562e-05
-3.71313e-05
-3.49342e-05
-3.28594e-05
-3.09013e-05
-2.90543e-05
-2.7313e-05
-2.56722e-05
-2.41264e-05
-2.26708e-05
-2.13004e-05
-2.00103e-05
-1.87962e-05
-1.76536e-05
-1.65784e-05
-1.55665e-05
-1.46143e-05
-1.37181e-05
-1.28746e-05
-1.20805e-05
-1.13328e-05
-0.000139526
-0.000132997
-0.000126668
-0.000120542
-0.000114621
-0.000108907
-0.000103399
-9.80982e-05
-9.3003e-05
-8.81122e-05
-8.34239e-05
-7.89353e-05
-7.46435e-05
-7.05447e-05
-6.6635e-05
-6.291e-05
-5.93648e-05
-5.59945e-05
-5.27938e-05
-4.9757e-05
-4.68785e-05
-4.41525e-05
-4.15731e-05
-3.91344e-05
-3.68303e-05
-3.46548e-05
-3.26022e-05
-3.06664e-05
-2.88418e-05
-2.71226e-05
-2.55034e-05
-2.39788e-05
-2.25434e-05
-2.11924e-05
-1.99209e-05
-1.87242e-05
-1.7598e-05
-1.6538e-05
-1.55402e-05
-1.46009e-05
-1.37166e-05
-1.28837e-05
-1.20992e-05
-1.136e-05
-0.000139884
-0.000133209
-0.00012675
-0.000120509
-0.000114487
-0.000108685
-0.000103102
-9.77383e-05
-9.2591e-05
-8.76584e-05
-8.29375e-05
-7.84249e-05
-7.41168e-05
-7.00089e-05
-6.60963e-05
-6.23739e-05
-5.88362e-05
-5.54777e-05
-5.22923e-05
-4.92739e-05
-4.64163e-05
-4.37133e-05
-4.11584e-05
-3.87453e-05
-3.64676e-05
-3.43191e-05
-3.22934e-05
-3.03846e-05
-2.85865e-05
-2.68933e-05
-2.52993e-05
-2.37989e-05
-2.23869e-05
-2.1058e-05
-1.98075e-05
-1.86305e-05
-1.75227e-05
-1.64798e-05
-1.54979e-05
-1.45731e-05
-1.37019e-05
-1.2881e-05
-1.21072e-05
-1.13776e-05
-0.000139943
-0.000133133
-0.000126556
-0.000120211
-0.0001141
-0.000108223
-0.000102577
-9.71621e-05
-9.19746e-05
-8.70117e-05
-8.22697e-05
-7.77444e-05
-7.34309e-05
-6.93243e-05
-6.54189e-05
-6.17088e-05
-5.8188e-05
-5.485e-05
-5.16883e-05
-4.86962e-05
-4.58671e-05
-4.3194e-05
-4.06702e-05
-3.82889e-05
-3.60434e-05
-3.3927e-05
-3.19333e-05
-3.00559e-05
-2.82886e-05
-2.66252e-05
-2.506e-05
-2.35872e-05
-2.22014e-05
-2.08975e-05
-1.96704e-05
-1.85154e-05
-1.74281e-05
-1.64042e-05
-1.54397e-05
-1.45309e-05
-1.36743e-05
-1.28666e-05
-1.21047e-05
-1.13856e-05
-0.000139685
-0.000132754
-0.00012607
-0.000119636
-0.000113449
-0.00010751
-0.000101814
-9.63613e-05
-9.11466e-05
-8.61661e-05
-8.14155e-05
-7.68893e-05
-7.25822e-05
-6.84881e-05
-6.46006e-05
-6.09131e-05
-5.74188e-05
-5.41106e-05
-5.09814e-05
-4.80239e-05
-4.52309e-05
-4.2595e-05
-4.0109e-05
-3.77658e-05
-3.55583e-05
-3.34795e-05
-3.15228e-05
-2.96815e-05
-2.79491e-05
-2.63195e-05
-2.47866e-05
-2.33446e-05
-2.19881e-05
-2.07117e-05
-1.95105e-05
-1.83798e-05
-1.73149e-05
-1.63118e-05
-1.53665e-05
-1.44752e-05
-1.36345e-05
-1.28411e-05
-1.20921e-05
-1.13845e-05
-0.000139098
-0.000132059
-0.000125284
-0.000118774
-0.000112526
-0.000106539
-0.000100809
-9.53321e-05
-9.0104e-05
-8.51196e-05
-8.03733e-05
-7.58591e-05
-7.15704e-05
-6.75004e-05
-6.3642e-05
-5.99877e-05
-5.65299e-05
-5.3261e-05
-5.01732e-05
-4.72586e-05
-4.45095e-05
-4.19181e-05
-3.94767e-05
-3.71779e-05
-3.50142e-05
-3.29785e-05
-3.10636e-05
-2.92629e-05
-2.75697e-05
-2.59776e-05
-2.44805e-05
-2.30725e-05
-2.17481e-05
-2.05019e-05
-1.9329e-05
-1.82246e-05
-1.71841e-05
-1.62035e-05
-1.52789e-05
-1.44065e-05
-1.35829e-05
-1.2805e-05
-1.207e-05
-1.13748e-05
-0.000138176
-0.000131045
-0.000124194
-0.000117624
-0.000111331
-0.000105311
-9.95607e-05
-9.40747e-05
-8.88476e-05
-8.38731e-05
-7.91447e-05
-7.46553e-05
-7.03975e-05
-6.63635e-05
-6.25454e-05
-5.89349e-05
-5.55238e-05
-5.23037e-05
-4.92661e-05
-4.64028e-05
-4.37054e-05
-4.11657e-05
-3.87756e-05
-3.65274e-05
-3.44133e-05
-3.24258e-05
-3.05577e-05
-2.8802e-05
-2.7152e-05
-2.56011e-05
-2.41432e-05
-2.27723e-05
-2.14828e-05
-2.02693e-05
-1.91269e-05
-1.80508e-05
-1.70367e-05
-1.60802e-05
-1.51777e-05
-1.43255e-05
-1.35203e-05
-1.27591e-05
-1.20388e-05
-1.1357e-05
-0.000242315
-0.000238088
-0.000233602
-0.00022889
-0.000223984
-0.000218915
-0.000213712
-0.000208403
-0.000203012
-0.000197565
-0.000192084
-0.000186588
-0.000181098
-0.000175629
-0.000170198
-0.000164819
-0.000159504
-0.000154263
-0.000149108
-0.000144046
-0.000139083
-0.000134228
-0.000129483
-0.000124855
-0.000120345
-0.000115957
-0.000255587
-0.00025081
-0.000245776
-0.000240522
-0.000235081
-0.000229485
-0.000223766
-0.000217953
-0.000212071
-0.000206148
-0.000200204
-0.000194263
-0.000188343
-0.000182462
-0.000176635
-0.000170877
-0.0001652
-0.000159615
-0.000154132
-0.000148758
-0.000143501
-0.000138366
-0.000133357
-0.00012848
-0.000123735
-0.000119126
-0.00026925
-0.000263883
-0.000258264
-0.00025243
-0.000246419
-0.000240263
-0.000233997
-0.00022765
-0.00022125
-0.000214823
-0.000208395
-0.000201985
-0.000195616
-0.000189303
-0.000183064
-0.000176913
-0.000170861
-0.000164919
-0.000159097
-0.000153403
-0.000147843
-0.000142421
-0.000137143
-0.000132011
-0.000127028
-0.000122195
-0.000283314
-0.000277314
-0.000271067
-0.000264615
-0.000257995
-0.000251244
-0.000244397
-0.000237485
-0.000230537
-0.000223582
-0.000216643
-0.000209743
-0.000202903
-0.000196141
-0.000189472
-0.000182912
-0.000176471
-0.000170161
-0.000163991
-0.000157967
-0.000152096
-0.000146382
-0.000140828
-0.000135438
-0.000130213
-0.000125152
-0.000297784
-0.000291104
-0.000284186
-0.000277073
-0.000269805
-0.000262422
-0.000254959
-0.000247449
-0.000239924
-0.000232411
-0.000224936
-0.000217523
-0.000210191
-0.00020296
-0.000195845
-0.00018886
-0.000182018
-0.000175327
-0.000168798
-0.000162435
-0.000156246
-0.000150233
-0.000144399
-0.000138747
-0.000133276
-0.000127987
-0.000312667
-0.000305257
-0.00029762
-0.000289801
-0.000281844
-0.000273788
-0.000265672
-0.000257531
-0.000249396
-0.000241297
-0.00023326
-0.000225308
-0.000217464
-0.000209744
-0.000202165
-0.000194741
-0.000187483
-0.000180401
-0.000173502
-0.000166793
-0.000160278
-0.00015396
-0.000147842
-0.000141924
-0.000136205
-0.000130686
-0.000327966
-0.000319774
-0.000311367
-0.000302795
-0.000294103
-0.000285333
-0.000276526
-0.000267717
-0.00025894
-0.000250224
-0.000241597
-0.000233083
-0.000224703
-0.000216475
-0.000208415
-0.000200536
-0.000192849
-0.000185364
-0.000178086
-0.000171022
-0.000164176
-0.000157548
-0.000151141
-0.000144954
-0.000138986
-0.000133235
-0.000343686
-0.000334655
-0.000325425
-0.000316049
-0.000306574
-0.000297046
-0.000287506
-0.000277992
-0.000268538
-0.000259175
-0.00024993
-0.000240828
-0.00023189
-0.000223133
-0.000214574
-0.000206226
-0.000198097
-0.000190197
-0.000182532
-0.000175106
-0.000167922
-0.00016098
-0.000154281
-0.000147823
-0.000141605
-0.000135622
-0.000359831
-0.000349898
-0.000339787
-0.000329553
-0.000319246
-0.000308913
-0.000298598
-0.000288339
-0.000278173
-0.00026813
-0.000258238
-0.000248522
-0.000239003
-0.000229698
-0.000220623
-0.000211789
-0.000203207
-0.000194882
-0.00018682
-0.000179025
-0.000171498
-0.000164238
-0.000157244
-0.000150515
-0.000144045
-0.000137832
-0.0003764
-0.000365501
-0.000354448
-0.000343298
-0.000332105
-0.000320919
-0.000309783
-0.000298739
-0.000287823
-0.000277067
-0.000266498
-0.000256142
-0.000246019
-0.000236146
-0.000226538
-0.000217204
-0.000208155
-0.000199396
-0.00019093
-0.000182759
-0.000174884
-0.000167303
-0.000160014
-0.000153012
-0.000146292
-0.000139849
-0.000393395
-0.000381459
-0.000369397
-0.000357271
-0.000345136
-0.000333044
-0.000321041
-0.000309169
-0.000297465
-0.000285962
-0.000274686
-0.000263663
-0.000252913
-0.000242452
-0.000232293
-0.000222446
-0.000212919
-0.000203715
-0.000194838
-0.000186287
-0.000178061
-0.000170157
-0.000162571
-0.000155297
-0.000148329
-0.000141659
-0.000410812
-0.000397764
-0.000384625
-0.000371458
-0.000358321
-0.000345269
-0.00033235
-0.000319606
-0.000307074
-0.000294788
-0.000282774
-0.000271058
-0.000259657
-0.000248588
-0.000237862
-0.000227488
-0.000217472
-0.000207816
-0.000198521
-0.000189586
-0.000181006
-0.000172779
-0.000164897
-0.000157352
-0.000150138
-0.000143245
-0.000428647
-0.000414408
-0.000400116
-0.000385839
-0.000371639
-0.00035757
-0.000343683
-0.00033002
-0.00031662
-0.000303515
-0.000290733
-0.000278295
-0.000266222
-0.000254525
-0.000243217
-0.000232303
-0.000221788
-0.000211672
-0.000201954
-0.000192632
-0.000183698
-0.000175147
-0.00016697
-0.000159159
-0.000151703
-0.000144591
-0.000446894
-0.000431377
-0.000415854
-0.000400395
-0.000385064
-0.000369919
-0.00035501
-0.000340382
-0.000326071
-0.000312111
-0.000298528
-0.000285343
-0.000272573
-0.000260231
-0.000248325
-0.00023686
-0.000225837
-0.000215256
-0.000205112
-0.0001954
-0.000186112
-0.000177239
-0.000168772
-0.000160697
-0.000153005
-0.000145681
-0.000465543
-0.000448657
-0.000431818
-0.0004151
-0.00039857
-0.000382286
-0.0003663
-0.000350656
-0.000335392
-0.00032054
-0.000306125
-0.000292166
-0.000278678
-0.000265672
-0.000253154
-0.000241127
-0.000229589
-0.000218538
-0.000207965
-0.000197864
-0.000188224
-0.000179033
-0.000170279
-0.000161948
-0.000154025
-0.000146497
-0.000484581
-0.000466228
-0.000447984
-0.000429926
-0.000412123
-0.000394635
-0.000377514
-0.000360805
-0.000344544
-0.000328762
-0.000313482
-0.000298723
-0.000284496
-0.00027081
-0.000257669
-0.000245071
-0.000233012
-0.000221487
-0.000210486
-0.000199997
-0.000190008
-0.000180504
-0.00017147
-0.00016289
-0.000154746
-0.000147022
-0.000503991
-0.000484067
-0.000464323
-0.000444839
-0.000425686
-0.000406926
-0.000388611
-0.000370784
-0.000353481
-0.000336732
-0.000320557
-0.000304971
-0.000289986
-0.000275604
-0.000261827
-0.000248652
-0.00023607
-0.000224071
-0.000212642
-0.000201769
-0.000191437
-0.000181628
-0.000172322
-0.000163502
-0.000155147
-0.000147238
-0.000523752
-0.000502147
-0.000480803
-0.000459803
-0.00043922
-0.000419117
-0.000399546
-0.000380549
-0.00036216
-0.000344405
-0.000327304
-0.000310868
-0.000295104
-0.000280012
-0.000265591
-0.00025183
-0.000238723
-0.000226252
-0.000214399
-0.000203149
-0.000192482
-0.000182375
-0.000172809
-0.00016376
-0.000155206
-0.000147125
-0.000543842
-0.000520437
-0.000497387
-0.000474778
-0.000452683
-0.000431165
-0.000410275
-0.000390054
-0.000370534
-0.000351738
-0.000333681
-0.000316372
-0.000299812
-0.000283999
-0.000268923
-0.000254576
-0.00024094
-0.000227999
-0.000215729
-0.00020411
-0.000193116
-0.000182725
-0.00017291
-0.000163646
-0.000154907
-0.000146668
-0.000271788
-0.000256853
-0.000242693
-0.000229286
-0.000216607
-0.000204629
-0.000193323
-0.00018266
-0.000172612
-0.000163148
-0.00015424
-0.000145859
0.000148473
0.000145353
0.000142283
0.000139261
0.000136288
0.000133363
0.000130487
0.00012766
0.000124881
0.00012215
0.000119466
0.00011683
0.000114242
0.0001117
0.000109206
0.000106757
0.000104354
0.000101997
9.96856e-05
9.74185e-05
9.51957e-05
9.30168e-05
9.08813e-05
8.87886e-05
8.67384e-05
8.47301e-05
0.000148095
0.000144975
0.000141904
0.000138883
0.00013591
0.000132986
0.000130111
0.000127285
0.000124507
0.000121777
0.000119096
0.000116462
0.000113875
0.000111336
0.000108844
0.000106398
0.000103998
0.000101644
9.93352e-05
9.70713e-05
9.48519e-05
9.26764e-05
9.05444e-05
8.84554e-05
8.6409e-05
8.44045e-05
0.000147358
0.000144238
0.000141167
0.000138146
0.000135174
0.000132252
0.000129379
0.000126554
0.000123779
0.000121053
0.000118374
0.000115744
0.000113162
0.000110627
0.00010814
0.000105699
0.000103305
0.000100956
9.86534e-05
9.63958e-05
9.41829e-05
9.20141e-05
8.98891e-05
8.78073e-05
8.57682e-05
8.37713e-05
0.000146281
0.00014316
0.000140089
0.000137069
0.000134098
0.000131178
0.000128308
0.000125487
0.000122716
0.000119994
0.00011732
0.000114696
0.00011212
0.000109592
0.000107111
0.000104678
0.000102292
9.9952e-05
9.76581e-05
9.54098e-05
9.32064e-05
9.10476e-05
8.89329e-05
8.68616e-05
8.48334e-05
8.28475e-05
0.000144878
0.000141756
0.000138686
0.000135667
0.000132698
0.000129781
0.000126914
0.000124098
0.000121332
0.000118616
0.00011595
0.000113333
0.000110765
0.000108246
0.000105775
0.000103352
0.000100976
9.86474e-05
9.63652e-05
9.41291e-05
9.19384e-05
8.97927e-05
8.76915e-05
8.56341e-05
8.36201e-05
8.16489e-05
0.000143163
0.000140041
0.000136971
0.000133953
0.000130988
0.000128074
0.000125212
0.000122402
0.000119643
0.000116935
0.000114277
0.000111669
0.000109112
0.000106604
0.000104145
0.000101734
9.93718e-05
9.7057e-05
9.47894e-05
9.25684e-05
9.03935e-05
8.82641e-05
8.61796e-05
8.41394e-05
8.21431e-05
8.01898e-05
0.000141148
0.000138025
0.000134956
0.000131941
0.000128979
0.000126071
0.000123215
0.000120412
0.000117661
0.000114962
0.000112315
0.000109719
0.000107174
0.000104679
0.000102234
9.98387e-05
9.74923e-05
9.51943e-05
9.29442e-05
9.07413e-05
8.85852e-05
8.64752e-05
8.44107e-05
8.23911e-05
8.04157e-05
7.84839e-05
0.000138842
0.00013572
0.000132653
0.000129641
0.000126683
0.000123781
0.000120932
0.000118138
0.000115397
0.000112709
0.000110075
0.000107492
0.000104962
0.000102483
0.000100055
9.76777e-05
9.535e-05
9.30716e-05
9.08419e-05
8.86602e-05
8.6526e-05
8.44387e-05
8.23974e-05
8.04016e-05
7.84507e-05
7.65438e-05
0.000136255
0.000133134
0.000130069
0.000127061
0.00012411
0.000121214
0.000118375
0.000115591
0.000112862
0.000110188
0.000107568
0.000105001
0.000102488
0.000100027
9.76191e-05
9.52621e-05
9.2956e-05
9.07002e-05
8.8494e-05
8.63367e-05
8.42277e-05
8.21662e-05
8.01515e-05
7.8183e-05
7.62599e-05
7.43815e-05
0.000133395
0.000130275
0.000127214
0.000124211
0.000121267
0.00011838
0.000115551
0.00011278
0.000110065
0.000107406
0.000104803
0.000102255
9.97614e-05
9.7322e-05
9.49359e-05
9.26024e-05
9.03209e-05
8.80908e-05
8.59112e-05
8.37815e-05
8.1701e-05
7.96688e-05
7.76842e-05
7.57464e-05
7.38546e-05
7.20082e-05
0.000130267
0.00012715
0.000124093
0.000121097
0.000118162
0.000115286
0.00011247
0.000109713
0.000107014
0.000104373
0.000101789
9.92623e-05
9.67914e-05
9.43759e-05
9.2015e-05
8.97081e-05
8.74544e-05
8.52532e-05
8.31036e-05
8.10048e-05
7.89562e-05
7.69567e-05
7.50057e-05
7.31022e-05
7.12454e-05
6.94345e-05
0.000126879
0.000123765
0.000120715
0.000117727
0.000114802
0.000111939
0.000109138
0.000106397
0.000103717
0.000101096
9.85348e-05
9.60318e-05
9.35863e-05
9.11978e-05
8.88654e-05
8.65882e-05
8.43656e-05
8.21966e-05
8.00804e-05
7.80162e-05
7.6003e-05
7.40399e-05
7.2126e-05
7.02605e-05
6.84424e-05
6.66708e-05
0.000123235
0.000120126
0.000117083
0.000114106
0.000111193
0.000108345
0.000105561
0.00010284
0.000100181
9.75833e-05
9.5047e-05
9.25708e-05
9.0154e-05
8.77957e-05
8.5495e-05
8.32511e-05
8.1063e-05
7.89299e-05
7.68508e-05
7.48246e-05
7.28506e-05
7.09276e-05
6.90547e-05
6.72309e-05
6.54553e-05
6.37268e-05
0.000119339
0.000116237
0.000113204
0.000110239
0.000107341
0.000104511
0.000101746
9.90464e-05
9.64117e-05
9.38407e-05
9.13326e-05
8.88866e-05
8.65018e-05
8.41772e-05
8.19118e-05
7.97047e-05
7.75549e-05
7.54613e-05
7.3423e-05
7.14388e-05
6.95078e-05
6.76288e-05
6.58008e-05
6.40227e-05
6.22934e-05
6.06118e-05
0.000115195
0.000112102
0.000109081
0.000106131
0.000103251
0.00010044
9.76978e-05
9.50234e-05
9.2416e-05
8.98746e-05
8.73982e-05
8.49859e-05
8.26366e-05
8.03493e-05
7.8123e-05
7.59566e-05
7.38489e-05
7.17989e-05
6.98053e-05
6.78671e-05
6.59831e-05
6.41521e-05
6.2373e-05
6.06446e-05
5.89657e-05
5.73352e-05
0.000110807
0.000107725
0.000104719
0.000101786
9.89258e-05
9.61381e-05
9.34218e-05
9.07757e-05
8.81991e-05
8.56908e-05
8.32497e-05
8.08748e-05
7.8565e-05
7.6319e-05
7.41358e-05
7.2014e-05
6.99525e-05
6.79501e-05
6.60055e-05
6.41174e-05
6.22846e-05
6.05058e-05
5.87798e-05
5.71053e-05
5.5481e-05
5.39056e-05
0.000106177
0.00010311
0.00010012
9.72075e-05
9.4371e-05
9.16097e-05
8.89225e-05
8.63083e-05
8.37662e-05
8.12948e-05
7.8893e-05
7.65596e-05
7.42932e-05
7.20927e-05
6.99568e-05
6.7884e-05
6.5873e-05
6.39225e-05
6.20312e-05
6.01976e-05
5.84204e-05
5.66982e-05
5.50296e-05
5.34132e-05
5.18478e-05
5.03318e-05
0.000101309
9.82579e-05
9.52885e-05
9.23995e-05
8.95898e-05
8.68585e-05
8.42042e-05
8.16259e-05
7.91222e-05
7.66919e-05
7.43335e-05
7.20458e-05
6.98274e-05
6.76768e-05
6.55925e-05
6.35732e-05
6.16173e-05
5.97233e-05
5.78898e-05
5.61153e-05
5.43982e-05
5.27371e-05
5.11304e-05
4.95767e-05
4.80745e-05
4.66223e-05
9.62034e-05
9.31725e-05
9.02267e-05
8.7365e-05
8.45859e-05
8.18884e-05
7.92712e-05
7.67328e-05
7.42719e-05
7.1887e-05
6.95767e-05
6.73393e-05
6.51733e-05
6.30773e-05
6.10495e-05
5.90883e-05
5.71923e-05
5.53596e-05
5.35887e-05
5.18779e-05
5.02257e-05
4.86303e-05
4.70902e-05
4.56037e-05
4.41694e-05
4.27855e-05
9.08633e-05
8.78559e-05
8.49375e-05
8.21068e-05
7.93625e-05
7.67031e-05
7.41273e-05
7.16334e-05
6.92199e-05
6.68852e-05
6.46276e-05
6.24454e-05
6.03368e-05
5.83003e-05
5.63339e-05
5.4436e-05
5.26047e-05
5.08382e-05
4.91349e-05
4.74929e-05
4.59104e-05
4.43856e-05
4.29169e-05
4.15024e-05
4.01406e-05
3.88295e-05
8.52902e-05
8.231e-05
7.94231e-05
7.66279e-05
7.39227e-05
7.13061e-05
6.87763e-05
6.63318e-05
6.39707e-05
6.16911e-05
5.94913e-05
5.73694e-05
5.53235e-05
5.33517e-05
5.1452e-05
4.96225e-05
4.78612e-05
4.61662e-05
4.45357e-05
4.29675e-05
4.14598e-05
4.00107e-05
3.86183e-05
3.72807e-05
3.59961e-05
3.47627e-05
7.94854e-05
7.65369e-05
7.36859e-05
7.09307e-05
6.82695e-05
6.57006e-05
6.3222e-05
6.0832e-05
5.85285e-05
5.63095e-05
5.4173e-05
5.21168e-05
5.0139e-05
4.82374e-05
4.64099e-05
4.46543e-05
4.29685e-05
4.13505e-05
3.9798e-05
3.8309e-05
3.68814e-05
3.55132e-05
3.42022e-05
3.29465e-05
3.17441e-05
3.05931e-05
7.34506e-05
7.05383e-05
6.77281e-05
6.50179e-05
6.24059e-05
5.98899e-05
5.7468e-05
5.5138e-05
5.28978e-05
5.0745e-05
4.86775e-05
4.66929e-05
4.47889e-05
4.29633e-05
4.12137e-05
3.95378e-05
3.79333e-05
3.63978e-05
3.4929e-05
3.35247e-05
3.21827e-05
3.09006e-05
2.96763e-05
2.85077e-05
2.73925e-05
2.63288e-05
6.71868e-05
6.43159e-05
6.15517e-05
5.8892e-05
5.63346e-05
5.38774e-05
5.15179e-05
4.92539e-05
4.70829e-05
4.50023e-05
4.30099e-05
4.11029e-05
3.92789e-05
3.75354e-05
3.58698e-05
3.42795e-05
3.27621e-05
3.1315e-05
2.99358e-05
2.86219e-05
2.7371e-05
2.61806e-05
2.50484e-05
2.39721e-05
2.29493e-05
2.19779e-05
6.06955e-05
5.78714e-05
5.51588e-05
5.25554e-05
5.00587e-05
4.76663e-05
4.53754e-05
4.31836e-05
4.10881e-05
3.90862e-05
3.71752e-05
3.53523e-05
3.36146e-05
3.19595e-05
3.03842e-05
2.88859e-05
2.74618e-05
2.61092e-05
2.48255e-05
2.3608e-05
2.2454e-05
2.13609e-05
2.03263e-05
1.93476e-05
1.84225e-05
1.75485e-05
5.39778e-05
5.12063e-05
4.85515e-05
4.60107e-05
4.3581e-05
4.12598e-05
3.90442e-05
3.69312e-05
3.4918e-05
3.30015e-05
3.11786e-05
2.94464e-05
2.78018e-05
2.62418e-05
2.47633e-05
2.33634e-05
2.20391e-05
2.07874e-05
1.96054e-05
1.84902e-05
1.7439e-05
1.64491e-05
1.55178e-05
1.46423e-05
1.382e-05
1.30486e-05
4.70349e-05
4.43224e-05
4.17318e-05
3.92602e-05
3.69044e-05
3.46613e-05
3.25279e-05
3.05009e-05
2.8577e-05
2.67529e-05
2.50253e-05
2.33909e-05
2.18463e-05
2.03883e-05
1.90136e-05
1.77189e-05
1.65009e-05
1.53565e-05
1.42826e-05
1.32761e-05
1.23338e-05
1.1453e-05
1.06306e-05
9.86385e-06
9.14998e-06
8.48631e-06
3.9868e-05
3.72213e-05
3.4702e-05
3.23066e-05
3.00319e-05
2.78744e-05
2.58306e-05
2.38969e-05
2.20698e-05
2.03455e-05
1.87206e-05
1.71913e-05
1.57541e-05
1.44053e-05
1.31414e-05
1.19589e-05
1.08542e-05
9.82389e-06
8.86463e-06
7.9731e-06
7.14604e-06
6.38029e-06
5.67274e-06
5.0204e-06
4.42033e-06
3.86969e-06
3.24784e-05
2.99048e-05
2.74641e-05
2.51527e-05
2.29667e-05
2.09024e-05
1.8956e-05
1.71236e-05
1.5401e-05
1.37845e-05
1.227e-05
1.08536e-05
9.5313e-06
8.29925e-06
7.15355e-06
6.0904e-06
5.10603e-06
4.19673e-06
3.35887e-06
2.58891e-06
1.88337e-06
1.23887e-06
6.52111e-07
1.19904e-07
-3.60855e-07
-7.93163e-07
2.48675e-05
2.23746e-05
2.00206e-05
1.78011e-05
1.5712e-05
1.37492e-05
1.19085e-05
1.01854e-05
8.57571e-06
7.07504e-06
5.67909e-06
4.38353e-06
3.1841e-06
2.07655e-06
1.0567e-06
1.20419e-07
-7.36336e-07
-1.51755e-06
-2.2271e-06
-2.8688e-06
-3.44635e-06
-3.96336e-06
-4.42331e-06
-4.8296e-06
-5.18549e-06
-5.49417e-06
1.70367e-05
1.46329e-05
1.23738e-05
1.02548e-05
8.27124e-06
6.41858e-06
4.69213e-06
3.08715e-06
1.59889e-06
2.22638e-07
-1.04632e-06
-2.21268e-06
-3.28107e-06
-4.25607e-06
-5.14221e-06
-5.94392e-06
-6.66557e-06
-7.31142e-06
-7.88562e-06
-8.39225e-06
-8.83524e-06
-9.21841e-06
-9.54548e-06
-9.82002e-06
-1.00455e-05
-1.02252e-05
8.9875e-06
6.68164e-06
4.52648e-06
2.51696e-06
6.47962e-07
-1.08547e-06
-2.68851e-06
-4.16635e-06
-5.52416e-06
-6.76709e-06
-7.90027e-06
-8.92877e-06
-9.85762e-06
-1.06918e-05
-1.14361e-05
-1.20953e-05
-1.26742e-05
-1.31772e-05
-1.36089e-05
-1.39735e-05
-1.42753e-05
-1.45182e-05
-1.47063e-05
-1.48433e-05
-1.49327e-05
-1.49782e-05
7.21711e-07
-1.47695e-06
-3.51873e-06
-5.40924e-06
-7.15408e-06
-8.75872e-06
-1.02288e-05
-1.157e-05
-1.2788e-05
-1.38883e-05
-1.48766e-05
-1.57583e-05
-1.65388e-05
-1.72235e-05
-1.78176e-05
-1.83263e-05
-1.87546e-05
-1.91072e-05
-1.93891e-05
-1.96047e-05
-1.97585e-05
-1.98547e-05
-1.98977e-05
-1.98912e-05
-1.98391e-05
-1.9745e-05
-7.75885e-06
-9.84043e-06
-1.17589e-05
-1.35203e-05
-1.51309e-05
-1.65967e-05
-1.79239e-05
-1.91186e-05
-2.01869e-05
-2.1135e-05
-2.19689e-05
-2.26945e-05
-2.33176e-05
-2.38441e-05
-2.42795e-05
-2.46293e-05
-2.4899e-05
-2.50935e-05
-2.52181e-05
-2.52776e-05
-2.52766e-05
-2.52197e-05
-2.51113e-05
-2.49556e-05
-2.47564e-05
-2.45177e-05
-1.64522e-05
-1.84062e-05
-2.01908e-05
-2.18126e-05
-2.32785e-05
-2.45949e-05
-2.57687e-05
-2.68065e-05
-2.7715e-05
-2.85009e-05
-2.91706e-05
-2.97305e-05
-3.0187e-05
-3.05462e-05
-3.08141e-05
-3.09966e-05
-3.10994e-05
-3.11281e-05
-3.10879e-05
-3.09841e-05
-3.08215e-05
-3.0605e-05
-3.03392e-05
-3.00283e-05
-2.96766e-05
-2.9288e-05
-2.5356e-05
-2.71715e-05
-2.88111e-05
-3.02822e-05
-3.15922e-05
-3.27483e-05
-3.37578e-05
-3.46281e-05
-3.53662e-05
-3.59795e-05
-3.64749e-05
-3.68593e-05
-3.71396e-05
-3.73222e-05
-3.74136e-05
-3.74202e-05
-3.7348e-05
-3.72028e-05
-3.69903e-05
-3.67159e-05
-3.6385e-05
-3.60024e-05
-3.55729e-05
-3.51012e-05
-3.45916e-05
-3.40481e-05
-3.44679e-05
-3.61332e-05
-3.76162e-05
-3.8925e-05
-4.00676e-05
-4.10519e-05
-4.18858e-05
-4.25773e-05
-4.31342e-05
-4.35642e-05
-4.38748e-05
-4.40736e-05
-4.41677e-05
-4.41643e-05
-4.40702e-05
-4.38921e-05
-4.36364e-05
-4.33093e-05
-4.29169e-05
-4.24648e-05
-4.19586e-05
-4.14035e-05
-4.08044e-05
-4.01662e-05
-3.94933e-05
-3.879e-05
-4.37853e-05
-4.52882e-05
-4.66024e-05
-4.77367e-05
-4.86998e-05
-4.95002e-05
-5.01468e-05
-5.06479e-05
-5.10122e-05
-5.12479e-05
-5.13631e-05
-5.13658e-05
-5.12639e-05
-5.10647e-05
-5.07758e-05
-5.04041e-05
-4.99564e-05
-4.94394e-05
-4.88594e-05
-4.82224e-05
-4.75341e-05
-4.68e-05
-4.60253e-05
-4.5215e-05
-4.43737e-05
-4.35058e-05
-5.33052e-05
-5.4633e-05
-5.57655e-05
-5.67125e-05
-5.74835e-05
-5.80878e-05
-5.85347e-05
-5.88336e-05
-5.89935e-05
-5.90235e-05
-5.89323e-05
-5.87283e-05
-5.842e-05
-5.80153e-05
-5.7522e-05
-5.69477e-05
-5.62996e-05
-5.55846e-05
-5.48094e-05
-5.39802e-05
-5.3103e-05
-5.21837e-05
-5.12275e-05
-5.02396e-05
-4.92248e-05
-4.81876e-05
-6.30246e-05
-6.41637e-05
-6.51013e-05
-6.58477e-05
-6.64135e-05
-6.68086e-05
-6.70432e-05
-6.71275e-05
-6.70711e-05
-6.68837e-05
-6.65747e-05
-6.61531e-05
-6.5628e-05
-6.50077e-05
-6.43006e-05
-6.35147e-05
-6.26575e-05
-6.17364e-05
-6.07582e-05
-5.97297e-05
-5.86571e-05
-5.75462e-05
-5.64028e-05
-5.5232e-05
-5.40389e-05
-5.2828e-05
-7.29401e-05
-7.38765e-05
-7.4605e-05
-7.51371e-05
-7.5484e-05
-7.56565e-05
-7.56658e-05
-7.55226e-05
-7.52375e-05
-7.48207e-05
-7.42824e-05
-7.36321e-05
-7.28795e-05
-7.20336e-05
-7.11031e-05
-7.00963e-05
-6.90215e-05
-6.78861e-05
-6.66975e-05
-6.54626e-05
-6.41878e-05
-6.28794e-05
-6.15431e-05
-6.01843e-05
-5.88081e-05
-5.74191e-05
-8.30479e-05
-8.3767e-05
-8.42719e-05
-8.45752e-05
-8.4689e-05
-8.46252e-05
-8.43956e-05
-8.40118e-05
-8.34852e-05
-8.28268e-05
-8.20473e-05
-8.11571e-05
-8.01662e-05
-7.90843e-05
-7.79207e-05
-7.6684e-05
-7.53829e-05
-7.40252e-05
-7.26186e-05
-7.11703e-05
-6.9687e-05
-6.8175e-05
-6.66404e-05
-6.50886e-05
-6.35248e-05
-6.19538e-05
-9.33442e-05
-9.38305e-05
-9.40967e-05
-9.41563e-05
-9.40225e-05
-9.37079e-05
-9.32254e-05
-9.25875e-05
-9.18064e-05
-9.08938e-05
-8.98611e-05
-8.87195e-05
-8.74795e-05
-8.61513e-05
-8.47447e-05
-8.3269e-05
-8.17329e-05
-8.01449e-05
-7.85129e-05
-7.68444e-05
-7.51462e-05
-7.34249e-05
-7.16867e-05
-6.99371e-05
-6.81815e-05
-6.64246e-05
-0.000103825
-0.000104062
-0.000104074
-0.000103874
-0.000103478
-0.000102898
-0.000102148
-0.000101242
-0.000100193
-9.90134e-05
-9.77154e-05
-9.63107e-05
-9.48105e-05
-9.32256e-05
-9.15663e-05
-8.98424e-05
-8.80629e-05
-8.62367e-05
-8.4372e-05
-8.24765e-05
-8.05573e-05
-7.86211e-05
-7.66742e-05
-7.47224e-05
-7.27709e-05
-7.08246e-05
-0.000114485
-0.000114457
-0.000114198
-0.000113723
-0.000113048
-0.000112187
-0.000111155
-0.000109967
-0.000108637
-0.000107177
-0.000105601
-0.000103922
-0.00010215
-0.000100298
-9.83767e-05
-9.63954e-05
-9.43641e-05
-9.22919e-05
-9.01873e-05
-8.80583e-05
-8.59121e-05
-8.37557e-05
-8.15954e-05
-7.9437e-05
-7.72858e-05
-7.51468e-05
-0.000125319
-0.000125009
-0.000124462
-0.000123696
-0.000122726
-0.000121569
-0.00012024
-0.000118755
-0.000117129
-0.000115377
-0.00011351
-0.000111544
-0.00010949
-0.000107361
-0.000105167
-0.000102919
-0.000100628
-9.83018e-05
-9.59504e-05
-9.35815e-05
-9.12027e-05
-8.88209e-05
-8.64426e-05
-8.40737e-05
-8.17194e-05
-7.93846e-05
-0.000136323
-0.000135713
-0.000134861
-0.000133785
-0.000132504
-0.000131035
-0.000129394
-0.000127597
-0.000125662
-0.000123603
-0.000121433
-0.000119168
-0.000116821
-0.000114404
-0.000111928
-0.000109405
-0.000106845
-0.000104258
-0.000101653
-9.90381e-05
-9.64211e-05
-9.38092e-05
-9.12087e-05
-8.86254e-05
-8.60649e-05
-8.35317e-05
-0.000147491
-0.000146562
-0.000145387
-0.000143985
-0.000142375
-0.000140577
-0.000138608
-0.000136485
-0.000134226
-0.000131846
-0.000129361
-0.000126786
-0.000124134
-0.000121418
-0.000118651
-0.000115843
-0.000113007
-0.000110152
-0.000107287
-0.00010442
-0.00010156
-9.87131e-05
-9.58864e-05
-9.30855e-05
-9.03158e-05
-8.7582e-05
-0.000158817
-0.00015755
-0.000156032
-0.000154286
-0.000152331
-0.000150187
-0.000147874
-0.000145409
-0.000142812
-0.000140098
-0.000137285
-0.000134387
-0.000131419
-0.000128394
-0.000125326
-0.000122226
-0.000119106
-0.000115975
-0.000112844
-0.00010972
-0.000106611
-0.000103526
-0.000100469
-9.74474e-05
-9.4466e-05
-9.15294e-05
-0.000170293
-0.000168669
-0.000166791
-0.000164681
-0.000162363
-0.000159856
-0.000157182
-0.000154361
-0.000151411
-0.000148349
-0.000145195
-0.000141962
-0.000138667
-0.000135324
-0.000131946
-0.000128545
-0.000125133
-0.00012172
-0.000118316
-0.000114929
-0.000111568
-0.000108239
-0.00010495
-0.000101705
-9.85096e-05
-9.53686e-05
-0.000181914
-0.000179912
-0.000177654
-0.000175163
-0.000172463
-0.000169576
-0.000166525
-0.000163331
-0.000160013
-0.00015659
-0.000153081
-0.000149503
-0.00014587
-0.000142198
-0.000138501
-0.000134791
-0.00013108
-0.000127378
-0.000123696
-0.000120042
-0.000116423
-0.000112848
-0.000109323
-0.000105852
-0.000102441
-9.90943e-05
-0.000193673
-0.000191272
-0.000188613
-0.000185721
-0.000182621
-0.000179337
-0.000175892
-0.000172309
-0.000168609
-0.000164812
-0.000160936
-0.000156999
-0.000153018
-0.000149008
-0.000144982
-0.000140955
-0.000136938
-0.000132942
-0.000128976
-0.000125049
-0.00012117
-0.000117345
-0.000113581
-0.000109883
-0.000106255
-0.000102701
-0.000205561
-0.000202741
-0.000199661
-0.000196348
-0.000192829
-0.000189129
-0.000185274
-0.000181287
-0.00017719
-0.000173004
-0.000168748
-0.000164442
-0.000160102
-0.000155743
-0.000151382
-0.00014703
-0.0001427
-0.000138403
-0.000134148
-0.000129946
-0.000125802
-0.000121725
-0.00011772
-0.000113792
-0.000109946
-0.000106186
-0.000217571
-0.00021431
-0.000210787
-0.000207034
-0.000203077
-0.000198944
-0.000194662
-0.000190254
-0.000185745
-0.000181157
-0.000176509
-0.000171822
-0.000167112
-0.000162397
-0.00015769
-0.000153006
-0.000148357
-0.000143754
-0.000139207
-0.000134724
-0.000130313
-0.000125981
-0.000121733
-0.000117575
-0.00011351
-0.000109542
-0.000229695
-0.00022597
-0.000221984
-0.000217769
-0.000213355
-0.000208771
-0.000204044
-0.000199201
-0.000194266
-0.000189261
-0.00018421
-0.00017913
-0.000174041
-0.000168959
-0.0001639
-0.000158877
-0.000153903
-0.000148989
-0.000144144
-0.000139378
-0.000134697
-0.000130108
-0.000125616
-0.000121227
-0.000116943
-0.000112768
8.28123e-05
8.09624e-05
7.91137e-05
7.72672e-05
7.54242e-05
7.35856e-05
7.17526e-05
6.99262e-05
6.81077e-05
6.62981e-05
6.44987e-05
6.27106e-05
6.09349e-05
5.91728e-05
5.74256e-05
5.56943e-05
5.39801e-05
5.22842e-05
5.06076e-05
4.89515e-05
4.73169e-05
4.5705e-05
4.41167e-05
4.2553e-05
4.10149e-05
3.95033e-05
3.8019e-05
3.65628e-05
3.51356e-05
3.37381e-05
3.23709e-05
3.10346e-05
2.97297e-05
2.84569e-05
2.72164e-05
2.60086e-05
2.4834e-05
2.36926e-05
2.25847e-05
2.15103e-05
2.04696e-05
1.94625e-05
1.84888e-05
1.75486e-05
1.66415e-05
8.24905e-05
8.06445e-05
7.87998e-05
7.69575e-05
7.51187e-05
7.32845e-05
7.14561e-05
6.96344e-05
6.78208e-05
6.60162e-05
6.42219e-05
6.2439e-05
6.06687e-05
5.89121e-05
5.71704e-05
5.54448e-05
5.37364e-05
5.20463e-05
5.03757e-05
4.87256e-05
4.70971e-05
4.54913e-05
4.39092e-05
4.23518e-05
4.08199e-05
3.93146e-05
3.78366e-05
3.63867e-05
3.49658e-05
3.35745e-05
3.22135e-05
3.08834e-05
2.95847e-05
2.83178e-05
2.70833e-05
2.58815e-05
2.47126e-05
2.35769e-05
2.24745e-05
2.14056e-05
2.03702e-05
1.93682e-05
1.83997e-05
1.74643e-05
1.65619e-05
8.18648e-05
8.00263e-05
7.81894e-05
7.63552e-05
7.45248e-05
7.26993e-05
7.08798e-05
6.90673e-05
6.72631e-05
6.54682e-05
6.36839e-05
6.19112e-05
6.01513e-05
5.84054e-05
5.66746e-05
5.49601e-05
5.32629e-05
5.15843e-05
4.99253e-05
4.82869e-05
4.66703e-05
4.50765e-05
4.35065e-05
4.19612e-05
4.04415e-05
3.89484e-05
3.74826e-05
3.6045e-05
3.46363e-05
3.32572e-05
3.19082e-05
3.05901e-05
2.93033e-05
2.80482e-05
2.68253e-05
2.56349e-05
2.44772e-05
2.33525e-05
2.2261e-05
2.12027e-05
2.01775e-05
1.91856e-05
1.82268e-05
1.73009e-05
1.64077e-05
8.09521e-05
7.91247e-05
7.72993e-05
7.5477e-05
7.36589e-05
7.18461e-05
7.00397e-05
6.82408e-05
6.64504e-05
6.46698e-05
6.29001e-05
6.11424e-05
5.93978e-05
5.76675e-05
5.59527e-05
5.42544e-05
5.25737e-05
5.09118e-05
4.92698e-05
4.76486e-05
4.60494e-05
4.44731e-05
4.29207e-05
4.13931e-05
3.98913e-05
3.8416e-05
3.69681e-05
3.55483e-05
3.41574e-05
3.2796e-05
3.14647e-05
3.01641e-05
2.88946e-05
2.76566e-05
2.64506e-05
2.52768e-05
2.41355e-05
2.30269e-05
2.19511e-05
2.09081e-05
1.9898e-05
1.89207e-05
1.7976e-05
1.70639e-05
1.6184e-05
7.9768e-05
7.79551e-05
7.61448e-05
7.43381e-05
7.25361e-05
7.074e-05
6.89507e-05
6.71695e-05
6.53973e-05
6.36353e-05
6.18847e-05
6.01466e-05
5.8422e-05
5.67122e-05
5.50181e-05
5.3341e-05
5.16819e-05
5.00418e-05
4.84219e-05
4.68231e-05
4.52465e-05
4.3693e-05
4.21635e-05
4.0659e-05
3.91803e-05
3.77283e-05
3.63036e-05
3.4907e-05
3.35392e-05
3.22008e-05
3.08924e-05
2.96144e-05
2.83673e-05
2.71515e-05
2.59674e-05
2.48152e-05
2.3695e-05
2.26072e-05
2.15517e-05
2.05286e-05
1.95378e-05
1.85793e-05
1.7653e-05
1.67586e-05
1.58959e-05
7.83269e-05
7.65319e-05
7.47402e-05
7.29528e-05
7.11707e-05
6.93951e-05
6.76269e-05
6.58674e-05
6.41176e-05
6.23786e-05
6.06515e-05
5.89373e-05
5.72373e-05
5.55525e-05
5.3884e-05
5.22328e-05
5.06e-05
4.89867e-05
4.73938e-05
4.58224e-05
4.42734e-05
4.27478e-05
4.12463e-05
3.977e-05
3.83196e-05
3.68958e-05
3.54994e-05
3.41311e-05
3.27914e-05
3.1481e-05
3.02004e-05
2.89499e-05
2.77301e-05
2.65413e-05
2.53837e-05
2.42576e-05
2.31632e-05
2.21005e-05
2.10696e-05
2.00705e-05
1.91032e-05
1.81676e-05
1.72634e-05
1.63905e-05
1.55485e-05
7.66423e-05
7.48687e-05
7.30991e-05
7.13345e-05
6.9576e-05
6.78247e-05
6.60816e-05
6.43478e-05
6.26245e-05
6.09125e-05
5.92132e-05
5.75274e-05
5.58564e-05
5.42011e-05
5.25627e-05
5.09421e-05
4.93403e-05
4.77585e-05
4.61975e-05
4.46582e-05
4.31417e-05
4.16487e-05
4.01802e-05
3.87369e-05
3.73196e-05
3.59289e-05
3.45657e-05
3.32304e-05
3.19236e-05
3.06459e-05
2.93978e-05
2.81795e-05
2.69915e-05
2.58341e-05
2.47075e-05
2.36118e-05
2.25472e-05
2.15138e-05
2.05116e-05
1.95405e-05
1.86004e-05
1.76913e-05
1.68128e-05
1.59648e-05
1.5147e-05
7.4727e-05
7.29781e-05
7.1234e-05
6.94959e-05
6.77647e-05
6.60415e-05
6.43273e-05
6.26233e-05
6.09304e-05
5.92497e-05
5.75823e-05
5.59292e-05
5.42915e-05
5.26702e-05
5.10662e-05
4.94807e-05
4.79146e-05
4.63688e-05
4.48442e-05
4.33418e-05
4.18624e-05
4.04068e-05
3.89758e-05
3.75702e-05
3.61906e-05
3.48378e-05
3.35122e-05
3.22145e-05
3.09452e-05
2.97047e-05
2.84934e-05
2.73117e-05
2.61598e-05
2.5038e-05
2.39464e-05
2.28852e-05
2.18545e-05
2.08542e-05
1.98843e-05
1.89448e-05
1.80355e-05
1.71562e-05
1.63067e-05
1.54868e-05
1.46961e-05
7.25928e-05
7.0872e-05
6.91571e-05
6.7449e-05
6.57487e-05
6.40574e-05
6.2376e-05
6.07056e-05
5.90472e-05
5.74019e-05
5.57706e-05
5.41544e-05
5.25542e-05
5.09712e-05
4.94062e-05
4.78601e-05
4.6334e-05
4.48287e-05
4.33451e-05
4.1884e-05
4.04462e-05
3.90324e-05
3.76435e-05
3.62801e-05
3.49427e-05
3.3632e-05
3.23486e-05
3.10929e-05
2.98653e-05
2.86662e-05
2.74959e-05
2.63548e-05
2.5243e-05
2.41607e-05
2.31081e-05
2.20851e-05
2.10918e-05
2.01282e-05
1.91942e-05
1.82896e-05
1.74143e-05
1.6568e-05
1.57506e-05
1.49616e-05
1.42008e-05
7.02511e-05
6.8562e-05
6.68797e-05
6.52052e-05
6.35396e-05
6.1884e-05
6.02392e-05
5.86064e-05
5.69865e-05
5.53805e-05
5.37894e-05
5.22143e-05
5.06559e-05
4.91154e-05
4.75935e-05
4.60913e-05
4.46095e-05
4.31491e-05
4.17108e-05
4.02953e-05
3.89035e-05
3.7536e-05
3.61934e-05
3.48764e-05
3.35855e-05
3.23213e-05
3.10841e-05
2.98745e-05
2.86926e-05
2.75389e-05
2.64137e-05
2.5317e-05
2.42491e-05
2.321e-05
2.21999e-05
2.12186e-05
2.02662e-05
1.93425e-05
1.84475e-05
1.75809e-05
1.67426e-05
1.59322e-05
1.51495e-05
1.43942e-05
1.36658e-05
6.77127e-05
6.60587e-05
6.44126e-05
6.27755e-05
6.11483e-05
5.95321e-05
5.79279e-05
5.63365e-05
5.47591e-05
5.31965e-05
5.16498e-05
5.01198e-05
4.86074e-05
4.71135e-05
4.56391e-05
4.41849e-05
4.27517e-05
4.13404e-05
3.99516e-05
3.85861e-05
3.72444e-05
3.59273e-05
3.46353e-05
3.33689e-05
3.21285e-05
3.09147e-05
2.97278e-05
2.85681e-05
2.74359e-05
2.63314e-05
2.52548e-05
2.42062e-05
2.31857e-05
2.21932e-05
2.12289e-05
2.02926e-05
1.93842e-05
1.85035e-05
1.76504e-05
1.68247e-05
1.6026e-05
1.52541e-05
1.45087e-05
1.37893e-05
1.30957e-05
6.49878e-05
6.33725e-05
6.17663e-05
6.01702e-05
5.85852e-05
5.70123e-05
5.54525e-05
5.39066e-05
5.23757e-05
5.08605e-05
4.93622e-05
4.78814e-05
4.64191e-05
4.49761e-05
4.35532e-05
4.21512e-05
4.07708e-05
3.94127e-05
3.80776e-05
3.67661e-05
3.54787e-05
3.42161e-05
3.29786e-05
3.17667e-05
3.05808e-05
2.94213e-05
2.82884e-05
2.71824e-05
2.61034e-05
2.50517e-05
2.40272e-05
2.303e-05
2.20601e-05
2.11175e-05
2.02021e-05
1.93137e-05
1.84522e-05
1.76173e-05
1.68088e-05
1.60264e-05
1.52699e-05
1.45388e-05
1.38329e-05
1.31517e-05
1.24949e-05
6.20864e-05
6.05133e-05
5.89507e-05
5.73994e-05
5.58605e-05
5.43348e-05
5.28233e-05
5.13268e-05
4.98464e-05
4.83828e-05
4.69368e-05
4.55094e-05
4.41013e-05
4.27133e-05
4.1346e-05
4.00003e-05
3.86768e-05
3.7376e-05
3.60986e-05
3.4845e-05
3.36159e-05
3.24116e-05
3.12325e-05
3.0079e-05
2.89513e-05
2.78497e-05
2.67745e-05
2.57256e-05
2.47033e-05
2.37076e-05
2.27385e-05
2.17959e-05
2.08797e-05
1.99899e-05
1.91262e-05
1.82885e-05
1.74764e-05
1.66898e-05
1.59284e-05
1.51917e-05
1.44795e-05
1.37914e-05
1.31269e-05
1.24858e-05
1.18676e-05
5.90178e-05
5.74909e-05
5.59756e-05
5.4473e-05
5.29839e-05
5.15094e-05
5.00502e-05
4.86071e-05
4.71812e-05
4.57731e-05
4.43837e-05
4.30137e-05
4.16638e-05
4.03348e-05
3.90273e-05
3.77419e-05
3.64792e-05
3.52397e-05
3.40239e-05
3.28323e-05
3.16652e-05
3.0523e-05
2.9406e-05
2.83145e-05
2.72486e-05
2.62084e-05
2.51942e-05
2.42058e-05
2.32434e-05
2.23068e-05
2.13961e-05
2.0511e-05
1.96514e-05
1.8817e-05
1.80077e-05
1.72231e-05
1.64629e-05
1.57269e-05
1.50146e-05
1.43257e-05
1.36598e-05
1.30165e-05
1.23953e-05
1.17959e-05
1.12178e-05
5.57914e-05
5.43143e-05
5.28503e-05
5.14003e-05
4.99651e-05
4.85456e-05
4.71427e-05
4.57572e-05
4.43898e-05
4.30413e-05
4.17124e-05
4.04039e-05
3.91163e-05
3.78503e-05
3.66065e-05
3.53854e-05
3.41874e-05
3.30131e-05
3.18628e-05
3.07368e-05
2.96355e-05
2.85591e-05
2.75078e-05
2.64817e-05
2.54809e-05
2.45055e-05
2.35555e-05
2.26307e-05
2.17312e-05
2.08567e-05
2.00071e-05
1.91822e-05
1.83817e-05
1.76053e-05
1.68526e-05
1.61234e-05
1.54173e-05
1.47339e-05
1.40727e-05
1.34334e-05
1.28155e-05
1.22186e-05
1.16423e-05
1.1086e-05
1.05494e-05
5.24161e-05
5.09928e-05
4.9584e-05
4.81905e-05
4.68132e-05
4.54529e-05
4.41103e-05
4.27863e-05
4.14815e-05
4.01967e-05
3.89324e-05
3.76894e-05
3.64681e-05
3.52691e-05
3.4093e-05
3.294e-05
3.18107e-05
3.07053e-05
2.96242e-05
2.85675e-05
2.75356e-05
2.65284e-05
2.55462e-05
2.45889e-05
2.36565e-05
2.27489e-05
2.18661e-05
2.10079e-05
2.0174e-05
1.93643e-05
1.85785e-05
1.78162e-05
1.70771e-05
1.63609e-05
1.56671e-05
1.49953e-05
1.43451e-05
1.37161e-05
1.31078e-05
1.25196e-05
1.19513e-05
1.14022e-05
1.0872e-05
1.03601e-05
9.86617e-06
4.89007e-05
4.75352e-05
4.61856e-05
4.48527e-05
4.35373e-05
4.22402e-05
4.09621e-05
3.97037e-05
3.84656e-05
3.72485e-05
3.60529e-05
3.48794e-05
3.37284e-05
3.26004e-05
3.14957e-05
3.04148e-05
2.93579e-05
2.83251e-05
2.73168e-05
2.6333e-05
2.53739e-05
2.44393e-05
2.35294e-05
2.2644e-05
2.1783e-05
2.09463e-05
2.01335e-05
1.93445e-05
1.8579e-05
1.78365e-05
1.71168e-05
1.64194e-05
1.57439e-05
1.50898e-05
1.44568e-05
1.38442e-05
1.32516e-05
1.26786e-05
1.21245e-05
1.15889e-05
1.10714e-05
1.05713e-05
1.00883e-05
9.62182e-06
9.17144e-06
4.52538e-05
4.39502e-05
4.26639e-05
4.13957e-05
4.01464e-05
3.89167e-05
3.77072e-05
3.65185e-05
3.53512e-05
3.42059e-05
3.3083e-05
3.19829e-05
3.09062e-05
2.9853e-05
2.88237e-05
2.78185e-05
2.68376e-05
2.58812e-05
2.49492e-05
2.40416e-05
2.31586e-05
2.22999e-05
2.14654e-05
2.06549e-05
1.98682e-05
1.9105e-05
1.83649e-05
1.76476e-05
1.69528e-05
1.62798e-05
1.56283e-05
1.49979e-05
1.43878e-05
1.37978e-05
1.32271e-05
1.26753e-05
1.21418e-05
1.1626e-05
1.11275e-05
1.06456e-05
1.01799e-05
9.72979e-06
9.29485e-06
8.87459e-06
8.46853e-06
4.14839e-05
4.02463e-05
3.90275e-05
3.78283e-05
3.66492e-05
3.5491e-05
3.43542e-05
3.32394e-05
3.21471e-05
3.10776e-05
3.00314e-05
2.90088e-05
2.80102e-05
2.70357e-05
2.60855e-05
2.51598e-05
2.42585e-05
2.33818e-05
2.25295e-05
2.17015e-05
2.08977e-05
2.01179e-05
1.93617e-05
1.8629e-05
1.79192e-05
1.72321e-05
1.65672e-05
1.5924e-05
1.53019e-05
1.47005e-05
1.41193e-05
1.35575e-05
1.30146e-05
1.24901e-05
1.19832e-05
1.14935e-05
1.10203e-05
1.05629e-05
1.01209e-05
9.69369e-06
9.28065e-06
8.8813e-06
8.49514e-06
8.12169e-06
7.76049e-06
3.75992e-05
3.6432e-05
3.5285e-05
3.41589e-05
3.30544e-05
3.19719e-05
3.09121e-05
2.98753e-05
2.88619e-05
2.78724e-05
2.69069e-05
2.59657e-05
2.50491e-05
2.4157e-05
2.32896e-05
2.24469e-05
2.16288e-05
2.08351e-05
2.00658e-05
1.93205e-05
1.8599e-05
1.79009e-05
1.72259e-05
1.65735e-05
1.59433e-05
1.53346e-05
1.4747e-05
1.418e-05
1.36327e-05
1.31047e-05
1.25953e-05
1.21038e-05
1.16296e-05
1.11719e-05
1.07301e-05
1.03036e-05
9.89163e-06
9.49363e-06
9.10897e-06
8.73707e-06
8.37735e-06
8.02929e-06
7.69238e-06
7.36616e-06
7.05017e-06
3.36082e-05
3.25156e-05
3.14447e-05
3.03961e-05
2.93704e-05
2.83679e-05
2.73892e-05
2.64346e-05
2.55044e-05
2.45988e-05
2.3718e-05
2.28621e-05
2.20312e-05
2.12253e-05
2.04443e-05
1.96881e-05
1.89565e-05
1.82492e-05
1.75659e-05
1.69063e-05
1.627e-05
1.56564e-05
1.50651e-05
1.44955e-05
1.3947e-05
1.3419e-05
1.29109e-05
1.24218e-05
1.19511e-05
1.14981e-05
1.10621e-05
1.06422e-05
1.02378e-05
9.84812e-06
9.4724e-06
9.10994e-06
8.76006e-06
8.42208e-06
8.09537e-06
7.77932e-06
7.47335e-06
7.17694e-06
6.88958e-06
6.61083e-06
6.34025e-06
2.9519e-05
2.85055e-05
2.75151e-05
2.65483e-05
2.56057e-05
2.46876e-05
2.37942e-05
2.29259e-05
2.20829e-05
2.12653e-05
2.04731e-05
1.97063e-05
1.89649e-05
1.82488e-05
1.75577e-05
1.68913e-05
1.62494e-05
1.56316e-05
1.50374e-05
1.44664e-05
1.39179e-05
1.33914e-05
1.28862e-05
1.24017e-05
1.19371e-05
1.14917e-05
1.10647e-05
1.06554e-05
1.02628e-05
9.88624e-06
9.52482e-06
9.17774e-06
8.84419e-06
8.52336e-06
8.21448e-06
7.91678e-06
7.62953e-06
7.35206e-06
7.08368e-06
6.8238e-06
6.57183e-06
6.32724e-06
6.08956e-06
5.85834e-06
5.63318e-06
2.53398e-05
2.44098e-05
2.35044e-05
2.26239e-05
2.17687e-05
2.09392e-05
2.01354e-05
1.93576e-05
1.86059e-05
1.78802e-05
1.71804e-05
1.65066e-05
1.58583e-05
1.52354e-05
1.46376e-05
1.40644e-05
1.35154e-05
1.29901e-05
1.24878e-05
1.20079e-05
1.15498e-05
1.11128e-05
1.06959e-05
1.02986e-05
9.91978e-06
9.55875e-06
9.21459e-06
8.88639e-06
8.57325e-06
8.27426e-06
7.98852e-06
7.71514e-06
7.45324e-06
7.20196e-06
6.96048e-06
6.728e-06
6.50376e-06
6.28706e-06
6.07723e-06
5.87364e-06
5.67572e-06
5.48296e-06
5.29489e-06
5.1111e-06
4.93123e-06
2.10787e-05
2.02368e-05
1.94208e-05
1.8631e-05
1.78677e-05
1.71311e-05
1.64211e-05
1.5738e-05
1.50815e-05
1.44517e-05
1.38482e-05
1.32709e-05
1.27193e-05
1.21932e-05
1.16919e-05
1.1215e-05
1.07619e-05
1.03318e-05
9.92408e-06
9.53795e-06
9.1726e-06
8.82714e-06
8.50069e-06
8.19231e-06
7.90105e-06
7.62594e-06
7.36599e-06
7.1202e-06
6.88758e-06
6.66714e-06
6.45791e-06
6.25892e-06
6.06925e-06
5.88798e-06
5.71426e-06
5.54726e-06
5.38621e-06
5.23037e-06
5.07908e-06
4.93173e-06
4.78774e-06
4.64663e-06
4.50796e-06
4.37136e-06
4.23648e-06
1.67439e-05
1.59947e-05
1.52727e-05
1.45781e-05
1.3911e-05
1.32715e-05
1.26596e-05
1.20751e-05
1.1518e-05
1.09878e-05
1.04844e-05
1.00072e-05
9.55583e-06
9.12967e-06
8.72813e-06
8.3505e-06
7.99603e-06
7.66391e-06
7.35328e-06
7.06321e-06
6.79275e-06
6.5409e-06
6.30665e-06
6.08893e-06
5.88668e-06
5.69882e-06
5.52426e-06
5.36191e-06
5.2107e-06
5.06955e-06
4.93744e-06
4.81333e-06
4.69624e-06
4.58525e-06
4.47944e-06
4.37798e-06
4.28008e-06
4.185e-06
4.09209e-06
4.00073e-06
3.91039e-06
3.8206e-06
3.73096e-06
3.64113e-06
3.55082e-06
1.23435e-05
1.16916e-05
1.10681e-05
1.04731e-05
9.90663e-06
9.36861e-06
8.85889e-06
8.37721e-06
7.92325e-06
7.49662e-06
7.09681e-06
6.72328e-06
6.37539e-06
6.05242e-06
5.75361e-06
5.4781e-06
5.22499e-06
4.99333e-06
4.78209e-06
4.59022e-06
4.41662e-06
4.26018e-06
4.11974e-06
3.99413e-06
3.88217e-06
3.78268e-06
3.69447e-06
3.61636e-06
3.54722e-06
3.48589e-06
3.43128e-06
3.38231e-06
3.33798e-06
3.29731e-06
3.25937e-06
3.22331e-06
3.18834e-06
3.15374e-06
3.11885e-06
3.08309e-06
3.04595e-06
3.00699e-06
2.96586e-06
2.92227e-06
2.87597e-06
7.88563e-06
7.33569e-06
6.81526e-06
6.32434e-06
5.86283e-06
5.43052e-06
5.0271e-06
4.65217e-06
4.30526e-06
3.98582e-06
3.69321e-06
3.42671e-06
3.18552e-06
2.96878e-06
2.77556e-06
2.60486e-06
2.45561e-06
2.3267e-06
2.21699e-06
2.12526e-06
2.0503e-06
1.99084e-06
1.94562e-06
1.91334e-06
1.89273e-06
1.8825e-06
1.88138e-06
1.88811e-06
1.90147e-06
1.92026e-06
1.94334e-06
1.96959e-06
1.99795e-06
2.02745e-06
2.05713e-06
2.08616e-06
2.11373e-06
2.13914e-06
2.16175e-06
2.18103e-06
2.19648e-06
2.20773e-06
2.21445e-06
2.21643e-06
2.21347e-06
3.37834e-06
2.93501e-06
2.52224e-06
2.13986e-06
1.78765e-06
1.46524e-06
1.17218e-06
9.07909e-07
6.7181e-07
4.63162e-07
2.81165e-07
1.2494e-07
-6.46949e-09
-1.14092e-07
-1.99024e-07
-2.62422e-07
-3.05498e-07
-3.29516e-07
-3.35777e-07
-3.25617e-07
-3.00401e-07
-2.61509e-07
-2.10331e-07
-1.48262e-07
-7.66881e-08
3.01492e-09
8.9494e-08
1.81425e-07
2.77518e-07
3.76528e-07
4.77258e-07
5.78569e-07
6.79387e-07
7.78703e-07
8.75586e-07
9.69183e-07
1.05872e-06
1.14351e-06
1.22296e-06
1.29655e-06
1.36386e-06
1.42455e-06
1.47835e-06
1.5251e-06
1.56468e-06
-1.17025e-06
-1.50229e-06
-1.80287e-06
-2.07228e-06
-2.31092e-06
-2.51928e-06
-2.698e-06
-2.84778e-06
-2.96942e-06
-3.0638e-06
-3.13189e-06
-3.17473e-06
-3.19345e-06
-3.18924e-06
-3.16336e-06
-3.11713e-06
-3.05191e-06
-2.96912e-06
-2.87021e-06
-2.75664e-06
-2.62991e-06
-2.49152e-06
-2.34298e-06
-2.18579e-06
-2.02142e-06
-1.85133e-06
-1.67696e-06
-1.49968e-06
-1.32085e-06
-1.14175e-06
-9.636e-07
-7.87573e-07
-6.14753e-07
-4.46147e-07
-2.82681e-07
-1.25191e-07
2.55771e-08
1.68969e-07
3.04425e-07
4.31479e-07
5.4976e-07
6.58988e-07
7.58966e-07
8.49595e-07
9.30823e-07
-5.75204e-06
-5.96815e-06
-6.15202e-06
-6.30409e-06
-6.42492e-06
-6.51518e-06
-6.57566e-06
-6.60724e-06
-6.61089e-06
-6.58766e-06
-6.53868e-06
-6.46519e-06
-6.36847e-06
-6.24989e-06
-6.11087e-06
-5.95289e-06
-5.77746e-06
-5.58616e-06
-5.38056e-06
-5.16227e-06
-4.93292e-06
-4.69412e-06
-4.44749e-06
-4.19461e-06
-3.93706e-06
-3.67637e-06
-3.41403e-06
-3.15148e-06
-2.89012e-06
-2.63125e-06
-2.37613e-06
-2.12594e-06
-1.88175e-06
-1.64457e-06
-1.41531e-06
-1.19477e-06
-9.83672e-07
-7.82619e-07
-5.92123e-07
-4.12595e-07
-2.44343e-07
-8.7583e-08
5.75616e-08
1.91066e-07
3.12952e-07
-1.0359e-05
-1.04545e-05
-1.05172e-05
-1.05476e-05
-1.05465e-05
-1.05147e-05
-1.04531e-05
-1.03629e-05
-1.02452e-05
-1.01011e-05
-9.93211e-06
-9.73951e-06
-9.52479e-06
-9.28949e-06
-9.0352e-06
-8.76354e-06
-8.47621e-06
-8.17489e-06
-7.86133e-06
-7.53725e-06
-7.2044e-06
-6.8645e-06
-6.51927e-06
-6.17039e-06
-5.8195e-06
-5.46821e-06
-5.11806e-06
-4.77053e-06
-4.42705e-06
-4.08896e-06
-3.75751e-06
-3.43388e-06
-3.11914e-06
-2.81428e-06
-2.52018e-06
-2.2376e-06
-1.96721e-06
-1.70958e-06
-1.46514e-06
-1.23426e-06
-1.01715e-06
-8.13979e-07
-6.24778e-07
-4.49493e-07
-2.88024e-07
-1.49829e-05
-1.49533e-05
-1.48905e-05
-1.4795e-05
-1.46679e-05
-1.45101e-05
-1.43229e-05
-1.41074e-05
-1.3865e-05
-1.35971e-05
-1.33053e-05
-1.29909e-05
-1.26559e-05
-1.23017e-05
-1.19302e-05
-1.15432e-05
-1.11425e-05
-1.07299e-05
-1.03073e-05
-9.87658e-06
-9.43958e-06
-8.99814e-06
-8.55404e-06
-8.10906e-06
-7.66491e-06
-7.22324e-06
-6.78564e-06
-6.35364e-06
-5.92867e-06
-5.51208e-06
-5.10514e-06
-4.709e-06
-4.32471e-06
-3.95323e-06
-3.5954e-06
-3.25193e-06
-2.92345e-06
-2.61044e-06
-2.3133e-06
-2.03228e-06
-1.76755e-06
-1.51918e-06
-1.28712e-06
-1.07123e-06
-8.71331e-07
-1.96159e-05
-1.94567e-05
-1.92639e-05
-1.90384e-05
-1.87813e-05
-1.84939e-05
-1.81775e-05
-1.78334e-05
-1.74633e-05
-1.70687e-05
-1.66514e-05
-1.6213e-05
-1.57553e-05
-1.52804e-05
-1.479e-05
-1.42861e-05
-1.37708e-05
-1.32459e-05
-1.27135e-05
-1.21755e-05
-1.1634e-05
-1.10908e-05
-1.05478e-05
-1.00068e-05
-9.46972e-06
-8.93812e-06
-8.41367e-06
-7.89791e-06
-7.39228e-06
-6.89813e-06
-6.41671e-06
-5.94915e-06
-5.49648e-06
-5.0596e-06
-4.6393e-06
-4.23625e-06
-3.85099e-06
-3.48395e-06
-3.13542e-06
-2.80561e-06
-2.49458e-06
-2.20232e-06
-1.92869e-06
-1.67345e-06
-1.43633e-06
-2.42498e-05
-2.39566e-05
-2.36297e-05
-2.32701e-05
-2.28793e-05
-2.24586e-05
-2.20096e-05
-2.15339e-05
-2.10331e-05
-2.05092e-05
-1.99639e-05
-1.93992e-05
-1.88171e-05
-1.82197e-05
-1.76089e-05
-1.6987e-05
-1.6356e-05
-1.5718e-05
-1.50752e-05
-1.44297e-05
-1.37834e-05
-1.31384e-05
-1.24968e-05
-1.18602e-05
-1.12307e-05
-1.06098e-05
-9.9993e-06
-9.40069e-06
-8.81543e-06
-8.24484e-06
-7.69014e-06
-7.15244e-06
-6.63271e-06
-6.1318e-06
-5.65044e-06
-5.18923e-06
-4.74864e-06
-4.329e-06
-3.93055e-06
-3.55337e-06
-3.19746e-06
-2.86269e-06
-2.54883e-06
-2.25556e-06
-1.98251e-06
-2.88768e-05
-2.84452e-05
-2.798e-05
-2.74826e-05
-2.69544e-05
-2.6397e-05
-2.58122e-05
-2.52018e-05
-2.45677e-05
-2.39119e-05
-2.32365e-05
-2.25436e-05
-2.18353e-05
-2.11139e-05
-2.03816e-05
-1.96406e-05
-1.88932e-05
-1.81416e-05
-1.73881e-05
-1.66348e-05
-1.58839e-05
-1.51375e-05
-1.43975e-05
-1.3666e-05
-1.29447e-05
-1.22355e-05
-1.154e-05
-1.08596e-05
-1.01959e-05
-9.55021e-06
-8.92361e-06
-8.31719e-06
-7.73188e-06
-7.16846e-06
-6.62758e-06
-6.10976e-06
-5.61539e-06
-5.14471e-06
-4.69786e-06
-4.27484e-06
-3.87553e-06
-3.49971e-06
-3.14706e-06
-2.81713e-06
-2.50947e-06
-3.3489e-05
-3.29148e-05
-3.23074e-05
-3.16683e-05
-3.09991e-05
-3.03018e-05
-2.95782e-05
-2.88304e-05
-2.80605e-05
-2.72707e-05
-2.64632e-05
-2.56403e-05
-2.48043e-05
-2.39577e-05
-2.31028e-05
-2.2242e-05
-2.13777e-05
-2.05122e-05
-1.96479e-05
-1.87871e-05
-1.79318e-05
-1.70844e-05
-1.62469e-05
-1.54212e-05
-1.46092e-05
-1.38127e-05
-1.30333e-05
-1.22726e-05
-1.15319e-05
-1.08125e-05
-1.01155e-05
-9.44197e-06
-8.7927e-06
-8.16841e-06
-7.56967e-06
-6.99691e-06
-6.45042e-06
-5.93035e-06
-5.43673e-06
-4.96946e-06
-4.52831e-06
-4.11296e-06
-3.72298e-06
-3.35782e-06
-3.01692e-06
-3.80785e-05
-3.73577e-05
-3.66042e-05
-3.58198e-05
-3.50064e-05
-3.4166e-05
-3.33009e-05
-3.24131e-05
-3.15051e-05
-3.05793e-05
-2.96379e-05
-2.86836e-05
-2.77188e-05
-2.6746e-05
-2.57678e-05
-2.47868e-05
-2.38053e-05
-2.28259e-05
-2.1851e-05
-2.08829e-05
-1.99239e-05
-1.89763e-05
-1.80421e-05
-1.71232e-05
-1.62217e-05
-1.53392e-05
-1.44774e-05
-1.36377e-05
-1.28216e-05
-1.20302e-05
-1.12645e-05
-1.05256e-05
-9.81409e-06
-9.1307e-06
-8.47587e-06
-7.84994e-06
-7.25309e-06
-6.68536e-06
-6.14667e-06
-5.6368e-06
-5.15544e-06
-4.70213e-06
-4.27634e-06
-3.8774e-06
-3.50467e-06
-4.26376e-05
-4.17662e-05
-4.0863e-05
-3.99299e-05
-3.89692e-05
-3.79829e-05
-3.69736e-05
-3.59437e-05
-3.48955e-05
-3.38318e-05
-3.27552e-05
-3.16682e-05
-3.05735e-05
-2.94739e-05
-2.8372e-05
-2.72704e-05
-2.61718e-05
-2.50787e-05
-2.39936e-05
-2.29189e-05
-2.1857e-05
-2.08101e-05
-1.97803e-05
-1.87697e-05
-1.778e-05
-1.6813e-05
-1.58704e-05
-1.49535e-05
-1.40636e-05
-1.32019e-05
-1.23695e-05
-1.1567e-05
-1.07952e-05
-1.00546e-05
-9.34553e-06
-8.66828e-06
-8.0229e-06
-7.40931e-06
-6.82732e-06
-6.27659e-06
-5.75668e-06
-5.26702e-06
-4.80697e-06
-4.37577e-06
-3.97263e-06
-4.71586e-05
-4.61329e-05
-4.50766e-05
-4.39917e-05
-4.28806e-05
-4.17459e-05
-4.05901e-05
-3.94158e-05
-3.82257e-05
-3.70227e-05
-3.58095e-05
-3.45889e-05
-3.33637e-05
-3.21368e-05
-3.0911e-05
-2.9689e-05
-2.84735e-05
-2.72672e-05
-2.60726e-05
-2.48922e-05
-2.37284e-05
-2.25835e-05
-2.14595e-05
-2.03584e-05
-1.92822e-05
-1.82324e-05
-1.72107e-05
-1.62184e-05
-1.52568e-05
-1.43268e-05
-1.34294e-05
-1.25654e-05
-1.17353e-05
-1.09394e-05
-1.01781e-05
-9.45153e-06
-8.75953e-06
-8.10196e-06
-7.47848e-06
-6.88865e-06
-6.33191e-06
-5.80756e-06
-5.31484e-06
-4.85288e-06
-4.42079e-06
-5.16341e-05
-5.04506e-05
-4.92378e-05
-4.79981e-05
-4.67341e-05
-4.54484e-05
-4.4144e-05
-4.28236e-05
-4.14902e-05
-4.01466e-05
-3.87959e-05
-3.7441e-05
-3.60849e-05
-3.47306e-05
-3.33809e-05
-3.20387e-05
-3.07069e-05
-2.93881e-05
-2.8085e-05
-2.68e-05
-2.55356e-05
-2.42941e-05
-2.30774e-05
-2.18877e-05
-2.07267e-05
-1.9596e-05
-1.84972e-05
-1.74315e-05
-1.64e-05
-1.54039e-05
-1.44437e-05
-1.35202e-05
-1.26339e-05
-1.17849e-05
-1.09734e-05
-1.01994e-05
-9.4628e-06
-8.76316e-06
-8.10008e-06
-7.47296e-06
-6.88113e-06
-6.32377e-06
-5.79999e-06
-5.30882e-06
-4.84923e-06
-5.60567e-05
-5.47121e-05
-5.33398e-05
-5.19425e-05
-5.05231e-05
-4.90844e-05
-4.76296e-05
-4.61615e-05
-4.46834e-05
-4.31984e-05
-4.17095e-05
-4.02199e-05
-3.87327e-05
-3.72511e-05
-3.57779e-05
-3.43162e-05
-3.28688e-05
-3.14386e-05
-3.00281e-05
-2.86399e-05
-2.72765e-05
-2.59399e-05
-2.46324e-05
-2.33559e-05
-2.2112e-05
-2.09025e-05
-1.97287e-05
-1.85917e-05
-1.74927e-05
-1.64326e-05
-1.54118e-05
-1.44311e-05
-1.34907e-05
-1.25907e-05
-1.17312e-05
-1.09119e-05
-1.01327e-05
-9.39294e-06
-8.69215e-06
-8.02959e-06
-7.40444e-06
-6.81576e-06
-6.26255e-06
-5.74371e-06
-5.25809e-06
-6.04192e-05
-5.89103e-05
-5.73758e-05
-5.58184e-05
-5.42414e-05
-5.26479e-05
-5.10411e-05
-4.94241e-05
-4.78004e-05
-4.61732e-05
-4.45457e-05
-4.29213e-05
-4.13033e-05
-3.96947e-05
-3.80987e-05
-3.65183e-05
-3.49565e-05
-3.3416e-05
-3.18996e-05
-3.04098e-05
-2.8949e-05
-2.75193e-05
-2.61229e-05
-2.47617e-05
-2.34372e-05
-2.2151e-05
-2.09044e-05
-1.96985e-05
-1.85343e-05
-1.74124e-05
-1.63335e-05
-1.52978e-05
-1.43055e-05
-1.33568e-05
-1.24514e-05
-1.1589e-05
-1.07692e-05
-9.9914e-06
-9.25485e-06
-8.55871e-06
-7.90202e-06
-7.28375e-06
-6.70273e-06
-6.15779e-06
-5.64758e-06
-6.47147e-05
-6.30386e-05
-6.13392e-05
-5.96197e-05
-5.78832e-05
-5.61332e-05
-5.43731e-05
-5.26063e-05
-5.08363e-05
-4.90665e-05
-4.73004e-05
-4.55414e-05
-4.37929e-05
-4.2058e-05
-4.03401e-05
-3.86422e-05
-3.69672e-05
-3.53181e-05
-3.36974e-05
-3.21078e-05
-3.05516e-05
-2.90309e-05
-2.75478e-05
-2.61041e-05
-2.47012e-05
-2.33408e-05
-2.20238e-05
-2.07514e-05
-1.95244e-05
-1.83432e-05
-1.72084e-05
-1.61202e-05
-1.50785e-05
-1.40833e-05
-1.31342e-05
-1.22309e-05
-1.13726e-05
-1.05588e-05
-9.78842e-06
-9.06058e-06
-8.37417e-06
-7.72801e-06
-7.12081e-06
-6.55133e-06
-6.01798e-06
-6.89362e-05
-6.70904e-05
-6.5224e-05
-6.33402e-05
-6.14427e-05
-5.95349e-05
-5.76206e-05
-5.57032e-05
-5.37866e-05
-5.18742e-05
-4.99697e-05
-4.80765e-05
-4.61982e-05
-4.43381e-05
-4.24994e-05
-4.06853e-05
-3.88988e-05
-3.71427e-05
-3.54198e-05
-3.37324e-05
-3.20829e-05
-3.04735e-05
-2.8906e-05
-2.73822e-05
-2.59035e-05
-2.44713e-05
-2.30866e-05
-2.17502e-05
-2.04628e-05
-1.92249e-05
-1.80368e-05
-1.68984e-05
-1.58097e-05
-1.47703e-05
-1.37799e-05
-1.28378e-05
-1.19433e-05
-1.10954e-05
-1.02932e-05
-9.53557e-06
-8.82122e-06
-8.14889e-06
-7.51714e-06
-6.92468e-06
-6.3696e-06
-7.30773e-05
-7.10594e-05
-6.90239e-05
-6.69743e-05
-6.49144e-05
-6.28479e-05
-6.07786e-05
-5.87104e-05
-5.6647e-05
-5.45923e-05
-5.25498e-05
-5.05233e-05
-4.85162e-05
-4.65321e-05
-4.45741e-05
-4.26455e-05
-4.07493e-05
-3.88883e-05
-3.70651e-05
-3.52822e-05
-3.35419e-05
-3.18462e-05
-3.01969e-05
-2.85956e-05
-2.70437e-05
-2.55423e-05
-2.40924e-05
-2.26947e-05
-2.13497e-05
-2.00577e-05
-1.88187e-05
-1.76327e-05
-1.64994e-05
-1.54183e-05
-1.43888e-05
-1.34102e-05
-1.24815e-05
-1.16017e-05
-1.07697e-05
-9.98409e-06
-9.24361e-06
-8.54682e-06
-7.89213e-06
-7.27823e-06
-6.70281e-06
-7.71315e-05
-7.49396e-05
-7.27333e-05
-7.05166e-05
-6.82932e-05
-6.60673e-05
-6.38427e-05
-6.16236e-05
-5.94138e-05
-5.72172e-05
-5.50376e-05
-5.28787e-05
-5.07442e-05
-4.86376e-05
-4.6562e-05
-4.45208e-05
-4.2517e-05
-4.05532e-05
-3.86322e-05
-3.67563e-05
-3.49277e-05
-3.31484e-05
-3.14199e-05
-2.97439e-05
-2.81215e-05
-2.65538e-05
-2.50415e-05
-2.35852e-05
-2.21852e-05
-2.08417e-05
-1.95545e-05
-1.83235e-05
-1.7148e-05
-1.60276e-05
-1.49614e-05
-1.39486e-05
-1.29879e-05
-1.20782e-05
-1.12183e-05
-1.04067e-05
-9.64182e-06
-8.92226e-06
-8.24622e-06
-7.61241e-06
-7.01798e-06
-8.10928e-05
-7.87251e-05
-7.63467e-05
-7.39617e-05
-7.15743e-05
-6.91886e-05
-6.68088e-05
-6.4439e-05
-6.20832e-05
-5.97456e-05
-5.743e-05
-5.51402e-05
-5.28798e-05
-5.06524e-05
-4.84613e-05
-4.63097e-05
-4.42005e-05
-4.21365e-05
-4.01202e-05
-3.8154e-05
-3.62398e-05
-3.43796e-05
-3.25748e-05
-3.08269e-05
-2.91369e-05
-2.75057e-05
-2.59339e-05
-2.44218e-05
-2.29697e-05
-2.15774e-05
-2.02448e-05
-1.89712e-05
-1.77562e-05
-1.65989e-05
-1.54984e-05
-1.44534e-05
-1.34629e-05
-1.25255e-05
-1.16396e-05
-1.08038e-05
-1.00164e-05
-9.27574e-06
-8.57993e-06
-7.9277e-06
-7.31565e-06
-8.49554e-05
-8.24105e-05
-7.98589e-05
-7.7305e-05
-7.47531e-05
-7.22076e-05
-6.96727e-05
-6.71529e-05
-6.46521e-05
-6.21747e-05
-5.97244e-05
-5.73053e-05
-5.49209e-05
-5.25748e-05
-5.02704e-05
-4.80107e-05
-4.57988e-05
-4.36372e-05
-4.15284e-05
-3.94746e-05
-3.74778e-05
-3.55397e-05
-3.36616e-05
-3.18448e-05
-3.00902e-05
-2.83985e-05
-2.67701e-05
-2.52052e-05
-2.37037e-05
-2.22655e-05
-2.089e-05
-1.95766e-05
-1.83246e-05
-1.71328e-05
-1.60002e-05
-1.49255e-05
-1.39073e-05
-1.29441e-05
-1.20343e-05
-1.11762e-05
-1.03679e-05
-9.60781e-06
-8.89379e-06
-8.22457e-06
-7.59636e-06
-8.87137e-05
-8.59905e-05
-8.32651e-05
-8.05419e-05
-7.78255e-05
-7.51204e-05
-7.24312e-05
-6.97621e-05
-6.71175e-05
-6.45017e-05
-6.19185e-05
-5.93719e-05
-5.68657e-05
-5.44033e-05
-5.1988e-05
-4.9623e-05
-4.7311e-05
-4.50546e-05
-4.28563e-05
-4.0718e-05
-3.86416e-05
-3.66287e-05
-3.46804e-05
-3.27979e-05
-3.09817e-05
-2.92326e-05
-2.75506e-05
-2.59357e-05
-2.43879e-05
-2.29065e-05
-2.14909e-05
-2.01403e-05
-1.88538e-05
-1.763e-05
-1.64678e-05
-1.53656e-05
-1.43218e-05
-1.33349e-05
-1.2403e-05
-1.15244e-05
-1.0697e-05
-9.91909e-06
-9.18839e-06
-8.50354e-06
-7.8606e-06
-9.23626e-05
-8.94603e-05
-8.65606e-05
-8.36681e-05
-8.07875e-05
-7.79235e-05
-7.50808e-05
-7.22638e-05
-6.94768e-05
-6.67243e-05
-6.40102e-05
-6.13384e-05
-5.87127e-05
-5.61366e-05
-5.36132e-05
-5.11456e-05
-4.87365e-05
-4.63885e-05
-4.41038e-05
-4.18842e-05
-3.97314e-05
-3.76469e-05
-3.56316e-05
-3.36865e-05
-3.18121e-05
-3.00086e-05
-2.82761e-05
-2.66143e-05
-2.50229e-05
-2.35012e-05
-2.20483e-05
-2.06632e-05
-1.93447e-05
-1.80914e-05
-1.69018e-05
-1.57743e-05
-1.47072e-05
-1.36985e-05
-1.27465e-05
-1.18492e-05
-1.10044e-05
-1.02102e-05
-9.46432e-06
-8.76518e-06
-9.58971e-05
-9.28154e-05
-8.97413e-05
-8.66798e-05
-8.36356e-05
-8.06137e-05
-7.76187e-05
-7.46552e-05
-7.17278e-05
-6.88406e-05
-6.59979e-05
-6.32034e-05
-6.04609e-05
-5.77737e-05
-5.51452e-05
-5.25781e-05
-5.00752e-05
-4.76387e-05
-4.52708e-05
-4.29733e-05
-4.07475e-05
-3.85947e-05
-3.65158e-05
-3.45115e-05
-3.25819e-05
-3.07273e-05
-2.89474e-05
-2.72418e-05
-2.56098e-05
-2.40507e-05
-2.25632e-05
-2.11462e-05
-1.97983e-05
-1.85179e-05
-1.73033e-05
-1.61527e-05
-1.50642e-05
-1.40358e-05
-1.30655e-05
-1.21512e-05
-1.12907e-05
-1.04818e-05
-9.72218e-06
-9.01007e-06
-9.93127e-05
-9.60515e-05
-9.28034e-05
-8.95734e-05
-8.63666e-05
-8.3188e-05
-8.00423e-05
-7.69343e-05
-7.38684e-05
-7.0849e-05
-6.78801e-05
-6.49656e-05
-6.21092e-05
-5.93141e-05
-5.65836e-05
-5.39203e-05
-5.13269e-05
-4.88054e-05
-4.63578e-05
-4.39857e-05
-4.16904e-05
-3.94728e-05
-3.73337e-05
-3.52734e-05
-3.32921e-05
-3.13896e-05
-2.95654e-05
-2.78191e-05
-2.61495e-05
-2.45558e-05
-2.30365e-05
-2.15903e-05
-2.02155e-05
-1.89103e-05
-1.7673e-05
-1.65015e-05
-1.53937e-05
-1.43475e-05
-1.33608e-05
-1.24312e-05
-1.15565e-05
-1.07345e-05
-9.96258e-06
-9.23882e-06
-0.000102605
-9.91646e-05
-9.57431e-05
-9.23457e-05
-8.89777e-05
-8.56439e-05
-8.23495e-05
-7.90991e-05
-7.58971e-05
-7.2748e-05
-6.96558e-05
-6.66243e-05
-6.36571e-05
-6.07575e-05
-5.79283e-05
-5.51723e-05
-5.24918e-05
-4.98889e-05
-4.73652e-05
-4.49222e-05
-4.25609e-05
-4.0282e-05
-3.80862e-05
-3.59734e-05
-3.39437e-05
-3.19965e-05
-3.01313e-05
-2.83472e-05
-2.66431e-05
-2.50176e-05
-2.34693e-05
-2.19964e-05
-2.05972e-05
-1.92698e-05
-1.8012e-05
-1.68217e-05
-1.56966e-05
-1.46346e-05
-1.36332e-05
-1.26901e-05
-1.18028e-05
-1.0969e-05
-1.01862e-05
-9.45208e-06
-0.00010577
-0.000102151
-9.85573e-05
-9.49938e-05
-9.14662e-05
-8.79793e-05
-8.45383e-05
-8.11479e-05
-7.78126e-05
-7.45367e-05
-7.13243e-05
-6.8179e-05
-6.51044e-05
-6.21036e-05
-5.91794e-05
-5.63343e-05
-5.35704e-05
-5.08897e-05
-4.82937e-05
-4.57834e-05
-4.33598e-05
-4.10233e-05
-3.87743e-05
-3.66125e-05
-3.45377e-05
-3.25493e-05
-3.06462e-05
-2.88275e-05
-2.70917e-05
-2.54374e-05
-2.38627e-05
-2.23658e-05
-2.09447e-05
-1.95973e-05
-1.83212e-05
-1.71142e-05
-1.59739e-05
-1.48979e-05
-1.38835e-05
-1.29285e-05
-1.20301e-05
-1.1186e-05
-1.03936e-05
-9.65043e-06
-0.000108805
-0.000105009
-0.000101243
-9.75154e-05
-9.38301e-05
-9.01923e-05
-8.66072e-05
-8.30796e-05
-7.96139e-05
-7.62144e-05
-7.28851e-05
-6.96295e-05
-6.64511e-05
-6.33528e-05
-6.03372e-05
-5.74068e-05
-5.45635e-05
-5.18088e-05
-4.91442e-05
-4.65705e-05
-4.40882e-05
-4.16978e-05
-3.93992e-05
-3.7192e-05
-3.50756e-05
-3.30491e-05
-3.11114e-05
-2.92611e-05
-2.74967e-05
-2.58163e-05
-2.4218e-05
-2.26996e-05
-2.12591e-05
-1.98939e-05
-1.86018e-05
-1.73802e-05
-1.62265e-05
-1.51382e-05
-1.41127e-05
-1.31473e-05
-1.22393e-05
-1.13863e-05
-1.05855e-05
-9.8345e-06
)
;

boundaryField
{
    down
    {
        type            symmetryPlane;
    }
    right
    {
        type            fixedValue;
        value           nonuniform List<scalar> 0();
    }
    up
    {
        type            symmetryPlane;
    }
    left
    {
        type            zeroGradient;
    }
    cylinder
    {
        type            zeroGradient;
    }
    frontAndBack
    {
        type            empty;
    }
    procBoundary2to1
    {
        type            processor;
        value           nonuniform List<scalar> 
74
(
-0.000246248
-0.000260069
-0.000274325
-0.000289025
-0.00030418
-0.000319799
-0.000335892
-0.000352465
-0.000369526
-0.000387082
-0.000405138
-0.000423696
-0.000442759
-0.000462326
-0.000482393
-0.000502956
-0.000524004
-0.000545525
-0.000567503
0.000151641
0.000151263
0.000150528
0.000149452
0.000148051
0.000146337
0.000144324
0.00014202
0.000139434
0.000136574
0.000133446
0.000130056
0.000126409
0.000122509
0.00011836
0.000113963
0.000109323
0.000104442
9.93205e-05
9.3961e-05
8.83648e-05
8.25329e-05
7.64665e-05
7.01664e-05
6.36335e-05
5.68685e-05
4.98721e-05
4.26452e-05
3.51886e-05
2.7503e-05
1.95894e-05
1.14489e-05
3.08259e-06
-5.50824e-06
-1.43221e-05
-2.33574e-05
-3.26124e-05
-4.20849e-05
-5.17728e-05
-6.16735e-05
-7.17844e-05
-8.21025e-05
-9.26244e-05
-0.000103347
-0.000114265
-0.000125376
-0.000136674
-0.000148154
-0.000159812
-0.00017164
-0.000183634
-0.000195787
-0.000208092
-0.00022054
-0.000233126
)
;
    }
    procBoundary2to3
    {
        type            processor;
        value           nonuniform List<scalar> 
76
(
-9.30001e-06
-9.46267e-06
-9.61511e-06
-9.7573e-06
-9.88929e-06
-1.00111e-05
-1.01227e-05
-1.02243e-05
-1.03159e-05
-1.03976e-05
-1.04696e-05
-1.0532e-05
-1.0585e-05
-1.06288e-05
-1.06635e-05
-1.06895e-05
-1.07069e-05
-1.0716e-05
-1.07173e-05
-1.07113e-05
1.57673e-05
1.56923e-05
1.55469e-05
1.53361e-05
1.50646e-05
1.47373e-05
1.43589e-05
1.39343e-05
1.34678e-05
1.29641e-05
1.24274e-05
1.1862e-05
1.12717e-05
1.06606e-05
1.0032e-05
9.38969e-06
8.73674e-06
8.07626e-06
7.41114e-06
6.74405e-06
6.0775e-06
5.41377e-06
4.755e-06
4.10311e-06
3.45987e-06
2.82687e-06
2.20553e-06
1.59712e-06
1.00276e-06
4.23421e-07
-1.40075e-07
-6.87023e-07
-1.21684e-06
-1.72907e-06
-2.22336e-06
-2.69945e-06
-3.15719e-06
-3.5965e-06
-4.0174e-06
-4.41998e-06
-4.80437e-06
-5.1708e-06
-5.51955e-06
-5.85092e-06
-6.16529e-06
-6.46303e-06
-6.74454e-06
-7.01034e-06
-7.26103e-06
-8.1091e-06
-8.1091e-06
-8.34213e-06
-8.56022e-06
-8.76403e-06
-8.95394e-06
-9.13074e-06
)
;
    }
    procBoundary2to6
    {
        type            processor;
        value           nonuniform List<scalar> 
71
(
-0.000136904
-0.000129698
-0.000122789
-0.000116175
-0.000109853
-0.000103817
-9.80629e-05
-9.25836e-05
-8.73726e-05
-8.24228e-05
-7.77265e-05
-7.32755e-05
-6.90616e-05
-6.5076e-05
-6.13099e-05
-5.77543e-05
-5.44003e-05
-5.12387e-05
-4.82606e-05
-4.54571e-05
-4.28193e-05
-4.03387e-05
-3.80068e-05
-3.58154e-05
-3.37566e-05
-3.18227e-05
-3.00062e-05
-2.83e-05
-2.66972e-05
-2.51912e-05
-2.37758e-05
-2.24449e-05
-2.1193e-05
-2.00147e-05
-1.89051e-05
-1.78594e-05
-1.68732e-05
-1.59426e-05
-1.50636e-05
-1.4233e-05
-1.34473e-05
-1.27035e-05
-1.19991e-05
-1.13314e-05
-0.000564228
-0.0005389
-0.000514033
-0.000489716
-0.000466022
-0.000443014
-0.000420742
-0.000399244
-0.000378549
-0.000358676
-0.000339636
-0.000321432
-0.000304063
-0.000287519
-0.000287519
-0.000274126
-0.000258607
-0.000243934
-0.000230073
-0.000216998
-0.000204675
-0.000193072
-0.000182154
-0.00017189
-0.000162245
-0.000153186
-0.000144683
)
;
    }
}


// ************************************************************************* //
