/*--------------------------------*- C++ -*----------------------------------*\
| =========                 |                                                 |
| \\      /  F ield         | OpenFOAM: The Open Source CFD Toolbox           |
|  \\    /   O peration     | Version:  2412                                  |
|   \\  /    A nd           | Website:  www.openfoam.com                      |
|    \\/     M anipulation  |                                                 |
\*---------------------------------------------------------------------------*/
FoamFile
{
    version     2.0;
    format      ascii;
    arch        "LSB;label=32;scalar=64";
    class       volScalarField;
    location    "26.5";
    object      p;
}
// * * * * * * * * * * * * * * * * * * * * * * * * * * * * * * * * * * * * * //

dimensions      [0 2 -2 0 0 0 0];

internalField   nonuniform List<scalar> 
5285
(
-0.000280857
-0.000295345
-0.000308785
-0.00032129
-0.000332845
-0.000343422
-0.000353017
-0.000361634
-0.000369277
-0.000375956
-0.000381683
-0.000386475
-0.000390352
-0.000393336
-0.000395453
-0.000396732
-0.000397201
-0.000396895
-0.000395847
-0.000394093
-0.000391669
-0.000388612
-0.00038496
-0.000380751
-0.000301855
-0.000316908
-0.000330696
-0.000343526
-0.000355362
-0.000366156
-0.000375902
-0.000384609
-0.000392282
-0.000398933
-0.000404575
-0.000409228
-0.000412914
-0.000415658
-0.000417488
-0.000418436
-0.000418534
-0.000417819
-0.000416328
-0.000414099
-0.000411173
-0.000407589
-0.000403388
-0.000398612
-0.000324002
-0.000339655
-0.000353794
-0.000366958
-0.000379085
-0.000390097
-0.000399993
-0.000408782
-0.000416475
-0.000423082
-0.00042862
-0.000433111
-0.000436579
-0.000439053
-0.000440564
-0.000441146
-0.000440836
-0.000439674
-0.000437699
-0.000434954
-0.000431483
-0.000427328
-0.000422535
-0.000417147
-0.00034737
-0.000363659
-0.000378162
-0.000391671
-0.000404095
-0.00041533
-0.000425371
-0.000434236
-0.000441934
-0.00044848
-0.000453892
-0.000458195
-0.000461416
-0.000463587
-0.000464742
-0.000464921
-0.000464163
-0.00046251
-0.000460007
-0.000456701
-0.000452638
-0.000447866
-0.000442432
-0.000436385
-0.000372046
-0.000389011
-0.00040389
-0.000417754
-0.000430485
-0.000441943
-0.000452125
-0.000461055
-0.000468743
-0.000475208
-0.000480469
-0.000484554
-0.000487496
-0.000489327
-0.000490089
-0.000489821
-0.00048857
-0.00048638
-0.000483302
-0.000479384
-0.000474679
-0.000469238
-0.000463112
-0.000456355
-0.000398126
-0.00041581
-0.000431078
-0.000445308
-0.000458353
-0.000470034
-0.000480352
-0.000489333
-0.000496995
-0.000503354
-0.000508436
-0.000512272
-0.000514897
-0.000516349
-0.000516672
-0.000515912
-0.000514118
-0.000511341
-0.000507634
-0.000503052
-0.000497651
-0.000491485
-0.000484612
-0.000477087
-0.000425719
-0.000444165
-0.000459834
-0.000474442
-0.000487806
-0.00049971
-0.000510155
-0.000519174
-0.000526787
-0.000533015
-0.000537887
-0.000541436
-0.000543703
-0.000544731
-0.000544568
-0.000543264
-0.000540874
-0.000537454
-0.000533061
-0.000527755
-0.000521597
-0.000514648
-0.000506967
-0.000498615
-0.00045494
-0.000474195
-0.000490277
-0.000505272
-0.000518963
-0.000531087
-0.000541648
-0.000550687
-0.000558228
-0.000564294
-0.000568918
-0.00057214
-0.000574004
-0.000574558
-0.000573855
-0.000571951
-0.000568906
-0.000564781
-0.00055964
-0.000553547
-0.000546568
-0.000538769
-0.000530215
-0.000520972
-0.000485918
-0.000506031
-0.000522538
-0.000537929
-0.000551951
-0.000564291
-0.000574954
-0.000583992
-0.000591433
-0.000597302
-0.000601639
-0.000604487
-0.000605896
-0.00060592
-0.000604618
-0.000602053
-0.000598288
-0.000593392
-0.000587433
-0.000580483
-0.000572613
-0.000563894
-0.000554397
-0.000544193
-0.000518793
-0.000539818
-0.000556758
-0.000572555
-0.00058691
-0.000599459
-0.000610208
-0.00061922
-0.000626527
-0.00063216
-0.000636163
-0.000638585
-0.000639482
-0.000638916
-0.00063695
-0.000633653
-0.000629098
-0.000623357
-0.000616507
-0.000608624
-0.000599787
-0.000590071
-0.000579555
-0.000568313
-0.000553721
-0.000575712
-0.000593096
-0.000609304
-0.000623994
-0.000636741
-0.000647556
-0.000656512
-0.000663648
-0.000668999
-0.000672615
-0.000674552
-0.000674874
-0.000673648
-0.000670946
-0.000666843
-0.000661419
-0.000654753
-0.00064693
-0.000638032
-0.000628144
-0.00061735
-0.000605731
-0.000593371
-0.000590871
-0.00061389
-0.000631723
-0.000648348
-0.00066337
-0.000676301
-0.000687156
-0.000696021
-0.00070294
-0.000707958
-0.000711128
-0.000712515
-0.000712191
-0.000710229
-0.000706711
-0.000701718
-0.000695339
-0.000687662
-0.000678776
-0.000668773
-0.000657744
-0.000645781
-0.000632971
-0.000619405
-0.000630434
-0.000654542
-0.00067283
-0.000689873
-0.000705222
-0.000718319
-0.000729183
-0.000737914
-0.000744567
-0.00074919
-0.000751847
-0.00075261
-0.000751559
-0.000748778
-0.000744354
-0.000738381
-0.000730953
-0.000722167
-0.000712122
-0.000700916
-0.000688649
-0.00067542
-0.000661323
-0.000646455
-0.000672619
-0.000697883
-0.000716627
-0.000734085
-0.000749751
-0.000762989
-0.000773824
-0.000782373
-0.000788699
-0.00079286
-0.000794927
-0.000794983
-0.000793116
-0.000789421
-0.000783995
-0.00077694
-0.000768359
-0.00075836
-0.000747049
-0.000734534
-0.000720923
-0.000706322
-0.000690834
-0.000674563
-0.000717659
-0.00074415
-0.000763345
-0.000781212
-0.000797179
-0.000810528
-0.000821287
-0.000829596
-0.000835526
-0.000839146
-0.000840536
-0.000839791
-0.000837009
-0.000832295
-0.000825758
-0.000817509
-0.000807662
-0.000796335
-0.000783643
-0.000769703
-0.000754633
-0.000738546
-0.000721555
-0.00070377
-0.000765816
-0.000793605
-0.000813243
-0.000831505
-0.000847752
-0.000861171
-0.0008718
-0.000879798
-0.000885254
-0.000888242
-0.000888857
-0.000887205
-0.000883397
-0.000877549
-0.000869779
-0.000860212
-0.000848975
-0.000836193
-0.000821994
-0.000806504
-0.00078985
-0.000772154
-0.000753538
-0.000734121
-0.000817379
-0.000846539
-0.000866603
-0.000885238
-0.000901733
-0.000915171
-0.000925601
-0.00093321
-0.000938096
-0.000940351
-0.00094008
-0.000937403
-0.000932444
-0.000925332
-0.000916202
-0.000905182
-0.000892416
-0.000878043
-0.000862199
-0.000845022
-0.000826648
-0.000807211
-0.000786839
-0.000765662
-0.000872666
-0.00090327
-0.000923732
-0.000942707
-0.000959406
-0.0009728
-0.000982951
-0.000990072
-0.000994283
-0.000995685
-0.000994401
-0.000990565
-0.000984317
-0.0009758
-0.000965161
-0.000952547
-0.000938104
-0.000921989
-0.000904352
-0.00088534
-0.0008651
-0.000843777
-0.000821508
-0.000798434
-0.00102912
-0.00101681
-0.00100244
-0.000986156
-0.000968137
-0.000948544
-0.000927537
-0.000905273
-0.000881909
-0.000857593
-0.000832474
-0.00016201
-0.000180953
-0.000199255
-0.000216892
-0.000233842
-0.000250084
-0.000265586
-0.000177595
-0.000197286
-0.000216331
-0.000234702
-0.000252378
-0.000269321
-0.00028548
-0.000193954
-0.00021445
-0.000234291
-0.000253447
-0.000271896
-0.000289584
-0.000306436
-0.000211137
-0.000232487
-0.000253175
-0.000273167
-0.000292443
-0.00031093
-0.000328526
-0.000229199
-0.000251458
-0.000273046
-0.000293931
-0.000314089
-0.000333432
-0.000351822
-0.0002482
-0.000271427
-0.000293978
-0.000315815
-0.000336917
-0.000357176
-0.000376415
-0.000268206
-0.000292468
-0.000316046
-0.000338901
-0.000361014
-0.000382254
-0.000402402
-0.000289289
-0.000314656
-0.000339333
-0.000363279
-0.000386474
-0.000408768
-0.000429889
-0.000311529
-0.000338078
-0.000363932
-0.000389046
-0.000413403
-0.000436829
-0.000458994
-0.000335011
-0.000362827
-0.000389942
-0.00041631
-0.000441915
-0.000466558
-0.000489843
-0.000359829
-0.000389004
-0.000417473
-0.000445188
-0.000472136
-0.000498091
-0.00052258
-0.000386089
-0.000416723
-0.000446647
-0.000475811
-0.000504204
-0.000531575
-0.000557359
-0.000413904
-0.000446107
-0.000477597
-0.000508322
-0.000538274
-0.000567175
-0.000594352
-0.0004434
-0.000477293
-0.000510471
-0.000542879
-0.000574516
-0.000605071
-0.000633752
-0.000474717
-0.000510433
-0.000545433
-0.000579659
-0.000613117
-0.000645467
-0.000675771
-0.000508009
-0.000545694
-0.000582665
-0.000618859
-0.00065429
-0.000688588
-0.000720649
-0.00054345
-0.000583266
-0.00062237
-0.000660698
-0.00069827
-0.000734687
-0.00076865
-0.000581229
-0.000623355
-0.000664773
-0.000705416
-0.000745313
-0.000784038
-0.000820069
-0.000621554
-0.000666187
-0.000710117
-0.000753275
-0.000795706
-0.000836952
-0.000875236
-0.000664653
-0.000712016
-1.4647e-05
-3.69986e-05
-5.89579e-05
-8.05334e-05
-0.000101679
-0.000122337
-0.00014246
-2.49062e-05
-4.80687e-05
-7.07529e-05
-9.30793e-05
-0.000114989
-0.000136409
-0.00015729
-3.56288e-05
-5.96449e-05
-8.30687e-05
-0.000106185
-0.000128911
-0.000151145
-0.000172839
-4.68358e-05
-7.18047e-05
-9.59939e-05
-0.00011993
-0.000143512
-0.000166609
-0.000189164
-5.85154e-05
-8.44022e-05
-0.000109541
-0.000134359
-0.000158834
-0.000182842
-0.000206313
-7.07569e-05
-9.77201e-05
-0.000123699
-0.00014948
-0.000174919
-0.000199898
-0.000224341
-8.35431e-05
-0.000111629
-0.000138556
-0.000165314
-0.000191809
-0.000217829
-0.000243309
-9.69147e-05
-0.000126201
-0.000154147
-0.000181969
-0.000209571
-0.000236695
-0.000263283
-0.000110915
-0.000141493
-0.000170524
-0.000199485
-0.000228269
-0.000256566
-0.000284338
-0.000125579
-0.000157549
-0.000187737
-0.000217908
-0.000247958
-0.000277515
-0.000306553
-0.000140945
-0.000174415
-0.000205841
-0.000237295
-0.000268648
-0.000299611
-0.000330013
-0.000157056
-0.000192147
-0.000224902
-0.000257742
-0.000290555
-0.000322958
-0.000354814
-0.000173957
-0.000210801
-0.000244985
-0.000279312
-0.000313679
-0.000347639
-0.000381059
-0.000191695
-0.000230441
-0.000266162
-0.000302087
-0.000338122
-0.000373762
-0.000408867
-0.000210324
-0.000251132
-0.000288514
-0.000326158
-0.000363992
-0.000401443
-0.000438364
-0.000229899
-0.000272952
-0.000312129
-0.000351628
-0.000391403
-0.000430811
-0.000469691
-0.000250479
-0.000295981
-0.000337104
-0.000378609
-0.000420483
-0.000462008
-0.000503006
-0.000272125
-0.0003203
-0.000363541
-0.00040722
-0.000451369
-0.000495187
-0.000538483
-0.000294903
-0.000346004
-0.000391548
-0.000437588
-0.000484208
-0.000530517
-0.000576304
-0.000568186
-0.000616684
0.00065325
0.000641682
0.000629586
0.00061695
0.000603766
0.000590024
0.000575717
0.000560839
0.000545384
0.000529351
0.000512738
0.000495547
0.000477781
0.000459447
0.000440552
0.000421107
0.000401128
0.000380631
0.000359636
0.000338167
0.00031625
0.000293916
0.000271197
0.000248131
0.000224756
0.000201116
0.000177258
0.000153229
0.000129081
0.000104869
8.0648e-05
5.64752e-05
3.2416e-05
8.55446e-06
0.000664359
0.000652712
0.000640511
0.000627745
0.000614402
0.000600473
0.000585947
0.000570817
0.000555078
0.000538725
0.000521756
0.000504171
0.000485973
0.000467167
0.00044776
0.000427763
0.000407191
0.000386059
0.00036439
0.000342205
0.000319534
0.000296407
0.000272859
0.000248928
0.000224656
0.000200089
0.000175276
0.000150269
0.000125122
9.98941e-05
7.46453e-05
4.94365e-05
2.43442e-05
-5.32184e-07
0.000675969
0.000664252
0.000651958
0.00063907
0.000625577
0.000611466
0.000596727
0.000581349
0.000565327
0.000548653
0.000531325
0.000513341
0.000494703
0.000475414
0.000455481
0.000434915
0.000413729
0.000391939
0.000369567
0.000346637
0.000323177
0.000299219
0.0002748
0.000249959
0.000224741
0.000199195
0.000173372
0.000147327
0.00012112
9.48128e-05
6.84701e-05
4.21564e-05
1.59595e-05
-1.00028e-05
0.000688099
0.000676327
0.00066395
0.000650952
0.000637318
0.000623034
0.000608087
0.000592467
0.000576164
0.00055917
0.000541481
0.000523094
0.000504007
0.000484225
0.000463753
0.000442601
0.00042078
0.000398309
0.000375207
0.000351498
0.000327213
0.000302384
0.00027705
0.000251251
0.000225035
0.000198454
0.000171561
0.000144417
0.000117084
8.96287e-05
6.21211e-05
3.46293e-05
7.25364e-06
-1.98681e-05
0.000700773
0.00068896
0.000676514
0.000663418
0.000649654
0.000635207
0.000620061
0.000604204
0.000587625
0.000570313
0.000552262
0.000533467
0.000513927
0.000493643
0.000472618
0.000450862
0.000428387
0.000405209
0.000381347
0.000356828
0.00033168
0.000305938
0.000279642
0.000252834
0.000225566
0.000197889
0.000169864
0.000141552
0.000113023
8.43462e-05
5.55973e-05
2.6849e-05
-1.78498e-06
-3.01439e-05
0.000714013
0.000702175
0.000689676
0.000676496
0.000662615
0.000648016
0.000632682
0.000616596
0.000599746
0.00058212
0.000563708
0.000544504
0.000524505
0.000503709
0.00048212
0.000459744
0.000436594
0.000412683
0.000388033
0.000362668
0.000336619
0.00030992
0.000282613
0.000254743
0.000226362
0.000197527
0.000168301
0.000138751
0.000108948
7.89709e-05
4.88982e-05
1.88081e-05
-1.11711e-05
-4.08552e-05
0.000727844
0.000715999
0.000703464
0.000690216
0.000676233
0.000661497
0.000645985
0.000629681
0.000612568
0.000594632
0.000575862
0.000556249
0.000535786
0.000514471
0.000492305
0.000469294
0.000445448
0.00042078
0.000395311
0.000369066
0.000342074
0.000314372
0.000286003
0.000257013
0.000227458
0.000197398
0.000166898
0.000136031
0.000104874
7.351e-05
4.20243e-05
1.05002e-05
-2.09176e-05
-5.20187e-05
0.000742289
0.000730457
0.000717905
0.000704608
0.000690541
0.000675682
0.000660008
0.000643497
0.000626131
0.000607894
0.00058877
0.000568747
0.000547818
0.000525978
0.000503226
0.000479564
0.000455002
0.000429553
0.000403234
0.000376072
0.000348096
0.000319343
0.000289856
0.000259687
0.000228892
0.000197533
0.000165683
0.000133416
0.000100816
6.79725e-05
3.49772e-05
1.91953e-06
-3.10384e-05
-6.36575e-05
0.000757371
0.000745575
0.000733029
0.000719703
0.000705572
0.000690609
0.000674788
0.000658086
0.00064048
0.00062195
0.000602478
0.000582051
0.000560656
0.000538285
0.000514937
0.000490611
0.000465313
0.000439057
0.000411858
0.000383741
0.000354737
0.000324883
0.000294224
0.000262811
0.000230704
0.000197971
0.000164686
0.00013093
9.67926e-05
6.2369e-05
2.77594e-05
-6.94042e-06
-4.15496e-05
-7.57989e-05
0.000773117
0.000761382
0.000748865
0.000735534
0.000721361
0.000706315
0.000690368
0.000673491
0.000655659
0.000636849
0.000617039
0.000596212
0.000574352
0.00055145
0.000527497
0.000502494
0.000476443
0.000449354
0.000421245
0.000392136
0.000362059
0.000331052
0.000299159
0.000266436
0.000232943
0.000198753
0.000163944
0.000128603
9.28245e-05
5.67126e-05
2.03749e-05
-1.60854e-05
-5.24672e-05
-8.84696e-05
0.000789551
0.000777904
0.000765443
0.000752134
0.000737944
0.00072284
0.000706787
0.000689757
0.000671717
0.000652643
0.000632507
0.000611288
0.000588968
0.000565532
0.000540971
0.000515279
0.000488457
0.000460513
0.000431461
0.000401322
0.000370126
0.000337911
0.000304723
0.000270618
0.000235661
0.000199926
0.000163497
0.000126467
8.8937e-05
5.10191e-05
1.28295e-05
-2.55202e-05
-6.38073e-05
-0.000101697
0.000806698
0.000795169
0.000782795
0.000769537
0.000755358
0.000740222
0.000724091
0.00070693
0.000688705
0.000669384
0.000648938
0.000627339
0.000604566
0.0005806
0.000555426
0.000529036
0.000501428
0.000472606
0.000442581
0.000411373
0.000379012
0.000345533
0.000310984
0.000275423
0.000238917
0.000201543
0.000163391
0.00012456
8.51591e-05
4.53074e-05
5.13126e-06
-3.52487e-05
-7.55861e-05
-0.00011551
0.000824582
0.000813205
0.00080095
0.000787776
0.000773642
0.000758505
0.000742325
0.000725061
0.000706675
0.00068713
0.000666392
0.000644429
0.000621214
0.000596722
0.000570936
0.000543842
0.000515433
0.000485711
0.000454684
0.000422369
0.000388793
0.000353993
0.000318016
0.00028092
0.000242775
0.000203664
0.000163679
0.000122927
8.15245e-05
3.96001e-05
-2.70931e-06
-4.52733e-05
-8.78201e-05
-0.000129941
0.000843227
0.000832039
0.000819941
0.000806887
0.000792832
0.00077773
0.000761534
0.000744199
0.000725682
0.00070594
0.000684934
0.000662626
0.000638982
0.000613975
0.000587579
0.000559777
0.000530557
0.000499916
0.000467858
0.000434398
0.00039956
0.000363378
0.000325901
0.000287188
0.000247311
0.000206355
0.00016442
0.000121617
7.80721e-05
3.39243e-05
-1.06786e-05
-5.55949e-05
-0.000100526
-0.000145022
0.000862659
0.000851699
0.000839798
0.000826904
0.000812968
0.000797939
0.000781766
0.000764397
0.000745783
0.000725876
0.000704629
0.000681999
0.000657947
0.000632438
0.00060544
0.00057693
0.000546891
0.000515313
0.000482198
0.000447555
0.000411405
0.000373782
0.000334732
0.000294315
0.000252606
0.000209692
0.000165679
0.000120686
7.48466e-05
2.83113e-05
-1.876e-05
-6.6213e-05
-0.000113719
-0.000160787
0.000882899
0.000872212
0.000860551
0.000847862
0.00083409
0.000819178
0.00080307
0.000785708
0.000767036
0.000747
0.000725546
0.000702625
0.000678189
0.000652195
0.000624608
0.000595394
0.000564531
0.000532004
0.000497807
0.000461945
0.000424435
0.000385309
0.00034461
0.000302399
0.000258752
0.00021376
0.000167533
0.000120199
7.18996e-05
2.27978e-05
-2.69331e-05
-7.71252e-05
-0.000127418
-0.000177275
0.000903971
0.000893603
0.000882231
0.000869796
0.000856237
0.000841491
0.000825496
0.000808187
0.000789503
0.000769381
0.00074776
0.000724582
0.000699792
0.00067334
0.000645179
0.000615272
0.000583586
0.000550099
0.000514798
0.000477684
0.000438767
0.000398075
0.00035565
0.000311551
0.000265855
0.000218656
0.000170071
0.000120232
6.9294e-05
1.74307e-05
-3.51694e-05
-8.8323e-05
-0.000141635
-0.000194522
0.000925894
0.000915898
0.000904869
0.000892741
0.000879449
0.000864924
0.000849096
0.000831894
0.000813249
0.00079309
0.000771348
0.000747955
0.000722849
0.000695969
0.000667261
0.000636675
0.000604172
0.00056972
0.000533299
0.000494901
0.000454531
0.000412211
0.000367981
0.000321896
0.000274034
0.000224493
0.000173393
0.000120875
6.71037e-05
1.22665e-05
-4.34322e-05
-9.97921e-05
-0.00015638
-0.000212565
0.000404756
0.000400022
0.000395268
0.000390494
0.000385703
0.000380895
0.000376072
0.000371234
0.000366384
0.000361523
0.000356651
0.000351772
0.000346885
0.000341993
0.000337097
0.000332198
0.000327298
0.000322399
0.000317502
0.000312608
0.00030772
0.000302838
0.000297964
0.0002931
0.000288248
0.000283408
0.000278582
0.000273772
0.00026898
0.000264206
0.000259453
0.000254722
0.000250014
0.000245331
0.000404911
0.000400169
0.000395405
0.000390622
0.000385821
0.000381003
0.000376169
0.000371321
0.00036646
0.000361588
0.000356706
0.000351815
0.000346918
0.000342014
0.000337107
0.000332197
0.000327286
0.000322375
0.000317467
0.000312561
0.000307661
0.000302768
0.000297883
0.000293007
0.000288143
0.000283291
0.000278454
0.000273633
0.000268829
0.000264045
0.00025928
0.000254538
0.000249819
0.000245125
0.000405216
0.000400455
0.000395672
0.00039087
0.00038605
0.000381212
0.000376359
0.00037149
0.000366609
0.000361716
0.000356813
0.000351901
0.000346982
0.000342057
0.000337128
0.000332196
0.000327262
0.000322329
0.000317398
0.000312471
0.000307548
0.000302632
0.000297724
0.000292826
0.000287939
0.000283065
0.000278206
0.000273362
0.000268536
0.00026373
0.000258944
0.00025418
0.00024944
0.000244725
0.000405662
0.000400875
0.000396065
0.000391235
0.000386387
0.00038152
0.000376637
0.00037174
0.000366828
0.000361905
0.000356971
0.000352028
0.000347077
0.00034212
0.000337159
0.000332194
0.000327229
0.000322263
0.000317299
0.000312338
0.000307383
0.000302433
0.000297492
0.000292561
0.000287641
0.000282735
0.000277842
0.000272966
0.000268108
0.000263269
0.000258451
0.000253656
0.000248885
0.000244139
0.000406246
0.000401424
0.000396578
0.000391712
0.000386827
0.000381924
0.000377003
0.000372066
0.000367116
0.000362153
0.000357178
0.000352195
0.000347203
0.000342204
0.000337201
0.000332195
0.000327186
0.000322178
0.000317171
0.000312168
0.000307169
0.000302176
0.000297192
0.000292218
0.000287255
0.000282305
0.00027737
0.000272451
0.000267551
0.00026267
0.00025781
0.000252973
0.000248161
0.000243375
0.000406963
0.000402098
0.00039721
0.0003923
0.00038737
0.00038242
0.000377453
0.000372469
0.000367471
0.000362459
0.000357435
0.000352402
0.00034736
0.00034231
0.000337256
0.000332198
0.000327137
0.000322077
0.000317017
0.000311961
0.000306909
0.000301864
0.000296827
0.000291799
0.000286783
0.000281781
0.000276793
0.000271822
0.000266869
0.000261937
0.000257026
0.000252139
0.000247276
0.000242441
0.000407811
0.000402896
0.000397957
0.000392995
0.000388012
0.000383009
0.000377987
0.000372947
0.000367893
0.000362824
0.000357742
0.00035265
0.000347548
0.000342439
0.000337324
0.000332205
0.000327084
0.000321961
0.00031684
0.000311721
0.000306607
0.000301499
0.000296399
0.000291309
0.000286231
0.000281166
0.000276116
0.000271083
0.000266069
0.000261076
0.000256105
0.000251157
0.000246236
0.000241341
0.000408787
0.000403815
0.000398818
0.000393797
0.000388754
0.000383689
0.000378604
0.000373501
0.000368382
0.000363247
0.000358099
0.00035294
0.00034777
0.000342592
0.000337408
0.000332219
0.000327027
0.000321833
0.000316641
0.000311451
0.000306265
0.000301085
0.000295913
0.000290751
0.000285601
0.000280464
0.000275343
0.000270239
0.000265154
0.000260091
0.00025505
0.000250034
0.000245044
0.000240082
0.00040989
0.000404855
0.000399793
0.000394706
0.000389594
0.000384461
0.000379305
0.000374131
0.000368939
0.000363731
0.000358508
0.000353273
0.000348027
0.000342771
0.000337509
0.000332241
0.000326969
0.000321696
0.000316423
0.000311152
0.000305885
0.000300624
0.000295371
0.000290128
0.000284897
0.000279679
0.000274477
0.000269293
0.000264129
0.000258986
0.000253866
0.000248772
0.000243705
0.000238668
0.000411121
0.000406016
0.000400882
0.000395721
0.000390535
0.000385324
0.000380091
0.000374838
0.000369565
0.000364275
0.00035897
0.00035365
0.000348319
0.000342978
0.000337629
0.000332273
0.000326913
0.000321551
0.000316189
0.000310828
0.000305471
0.00030012
0.000294777
0.000289443
0.000284121
0.000278814
0.000273522
0.000268248
0.000262995
0.000257764
0.000252557
0.000247376
0.000242223
0.000237101
0.000412479
0.000407297
0.000402084
0.000396843
0.000391575
0.000386281
0.000380963
0.000375623
0.000370262
0.000364882
0.000359486
0.000354075
0.00034865
0.000343215
0.00033777
0.000332318
0.000326862
0.000321402
0.000315941
0.000310482
0.000305026
0.000299575
0.000294132
0.000288699
0.000283278
0.000277871
0.00027248
0.000267108
0.000261757
0.000256428
0.000251125
0.000245848
0.000240601
0.000235385
0.000413964
0.000408699
0.000403402
0.000398074
0.000392717
0.000387332
0.000381922
0.000376488
0.000371031
0.000365554
0.000360059
0.000354548
0.000349022
0.000343484
0.000337935
0.000332379
0.000326816
0.00032125
0.000315682
0.000310115
0.000304551
0.000298992
0.00029344
0.000287898
0.000282369
0.000276853
0.000271355
0.000265875
0.000260416
0.000254981
0.000249572
0.000244191
0.000238841
0.000233523
0.000415578
0.000410224
0.000404836
0.000399414
0.000393962
0.00038848
0.000382971
0.000377435
0.000371875
0.000366293
0.000360692
0.000355072
0.000349437
0.000343788
0.000338127
0.000332457
0.00032678
0.000321099
0.000315415
0.000309731
0.00030405
0.000298373
0.000292704
0.000287044
0.000281397
0.000275764
0.000270147
0.000264551
0.000258976
0.000253426
0.000247902
0.000242408
0.000236945
0.000231516
0.000417322
0.000411874
0.000406388
0.000400867
0.000395313
0.000389727
0.000384111
0.000378467
0.000372797
0.000367103
0.000361387
0.000355651
0.000349898
0.00034413
0.000338348
0.000332557
0.000326757
0.000320951
0.000315143
0.000309333
0.000303526
0.000297722
0.000291926
0.000286139
0.000280364
0.000274604
0.000268861
0.000263139
0.000257438
0.000251763
0.000246116
0.000240499
0.000234915
0.000229367
0.000419199
0.00041365
0.000408062
0.000402435
0.000396773
0.000391076
0.000385346
0.000379587
0.000373799
0.000367985
0.000362147
0.000356287
0.000350408
0.000344513
0.000338602
0.00033268
0.000326749
0.00032081
0.000314868
0.000308924
0.000302981
0.000297041
0.000291109
0.000285185
0.000279274
0.000273377
0.000267499
0.00026164
0.000255805
0.000249996
0.000244216
0.000238467
0.000232753
0.000227076
0.000421211
0.000415556
0.000409858
0.00040412
0.000398343
0.000392529
0.000386679
0.000380797
0.000374884
0.000368943
0.000362975
0.000356984
0.000350971
0.00034494
0.000338892
0.000332831
0.000326759
0.000320679
0.000314594
0.000308506
0.000302418
0.000296333
0.000290255
0.000284185
0.000278128
0.000272086
0.000266061
0.000260058
0.000254078
0.000248126
0.000242203
0.000236313
0.000230459
0.000224644
0.00042336
0.000417594
0.000411781
0.000405925
0.000400028
0.00039409
0.000388114
0.000382102
0.000376057
0.000369981
0.000363876
0.000357745
0.00035159
0.000345415
0.000339222
0.000333013
0.000326792
0.000320561
0.000314323
0.000308082
0.00030184
0.000295601
0.000289367
0.000283142
0.000276929
0.000270731
0.000264551
0.000258393
0.000252259
0.000246153
0.000240078
0.000234038
0.000228035
0.000222072
0.000425649
0.000419766
0.000413834
0.000407855
0.00040183
0.000395762
0.000389653
0.000383505
0.00037732
0.000371102
0.000364852
0.000358574
0.00035227
0.000345942
0.000339594
0.000333229
0.00032685
0.000320459
0.00031406
0.000307656
0.000301251
0.000294847
0.000288448
0.000282058
0.000275679
0.000269315
0.00026297
0.000256647
0.000250349
0.00024408
0.000237844
0.000231643
0.000225481
0.000219361
0.000428082
0.000422078
0.00041602
0.000409911
0.000403754
0.00039755
0.000391301
0.00038501
0.000378679
0.000372311
0.000365909
0.000359475
0.000353013
0.000346525
0.000340014
0.000333484
0.000326937
0.000320377
0.000313808
0.000307232
0.000300653
0.000294075
0.000287502
0.000280936
0.000274381
0.000267842
0.000261321
0.000254823
0.000248351
0.000241908
0.000235499
0.000229128
0.000222797
0.000216511
0.000430662
0.000424531
0.000418342
0.000412099
0.000405803
0.000399457
0.000393062
0.000386621
0.000380136
0.000373612
0.00036705
0.000360453
0.000353824
0.000347167
0.000340485
0.00033378
0.000327057
0.000320319
0.00031357
0.000306812
0.00030005
0.000293288
0.000286529
0.000279778
0.000273037
0.000266311
0.000259605
0.000252921
0.000246264
0.000239638
0.000233047
0.000226494
0.000219985
0.000213522
0.000433392
0.00042713
0.000420806
0.000414422
0.000407982
0.000401487
0.00039494
0.000388342
0.000381698
0.000375009
0.000368279
0.000361511
0.000354708
0.000347874
0.000341011
0.000334124
0.000327215
0.000320289
0.00031335
0.000306401
0.000299446
0.000292489
0.000285535
0.000278587
0.00027165
0.000264727
0.000257824
0.000250944
0.000244092
0.000237271
0.000230487
0.000223743
0.000217044
0.000210393
0.000436277
0.000429879
0.000423414
0.000416885
0.000410296
0.000403646
0.00039694
0.000390179
0.000383367
0.000376507
0.000369602
0.000362655
0.00035567
0.000348649
0.000341597
0.000334518
0.000327414
0.000320291
0.000313152
0.000306001
0.000298843
0.000291682
0.000284521
0.000277366
0.000270222
0.000263092
0.000255981
0.000248893
0.000241834
0.000234808
0.00022782
0.000220873
0.000213974
0.000207125
0.00043932
0.000432781
0.000426171
0.000419492
0.000412747
0.000405938
0.000399066
0.000392136
0.00038515
0.000378111
0.000371023
0.00036389
0.000356713
0.000349498
0.000342248
0.000334967
0.00032766
0.000320329
0.000312981
0.000305618
0.000298246
0.000290869
0.000283491
0.000276119
0.000268755
0.000261406
0.000254076
0.00024677
0.000239494
0.000232251
0.000225047
0.000217886
0.000210775
0.000203717
0.000442525
0.000435842
0.000429082
0.000422248
0.000415342
0.000408367
0.000401324
0.000394218
0.000387051
0.000379827
0.000372548
0.000365219
0.000357844
0.000350426
0.000342969
0.000335477
0.000327956
0.000320408
0.00031284
0.000305255
0.000297658
0.000290054
0.000282449
0.000274847
0.000267254
0.000259674
0.000252114
0.000244577
0.000237071
0.000229599
0.000222168
0.000214782
0.000207448
0.00020017
0.000445897
0.000439066
0.000432152
0.000425157
0.000418086
0.000410939
0.000403719
0.00039643
0.000389076
0.000381658
0.000374182
0.00036665
0.000359067
0.000351437
0.000343764
0.000336053
0.000328307
0.000320532
0.000312734
0.000304915
0.000297083
0.000289242
0.000281397
0.000273555
0.00026572
0.000257898
0.000250094
0.000242316
0.000234567
0.000226855
0.000219184
0.000211561
0.000203992
0.000196481
0.00044944
0.000442456
0.000435384
0.000428225
0.000420982
0.000413658
0.000406256
0.000398778
0.000391229
0.000383612
0.00037593
0.000368187
0.000360388
0.000352538
0.000344639
0.000336698
0.000328719
0.000320707
0.000312667
0.000304605
0.000296526
0.000288436
0.00028034
0.000272245
0.000264156
0.000256079
0.000248021
0.000239988
0.000231985
0.000224019
0.000216097
0.000208224
0.000200406
0.000192651
0.000453158
0.000446018
0.000438783
0.000431455
0.000424037
0.000416531
0.00040894
0.000401268
0.000393517
0.000385692
0.000377797
0.000369836
0.000361813
0.000353733
0.0003456
0.000337419
0.000329197
0.000320937
0.000312645
0.000304328
0.000295991
0.00028764
0.000279281
0.000270921
0.000262566
0.000254222
0.000245896
0.000237595
0.000229325
0.000221093
0.000212905
0.000204769
0.000196692
0.000188679
0.000457055
0.000449757
0.000442355
0.000434854
0.000427256
0.000419562
0.000411777
0.000403903
0.000395945
0.000387906
0.000379791
0.000371603
0.000363347
0.000355028
0.000346652
0.000338222
0.000329745
0.000321227
0.000312673
0.000304089
0.000295482
0.000286859
0.000278224
0.000269587
0.000260952
0.000252328
0.000243721
0.000235139
0.000226588
0.000218077
0.000209611
0.000201199
0.000192848
0.000184564
0.000461136
0.000453676
0.000446105
0.000438426
0.000430643
0.000422757
0.000414772
0.000406692
0.00039852
0.00039026
0.000381916
0.000373493
0.000364996
0.00035643
0.0003478
0.000339112
0.000330371
0.000321583
0.000312755
0.000303894
0.000295005
0.000286096
0.000277174
0.000268246
0.000259319
0.000250401
0.0002415
0.000232623
0.000223778
0.000214972
0.000206215
0.000197512
0.000188874
0.000180306
0.000465405
0.00045778
0.000450036
0.000442177
0.000434204
0.000426121
0.000417932
0.000409639
0.000401246
0.000392758
0.000384179
0.000375514
0.000366767
0.000357945
0.000349052
0.000340094
0.000331078
0.000322011
0.000312898
0.000303746
0.000294563
0.000285357
0.000276134
0.000266902
0.000257669
0.000248444
0.000239234
0.000230048
0.000220894
0.000211781
0.000202717
0.00019371
0.000184769
0.000175903
0.000469867
0.000462074
0.000454154
0.00044611
0.000437945
0.000429661
0.000421261
0.00041275
0.00040413
0.000395407
0.000386586
0.00037767
0.000368665
0.000359577
0.000350412
0.000341176
0.000331875
0.000322516
0.000313106
0.000303652
0.000294163
0.000284646
0.000275108
0.000265559
0.000256007
0.00024646
0.000236927
0.000227418
0.00021794
0.000208504
0.000199118
0.000189792
0.000180535
0.000171355
0.000474525
0.000466562
0.000458464
0.000450233
0.000441871
0.000433381
0.000424766
0.000416031
0.000407179
0.000398215
0.000389143
0.000379969
0.000370698
0.000361336
0.000351888
0.000342363
0.000332766
0.000323104
0.000313385
0.000303618
0.000293809
0.000283968
0.000274102
0.000264222
0.000254335
0.000244452
0.000234581
0.000224733
0.000214917
0.000205143
0.00019542
0.000185759
0.00017617
0.000166662
0.000479384
0.00047125
0.000462971
0.000454549
0.000445986
0.000437286
0.000428452
0.000419488
0.000410398
0.000401186
0.000391857
0.000382417
0.000372871
0.000363225
0.000353486
0.000343661
0.000333757
0.000323782
0.000313742
0.000303648
0.000293507
0.000283328
0.000273121
0.000262894
0.000252659
0.000242424
0.0002322
0.000221998
0.000211827
0.000201698
0.000191623
0.000181611
0.000171673
0.000161821
0.000484447
0.00047614
0.000467678
0.000459063
0.000450298
0.000441384
0.000432326
0.000423128
0.000413793
0.000404327
0.000394734
0.00038502
0.000375191
0.000365253
0.000355213
0.000345078
0.000334856
0.000324555
0.000314183
0.000303749
0.000293262
0.000282732
0.000272168
0.000261582
0.000250982
0.00024038
0.000229787
0.000219214
0.000208672
0.000198173
0.000187728
0.000177349
0.000167046
0.000156833
0.000489719
0.000481239
0.000472592
0.000463781
0.000454809
0.000445679
0.000436393
0.000426956
0.000417371
0.000407645
0.000397781
0.000387786
0.000377665
0.000367426
0.000357075
0.00034662
0.000336069
0.000325431
0.000314714
0.000303927
0.000293081
0.000282185
0.000271251
0.000260288
0.000249308
0.000238324
0.000227345
0.000216385
0.000205455
0.000194568
0.000183736
0.000172972
0.000162288
0.000151697
0.000495203
0.000486548
0.000477715
0.000468708
0.000459527
0.000450176
0.000440658
0.000430978
0.000421139
0.000411146
0.000401005
0.000390721
0.000380301
0.000369751
0.00035908
0.000348294
0.000337403
0.000326416
0.000315341
0.000304188
0.000292969
0.000281693
0.000270373
0.000259019
0.000247643
0.000236259
0.000224878
0.000213513
0.000202178
0.000190885
0.000179649
0.000168482
0.000157398
0.000146411
0.000500904
0.000492073
0.000483054
0.000473847
0.000464456
0.000454882
0.000445129
0.0004352
0.000425102
0.000414837
0.000404411
0.000393832
0.000383104
0.000372235
0.000361234
0.000350108
0.000338865
0.000327516
0.000316071
0.000304539
0.000292932
0.000281262
0.00026954
0.000257778
0.000245991
0.000234189
0.000222389
0.000210602
0.000198843
0.000187127
0.000175467
0.000163879
0.000152377
0.000140976
0.000506823
0.000497818
0.000488611
0.000479204
0.0004696
0.000459801
0.000449809
0.000439629
0.000429266
0.000418724
0.000408008
0.000397125
0.000386082
0.000374886
0.000363544
0.000352067
0.000340462
0.00032874
0.000316911
0.000304987
0.000292978
0.000280898
0.000268758
0.000256573
0.000244356
0.000232121
0.000219882
0.000207655
0.000195454
0.000183295
0.000171193
0.000159165
0.000147225
0.00013539
0.000512965
0.000503785
0.000494391
0.000484784
0.000474965
0.000464938
0.000454705
0.00044427
0.000433638
0.000422813
0.000411801
0.000400609
0.000389242
0.000377709
0.000366019
0.00035418
0.000342201
0.000330094
0.000317868
0.000305537
0.000293112
0.000280607
0.000268034
0.000255408
0.000242744
0.000230057
0.000217362
0.000204675
0.000192012
0.000179391
0.000166827
0.000154339
0.000141942
0.000129653
0.000519331
0.000509978
0.000500397
0.000490589
0.000480556
0.000470299
0.000459823
0.00044913
0.000438224
0.000427112
0.000415798
0.000404289
0.000392591
0.000380714
0.000368665
0.000356453
0.000344089
0.000331585
0.00031895
0.000306198
0.000293342
0.000280396
0.000267373
0.00025429
0.000241161
0.000228003
0.000214832
0.000201666
0.000188522
0.000175418
0.000162372
0.000149402
0.000136527
0.000123765
0.000525926
0.000516401
0.000506634
0.000496625
0.000486376
0.000475889
0.000465167
0.000454212
0.000443031
0.000431626
0.000420005
0.000408172
0.000396137
0.000383906
0.000371489
0.000358895
0.000346135
0.00033322
0.000320163
0.000306977
0.000293674
0.000280271
0.000266782
0.000253223
0.000239611
0.000225963
0.000212297
0.000198632
0.000184986
0.000171379
0.000157829
0.000144357
0.000130982
0.000117724
0.00053275
0.000523056
0.000513104
0.000502895
0.00049243
0.000481712
0.000470742
0.000459524
0.000448063
0.000436362
0.000424428
0.000412266
0.000399886
0.000387294
0.000374499
0.000361513
0.000348345
0.000335009
0.000321516
0.00030788
0.000294116
0.00028024
0.000266267
0.000252214
0.0002381
0.000223943
0.000209763
0.000195577
0.000181408
0.000167275
0.0001532
0.000139203
0.000125306
0.00011153
0.000539807
0.000529945
0.00051981
0.000509402
0.000498723
0.000487773
0.000476554
0.000465071
0.000453327
0.000441326
0.000429074
0.000416578
0.000403845
0.000390884
0.000377703
0.000364314
0.000350728
0.000336957
0.000323015
0.000308916
0.000294675
0.000280309
0.000265834
0.00025127
0.000236635
0.000221949
0.000207232
0.000192506
0.000177791
0.00016311
0.000148486
0.000133942
0.0001195
0.000105184
0.000547098
0.000537071
0.000526755
0.000516151
0.000505257
0.000494075
0.000482608
0.000470858
0.000458828
0.000446524
0.00043395
0.000421114
0.000408022
0.000394684
0.000381108
0.000367307
0.000353291
0.000339074
0.000324669
0.000310091
0.000295358
0.000280485
0.000265492
0.000250398
0.000235222
0.000219986
0.000204711
0.000189421
0.000174139
0.000158887
0.000143692
0.000128576
0.000113565
9.86839e-05
0.000554623
0.000544436
0.000533942
0.000523143
0.000512036
0.000500624
0.000488907
0.000476889
0.000464572
0.000451961
0.000439062
0.00042588
0.000412423
0.000398701
0.000384722
0.000370499
0.000356042
0.000341366
0.000326485
0.000311415
0.000296173
0.000280777
0.000265247
0.000249603
0.000233866
0.000218059
0.000202206
0.000186329
0.000170455
0.000154609
0.000138817
0.000123105
0.000107501
9.20302e-05
0.000562385
0.00055204
0.000541373
0.000530381
0.000519064
0.000507422
0.000495457
0.00048317
0.000470564
0.000457645
0.000444416
0.000430884
0.000417056
0.000402943
0.000388552
0.000373897
0.000358989
0.000343842
0.000328471
0.000312894
0.000297128
0.000281191
0.000265106
0.000248893
0.000232574
0.000216175
0.00019972
0.000183234
0.000166745
0.00015028
0.000133866
0.000117533
0.000101309
8.52227e-05
0.000570384
0.000559887
0.000549049
0.000537868
0.000526343
0.000514474
0.000502261
0.000489705
0.00047681
0.000463579
0.000450017
0.000436131
0.000421928
0.000407416
0.000392606
0.00037751
0.000362139
0.000346509
0.000330636
0.000314537
0.00029823
0.000281736
0.000265077
0.000248275
0.000231354
0.00021434
0.00019726
0.000180141
0.000163012
0.000145902
0.000128841
0.00011186
9.49892e-05
7.82611e-05
0.000578619
0.000567975
0.000556972
0.000545606
0.000533877
0.000521782
0.000509322
0.000496498
0.000483313
0.00046977
0.000455873
0.000441629
0.000427044
0.000412128
0.000396891
0.000381344
0.000365501
0.000349377
0.000332988
0.000316352
0.000299489
0.000282419
0.000265167
0.000247756
0.000230211
0.000212561
0.000194832
0.000177055
0.00015926
0.000141479
0.000123744
0.000106088
8.85436e-05
7.11457e-05
0.000587092
0.000576306
0.000565143
0.000553597
0.000541666
0.000529349
0.000516645
0.000503554
0.000490079
0.000476223
0.000461989
0.000447383
0.000432413
0.000417086
0.000401414
0.000385409
0.000369083
0.000352452
0.000335534
0.000318347
0.000300911
0.000283249
0.000265385
0.000247344
0.000229154
0.000210843
0.000192442
0.000173982
0.000155495
0.000137016
0.000118579
0.000100219
8.1973e-05
6.38764e-05
0.0005958
0.00058488
0.000573562
0.00056184
0.000549713
0.000537177
0.000524232
0.000510876
0.000497112
0.000482942
0.000468369
0.000453399
0.000438039
0.000422297
0.000406184
0.000389711
0.000372892
0.000355744
0.000338283
0.00032053
0.000302505
0.000284233
0.000265737
0.000247046
0.000228189
0.000209194
0.000190096
0.000170927
0.000151722
0.000132517
0.000113349
9.42572e-05
7.52789e-05
5.64537e-05
0.000604744
0.000593696
0.000582229
0.000570338
0.000558019
0.000545269
0.000532085
0.000518467
0.000504416
0.000489932
0.000475019
0.000459683
0.00044393
0.000427767
0.000411206
0.000394258
0.000376937
0.00035926
0.000341244
0.00032291
0.00030428
0.000285379
0.000266233
0.000246871
0.000227323
0.000207621
0.0001878
0.000167896
0.000147944
0.000127986
0.000108058
8.82036e-05
6.84628e-05
4.8878e-05
0.000613922
0.000602753
0.000591145
0.000579091
0.000566586
0.000553626
0.000540208
0.000526331
0.000511994
0.000497197
0.000481945
0.000466241
0.000450091
0.000433503
0.000416488
0.000399057
0.000381225
0.000363007
0.000344424
0.000325495
0.000306244
0.000286697
0.000266881
0.000246826
0.000226565
0.000206131
0.000185562
0.000164895
0.000144169
0.000123427
0.00010271
8.20616e-05
6.15267e-05
4.11502e-05
0.000623332
0.000612051
0.000600308
0.000588098
0.000575414
0.00056225
0.000548602
0.000534469
0.000519849
0.000504742
0.00048915
0.000473076
0.000456528
0.000439511
0.000422036
0.000404116
0.000385763
0.000366995
0.000347832
0.000328294
0.000308406
0.000288194
0.000267688
0.000246919
0.000225922
0.000204732
0.000183387
0.00016193
0.000140401
0.000118845
9.73074e-05
7.58342e-05
5.44728e-05
3.32715e-05
0.000632972
0.000621586
0.000609718
0.000597359
0.000584502
0.00057114
0.000557269
0.000542885
0.000527985
0.000512569
0.000496638
0.000480196
0.000463246
0.000445797
0.000427858
0.000409441
0.00039056
0.000371231
0.000351476
0.000331315
0.000310773
0.00028988
0.000268664
0.000247159
0.000225402
0.00020343
0.000181284
0.000159008
0.000136646
0.000114246
9.18558e-05
6.95252e-05
4.7304e-05
2.52443e-05
0.000642838
0.000631358
0.000619373
0.000606873
0.000593851
0.000580298
0.000566209
0.000551579
0.000536403
0.000520682
0.000504414
0.000487603
0.000470252
0.000452368
0.00043396
0.00041504
0.000395622
0.000375723
0.000355363
0.000334565
0.000313355
0.000291761
0.000269816
0.000247554
0.000225012
0.000202233
0.000179258
0.000156134
0.00013291
0.000109634
8.63597e-05
6.31393e-05
4.00268e-05
1.70822e-05
0.000240781
0.000236362
0.00023197
0.000227606
0.00022327
0.000218964
0.000214689
0.000240565
0.000236136
0.000231734
0.00022736
0.000223014
0.000218699
0.000214415
0.000240144
0.000235696
0.000231274
0.000226881
0.000222517
0.000218184
0.000213882
0.000239528
0.000235051
0.000230602
0.000226181
0.000221789
0.000217429
0.000213101
0.000238725
0.000234211
0.000229725
0.000225267
0.00022084
0.000216445
0.000212083
0.000237743
0.000233183
0.000228651
0.000224149
0.000219679
0.00021524
0.000210836
0.000236588
0.000231973
0.000227388
0.000222833
0.000218311
0.000213822
0.000209368
0.000235264
0.000230586
0.00022594
0.000221325
0.000216743
0.000212196
0.000207685
0.000233776
0.000229028
0.000224312
0.000219628
0.000214979
0.000210366
0.000205791
0.000232127
0.000227301
0.000222507
0.000217748
0.000213024
0.000208338
0.00020369
0.000230321
0.000225408
0.000220529
0.000215686
0.00021088
0.000206113
0.000201386
0.000228361
0.000223353
0.00021838
0.000213445
0.000208549
0.000203694
0.000198882
0.000226247
0.000221136
0.000216063
0.000211028
0.000206034
0.000201083
0.000196177
0.000223982
0.00021876
0.000213577
0.000208435
0.000203336
0.000198282
0.000193274
0.000221567
0.000216225
0.000210925
0.000205667
0.000200455
0.000195289
0.000190174
0.000219002
0.000213533
0.000208106
0.000202725
0.000197391
0.000192107
0.000186875
0.000216288
0.000210682
0.000205121
0.000199608
0.000194145
0.000188734
0.000183378
0.000213426
0.000207674
0.00020197
0.000196316
0.000190715
0.000185169
0.000179681
0.000210415
0.000204509
0.000198653
0.000192849
0.000187101
0.000181412
0.000175784
0.000207255
0.000201185
0.000195167
0.000189206
0.000183302
0.000177461
0.000171685
0.000203946
0.000197702
0.000191514
0.000185384
0.000179317
0.000173315
0.000167381
0.000200487
0.00019406
0.000187691
0.000181384
0.000175143
0.000168971
0.000162871
0.000196878
0.000190257
0.000183697
0.000177203
0.000170778
0.000164427
0.000158153
0.000193118
0.000186292
0.000179531
0.000172839
0.000166221
0.000159681
0.000153222
0.000189205
0.000182163
0.000175191
0.000168291
0.000161469
0.00015473
0.000148077
0.000185139
0.000177871
0.000170675
0.000163556
0.00015652
0.000149571
0.000142714
0.000180919
0.000173412
0.000165981
0.000158632
0.00015137
0.000144201
0.000137129
0.000176543
0.000168785
0.000161107
0.000153516
0.000146017
0.000138617
0.00013132
0.000172011
0.000163989
0.000156052
0.000148206
0.000140459
0.000132815
0.000125281
0.00016732
0.000159021
0.000150812
0.0001427
0.000134691
0.000126792
0.00011901
0.00016247
0.000153881
0.000145386
0.000136993
0.00012871
0.000120544
0.000112501
0.00015746
0.000148565
0.00013977
0.000131084
0.000122513
0.000114067
0.000105751
0.000152287
0.000143073
0.000133964
0.000124969
0.000116097
0.000107356
9.87551e-05
0.000146951
0.000137401
0.000127963
0.000118646
0.000109458
0.000100409
9.15084e-05
0.000141449
0.000131549
0.000121766
0.00011211
0.000102592
9.32205e-05
8.40063e-05
0.000135782
0.000125514
0.00011537
0.000105359
9.54947e-05
8.5786e-05
7.62438e-05
0.000129947
0.000119294
0.000108771
9.83903e-05
8.81631e-05
7.81012e-05
6.82158e-05
0.000123943
0.000112887
0.000101968
9.11994e-05
8.05929e-05
7.01614e-05
5.99172e-05
0.000117768
0.000106291
9.49582e-05
8.37832e-05
7.27799e-05
6.1962e-05
5.13427e-05
0.000111422
9.95041e-05
8.77379e-05
7.61383e-05
6.47201e-05
5.34982e-05
4.24868e-05
0.000104902
9.2524e-05
8.03048e-05
6.82611e-05
5.64092e-05
4.47651e-05
3.3344e-05
9.82088e-05
8.53486e-05
7.26559e-05
6.01481e-05
4.7843e-05
3.57576e-05
2.39087e-05
9.13396e-05
7.79761e-05
6.47885e-05
5.17957e-05
3.9017e-05
2.64707e-05
1.4175e-05
8.42937e-05
7.04043e-05
5.66997e-05
4.32003e-05
2.99267e-05
1.68992e-05
4.13708e-06
7.70699e-05
6.26313e-05
4.83866e-05
3.4358e-05
2.05678e-05
7.03781e-06
-6.21104e-06
6.96671e-05
5.4655e-05
3.98463e-05
2.52651e-05
1.09355e-05
-3.11888e-06
-1.68755e-05
6.20843e-05
4.64733e-05
3.10758e-05
1.59177e-05
1.0252e-06
-1.35764e-05
-2.78626e-05
5.43204e-05
3.80844e-05
2.20722e-05
6.31196e-06
-9.16804e-06
-2.43404e-05
-3.91788e-05
4.63745e-05
2.94861e-05
1.28323e-05
-3.55628e-06
-1.96492e-05
-3.54168e-05
-5.08306e-05
3.82458e-05
2.06765e-05
3.35311e-06
-1.36912e-05
-3.04233e-05
-4.68114e-05
-6.28247e-05
2.99334e-05
1.16534e-05
-6.3687e-06
-2.4097e-05
-4.14958e-05
-5.85306e-05
-7.51683e-05
2.14366e-05
2.41439e-06
-1.6337e-05
-3.47788e-05
-5.28726e-05
-7.05812e-05
-8.78686e-05
1.27543e-05
-7.04376e-06
-2.65563e-05
-4.57421e-05
-6.45603e-05
-8.29705e-05
-0.000100934
3.88747e-06
-1.67189e-05
-3.70238e-05
-5.69846e-05
-7.65584e-05
-9.57008e-05
-0.00011437
-5.1526e-06
-2.66048e-05
-4.77336e-05
-6.85036e-05
-8.88682e-05
-0.000108777
-0.000128183
0.000210446
0.000206237
0.000202062
0.000197922
0.000193818
0.000189752
0.000185724
0.000210163
0.000205945
0.000201761
0.000197613
0.000193502
0.000189428
0.000185392
0.000209612
0.000205377
0.000201177
0.000197012
0.000192885
0.000188796
0.000184745
0.000208806
0.000204546
0.000200321
0.000196132
0.000191982
0.00018787
0.000183798
0.000207754
0.000203461
0.000199204
0.000194985
0.000190804
0.000186663
0.000182563
0.000206467
0.000202133
0.000197837
0.00019358
0.000189362
0.000185185
0.00018105
0.00020495
0.000200569
0.000196227
0.000191925
0.000187663
0.000183444
0.000179268
0.000203211
0.000198776
0.00019438
0.000190026
0.000185715
0.000181447
0.000177223
0.000201254
0.000196757
0.000192302
0.00018789
0.000183522
0.000179199
0.000174922
0.000199083
0.000194518
0.000189997
0.000185519
0.000181088
0.000176704
0.000172369
0.000196702
0.000192062
0.000187467
0.000182918
0.000178418
0.000173967
0.000169567
0.000194113
0.00018939
0.000184715
0.000180089
0.000175513
0.000170989
0.000166519
0.000191317
0.000186505
0.000181743
0.000177033
0.000172375
0.000167772
0.000163225
0.000188316
0.000183408
0.000178552
0.000173751
0.000169005
0.000164317
0.000159688
0.000185109
0.000180098
0.000175142
0.000170243
0.000165403
0.000160624
0.000155906
0.000181697
0.000176575
0.000171512
0.000166509
0.000161568
0.000156691
0.00015188
0.000178079
0.000172839
0.000167662
0.000162548
0.000157499
0.000152519
0.000147608
0.000174254
0.000168889
0.00016359
0.000158358
0.000153196
0.000148105
0.000143089
0.00017022
0.000164722
0.000159294
0.000153937
0.000148654
0.000143448
0.000138319
0.000165976
0.000160338
0.000154773
0.000149284
0.000143873
0.000138544
0.000133297
0.00016152
0.000155733
0.000150024
0.000144395
0.00013885
0.00013339
0.000128019
0.000156848
0.000150904
0.000145043
0.000139267
0.00013358
0.000127984
0.000122482
0.000151959
0.00014585
0.000139828
0.000133897
0.000128061
0.000122321
0.000116681
0.000146849
0.000140566
0.000134375
0.000128281
0.000122288
0.000116397
0.000110613
0.000141515
0.000135048
0.00012868
0.000122415
0.000116257
0.000110208
0.000104272
0.000135953
0.000129294
0.00012274
0.000116295
0.000109963
0.000103749
9.76545e-05
0.00013016
0.000123298
0.000116548
0.000109915
0.000103402
9.70138e-05
9.07538e-05
0.000124131
0.000117057
0.000110102
0.000103271
9.65683e-05
8.99981e-05
8.35648e-05
0.000117863
0.000110566
0.000103396
9.63578e-05
8.94562e-05
8.26959e-05
7.60814e-05
0.00011135
0.00010382
9.64248e-05
8.91696e-05
8.20601e-05
7.51012e-05
6.82975e-05
0.000104589
9.68144e-05
8.9183e-05
8.1701e-05
7.4374e-05
6.72076e-05
6.02067e-05
9.75744e-05
8.95435e-05
8.16652e-05
7.39458e-05
6.63917e-05
5.90087e-05
5.1802e-05
9.03011e-05
8.20021e-05
7.38655e-05
6.58981e-05
5.81068e-05
5.04976e-05
4.30766e-05
8.27642e-05
7.41847e-05
6.5778e-05
5.75515e-05
4.95124e-05
4.16676e-05
3.40231e-05
7.49583e-05
6.60855e-05
5.73965e-05
4.88993e-05
4.06018e-05
3.25112e-05
2.46342e-05
6.68781e-05
5.76987e-05
4.87146e-05
3.99349e-05
3.13677e-05
2.3021e-05
1.4902e-05
5.85179e-05
4.9018e-05
3.97259e-05
3.06512e-05
2.18029e-05
1.31895e-05
4.81871e-06
4.98721e-05
4.00372e-05
3.04235e-05
2.10411e-05
1.18998e-05
3.0087e-06
-5.62388e-06
4.09347e-05
3.07501e-05
2.08006e-05
1.10973e-05
1.65077e-06
-7.5294e-06
-1.64341e-05
3.16996e-05
2.11499e-05
1.08501e-05
8.12348e-07
-8.95222e-06
-1.84331e-05
-2.76205e-05
2.21609e-05
1.123e-05
5.64903e-07
-9.82154e-06
-1.99172e-05
-2.97107e-05
-3.91918e-05
1.23122e-05
9.83608e-07
-1.00625e-05
-2.08122e-05
-3.12524e-05
-4.1371e-05
-5.11569e-05
2.1471e-06
-9.59634e-06
-2.10395e-05
-3.21675e-05
-4.29663e-05
-5.34227e-05
-6.35249e-05
-8.34094e-06
-2.0517e-05
-3.23739e-05
-4.38958e-05
-5.50674e-05
-6.58747e-05
-7.6305e-05
-1.91586e-05
-3.17855e-05
-4.40735e-05
-5.60052e-05
-6.75644e-05
-7.87362e-05
-8.95067e-05
-3.03126e-05
-4.34094e-05
-5.61462e-05
-6.85043e-05
-8.04663e-05
-9.20163e-05
-0.000103139
-4.181e-05
-5.53962e-05
-6.86e-05
-8.14015e-05
-9.3782e-05
-0.000105724
-0.000117213
-5.36579e-05
-6.77536e-05
-8.14433e-05
-9.47055e-05
-0.00010752
-0.00011987
-0.000131736
-6.58634e-05
-8.04894e-05
-9.46842e-05
-0.000108425
-0.000121691
-0.000134462
-0.00014672
-7.8434e-05
-9.36116e-05
-0.000108331
-0.000122569
-0.000136302
-0.00014951
-0.000162173
-9.13774e-05
-0.000107128
-0.000122393
-0.000137146
-0.000151363
-0.000165023
-0.000178106
-0.000104701
-0.000121047
-0.000136877
-0.000152164
-0.000166882
-0.00018101
-0.000194526
-0.000118414
-0.000135378
-0.000151794
-0.000167632
-0.000182868
-0.000197478
-0.000211441
-0.000132526
-0.000150134
-0.000167159
-0.000183571
-0.000199343
-0.000214451
-0.000228874
-0.000147044
-0.000165322
-0.00018298
-0.000199985
-0.00021631
-0.000231932
-0.000246828
0.00018164
0.000177504
0.000173413
0.000169368
0.00016537
0.000161419
0.000157517
0.000153665
0.000149862
0.00014611
0.00014241
0.000138761
0.000135166
0.000131623
0.000128133
0.000124698
0.000121317
0.00011799
0.000114719
0.000111503
0.000108342
0.000105237
0.000102187
9.91935e-05
0.0001813
0.000177157
0.000173059
0.000169007
0.000165002
0.000161045
0.000157138
0.000153279
0.000149472
0.000145715
0.00014201
0.000138357
0.000134757
0.00013121
0.000127718
0.000124279
0.000120895
0.000117567
0.000114293
0.000111075
0.000107913
0.000104807
0.000101756
9.87623e-05
0.000180639
0.000176481
0.000172369
0.000168303
0.000164286
0.000160317
0.000156398
0.000152529
0.00014871
0.000144944
0.00014123
0.000137569
0.000133961
0.000130407
0.000126908
0.000123464
0.000120075
0.000116741
0.000113464
0.000110242
0.000107077
0.000103969
0.000100917
9.79222e-05
0.00017967
0.000175491
0.000171358
0.000167274
0.000163237
0.000159251
0.000155315
0.000151429
0.000147596
0.000143815
0.000140088
0.000136415
0.000132795
0.000129231
0.000125723
0.00012227
0.000118873
0.000115533
0.00011225
0.000109024
0.000105855
0.000102743
9.96896e-05
9.66934e-05
0.000178407
0.0001742
0.000170041
0.000165931
0.00016187
0.00015786
0.000153902
0.000149996
0.000146143
0.000142344
0.0001386
0.00013491
0.000131276
0.000127699
0.000124178
0.000120714
0.000117307
0.000113959
0.000110668
0.000107436
0.000104262
0.000101147
9.80903e-05
9.50927e-05
0.000176859
0.000172619
0.000168427
0.000164286
0.000160195
0.000156157
0.000152172
0.000148241
0.000144364
0.000140542
0.000136777
0.000133068
0.000129416
0.000125822
0.000122286
0.000118809
0.000115391
0.000112032
0.000108733
0.000105493
0.000102313
9.91936e-05
9.61342e-05
9.3135e-05
0.000175037
0.000170756
0.000166526
0.000162348
0.000158223
0.000154151
0.000150134
0.000146173
0.000142268
0.00013842
0.00013463
0.000130899
0.000127226
0.000123613
0.00012006
0.000116567
0.000113135
0.000109765
0.000106455
0.000103207
0.000100021
9.68963e-05
9.38337e-05
9.0833e-05
0.000172946
0.000168619
0.000164345
0.000160125
0.00015596
0.00015185
0.000147797
0.000143802
0.000139865
0.000135987
0.000132169
0.000128412
0.000124715
0.000121081
0.000117508
0.000113998
0.000110551
0.000107166
0.000103846
0.000100589
9.73951e-05
9.42654e-05
9.11996e-05
8.81977e-05
0.000170592
0.000166214
0.000161891
0.000157623
0.000153413
0.000149261
0.000145167
0.000141133
0.000137161
0.000133249
0.0001294
0.000125614
0.000121891
0.000118232
0.000114638
0.000111109
0.000107645
0.000104246
0.000100913
9.76461e-05
9.44451e-05
9.13101e-05
8.82413e-05
8.52385e-05
0.000167981
0.000163545
0.000159167
0.000154847
0.000150587
0.000146387
0.000142249
0.000138173
0.000134161
0.000130213
0.000126329
0.000122511
0.00011876
0.000115075
0.000111457
0.000107907
0.000104424
0.00010101
9.76644e-05
9.4387e-05
9.11783e-05
8.80381e-05
8.49666e-05
8.19635e-05
0.000165115
0.000160617
0.000156178
0.000151801
0.000147486
0.000143235
0.000139047
0.000134925
0.00013087
0.000126881
0.000122961
0.000119109
0.000115326
0.000111613
0.000107969
0.000104397
0.000100895
9.74647e-05
9.41053e-05
9.08174e-05
8.76008e-05
8.44557e-05
8.1382e-05
7.83796e-05
0.000161997
0.00015743
0.000152927
0.000148487
0.000144113
0.000139805
0.000135565
0.000131393
0.000127291
0.000123259
0.000119298
0.000115409
0.000111593
0.00010785
0.00010418
0.000100584
9.70615e-05
9.36139e-05
9.02407e-05
8.6942e-05
8.37179e-05
8.05684e-05
7.74933e-05
7.44924e-05
0.000158628
0.000153988
0.000149414
0.000144907
0.000140468
0.0001361
0.000131803
0.000127577
0.000123425
0.000119347
0.000115344
0.000111416
0.000107564
0.000103789
0.00010009
9.64697e-05
9.29266e-05
8.94614e-05
8.60741e-05
8.27649e-05
7.95337e-05
7.63804e-05
7.33049e-05
7.03069e-05
0.00015501
0.00015029
0.00014564
0.000141061
0.000136554
0.000132121
0.000127763
0.000123481
0.000119275
0.000115148
0.000111099
0.00010713
0.00010324
9.94317e-05
9.5704e-05
9.20576e-05
8.84928e-05
8.50098e-05
8.16086e-05
7.82892e-05
7.50515e-05
7.18954e-05
6.88207e-05
6.58271e-05
0.000151142
0.000146337
0.000141606
0.00013695
0.00013237
0.000127868
0.000123445
0.000119102
0.000114841
0.000110661
0.000106565
0.000102552
9.86233e-05
9.47797e-05
9.10214e-05
8.73488e-05
8.37619e-05
8.0261e-05
7.68461e-05
7.35171e-05
7.02738e-05
6.71162e-05
6.40438e-05
6.10563e-05
0.000147023
0.000142128
0.000137311
0.000132573
0.000127915
0.00012334
0.000118849
0.000114442
0.000110121
0.000105887
0.00010174
9.76819e-05
9.37127e-05
8.98331e-05
8.60433e-05
8.23438e-05
7.87347e-05
7.52161e-05
7.1788e-05
6.84502e-05
6.52025e-05
6.20447e-05
5.89764e-05
5.59971e-05
0.000142653
0.000137662
0.000132753
0.000127928
0.000123189
0.000118537
0.000113973
0.000109499
0.000105116
0.000100824
9.6625e-05
9.25196e-05
8.85082e-05
8.45913e-05
8.07695e-05
7.70428e-05
7.34115e-05
6.98756e-05
6.6435e-05
6.30895e-05
5.98388e-05
5.66826e-05
5.36204e-05
5.06516e-05
0.000138029
0.000132937
0.000127931
0.000123015
0.000118189
0.000113456
0.000108816
0.000104271
9.98224e-05
9.5471e-05
9.12177e-05
8.70633e-05
8.30085e-05
7.90536e-05
7.51991e-05
7.14452e-05
6.77919e-05
6.42394e-05
6.07873e-05
5.74355e-05
5.41834e-05
5.10308e-05
4.79771e-05
4.50214e-05
0.00013315
0.00012795
0.000122843
0.00011783
0.000112913
0.000108094
0.000103375
9.87561e-05
9.42395e-05
8.98259e-05
8.55163e-05
8.13114e-05
7.72119e-05
7.32183e-05
6.93309e-05
6.55498e-05
6.18751e-05
5.83068e-05
5.48445e-05
5.14879e-05
4.82366e-05
4.50899e-05
4.20472e-05
3.91077e-05
0.000128012
0.000122699
0.000117484
0.00011237
0.000107358
0.00010245
9.7647e-05
9.29513e-05
8.83639e-05
8.38858e-05
7.9518e-05
7.52613e-05
7.11163e-05
6.70834e-05
6.3163e-05
5.93551e-05
5.56597e-05
5.20767e-05
4.86058e-05
4.52464e-05
4.1998e-05
3.88598e-05
3.58312e-05
3.29111e-05
0.000122612
0.00011718
0.000111853
0.000106632
0.00010152
9.65185e-05
9.1629e-05
8.68532e-05
8.21924e-05
7.76477e-05
7.322e-05
6.89102e-05
6.47189e-05
6.06465e-05
5.66931e-05
5.2859e-05
4.9144e-05
4.55478e-05
4.20699e-05
3.87099e-05
3.5467e-05
3.23404e-05
2.93292e-05
2.64321e-05
0.000116947
0.00011139
0.000105945
0.000100612
9.53959e-05
9.02969e-05
8.5317e-05
8.0458e-05
7.57213e-05
7.11079e-05
6.66188e-05
6.22549e-05
5.80166e-05
5.39045e-05
4.99187e-05
4.60591e-05
4.23256e-05
3.87179e-05
3.52354e-05
3.18773e-05
2.86429e-05
2.55311e-05
2.25409e-05
1.96709e-05
0.000111011
0.000105324
9.97549e-05
9.43064e-05
8.89809e-05
8.37803e-05
7.87067e-05
7.37615e-05
6.89463e-05
6.42623e-05
5.97104e-05
5.52914e-05
5.10059e-05
4.68542e-05
4.28365e-05
3.89526e-05
3.52022e-05
3.1585e-05
2.81002e-05
2.4747e-05
2.15243e-05
1.8431e-05
1.54659e-05
1.26273e-05
0.000104802
9.89779e-05
9.32793e-05
8.77093e-05
8.22702e-05
7.69642e-05
7.17932e-05
6.6759e-05
6.1863e-05
5.71066e-05
5.24906e-05
4.80158e-05
4.36828e-05
3.94919e-05
3.54431e-05
3.15362e-05
2.77709e-05
2.41465e-05
2.06622e-05
1.7317e-05
1.41097e-05
1.1039e-05
8.10339e-06
5.30111e-06
9.83139e-05
9.23464e-05
8.65128e-05
8.08161e-05
7.52588e-05
6.98433e-05
6.45716e-05
5.94455e-05
5.44664e-05
4.96358e-05
4.49546e-05
4.04236e-05
3.60432e-05
3.18136e-05
2.77348e-05
2.38066e-05
2.00284e-05
1.63995e-05
1.29189e-05
9.58532e-06
6.39745e-06
3.35376e-06
4.52522e-07
-2.30828e-06
9.15414e-05
8.54242e-05
7.94498e-05
7.36212e-05
6.79412e-05
6.24122e-05
5.70363e-05
5.18155e-05
4.67513e-05
4.1845e-05
3.70976e-05
3.25099e-05
2.80823e-05
2.38149e-05
1.97076e-05
1.576e-05
1.19715e-05
8.34108e-06
4.86761e-06
1.54968e-06
-1.61433e-06
-4.62616e-06
-7.48775e-06
-1.02014e-05
8.44792e-05
7.82059e-05
7.20847e-05
6.6119e-05
6.03115e-05
5.4665e-05
4.91816e-05
4.38633e-05
3.87119e-05
3.37285e-05
2.89142e-05
2.42697e-05
1.97954e-05
1.54913e-05
1.13572e-05
7.39253e-06
3.59647e-06
-3.20844e-08
-3.4945e-06
-6.79242e-06
-9.92771e-06
-1.29024e-05
-1.57186e-05
-1.8379e-05
7.71215e-05
7.06854e-05
6.44114e-05
5.83031e-05
5.23636e-05
4.65955e-05
4.10013e-05
3.5583e-05
3.03423e-05
2.52806e-05
2.03988e-05
1.56977e-05
1.11774e-05
6.83797e-06
2.67902e-06
-1.30013e-06
-5.10051e-06
-8.72343e-06
-1.21705e-05
-1.54436e-05
-1.85449e-05
-2.14766e-05
-2.42413e-05
-2.68419e-05
6.94622e-05
6.28565e-05
5.64235e-05
5.01673e-05
4.40909e-05
3.81973e-05
3.2489e-05
2.69681e-05
2.16364e-05
1.64953e-05
1.15456e-05
6.78809e-06
2.22286e-06
-2.15022e-06
-6.33165e-06
-1.03223e-05
-1.41234e-05
-1.77366e-05
-2.11635e-05
-2.44066e-05
-2.7468e-05
-3.03506e-05
-3.30571e-05
-3.55909e-05
6.14948e-05
5.47125e-05
4.81144e-05
4.17047e-05
3.54867e-05
2.94636e-05
2.3638e-05
1.80121e-05
1.25877e-05
7.36616e-06
2.34846e-06
-2.46489e-06
-7.07378e-06
-1.14785e-05
-1.56797e-05
-1.96786e-05
-2.34765e-05
-2.70752e-05
-3.04769e-05
-3.36841e-05
-3.66996e-05
-3.95263e-05
-4.21675e-05
-4.46268e-05
5.32128e-05
4.62466e-05
3.9477e-05
3.29082e-05
2.65439e-05
2.03874e-05
1.44413e-05
8.70797e-06
3.18932e-06
-2.11331e-06
-7.19902e-06
-1.20673e-05
-1.67183e-05
-2.11524e-05
-2.53704e-05
-2.93736e-05
-3.31639e-05
-3.67432e-05
-4.0114e-05
-4.32793e-05
-4.6242e-05
-4.90056e-05
-5.15737e-05
-5.39504e-05
4.4609e-05
3.74518e-05
3.05041e-05
2.37707e-05
1.72552e-05
1.09612e-05
4.89153e-06
-9.51386e-07
-6.56567e-06
-1.19499e-05
-1.71034e-05
-2.20256e-05
-2.67167e-05
-3.11774e-05
-3.54087e-05
-3.94123e-05
-4.319e-05
-4.67444e-05
-5.00783e-05
-5.31948e-05
-5.60976e-05
-5.87904e-05
-6.12772e-05
-6.35627e-05
3.56764e-05
2.83206e-05
2.11883e-05
1.42844e-05
7.61295e-06
1.17757e-06
-5.01869e-06
-1.09734e-05
-1.66845e-05
-2.21508e-05
-2.73713e-05
-3.2346e-05
-3.70751e-05
-4.15594e-05
-4.58002e-05
-4.97995e-05
-5.35595e-05
-5.7083e-05
-6.03732e-05
-6.34338e-05
-6.62688e-05
-6.88824e-05
-7.12791e-05
-7.34642e-05
2.64073e-05
1.88454e-05
1.15217e-05
4.44157e-06
-2.39071e-06
-8.97135e-06
-1.52972e-05
-2.13655e-05
-2.71746e-05
-3.27229e-05
-3.80099e-05
-4.30353e-05
-4.77997e-05
-5.23042e-05
-5.65503e-05
-6.05402e-05
-6.42766e-05
-6.77628e-05
-7.10022e-05
-7.39991e-05
-7.6758e-05
-7.92836e-05
-8.15809e-05
-8.36557e-05
1.67943e-05
9.0183e-06
1.49639e-06
-5.76586e-06
-1.27638e-05
-1.94936e-05
-2.59518e-05
-3.21358e-05
-3.80436e-05
-4.36739e-05
-4.90261e-05
-5.41002e-05
-5.8897e-05
-6.34178e-05
-6.76645e-05
-7.16396e-05
-7.53461e-05
-7.87879e-05
-8.19688e-05
-8.48937e-05
-8.75675e-05
-8.99956e-05
-9.21835e-05
-9.41377e-05
6.82917e-06
-1.1688e-06
-8.89592e-06
-1.63462e-05
-2.35148e-05
-3.03975e-05
-3.69908e-05
-4.32921e-05
-4.92993e-05
-5.50111e-05
-6.04272e-05
-6.55477e-05
-7.03735e-05
-7.49063e-05
-7.91484e-05
-8.31026e-05
-8.67725e-05
-9.01623e-05
-9.32765e-05
-9.61204e-05
-9.86996e-05
-0.00010102
-0.000103088
-0.000104911
-3.49609e-06
-1.17243e-05
-1.96637e-05
-2.7308e-05
-3.4652e-05
-4.16915e-05
-4.84226e-05
-5.48426e-05
-6.09496e-05
-6.67424e-05
-7.22206e-05
-7.73847e-05
-8.22358e-05
-8.67759e-05
-9.10077e-05
-9.49345e-05
-9.85604e-05
-0.00010189
-0.000104929
-0.000107682
-0.000110156
-0.000112359
-0.000114295
-0.000115975
-1.41899e-05
-2.26566e-05
-3.08155e-05
-3.86599e-05
-4.61844e-05
-5.33842e-05
-6.02556e-05
-6.67958e-05
-7.30028e-05
-7.88755e-05
-8.44138e-05
-8.96182e-05
-9.44904e-05
-9.90326e-05
-0.000103248
-0.00010714
-0.000110714
-0.000113975
-0.000116928
-0.000119581
-0.00012194
-0.000124013
-0.000125806
-0.00012733
-2.52608e-05
-3.39746e-05
-4.23604e-05
-5.0411e-05
-5.81206e-05
-6.54845e-05
-7.24986e-05
-7.91601e-05
-8.5467e-05
-9.14184e-05
-9.70143e-05
-0.000102256
-0.000107144
-0.000111683
-0.000115875
-0.000119725
-0.000123239
-0.000126421
-0.000129279
-0.00013182
-0.000134052
-0.000135983
-0.000137621
-0.000138976
-3.67176e-05
-4.56873e-05
-5.43073e-05
-6.25703e-05
-7.047e-05
-7.80014e-05
-8.51604e-05
-9.19442e-05
-9.83506e-05
-0.000104379
-0.00011003
-0.000115304
-0.000120204
-0.000124732
-0.000128894
-0.000132694
-0.000136138
-0.000139232
-0.000141984
-0.000144402
-0.000146495
-0.000148272
-0.000149741
-0.000150914
-4.85693e-05
-5.78037e-05
-6.66656e-05
-7.51471e-05
-8.32417e-05
-9.09441e-05
-9.82501e-05
-0.000105157
-0.000111662
-0.000117766
-0.000123468
-0.00012877
-0.000133676
-0.000138188
-0.000142312
-0.000146052
-0.000149416
-0.000152412
-0.000155046
-0.000157329
-0.00015927
-0.000160878
-0.000162165
-0.000163141
-6.0825e-05
-7.03332e-05
-7.94446e-05
-8.81509e-05
-9.64451e-05
-0.000104322
-0.000111777
-0.000118807
-0.00012541
-0.000131587
-0.000137337
-0.000142663
-0.000147567
-0.000152056
-0.000156132
-0.000159804
-0.000163078
-0.000165963
-0.000168468
-0.000170603
-0.000172378
-0.000173805
-0.000174894
-0.000175658
-7.34941e-05
-8.32852e-05
-9.2654e-05
-0.000101591
-0.00011009
-0.000118144
-0.00012575
-0.000132903
-0.000139603
-0.00014585
-0.000151644
-0.000156988
-0.000161885
-0.000166341
-0.000170362
-0.000173955
-0.000177128
-0.00017989
-0.000182253
-0.000184226
-0.000185821
-0.00018705
-0.000187927
-0.000188464
-8.6586e-05
-9.66696e-05
-0.000106304
-0.000115478
-0.000124186
-0.000132421
-0.000140178
-0.000147455
-0.00015425
-0.000160564
-0.000166397
-0.000171753
-0.000176635
-0.000181051
-0.000185006
-0.000188509
-0.000191569
-0.000194196
-0.000196402
-0.000198199
-0.000199599
-0.000200616
-0.000201264
-0.000201557
-0.00010011
-0.000110496
-0.000120403
-0.000129821
-0.000138743
-0.000147161
-0.000155072
-0.000162472
-0.00016936
-0.000175737
-0.000181604
-0.000186965
-0.000191825
-0.000196191
-0.00020007
-0.000203471
-0.000206405
-0.000208884
-0.000210919
-0.000212524
-0.000213713
-0.000214502
-0.000214904
-0.000214936
-0.000114077
-0.000124774
-0.000134963
-0.000144631
-0.00015377
-0.000162375
-0.00017044
-0.000177963
-0.000184941
-0.000191377
-0.000197273
-0.000202632
-0.000207461
-0.000211767
-0.000215558
-0.000218846
-0.000221641
-0.000223956
-0.000225805
-0.000227203
-0.000228165
-0.000228707
-0.000228845
-0.000228598
-0.000128495
-0.000139515
-0.000149992
-0.000159917
-0.000169279
-0.000178072
-0.000186292
-0.000193936
-0.000201003
-0.000207493
-0.000213411
-0.000218761
-0.000223549
-0.000227784
-0.000231477
-0.000234637
-0.000237279
-0.000239416
-0.000241063
-0.000242236
-0.000242953
-0.000243231
-0.000243087
-0.000242543
-0.000143376
-0.000154727
-0.000165502
-0.000175689
-0.000185278
-0.000194263
-0.000202639
-0.000210402
-0.000217553
-0.000224093
-0.000230026
-0.000235358
-0.000240096
-0.000244249
-0.00024783
-0.000250849
-0.000253323
-0.000255265
-0.000256693
-0.000257624
-0.000258078
-0.000258073
-0.000257629
-0.000256766
-0.000158729
-0.000170422
-0.000181503
-0.000191959
-0.000201779
-0.000210958
-0.000219489
-0.00022737
-0.000234602
-0.000241186
-0.000247127
-0.000252431
-0.000257108
-0.000261167
-0.000264622
-0.000267486
-0.000269775
-0.000271506
-0.000272697
-0.000273368
-0.000273539
-0.000273232
-0.000272467
-0.000271267
-0.000174563
-0.00018661
-0.000198005
-0.000208736
-0.000218792
-0.000228166
-0.000236852
-0.000244849
-0.000252157
-0.000258779
-0.000264719
-0.000269987
-0.000274591
-0.000278544
-0.000281858
-0.000284551
-0.000286639
-0.000288141
-0.000289077
-0.000289468
-0.000289337
-0.000288706
-0.000287599
-0.000286041
-0.00019089
-0.000203301
-0.000215019
-0.000226031
-0.000236326
-0.000245897
-0.000254738
-0.000262848
-0.000270228
-0.00027688
-0.000282812
-0.000288032
-0.000292551
-0.000296383
-0.000299543
-0.000302048
-0.000303917
-0.000305171
-0.000305832
-0.000305923
-0.000305469
-0.000304495
-0.000303024
-0.000301085
-0.000207718
-0.000220505
-0.000232556
-0.000243855
-0.000254394
-0.000264163
-0.000273158
-0.000281377
-0.000288823
-0.000295499
-0.000301412
-0.000306573
-0.000310995
-0.000314691
-0.000317679
-0.000319979
-0.000321611
-0.000322598
-0.000322964
-0.000322734
-0.000321936
-0.000320595
-0.000318739
-0.000316397
-0.000225056
-0.000238234
-0.000250627
-0.000262219
-0.000273004
-0.000282973
-0.00029212
-0.000300445
-0.000307951
-0.000314642
-0.000320527
-0.000325617
-0.000329926
-0.000333472
-0.000336272
-0.000338348
-0.000339724
-0.000340423
-0.000340473
-0.0003399
-0.000338734
-0.000337004
-0.00033474
-0.000331972
-0.00024292
-0.000256501
-0.000269243
-0.000281134
-0.000292168
-0.000302337
-0.000311635
-0.000320062
-0.00032762
-0.000334317
-0.000340162
-0.000345168
-0.000349351
-0.000352729
-0.000355324
-0.000357157
-0.000358256
-0.000358646
-0.000358357
-0.000357419
-0.000355863
-0.00035372
-0.000351023
-0.000347805
-0.000261327
-0.000275324
-0.000288415
-0.000300608
-0.000311896
-0.000322266
-0.000331711
-0.000340234
-0.000347839
-0.000354532
-0.000360326
-0.000365234
-0.000369275
-0.000372468
-0.000374837
-0.000376408
-0.000377209
-0.000377268
-0.000376618
-0.00037529
-0.000373319
-0.00037074
-0.000367585
-0.000363892
)
;

boundaryField
{
    down
    {
        type            symmetryPlane;
    }
    right
    {
        type            fixedValue;
        value           nonuniform List<scalar> 0();
    }
    up
    {
        type            symmetryPlane;
    }
    left
    {
        type            zeroGradient;
    }
    cylinder
    {
        type            zeroGradient;
    }
    frontAndBack
    {
        type            empty;
    }
    procBoundary1to0
    {
        type            processor;
        value           nonuniform List<scalar> 
73
(
0.000664302
0.000675468
0.000687122
0.000699283
0.000711973
0.000725212
0.000739023
0.000753427
0.000768446
0.000784104
0.000800421
0.00081742
0.000835124
0.000853553
0.000872728
0.000892669
0.000913395
0.000934922
0.000409467
0.000409632
0.000409955
0.000410427
0.000411045
0.000411803
0.000412699
0.000413731
0.000414897
0.000416196
0.000417628
0.000419195
0.000420895
0.000422732
0.000424707
0.000426821
0.000429078
0.000431481
0.000434031
0.000436734
0.000439591
0.000442606
0.000445785
0.000449129
0.000452644
0.000456332
0.000460199
0.000464249
0.000468484
0.00047291
0.000477531
0.000482349
0.00048737
0.000492596
0.000498032
0.000503679
0.000509543
0.000515625
0.000521928
0.000528455
0.000535208
0.000542188
0.000549397
0.000556836
0.000564507
0.000572409
0.000580542
0.000588907
0.000597502
0.000606327
0.00061538
0.000624659
0.000634161
0.000643884
0.000653825
)
;
    }
    procBoundary1to2
    {
        type            processor;
        value           nonuniform List<scalar> 
74
(
-0.000376033
-0.000393311
-0.000411219
-0.000429782
-0.000449026
-0.000468977
-0.000489664
-0.000511116
-0.000533362
-0.000556433
-0.000580362
-0.00060518
-0.000630922
-0.000657621
-0.000685312
-0.000714031
-0.000743815
-0.000774698
-0.000806706
9.62554e-05
9.5824e-05
9.49836e-05
9.37544e-05
9.21533e-05
9.01955e-05
8.78937e-05
8.5259e-05
8.23012e-05
7.90283e-05
7.54476e-05
7.15649e-05
6.73854e-05
6.29134e-05
5.81525e-05
5.31055e-05
4.77748e-05
4.21624e-05
3.62696e-05
3.00976e-05
2.36472e-05
1.69189e-05
9.91292e-06
2.62943e-06
-4.93166e-06
-1.27705e-05
-2.08874e-05
-2.92825e-05
-3.79563e-05
-4.69092e-05
-5.61412e-05
-6.56529e-05
-7.54442e-05
-8.55153e-05
-9.58661e-05
-0.000106496
-0.000117406
-0.000128594
-0.00014006
-0.000151803
-0.000163821
-0.000176114
-0.000188679
-0.000201514
-0.000214618
-0.000227987
-0.000241619
-0.000255511
-0.00026966
-0.000284061
-0.00029871
-0.000313604
-0.000328738
-0.000344107
-0.000359705
)
;
    }
    procBoundary1to5
    {
        type            processor;
        value           nonuniform List<scalar> 
77
(
-0.000932034
-0.00096416
-0.000984978
-0.00100425
-0.00102109
-0.00103437
-0.00104414
-0.00105066
-0.00105407
-0.00105448
-0.00105204
-0.0010469
-0.0010392
-0.000932034
-0.0010392
-0.00108548
-0.00107132
-0.001055
-0.00103671
-0.00101661
-0.000994881
-0.000971705
-0.000947247
-0.000921675
-0.000895149
-0.000867827
-0.000758681
-0.000804585
-0.000849781
-0.000893792
-0.000934546
-0.000710799
-0.000758681
-0.000761138
-0.000318894
-0.000231447
-0.000373203
-0.000421257
-0.000469865
-0.00051917
-0.00051917
-0.000608419
-0.00065987
0.00094869
0.000939122
0.000928493
0.000916731
0.000903765
0.00088952
0.00087392
0.000856885
0.000838337
0.000818197
0.000796387
0.000772831
0.000747453
0.000720184
0.000690959
0.000659718
0.00062641
0.000590995
0.000553441
0.000513732
0.000471866
0.000427858
0.000381741
0.00033357
0.000283421
0.000231393
0.000177611
0.000122225
6.54088e-05
7.36548e-06
-5.16836e-05
-0.000111519
-0.000171668
-0.000231447
)
;
    }
}


// ************************************************************************* //
