/*--------------------------------*- C++ -*----------------------------------*\
| =========                 |                                                 |
| \\      /  F ield         | OpenFOAM: The Open Source CFD Toolbox           |
|  \\    /   O peration     | Version:  2412                                  |
|   \\  /    A nd           | Website:  www.openfoam.com                      |
|    \\/     M anipulation  |                                                 |
\*---------------------------------------------------------------------------*/
FoamFile
{
    version     2.0;
    format      ascii;
    arch        "LSB;label=32;scalar=64";
    class       volScalarField;
    location    "25";
    object      p;
}
// * * * * * * * * * * * * * * * * * * * * * * * * * * * * * * * * * * * * * //

dimensions      [0 2 -2 0 0 0 0];

internalField   nonuniform List<scalar> 
5285
(
-0.000268134
-0.000282289
-0.000295395
-0.000307566
-0.000318787
-0.000329032
-0.000338299
-0.000346591
-0.000353917
-0.000360285
-0.000365711
-0.000370212
-0.00037381
-0.000376528
-0.000378394
-0.000379438
-0.000379691
-0.000379187
-0.000377961
-0.00037605
-0.000373492
-0.000370325
-0.000366586
-0.000362315
-0.00028899
-0.00030369
-0.000317124
-0.0003296
-0.000341081
-0.000351521
-0.000360918
-0.000369279
-0.000376613
-0.000382932
-0.000388252
-0.000392593
-0.000395979
-0.000398437
-0.000399998
-0.000400693
-0.000400558
-0.000399629
-0.000397945
-0.000395547
-0.000392475
-0.00038877
-0.000384474
-0.000379629
-0.000310994
-0.000326274
-0.000340039
-0.000352827
-0.000364576
-0.000375213
-0.000384736
-0.000393157
-0.000400487
-0.000406739
-0.000411932
-0.000416088
-0.000419235
-0.000421402
-0.000422623
-0.000422933
-0.000422371
-0.000420977
-0.000418794
-0.000415865
-0.000412235
-0.000407949
-0.00040305
-0.000397586
-0.000334223
-0.000350118
-0.000364223
-0.000377332
-0.000389357
-0.000400191
-0.000409835
-0.000418307
-0.000425617
-0.000431783
-0.000436825
-0.000440769
-0.000443645
-0.000445486
-0.00044633
-0.000446215
-0.000445184
-0.000443281
-0.000440553
-0.000437047
-0.000432811
-0.000427895
-0.000422346
-0.000416214
-0.000358761
-0.00037531
-0.000389767
-0.000403208
-0.000415513
-0.000426545
-0.000436304
-0.000444814
-0.000452088
-0.000458146
-0.00046301
-0.000466711
-0.000469281
-0.000470758
-0.000471182
-0.000470598
-0.000469052
-0.000466592
-0.000463269
-0.000459135
-0.000454242
-0.000448644
-0.000442392
-0.00043554
-0.000384708
-0.000401952
-0.000416772
-0.000430553
-0.000443145
-0.000454373
-0.000464239
-0.000472772
-0.000479991
-0.000485915
-0.000490571
-0.000493994
-0.000496219
-0.000497289
-0.000497249
-0.000496148
-0.000494035
-0.000490966
-0.000486994
-0.000482176
-0.000476569
-0.000470232
-0.00046322
-0.000455592
-0.000412173
-0.000430154
-0.000445348
-0.000459478
-0.000472362
-0.000483783
-0.000493746
-0.000502286
-0.000509425
-0.000515186
-0.000519601
-0.000522706
-0.000524543
-0.00052516
-0.000524605
-0.000522932
-0.000520198
-0.00051646
-0.00051178
-0.000506218
-0.000499837
-0.000492699
-0.000484866
-0.000476401
-0.000441272
-0.000460036
-0.000475614
-0.000490102
-0.000503281
-0.000514891
-0.000524938
-0.000533465
-0.000540498
-0.000546064
-0.000550198
-0.000552942
-0.000554343
-0.000554453
-0.000553327
-0.000551024
-0.000547607
-0.000543138
-0.000537684
-0.000531312
-0.00052409
-0.000516086
-0.000507365
-0.000497996
-0.000472136
-0.000491732
-0.000507703
-0.000522555
-0.000536033
-0.000547825
-0.000557939
-0.00056643
-0.000573326
-0.000578659
-0.000582469
-0.000584803
-0.000585713
-0.000585259
-0.0005835
-0.000580503
-0.000576334
-0.000571065
-0.000564767
-0.000557514
-0.000549379
-0.000540435
-0.000530755
-0.000520411
-0.000504908
-0.000525387
-0.000541758
-0.000556982
-0.000570759
-0.000582723
-0.000592886
-0.000601312
-0.000608036
-0.000613093
-0.000616529
-0.000618398
-0.000618758
-0.000617674
-0.000615214
-0.000611451
-0.000606457
-0.000600312
-0.000593092
-0.000584879
-0.000575752
-0.000565791
-0.000555073
-0.000543677
-0.000539744
-0.000561161
-0.00057794
-0.000593539
-0.000607613
-0.000619737
-0.000629925
-0.000638254
-0.000644764
-0.000649497
-0.000652503
-0.000653845
-0.000653588
-0.000651803
-0.000648566
-0.000643957
-0.000638057
-0.000630952
-0.000622727
-0.000613469
-0.000603264
-0.0005922
-0.00058036
-0.00056783
-0.000576819
-0.000599232
-0.000616422
-0.0006324
-0.000646766
-0.000659033
-0.000669218
-0.000677411
-0.00068366
-0.000688012
-0.000690526
-0.000691271
-0.000690321
-0.000687755
-0.000683658
-0.000678116
-0.000671221
-0.000663065
-0.000653742
-0.000643346
-0.000631971
-0.000619712
-0.000606659
-0.000592904
-0.000616324
-0.000639794
-0.000657399
-0.000673753
-0.000688404
-0.000700792
-0.00071094
-0.000718951
-0.000724884
-0.000728792
-0.000730742
-0.000730812
-0.000729085
-0.00072565
-0.0007206
-0.00071403
-0.000706041
-0.000696734
-0.000686212
-0.000674577
-0.000661932
-0.000648378
-0.000634013
-0.000618937
-0.000658472
-0.000683066
-0.000701082
-0.000717808
-0.000732731
-0.000745213
-0.000755282
-0.00076306
-0.000768613
-0.000772003
-0.000773309
-0.000772616
-0.000770018
-0.000765615
-0.000759509
-0.000751805
-0.000742615
-0.000732048
-0.000720217
-0.000707233
-0.000693207
-0.00067825
-0.000662467
-0.000645964
-0.000703502
-0.000729286
-0.000747709
-0.000764797
-0.000779974
-0.000792515
-0.000802455
-0.000809936
-0.000815036
-0.000817827
-0.000818395
-0.000816841
-0.000813268
-0.000807786
-0.00080051
-0.000791557
-0.000781046
-0.0007691
-0.000755839
-0.000741386
-0.000725861
-0.000709383
-0.000692066
-0.000674025
-0.000751677
-0.000778725
-0.000797541
-0.000814975
-0.00083038
-0.000842937
-0.000852689
-0.000859802
-0.000864363
-0.000866458
-0.000866186
-0.000863659
-0.000858993
-0.000852312
-0.000843739
-0.000833406
-0.000821445
-0.000807988
-0.000793167
-0.000777115
-0.000759961
-0.000741835
-0.00072286
-0.000703159
-0.000803293
-0.000831677
-0.000850866
-0.000868621
-0.000884219
-0.000896736
-0.000906229
-0.000912894
-0.000916812
-0.000918102
-0.000916873
-0.000913249
-0.000907361
-0.000899345
-0.000889342
-0.000877487
-0.000863931
-0.000848819
-0.000832295
-0.000814501
-0.000795579
-0.000775667
-0.000754899
-0.000733406
-0.000858673
-0.000888465
-0.000907998
-0.000926036
-0.00094178
-0.00095419
-0.000963332
-0.000969422
-0.000972609
-0.000972976
-0.000970658
-0.000965797
-0.000958541
-0.000949041
-0.000937451
-0.000923927
-0.000908621
-0.000891698
-0.000873314
-0.000853625
-0.000832783
-0.000810936
-0.00078823
-0.000764805
-0.00100157
-0.000988223
-0.000972854
-0.000955631
-0.000936728
-0.000916317
-0.000894565
-0.000871638
-0.000847697
-0.000822896
-0.000797388
-0.000151393
-0.000170052
-0.000188065
-0.000205406
-0.000222056
-0.000237993
-0.000253185
-0.000166944
-0.000186338
-0.000205079
-0.000223139
-0.000240498
-0.00025712
-0.000272952
-0.000183275
-0.000203459
-0.000222981
-0.000241811
-0.000259927
-0.000277275
-0.000293782
-0.000200437
-0.00022146
-0.000241812
-0.000261461
-0.000280386
-0.000298516
-0.000315748
-0.000218485
-0.0002404
-0.000261636
-0.00028216
-0.00030195
-0.000320916
-0.000338923
-0.00023748
-0.000260346
-0.000282527
-0.000303985
-0.0003247
-0.000344562
-0.000363397
-0.000257487
-0.000281371
-0.000304561
-0.000327019
-0.000348725
-0.000369547
-0.00038927
-0.00027858
-0.000303552
-0.000327823
-0.000351352
-0.000374121
-0.000395975
-0.000416649
-0.000300836
-0.000326974
-0.000352404
-0.000377083
-0.000400994
-0.000423957
-0.000445651
-0.00032433
-0.000351728
-0.000378407
-0.000404323
-0.00042946
-0.000453618
-0.000476408
-0.000349194
-0.000377934
-0.000405949
-0.000433191
-0.000459649
-0.000485095
-0.000509063
-0.000375523
-0.000405703
-0.000435152
-0.000463821
-0.000491702
-0.000518537
-0.000543773
-0.000403431
-0.000435159
-0.000466152
-0.000496359
-0.000525774
-0.000554112
-0.000580713
-0.000433045
-0.000466441
-0.000499099
-0.000530964
-0.000562038
-0.000592003
-0.000620078
-0.000464506
-0.000499702
-0.000534158
-0.000567817
-0.000600686
-0.000632416
-0.000662084
-0.00049797
-0.000535113
-0.000571516
-0.000607118
-0.000641932
-0.000675581
-0.000706974
-0.000533613
-0.000572865
-0.000611378
-0.000649088
-0.000686017
-0.000721754
-0.000755017
-0.000571631
-0.00061317
-0.000653973
-0.000693973
-0.0007332
-0.000771215
-0.00080651
-0.000612232
-0.000656257
-0.000699549
-0.000742038
-0.000783772
-0.000824277
-0.000861791
-0.000655651
-0.000702385
-5.77745e-06
-2.79108e-05
-4.96393e-05
-7.0973e-05
-9.18668e-05
-0.000112264
-0.000132119
-1.6081e-05
-3.90231e-05
-6.14669e-05
-8.35379e-05
-0.000105183
-0.000126329
-0.000146929
-2.68521e-05
-5.06407e-05
-7.38241e-05
-9.66725e-05
-0.000119118
-0.000141065
-0.000162465
-3.8098e-05
-6.28058e-05
-8.67735e-05
-0.000110444
-0.000133738
-0.000156536
-0.000178783
-4.98507e-05
-7.55145e-05
-0.000100345
-0.000124903
-0.000149089
-0.000172787
-0.000195933
-6.21552e-05
-8.88644e-05
-0.000114576
-0.000140104
-0.000165224
-0.000189872
-0.000213973
-7.50284e-05
-0.000102852
-0.000129496
-0.00015594
-0.000182172
-0.000207843
-0.000232959
-8.85041e-05
-0.000117526
-0.000145188
-0.000172742
-0.000200116
-0.000226772
-0.00025296
-0.000102614
-0.000132916
-0.000161649
-0.000190392
-0.000219329
-0.000246748
-0.000274047
-0.000117398
-0.000149064
-0.000178889
-0.0002086
-0.000237776
-0.00026752
-0.00029627
-0.00013291
-0.000166065
-0.000197114
-0.000228166
-0.000259077
-0.000289758
-0.000319791
-0.000149195
-0.000183965
-0.00021634
-0.000248793
-0.000281211
-0.000313226
-0.000344678
-0.000166294
-0.000202814
-0.000236607
-0.000270539
-0.0003045
-0.000338047
-0.000371039
-0.000184257
-0.000222671
-0.000257989
-0.000293508
-0.000329128
-0.000364334
-0.000398987
-0.000203134
-0.000243606
-0.000280571
-0.000317797
-0.000355202
-0.000392202
-0.000428649
-0.000222987
-0.000265698
-0.000304442
-0.000343511
-0.000382843
-0.000421783
-0.000460169
-0.000243875
-0.00028903
-0.000329703
-0.000370764
-0.000412181
-0.000453222
-0.000493707
-0.00026586
-0.000313684
-0.000356459
-0.000399681
-0.000443359
-0.000486677
-0.000529442
-0.000289011
-0.000339758
-0.00038482
-0.00043039
-0.000476527
-0.00052232
-0.00056756
-0.000560345
-0.000608278
0.000658591
0.000647055
0.000634993
0.000622394
0.000609249
0.000595548
0.000581285
0.000566454
0.00055105
0.00053507
0.000518515
0.000501385
0.000483684
0.000465418
0.000446596
0.00042723
0.000407334
0.000386925
0.000366024
0.000344655
0.000322844
0.000300622
0.000278023
0.000255082
0.000231841
0.000208343
0.000184633
0.000160762
0.00013678
0.000112742
8.87039e-05
6.4723e-05
4.08644e-05
1.72127e-05
0.000669651
0.000658034
0.000645866
0.000633135
0.00061983
0.00060594
0.000591457
0.000576374
0.000560683
0.000544383
0.00052747
0.000509944
0.00049181
0.000473071
0.000453737
0.000433817
0.000413327
0.000392283
0.000370707
0.000348622
0.000326057
0.000303042
0.000279613
0.000255809
0.000231672
0.000207248
0.000182586
0.000157738
0.00013276
0.000107709
8.26473e-05
5.76345e-05
3.27475e-05
8.08545e-06
0.000681209
0.000669522
0.000657259
0.000644405
0.000630948
0.000616876
0.000602178
0.000586845
0.00057087
0.000554247
0.000536973
0.000519047
0.000500471
0.000481248
0.000461386
0.000440896
0.000419791
0.000398089
0.000375809
0.000352978
0.000329623
0.000305777
0.000281477
0.000256764
0.000231682
0.000206279
0.000180608
0.000154726
0.00012869
0.000102563
7.64111e-05
5.02978e-05
2.43115e-05
-1.43078e-06
0.000693288
0.000681544
0.000669197
0.00065623
0.000642631
0.000628384
0.000613477
0.000597899
0.000581642
0.000564697
0.000547061
0.00052873
0.000509704
0.000489987
0.000469584
0.000448506
0.000426765
0.000404379
0.000381368
0.000357758
0.000333577
0.00030886
0.000283645
0.000257974
0.000231894
0.000205457
0.000178718
0.000151737
0.000124578
9.73064e-05
6.99931e-05
4.27063e-05
1.5547e-05
-1.1346e-05
0.000705909
0.000694122
0.000681704
0.000668638
0.000654907
0.000640495
0.000625387
0.000609571
0.000593036
0.000575771
0.000557771
0.000539031
0.000519549
0.000499327
0.000478371
0.000456688
0.00043429
0.000411196
0.000387424
0.000363001
0.000337957
0.000312326
0.000286148
0.000259468
0.000232335
0.000204804
0.000176933
0.000148787
0.000120433
9.19429e-05
6.33919e-05
3.48527e-05
6.44066e-06
-2.16818e-05
0.000719095
0.000707281
0.000694809
0.000681657
0.000667807
0.000653242
0.000637943
0.000621896
0.000605088
0.000587507
0.000569144
0.000549992
0.000530049
0.000509314
0.00048779
0.000465485
0.000442411
0.000418582
0.00039402
0.00036875
0.000342803
0.000316214
0.000289024
0.000261281
0.000233036
0.000204346
0.000175276
0.000145891
0.000116266
8.64777e-05
5.6606e-05
2.67292e-05
-3.02253e-06
-3.24621e-05
0.000732871
0.000721048
0.000708538
0.000695316
0.000681363
0.000666657
0.00065118
0.000634912
0.000617839
0.000599946
0.000581222
0.000561658
0.000541249
0.000519993
0.00049789
0.000474948
0.000451175
0.000426587
0.000401204
0.000375051
0.00034816
0.000320566
0.000292313
0.000263448
0.000234028
0.000204113
0.000173769
0.000143069
0.00011209
8.0917e-05
4.96353e-05
1.83284e-05
-1.2857e-05
-4.37072e-05
0.00074726
0.000735449
0.000722919
0.000709647
0.000695607
0.000680777
0.000665134
0.000648658
0.000631329
0.000613132
0.000594051
0.000574076
0.000553199
0.000531414
0.000508722
0.000485126
0.000460635
0.000435262
0.000409028
0.000381955
0.000354077
0.00032543
0.000296058
0.000266012
0.00023535
0.000204136
0.00017244
0.00014034
0.00010792
7.52691e-05
4.24802e-05
9.6431e-06
-2.3078e-05
-5.54405e-05
0.000762286
0.000750509
0.000737983
0.00072468
0.000710573
0.000695637
0.000679845
0.000663174
0.000645603
0.00062711
0.000607679
0.000587296
0.00056595
0.000543632
0.000520341
0.000496077
0.000470848
0.000444665
0.000417547
0.000389518
0.000360608
0.000330857
0.00030031
0.000269018
0.000237043
0.000204452
0.000171321
0.000137732
0.000103774
6.95437e-05
3.51425e-05
6.66147e-07
-3.37015e-05
-6.76869e-05
0.000777975
0.000766256
0.000753757
0.000740447
0.000726296
0.000711274
0.000695353
0.000678505
0.000660705
0.00064193
0.000622158
0.000601372
0.000579558
0.000556704
0.000532806
0.000507861
0.000481875
0.000454857
0.000426824
0.000397799
0.000367814
0.000336906
0.000305122
0.000272517
0.000239154
0.000205103
0.000170446
0.00013527
9.96712e-05
6.37531e-05
2.76249e-05
-8.60949e-06
-4.47453e-05
-8.0475e-05
0.000794351
0.000782718
0.000770274
0.000756983
0.000742812
0.000727729
0.000711701
0.000694696
0.000676686
0.000657642
0.000637541
0.000616361
0.000594082
0.000570692
0.000546181
0.000520544
0.000493783
0.000465905
0.000436926
0.000406867
0.000375759
0.000343639
0.000310556
0.000276566
0.000241734
0.000206136
0.000169856
0.000132989
9.56369e-05
5.7912e-05
1.99321e-05
-1.81905e-05
-5.62285e-05
-9.38391e-05
0.00081144
0.000799923
0.000787563
0.000774321
0.000760159
0.000745042
0.000728932
0.000711794
0.000693594
0.000674302
0.000653886
0.000632322
0.000609587
0.000585662
0.000560534
0.000534195
0.000506643
0.000477883
0.000447926
0.000416794
0.000384515
0.000351127
0.000316679
0.000281228
0.000244843
0.000207602
0.000169597
0.000130925
9.1699e-05
5.20384e-05
1.20708e-05
-2.80823e-05
-6.81695e-05
-0.000107811
0.000829265
0.000817899
0.000805656
0.000792495
0.000778374
0.000763254
0.000747091
0.000729848
0.000711484
0.000691964
0.000671253
0.000649321
0.000626139
0.000601685
0.00057594
0.000548892
0.000520535
0.00049087
0.000459906
0.000427661
0.000394162
0.000359448
0.000323565
0.000286574
0.000248545
0.000209562
0.000169719
0.000129122
8.78904e-05
4.6154e-05
4.05062e-06
-3.82884e-05
-8.05854e-05
-0.000122422
0.000847853
0.000836673
0.000824584
0.00081154
0.000797496
0.000782407
0.000766226
0.000748908
0.00073041
0.000710689
0.000689706
0.000667424
0.00064381
0.000618835
0.000592476
0.000564715
0.000535542
0.000504952
0.000472951
0.000439555
0.000404788
0.000368686
0.000331297
0.000292683
0.000252915
0.000212081
0.000170281
0.000127628
8.42495e-05
4.02851e-05
-4.11576e-06
-4.88105e-05
-9.34934e-05
-0.000137704
0.000867227
0.000856272
0.000844378
0.000831492
0.000817565
0.000802546
0.000786384
0.000769028
0.000750429
0.000730539
0.000709311
0.000686703
0.000662676
0.000637194
0.000610228
0.000581754
0.000551754
0.000520222
0.000487158
0.000452572
0.000416487
0.000378936
0.000339968
0.000299642
0.000258035
0.000215236
0.000171351
0.0001265
8.08204e-05
3.44621e-05
-1.24127e-05
-5.96492e-05
-0.000106911
-0.000153694
0.000887409
0.000876725
0.000865068
0.000852384
0.000838618
0.000823713
0.000807613
0.00079026
0.0007716
0.000751577
0.000730138
0.000707234
0.000682817
0.000656847
0.000629285
0.000600101
0.000569272
0.000536783
0.000502629
0.000466817
0.000429365
0.000390303
0.000349677
0.000307549
0.000263995
0.00021911
0.000173002
0.000125802
7.7654e-05
2.87213e-05
-2.08206e-05
-7.08031e-05
-0.000120857
-0.000170431
0.000908423
0.000898057
0.000886686
0.000874253
0.000860697
0.000845955
0.000829965
0.000812662
0.000793985
0.000773872
0.000752261
0.000729095
0.00070432
0.000677885
0.000649744
0.00061986
0.000588201
0.000554745
0.00051948
0.000482407
0.000443539
0.000402903
0.000360542
0.000316516
0.000270903
0.000223801
0.000175324
0.00012561
7.48128e-05
2.31088e-05
-2.93117e-05
-8.22647e-05
-0.000135345
-0.000187953
0.000930291
0.000920294
0.000909263
0.000897135
0.000883842
0.000869318
0.000853491
0.000836292
0.00081765
0.000797495
0.000775758
0.000752373
0.000727276
0.000700407
0.000671712
0.000641143
0.000608659
0.000574231
0.000537837
0.000499472
0.000459141
0.000416867
0.00037269
0.000326668
0.000278879
0.000229422
0.000178419
0.000126013
7.23705e-05
1.76806e-05
-3.78502e-05
-9.40207e-05
-0.000150387
-0.000206299
0.000411087
0.000406373
0.000401638
0.000396884
0.000392113
0.000387325
0.000382521
0.000377703
0.000372872
0.00036803
0.000363178
0.000358318
0.00035345
0.000348577
0.0003437
0.00033882
0.000333939
0.000329058
0.000324179
0.000319303
0.000314432
0.000309568
0.000304712
0.000299864
0.000295028
0.000290205
0.000285395
0.000280601
0.000275824
0.000271065
0.000266326
0.000261609
0.000256914
0.000252244
0.000411244
0.00040652
0.000401776
0.000397013
0.000392231
0.000387433
0.000382619
0.000377791
0.000372949
0.000368097
0.000363234
0.000358363
0.000353484
0.0003486
0.000343712
0.000338821
0.000333928
0.000329036
0.000324146
0.000319259
0.000314377
0.000309501
0.000304633
0.000299774
0.000294927
0.000290092
0.000285271
0.000280465
0.000275677
0.000270907
0.000266157
0.000261429
0.000256724
0.000252043
0.000411549
0.000406808
0.000402045
0.000397263
0.000392462
0.000387645
0.000382811
0.000377962
0.000373101
0.000368228
0.000363344
0.000358452
0.000353552
0.000348646
0.000343736
0.000338823
0.000333909
0.000328995
0.000324082
0.000319173
0.000314268
0.00030937
0.00030448
0.000299599
0.000294729
0.000289872
0.000285029
0.000280201
0.000275391
0.0002706
0.000265828
0.000261079
0.000256352
0.000251651
0.000411997
0.00040723
0.00040244
0.00039763
0.000392802
0.000387955
0.000383093
0.000378215
0.000373323
0.00036842
0.000363506
0.000358583
0.000353652
0.000348715
0.000343773
0.000338828
0.000333881
0.000328935
0.00032399
0.000319048
0.000314111
0.00030918
0.000304257
0.000299343
0.000294441
0.000289551
0.000284675
0.000279816
0.000274973
0.00027015
0.000265347
0.000260567
0.000255809
0.000251077
0.000412583
0.000407781
0.000402956
0.00039811
0.000393246
0.000388362
0.000383462
0.000378546
0.000373616
0.000368673
0.000363719
0.000358755
0.000353784
0.000348805
0.000343822
0.000338836
0.000333847
0.000328858
0.000323871
0.000318886
0.000313906
0.000308933
0.000303967
0.000299011
0.000294066
0.000289133
0.000284216
0.000279314
0.00027443
0.000269565
0.000264721
0.000259899
0.000255102
0.00025033
0.000413303
0.000408458
0.000403591
0.000398701
0.000393792
0.000388863
0.000383917
0.000378954
0.000373976
0.000368985
0.000363983
0.00035897
0.000353948
0.000348919
0.000343885
0.000338848
0.000333807
0.000328767
0.000323727
0.000318691
0.000313659
0.000308632
0.000303614
0.000298606
0.000293608
0.000288624
0.000283654
0.000278701
0.000273765
0.000268849
0.000263955
0.000259083
0.000254236
0.000249415
0.000414153
0.000409259
0.000404341
0.0003994
0.000394439
0.000389457
0.000384456
0.000379438
0.000374404
0.000369357
0.000364297
0.000359226
0.000354145
0.000349057
0.000343964
0.000338865
0.000333765
0.000328663
0.000323562
0.000318464
0.00031337
0.000308282
0.000303202
0.000298131
0.000293072
0.000288026
0.000282995
0.000277981
0.000272984
0.000268008
0.000263054
0.000258123
0.000253218
0.000248339
0.000415132
0.000410182
0.000405206
0.000400207
0.000395185
0.000390142
0.000385079
0.000379998
0.000374901
0.000369788
0.000364662
0.000359524
0.000354377
0.000349221
0.000344058
0.000338891
0.00033372
0.000328548
0.000323377
0.000318208
0.000313043
0.000307884
0.000302733
0.000297591
0.000292461
0.000287344
0.000282242
0.000277157
0.000272091
0.000267046
0.000262023
0.000257024
0.000252052
0.000247107
0.000416238
0.000411225
0.000406185
0.00040112
0.000396031
0.000390919
0.000385787
0.000380635
0.000375465
0.000370279
0.000365079
0.000359867
0.000354643
0.000349411
0.000344171
0.000338925
0.000333676
0.000328425
0.000323174
0.000317925
0.00031268
0.000307441
0.000302209
0.000296987
0.000291777
0.00028658
0.000281399
0.000276235
0.00027109
0.000265966
0.000260866
0.00025579
0.000250742
0.000245721
0.000417472
0.000412389
0.000407277
0.000402139
0.000396976
0.000391789
0.000386579
0.000381348
0.000376099
0.000370832
0.00036555
0.000360254
0.000354947
0.000349629
0.000344303
0.000338971
0.000333634
0.000328295
0.000322956
0.000317618
0.000312284
0.000306956
0.000301635
0.000296323
0.000291024
0.000285738
0.000280468
0.000275215
0.000269983
0.000264772
0.000259585
0.000254424
0.000249291
0.000244187
0.000418832
0.000413673
0.000408484
0.000403266
0.000398022
0.000392751
0.000387457
0.000382141
0.000376804
0.000371449
0.000366076
0.000360689
0.000355289
0.000349878
0.000344458
0.00033903
0.000333598
0.000328162
0.000322726
0.00031729
0.000311858
0.000306431
0.000301012
0.000295602
0.000290204
0.00028482
0.000279452
0.000274102
0.000268773
0.000263466
0.000258184
0.000252929
0.000247702
0.000242506
0.00042032
0.000415079
0.000409805
0.000404501
0.000399169
0.000393809
0.000388423
0.000383013
0.000377581
0.00037213
0.00036666
0.000361173
0.000355673
0.00035016
0.000344637
0.000339105
0.000333568
0.000328027
0.000322485
0.000316943
0.000311404
0.00030587
0.000300343
0.000294826
0.00028932
0.000283829
0.000278354
0.000272898
0.000267463
0.000262051
0.000256665
0.000251306
0.000245978
0.000240681
0.000421936
0.000416607
0.000411243
0.000405846
0.000400419
0.000394962
0.000389478
0.000383968
0.000378434
0.000372878
0.000367302
0.000361709
0.0003561
0.000350477
0.000344843
0.000339199
0.000333549
0.000327894
0.000322237
0.000316579
0.000310924
0.000305274
0.00029963
0.000293997
0.000288375
0.000282767
0.000277177
0.000271605
0.000266055
0.000260529
0.00025503
0.000249559
0.00024412
0.000238714
0.000423682
0.000418259
0.000412798
0.000407303
0.000401775
0.000396215
0.000390625
0.000385007
0.000379363
0.000373696
0.000368007
0.000362299
0.000356573
0.000350832
0.000345078
0.000339314
0.000333542
0.000327764
0.000321983
0.000316202
0.000310422
0.000304646
0.000298877
0.000293117
0.00028737
0.000281637
0.000275921
0.000270225
0.000264551
0.000258902
0.000253281
0.000247689
0.00024213
0.000236606
0.00042556
0.000420037
0.000414474
0.000408874
0.000403238
0.000397568
0.000391866
0.000386134
0.000380373
0.000374587
0.000368777
0.000362946
0.000357095
0.000351228
0.000345347
0.000339454
0.000333551
0.000327642
0.000321728
0.000315813
0.000309899
0.000303989
0.000298085
0.000292191
0.000286308
0.00028044
0.00027459
0.00026876
0.000262953
0.000257172
0.000251419
0.000245697
0.00024001
0.000234359
0.000427572
0.000421944
0.000416273
0.000410562
0.000404812
0.000399026
0.000393204
0.000387351
0.000381466
0.000375554
0.000369615
0.000363653
0.00035767
0.000351669
0.000345651
0.00033962
0.000333579
0.000327529
0.000321474
0.000315416
0.000309359
0.000303305
0.000297257
0.000291219
0.000285192
0.00027918
0.000273185
0.000267212
0.000261262
0.000255339
0.000249446
0.000243585
0.00023776
0.000231972
0.000429721
0.000423982
0.000418197
0.000412369
0.0004065
0.000400591
0.000394644
0.000388661
0.000382646
0.0003766
0.000370525
0.000364425
0.000358301
0.000352157
0.000345995
0.000339818
0.000333628
0.000327429
0.000321224
0.000315015
0.000308805
0.000302598
0.000296396
0.000290204
0.000284023
0.000277857
0.000271709
0.000265582
0.000259481
0.000253406
0.000247363
0.000241353
0.000235381
0.000229448
0.000432009
0.000426154
0.00042025
0.0004143
0.000408304
0.000402266
0.000396187
0.000390069
0.000383916
0.000377729
0.00037151
0.000365264
0.000358992
0.000352697
0.000346382
0.000340049
0.000333703
0.000327346
0.000320981
0.000314611
0.000308239
0.000301869
0.000295504
0.000289148
0.000282803
0.000276474
0.000270162
0.000263873
0.000257609
0.000251374
0.00024517
0.000239002
0.000232873
0.000226786
0.000434439
0.000428464
0.000422435
0.000416357
0.00041023
0.000404056
0.000397838
0.000391579
0.00038528
0.000378944
0.000372575
0.000366174
0.000359746
0.000353291
0.000346815
0.000340319
0.000333807
0.000327282
0.000320748
0.000314208
0.000307665
0.000301122
0.000294584
0.000288054
0.000281536
0.000275033
0.000268548
0.000262086
0.000255649
0.000249243
0.00024287
0.000236533
0.000230238
0.000223986
0.000437016
0.000430915
0.000424757
0.000418544
0.000412279
0.000405964
0.000399601
0.000393193
0.000386742
0.000380251
0.000373723
0.000367161
0.000360567
0.000353945
0.000347298
0.00034063
0.000333943
0.000327242
0.000320529
0.000313809
0.000307085
0.00030036
0.000293639
0.000286925
0.000280223
0.000273536
0.000266867
0.000260222
0.000253603
0.000247015
0.000240461
0.000233947
0.000227474
0.000221048
0.000439742
0.00043351
0.000427217
0.000420866
0.000414458
0.000407995
0.000401481
0.000394917
0.000388307
0.000381653
0.000374959
0.000368227
0.00036146
0.000354662
0.000347837
0.000340987
0.000334116
0.000327229
0.000320328
0.000313418
0.000306503
0.000299586
0.000292671
0.000285764
0.000278867
0.000271985
0.000265122
0.000258282
0.00025147
0.00024469
0.000237946
0.000231243
0.000224583
0.000217972
0.000442621
0.000436255
0.000429822
0.000423326
0.000416769
0.000410153
0.000403481
0.000396756
0.000389979
0.000383155
0.000376287
0.000369377
0.000362429
0.000355447
0.000348434
0.000341394
0.00033433
0.000327247
0.000320149
0.000313039
0.000305922
0.000298802
0.000291684
0.000284571
0.000277469
0.000270382
0.000263314
0.000256269
0.000249253
0.00024227
0.000235325
0.000228421
0.000221564
0.000214758
0.000445658
0.000439151
0.000432574
0.000425929
0.000419218
0.000412443
0.000405607
0.000398713
0.000391763
0.000384762
0.000377712
0.000370617
0.00036348
0.000356305
0.000349095
0.000341855
0.000334589
0.000327301
0.000319995
0.000312675
0.000305346
0.000298013
0.00029068
0.000283352
0.000276033
0.000268729
0.000261445
0.000254184
0.000246953
0.000239756
0.000232597
0.000225483
0.000218417
0.000211405
0.000448855
0.000442205
0.000435479
0.000428679
0.000421808
0.000414869
0.000407863
0.000400794
0.000393665
0.000386479
0.00037924
0.000371951
0.000364617
0.00035724
0.000349825
0.000342376
0.000334898
0.000327394
0.00031987
0.00031233
0.000304779
0.000297221
0.000289663
0.000282108
0.000274562
0.00026703
0.000259517
0.000252029
0.000244571
0.000237147
0.000229765
0.000222428
0.000215142
0.000207912
0.000452218
0.00044542
0.00043854
0.000431582
0.000424546
0.000417436
0.000410254
0.000403003
0.000395688
0.000388311
0.000380875
0.000373385
0.000365844
0.000358257
0.000350628
0.000342961
0.000335261
0.000327532
0.000319779
0.000312008
0.000304224
0.000296431
0.000288635
0.000280842
0.000273057
0.000265285
0.000257532
0.000249805
0.000242107
0.000234446
0.000226827
0.000219256
0.000211738
0.000204279
0.00045575
0.000448801
0.000441763
0.000434641
0.000427435
0.000420149
0.000412785
0.000405348
0.000397839
0.000390263
0.000382623
0.000374923
0.000367168
0.000359362
0.000351509
0.000343614
0.000335682
0.000327718
0.000319727
0.000311714
0.000303685
0.000295646
0.000287601
0.000279558
0.000271521
0.000263498
0.000255493
0.000247513
0.000239564
0.000231653
0.000223785
0.000215967
0.000208205
0.000200504
0.000459456
0.000452351
0.000445152
0.000437862
0.000430481
0.000423014
0.000415463
0.000407831
0.000400122
0.00039234
0.000384489
0.000376572
0.000368595
0.00036056
0.000352475
0.000344342
0.000336169
0.000327959
0.000319718
0.000311452
0.000303167
0.000294869
0.000286564
0.000278259
0.000269959
0.00026167
0.000253401
0.000245156
0.000236943
0.000228769
0.00022064
0.000212562
0.000204543
0.000196588
0.000463339
0.000456077
0.000448712
0.000441249
0.000433689
0.000426036
0.000418291
0.00041046
0.000402545
0.00039455
0.000386479
0.000378337
0.000370128
0.000361857
0.00035353
0.00034515
0.000336724
0.000328258
0.000319757
0.000311227
0.000302674
0.000294106
0.000285528
0.000276948
0.000268371
0.000259806
0.000251258
0.000242736
0.000234245
0.000225795
0.00021739
0.00020904
0.00020075
0.000192529
0.000467405
0.000459981
0.000452448
0.000444808
0.000437065
0.00042922
0.000421277
0.000413239
0.000405111
0.000396897
0.000388599
0.000380224
0.000371776
0.000363259
0.00035468
0.000346043
0.000337355
0.000328621
0.000319848
0.000311043
0.000302211
0.00029336
0.000284497
0.000275629
0.000266763
0.000257906
0.000249067
0.000240253
0.000231472
0.000222731
0.000214038
0.000205401
0.000196828
0.000188326
0.000471657
0.000464069
0.000456364
0.000448544
0.000440612
0.000432571
0.000424425
0.000416176
0.000407828
0.000399387
0.000390855
0.000382239
0.000373542
0.000364771
0.000355931
0.000347027
0.000338066
0.000329054
0.000319999
0.000310905
0.000301782
0.000292636
0.000283474
0.000274305
0.000265136
0.000255976
0.000246831
0.000237712
0.000228625
0.000219579
0.000210584
0.000201646
0.000192775
0.000183978
0.000476101
0.000468346
0.000460465
0.000452461
0.000444338
0.000436096
0.00042774
0.000419274
0.000410701
0.000402026
0.000393253
0.000384388
0.000375435
0.0003664
0.000357289
0.000348108
0.000338864
0.000329563
0.000320212
0.00031082
0.000301392
0.000291938
0.000282465
0.000272981
0.000263495
0.000254016
0.000244552
0.000235112
0.000225706
0.000216341
0.000207027
0.000197774
0.00018859
0.000179485
0.000480739
0.000472815
0.000464756
0.000456566
0.000448246
0.0004398
0.00043123
0.000422541
0.000413737
0.000404821
0.0003958
0.000386678
0.00037746
0.000368152
0.000358761
0.000349293
0.000339754
0.000330153
0.000320496
0.000310791
0.000301047
0.000291271
0.000281473
0.000271661
0.000261844
0.000252031
0.000242233
0.000232458
0.000222716
0.000213017
0.00020337
0.000193786
0.000184274
0.000174845
0.000485576
0.000477481
0.000469242
0.000460862
0.000452343
0.000443687
0.000434899
0.000425982
0.00041694
0.000407778
0.000398501
0.000389114
0.000379623
0.000370033
0.000360352
0.000350586
0.000340743
0.00033083
0.000320854
0.000310825
0.000300751
0.000290641
0.000280503
0.000270348
0.000260185
0.000250025
0.000239876
0.00022975
0.000219658
0.000209608
0.000199613
0.000189682
0.000179826
0.000170057
0.000490616
0.000482349
0.000473928
0.000465355
0.000456633
0.000447765
0.000438754
0.000429604
0.000420319
0.000410904
0.000401364
0.000391704
0.000381931
0.000372051
0.00036207
0.000351997
0.000341837
0.0003316
0.000321294
0.000310928
0.00030051
0.000290051
0.00027956
0.000269048
0.000258524
0.000248
0.000237485
0.000226993
0.000216533
0.000206116
0.000195756
0.000185462
0.000175246
0.00016512
0.000495864
0.000487423
0.000478818
0.00047005
0.000461123
0.000452038
0.000442799
0.000433411
0.000423878
0.000414203
0.000404394
0.000394454
0.000384391
0.000374211
0.000363922
0.000353529
0.000343043
0.000332471
0.000321822
0.000311105
0.000300331
0.000289509
0.00027865
0.000267764
0.000256864
0.00024596
0.000235064
0.000224187
0.000213343
0.000202543
0.0001918
0.000181126
0.000170533
0.000160033
0.000501322
0.000492707
0.000483916
0.000474952
0.000465816
0.000456512
0.000447042
0.000437412
0.000427624
0.000417684
0.000407598
0.000397371
0.00038701
0.000376522
0.000365913
0.000355192
0.000344367
0.000333448
0.000322443
0.000311363
0.000300218
0.000289019
0.000277776
0.000266503
0.000255209
0.000243909
0.000232614
0.000221337
0.000210091
0.00019889
0.000187747
0.000176674
0.000165686
0.000154796
0.000506994
0.000498205
0.000489227
0.000480065
0.000470719
0.000461192
0.000451488
0.00044161
0.000431564
0.000421353
0.000410984
0.000400462
0.000389795
0.000378988
0.000368051
0.000356991
0.000345817
0.000334538
0.000323165
0.000311708
0.000300178
0.000288587
0.000276946
0.000265268
0.000253565
0.000241852
0.00023014
0.000218445
0.00020678
0.000195159
0.000183597
0.000172108
0.000160706
0.000149407
0.000512884
0.00050392
0.000494756
0.000485393
0.000475835
0.000466083
0.000456141
0.000446013
0.000435703
0.000425216
0.000414557
0.000403734
0.000392752
0.000381619
0.000370343
0.000358934
0.000347399
0.000335749
0.000323995
0.000312147
0.000300218
0.000288219
0.000276164
0.000264065
0.000251936
0.000239792
0.000227646
0.000215514
0.000203411
0.000191352
0.000179352
0.000167427
0.000155593
0.000143866
0.000518995
0.000509857
0.000500505
0.000490943
0.000481171
0.000471192
0.000461009
0.000450626
0.000440048
0.000429279
0.000418325
0.000407193
0.000395889
0.000384421
0.000372797
0.000361027
0.00034912
0.000337087
0.000324939
0.000312687
0.000300343
0.000287922
0.000275436
0.000262899
0.000250327
0.000237734
0.000225136
0.000212548
0.000199987
0.00018747
0.000175013
0.000162633
0.000150346
0.000138171
0.00052533
0.000516018
0.00050648
0.000496717
0.00048673
0.000476522
0.000466096
0.000455455
0.000444605
0.000433549
0.000422294
0.000410846
0.000399212
0.0003874
0.00037542
0.000363279
0.000350989
0.00033856
0.000326004
0.000313333
0.000300561
0.000287702
0.000274768
0.000261777
0.000248743
0.000235683
0.000222613
0.00020955
0.000196512
0.000183516
0.000170581
0.000157725
0.000144966
0.000132321
0.000531891
0.000522407
0.000512683
0.000502719
0.000492517
0.000482079
0.000471407
0.000460506
0.000449379
0.000438032
0.00042647
0.0004147
0.000402729
0.000390566
0.000378218
0.000365697
0.000353012
0.000340175
0.000327198
0.000314095
0.000300879
0.000287565
0.000274168
0.000260704
0.00024719
0.000233643
0.000220082
0.000206523
0.000192987
0.000179493
0.000166059
0.000152705
0.000139451
0.000126317
0.000538681
0.000529027
0.000519118
0.000508954
0.000498537
0.000487867
0.000476949
0.000465784
0.000454378
0.000442735
0.000430862
0.000418763
0.000406448
0.000393924
0.0003812
0.000368288
0.000355197
0.000341939
0.000328528
0.000314978
0.000301303
0.000287518
0.00027364
0.000259685
0.000245673
0.00023162
0.000217547
0.000203473
0.000189418
0.000175402
0.000161447
0.000147574
0.000133804
0.000120158
0.000545701
0.00053588
0.000525788
0.000515426
0.000504793
0.000493892
0.000482725
0.000471295
0.000459607
0.000447664
0.000435474
0.000423041
0.000410374
0.000397482
0.000384373
0.000371059
0.000357551
0.000343861
0.000330003
0.000315991
0.00030184
0.000287568
0.000273191
0.000258728
0.000244197
0.000229619
0.000215013
0.000200402
0.000185805
0.000171247
0.000156748
0.000142332
0.000128023
0.000113841
0.000552955
0.000542969
0.000532696
0.000522136
0.000511289
0.000500157
0.000488741
0.000477044
0.000465071
0.000452825
0.000440313
0.000427541
0.000414516
0.000401248
0.000387745
0.00037402
0.000360083
0.000345948
0.000331628
0.00031714
0.000302499
0.000287723
0.00027283
0.000257839
0.00024277
0.000227645
0.000212486
0.000197315
0.000182154
0.000167029
0.000151964
0.000136982
0.000122108
0.000107369
0.000560442
0.000550295
0.000539844
0.000529089
0.000518029
0.000506666
0.000495001
0.000483036
0.000470776
0.000458224
0.000445386
0.000432269
0.00041888
0.000405228
0.000391323
0.000377176
0.0003628
0.000348207
0.000333413
0.000318434
0.000303287
0.000287989
0.000272562
0.000257024
0.000241397
0.000225705
0.000209969
0.000194216
0.000178469
0.000162753
0.000147096
0.000131523
0.000116062
0.000100738
0.000568164
0.00055786
0.000547235
0.000536287
0.000525017
0.000513424
0.00050151
0.000489276
0.000476727
0.000463866
0.000450699
0.000437232
0.000423473
0.00040943
0.000395114
0.000380537
0.00036571
0.000350648
0.000335366
0.000319881
0.000304211
0.000288375
0.000272394
0.00025629
0.000240085
0.000223803
0.000207469
0.00019111
0.000174752
0.000158422
0.000142148
0.000125959
0.000109883
9.39504e-05
0.000576122
0.000565665
0.000554869
0.000543733
0.000532254
0.000520433
0.000508271
0.000495769
0.00048293
0.000469758
0.000456259
0.000442437
0.000428302
0.000413862
0.000399127
0.000384109
0.000368821
0.000353277
0.000337494
0.000321488
0.00030528
0.000288888
0.000272335
0.000255644
0.00023884
0.000221946
0.000204991
0.000188002
0.000171008
0.000154038
0.000137121
0.000120289
0.000103573
8.70044e-05
0.000584317
0.000573712
0.00056275
0.000551428
0.000539744
0.000527697
0.000515288
0.000502518
0.000489389
0.000475905
0.00046207
0.000447891
0.000433374
0.00041853
0.000403368
0.000387901
0.000372141
0.000356103
0.000339805
0.000323264
0.000306501
0.000289536
0.000272392
0.000255094
0.000237668
0.000220141
0.000202541
0.000184898
0.000167242
0.000149605
0.000132019
0.000114517
9.71329e-05
7.99e-05
0.000592747
0.000582
0.000570877
0.000559374
0.000547488
0.000535219
0.000522565
0.000509528
0.000496109
0.000482311
0.000468139
0.000453598
0.000438696
0.000423442
0.000407846
0.00039192
0.000375677
0.000359134
0.000342308
0.000325217
0.000307882
0.000290326
0.000272573
0.000254648
0.000236578
0.000218394
0.000200124
0.000181801
0.000163458
0.000145127
0.000126844
0.000108644
9.05628e-05
7.26374e-05
0.000601412
0.00059053
0.000579252
0.000567572
0.00055549
0.000543001
0.000530105
0.000516802
0.000503094
0.000488982
0.000474471
0.000459566
0.000444274
0.000428604
0.000412566
0.000396173
0.000379439
0.000362379
0.000345011
0.000327355
0.000309433
0.000291268
0.000272885
0.000254312
0.000235577
0.000216712
0.000197748
0.000178719
0.00015966
0.000140608
0.000121599
0.000102672
8.38644e-05
6.52164e-05
0.000610313
0.000599301
0.000587874
0.000576024
0.000563749
0.000551046
0.000537911
0.000524345
0.000510348
0.000495922
0.000481071
0.000465799
0.000450114
0.000434023
0.000417538
0.00040067
0.000383433
0.000365845
0.000347923
0.000329687
0.000311161
0.000292368
0.000273336
0.000254094
0.000234671
0.000215101
0.000195417
0.000175656
0.000155855
0.000136053
0.000116289
9.66036e-05
7.70391e-05
5.76374e-05
0.000619446
0.000608314
0.000596744
0.00058473
0.000572268
0.000559354
0.000545985
0.000532159
0.000517875
0.000503137
0.000487945
0.000472305
0.000456222
0.000439706
0.000422767
0.000405416
0.000387668
0.00036954
0.000351051
0.000332221
0.000313074
0.000293637
0.000273936
0.000254003
0.000233869
0.000213569
0.00019314
0.000172619
0.000152047
0.000131465
0.000110916
9.04419e-05
7.00887e-05
4.99012e-05
0.000628812
0.000617565
0.000605861
0.00059369
0.000581048
0.000567928
0.000554329
0.000540246
0.000525679
0.000510628
0.000495096
0.000479087
0.000462605
0.00044566
0.00042826
0.000410419
0.000392151
0.000373473
0.000354403
0.000334965
0.000315182
0.000295081
0.000274692
0.000254046
0.000233177
0.000212123
0.000190922
0.000169614
0.000148242
0.00012685
0.000105484
8.41898e-05
6.30152e-05
4.20085e-05
0.000638406
0.000627055
0.000615223
0.000602903
0.000590087
0.000576769
0.000562944
0.000548609
0.000533762
0.000518402
0.00050253
0.00048615
0.000469268
0.000451889
0.000434025
0.000415687
0.00039689
0.000377651
0.000357989
0.000337928
0.000317492
0.00029671
0.000275612
0.000254232
0.000232605
0.000210771
0.00018877
0.000166646
0.000144445
0.000122212
9.99976e-05
7.78506e-05
5.58212e-05
3.39616e-05
0.000648227
0.00063678
0.00062483
0.000612368
0.000599386
0.000585876
0.000571832
0.00055725
0.000542126
0.000526459
0.00051025
0.0004935
0.000476215
0.000458401
0.000440068
0.000421226
0.000401892
0.000382082
0.000361817
0.000341119
0.000320014
0.000298532
0.000276705
0.000254568
0.00023216
0.00020952
0.000186692
0.000163723
0.000140661
0.000117557
9.44618e-05
7.14292e-05
4.8513e-05
2.57738e-05
0.000247706
0.000243298
0.000238917
0.000234563
0.000230236
0.00022594
0.000221673
0.000247494
0.000243077
0.000238686
0.000234322
0.000229986
0.00022568
0.000221405
0.000247082
0.000242646
0.000238236
0.000233853
0.000229499
0.000225175
0.000220882
0.000246479
0.000242015
0.000237577
0.000233167
0.000228786
0.000224435
0.000220116
0.000245694
0.000241192
0.000236717
0.000232272
0.000227856
0.000223471
0.000219118
0.000244732
0.000240185
0.000235666
0.000231176
0.000226717
0.00022229
0.000217896
0.0002436
0.000239
0.000234428
0.000229886
0.000225376
0.000220899
0.000216456
0.000242304
0.000237641
0.000233009
0.000228408
0.000223839
0.000219304
0.000214805
0.000240846
0.000236114
0.000231413
0.000226744
0.00022211
0.00021751
0.000212947
0.000239231
0.000234421
0.000229644
0.0002249
0.000220192
0.00021552
0.000210887
0.000237461
0.000232566
0.000227705
0.000222878
0.000218089
0.000213338
0.000208626
0.000235539
0.000230551
0.000225597
0.00022068
0.000215802
0.000210964
0.000206168
0.000233466
0.000228377
0.000223323
0.000218309
0.000213334
0.000208402
0.000203513
0.000231245
0.000226045
0.000220884
0.000215764
0.000210685
0.000205651
0.000200663
0.000228875
0.000223558
0.000218281
0.000213046
0.000207856
0.000202713
0.000197618
0.000226358
0.000220914
0.000215513
0.000210157
0.000204848
0.000199587
0.000194378
0.000223693
0.000218115
0.000212582
0.000207096
0.000201658
0.000196273
0.000190942
0.000220882
0.000215161
0.000209486
0.000203861
0.000198288
0.00019277
0.00018731
0.000217924
0.00021205
0.000206225
0.000200453
0.000194736
0.000189077
0.000183479
0.000214818
0.000208782
0.000202799
0.000196871
0.000191001
0.000185192
0.000179448
0.000211564
0.000205357
0.000199206
0.000193113
0.000187081
0.000181114
0.000175215
0.000208162
0.000201774
0.000195444
0.000189177
0.000182974
0.00017684
0.000170778
0.00020461
0.000198031
0.000191514
0.000185061
0.000178678
0.000172368
0.000166134
0.000200907
0.000194127
0.000187411
0.000180765
0.000174191
0.000167695
0.00016128
0.000197053
0.00019006
0.000183136
0.000176285
0.000169511
0.000162819
0.000156213
0.000193046
0.00018583
0.000178686
0.000171619
0.000164634
0.000157736
0.000150929
0.000188885
0.000181434
0.000174058
0.000166765
0.000159558
0.000152443
0.000145426
0.000184569
0.00017687
0.000169252
0.00016172
0.00015428
0.000146937
0.000139698
0.000180096
0.000172137
0.000164263
0.000156481
0.000148796
0.000141215
0.000133743
0.000175464
0.000167232
0.00015909
0.000151045
0.000143103
0.000135271
0.000127556
0.000170673
0.000162154
0.000153731
0.00014541
0.000137198
0.000129104
0.000121132
0.00016572
0.000156901
0.000148182
0.000139572
0.000131078
0.000122707
0.000114468
0.000160604
0.00015147
0.000142442
0.000133528
0.000124737
0.000116078
0.000107557
0.000155324
0.000145859
0.000136507
0.000127275
0.000118173
0.000109211
0.000100397
0.000149877
0.000140067
0.000130374
0.000120809
0.000111382
0.000102103
9.29805e-05
0.000144263
0.00013409
0.000124041
0.000114127
0.00010436
9.47483e-05
8.53037e-05
0.000138479
0.000127927
0.000117505
0.000107226
9.71013e-05
8.71427e-05
7.7361e-05
0.000132525
0.000121574
0.000110762
0.000100101
8.96032e-05
7.92812e-05
6.91471e-05
0.000126397
0.000115031
0.000103811
9.27495e-05
8.18611e-05
7.1159e-05
6.06562e-05
0.000120096
0.000108295
9.66472e-05
8.51674e-05
7.38705e-05
6.2771e-05
5.18829e-05
0.000113619
0.000101363
8.92684e-05
7.7351e-05
6.56269e-05
5.4112e-05
4.28214e-05
0.000106965
9.42334e-05
8.16714e-05
6.92964e-05
5.71258e-05
4.51768e-05
3.34656e-05
0.000100132
8.69035e-05
7.3853e-05
6.09998e-05
4.83626e-05
3.596e-05
2.38097e-05
9.31196e-05
7.93711e-05
6.58102e-05
5.24572e-05
3.93326e-05
2.64563e-05
1.38473e-05
8.59254e-05
7.16341e-05
5.75399e-05
4.36648e-05
3.0031e-05
1.66599e-05
3.57238e-06
7.85485e-05
6.36901e-05
4.90387e-05
3.46183e-05
2.04528e-05
6.56531e-06
-7.02164e-06
7.09875e-05
5.55368e-05
4.03037e-05
2.53138e-05
1.0593e-05
-3.83338e-06
-1.79413e-05
6.32411e-05
4.71721e-05
3.13313e-05
1.57468e-05
4.46621e-07
-1.45421e-05
-2.91933e-05
5.53082e-05
3.85935e-05
2.21184e-05
5.91317e-06
-9.99175e-06
-2.5567e-05
-4.07845e-05
4.71876e-05
2.97988e-05
1.26614e-05
-4.19167e-06
-2.07275e-05
-3.69145e-05
-5.27221e-05
3.88784e-05
2.07856e-05
2.95679e-06
-1.45723e-05
-3.17663e-05
-4.85909e-05
-6.50133e-05
3.03794e-05
1.15511e-05
-6.99964e-06
-2.52342e-05
-4.31145e-05
-6.06036e-05
-7.76659e-05
2.16893e-05
2.09181e-06
-1.72128e-05
-3.61832e-05
-5.47791e-05
-7.29602e-05
-9.06884e-05
1.28091e-05
-7.59014e-06
-2.76798e-05
-4.7417e-05
-6.67594e-05
-8.56631e-05
-0.000104086
3.74938e-06
-1.74893e-05
-3.83957e-05
-5.89338e-05
-7.90576e-05
-9.87173e-05
-0.000117867
0.000217438
0.000213236
0.000209068
0.000204934
0.000200836
0.000196774
0.00019275
0.000217161
0.00021295
0.000208773
0.000204631
0.000200525
0.000196456
0.000192424
0.000216621
0.000212393
0.0002082
0.000204042
0.00019992
0.000195836
0.00019179
0.00021583
0.000211578
0.00020736
0.000203179
0.000199034
0.000194928
0.00019086
0.000214799
0.000210514
0.000206265
0.000202053
0.000197879
0.000193744
0.000189648
0.000213536
0.000209212
0.000204924
0.000200675
0.000196464
0.000192293
0.000188164
0.000212049
0.000207678
0.000203345
0.000199051
0.000194797
0.000190585
0.000186415
0.000210343
0.000205918
0.000201533
0.000197188
0.000192885
0.000188625
0.000184409
0.000208423
0.000203938
0.000199494
0.000195092
0.000190733
0.000186419
0.00018215
0.000206293
0.000201741
0.000197231
0.000192765
0.000188345
0.00018397
0.000179644
0.000203957
0.00019933
0.000194748
0.000190212
0.000185724
0.000181283
0.000176893
0.000201415
0.000196708
0.000192047
0.000187435
0.000182872
0.00017836
0.0001739
0.000198671
0.000193876
0.00018913
0.000184434
0.000179791
0.000175201
0.000170667
0.000195724
0.000190834
0.000185996
0.000181211
0.000176481
0.000171808
0.000167193
0.000192575
0.000187583
0.000182646
0.000177766
0.000172943
0.00016818
0.000163479
0.000189223
0.000184123
0.00017908
0.000174097
0.000169176
0.000164317
0.000159524
0.000185668
0.000180452
0.000175297
0.000170205
0.000165178
0.000160218
0.000155327
0.000181909
0.00017657
0.000171295
0.000166088
0.000160949
0.000155881
0.000150885
0.000177944
0.000172474
0.000167073
0.000161743
0.000156485
0.000151303
0.000146198
0.000173771
0.000168163
0.000162628
0.000157168
0.000151785
0.000146482
0.000141261
0.000169387
0.000163634
0.000157957
0.00015236
0.000146845
0.000141415
0.000136072
0.000164792
0.000158884
0.000153058
0.000147316
0.000141662
0.000136098
0.000130627
0.00015998
0.00015391
0.000147926
0.000142033
0.000136232
0.000130528
0.000124922
0.00015495
0.000148708
0.000142559
0.000136506
0.000130552
0.000124699
0.000118952
0.000149697
0.000143276
0.000136953
0.000130731
0.000124616
0.000118609
0.000112713
0.000144219
0.000137608
0.000131102
0.000124705
0.00011842
0.00011225
0.0001062
0.00013851
0.000131701
0.000125003
0.000118421
0.000111958
0.000105619
9.94071e-05
0.000132568
0.00012555
0.000118651
0.000111875
0.000105227
9.87099e-05
9.23284e-05
0.000126387
0.000119151
0.000112041
0.000105062
9.82193e-05
9.15165e-05
8.49582e-05
0.000119963
0.000112498
0.000105167
9.79763e-05
9.09299e-05
8.40329e-05
7.72901e-05
0.000113291
0.000105587
9.80247e-05
9.06115e-05
8.33524e-05
7.62528e-05
6.93175e-05
0.000106367
9.84109e-05
9.06072e-05
8.29617e-05
7.54806e-05
6.81694e-05
6.10335e-05
9.91843e-05
9.09657e-05
8.29089e-05
7.50208e-05
6.73078e-05
5.9776e-05
5.2431e-05
9.17387e-05
8.32451e-05
7.49238e-05
6.67822e-05
5.88271e-05
5.10653e-05
4.35027e-05
8.40244e-05
7.52433e-05
6.66455e-05
5.82391e-05
5.00315e-05
4.203e-05
3.42409e-05
7.60358e-05
6.6954e-05
5.80674e-05
4.93846e-05
4.09138e-05
3.26624e-05
2.46378e-05
6.77671e-05
5.83711e-05
4.91828e-05
4.02116e-05
3.14663e-05
2.29549e-05
1.46852e-05
5.92123e-05
4.9488e-05
3.99848e-05
3.07128e-05
2.16814e-05
1.28993e-05
4.37491e-06
5.03653e-05
4.02982e-05
3.04663e-05
2.08806e-05
1.15511e-05
2.48747e-06
-6.3016e-06
4.12199e-05
3.07948e-05
2.062e-05
1.07072e-05
1.06745e-06
-8.28913e-06
-1.73531e-05
3.17697e-05
2.09709e-05
1.04385e-05
1.84884e-07
-9.77797e-06
-1.94391e-05
-2.87884e-05
2.20082e-05
1.08195e-05
-8.59238e-08
-1.06945e-05
-2.09936e-05
-3.09713e-05
-4.06168e-05
1.19286e-05
3.33255e-07
-1.09609e-05
-2.19393e-05
-3.25881e-05
-4.28947e-05
-5.28474e-05
1.52431e-06
-1.04952e-05
-2.21945e-05
-3.35578e-05
-4.45703e-05
-5.52185e-05
-6.54898e-05
-9.21174e-06
-2.16734e-05
-3.37947e-05
-4.55586e-05
-5.69492e-05
-6.7952e-05
-7.85535e-05
-2.02866e-05
-3.32091e-05
-4.57698e-05
-5.79504e-05
-6.97339e-05
-8.11047e-05
-9.20484e-05
-3.17076e-05
-4.51101e-05
-5.81281e-05
-7.0742e-05
-8.29336e-05
-9.46861e-05
-0.000105984
-4.3482e-05
-5.73844e-05
-7.08782e-05
-8.39425e-05
-9.65577e-05
-0.000108706
-0.000120371
-5.56174e-05
-7.00401e-05
-8.40287e-05
-9.75607e-05
-0.000110616
-0.000123174
-0.000135219
-6.81216e-05
-8.30855e-05
-9.75883e-05
-0.000111606
-0.000125117
-0.0001381
-0.000150538
-8.10024e-05
-9.65291e-05
-0.000111566
-0.000126087
-0.00014007
-0.000153493
-0.000166337
-9.42682e-05
-0.000110379
-0.00012597
-0.000141013
-0.000155484
-0.000169362
-0.000182626
-0.000107928
-0.000124645
-0.000140809
-0.000156392
-0.000171368
-0.000185716
-0.000199413
-0.000121991
-0.000139341
-0.000156103
-0.000172246
-0.000187745
-0.000202577
-0.00021672
-0.000136465
-0.000154474
-0.000171856
-0.00018858
-0.000204619
-0.000219951
-0.000234551
0.000188669
0.000184536
0.000180446
0.000176402
0.000172404
0.000168453
0.000164549
0.000160694
0.000156888
0.000153131
0.000149425
0.00014577
0.000142167
0.000138616
0.000135117
0.000131671
0.000128278
0.00012494
0.000121655
0.000118424
0.000115247
0.000112126
0.000109059
0.000106046
0.000188336
0.000184195
0.000180099
0.000176048
0.000172043
0.000168086
0.000164176
0.000160316
0.000156504
0.000152743
0.000149032
0.000145373
0.000141766
0.000138211
0.000134709
0.00013126
0.000127865
0.000124524
0.000121237
0.000118004
0.000114826
0.000111704
0.000108636
0.000105623
0.000187687
0.000183532
0.000179422
0.000175358
0.000171341
0.000167371
0.00016345
0.000159579
0.000155757
0.000151986
0.000148267
0.000144599
0.000140984
0.000137422
0.000133914
0.000130459
0.000127059
0.000123713
0.000120423
0.000117187
0.000114006
0.000110881
0.000107812
0.000104798
0.000186736
0.00018256
0.00017843
0.000174347
0.000170311
0.000166325
0.000162387
0.0001585
0.000154663
0.000150879
0.000147146
0.000143467
0.000139841
0.000136268
0.000132751
0.000129288
0.00012588
0.000122528
0.000119231
0.000115991
0.000112806
0.000109678
0.000106607
0.000103592
0.000185497
0.000181293
0.000177137
0.000173029
0.00016897
0.00016496
0.000161001
0.000157093
0.000153237
0.000149435
0.000145685
0.00014199
0.000138349
0.000134764
0.000131234
0.00012776
0.000124343
0.000120982
0.000117678
0.000114432
0.000111243
0.000108111
0.000105037
0.000102021
0.000183978
0.000179742
0.000175553
0.000171415
0.000167326
0.000163288
0.000159303
0.00015537
0.000151491
0.000147666
0.000143896
0.000140182
0.000136524
0.000132922
0.000129378
0.000125891
0.000122462
0.000119091
0.000115779
0.000112525
0.00010933
0.000106194
0.000103117
0.000100099
0.000182189
0.000177914
0.000173688
0.000169513
0.00016539
0.000161319
0.000157303
0.000153341
0.000149434
0.000145583
0.000141789
0.000138053
0.000134374
0.000130754
0.000127192
0.00012369
0.000120248
0.000116865
0.000113543
0.000110281
0.00010708
0.000103939
0.000100859
9.78397e-05
0.000180137
0.000175816
0.000171547
0.000167331
0.000163168
0.000159061
0.000155009
0.000151013
0.000147075
0.000143195
0.000139373
0.000135612
0.00013191
0.000128268
0.000124688
0.000121168
0.000117711
0.000114315
0.000110982
0.000107711
0.000104503
0.000101357
9.82737e-05
9.52532e-05
0.000177827
0.000173456
0.000169138
0.000164875
0.000160669
0.000156519
0.000152427
0.000148394
0.00014442
0.000140507
0.000136655
0.000132865
0.000129138
0.000125473
0.000121871
0.000118333
0.000114859
0.000111449
0.000108104
0.000104823
0.000101608
9.84565e-05
9.53704e-05
9.2349e-05
0.000175264
0.000170836
0.000166465
0.00016215
0.000157895
0.000153698
0.000149562
0.000145488
0.000141476
0.000137527
0.000133641
0.00012982
0.000126064
0.000122373
0.000118748
0.00011519
0.000111698
0.000108273
0.000104916
0.000101625
9.84015e-05
9.52455e-05
9.21567e-05
8.91351e-05
0.000172451
0.000167961
0.00016353
0.00015916
0.00015485
0.000150603
0.000146419
0.0001423
0.000138245
0.000134256
0.000130335
0.00012648
0.000122693
0.000118975
0.000115326
0.000111745
0.000108235
0.000104794
0.000101423
9.81218e-05
9.48909e-05
9.17301e-05
8.86393e-05
8.56183e-05
0.000169389
0.000164833
0.000160338
0.000155906
0.000151538
0.000147236
0.000143
0.000138832
0.000134731
0.0001307
0.000126739
0.000122849
0.000119029
0.000115282
0.000111606
0.000108003
0.000104472
0.000101015
9.76303e-05
9.4319e-05
9.10808e-05
8.79157e-05
8.48236e-05
8.18043e-05
0.000166082
0.000161452
0.000156888
0.00015239
0.00014796
0.000143598
0.000139307
0.000135086
0.000130937
0.00012686
0.000122858
0.000118929
0.000115075
0.000111296
0.000107593
0.000103965
0.000100414
9.69398e-05
9.35418e-05
9.02203e-05
8.69753e-05
8.38067e-05
8.07143e-05
7.7698e-05
0.000162528
0.000157821
0.000153183
0.000148614
0.000144116
0.000139691
0.00013534
0.000131063
0.000126862
0.000122738
0.000118691
0.000114722
0.000110831
0.000107019
0.000103288
9.96355e-05
9.60635e-05
9.25717e-05
8.91602e-05
8.58289e-05
8.25777e-05
7.94066e-05
7.63152e-05
7.33033e-05
0.000158729
0.000153939
0.000149221
0.000144577
0.000140008
0.000135515
0.0001311
0.000126764
0.000122508
0.000118333
0.000114239
0.000110228
0.000106299
0.000102454
9.86921e-05
9.50145e-05
9.14211e-05
8.79121e-05
8.44874e-05
8.1147e-05
7.78907e-05
7.47182e-05
7.16294e-05
6.86237e-05
0.000154684
0.000149805
0.000145002
0.000140278
0.000135633
0.000131069
0.000126587
0.000122189
0.000117875
0.000113646
0.000109503
0.000105447
0.000101479
9.75987e-05
9.38066e-05
9.01031e-05
8.64883e-05
8.29622e-05
7.9525e-05
7.61763e-05
7.29159e-05
6.97437e-05
6.66591e-05
6.36618e-05
0.00015039
0.000145417
0.000140525
0.000135716
0.000130991
0.000126351
0.000121799
0.000117335
0.00011296
0.000108675
0.000104482
0.00010038
9.63706e-05
9.24542e-05
8.8631e-05
8.49013e-05
8.12652e-05
7.77226e-05
7.42736e-05
7.09178e-05
6.76549e-05
6.44846e-05
6.14064e-05
5.84197e-05
0.000145847
0.000140775
0.000135788
0.000130889
0.000126079
0.00012136
0.000116734
0.000112201
0.000107762
0.000103419
9.9173e-05
9.50239e-05
9.09724e-05
8.70192e-05
8.31646e-05
7.94087e-05
7.57516e-05
7.21932e-05
6.87334e-05
6.53719e-05
6.21082e-05
5.8942e-05
5.58725e-05
5.28992e-05
0.000141052
0.000135874
0.000130788
0.000125795
0.000120896
0.000116094
0.00011139
0.000106785
0.00010228
9.78766e-05
9.35756e-05
8.93775e-05
8.52829e-05
8.12923e-05
7.7406e-05
7.36242e-05
6.99467e-05
6.63735e-05
6.29043e-05
5.95387e-05
5.62763e-05
5.31164e-05
5.00584e-05
4.71014e-05
0.000136002
0.000130714
0.000125522
0.00012043
0.000115438
0.000110549
0.000105763
0.000101083
9.65099e-05
9.2044e-05
8.76866e-05
8.34383e-05
7.92999e-05
7.52715e-05
7.13536e-05
6.75462e-05
6.38492e-05
6.02624e-05
5.67854e-05
5.34178e-05
5.01589e-05
4.70081e-05
4.39645e-05
4.10272e-05
0.000130693
0.000125289
0.000119987
0.000114791
0.000109702
0.000104721
9.98516e-05
9.50937e-05
9.0449e-05
8.59185e-05
8.15031e-05
7.72037e-05
7.30206e-05
6.89543e-05
6.50051e-05
6.11728e-05
5.74573e-05
5.38584e-05
5.03756e-05
4.70083e-05
4.37557e-05
4.0617e-05
3.75912e-05
3.46771e-05
0.000125123
0.000119596
0.000114179
0.000108874
0.000103683
9.86081e-05
9.36504e-05
8.88117e-05
8.40934e-05
7.94964e-05
7.50217e-05
7.06701e-05
6.64421e-05
6.23379e-05
5.83578e-05
5.45016e-05
5.07691e-05
4.71599e-05
4.36735e-05
4.0309e-05
3.70657e-05
3.39424e-05
3.09382e-05
2.80515e-05
0.000119286
0.000113632
0.000108094
0.000102676
9.73783e-05
9.22044e-05
8.71555e-05
8.22332e-05
7.74389e-05
7.27737e-05
6.82386e-05
6.38341e-05
5.95608e-05
5.5419e-05
5.14087e-05
4.75298e-05
4.3782e-05
4.01647e-05
3.66772e-05
3.33186e-05
3.00879e-05
2.69838e-05
2.40052e-05
2.11504e-05
0.000113178
0.00010739
0.000101727
9.61896e-05
9.07819e-05
8.55054e-05
8.03621e-05
7.53536e-05
7.04812e-05
6.57462e-05
6.11494e-05
5.66915e-05
5.2373e-05
4.8194e-05
4.41546e-05
4.02546e-05
3.64934e-05
3.28704e-05
2.93847e-05
2.60353e-05
2.28209e-05
1.97402e-05
1.67917e-05
1.39735e-05
0.000106795
0.000100867
9.50718e-05
8.94116e-05
8.38889e-05
7.85062e-05
7.32652e-05
6.81678e-05
6.32153e-05
5.84089e-05
5.37495e-05
4.92379e-05
4.48743e-05
4.0659e-05
3.65918e-05
3.26723e-05
2.89001e-05
2.52742e-05
2.17936e-05
1.84571e-05
1.52632e-05
1.22104e-05
9.29687e-06
6.52064e-06
0.000100131
9.40571e-05
8.81244e-05
8.23358e-05
7.66939e-05
7.12011e-05
6.58593e-05
6.06704e-05
5.56358e-05
5.07567e-05
4.60341e-05
4.14686e-05
3.70604e-05
3.28098e-05
2.87163e-05
2.47796e-05
2.09989e-05
1.73733e-05
1.39014e-05
1.05819e-05
7.41302e-06
4.39302e-06
1.5199e-06
-1.20868e-06
9.31801e-05
8.69541e-05
8.08785e-05
7.49566e-05
6.9191e-05
6.35843e-05
5.81386e-05
5.28557e-05
4.77372e-05
4.27843e-05
3.79979e-05
3.33786e-05
2.89265e-05
2.46418e-05
2.0524e-05
1.65725e-05
1.27864e-05
9.16451e-06
5.70542e-06
2.40739e-06
-7.31494e-07
-3.71327e-06
-6.54022e-06
-9.21498e-06
8.5937e-05
7.95523e-05
7.3328e-05
6.72676e-05
6.1374e-05
5.56496e-05
5.00969e-05
4.47178e-05
3.95137e-05
3.44859e-05
2.96354e-05
2.49625e-05
2.04675e-05
1.61503e-05
1.20104e-05
8.04687e-06
4.25875e-06
6.44583e-07
-2.79731e-06
-6.06889e-06
-9.17236e-06
-1.21101e-05
-1.48846e-05
-1.74989e-05
7.83952e-05
7.18453e-05
6.54665e-05
5.92625e-05
5.32363e-05
4.73906e-05
4.17279e-05
3.62502e-05
3.09589e-05
2.58555e-05
2.09406e-05
1.62148e-05
1.16782e-05
7.33042e-06
3.17086e-06
-8.01452e-07
-4.58784e-06
-8.18996e-06
-1.16098e-05
-1.48495e-05
-1.79117e-05
-2.0799e-05
-2.35143e-05
-2.6061e-05
7.05482e-05
6.38265e-05
5.72872e-05
5.09343e-05
4.47711e-05
3.88004e-05
3.30248e-05
2.74463e-05
2.20665e-05
1.68867e-05
1.19077e-05
7.12979e-06
2.553e-06
-1.8231e-06
-5.99935e-06
-9.97693e-06
-1.37574e-05
-1.73427e-05
-2.07351e-05
-2.39371e-05
-2.69516e-05
-2.97817e-05
-3.24305e-05
-3.49019e-05
6.23893e-05
5.54889e-05
4.8783e-05
4.2276e-05
3.59713e-05
2.9872e-05
2.39806e-05
1.82993e-05
1.28297e-05
7.57312e-06
2.53023e-06
-2.29868e-06
-6.91375e-06
-1.13156e-05
-1.55052e-05
-1.94841e-05
-2.32541e-05
-2.68173e-05
-3.01765e-05
-3.33344e-05
-3.62944e-05
-3.90598e-05
-4.16344e-05
-4.40224e-05
5.39115e-05
4.68253e-05
3.99467e-05
3.32803e-05
2.68296e-05
2.0598e-05
1.4588e-05
8.80197e-06
3.24154e-06
-2.09209e-06
-7.19825e-06
-1.20768e-05
-1.67279e-05
-2.11526e-05
-2.5352e-05
-2.93277e-05
-3.30821e-05
-3.66176e-05
-3.99372e-05
-4.30441e-05
-4.59422e-05
-4.86352e-05
-5.11272e-05
-5.34229e-05
4.51074e-05
3.78283e-05
3.07707e-05
2.39394e-05
1.73383e-05
1.09707e-05
4.83954e-06
-1.05302e-06
-6.70521e-06
-1.21159e-05
-1.72845e-05
-2.22109e-05
-2.68956e-05
-3.13397e-05
-3.55447e-05
-3.95126e-05
-4.32458e-05
-4.67473e-05
-5.00205e-05
-5.30691e-05
-5.58973e-05
-5.85093e-05
-6.09098e-05
-6.3104e-05
3.59693e-05
2.84901e-05
2.12471e-05
1.42456e-05
7.4895e-06
9.82458e-07
-5.27259e-06
-1.12733e-05
-1.7018e-05
-2.25054e-05
-2.77353e-05
-3.27075e-05
-3.7423e-05
-4.18828e-05
-4.60889e-05
-5.00435e-05
-5.37495e-05
-5.72104e-05
-6.04298e-05
-6.3412e-05
-6.61618e-05
-6.86838e-05
-7.09833e-05
-7.30661e-05
2.64896e-05
1.88027e-05
1.13679e-05
4.19054e-06
-2.72499e-06
-9.37499e-06
-1.57564e-05
-2.18667e-05
-2.77043e-05
-3.32681e-05
-3.85577e-05
-4.35735e-05
-4.83163e-05
-5.27877e-05
-5.69898e-05
-6.09254e-05
-6.45977e-05
-6.80106e-05
-7.11683e-05
-7.40756e-05
-7.67378e-05
-7.91602e-05
-8.13486e-05
-8.33095e-05
1.66601e-05
8.75792e-06
1.12463e-06
-6.23405e-06
-1.33135e-05
-2.01099e-05
-2.662e-05
-3.28412e-05
-3.8772e-05
-4.44114e-05
-4.97591e-05
-5.48155e-05
-5.9582e-05
-6.40603e-05
-6.8253e-05
-7.21633e-05
-7.57947e-05
-7.91518e-05
-8.22393e-05
-8.50626e-05
-8.76275e-05
-8.994e-05
-9.20066e-05
-9.38344e-05
6.47255e-06
-1.65272e-06
-9.49119e-06
-1.70368e-05
-2.42847e-05
-3.12308e-05
-3.78718e-05
-4.42051e-05
-5.02292e-05
-5.5943e-05
-6.13466e-05
-6.64406e-05
-7.12266e-05
-7.57068e-05
-7.98841e-05
-8.37621e-05
-8.7345e-05
-9.06379e-05
-9.3646e-05
-9.63754e-05
-9.88327e-05
-0.000101024
-0.000102958
-0.000104641
-4.08161e-06
-1.24379e-05
-2.04884e-05
-2.82266e-05
-3.56474e-05
-4.27465e-05
-4.95205e-05
-5.59668e-05
-6.20838e-05
-6.78707e-05
-7.33277e-05
-7.84558e-05
-8.32567e-05
-8.77331e-05
-9.18885e-05
-9.57268e-05
-9.9253e-05
-0.000102473
-0.000105392
-0.000108017
-0.000110355
-0.000112415
-0.000114203
-0.000115729
-1.50111e-05
-2.36066e-05
-3.18759e-05
-3.98124e-05
-4.74105e-05
-5.46658e-05
-6.15747e-05
-6.81347e-05
-7.43441e-05
-8.02024e-05
-8.571e-05
-9.08681e-05
-9.56789e-05
-0.000100145
-0.000104272
-0.000108062
-0.000111523
-0.000114659
-0.000117479
-0.000119989
-0.000122197
-0.000124112
-0.000125742
-0.000127097
-2.63249e-05
-3.51678e-05
-4.3663e-05
-5.18034e-05
-5.95832e-05
-6.69978e-05
-7.40434e-05
-8.07175e-05
-8.70186e-05
-9.29462e-05
-9.85011e-05
-0.000103685
-0.0001085
-0.00011295
-0.000117039
-0.000120774
-0.000124159
-0.000127202
-0.000129911
-0.000132294
-0.000134359
-0.000136117
-0.000137575
-0.000138746
-3.80321e-05
-4.71309e-05
-5.58591e-05
-6.42092e-05
-7.2175e-05
-7.97518e-05
-8.69357e-05
-9.37241e-05
-0.000100116
-0.00010611
-0.000111709
-0.000116913
-0.000121726
-0.000126152
-0.000130197
-0.000133866
-0.000137166
-0.000140104
-0.000142691
-0.000144934
-0.000146843
-0.000148429
-0.000149703
-0.000150675
-5.01421e-05
-5.95053e-05
-6.84738e-05
-7.70392e-05
-8.51954e-05
-9.29372e-05
-0.000100261
-0.000107163
-0.000113644
-0.000119703
-0.00012534
-0.00013056
-0.000135364
-0.000139759
-0.00014375
-0.000147343
-0.000150547
-0.000153369
-0.000155821
-0.000157911
-0.00015965
-0.000161051
-0.000162124
-0.000162883
-6.26643e-05
-7.23009e-05
-8.15168e-05
-9.03034e-05
-9.86541e-05
-0.000106564
-0.000114028
-0.000121044
-0.000127612
-0.000133732
-0.000139404
-0.000144633
-0.000149422
-0.000153776
-0.000157703
-0.00016121
-0.000164306
-0.000167
-0.000169303
-0.000171226
-0.000172782
-0.000173982
-0.000174839
-0.000175367
-7.56085e-05
-8.55273e-05
-9.4998e-05
-0.000104011
-0.000112561
-0.000120641
-0.000128247
-0.000135376
-0.000142029
-0.000148206
-0.000153908
-0.000159139
-0.000163904
-0.00016821
-0.000172063
-0.000175472
-0.000178448
-0.000181
-0.00018314
-0.000184882
-0.000186237
-0.000187221
-0.000187846
-0.000188128
-8.89846e-05
-9.91947e-05
-0.000108928
-0.000118174
-0.000126926
-0.000135178
-0.000142926
-0.000150169
-0.000156904
-0.000163133
-0.000168859
-0.000174085
-0.000178818
-0.000183065
-0.000186833
-0.000190133
-0.000192975
-0.000195371
-0.000197335
-0.000198879
-0.000200019
-0.000200769
-0.000201144
-0.000201162
-0.000102802
-0.000113313
-0.000123316
-0.0001328
-0.000141759
-0.000150186
-0.000158077
-0.00016543
-0.000172245
-0.000178522
-0.000184265
-0.00018948
-0.000194171
-0.000198348
-0.00020202
-0.000205197
-0.000207892
-0.000210117
-0.000211888
-0.000213218
-0.000214125
-0.000214624
-0.000214733
-0.000214468
-0.000117072
-0.000127893
-0.000138173
-0.000147901
-0.000157071
-0.000165674
-0.000173708
-0.00018117
-0.000188061
-0.000194381
-0.000200135
-0.000205329
-0.000209969
-0.000214065
-0.000217628
-0.000220669
-0.000223201
-0.00022524
-0.000226801
-0.000227901
-0.000228557
-0.000228787
-0.000228609
-0.000228044
-0.000131804
-0.000142944
-0.000153509
-0.000163488
-0.000172871
-0.000181653
-0.00018983
-0.000197399
-0.000204361
-0.000210719
-0.000216476
-0.00022164
-0.000226218
-0.000230221
-0.000233662
-0.000236552
-0.000238907
-0.000240742
-0.000242077
-0.000242927
-0.000243314
-0.000243256
-0.000242773
-0.000241886
-0.000147009
-0.000158478
-0.000169336
-0.00017957
-0.000189171
-0.000198133
-0.000206451
-0.000214125
-0.000221155
-0.000227543
-0.000233295
-0.00023842
-0.000242925
-0.000246822
-0.000250126
-0.00025285
-0.00025501
-0.000256626
-0.000257715
-0.000258298
-0.000258395
-0.000258029
-0.00025722
-0.000255992
-0.000162696
-0.000174505
-0.000185663
-0.000196158
-0.00020598
-0.000215123
-0.000223583
-0.000231359
-0.00023845
-0.000244862
-0.000250601
-0.000255675
-0.000260095
-0.000263873
-0.000267025
-0.000269566
-0.000271515
-0.000272892
-0.000273717
-0.000274012
-0.0002738
-0.000273105
-0.000271949
-0.000270359
-0.000178876
-0.000191035
-0.000202502
-0.000213264
-0.00022331
-0.000232636
-0.000241235
-0.000249109
-0.000256257
-0.000262685
-0.000268401
-0.000273413
-0.000277734
-0.000281379
-0.000284363
-0.000286705
-0.000288424
-0.000289543
-0.000290083
-0.00029007
-0.000289528
-0.000288482
-0.000286957
-0.000284983
-0.000195559
-0.00020808
-0.000219864
-0.000230897
-0.000241172
-0.00025068
-0.000259418
-0.000267385
-0.000274584
-0.00028102
-0.000286702
-0.000291641
-0.000295849
-0.000299345
-0.000302144
-0.000304268
-0.000305739
-0.000306579
-0.000306815
-0.000306471
-0.000305576
-0.000304157
-0.000302242
-0.000299859
-0.000212754
-0.00022565
-0.00023776
-0.000249071
-0.000259575
-0.000269267
-0.00027814
-0.000286197
-0.000293439
-0.000299874
-0.000305512
-0.000310364
-0.000314446
-0.000317775
-0.000320372
-0.00032226
-0.000323461
-0.000324002
-0.000323911
-0.000323215
-0.000321944
-0.000320129
-0.000317798
-0.000314985
-0.000230477
-0.000243759
-0.000256202
-0.000267795
-0.000278532
-0.000288406
-0.000297413
-0.000305554
-0.000312832
-0.000319256
-0.000324837
-0.000329588
-0.000333528
-0.000336674
-0.000339051
-0.000340681
-0.000341593
-0.000341812
-0.000341371
-0.000340299
-0.000338629
-0.000336393
-0.000333624
-0.000330355
-0.000248744
-0.000262427
-0.000275202
-0.000287079
-0.000298052
-0.000308109
-0.000317246
-0.000325465
-0.000332771
-0.000339173
-0.000344685
-0.000349321
-0.000353101
-0.000356046
-0.000358182
-0.000359535
-0.000360134
-0.00036001
-0.000359195
-0.000357723
-0.000355628
-0.000352947
-0.000349714
-0.000345964
)
;

boundaryField
{
    down
    {
        type            symmetryPlane;
    }
    right
    {
        type            fixedValue;
        value           nonuniform List<scalar> 0();
    }
    up
    {
        type            symmetryPlane;
    }
    left
    {
        type            zeroGradient;
    }
    cylinder
    {
        type            zeroGradient;
    }
    frontAndBack
    {
        type            empty;
    }
    procBoundary1to0
    {
        type            processor;
        value           nonuniform List<scalar> 
73
(
0.000669613
0.000680731
0.000692335
0.000704446
0.000717084
0.000730271
0.000744029
0.000758379
0.000773344
0.000788946
0.000805207
0.000822151
0.000839798
0.000858171
0.000877291
0.000897176
0.000917847
0.000939321
0.000415779
0.000415945
0.000416268
0.000416742
0.000417362
0.000418122
0.000419021
0.000420055
0.000421223
0.000422525
0.000423959
0.000425527
0.000427229
0.000429067
0.000431042
0.000433156
0.000435412
0.000437813
0.00044036
0.000443059
0.000445911
0.00044892
0.000452091
0.000455427
0.000458931
0.000462609
0.000466463
0.000470498
0.000474717
0.000479126
0.000483728
0.000488526
0.000493524
0.000498727
0.000504138
0.000509759
0.000515594
0.000521647
0.00052792
0.000534414
0.000541133
0.000548079
0.000555252
0.000562654
0.000570287
0.00057815
0.000586243
0.000594567
0.000603121
0.000611904
0.000620914
0.000630149
0.000639607
0.000649286
0.000659182
)
;
    }
    procBoundary1to2
    {
        type            processor;
        value           nonuniform List<scalar> 
74
(
-0.000357561
-0.000374287
-0.000391611
-0.000409559
-0.000428152
-0.000447415
-0.000467374
-0.000488055
-0.000509485
-0.000531692
-0.000554703
-0.000578548
-0.000603256
-0.000628858
-0.000655383
-0.000682863
-0.00071133
-0.000740812
-0.000771332
0.000103088
0.000102665
0.00010184
0.000100633
9.90617e-05
9.71398e-05
9.48805e-05
9.22947e-05
8.93918e-05
8.618e-05
8.26664e-05
7.88569e-05
7.47566e-05
7.03698e-05
6.57e-05
6.07503e-05
5.55231e-05
5.00203e-05
4.42436e-05
3.81941e-05
3.18728e-05
2.52802e-05
1.84168e-05
1.12829e-05
3.87863e-06
-3.79609e-06
-1.17413e-05
-1.99571e-05
-2.84436e-05
-3.7201e-05
-4.62293e-05
-5.55285e-05
-6.50987e-05
-7.49396e-05
-8.5051e-05
-9.54323e-05
-0.000106083
-0.000117002
-0.000128189
-0.000139642
-0.000151361
-0.000163342
-0.000175584
-0.000188085
-0.000200842
-0.000213853
-0.000227114
-0.000240623
-0.000254374
-0.000268364
-0.00028259
-0.000297046
-0.000311727
-0.000326629
-0.000341745
)
;
    }
    procBoundary1to5
    {
        type            processor;
        value           nonuniform List<scalar> 
77
(
-0.000918183
-0.00094946
-0.00096929
-0.000987566
-0.0010034
-0.00101562
-0.00102431
-0.00102973
-0.00103203
-0.00103133
-0.00102777
-0.00102151
-0.00101272
-0.000918183
-0.00101272
-0.00105712
-0.00104183
-0.00102443
-0.0010051
-0.000984028
-0.000961405
-0.00093741
-0.000912221
-0.000886012
-0.000858948
-0.000831194
-0.000748389
-0.0007936
-0.000838072
-0.000881312
-0.00092126
-0.000702166
-0.000748389
-0.000751857
-0.000313414
-0.000225513
-0.000367367
-0.000414923
-0.000463048
-0.000511858
-0.000511858
-0.000600979
-0.00065185
0.000953031
0.000943459
0.000932826
0.000921061
0.000908092
0.000893845
0.000878243
0.000861206
0.000842657
0.000822518
0.000800708
0.000777154
0.000751779
0.000724516
0.000695297
0.000664065
0.000630769
0.000595369
0.000557834
0.000518148
0.000476311
0.000432337
0.000386262
0.000338141
0.000288052
0.000236095
0.000182397
0.000127108
7.04068e-05
1.24964e-05
-4.63989e-05
-0.000106059
-0.000165999
-0.000225513
)
;
    }
}


// ************************************************************************* //
