/*--------------------------------*- C++ -*----------------------------------*\
| =========                 |                                                 |
| \\      /  F ield         | OpenFOAM: The Open Source CFD Toolbox           |
|  \\    /   O peration     | Version:  2412                                  |
|   \\  /    A nd           | Website:  www.openfoam.com                      |
|    \\/     M anipulation  |                                                 |
\*---------------------------------------------------------------------------*/
FoamFile
{
    version     2.0;
    format      ascii;
    arch        "LSB;label=32;scalar=64";
    class       volScalarField;
    location    "11";
    object      p;
}
// * * * * * * * * * * * * * * * * * * * * * * * * * * * * * * * * * * * * * //

dimensions      [0 2 -2 0 0 0 0];

internalField   nonuniform List<scalar> 
5285
(
-0.000104237
-0.000115851
-0.000126523
-0.000136358
-0.000145355
-0.00015351
-0.000160834
-0.000167346
-0.000173066
-0.000178016
-0.000182223
-0.000185714
-0.000188521
-0.000190675
-0.000192209
-0.00019316
-0.000193563
-0.000193453
-0.000192869
-0.000191847
-0.000190422
-0.000188632
-0.00018651
-0.000184092
-0.000121994
-0.000133935
-0.000144738
-0.000154679
-0.000163742
-0.000171903
-0.000179177
-0.000185587
-0.000191155
-0.000195908
-0.000199875
-0.000203087
-0.000205578
-0.000207383
-0.000208541
-0.000209089
-0.000209067
-0.000208516
-0.000207474
-0.000205983
-0.000204082
-0.00020181
-0.000199204
-0.000196301
-0.000140784
-0.000153065
-0.000163985
-0.000174023
-0.000183141
-0.000191293
-0.000198496
-0.000204779
-0.000210168
-0.000214693
-0.000218386
-0.000221282
-0.000223418
-0.000224835
-0.000225574
-0.000225678
-0.00022519
-0.000224153
-0.000222613
-0.000220612
-0.000218193
-0.0002154
-0.000212271
-0.000208847
-0.000160678
-0.000173316
-0.000184342
-0.000194466
-0.000203626
-0.00021175
-0.000218859
-0.000224988
-0.000230167
-0.000234428
-0.000237808
-0.000240347
-0.000242086
-0.00024307
-0.000243345
-0.000242958
-0.000241957
-0.000240389
-0.000238304
-0.000235748
-0.000232768
-0.00022941
-0.000225718
-0.000221733
-0.00018176
-0.000194771
-0.000205893
-0.000216092
-0.000225279
-0.000233354
-0.000240342
-0.000246284
-0.000251216
-0.000255174
-0.000258198
-0.000260334
-0.000261628
-0.00026213
-0.00026189
-0.000260961
-0.000259396
-0.000257246
-0.000254566
-0.000251405
-0.000247817
-0.000243848
-0.000239548
-0.000234961
-0.000204126
-0.00021753
-0.000228733
-0.000238991
-0.000248187
-0.000256189
-0.000263024
-0.000268744
-0.000273389
-0.000276998
-0.000279618
-0.000281299
-0.000282095
-0.000282059
-0.000281249
-0.000279722
-0.000277535
-0.000274748
-0.000271418
-0.0002676
-0.000263351
-0.000258722
-0.000253766
-0.00024853
-0.000227883
-0.000241696
-0.000252965
-0.000263265
-0.000272449
-0.000280348
-0.000286996
-0.000292452
-0.000296761
-0.000299971
-0.000302132
-0.000303302
-0.000303539
-0.000302904
-0.000301461
-0.000299274
-0.000296405
-0.000292919
-0.00028888
-0.000284347
-0.000279381
-0.000274038
-0.000268375
-0.000262442
-0.000253148
-0.000267389
-0.000278702
-0.000289024
-0.000298171
-0.000305934
-0.000312353
-0.000317497
-0.000321419
-0.000324171
-0.000325812
-0.000326405
-0.000326017
-0.000324716
-0.000322572
-0.000319655
-0.000316036
-0.000311784
-0.00030697
-0.000301659
-0.000295915
-0.000289801
-0.000283375
-0.000276693
-0.000280049
-0.000294738
-0.000306072
-0.000316391
-0.00032547
-0.000333059
-0.000339201
-0.00034398
-0.000347454
-0.000349683
-0.000350734
-0.000350679
-0.000349591
-0.000347547
-0.000344625
-0.000340903
-0.000336458
-0.000331368
-0.000325708
-0.000319549
-0.000312963
-0.000306014
-0.000298767
-0.000291279
-0.000308732
-0.000323887
-0.000335214
-0.0003455
-0.000354476
-0.000361845
-0.000367657
-0.000372007
-0.000374965
-0.000376598
-0.000376981
-0.000376195
-0.000374324
-0.000371453
-0.000367669
-0.000363057
-0.000357705
-0.000351696
-0.000345112
-0.000338031
-0.00033053
-0.000322679
-0.000314547
-0.000306195
-0.000339355
-0.000354997
-0.000366282
-0.000376499
-0.000385333
-0.000392429
-0.000397846
-0.000401698
-0.000404062
-0.000405014
-0.000404641
-0.000403034
-0.000400286
-0.000396494
-0.000391753
-0.00038616
-0.000379809
-0.000372793
-0.0003652
-0.000357116
-0.000348623
-0.000339797
-0.000330711
-0.00032143
-0.000372097
-0.000388245
-0.000399449
-0.000409555
-0.000418197
-0.000424959
-0.00042991
-0.000433181
-0.000434862
-0.000435039
-0.00043381
-0.000431279
-0.000427551
-0.000422733
-0.000416931
-0.000410254
-0.000402804
-0.000394683
-0.000385989
-0.000376813
-0.000367244
-0.000357365
-0.000347251
-0.000336974
-0.000407158
-0.000423831
-0.000434904
-0.00044485
-0.000453243
-0.0004596
-0.000464001
-0.000466598
-0.000467494
-0.000466789
-0.000464593
-0.000461022
-0.000456196
-0.000450235
-0.000443257
-0.000435382
-0.000426723
-0.000417392
-0.000407494
-0.00039713
-0.000386396
-0.000375378
-0.000364158
-0.000352812
-0.000444759
-0.000461978
-0.000472864
-0.000482589
-0.000490665
-0.000496534
-0.000500289
-0.000502105
-0.000502101
-0.00050039
-0.000497099
-0.00049236
-0.000486305
-0.000479071
-0.000470788
-0.000461589
-0.0004516
-0.000440942
-0.00042973
-0.000418074
-0.000406075
-0.000393827
-0.000381417
-0.000368924
-0.000485152
-0.000502935
-0.000513565
-0.000522999
-0.000530679
-0.000535964
-0.000538961
-0.000539872
-0.000538835
-0.000535981
-0.000531451
-0.000525397
-0.000517967
-0.000509313
-0.000499583
-0.000488922
-0.000477468
-0.000465355
-0.000452709
-0.000439646
-0.000426277
-0.000412701
-0.00039901
-0.000385287
-0.000528618
-0.000546985
-0.000557276
-0.000566336
-0.000573526
-0.000578113
-0.000580222
-0.000580087
-0.000577867
-0.00057371
-0.000567779
-0.000560244
-0.000551275
-0.00054104
-0.000529703
-0.000517425
-0.00050436
-0.000490652
-0.000476439
-0.000461846
-0.000446992
-0.000431983
-0.000416915
-0.000401876
-0.000575478
-0.000594445
-0.0006043
-0.000612884
-0.000619473
-0.000623231
-0.000624302
-0.000622957
-0.00061938
-0.00061374
-0.000606224
-0.000597023
-0.000586329
-0.00057433
-0.00056121
-0.000547146
-0.000532307
-0.00051685
-0.000500926
-0.00048467
-0.000468207
-0.000451651
-0.000435103
-0.000418655
-0.000626094
-0.000645675
-0.000654976
-0.000662964
-0.000668822
-0.000671595
-0.000671454
-0.000668711
-0.000663577
-0.000656249
-0.000646938
-0.000635861
-0.000623234
-0.000609269
-0.000594169
-0.00057813
-0.000561338
-0.000543965
-0.000526173
-0.000508107
-0.000489903
-0.000471679
-0.000453542
-0.000435586
-0.000645944
-0.000628645
-0.000610423
-0.00059148
-0.000572006
-0.000552175
-0.000532144
-0.000512054
-0.000492033
-0.00047219
-0.000452624
-5.39064e-06
-2.1489e-05
-3.69344e-05
-5.17092e-05
-6.58011e-05
-7.91969e-05
-9.18769e-05
-1.92511e-05
-3.59123e-05
-5.19056e-05
-6.72122e-05
-8.18194e-05
-9.57002e-05
-0.000108822
-3.38755e-05
-5.11413e-05
-6.77216e-05
-8.35954e-05
-9.87494e-05
-0.000113142
-0.000126722
-4.93171e-05
-6.72228e-05
-8.44249e-05
-0.000100901
-0.000116638
-0.000131577
-0.000145649
-6.56375e-05
-8.42226e-05
-0.000102086
-0.000119202
-0.000135559
-0.000151081
-0.000165674
-8.2905e-05
-0.000102213
-0.00012078
-0.000138579
-0.000155597
-0.000171738
-0.000186886
-0.000101194
-0.000121273
-0.00014059
-0.000159117
-0.000176841
-0.000193644
-0.000209382
-0.000120586
-0.000141489
-0.000161608
-0.000180912
-0.000199391
-0.000216901
-0.000233269
-0.000141172
-0.000162956
-0.000183932
-0.000204069
-0.000223357
-0.000241625
-0.000258666
-0.000163052
-0.000185779
-0.000207675
-0.000228705
-0.000248861
-0.000267943
-0.000285703
-0.000186335
-0.000210076
-0.000232959
-0.000254948
-0.000276038
-0.000295995
-0.000314526
-0.000211145
-0.000235975
-0.00025992
-0.000282942
-0.000305038
-0.000325938
-0.000345297
-0.000237616
-0.00026362
-0.00028871
-0.000312846
-0.000336028
-0.000357947
-0.000378196
-0.0002659
-0.000293172
-0.0003195
-0.000344839
-0.000369195
-0.000392218
-0.000413424
-0.000296166
-0.00032481
-0.000352476
-0.00037912
-0.000404748
-0.000428968
-0.000451207
-0.000328602
-0.000358734
-0.000387853
-0.000415911
-0.000442923
-0.000468445
-0.000491798
-0.000363419
-0.000395169
-0.000425869
-0.000455467
-0.000483983
-0.000510925
-0.000535482
-0.000400855
-0.000434369
-0.000466792
-0.000498069
-0.000528229
-0.000556723
-0.000582584
-0.000441177
-0.00047662
-0.000510927
-0.00054404
-0.000576
-0.000606196
-0.000633475
-0.000484687
-0.000522244
0.000123189
0.000103338
8.39563e-05
6.50246e-05
4.65798e-05
2.86719e-05
1.13385e-05
0.000113593
9.30416e-05
7.30723e-05
5.35377e-05
3.44833e-05
1.59757e-05
-1.94594e-06
0.000103492
8.2218e-05
6.16358e-05
4.14581e-05
2.17514e-05
2.60201e-06
-1.59508e-05
9.28459e-05
7.07878e-05
4.95649e-05
2.87145e-05
8.31619e-06
-1.15164e-05
-3.07373e-05
8.16168e-05
5.87205e-05
3.6819e-05
1.52542e-05
-5.8762e-06
-2.64337e-05
-4.63626e-05
6.9765e-05
4.59703e-05
2.33504e-05
1.02867e-06
-2.08808e-05
-4.22073e-05
-6.28902e-05
5.72469e-05
3.2487e-05
9.10548e-06
-1.40198e-05
-3.67574e-05
-5.88987e-05
-8.03898e-05
4.40153e-05
1.82165e-05
-5.97441e-06
-2.99548e-05
-5.35768e-05
-7.65931e-05
-9.89405e-05
3.00188e-05
3.0999e-06
-2.19531e-05
-4.68453e-05
-7.14123e-05
-9.5363e-05
-0.000118626
1.52015e-05
-1.29275e-05
-3.89007e-05
-6.4767e-05
-9.03458e-05
-0.000115297
-0.000139542
-4.97298e-07
-2.99365e-05
-5.6894e-05
-8.38034e-05
-0.000110468
-0.000136492
-0.000161791
-1.71438e-05
-4.80042e-05
-7.60176e-05
-0.000104046
-0.000131878
-0.000159057
-0.000185488
-3.481e-05
-6.72157e-05
-9.63644e-05
-0.000125597
-0.000154686
-0.000183109
-0.00021076
-5.35742e-05
-8.76638e-05
-0.000118037
-0.000148568
-0.000179015
-0.000208782
-0.00023775
-7.35215e-05
-0.000109451
-0.000141148
-0.000173082
-0.000205001
-0.000236221
-0.000266616
-9.47448e-05
-0.000132689
-0.000165823
-0.000199278
-0.000232793
-0.000265592
-0.000297533
-0.000117345
-0.000157501
-0.000192199
-0.000227308
-0.00026256
-0.000297076
-0.000330698
-0.000141432
-0.000184024
-0.000220431
-0.000257343
-0.00029449
-0.000330878
-0.000366334
-0.000167125
-0.000212407
-0.000250688
-0.000289571
-0.000328791
-0.000367228
-0.000404688
-0.000406384
-0.000446041
0.000747305
0.000736167
0.000724527
0.000712377
0.000699709
0.000686515
0.000672791
0.000658531
0.000643735
0.000628402
0.000612533
0.000596132
0.000579206
0.000561763
0.000543815
0.000525375
0.000506461
0.000487094
0.000467296
0.000447093
0.000426516
0.000405598
0.000384374
0.000362884
0.000341169
0.000319276
0.000297252
0.000275147
0.000253014
0.000230907
0.000208883
0.000186997
0.000165313
0.000143913
0.000758109
0.000746883
0.000735132
0.000722845
0.000710011
0.000696623
0.000682674
0.000668159
0.000653074
0.000637417
0.00062119
0.000604394
0.000587036
0.000569123
0.000550667
0.000531681
0.000512183
0.000492193
0.000471735
0.000450836
0.000429527
0.000407843
0.000385822
0.000363504
0.000340936
0.000318165
0.000295242
0.000272222
0.000249161
0.000226118
0.000203154
0.000180328
0.000157718
0.00013542
0.000769399
0.000758096
0.000746243
0.000733825
0.000720833
0.000707257
0.000693087
0.000678317
0.000662942
0.00064696
0.000630369
0.000613171
0.00059537
0.000576975
0.000557995
0.000538443
0.000518338
0.000497699
0.000476551
0.000454922
0.000432844
0.000410354
0.000387491
0.000364299
0.000340826
0.000317123
0.000293246
0.000269251
0.000245201
0.000221159
0.00019719
0.000173359
0.000149756
0.000126498
0.000781197
0.000769829
0.000757883
0.000745346
0.000732204
0.000718445
0.000704059
0.000689038
0.000673374
0.000657064
0.000640106
0.000622498
0.000604246
0.000585355
0.000565834
0.000545698
0.000524961
0.000503647
0.000481778
0.000459384
0.000436499
0.000413159
0.000389408
0.000365291
0.000340859
0.000316167
0.000291274
0.000266242
0.000241136
0.000216026
0.000190983
0.000166074
0.000141407
0.000117122
0.000793526
0.000782106
0.000770081
0.000757434
0.000744152
0.000730218
0.000715623
0.000700355
0.000684405
0.000667767
0.000650438
0.000632416
0.000613702
0.000594303
0.000574226
0.000553484
0.000532094
0.000510075
0.000487454
0.000464259
0.000440525
0.000416291
0.000391602
0.000366506
0.000341057
0.000315314
0.000289339
0.0002632
0.000236967
0.000210716
0.000184522
0.000158458
0.000132649
0.000107262
0.000806409
0.000794953
0.000782862
0.00077012
0.000756708
0.00074261
0.000727813
0.000712304
0.000696071
0.000679107
0.000661406
0.000642964
0.000623782
0.000603862
0.000583214
0.000561847
0.000539778
0.000517027
0.00049362
0.000469585
0.00044496
0.000419784
0.000394104
0.000367972
0.000341444
0.000314583
0.000287457
0.000260136
0.000232699
0.000205225
0.000177797
0.000150494
0.000123458
9.68874e-05
0.000819872
0.000808396
0.000796256
0.000783432
0.000769904
0.000755655
0.000740666
0.000724924
0.000708414
0.000691127
0.000673053
0.000654188
0.000634529
0.00061408
0.000592844
0.000570833
0.000548062
0.000524549
0.000500321
0.000475408
0.000449846
0.000423678
0.000396952
0.000369722
0.000342049
0.000313999
0.000285644
0.000257062
0.000228335
0.00019955
0.000170799
0.000142164
0.000113808
8.59643e-05
0.000833939
0.000822462
0.000810291
0.000797402
0.000783775
0.000769387
0.00075422
0.000738254
0.000721475
0.000703869
0.000685424
0.000666134
0.000645995
0.000625004
0.000603168
0.000580494
0.000556996
0.000532692
0.000507609
0.000481776
0.000455231
0.000428017
0.000400185
0.000371792
0.000342902
0.000313586
0.000283921
0.00025399
0.000223882
0.000193692
0.000163517
0.000133449
0.000103673
7.44568e-05
0.000848636
0.000837179
0.000824997
0.000812064
0.000798355
0.000783846
0.000768514
0.000752338
0.000735299
0.000717381
0.00069857
0.000678855
0.00065823
0.000636691
0.000614241
0.000590885
0.000566636
0.000541512
0.000515537
0.000488742
0.000461164
0.000432849
0.000403849
0.000374224
0.000344041
0.000313376
0.000282312
0.000250937
0.000219348
0.000187649
0.000155944
0.000124332
9.30234e-05
6.23257e-05
0.000863988
0.000852575
0.000840406
0.00082745
0.00081368
0.000799069
0.00078359
0.000767219
0.000749933
0.000731713
0.000712541
0.000692404
0.000671292
0.000649198
0.000626121
0.000602067
0.000577044
0.00055107
0.000524167
0.000496366
0.000467705
0.00043823
0.000407995
0.000377063
0.000345506
0.000313404
0.000280844
0.000247923
0.000214746
0.000181423
0.000148069
0.000114792
8.18279e-05
4.9529e-05
0.000880022
0.00086868
0.000856548
0.000843595
0.000829788
0.000815097
0.000799492
0.000782944
0.000765427
0.000746917
0.000727394
0.00070684
0.000685241
0.000662587
0.000638875
0.000614105
0.000588286
0.000561432
0.000533564
0.000504712
0.000474915
0.000444218
0.000412679
0.000380363
0.000347344
0.000313709
0.00027955
0.000244972
0.000210087
0.000175017
0.000139885
0.000104809
7.0054e-05
3.60212e-05
0.000896763
0.000885522
0.000873457
0.000860535
0.000846718
0.000831973
0.000816265
0.000799562
0.000781833
0.00076305
0.000743188
0.000722224
0.000700142
0.000676926
0.00065257
0.000627072
0.000600435
0.000572672
0.000543802
0.000513854
0.000482865
0.000450883
0.000417966
0.000384181
0.000349608
0.000314337
0.000278468
0.000242112
0.000205391
0.000168436
0.000131385
9.43622e-05
5.76668e-05
2.1753e-05
0.00091424
0.000903131
0.000891166
0.000878306
0.00086451
0.00084974
0.000833957
0.000817124
0.000799206
0.000780169
0.000759984
0.000738623
0.000716064
0.000692288
0.000667284
0.000641044
0.000613569
0.000584869
0.00055496
0.000523869
0.000491633
0.000458299
0.000423926
0.000388585
0.000352358
0.00031534
0.000277639
0.000239374
0.000200677
0.00016169
0.000122563
8.34308e-05
4.46296e-05
6.67144e-06
0.000932477
0.000921537
0.000909707
0.000896945
0.000883205
0.000868443
0.000852617
0.000835684
0.000817604
0.000798338
0.00077785
0.000756107
0.000733082
0.00070875
0.000683095
0.000656105
0.000627775
0.000598112
0.000567128
0.000534848
0.000501306
0.000466551
0.00043064
0.000393648
0.000355661
0.000316778
0.000277115
0.000236799
0.000195972
0.000154789
0.000113414
7.19939e-05
3.09034e-05
-9.28073e-06
0.000951502
0.00094077
0.000929115
0.000916489
0.000902843
0.000888129
0.000872296
0.000855298
0.000837087
0.00081762
0.000796854
0.00077475
0.000751275
0.000726397
0.000700093
0.000672346
0.000643147
0.000612496
0.000580401
0.000546885
0.00051198
0.000475731
0.000438199
0.000399457
0.000359596
0.000318721
0.000276954
0.000234432
0.000191307
0.00014775
0.000103937
6.00307e-05
1.64475e-05
-2.61652e-05
0.000971339
0.000960858
0.000949422
0.000936977
0.000923469
0.000908843
0.000893045
0.000876021
0.000857718
0.000838085
0.000817071
0.000794633
0.000770726
0.000745316
0.00071837
0.000689865
0.000659786
0.000628125
0.000594887
0.000560089
0.000523761
0.000485945
0.000446701
0.000406106
0.000364251
0.000321247
0.000277223
0.000232327
0.000186722
0.000140593
9.41336e-05
4.75215e-05
1.21919e-06
-4.40483e-05
0.000992013
0.000981831
0.000970662
0.000958446
0.000945124
0.000930635
0.000914919
0.000897915
0.000879562
0.000859803
0.000838579
0.000815837
0.000791527
0.000765604
0.000738029
0.000708769
0.000677802
0.000645113
0.000610702
0.000574578
0.000536767
0.000497309
0.000456262
0.000413703
0.000369726
0.000324447
0.000278002
0.000230548
0.000182263
0.000133346
8.40091e-05
3.44474e-05
-1.48259e-05
-6.30014e-05
0.00101355
0.00100372
0.000992866
0.000980933
0.000967851
0.000953553
0.000937972
0.000921039
0.000902687
0.000882848
0.000861457
0.000838452
0.000813772
0.000787363
0.000759176
0.000729171
0.000697315
0.000663586
0.000627973
0.000590481
0.000551129
0.000509953
0.000467008
0.00042237
0.000376135
0.000328424
0.00027938
0.00022917
0.000177985
0.000126042
7.35733e-05
2.07915e-05
-3.17339e-05
-8.31015e-05
0.000497936
0.000493257
0.000488556
0.000483833
0.000479089
0.000474327
0.000469546
0.000464749
0.000459936
0.000455108
0.000450268
0.000445415
0.000440552
0.00043568
0.0004308
0.000425914
0.000421022
0.000416126
0.000411228
0.000406328
0.000401428
0.00039653
0.000391635
0.000386744
0.000381859
0.00037698
0.00037211
0.000367249
0.0003624
0.000357562
0.000352738
0.00034793
0.000343137
0.000338362
0.000498115
0.000493428
0.000488718
0.000483986
0.000479233
0.000474462
0.000469672
0.000464865
0.000460043
0.000455206
0.000450355
0.000445493
0.000440621
0.000435738
0.000430848
0.000425952
0.000421049
0.000416143
0.000411235
0.000406325
0.000401415
0.000396507
0.000391601
0.0003867
0.000381804
0.000376915
0.000372035
0.000367164
0.000362304
0.000357457
0.000352623
0.000347804
0.000343002
0.000338217
0.000498464
0.00049376
0.000489033
0.000484284
0.000479515
0.000474725
0.000469918
0.000465093
0.000460252
0.000455396
0.000450527
0.000445645
0.000440753
0.000435852
0.000430942
0.000426026
0.000421104
0.000416178
0.000411249
0.000406319
0.000401389
0.00039646
0.000391535
0.000386613
0.000381697
0.000376788
0.000371888
0.000366997
0.000362118
0.000357251
0.000352398
0.00034756
0.000342738
0.000337934
0.000498974
0.000494247
0.000489495
0.000484722
0.000479926
0.000475111
0.000470277
0.000465426
0.000460558
0.000455675
0.000450778
0.000445869
0.000440948
0.000436018
0.00043108
0.000426134
0.000421183
0.000416228
0.00041127
0.00040631
0.000401351
0.000396393
0.000391438
0.000386487
0.000381541
0.000376603
0.000371673
0.000366754
0.000361845
0.000356949
0.000352068
0.000347201
0.000342352
0.000337521
0.000499641
0.000494882
0.000490099
0.000485292
0.000480464
0.000475615
0.000470747
0.000465861
0.000460958
0.000456039
0.000451106
0.00044616
0.000441203
0.000436236
0.00043126
0.000426277
0.000421288
0.000416294
0.000411298
0.0004063
0.000401302
0.000396305
0.000391311
0.000386322
0.000381338
0.000376361
0.000371394
0.000366436
0.00036149
0.000356556
0.000351637
0.000346734
0.000341849
0.000336981
0.000500457
0.00049566
0.000490838
0.000485992
0.000481123
0.000476234
0.000471323
0.000466395
0.000461448
0.000456486
0.000451509
0.000446519
0.000441516
0.000436504
0.000431482
0.000426452
0.000421417
0.000416376
0.000411333
0.000406288
0.000401243
0.000396199
0.000391157
0.000386121
0.00038109
0.000376066
0.000371051
0.000366047
0.000361054
0.000356075
0.000351111
0.000346162
0.000341232
0.000336321
0.00050142
0.000496578
0.00049171
0.000486817
0.000481901
0.000476963
0.000472004
0.000467025
0.000462028
0.000457014
0.000451985
0.000446942
0.000441887
0.00043682
0.000431744
0.00042666
0.00042157
0.000416474
0.000411375
0.000406275
0.000401174
0.000396074
0.000390977
0.000385884
0.000380798
0.000375719
0.000370649
0.000365589
0.000360542
0.000355508
0.00035049
0.000345489
0.000340505
0.000335542
0.000502524
0.000497631
0.000492711
0.000487765
0.000482795
0.000477801
0.000472785
0.000467749
0.000462694
0.000457622
0.000452533
0.00044743
0.000442313
0.000437185
0.000432047
0.000426901
0.000421747
0.000416588
0.000411426
0.000406261
0.000401096
0.000395932
0.000390771
0.000385614
0.000380464
0.000375321
0.000370187
0.000365064
0.000359954
0.000354858
0.000349778
0.000344715
0.000339672
0.000334648
0.000503769
0.000498818
0.000493839
0.000488834
0.000483802
0.000478746
0.000473667
0.000468567
0.000463447
0.000458308
0.000453152
0.000447981
0.000442796
0.000437599
0.000432391
0.000427174
0.000421949
0.000416719
0.000411485
0.000406248
0.000401011
0.000395774
0.000390541
0.000385312
0.000380089
0.000374874
0.000369669
0.000364475
0.000359294
0.000354127
0.000348977
0.000343845
0.000338733
0.000333642
0.000505151
0.000500137
0.000495093
0.000490021
0.000484922
0.000479797
0.000474649
0.000469477
0.000464285
0.000459073
0.000453842
0.000448596
0.000443335
0.00043806
0.000432775
0.000427479
0.000422176
0.000416866
0.000411552
0.000406236
0.000400918
0.000395601
0.000390287
0.000384978
0.000379675
0.00037438
0.000369094
0.000363821
0.000358561
0.000353316
0.000348089
0.00034288
0.000337691
0.000332525
0.000506669
0.000501586
0.000496471
0.000491327
0.000486154
0.000480954
0.000475729
0.00047048
0.000465208
0.000459915
0.000454604
0.000449274
0.00044393
0.000438571
0.0004332
0.000427818
0.000422428
0.000417032
0.00041163
0.000406225
0.000400819
0.000395414
0.000390011
0.000384613
0.000379222
0.000373838
0.000368465
0.000363105
0.000357758
0.000352427
0.000347113
0.00034182
0.000336548
0.000331299
0.000508322
0.000503164
0.000497973
0.000492751
0.000487498
0.000482217
0.000476908
0.000471574
0.000466216
0.000460836
0.000455436
0.000450017
0.000444581
0.000439131
0.000433667
0.000428192
0.000422707
0.000417215
0.000411718
0.000406217
0.000400715
0.000395213
0.000389714
0.00038422
0.000378731
0.000373252
0.000367783
0.000362327
0.000356885
0.00035146
0.000346053
0.000340667
0.000335303
0.000329964
0.000510111
0.000504872
0.000499599
0.000494293
0.000488954
0.000483585
0.000478187
0.000472761
0.000467311
0.000461837
0.000456341
0.000450825
0.000445291
0.000439741
0.000434177
0.0004286
0.000423014
0.000417419
0.000411818
0.000406213
0.000400607
0.000395
0.000389397
0.000383797
0.000378204
0.000372621
0.000367048
0.000361488
0.000355943
0.000350416
0.000344908
0.000339422
0.000333959
0.000328522
0.000512034
0.00050671
0.000501349
0.000495953
0.000490522
0.000485059
0.000479565
0.000474042
0.000468492
0.000462917
0.000457319
0.000451699
0.000446059
0.000440402
0.00043473
0.000429045
0.000423348
0.000417643
0.000411931
0.000406214
0.000400495
0.000394776
0.000389059
0.000383347
0.000377642
0.000371945
0.00036626
0.000360589
0.000354933
0.000349296
0.000343679
0.000338084
0.000332515
0.000326972
0.000514093
0.000508679
0.000503225
0.000497732
0.000492204
0.000486641
0.000481045
0.000475418
0.000469762
0.000464079
0.000458371
0.00045264
0.000446888
0.000441117
0.000435329
0.000429527
0.000423713
0.000417889
0.000412058
0.000406221
0.000400381
0.000394542
0.000388704
0.00038287
0.000377044
0.000371227
0.000365421
0.00035963
0.000353855
0.0003481
0.000342366
0.000336655
0.000330971
0.000325315
0.000516289
0.000510779
0.000505226
0.000499633
0.000494001
0.000488332
0.000482628
0.000476891
0.000471122
0.000465324
0.0004595
0.00045365
0.000447778
0.000441886
0.000435975
0.000430049
0.000424109
0.000418159
0.0004122
0.000406235
0.000400267
0.000394298
0.000388331
0.000382368
0.000376412
0.000370466
0.000364531
0.000358612
0.00035271
0.000346828
0.000340968
0.000335134
0.000329327
0.00032355
0.000518623
0.000513011
0.000507355
0.000501655
0.000495914
0.000490133
0.000484315
0.000478461
0.000472574
0.000466655
0.000460707
0.000454732
0.000448733
0.000442711
0.00043667
0.000430611
0.000424538
0.000418453
0.000412359
0.000406258
0.000400153
0.000394046
0.000387941
0.00038184
0.000375747
0.000369663
0.000363591
0.000357535
0.000351497
0.00034548
0.000339487
0.00033352
0.000327583
0.000321676
0.000521096
0.000515379
0.000509613
0.000503802
0.000497946
0.000492048
0.000486109
0.000480132
0.000474119
0.000468073
0.000461994
0.000455887
0.000449753
0.000443595
0.000437415
0.000431217
0.000425003
0.000418775
0.000412537
0.000406291
0.00040004
0.000393788
0.000387536
0.000381289
0.000375049
0.000368818
0.000362601
0.0003564
0.000350218
0.000344057
0.000337922
0.000331814
0.000325737
0.000319694
0.00052371
0.000517882
0.000512004
0.000506075
0.000500099
0.000494078
0.000488013
0.000481907
0.000475762
0.00046958
0.000463364
0.000457117
0.000450841
0.000444539
0.000438214
0.000431868
0.000425504
0.000419125
0.000412735
0.000406336
0.000399931
0.000393524
0.000387117
0.000380715
0.000374319
0.000367934
0.000361562
0.000355206
0.000348871
0.000342558
0.000336272
0.000330015
0.000323791
0.000317602
0.000526468
0.000520525
0.000514528
0.000508477
0.000502376
0.000496225
0.000490028
0.000483786
0.000477503
0.00047118
0.00046482
0.000458426
0.000452001
0.000445547
0.000439068
0.000432566
0.000426044
0.000419506
0.000412955
0.000406395
0.000399827
0.000393256
0.000386686
0.000380119
0.000373558
0.000367009
0.000360473
0.000353954
0.000347456
0.000340983
0.000334537
0.000328122
0.000321741
0.000315398
0.000529371
0.00052331
0.000517189
0.000511011
0.000504779
0.000498493
0.000492158
0.000485775
0.000479346
0.000472875
0.000466364
0.000459816
0.000453234
0.000446621
0.00043998
0.000433314
0.000426626
0.000419921
0.0004132
0.000406469
0.00039973
0.000392986
0.000386242
0.000379502
0.000372768
0.000366044
0.000359335
0.000352644
0.000345975
0.000339331
0.000332716
0.000326134
0.000319588
0.000313083
0.000532424
0.000526238
0.000519989
0.000513679
0.000507311
0.000500885
0.000494406
0.000487875
0.000481295
0.000474669
0.000468
0.000461291
0.000454544
0.000447764
0.000440953
0.000434115
0.000427253
0.000420371
0.000413472
0.000406561
0.000399641
0.000392715
0.000385789
0.000378865
0.000371948
0.000365042
0.00035815
0.000351277
0.000344426
0.000337603
0.000330809
0.000324051
0.000317331
0.000310653
0.000535627
0.000529313
0.000522932
0.000516485
0.000509975
0.000503405
0.000496775
0.000490091
0.000483353
0.000476566
0.000469731
0.000462853
0.000455934
0.000448979
0.00044199
0.000434971
0.000427926
0.000420859
0.000413773
0.000406673
0.000399562
0.000392446
0.000385327
0.00037821
0.0003711
0.000364001
0.000356916
0.000349851
0.00034281
0.000335797
0.000328816
0.000321871
0.000314967
0.000308108
0.000538985
0.000532539
0.000526021
0.000519433
0.000512776
0.000506054
0.00049927
0.000492425
0.000485523
0.000478567
0.000471561
0.000464506
0.000457408
0.00045027
0.000443094
0.000435886
0.000428649
0.000421388
0.000414106
0.000406807
0.000399497
0.000392179
0.000384858
0.000377539
0.000370225
0.000362923
0.000355636
0.000348368
0.000341126
0.000333913
0.000326734
0.000319593
0.000312496
0.000305446
0.0005425
0.000535919
0.000529259
0.000522525
0.000515717
0.000508839
0.000501893
0.000494882
0.00048781
0.000480679
0.000473492
0.000466255
0.000458969
0.000451639
0.000444269
0.000436864
0.000429426
0.000421961
0.000414473
0.000406966
0.000399446
0.000391917
0.000384384
0.000376851
0.000369324
0.000361808
0.000354308
0.000346828
0.000339374
0.000331951
0.000324564
0.000317217
0.000309916
0.000302665
0.000546176
0.000539455
0.000532651
0.000525765
0.000518801
0.000511761
0.000504649
0.000497466
0.000490216
0.000482904
0.000475531
0.000468102
0.000460621
0.000453092
0.000445519
0.000437906
0.000430259
0.000422581
0.000414877
0.000407153
0.000399413
0.000391662
0.000383906
0.00037615
0.000368399
0.000360658
0.000352934
0.000345231
0.000337554
0.00032991
0.000322304
0.00031474
0.000307225
0.000299763
0.000550016
0.000543152
0.000536198
0.000529158
0.000522033
0.000514827
0.000507541
0.000500181
0.000492748
0.000485246
0.00047768
0.000470053
0.000462369
0.000454632
0.000446847
0.000439019
0.000431152
0.000423251
0.000415322
0.00040737
0.0003994
0.000391417
0.000383427
0.000375436
0.00036745
0.000359474
0.000351514
0.000343576
0.000335666
0.00032779
0.000319953
0.000312162
0.000304422
0.000296739
0.000554024
0.000547013
0.000539907
0.000532707
0.000525417
0.000518039
0.000510576
0.000503031
0.000495408
0.000487712
0.000479944
0.000472111
0.000464216
0.000456263
0.000448257
0.000440204
0.000432109
0.000423976
0.000415811
0.000407621
0.000399409
0.000391184
0.000382949
0.000374712
0.000366479
0.000358256
0.000350049
0.000341865
0.00033371
0.00032559
0.000317512
0.000309481
0.000301505
0.000293589
0.000558203
0.000551042
0.00054378
0.000536417
0.000528956
0.000521402
0.000513755
0.000506021
0.000498203
0.000490304
0.000482329
0.000474281
0.000466167
0.000457989
0.000449755
0.000441468
0.000433134
0.000424758
0.000416348
0.000407908
0.000399445
0.000390965
0.000382474
0.00037398
0.000365488
0.000357006
0.00034854
0.000340098
0.000331685
0.00032331
0.000314978
0.000306696
0.000298472
0.000290312
0.000562556
0.000555244
0.000547821
0.000540291
0.000532656
0.00052492
0.000517086
0.000509156
0.000501135
0.000493028
0.000484837
0.000476569
0.000468227
0.000459816
0.000451343
0.000442812
0.00043423
0.000425602
0.000416935
0.000408235
0.000399509
0.000390763
0.000382005
0.000373241
0.000364478
0.000355725
0.000346988
0.000338274
0.000329592
0.000320948
0.00031235
0.000303805
0.000295321
0.000286905
0.000567088
0.00055962
0.000552035
0.000544334
0.000536521
0.000528599
0.000520571
0.00051244
0.000504211
0.000495888
0.000487475
0.000478978
0.0004704
0.000461748
0.000453027
0.000444244
0.000435403
0.000426512
0.000417578
0.000408606
0.000399605
0.000390582
0.000381543
0.000372497
0.000363452
0.000354414
0.000345393
0.000336396
0.00032743
0.000318505
0.000309628
0.000300808
0.000292051
0.000283366
0.000571802
0.000564177
0.000556426
0.000548551
0.000540556
0.000532443
0.000524216
0.000515879
0.000507436
0.000498891
0.000490248
0.000481514
0.000472693
0.00046379
0.000454812
0.000445766
0.000436657
0.000427492
0.000418279
0.000409025
0.000399737
0.000390424
0.000381093
0.000371752
0.00036241
0.000353075
0.000343756
0.000334462
0.0003252
0.000315981
0.000306811
0.000297701
0.000288659
0.000279693
0.000576702
0.000568917
0.000560997
0.000552945
0.000544764
0.000536457
0.000528026
0.000519478
0.000510814
0.00050204
0.000493161
0.000484182
0.000475109
0.000465947
0.000456704
0.000447384
0.000437996
0.000428547
0.000419044
0.000409495
0.000399909
0.000390293
0.000380656
0.000371007
0.000361355
0.00035171
0.000342079
0.000332474
0.000322902
0.000313374
0.000303898
0.000294485
0.000285143
0.000275882
0.000581791
0.000573844
0.000565754
0.000557522
0.000549151
0.000540645
0.000532007
0.000523241
0.000514351
0.000505342
0.00049622
0.000486989
0.000477655
0.000468225
0.000458706
0.000449104
0.000439426
0.000429681
0.000419877
0.000410021
0.000400123
0.000390192
0.000380236
0.000370266
0.00036029
0.000350319
0.000340363
0.000330432
0.000320535
0.000310684
0.000300888
0.000291157
0.000281502
0.000271932
0.000587073
0.000578963
0.000570699
0.000562285
0.000553721
0.000545012
0.000536162
0.000527174
0.000518052
0.000508802
0.000499429
0.000489938
0.000480336
0.00047063
0.000460825
0.00045093
0.000440952
0.0004309
0.000420782
0.000410607
0.000400385
0.000390125
0.000379837
0.00036953
0.000359217
0.000348906
0.000338609
0.000328337
0.000318101
0.000307911
0.000297779
0.000287716
0.000277733
0.00026784
0.000592551
0.000584277
0.000575838
0.000567238
0.000558479
0.000549565
0.000540498
0.000531282
0.000521924
0.000512426
0.000502795
0.000493037
0.000483159
0.000473166
0.000463066
0.000452868
0.000442579
0.000432208
0.000421765
0.000411258
0.000400699
0.000390096
0.000379461
0.000368804
0.000358137
0.000347472
0.000336819
0.000326191
0.000315599
0.000305055
0.000294572
0.00028416
0.000273833
0.000263602
0.000598228
0.000589789
0.000581175
0.000572388
0.00056343
0.000554306
0.000545018
0.000535572
0.00052597
0.000516219
0.000506324
0.000496291
0.000486127
0.00047584
0.000465436
0.000454924
0.000444313
0.000433612
0.000422831
0.000411979
0.000401068
0.000390109
0.000379112
0.000368091
0.000357055
0.000346019
0.000334994
0.000323993
0.000313029
0.000302115
0.000291264
0.000280489
0.000269802
0.000259216
0.000604109
0.000595504
0.000586712
0.000577736
0.000568578
0.000559242
0.00054973
0.000540047
0.000530198
0.000520187
0.000510021
0.000499706
0.000489249
0.000478658
0.00046794
0.000457104
0.000446159
0.000435116
0.000423984
0.000412775
0.000401499
0.000390168
0.000378796
0.000367393
0.000355973
0.00034455
0.000333136
0.000321746
0.000310393
0.000299092
0.000287856
0.0002767
0.000265637
0.00025468
0.000610195
0.000601424
0.000592455
0.000583289
0.000573928
0.000564377
0.000554637
0.000544714
0.000534612
0.000524336
0.000513893
0.000503289
0.00049253
0.000481626
0.000470584
0.000459414
0.000448124
0.000436727
0.000425232
0.000413651
0.000401996
0.000390279
0.000378514
0.000366715
0.000354894
0.000343067
0.000331247
0.000319451
0.000307692
0.000295985
0.000284347
0.000272792
0.000261335
0.000249991
0.00061649
0.000607554
0.000598406
0.000589049
0.000579484
0.000569715
0.000559745
0.000549578
0.000539218
0.000528672
0.000517945
0.000507044
0.000495977
0.000484751
0.000473375
0.00046186
0.000450214
0.00043845
0.000426579
0.000414612
0.000402563
0.000390445
0.000378273
0.00036606
0.000353822
0.000341573
0.00032933
0.000317109
0.000304925
0.000292795
0.000280736
0.000268764
0.000256895
0.000245145
0.000622996
0.000613896
0.00060457
0.000595021
0.000585251
0.000575263
0.000565059
0.000554644
0.000544023
0.000533201
0.000522184
0.00051098
0.000499595
0.000488039
0.00047632
0.000464448
0.000452435
0.000440292
0.000428031
0.000415665
0.000403207
0.000390673
0.000378076
0.000365433
0.000352759
0.000340071
0.000327386
0.000314721
0.000302094
0.000289522
0.000277022
0.000264614
0.000252314
0.00024014
0.000629717
0.000620453
0.00061095
0.000601209
0.000591233
0.000581023
0.000570584
0.000559918
0.000549031
0.000537929
0.000526616
0.000515101
0.000503392
0.000491496
0.000479424
0.000467186
0.000454794
0.000442259
0.000429595
0.000416815
0.000403934
0.000390966
0.000377929
0.000364838
0.000351711
0.000338565
0.000325419
0.000312291
0.0002992
0.000286165
0.000273206
0.000260341
0.000247591
0.000234973
0.000636654
0.000627228
0.000617548
0.000607616
0.000597433
0.000587002
0.000576324
0.000565405
0.000554249
0.000542861
0.000531247
0.000519415
0.000507373
0.00049513
0.000482695
0.000470081
0.000457297
0.000444358
0.000431277
0.000418069
0.000404748
0.000391331
0.000377836
0.000364279
0.00035068
0.000337057
0.00032343
0.000309819
0.000296244
0.000282726
0.000269286
0.000255945
0.000242723
0.000229641
0.000643809
0.000634223
0.000624369
0.000614246
0.000603857
0.000593202
0.000582286
0.00057111
0.000559681
0.000548003
0.000536083
0.000523928
0.000511546
0.000498947
0.00048614
0.000473138
0.000459952
0.000446596
0.000433084
0.000419432
0.000405657
0.000391774
0.000377803
0.000363762
0.000349671
0.000335551
0.000321423
0.000307308
0.000293228
0.000279206
0.000265263
0.000251423
0.000237709
0.000224142
0.000651184
0.000641441
0.000631414
0.000621102
0.000610507
0.000599629
0.000588472
0.000577039
0.000565334
0.000553363
0.000541131
0.000528647
0.000515918
0.000502954
0.000489766
0.000476365
0.000462765
0.000448979
0.000435023
0.000420913
0.000406666
0.0003923
0.000377835
0.000363291
0.00034869
0.000334052
0.000319401
0.000304761
0.000290153
0.000275604
0.000261137
0.000246776
0.000232546
0.000218472
0.00065878
0.000648884
0.000638686
0.000628187
0.000617387
0.000606286
0.000594888
0.000583196
0.000571212
0.000558944
0.000546396
0.000533577
0.000520494
0.000507158
0.000493579
0.00047977
0.000465744
0.000451516
0.000437101
0.000422517
0.000407782
0.000392916
0.000377939
0.000362872
0.000347739
0.000332563
0.000317368
0.000302179
0.000287022
0.000271922
0.000256907
0.000242002
0.000227233
0.000212628
0.000666599
0.000656553
0.000646188
0.000635504
0.0006245
0.000613178
0.000601539
0.000589585
0.000577322
0.000564753
0.000551885
0.000538725
0.000525282
0.000511566
0.000497587
0.000483359
0.000468896
0.000454212
0.000439325
0.000424252
0.000409012
0.000393628
0.000378119
0.00036251
0.000346825
0.000331088
0.000315327
0.000299567
0.000283836
0.000268162
0.000252574
0.0002371
0.000221769
0.000206609
0.000674641
0.000664449
0.000653921
0.000643055
0.00063185
0.000620307
0.000608427
0.000596213
0.000583667
0.000570796
0.000557604
0.000544098
0.000530289
0.000516185
0.000501798
0.000487141
0.000472228
0.000457076
0.000441702
0.000426124
0.000410364
0.000394443
0.000378384
0.000362212
0.000345953
0.000329633
0.000313281
0.000296926
0.000280597
0.000264324
0.000248137
0.000232069
0.00021615
0.000200411
0.000682907
0.000672574
0.000661887
0.000650842
0.000639439
0.000627677
0.000615557
0.000603082
0.000590254
0.000577077
0.000563557
0.000549702
0.00053552
0.000521022
0.000506217
0.000491121
0.000475748
0.000460115
0.000444239
0.000428142
0.000411843
0.000395367
0.000378738
0.000361982
0.000345127
0.000328202
0.000311236
0.00029426
0.000277307
0.000260409
0.000243599
0.00022691
0.000210377
0.000194032
0.000691397
0.000680929
0.000670086
0.000658867
0.000647269
0.000635291
0.000622933
0.000610197
0.000597086
0.000583602
0.000569753
0.000555544
0.000540984
0.000526083
0.000510854
0.000495309
0.000479464
0.000463337
0.000446946
0.000430312
0.000413458
0.000396409
0.000379189
0.000361828
0.000344355
0.0003268
0.000309195
0.000291574
0.000273971
0.00025642
0.000238959
0.000221622
0.000204446
0.000187468
0.000700111
0.000689513
0.000678521
0.000667132
0.000655343
0.000643151
0.000630558
0.000617563
0.000604168
0.000590377
0.000576195
0.000561628
0.000546685
0.000531377
0.000515714
0.000499711
0.000483384
0.00046675
0.000449829
0.000432643
0.000415217
0.000397574
0.000379744
0.000361756
0.000343641
0.000325432
0.000307163
0.00028887
0.000270589
0.000252359
0.000234218
0.000216205
0.000198358
0.000180719
0.000709047
0.000698326
0.000687191
0.000675638
0.000663662
0.000651261
0.000638435
0.000625182
0.000611504
0.000597405
0.000582889
0.000567961
0.000552631
0.000536908
0.000520805
0.000504335
0.000487514
0.000470361
0.000452896
0.000435143
0.000417126
0.000398872
0.00038041
0.000361773
0.000342992
0.000324104
0.000305144
0.000286152
0.000267166
0.000248227
0.000229377
0.000210658
0.000192111
0.00017378
0.000718205
0.000707368
0.000696097
0.000684385
0.000672228
0.000659622
0.000646566
0.000633058
0.000619099
0.000604692
0.00058984
0.00057455
0.000558828
0.000542686
0.000526134
0.000509188
0.000491863
0.000474179
0.000456156
0.000437819
0.000419194
0.000400309
0.000381195
0.000361885
0.000342415
0.000322822
0.000303144
0.000283425
0.000263704
0.000244027
0.000224438
0.000204982
0.000185704
0.00016665
0.000727584
0.000716639
0.000705238
0.000693374
0.000681041
0.000668235
0.000654954
0.000641194
0.000626956
0.000612241
0.000597054
0.000581398
0.000565282
0.000548715
0.000531709
0.000514277
0.000496438
0.000478211
0.000459616
0.00044068
0.000421429
0.000401893
0.000382105
0.0003621
0.000341915
0.000321591
0.000301169
0.000280692
0.000260208
0.000239762
0.000219402
0.000199178
0.000179137
0.00015933
0.00073718
0.000726135
0.000714613
0.000702604
0.000690102
0.000677102
0.0006636
0.000649592
0.000635078
0.000620058
0.000604534
0.000588512
0.000571998
0.000555002
0.000537535
0.000519611
0.000501248
0.000482465
0.000463285
0.000443734
0.000423839
0.000403633
0.000383149
0.000362425
0.000341501
0.000320418
0.000299222
0.00027796
0.00025668
0.000235434
0.000214272
0.000193246
0.000172411
0.000151824
0.000333714
0.000329193
0.000324692
0.000320211
0.000315751
0.000311314
0.0003069
0.00033356
0.00032903
0.00032452
0.00032003
0.000315562
0.000311116
0.000306694
0.000333259
0.000328712
0.000324185
0.000319678
0.000315193
0.000310731
0.000306292
0.000332819
0.000328246
0.000323694
0.000319162
0.000314653
0.000310166
0.000305704
0.000332245
0.000327639
0.000323053
0.000318489
0.000313948
0.00030943
0.000304938
0.000331541
0.000326894
0.000322268
0.000317664
0.000313084
0.000308528
0.000303998
0.000330712
0.000326017
0.000321343
0.000316692
0.000312066
0.000307465
0.00030289
0.000329761
0.00032501
0.000320281
0.000315577
0.000310897
0.000306244
0.000301618
0.00032869
0.000323876
0.000319085
0.00031432
0.000309581
0.000304869
0.000300186
0.0003275
0.000322617
0.000317758
0.000312925
0.000308119
0.000303342
0.000298596
0.000326194
0.000321234
0.000316299
0.000311392
0.000306513
0.000301665
0.000296848
0.000324773
0.000319729
0.000314712
0.000309723
0.000304765
0.000299839
0.000294946
0.000323236
0.000318101
0.000312995
0.000307919
0.000302874
0.000297864
0.000292888
0.000321585
0.000316352
0.000311149
0.000305979
0.000300842
0.00029574
0.000290675
0.000319818
0.000314481
0.000309175
0.000303903
0.000298666
0.000293467
0.000288307
0.000317937
0.000312487
0.000307071
0.00030169
0.000296347
0.000291044
0.000285783
0.000315939
0.000310369
0.000304836
0.00029934
0.000293884
0.000288471
0.000283101
0.000313824
0.000308128
0.000302469
0.000296851
0.000291275
0.000285744
0.00028026
0.000311592
0.000305761
0.00029997
0.000294222
0.000288519
0.000282864
0.000277258
0.00030924
0.000303267
0.000297336
0.00029145
0.000285613
0.000279826
0.000274093
0.000306768
0.000300644
0.000294565
0.000288535
0.000282555
0.00027663
0.000270761
0.000304173
0.00029789
0.000291655
0.000285472
0.000279344
0.000273272
0.000267261
0.000301454
0.000295003
0.000288604
0.00028226
0.000275975
0.00026975
0.000263589
0.000298608
0.000291982
0.00028541
0.000278897
0.000272446
0.00026606
0.000259742
0.000295634
0.000288822
0.000282069
0.000275378
0.000268753
0.000262198
0.000255716
0.000292529
0.000285523
0.000278579
0.000271701
0.000264894
0.000258162
0.000251507
0.000289292
0.000282081
0.000274937
0.000267863
0.000260865
0.000253946
0.000247111
0.000285918
0.000278493
0.000271139
0.00026386
0.000256661
0.000249548
0.000242523
0.000282407
0.000274757
0.000267182
0.000259688
0.00025228
0.000244962
0.00023774
0.000278754
0.000270868
0.000263063
0.000255343
0.000247716
0.000240185
0.000232756
0.000274957
0.000266825
0.000258778
0.000250822
0.000242964
0.00023521
0.000227565
0.000271014
0.000262622
0.000254322
0.00024612
0.000238022
0.000230034
0.000222163
0.00026692
0.000258258
0.000249693
0.000241232
0.000232883
0.000224651
0.000216545
0.000262674
0.000253728
0.000244886
0.000236155
0.000227542
0.000219056
0.000210704
0.000258271
0.000249029
0.000239896
0.000230882
0.000221995
0.000213243
0.000204634
0.000253709
0.000244156
0.00023472
0.00022541
0.000216237
0.000207207
0.000198329
0.000248984
0.000239106
0.000229352
0.000219734
0.00021026
0.00020094
0.000191784
0.000244092
0.000233874
0.000223789
0.000213848
0.000204061
0.000194438
0.00018499
0.000239031
0.000228457
0.000218025
0.000207746
0.000197632
0.000187693
0.000177941
0.000233796
0.00022285
0.000212055
0.000201424
0.000190968
0.0001807
0.000170631
0.000228384
0.00021705
0.000205876
0.000194875
0.000184063
0.00017345
0.000163051
0.000222791
0.000211051
0.00019948
0.000188095
0.00017691
0.000165938
0.000155195
0.000217015
0.000204849
0.000192864
0.000181076
0.000169502
0.000158156
0.000147054
0.00021105
0.00019844
0.000186022
0.000173814
0.000161834
0.000150097
0.00013862
0.000204894
0.000191819
0.000178948
0.000166302
0.000153897
0.000141753
0.000129887
0.000198542
0.000184981
0.000171638
0.000158533
0.000145686
0.000133117
0.000120844
0.000191991
0.000177923
0.000164085
0.000150501
0.000137193
0.00012418
0.000111484
0.000185237
0.000170638
0.000156285
0.0001422
0.00012841
0.000114935
0.000101798
0.000178277
0.000163123
0.00014823
0.000133623
0.000119329
0.000105373
9.17769e-05
0.000171106
0.000155373
0.000139915
0.000124763
0.000109943
9.54844e-05
8.14108e-05
0.000163721
0.000147381
0.000131334
0.000115612
0.000100244
8.52615e-05
7.06903e-05
0.000156117
0.000139143
0.000122479
0.000106162
9.02225e-05
7.46938e-05
5.9605e-05
0.000148292
0.000130652
0.000113344
9.64041e-05
7.98684e-05
6.37708e-05
4.81436e-05
0.000140245
0.00012191
0.000103929
8.63403e-05
6.91809e-05
5.24884e-05
3.6298e-05
0.000131981
0.000112916
9.42336e-05
7.59664e-05
5.81532e-05
4.08377e-05
2.40587e-05
0.00030251
0.000298146
0.000293807
0.000289496
0.000285213
0.000280959
0.000276735
0.000302296
0.000297924
0.000293578
0.000289259
0.000284969
0.000280708
0.000276477
0.000301879
0.000297491
0.00029313
0.000288797
0.000284492
0.000280217
0.000275972
0.000301268
0.000296858
0.000292475
0.00028812
0.000283794
0.000279499
0.000275234
0.000300471
0.000296031
0.00029162
0.000287237
0.000282884
0.000278562
0.000274272
0.000299494
0.000295019
0.000290572
0.000286155
0.000281768
0.000277414
0.000273092
0.000298343
0.000293825
0.000289337
0.000284879
0.000280453
0.000276061
0.000271702
0.000297022
0.000292455
0.000287919
0.000283415
0.000278944
0.000274508
0.000270106
0.000295533
0.000290911
0.000286322
0.000281766
0.000277244
0.000272758
0.000268309
0.00029388
0.000289197
0.000284548
0.000279935
0.000275357
0.000270816
0.000266314
0.000292064
0.000287315
0.000282601
0.000277923
0.000273284
0.000268683
0.000264123
0.000290087
0.000285264
0.000280479
0.000275733
0.000271026
0.000266361
0.000261738
0.000287949
0.000283047
0.000278185
0.000273364
0.000268585
0.00026385
0.000259159
0.000285649
0.000280663
0.000275719
0.000270818
0.000265961
0.00026115
0.000256386
0.000283188
0.000278111
0.000273079
0.000268092
0.000263152
0.000258261
0.00025342
0.000280564
0.000275391
0.000270265
0.000265187
0.000260159
0.000255182
0.000250259
0.000277777
0.000272501
0.000267275
0.000262101
0.000256979
0.000251912
0.000246901
0.000274825
0.00026944
0.000264108
0.000258831
0.000253611
0.000248448
0.000243346
0.000271704
0.000266205
0.000260762
0.000255377
0.000250052
0.000244789
0.000239589
0.000268414
0.000262794
0.000257233
0.000251734
0.0002463
0.000240931
0.00023563
0.000264952
0.000259203
0.000253519
0.000247901
0.000242351
0.000236871
0.000231464
0.000261313
0.000255431
0.000249617
0.000243873
0.000238202
0.000232607
0.000227088
0.000257496
0.000251473
0.000245523
0.000239648
0.00023385
0.000228133
0.000222498
0.000253497
0.000247326
0.000241233
0.00023522
0.000229291
0.000223447
0.000217691
0.000249311
0.000242985
0.000236743
0.000230587
0.000224519
0.000218543
0.000212661
0.000244934
0.000238447
0.000232049
0.000225742
0.000219531
0.000213417
0.000207403
0.000240363
0.000233707
0.000227145
0.000220682
0.000214321
0.000208064
0.000201914
0.000235593
0.00022876
0.000222028
0.000215402
0.000208884
0.000202478
0.000196186
0.000230618
0.0002236
0.000216691
0.000209895
0.000203214
0.000196653
0.000190216
0.000225434
0.000218223
0.000211129
0.000204156
0.000197306
0.000190585
0.000183995
0.000220034
0.000212623
0.000205337
0.000198179
0.000191154
0.000184266
0.000177519
0.000214415
0.000206794
0.000199307
0.000191958
0.000184751
0.00017769
0.00017078
0.000208569
0.000200731
0.000193034
0.000185486
0.00017809
0.00017085
0.000163772
0.000202491
0.000194425
0.000186512
0.000178756
0.000171164
0.00016374
0.000156488
0.000196174
0.000187872
0.000179732
0.000171762
0.000163966
0.000156351
0.00014892
0.000189612
0.000181063
0.000172689
0.000164495
0.000156489
0.000148676
0.00014106
0.000182798
0.000173992
0.000165374
0.000156949
0.000148725
0.000140707
0.0001329
0.000175725
0.000166652
0.00015778
0.000149115
0.000140665
0.000132435
0.000124432
0.000168385
0.000159035
0.000149899
0.000140985
0.000132301
0.000123853
0.000115648
0.000160771
0.000151132
0.000141722
0.00013255
0.000123624
0.000114951
0.000106537
0.000152876
0.000142936
0.000133242
0.000123802
0.000114626
0.000105721
9.70925e-05
0.000144691
0.000134438
0.000124449
0.000114732
0.000105297
9.61518e-05
8.73029e-05
0.000136207
0.00012563
0.000115335
0.000105331
9.56283e-05
8.62364e-05
7.71628e-05
0.000127418
0.000116503
0.000105889
9.55879e-05
8.56092e-05
7.59625e-05
6.66557e-05
0.000118313
0.000107048
9.6104e-05
8.54944e-05
7.52301e-05
6.5321e-05
5.57755e-05
0.000108885
9.72546e-05
8.59687e-05
7.50402e-05
6.44811e-05
5.43019e-05
4.45114e-05
9.91232e-05
8.71144e-05
7.54736e-05
6.42151e-05
5.33517e-05
4.28946e-05
3.2853e-05
8.90194e-05
7.66173e-05
6.46086e-05
5.30088e-05
4.18315e-05
3.10885e-05
2.07896e-05
7.85637e-05
6.57531e-05
5.33634e-05
4.14108e-05
2.99098e-05
1.88729e-05
8.31052e-06
6.7746e-05
5.45116e-05
4.17271e-05
2.941e-05
1.75755e-05
6.23673e-06
-4.59523e-06
5.65561e-05
4.28821e-05
2.9689e-05
1.69954e-05
4.81753e-06
-6.83099e-06
-1.79387e-05
4.49834e-05
3.08538e-05
1.72384e-05
4.15672e-06
-8.37426e-06
-2.03404e-05
-3.17299e-05
3.30161e-05
1.84147e-05
4.36303e-06
-9.1182e-06
-2.20115e-05
-3.43023e-05
-4.59793e-05
2.06416e-05
5.54763e-06
-8.9581e-06
-2.28536e-05
-3.61203e-05
-4.87434e-05
-6.07105e-05
7.85059e-06
-7.75562e-06
-2.27323e-05
-3.70559e-05
-5.07074e-05
-6.36718e-05
-7.59338e-05
0.000272441
0.000268081
0.000263756
0.000259467
0.000255216
0.000251002
0.000246826
0.000242691
0.000238595
0.000234539
0.000230525
0.000226553
0.000222623
0.000218736
0.000214892
0.000211093
0.000207337
0.000203626
0.00019996
0.000196339
0.000192763
0.000189234
0.00018575
0.000182312
0.000272175
0.000267808
0.000263477
0.000259182
0.000254924
0.000250705
0.000246524
0.000242382
0.000238281
0.000234221
0.000230203
0.000226226
0.000222292
0.000218401
0.000214554
0.000210751
0.000206993
0.000203279
0.00019961
0.000195987
0.00019241
0.000188878
0.000185393
0.000181954
0.000271658
0.000267278
0.000262933
0.000258626
0.000254356
0.000250125
0.000245934
0.000241782
0.000237671
0.000233602
0.000229574
0.000225589
0.000221648
0.00021775
0.000213896
0.000210086
0.000206322
0.000202603
0.000198929
0.000195302
0.000191721
0.000188186
0.000184698
0.000181257
0.0002709
0.000266501
0.000262137
0.000257812
0.000253525
0.000249277
0.00024507
0.000240903
0.000236778
0.000232695
0.000228654
0.000224657
0.000220704
0.000216795
0.000212932
0.000209113
0.00020534
0.000201614
0.000197933
0.0001943
0.000190713
0.000187174
0.000183682
0.000180237
0.000269912
0.000265487
0.000261099
0.00025675
0.000252441
0.000248172
0.000243943
0.000239757
0.000235613
0.000231512
0.000227455
0.000223442
0.000219474
0.000215552
0.000211675
0.000207845
0.000204061
0.000200325
0.000196636
0.000192994
0.000189401
0.000185855
0.000182358
0.000178909
0.000268701
0.000264245
0.000259827
0.00025545
0.000251113
0.000246817
0.000242564
0.000238353
0.000234187
0.000230064
0.000225987
0.000221955
0.000217969
0.00021403
0.000210138
0.000206293
0.000202497
0.000198748
0.000195048
0.000191398
0.000187796
0.000184243
0.00018074
0.000177286
0.000267274
0.000262781
0.000258329
0.000253918
0.000249548
0.000245222
0.000240939
0.0002367
0.000232507
0.000228359
0.000224258
0.000220204
0.000216197
0.000212238
0.000208328
0.000204467
0.000200656
0.000196894
0.000193182
0.00018952
0.000185909
0.000182348
0.000178838
0.000175379
0.000265636
0.000261102
0.000256609
0.00025216
0.000247753
0.000243391
0.000239075
0.000234804
0.00023058
0.000226404
0.000222276
0.000218196
0.000214166
0.000210186
0.000206255
0.000202376
0.000198547
0.00019477
0.000191044
0.00018737
0.000183749
0.000180179
0.000176662
0.000173197
0.000263792
0.000259211
0.000254674
0.000250181
0.000245733
0.000241331
0.000236977
0.000232671
0.000228413
0.000224205
0.000220047
0.000215939
0.000211882
0.000207878
0.000203925
0.000200025
0.000196178
0.000192384
0.000188643
0.000184956
0.000181324
0.000177745
0.00017422
0.000170749
0.000261744
0.000257112
0.000252525
0.000247984
0.000243491
0.000239046
0.00023465
0.000230304
0.000226009
0.000221766
0.000217575
0.000213436
0.000209351
0.00020532
0.000201343
0.000197421
0.000193554
0.000189742
0.000185985
0.000182285
0.00017864
0.000175051
0.000171519
0.000168042
0.000259496
0.000254807
0.000250165
0.000245573
0.00024103
0.000236537
0.000232096
0.000227708
0.000223373
0.000219091
0.000214864
0.000210693
0.000206577
0.000202517
0.000198514
0.000194569
0.00019068
0.000186849
0.000183076
0.000179361
0.000175704
0.000172105
0.000168565
0.000165083
0.000257048
0.000252298
0.000247598
0.000242948
0.000238352
0.000233808
0.000229318
0.000224884
0.000220505
0.000216183
0.000211918
0.000207711
0.000203563
0.000199473
0.000195442
0.000191471
0.000187561
0.00018371
0.00017992
0.00017619
0.000172521
0.000168912
0.000165364
0.000161876
0.000254402
0.000249586
0.000244822
0.000240113
0.000235458
0.000230859
0.000226318
0.000221834
0.000217409
0.000213044
0.000208738
0.000204494
0.000200311
0.000196189
0.00019213
0.000188133
0.000184199
0.000180328
0.00017652
0.000172775
0.000169094
0.000165475
0.00016192
0.000158428
0.000251558
0.000246671
0.00024184
0.000237066
0.000232349
0.000227692
0.000223096
0.00021856
0.000214086
0.000209674
0.000205326
0.000201042
0.000196823
0.000192668
0.000188579
0.000184555
0.000180597
0.000176705
0.00017288
0.00016912
0.000165427
0.000161799
0.000158238
0.000154742
0.000248515
0.000243553
0.00023865
0.000233807
0.000229026
0.000224307
0.000219652
0.000215061
0.000210535
0.000206076
0.000201683
0.000197358
0.0001931
0.000188911
0.000184791
0.00018074
0.000176758
0.000172845
0.000169001
0.000165227
0.000161523
0.000157887
0.000154321
0.000150823
0.000245273
0.000240231
0.000235252
0.000230337
0.000225486
0.000220702
0.000215985
0.000211337
0.000206757
0.000202248
0.000197808
0.00019344
0.000189144
0.00018492
0.000180768
0.000176688
0.000172682
0.000168748
0.000164887
0.0001611
0.000157384
0.000153741
0.000150171
0.000146672
0.00024183
0.000236704
0.000231644
0.000226653
0.00022173
0.000216878
0.000212096
0.000207387
0.000202751
0.00019819
0.000193702
0.00018929
0.000184953
0.000180693
0.000176509
0.000172401
0.000168371
0.000164416
0.000160539
0.000156738
0.000153013
0.000149365
0.000145791
0.000142293
0.000238183
0.000232969
0.000227825
0.000222754
0.000217755
0.000212831
0.000207983
0.000203211
0.000198517
0.000193901
0.000189364
0.000184906
0.000180529
0.000176232
0.000172015
0.000167879
0.000163825
0.00015985
0.000155957
0.000152144
0.000148411
0.000144758
0.000141184
0.000137689
0.000234332
0.000229025
0.000223793
0.000218637
0.00021356
0.000208561
0.000203643
0.000198806
0.000194051
0.000189379
0.000184791
0.000180288
0.000175869
0.000171534
0.000167286
0.000163122
0.000159044
0.000155051
0.000151142
0.000147319
0.00014358
0.000139924
0.000136352
0.000132862
0.000230273
0.000224869
0.000219544
0.000214301
0.000209141
0.000204065
0.000199074
0.00019417
0.000189353
0.000184624
0.000179984
0.000175433
0.000170972
0.000166601
0.00016232
0.000158129
0.000154028
0.000150017
0.000146096
0.000142263
0.000138519
0.000134864
0.000131295
0.000127813
0.000226003
0.000220497
0.000215076
0.000209742
0.000204496
0.00019934
0.000194274
0.0001893
0.000184419
0.000179632
0.000174939
0.000170341
0.000165837
0.000161429
0.000157117
0.000152899
0.000148777
0.00014475
0.000140817
0.000136977
0.000133231
0.000129578
0.000126016
0.000122545
0.000221518
0.000215906
0.000210385
0.000204956
0.000199621
0.000194382
0.000189239
0.000184195
0.000179248
0.000174401
0.000169655
0.000165008
0.000160463
0.000156018
0.000151675
0.000147432
0.00014329
0.000139248
0.000135305
0.000131462
0.000127716
0.000124068
0.000120516
0.000117059
0.000216815
0.000211093
0.000205467
0.000199941
0.000194514
0.000189189
0.000183967
0.000178849
0.000173836
0.000168929
0.000164128
0.000159434
0.000154847
0.000150366
0.000145993
0.000141726
0.000137566
0.000133511
0.000129561
0.000125716
0.000121974
0.000118334
0.000114795
0.000111356
0.000211889
0.000206052
0.000200319
0.000194691
0.000189169
0.000183756
0.000178453
0.000173261
0.00016818
0.000163212
0.000158356
0.000153614
0.000148986
0.000144471
0.000140069
0.00013578
0.000131603
0.000127538
0.000123584
0.00011974
0.000116005
0.000112377
0.000108855
0.000105438
0.000206736
0.000200781
0.000194935
0.000189202
0.000183583
0.00017808
0.000172694
0.000167425
0.000162276
0.000157246
0.000152336
0.000147547
0.000142878
0.000138329
0.000133901
0.000129592
0.000125401
0.000121329
0.000117374
0.000113534
0.000109809
0.000106197
0.000102697
9.93061e-05
0.000201351
0.000195273
0.000189312
0.000183471
0.000177751
0.000172155
0.000166684
0.000161338
0.00015612
0.000151028
0.000146064
0.000141228
0.00013652
0.00013194
0.000127486
0.00012316
0.000118959
0.000114882
0.000110929
0.000107098
0.000103388
9.9796e-05
9.63215e-05
9.2962e-05
0.000195729
0.000189523
0.000183443
0.000177491
0.000171668
0.000165978
0.00016042
0.000154996
0.000149707
0.000144554
0.000139537
0.000134655
0.00012991
0.000125299
0.000120824
0.000116482
0.000112273
0.000108196
0.000104249
0.000100431
9.67398e-05
9.31733e-05
8.97297e-05
8.64067e-05
0.000189865
0.000183527
0.000177324
0.000171257
0.000165329
0.000159542
0.000153896
0.000148394
0.000143035
0.00013782
0.00013275
0.000127824
0.000123043
0.000118405
0.00011391
0.000109557
0.000105344
0.00010127
9.73338e-05
9.3533e-05
8.98657e-05
8.63296e-05
8.29224e-05
7.96417e-05
0.000183752
0.000177278
0.000170948
0.000164764
0.000158729
0.000152843
0.000147108
0.000141526
0.000136097
0.000130822
0.0001257
0.000120732
0.000115917
0.000111254
0.000106743
0.000102381
9.81686e-05
9.41027e-05
9.01817e-05
8.64034e-05
8.27655e-05
7.92655e-05
7.59008e-05
7.26684e-05
0.000177385
0.000170771
0.000164311
0.000158006
0.000151861
0.000145875
0.00014005
0.000134388
0.00012889
0.000123554
0.000118383
0.000113374
0.000108528
0.000103843
9.93193e-05
9.4954e-05
9.07457e-05
8.66925e-05
8.2792e-05
7.90419e-05
7.54394e-05
7.19817e-05
6.86657e-05
6.54884e-05
0.000170758
0.000163999
0.000157405
0.000150977
0.000144719
0.000138632
0.000132717
0.000126975
0.000121407
0.000116013
0.000110793
0.000105747
0.000100873
9.61699e-05
9.16371e-05
8.72723e-05
8.30735e-05
7.90383e-05
7.51642e-05
7.14483e-05
6.78875e-05
6.44788e-05
6.12185e-05
5.81033e-05
0.000163863
0.000156955
0.000150224
0.000143671
0.000137298
0.000131108
0.000125102
0.000119281
0.000113645
0.000108194
0.000102928
9.78459e-05
9.29473e-05
8.82304e-05
8.36933e-05
7.93341e-05
7.51502e-05
7.1139e-05
6.72974e-05
6.36223e-05
6.01102e-05
5.67575e-05
5.35604e-05
5.05149e-05
0.000156694
0.000149634
0.000142761
0.00013608
0.000129591
0.000123298
0.0001172
0.0001113
0.000105596
0.00010009
9.4781e-05
8.96674e-05
8.47481e-05
8.00214e-05
7.54852e-05
7.1137e-05
6.69741e-05
6.29931e-05
5.9191e-05
5.55638e-05
5.21078e-05
4.8819e-05
4.56929e-05
4.27252e-05
0.000149243
0.000142026
0.00013501
0.000128198
0.000121592
0.000115194
0.000109005
0.000103026
9.72572e-05
9.16984e-05
8.63487e-05
8.12069e-05
7.62713e-05
7.15399e-05
6.701e-05
6.26789e-05
5.85434e-05
5.45998e-05
5.08443e-05
4.72728e-05
4.38809e-05
4.06641e-05
3.76175e-05
3.47362e-05
0.000141504
0.000134126
0.000126962
0.000120017
0.000113292
0.000106789
0.000100509
9.44532e-05
8.86211e-05
8.30123e-05
7.76258e-05
7.24601e-05
6.75131e-05
6.27824e-05
5.8265e-05
5.39576e-05
4.98565e-05
4.59577e-05
4.22569e-05
3.87493e-05
3.54301e-05
3.22941e-05
2.93361e-05
2.65504e-05
0.000133468
0.000125925
0.000118611
0.000111531
0.000104685
9.80772e-05
9.17071e-05
8.55755e-05
7.96823e-05
7.40267e-05
6.86074e-05
6.34225e-05
5.84695e-05
5.37456e-05
4.92473e-05
4.49708e-05
4.09119e-05
3.70661e-05
3.34284e-05
2.99936e-05
2.67562e-05
2.37105e-05
2.08506e-05
1.81703e-05
0.000125128
0.000117415
0.000109948
0.000102731
9.57643e-05
8.90509e-05
8.25914e-05
7.63862e-05
7.04348e-05
6.47362e-05
5.92885e-05
5.40897e-05
4.91367e-05
4.44261e-05
3.99542e-05
3.57164e-05
3.17081e-05
2.79241e-05
2.43587e-05
2.10062e-05
1.78604e-05
1.4915e-05
1.21633e-05
9.59866e-06
0.000116475
0.000108589
0.000100966
9.36092e-05
8.65209e-05
7.97027e-05
7.31553e-05
6.68788e-05
6.08724e-05
5.51349e-05
4.9664e-05
4.4457e-05
3.95106e-05
3.48208e-05
3.03831e-05
2.61925e-05
2.22438e-05
1.85309e-05
1.50477e-05
1.17876e-05
8.74382e-06
5.90927e-06
3.27667e-06
8.38555e-07
0.0001075
9.94369e-05
9.16551e-05
8.41579e-05
7.69474e-05
7.0025e-05
6.33914e-05
5.70464e-05
5.09889e-05
4.52172e-05
3.97286e-05
3.452e-05
2.95873e-05
2.49261e-05
2.05313e-05
1.63971e-05
1.25176e-05
8.88596e-06
5.49541e-06
2.3386e-06
-5.92065e-07
-3.30444e-06
-5.80658e-06
-8.10668e-06
9.8194e-05
8.99506e-05
8.20076e-05
7.43685e-05
6.70355e-05
6.001e-05
5.32924e-05
4.68821e-05
4.07778e-05
3.49771e-05
2.94771e-05
2.42739e-05
1.9363e-05
1.4739e-05
1.03963e-05
6.32842e-06
2.52842e-06
-1.01103e-06
-4.2977e-06
-7.33972e-06
-1.01455e-05
-1.27238e-05
-1.50834e-05
-1.72334e-05
8.85489e-05
8.01211e-05
7.20143e-05
6.42322e-05
5.67769e-05
4.96497e-05
4.28506e-05
3.63788e-05
3.02325e-05
2.44089e-05
1.89043e-05
1.37143e-05
8.83357e-06
4.25625e-06
-2.43246e-08
-4.01536e-06
-7.72461e-06
-1.11603e-05
-1.43311e-05
-1.72461e-05
-1.99146e-05
-2.23461e-05
-2.45506e-05
-2.65378e-05
7.85547e-05
6.99389e-05
6.16661e-05
5.37402e-05
4.61631e-05
3.89359e-05
3.20584e-05
2.55294e-05
1.93465e-05
1.35064e-05
8.0047e-06
2.83633e-06
-2.00477e-06
-6.52538e-06
-1.0733e-05
-1.46357e-05
-1.82423e-05
-2.15619e-05
-2.46042e-05
-2.73791e-05
-2.9897e-05
-3.21685e-05
-3.42044e-05
-3.60155e-05
6.82027e-05
5.93948e-05
5.09538e-05
4.28834e-05
3.51853e-05
2.78604e-05
2.0908e-05
1.43265e-05
8.11305e-06
2.26357e-06
-3.22693e-06
-8.36445e-06
-1.31559e-05
-1.76089e-05
-2.17319e-05
-2.55342e-05
-2.90253e-05
-3.22156e-05
-3.51157e-05
-3.77368e-05
-4.00902e-05
-4.21877e-05
-4.40409e-05
-4.56619e-05
5.74814e-05
4.84786e-05
3.98677e-05
3.16525e-05
2.38346e-05
1.64146e-05
9.39137e-06
2.76284e-06
-3.47456e-06
-9.32554e-06
-1.47959e-05
-1.98926e-05
-2.46235e-05
-2.89972e-05
-3.30232e-05
-3.67118e-05
-4.00739e-05
-4.31209e-05
-4.58645e-05
-4.83172e-05
-5.04914e-05
-5.24e-05
-5.40559e-05
-5.54722e-05
4.63816e-05
3.71805e-05
2.83981e-05
2.00381e-05
1.2102e-05
4.58996e-06
-2.49947e-06
-9.16908e-06
-1.54231e-05
-2.1267e-05
-2.67076e-05
-3.17527e-05
-3.64112e-05
-4.0693e-05
-4.46087e-05
-4.81698e-05
-5.13884e-05
-5.42771e-05
-5.68491e-05
-5.91179e-05
-6.10974e-05
-6.28017e-05
-6.42448e-05
-6.54411e-05
3.48931e-05
2.54906e-05
1.65353e-05
8.03083e-06
-2.15218e-08
-7.62203e-06
-1.47726e-05
-2.14766e-05
-2.77392e-05
-3.35668e-05
-3.8967e-05
-4.39489e-05
-4.85226e-05
-5.2699e-05
-5.64901e-05
-5.99088e-05
-6.29685e-05
-6.56832e-05
-6.80675e-05
-7.01363e-05
-7.19048e-05
-7.33884e-05
-7.46026e-05
-7.5563e-05
2.30056e-05
1.33987e-05
4.26931e-06
-4.37901e-06
-1.25452e-05
-2.02301e-05
-2.7436e-05
-3.41672e-05
-4.04297e-05
-4.62308e-05
-5.15793e-05
-5.64856e-05
-6.09608e-05
-6.50174e-05
-6.86689e-05
-7.19294e-05
-7.48139e-05
-7.7338e-05
-7.95176e-05
-8.13692e-05
-8.29096e-05
-8.41556e-05
-8.51241e-05
-8.5832e-05
1.07084e-05
8.94384e-07
-8.40998e-06
-1.72011e-05
-2.54783e-05
-3.32428e-05
-4.04977e-05
-4.72482e-05
-5.3501e-05
-5.92647e-05
-6.45494e-05
-6.93666e-05
-7.3729e-05
-7.76505e-05
-8.11462e-05
-8.42318e-05
-8.69239e-05
-8.92396e-05
-9.11968e-05
-9.28134e-05
-9.41077e-05
-9.50983e-05
-9.58036e-05
-9.62419e-05
-2.00897e-06
-1.20328e-05
-2.15128e-05
-3.04453e-05
-3.88301e-05
-4.6669e-05
-5.39659e-05
-6.07268e-05
-6.69597e-05
-7.26742e-05
-7.78819e-05
-8.25957e-05
-8.68299e-05
-9.06001e-05
-9.39229e-05
-9.68158e-05
-9.92973e-05
-0.000101386
-0.000103102
-0.000104465
-0.000105495
-0.000106211
-0.000106635
-0.000106786
-1.51574e-05
-2.53936e-05
-3.50494e-05
-4.41215e-05
-5.26101e-05
-6.05175e-05
-6.78486e-05
-7.46104e-05
-8.08121e-05
-8.64648e-05
-9.15813e-05
-9.61764e-05
-0.000100266
-0.000103868
-0.000106999
-0.000109681
-0.000111933
-0.000113775
-0.000115231
-0.00011632
-0.000117065
-0.000117489
-0.000117612
-0.000117458
-2.8748e-05
-3.91989e-05
-4.90306e-05
-5.824e-05
-6.68277e-05
-7.47971e-05
-8.21539e-05
-8.89062e-05
-9.50646e-05
-0.000100642
-0.000105652
-0.000110112
-0.00011404
-0.000117454
-0.000120376
-0.000122826
-0.000124828
-0.000126404
-0.000127578
-0.000128373
-0.000128815
-0.000128925
-0.000128729
-0.000128249
-4.27913e-05
-5.34599e-05
-6.34673e-05
-7.2811e-05
-8.14928e-05
-8.95169e-05
-9.68899e-05
-0.000103621
-0.000109723
-0.00011521
-0.000120098
-0.000124406
-0.000128153
-0.000131361
-0.000134052
-0.000136251
-0.000137981
-0.000139269
-0.000140141
-0.000140621
-0.000140736
-0.000140513
-0.000139977
-0.000139153
-5.72975e-05
-6.81878e-05
-7.83708e-05
-8.78452e-05
-9.66152e-05
-0.000104686
-0.000112065
-0.000118763
-0.000124795
-0.000130175
-0.000134924
-0.00013906
-0.000142607
-0.000145588
-0.000148027
-0.000149952
-0.00015139
-0.000152367
-0.000152914
-0.000153057
-0.000152825
-0.000152247
-0.00015135
-0.000150162
-7.22818e-05
-8.3396e-05
-9.37526e-05
-0.000103353
-0.000112205
-0.000120313
-0.000127687
-0.000134339
-0.000140284
-0.000145542
-0.000150132
-0.000154078
-0.000157403
-0.000160135
-0.0001623
-0.000163929
-0.00016505
-0.000165694
-0.000165892
-0.000165675
-0.000165073
-0.000164118
-0.00016284
-0.000161267
-8.77624e-05
-9.9103e-05
-0.000109625
-0.000119345
-0.000128272
-0.000136408
-0.000143765
-0.000150355
-0.000156199
-0.000161315
-0.000165727
-0.00016946
-0.000172542
-0.000175002
-0.00017687
-0.000178177
-0.000178958
-0.000179244
-0.00017907
-0.000178469
-0.000177474
-0.00017612
-0.000174438
-0.00017246
)
;

boundaryField
{
    down
    {
        type            symmetryPlane;
    }
    right
    {
        type            fixedValue;
        value           nonuniform List<scalar> 0();
    }
    up
    {
        type            symmetryPlane;
    }
    left
    {
        type            zeroGradient;
    }
    cylinder
    {
        type            zeroGradient;
    }
    frontAndBack
    {
        type            empty;
    }
    procBoundary1to0
    {
        type            processor;
        value           nonuniform List<scalar> 
73
(
0.000757953
0.00076882
0.000780163
0.000792001
0.000804357
0.000817251
0.000830707
0.000844747
0.000859395
0.000874673
0.000890607
0.000907219
0.000924533
0.000942572
0.000961359
0.000980916
0.00100126
0.00102242
0.000502591
0.000502778
0.000503143
0.000503677
0.000504374
0.000505228
0.000506234
0.000507389
0.00050869
0.000510133
0.000511719
0.000513445
0.000515312
0.000517319
0.000519467
0.000521756
0.000524187
0.000526763
0.000529484
0.000532353
0.000535372
0.000538544
0.000541871
0.000545356
0.000549002
0.000552812
0.000556789
0.000560937
0.000565258
0.000569757
0.000574436
0.0005793
0.00058435
0.000589592
0.000595027
0.000600659
0.000606491
0.000612525
0.000618765
0.000625213
0.000631871
0.000638742
0.000645826
0.000653126
0.000660642
0.000668376
0.000676328
0.000684499
0.000692888
0.000701495
0.000710319
0.000719359
0.000728614
0.00073808
0.000747756
)
;
    }
    procBoundary1to2
    {
        type            processor;
        value           nonuniform List<scalar> 
74
(
-0.000181408
-0.000193136
-0.000205165
-0.000217496
-0.000230128
-0.00024306
-0.000256287
-0.000269805
-0.000283607
-0.000297681
-0.000312017
-0.000326598
-0.000341405
-0.000356417
-0.000371606
-0.000386941
-0.000402384
-0.000417892
-0.000433417
0.00017892
0.000178561
0.000177862
0.00017684
0.000175509
0.000173882
0.000171971
0.000169784
0.000167332
0.000164621
0.000161658
0.000158449
0.000154999
0.000151312
0.000147393
0.000143244
0.00013887
0.000134272
0.000129454
0.000124417
0.000119163
0.000113696
0.000108015
0.000102124
9.60235e-05
8.97157e-05
8.32022e-05
7.64849e-05
6.95656e-05
6.24465e-05
5.51295e-05
4.7617e-05
3.99114e-05
3.20153e-05
2.39317e-05
1.56636e-05
7.21428e-06
-1.41253e-06
-1.0213e-05
-1.91829e-05
-2.83177e-05
-3.76126e-05
-4.70624e-05
-5.66617e-05
-6.64045e-05
-7.62848e-05
-8.62959e-05
-9.64312e-05
-0.000106683
-0.000117045
-0.000127509
-0.000138066
-0.000148709
-0.000159429
-0.000170216
)
;
    }
    procBoundary1to5
    {
        type            processor;
        value           nonuniform List<scalar> 
77
(
-0.000680879
-0.000701083
-0.00070969
-0.000716939
-0.00072191
-0.000723518
-0.000721961
-0.000717601
-0.000710682
-0.00070143
-0.000690086
-0.000676896
-0.000662104
-0.000680879
-0.000662104
-0.000684447
-0.000664705
-0.000644068
-0.000622759
-0.000600982
-0.000578925
-0.000556757
-0.000534628
-0.000512671
-0.000491
-0.000469715
-0.000558617
-0.000593745
-0.000627682
-0.000659753
-0.000688581
-0.000531726
-0.000558617
-0.000571609
-0.000194554
-0.000104431
-0.000242814
-0.000283157
-0.000324204
-0.0003657
-0.0003657
-0.000448636
-0.00049071
0.00103596
0.00102654
0.00101607
0.00100447
0.000991692
0.000977644
0.000962258
0.000945455
0.000927161
0.000907298
0.000885791
0.000862569
0.00083756
0.0008107
0.000781929
0.000751196
0.000718456
0.000683678
0.000646842
0.000607943
0.000566993
0.000524022
0.000479081
0.000432244
0.000383609
0.000333298
0.000281463
0.000228281
0.000173957
0.000118727
6.28424e-05
6.5396e-06
-4.95522e-05
-0.000104431
)
;
    }
}


// ************************************************************************* //
