/*--------------------------------*- C++ -*----------------------------------*\
| =========                 |                                                 |
| \\      /  F ield         | OpenFOAM: The Open Source CFD Toolbox           |
|  \\    /   O peration     | Version:  2412                                  |
|   \\  /    A nd           | Website:  www.openfoam.com                      |
|    \\/     M anipulation  |                                                 |
\*---------------------------------------------------------------------------*/
FoamFile
{
    version     2.0;
    format      ascii;
    arch        "LSB;label=32;scalar=64";
    class       volScalarField;
    location    "22.5";
    object      p;
}
// * * * * * * * * * * * * * * * * * * * * * * * * * * * * * * * * * * * * * //

dimensions      [0 2 -2 0 0 0 0];

internalField   nonuniform List<scalar> 
5285
(
-0.000176379
-0.000165557
-0.000155147
-0.000145152
-0.00017806
-0.000167465
-0.000157252
-0.000147425
-0.000137989
-0.000128953
-0.000120312
-0.000112068
-0.000104217
-9.67576e-05
-8.96847e-05
-8.29917e-05
-7.66713e-05
-7.07148e-05
-6.51128e-05
-5.98547e-05
-5.49292e-05
-5.03245e-05
-4.60281e-05
-4.20273e-05
-3.8309e-05
-3.48599e-05
-3.16667e-05
-2.8716e-05
-2.59947e-05
-2.34897e-05
-2.11881e-05
-1.90774e-05
-1.71455e-05
-1.53806e-05
-1.37713e-05
-1.23066e-05
-1.09762e-05
-9.76996e-06
-8.67847e-06
-7.69266e-06
-6.80399e-06
-6.00441e-06
-5.28634e-06
-4.64269e-06
-4.06679e-06
-3.55265e-06
-3.09402e-06
-2.68715e-06
-0.000179292
-0.000168939
-0.000158937
-0.000149294
-0.000140014
-0.000131105
-0.00012257
-0.000114408
-0.000106618
-9.91999e-05
-9.21498e-05
-8.54628e-05
-7.91331e-05
-7.31535e-05
-6.7516e-05
-6.22115e-05
-5.72303e-05
-5.25618e-05
-4.8195e-05
-4.41181e-05
-4.03194e-05
-3.67866e-05
-3.35073e-05
-3.0469e-05
-2.76595e-05
-2.50662e-05
-2.2677e-05
-2.048e-05
-1.84634e-05
-1.66159e-05
-1.49263e-05
-1.33841e-05
-1.19791e-05
-1.07013e-05
-9.54148e-06
-8.4906e-06
-7.54019e-06
-6.6822e-06
-5.90906e-06
-5.21363e-06
-4.5892e-06
-4.02967e-06
-3.52879e-06
-3.0825e-06
-0.000180093
-0.000169993
-0.000160217
-0.000150771
-0.000141662
-0.000132899
-0.000124486
-0.000116422
-0.000108711
-0.000101351
-9.43401e-05
-8.76757e-05
-8.13529e-05
-7.53662e-05
-6.97088e-05
-6.43732e-05
-5.93509e-05
-5.46327e-05
-5.02087e-05
-4.60686e-05
-4.22015e-05
-3.85963e-05
-3.52415e-05
-3.21257e-05
-2.92371e-05
-2.65642e-05
-2.40954e-05
-2.18192e-05
-1.97246e-05
-1.78006e-05
-1.60364e-05
-1.44217e-05
-1.29466e-05
-1.16015e-05
-1.0377e-05
-9.26438e-06
-8.25521e-06
-7.34149e-06
-6.51564e-06
-5.77054e-06
-5.09943e-06
-4.49617e-06
-3.95446e-06
-3.46997e-06
-0.000180484
-0.000170646
-0.000161105
-0.00015187
-0.000142946
-0.000134343
-0.000126067
-0.000118118
-0.0001105
-0.000103214
-9.62585e-05
-8.96323e-05
-8.33321e-05
-7.73536e-05
-7.16914e-05
-6.63392e-05
-6.129e-05
-5.65357e-05
-5.20677e-05
-4.78767e-05
-4.39531e-05
-4.02867e-05
-3.6867e-05
-3.36834e-05
-3.0725e-05
-2.7981e-05
-2.54405e-05
-2.30926e-05
-2.09267e-05
-1.89323e-05
-1.70992e-05
-1.54172e-05
-1.38768e-05
-1.24684e-05
-1.11832e-05
-1.00123e-05
-8.94744e-06
-7.98076e-06
-7.1047e-06
-6.31214e-06
-5.59632e-06
-4.95106e-06
-4.37005e-06
-3.84882e-06
-0.000180491
-0.000170923
-0.000161627
-0.000152611
-0.000143883
-0.000135452
-0.000127325
-0.000119504
-0.000111994
-0.000104796
-9.79105e-05
-9.13372e-05
-8.5074e-05
-7.91181e-05
-7.34653e-05
-6.81105e-05
-6.30479e-05
-5.82706e-05
-5.37711e-05
-4.95414e-05
-4.55727e-05
-4.1856e-05
-3.83817e-05
-3.514e-05
-3.2121e-05
-2.93144e-05
-2.67101e-05
-2.42978e-05
-2.20674e-05
-2.0009e-05
-1.81125e-05
-1.63685e-05
-1.47675e-05
-1.33003e-05
-1.19582e-05
-1.07326e-05
-9.61533e-06
-8.59858e-06
-7.67489e-06
-6.83718e-06
-6.07872e-06
-5.3933e-06
-4.7746e-06
-4.21806e-06
-0.00018014
-0.000170848
-0.000161803
-0.000153015
-0.000144492
-0.000136244
-0.000128277
-0.000120596
-0.000113206
-0.000106108
-9.93058e-05
-9.27986e-05
-8.65859e-05
-8.06659e-05
-7.50356e-05
-6.96911e-05
-6.46277e-05
-5.98397e-05
-5.53207e-05
-5.10637e-05
-4.7061e-05
-4.33045e-05
-3.97855e-05
-3.64952e-05
-3.34243e-05
-3.05634e-05
-2.7903e-05
-2.54335e-05
-2.31454e-05
-2.1029e-05
-1.9075e-05
-1.72741e-05
-1.56173e-05
-1.40957e-05
-1.27007e-05
-1.1424e-05
-1.02575e-05
-9.19367e-06
-8.22501e-06
-7.34454e-06
-6.54557e-06
-5.82189e-06
-5.16719e-06
-4.57686e-06
-0.000179454
-0.000170442
-0.000161655
-0.000153102
-0.000144792
-0.000136734
-0.000128938
-0.000121407
-0.000114147
-0.000107162
-0.000100455
-9.40258e-05
-8.78757e-05
-8.20038e-05
-7.64082e-05
-7.10861e-05
-6.60337e-05
-6.12466e-05
-5.67194e-05
-5.24459e-05
-4.84197e-05
-4.46333e-05
-4.10792e-05
-3.77493e-05
-3.46351e-05
-3.1728e-05
-2.90191e-05
-2.64994e-05
-2.416e-05
-2.19918e-05
-1.99859e-05
-1.81334e-05
-1.64255e-05
-1.48538e-05
-1.34099e-05
-1.20857e-05
-1.08734e-05
-9.76536e-06
-8.7544e-06
-7.83359e-06
-6.99627e-06
-6.23628e-06
-5.54732e-06
-4.92476e-06
-0.000178455
-0.000169726
-0.000161201
-0.000152889
-0.000144798
-0.00013694
-0.000129322
-0.00012195
-0.000114831
-0.000107969
-0.000101367
-9.50268e-05
-8.89506e-05
-8.31381e-05
-7.75885e-05
-7.23e-05
-6.72698e-05
-6.24945e-05
-5.79696e-05
-5.36901e-05
-4.96502e-05
-4.58436e-05
-4.22636e-05
-3.89028e-05
-3.57536e-05
-3.2808e-05
-3.0058e-05
-2.74951e-05
-2.51108e-05
-2.28968e-05
-2.08445e-05
-1.89454e-05
-1.71913e-05
-1.55738e-05
-1.4085e-05
-1.27169e-05
-1.1462e-05
-1.03128e-05
-9.26232e-06
-8.30361e-06
-7.43016e-06
-6.63584e-06
-5.91441e-06
-5.2612e-06
-0.000177165
-0.000168722
-0.000160462
-0.000152394
-0.000144528
-0.000136875
-0.000129443
-0.000122239
-0.000115269
-0.000108538
-0.000102051
-9.58104e-05
-8.98181e-05
-8.40753e-05
-7.85821e-05
-7.33376e-05
-6.834e-05
-6.35866e-05
-5.90741e-05
-5.47983e-05
-5.07542e-05
-4.69366e-05
-4.33394e-05
-3.99561e-05
-3.67799e-05
-3.38035e-05
-3.10195e-05
-2.842e-05
-2.59973e-05
-2.37433e-05
-2.16501e-05
-1.97096e-05
-1.79138e-05
-1.62549e-05
-1.47251e-05
-1.33168e-05
-1.20226e-05
-1.08354e-05
-9.74801e-06
-8.75389e-06
-7.84656e-06
-7.01994e-06
-6.26785e-06
-5.58561e-06
-0.000175606
-0.000167449
-0.000159455
-0.000151635
-0.000143999
-0.000136556
-0.000129316
-0.000122286
-0.000115473
-0.000108882
-0.000102518
-9.63851e-05
-9.0486e-05
-8.48224e-05
-7.93951e-05
-7.42042e-05
-6.92487e-05
-6.45269e-05
-6.00361e-05
-5.57731e-05
-5.17339e-05
-4.79139e-05
-4.43079e-05
-4.09102e-05
-3.77147e-05
-3.47148e-05
-3.19036e-05
-2.92742e-05
-2.68191e-05
-2.45309e-05
-2.24021e-05
-2.04252e-05
-1.85924e-05
-1.68964e-05
-1.53296e-05
-1.38847e-05
-1.25546e-05
-1.13322e-05
-1.02108e-05
-9.1838e-06
-8.24485e-06
-7.38798e-06
-6.60709e-06
-5.89749e-06
-0.000173797
-0.000165926
-0.0001582
-0.00015063
-0.000143226
-0.000135997
-0.000128954
-0.000122104
-0.000115454
-0.000109009
-0.000102777
-9.67597e-05
-9.09621e-05
-8.53862e-05
-8.00337e-05
-7.49052e-05
-7.00007e-05
-6.53192e-05
-6.0859e-05
-5.66175e-05
-5.25916e-05
-4.87775e-05
-4.51707e-05
-4.17662e-05
-3.85587e-05
-3.55423e-05
-3.27107e-05
-3.00576e-05
-2.75761e-05
-2.52594e-05
-2.31004e-05
-2.10918e-05
-1.92267e-05
-1.74977e-05
-1.58978e-05
-1.442e-05
-1.30572e-05
-1.18028e-05
-1.06501e-05
-9.59277e-06
-8.6245e-06
-7.73946e-06
-6.93164e-06
-6.19636e-06
-0.000171758
-0.000164172
-0.000156714
-0.000149395
-0.000142225
-0.000135214
-0.000128372
-0.000121706
-0.000115224
-0.000108932
-0.000102837
-9.69433e-05
-9.12545e-05
-8.5774e-05
-8.05041e-05
-7.54462e-05
-7.06009e-05
-6.5968e-05
-6.15464e-05
-5.73346e-05
-5.33299e-05
-4.95294e-05
-4.59293e-05
-4.25254e-05
-3.9313e-05
-3.62868e-05
-3.34414e-05
-3.07707e-05
-2.82686e-05
-2.59288e-05
-2.37446e-05
-2.17094e-05
-1.98163e-05
-1.80586e-05
-1.64295e-05
-1.49222e-05
-1.35302e-05
-1.22467e-05
-1.10655e-05
-9.9803e-06
-8.98502e-06
-8.07389e-06
-7.24104e-06
-6.4818e-06
-0.000169508
-0.000162204
-0.000155014
-0.000147946
-0.000141012
-0.00013422
-0.000127581
-0.000121104
-0.000114795
-0.000108661
-0.000102709
-9.69445e-05
-9.13711e-05
-8.5993e-05
-8.08129e-05
-7.58329e-05
-7.10543e-05
-6.64775e-05
-6.21023e-05
-5.79276e-05
-5.39516e-05
-5.0172e-05
-4.65858e-05
-4.31895e-05
-3.99788e-05
-3.69494e-05
-3.40962e-05
-3.14139e-05
-2.88969e-05
-2.65392e-05
-2.43349e-05
-2.22776e-05
-2.0361e-05
-1.85787e-05
-1.69242e-05
-1.5391e-05
-1.39729e-05
-1.26634e-05
-1.14565e-05
-1.0346e-05
-9.32598e-06
-8.39088e-06
-7.53491e-06
-6.75343e-06
-0.000167063
-0.00016004
-0.000153116
-0.000146299
-0.0001396
-0.00013303
-0.000126597
-0.00012031
-0.000114178
-0.000108207
-0.000102403
-9.67724e-05
-9.13202e-05
-8.60505e-05
-8.09667e-05
-7.60713e-05
-7.13663e-05
-6.68526e-05
-6.25306e-05
-5.84e-05
-5.44597e-05
-5.0708e-05
-4.71424e-05
-4.37601e-05
-4.05577e-05
-3.75312e-05
-3.46761e-05
-3.19879e-05
-2.94613e-05
-2.7091e-05
-2.48714e-05
-2.27966e-05
-2.08608e-05
-1.90579e-05
-1.73817e-05
-1.58262e-05
-1.43852e-05
-1.30527e-05
-1.18227e-05
-1.06894e-05
-9.64702e-06
-8.69004e-06
-7.81287e-06
-7.01089e-06
-0.000164443
-0.000157697
-0.000151036
-0.000144468
-0.000138005
-0.000131656
-0.000125431
-0.000119337
-0.000113384
-0.000107579
-0.000101927
-9.64356e-05
-9.11097e-05
-8.59539e-05
-8.09721e-05
-7.61674e-05
-7.15421e-05
-6.70979e-05
-6.28357e-05
-5.87557e-05
-5.48575e-05
-5.114e-05
-4.76014e-05
-4.42394e-05
-4.10512e-05
-3.80334e-05
-3.51823e-05
-3.24935e-05
-2.99625e-05
-2.75845e-05
-2.53543e-05
-2.32666e-05
-2.13157e-05
-1.94961e-05
-1.78019e-05
-1.62274e-05
-1.47668e-05
-1.34142e-05
-1.21639e-05
-1.10103e-05
-9.94783e-06
-8.97108e-06
-8.07462e-06
-7.25388e-06
-0.000161661
-0.000155188
-0.000148788
-0.000142469
-0.00013624
-0.000130112
-0.000124095
-0.000118196
-0.000112425
-0.000106787
-0.000101291
-9.59429e-05
-9.07476e-05
-8.57105e-05
-8.08358e-05
-7.61271e-05
-7.15872e-05
-6.72182e-05
-6.30217e-05
-5.89983e-05
-5.51483e-05
-5.1471e-05
-4.79653e-05
-4.46295e-05
-4.14612e-05
-3.84577e-05
-3.56158e-05
-3.29317e-05
-3.04014e-05
-2.80205e-05
-2.57842e-05
-2.36877e-05
-2.17259e-05
-1.98934e-05
-1.81848e-05
-1.65947e-05
-1.51175e-05
-1.37477e-05
-1.24799e-05
-1.13085e-05
-1.02282e-05
-9.23373e-06
-8.3199e-06
-7.48215e-06
-0.000158734
-0.000152531
-0.000146387
-0.000140313
-0.000134318
-0.00012841
-0.000122601
-0.000116898
-0.00011131
-0.000105843
-0.000100505
-9.53028e-05
-9.02418e-05
-8.53275e-05
-8.05644e-05
-7.59565e-05
-7.1507e-05
-6.72185e-05
-6.30931e-05
-5.91318e-05
-5.53355e-05
-5.1704e-05
-4.82367e-05
-4.49325e-05
-4.17896e-05
-3.88057e-05
-3.59781e-05
-3.33036e-05
-3.07787e-05
-2.83994e-05
-2.61615e-05
-2.40605e-05
-2.20916e-05
-2.02499e-05
-1.85305e-05
-1.6928e-05
-1.54374e-05
-1.40533e-05
-1.27704e-05
-1.15837e-05
-1.04878e-05
-9.47777e-06
-8.54847e-06
-7.69546e-06
-0.000155676
-0.000149737
-0.000143847
-0.000138016
-0.000132251
-0.000126563
-0.000120961
-0.000115454
-0.000110049
-0.000104755
-9.95771e-05
-9.45236e-05
-8.96001e-05
-8.48121e-05
-8.01645e-05
-7.56616e-05
-7.1307e-05
-6.71038e-05
-6.30543e-05
-5.91602e-05
-5.54226e-05
-5.1842e-05
-4.84183e-05
-4.51509e-05
-4.20383e-05
-3.9079e-05
-3.62706e-05
-3.36105e-05
-3.10955e-05
-2.87223e-05
-2.64869e-05
-2.43853e-05
-2.24132e-05
-2.0566e-05
-1.8839e-05
-1.72275e-05
-1.57263e-05
-1.43307e-05
-1.30355e-05
-1.18358e-05
-1.07266e-05
-9.70303e-06
-8.76015e-06
-7.89362e-06
-0.000152501
-0.000146821
-0.000141181
-0.000135588
-0.000130052
-0.000124581
-0.000119186
-0.000113874
-0.000108654
-0.000103532
-9.85164e-05
-9.36137e-05
-8.88302e-05
-8.41715e-05
-7.96427e-05
-7.52485e-05
-7.09929e-05
-6.6879e-05
-6.29099e-05
-5.90875e-05
-5.54133e-05
-5.18885e-05
-4.85131e-05
-4.52872e-05
-4.22098e-05
-3.92796e-05
-3.6495e-05
-3.38537e-05
-3.13531e-05
-2.899e-05
-2.67612e-05
-2.46629e-05
-2.26912e-05
-2.0842e-05
-1.91108e-05
-1.74932e-05
-1.59845e-05
-1.45801e-05
-1.32751e-05
-1.20648e-05
-1.09445e-05
-9.90941e-06
-8.95483e-06
-8.07651e-06
-0.00076658
-0.000738187
-0.00070961
-0.000680979
-0.000652445
-0.000624134
-0.000596149
-0.000568586
-0.000541535
-0.000515073
-0.000489266
-0.000464174
-0.000439842
-0.000416312
-0.000393612
-0.000371765
-0.000350787
-0.000330686
-0.000311463
-0.000293115
-0.000275634
-0.000259008
-0.00024322
-0.00022825
-0.000214076
-0.000200675
-0.000188018
-0.000735672
-0.000709524
-0.000683136
-0.000656631
-0.000630154
-0.000603823
-0.000577736
-0.000551985
-0.000526656
-0.000501823
-0.000477552
-0.0004539
-0.000430916
-0.000408639
-0.000387101
-0.000366326
-0.000346333
-0.000327133
-0.00030873
-0.000291127
-0.000274317
-0.000258293
-0.000243042
-0.00022855
-0.000214797
-0.000201765
-0.000189429
-0.000705806
-0.000681742
-0.000657389
-0.000632868
-0.000608315
-0.000583841
-0.000559538
-0.000535494
-0.000511791
-0.000488502
-0.00046569
-0.000443413
-0.000421716
-0.000400642
-0.000380223
-0.000360485
-0.000341448
-0.000323125
-0.000305527
-0.000288655
-0.00027251
-0.000257085
-0.000242373
-0.000228362
-0.000215038
-0.000202383
-0.00019038
-0.000676952
-0.000654821
-0.000632365
-0.000609697
-0.000586943
-0.000564208
-0.000541581
-0.000519144
-0.000496977
-0.000475149
-0.000453723
-0.000432753
-0.000412287
-0.000392365
-0.000373021
-0.000354283
-0.000336172
-0.000318704
-0.000301891
-0.000285738
-0.000270247
-0.000255417
-0.000241242
-0.000227713
-0.000214821
-0.000202551
-0.000190888
-0.000649083
-0.000628749
-0.000608061
-0.00058712
-0.000566047
-0.000544942
-0.000523888
-0.000502964
-0.000482246
-0.0004618
-0.000441687
-0.000421961
-0.000402669
-0.000383849
-0.000365538
-0.000347763
-0.000330548
-0.000313909
-0.000297861
-0.000282411
-0.000267564
-0.000253321
-0.000239679
-0.000226633
-0.000214175
-0.000202294
-0.000190979
-0.000622179
-0.000603513
-0.000584468
-0.000565137
-0.000545634
-0.000526055
-0.000506477
-0.000486976
-0.000467624
-0.000448486
-0.000429618
-0.000411075
-0.000392901
-0.000375136
-0.000357815
-0.000340967
-0.000324616
-0.000308782
-0.000293477
-0.000278714
-0.000264499
-0.000250834
-0.000237721
-0.000225155
-0.000213132
-0.000201643
-0.00019068
-0.00059621
-0.000579092
-0.000561573
-0.000543742
-0.000525707
-0.000507556
-0.000489363
-0.000471201
-0.000453137
-0.000435234
-0.000417547
-0.000400127
-0.000383019
-0.000366261
-0.00034989
-0.000333933
-0.000318417
-0.000303359
-0.000288778
-0.000274685
-0.000261088
-0.000247992
-0.0002354
-0.000223311
-0.000211721
-0.000200626
-0.000190018
-0.000571144
-0.000555462
-0.000539363
-0.000522931
-0.000506266
-0.000489452
-0.00047256
-0.000455656
-0.000438807
-0.00042207
-0.000405501
-0.000389148
-0.000373054
-0.000357259
-0.000341797
-0.000326696
-0.000311983
-0.000297678
-0.000283798
-0.000270356
-0.000257363
-0.000244825
-0.000232747
-0.000221129
-0.000209971
-0.000199268
-0.000189017
-0.000546952
-0.000532603
-0.000517826
-0.000502697
-0.000487311
-0.000471749
-0.000456076
-0.000440356
-0.000424651
-0.000409017
-0.000393506
-0.000378165
-0.000363038
-0.000348161
-0.000333568
-0.000319289
-0.000305349
-0.000291769
-0.000278568
-0.00026576
-0.000253356
-0.000241365
-0.000229792
-0.000218639
-0.000207908
-0.000197596
-0.000187702
-0.000523606
-0.000510494
-0.000496945
-0.000483031
-0.000468841
-0.000454451
-0.000439921
-0.000425313
-0.000410686
-0.000396093
-0.000381584
-0.000367204
-0.000352994
-0.000338993
-0.000325231
-0.00031174
-0.000298543
-0.000285664
-0.00027312
-0.000260927
-0.000249097
-0.000237639
-0.000226561
-0.000215866
-0.000205557
-0.000195634
-0.000186095
-0.000501077
-0.000489114
-0.000476707
-0.000463925
-0.000450852
-0.000437557
-0.0004241
-0.000410538
-0.000396926
-0.000383315
-0.000369754
-0.000356285
-0.000342949
-0.000329781
-0.000316815
-0.000304077
-0.000291595
-0.00027939
-0.000267481
-0.000255884
-0.000244611
-0.000233674
-0.000223081
-0.000212836
-0.000202943
-0.000193404
-0.000184219
-0.000479338
-0.00046844
-0.000457096
-0.000445369
-0.000433338
-0.00042107
-0.000408618
-0.000396038
-0.000383382
-0.000370699
-0.000358034
-0.000345429
-0.000332923
-0.00032055
-0.000308342
-0.000296327
-0.00028453
-0.000272974
-0.000261677
-0.000250657
-0.000239926
-0.000229496
-0.000219376
-0.000209572
-0.000200089
-0.00019093
-0.000182095
-0.00045836
-0.000448451
-0.000438096
-0.000427352
-0.000416295
-0.000404987
-0.000393479
-0.000381822
-0.000370066
-0.000358257
-0.00034644
-0.000334654
-0.000322935
-0.000311319
-0.000299835
-0.000288511
-0.000277372
-0.00026644
-0.000255734
-0.000245271
-0.000235065
-0.000225129
-0.00021547
-0.000206098
-0.000197017
-0.000188232
-0.000179744
-0.000438118
-0.000429127
-0.000419691
-0.000409864
-0.000399717
-0.000389307
-0.000378683
-0.000367893
-0.000356984
-0.000346001
-0.000334985
-0.000323974
-0.000313004
-0.000302108
-0.000291314
-0.000280651
-0.000270142
-0.000259809
-0.000249673
-0.000239749
-0.000230051
-0.000220594
-0.000211385
-0.000202435
-0.000193748
-0.00018533
-0.000177184
-0.000418584
-0.000410446
-0.000401865
-0.000392893
-0.000383595
-0.000374026
-0.00036423
-0.000354255
-0.000344144
-0.00033394
-0.000323681
-0.000313405
-0.000303145
-0.000292933
-0.000282798
-0.000272766
-0.000262861
-0.000253104
-0.000243515
-0.000234111
-0.000224905
-0.000215912
-0.000207141
-0.000198602
-0.000190301
-0.000182244
-0.000174434
-0.000399734
-0.000392387
-0.000384603
-0.000376427
-0.000367922
-0.000359139
-0.000350121
-0.000340912
-0.000331552
-0.000322082
-0.000312539
-0.000302958
-0.000293372
-0.000283811
-0.000274303
-0.000264874
-0.000255546
-0.000246342
-0.00023728
-0.000228376
-0.000219647
-0.000211104
-0.000202758
-0.000194619
-0.000186695
-0.000178991
-0.000171512
-0.000381542
-0.000374931
-0.000367887
-0.000360453
-0.000352689
-0.000344643
-0.000336354
-0.000327863
-0.00031921
-0.000310432
-0.000301566
-0.000292643
-0.000283696
-0.000274754
-0.000265844
-0.00025699
-0.000248216
-0.000239541
-0.000230985
-0.000222564
-0.000214294
-0.000206186
-0.000198253
-0.000190504
-0.000182947
-0.000175589
-0.000168435
-0.000363985
-0.000358057
-0.000351702
-0.000344961
-0.000337889
-0.000330532
-0.000322926
-0.000315111
-0.000307122
-0.000298998
-0.00029077
-0.000282471
-0.00027413
-0.000265776
-0.000257435
-0.00024913
-0.000240884
-0.000232717
-0.000224647
-0.000216691
-0.000208863
-0.000201177
-0.000193644
-0.000186274
-0.000179074
-0.000172054
-0.000165217
-0.00034704
-0.000341746
-0.000336032
-0.000329937
-0.000323512
-0.000316799
-0.000309835
-0.000302653
-0.000295291
-0.000287782
-0.000280157
-0.000272448
-0.000264682
-0.000256887
-0.000249088
-0.000241307
-0.000233566
-0.000225885
-0.000218281
-0.000210772
-0.000203371
-0.000196091
-0.000188945
-0.000181943
-0.000175092
-0.0001684
-0.000161874
-0.000330683
-0.000325978
-0.000320862
-0.000315368
-0.000309548
-0.000303439
-0.000297075
-0.00029049
-0.000283717
-0.000276787
-0.000269733
-0.000262582
-0.000255361
-0.000248097
-0.000240813
-0.000233531
-0.000226273
-0.000219057
-0.000211901
-0.000204821
-0.000197831
-0.000190944
-0.000184173
-0.000177526
-0.000171014
-0.000164643
-0.000158419
-0.000315215
-0.000311048
-0.000306476
-0.000301532
-0.000296265
-0.00029071
-0.000284898
-0.000278861
-0.00027263
-0.000266237
-0.00025971
-0.000253076
-0.000246362
-0.000239591
-0.000232787
-0.000225972
-0.000219165
-0.000212385
-0.000205649
-0.000198973
-0.000192371
-0.000185855
-0.000179438
-0.00017313
-0.000166939
-0.000160873
-0.00015494
-0.000300432
-0.000296758
-0.000292689
-0.000288255
-0.000283499
-0.000278458
-0.000273159
-0.000267633
-0.000261909
-0.000256017
-0.000249983
-0.000243834
-0.000237595
-0.000231288
-0.000224937
-0.000218561
-0.000212181
-0.000205814
-0.000199477
-0.000193185
-0.000186952
-0.000180791
-0.000174712
-0.000168728
-0.000162846
-0.000157074
-0.00015142
-0.000285862
-0.000282657
-0.000279066
-0.000275117
-0.000270851
-0.000266301
-0.000261493
-0.000256457
-0.00025122
-0.00024581
-0.000240252
-0.000234572
-0.000228792
-0.000222936
-0.000217024
-0.000211076
-0.000205112
-0.000199148
-0.0001932
-0.000187284
-0.000181414
-0.0001756
-0.000169856
-0.000164191
-0.000158614
-0.000153134
-0.000147757
-0.00027151
-0.00026875
-0.000265613
-0.000262126
-0.000258327
-0.000254246
-0.000249909
-0.000245343
-0.000240573
-0.000235627
-0.000230527
-0.000225299
-0.000219963
-0.000214542
-0.000209057
-0.000203525
-0.000197965
-0.000192394
-0.000186827
-0.000181279
-0.000175763
-0.000170292
-0.000164876
-0.000159526
-0.000154251
-0.000149058
-0.000143956
-0.000257381
-0.000255043
-0.000252338
-0.00024929
-0.000245935
-0.000242302
-0.000238414
-0.000234298
-0.000229977
-0.000225475
-0.000220817
-0.000216024
-0.000211117
-0.000206118
-0.000201045
-0.000195916
-0.00019075
-0.000185561
-0.000180365
-0.000175177
-0.000170009
-0.000164872
-0.000159779
-0.000154739
-0.000149761
-0.000144853
-0.000140023
-0.000243482
-0.000241542
-0.000239245
-0.000236614
-0.000233682
-0.000230476
-0.000227018
-0.000223331
-0.000219439
-0.000215365
-0.000211131
-0.000206757
-0.000202264
-0.000197671
-0.000192997
-0.00018826
-0.000183475
-0.000178658
-0.000173824
-0.000168986
-0.000164157
-0.000159349
-0.000154572
-0.000149837
-0.000145152
-0.000140525
-0.000135963
-0.000229815
-0.000228251
-0.000226342
-0.000224107
-0.000221576
-0.000218776
-0.000215727
-0.000212451
-0.00020897
-0.000205305
-0.000201477
-0.000197506
-0.000193412
-0.000189212
-0.000184924
-0.000180564
-0.000176149
-0.000171693
-0.000167211
-0.000162715
-0.000158217
-0.00015373
-0.000149264
-0.000144827
-0.000140429
-0.000136079
-0.000131783
-0.000216385
-0.000215177
-0.000213633
-0.000211772
-0.000209622
-0.000207208
-0.000204549
-0.000201665
-0.000198576
-0.000195303
-0.000191866
-0.000188282
-0.00018457
-0.000180748
-0.000176832
-0.000172838
-0.000168781
-0.000164676
-0.000160535
-0.000156372
-0.000152197
-0.000148023
-0.00014386
-0.000139716
-0.000135601
-0.000131523
-0.000127488
-0.000203197
-0.000202323
-0.000201124
-0.000199618
-0.000197829
-0.000195781
-0.000193492
-0.000190981
-0.000188267
-0.000185369
-0.000182305
-0.000179092
-0.000175749
-0.00017229
-0.000168733
-0.000165092
-0.000161381
-0.000157615
-0.000153805
-0.000149965
-0.000146105
-0.000142237
-0.000138369
-0.000134512
-0.000130674
-0.000126863
-0.000123085
-0.000190252
-0.000189693
-0.00018882
-0.000187648
-0.000186201
-0.000184501
-0.000182564
-0.000180408
-0.000178051
-0.00017551
-0.000172803
-0.000169946
-0.000166955
-0.000163846
-0.000160634
-0.000157334
-0.000153957
-0.000150519
-0.00014703
-0.000143504
-0.00013995
-0.000136379
-0.0001328
-0.000129223
-0.000125656
-0.000122107
-0.000118582
-0.000177556
-0.000177292
-0.000176725
-0.000175869
-0.000174745
-0.000173373
-0.00017177
-0.000169952
-0.000167934
-0.000165734
-0.000163368
-0.000160851
-0.000158199
-0.000155426
-0.000152546
-0.000149572
-0.000146519
-0.000143397
-0.000140219
-0.000136996
-0.000133739
-0.000130457
-0.00012716
-0.000123856
-0.000120554
-0.000117261
-0.000113984
-0.00016511
-0.000165124
-0.000164845
-0.000164285
-0.000163466
-0.000162405
-0.000161118
-0.00015962
-0.000157925
-0.00015605
-0.000154009
-0.000151817
-0.000149489
-0.000147037
-0.000144476
-0.000141817
-0.000139074
-0.000136258
-0.00013338
-0.000130452
-0.000127482
-0.000124481
-0.000121458
-0.00011842
-0.000115377
-0.000112334
-0.0001093
-0.000152918
-0.000153191
-0.000153182
-0.000152902
-0.000152369
-0.000151603
-0.000150615
-0.00014942
-0.000148032
-0.000146465
-0.000144734
-0.000142852
-0.000140833
-0.000138689
-0.000136433
-0.000134077
-0.000131632
-0.000129111
-0.000126523
-0.000123878
-0.000121187
-0.000118459
-0.000115701
-0.000112923
-0.000110131
-0.000107333
-0.000104537
-0.000140981
-0.000141497
-0.00014174
-0.000141723
-0.000141461
-0.000140971
-0.000140265
-0.000139357
-0.00013826
-0.000136986
-0.00013555
-0.000133964
-0.000132239
-0.00013039
-0.000128426
-0.00012636
-0.000124203
-0.000121964
-0.000119655
-0.000117285
-0.000114863
-0.000112398
-0.000109899
-0.000107372
-0.000104826
-0.000102267
-9.97016e-05
-0.000129303
-0.000130044
-0.000130524
-0.000130753
-0.000130744
-0.000130515
-0.000130076
-0.000129439
-0.000128617
-0.000127621
-0.000126465
-0.00012516
-0.000123717
-0.000122148
-0.000120464
-0.000118676
-0.000116793
-0.000114827
-0.000112787
-0.000110681
-0.000108519
-0.000106309
-0.000104059
-0.000101777
-9.94687e-05
-9.71421e-05
-9.4803e-05
-0.000117883
-0.000118835
-0.000119537
-0.000119995
-0.000120225
-0.000120241
-0.000120052
-0.000119671
-0.000119109
-0.000118377
-0.000117486
-0.000116448
-0.000115272
-0.000113971
-0.000112554
-0.000111032
-0.000109413
-0.000107708
-0.000105926
-0.000104075
-0.000102163
-0.0001002
-9.81913e-05
-9.61452e-05
-9.40685e-05
-9.19676e-05
-8.98486e-05
-0.000106725
-0.000107873
-0.00010878
-0.000109454
-0.000109906
-0.000110152
-0.0001102
-0.00011006
-0.000109743
-0.000109259
-0.00010862
-0.000107835
-0.000106914
-0.000105868
-0.000104706
-0.000103437
-0.000102071
-0.000100616
-9.90812e-05
-9.74749e-05
-9.58047e-05
-9.40785e-05
-9.23033e-05
-9.04861e-05
-8.86334e-05
-8.67516e-05
-8.48465e-05
-9.58295e-05
-9.7159e-05
-9.82577e-05
-9.91317e-05
-9.97927e-05
-0.000100254
-0.000100523
-0.00010061
-0.000100524
-0.000100276
-9.98742e-05
-9.93292e-05
-9.865e-05
-9.7846e-05
-9.69261e-05
-9.58993e-05
-9.4774e-05
-9.35587e-05
-9.22614e-05
-9.08899e-05
-8.94517e-05
-8.79541e-05
-8.64039e-05
-8.48077e-05
-8.31719e-05
-8.15025e-05
-7.9805e-05
-8.51972e-05
-8.66948e-05
-8.79714e-05
-8.9032e-05
-8.98875e-05
-9.05498e-05
-9.10267e-05
-9.13267e-05
-9.14586e-05
-9.14317e-05
-9.12549e-05
-9.0937e-05
-9.04867e-05
-8.99127e-05
-8.92234e-05
-8.8427e-05
-8.75316e-05
-8.6545e-05
-8.54749e-05
-8.43285e-05
-8.3113e-05
-8.18352e-05
-8.05017e-05
-7.91188e-05
-7.76925e-05
-7.62285e-05
-7.47323e-05
-7.4829e-05
-7.64821e-05
-7.79234e-05
-7.91575e-05
-8.01941e-05
-8.10445e-05
-8.17157e-05
-8.22154e-05
-8.25518e-05
-8.27335e-05
-8.27685e-05
-8.26651e-05
-8.24315e-05
-8.20755e-05
-8.1605e-05
-8.10279e-05
-8.03514e-05
-7.95831e-05
-7.87301e-05
-7.77992e-05
-7.67972e-05
-7.57305e-05
-7.46054e-05
-7.34279e-05
-7.22037e-05
-7.09383e-05
-6.96368e-05
-6.47257e-05
-6.6522e-05
-6.81156e-05
-6.95106e-05
-7.07157e-05
-7.17414e-05
-7.2594e-05
-7.32807e-05
-7.3809e-05
-7.41866e-05
-7.44211e-05
-7.45202e-05
-7.44912e-05
-7.43416e-05
-7.40787e-05
-7.37097e-05
-7.32416e-05
-7.26812e-05
-7.20353e-05
-7.13104e-05
-7.05128e-05
-6.96485e-05
-6.87236e-05
-6.77436e-05
-6.6714e-05
-6.56401e-05
-6.45269e-05
-5.48876e-05
-5.68156e-05
-5.85498e-05
-6.00937e-05
-6.14551e-05
-6.26438e-05
-6.36657e-05
-6.45272e-05
-6.52351e-05
-6.57966e-05
-6.62187e-05
-6.65084e-05
-6.66725e-05
-6.6718e-05
-6.66516e-05
-6.648e-05
-6.62097e-05
-6.58472e-05
-6.53988e-05
-6.48704e-05
-6.42682e-05
-6.35977e-05
-6.28647e-05
-6.20744e-05
-6.12321e-05
-6.03427e-05
-5.94111e-05
-4.5315e-05
-4.73637e-05
-4.92274e-05
-5.09088e-05
-5.2415e-05
-5.37552e-05
-5.49346e-05
-5.59591e-05
-5.6835e-05
-5.75688e-05
-5.8167e-05
-5.86359e-05
-5.89819e-05
-5.92115e-05
-5.93309e-05
-5.93462e-05
-5.92636e-05
-5.90891e-05
-5.88285e-05
-5.84875e-05
-5.80717e-05
-5.75865e-05
-5.70372e-05
-5.64288e-05
-5.57664e-05
-5.50545e-05
-5.42978e-05
-3.6008e-05
-3.81672e-05
-4.01497e-05
-4.19578e-05
-4.35979e-05
-4.50784e-05
-4.64042e-05
-4.75806e-05
-4.86133e-05
-4.95082e-05
-5.02713e-05
-5.09086e-05
-5.14258e-05
-5.18288e-05
-5.21235e-05
-5.23156e-05
-5.24108e-05
-5.24145e-05
-5.23324e-05
-5.21697e-05
-5.19316e-05
-5.16233e-05
-5.12496e-05
-5.08154e-05
-5.03254e-05
-4.9784e-05
-4.91955e-05
-2.69665e-05
-2.92265e-05
-3.13179e-05
-3.32425e-05
-3.5006e-05
-3.66164e-05
-3.8078e-05
-3.93955e-05
-4.05742e-05
-4.16196e-05
-4.25372e-05
-4.33322e-05
-4.40101e-05
-4.45764e-05
-4.50363e-05
-4.53953e-05
-4.56585e-05
-4.58311e-05
-4.59183e-05
-4.5925e-05
-4.5856e-05
-4.57162e-05
-4.55103e-05
-4.52426e-05
-4.49177e-05
-4.45397e-05
-4.41128e-05
-1.81905e-05
-2.05422e-05
-2.2733e-05
-2.47644e-05
-2.66416e-05
-2.83718e-05
-2.9959e-05
-3.14076e-05
-3.27222e-05
-3.39078e-05
-3.49695e-05
-3.59122e-05
-3.67408e-05
-3.74604e-05
-3.80758e-05
-3.85921e-05
-3.9014e-05
-3.93463e-05
-3.95939e-05
-3.97612e-05
-3.9853e-05
-3.98736e-05
-3.98274e-05
-3.97187e-05
-3.95516e-05
-3.93301e-05
-3.90581e-05
-9.67982e-06
-1.21146e-05
-1.4396e-05
-1.65251e-05
-1.85066e-05
-2.03472e-05
-2.20505e-05
-2.36203e-05
-2.50611e-05
-2.63772e-05
-2.75733e-05
-2.8654e-05
-2.96237e-05
-3.0487e-05
-3.12486e-05
-3.19128e-05
-3.24843e-05
-3.29675e-05
-3.33667e-05
-3.36862e-05
-3.39305e-05
-3.41035e-05
-3.42094e-05
-3.42521e-05
-3.42356e-05
-3.41637e-05
-3.40399e-05
-1.43414e-06
-3.94402e-06
-6.30764e-06
-8.52598e-06
-1.0603e-05
-1.2545e-05
-1.43553e-05
-1.60372e-05
-1.75948e-05
-1.90322e-05
-2.03534e-05
-2.15627e-05
-2.26643e-05
-2.36622e-05
-2.45608e-05
-2.53641e-05
-2.60764e-05
-2.67017e-05
-2.72441e-05
-2.77076e-05
-2.80962e-05
-2.84138e-05
-2.86642e-05
-2.8851e-05
-2.89781e-05
-2.90488e-05
-2.90667e-05
6.54677e-06
3.96931e-06
1.53121e-06
-7.68237e-07
-2.93249e-06
-4.96751e-06
-6.87617e-06
-8.66153e-06
-1.03272e-05
-1.18769e-05
-1.33144e-05
-1.46435e-05
-1.5868e-05
-1.69917e-05
-1.80186e-05
-1.89524e-05
-1.97969e-05
-2.0556e-05
-2.12334e-05
-2.18328e-05
-2.2358e-05
-2.28125e-05
-2.31999e-05
-2.35236e-05
-2.37872e-05
-2.39939e-05
-2.41469e-05
1.42632e-05
1.16252e-05
9.11987e-06
6.74685e-06
4.5031e-06
2.38304e-06
3.84117e-07
-1.49642e-06
-3.26179e-06
-4.9154e-06
-6.46069e-06
-7.90109e-06
-9.24011e-06
-1.04812e-05
-1.1628e-05
-1.26839e-05
-1.36525e-05
-1.45373e-05
-1.53418e-05
-1.60693e-05
-1.67234e-05
-1.73073e-05
-1.78245e-05
-1.8278e-05
-1.86712e-05
-1.90072e-05
-1.9289e-05
2.17154e-05
1.90233e-05
1.64576e-05
1.40181e-05
1.17021e-05
9.5045e-06
7.42295e-06
5.45503e-06
3.59784e-06
1.84828e-06
2.03239e-07
-1.34042e-06
-2.78586e-06
-4.1363e-06
-5.39496e-06
-6.56506e-06
-7.64985e-06
-8.65254e-06
-9.57633e-06
-1.04244e-05
-1.12e-05
-1.19061e-05
-1.25458e-05
-1.31223e-05
-1.36384e-05
-1.40971e-05
-1.45012e-05
2.89036e-05
2.61634e-05
2.35437e-05
2.10442e-05
1.86629e-05
1.63947e-05
1.42377e-05
1.21898e-05
1.02482e-05
8.41027e-06
6.6731e-06
5.03388e-06
3.4897e-06
2.03765e-06
6.74792e-07
-6.01842e-07
-1.79521e-06
-2.90828e-06
-3.944e-06
-4.9053e-06
-5.79512e-06
-6.61633e-06
-7.3718e-06
-8.06434e-06
-8.69674e-06
-9.27172e-06
-9.79196e-06
3.58278e-05
3.30453e-05
3.03773e-05
2.78241e-05
2.53837e-05
2.30516e-05
2.08259e-05
1.87048e-05
1.66859e-05
1.47667e-05
1.29447e-05
1.12172e-05
9.58157e-06
8.03526e-06
6.57554e-06
5.1997e-06
3.90503e-06
2.68881e-06
1.54833e-06
4.80876e-07
-5.16243e-07
-1.4457e-06
-2.31015e-06
-3.1122e-06
-3.85444e-06
-4.53941e-06
-5.16962e-06
4.24882e-05
3.96684e-05
3.69577e-05
3.43564e-05
3.18629e-05
2.9473e-05
2.71849e-05
2.49972e-05
2.29076e-05
2.09139e-05
1.90137e-05
1.72048e-05
1.54848e-05
1.38512e-05
1.23016e-05
1.08336e-05
9.4446e-06
8.13217e-06
6.89381e-06
5.72703e-06
4.62934e-06
3.59829e-06
2.6314e-06
1.72627e-06
8.80483e-07
9.16749e-08
-6.42487e-07
4.88846e-05
4.60323e-05
4.32839e-05
4.06398e-05
3.80987e-05
3.56567e-05
3.33122e-05
3.10638e-05
2.89097e-05
2.68478e-05
2.48761e-05
2.29923e-05
2.11944e-05
1.94802e-05
1.78475e-05
1.62939e-05
1.48173e-05
1.34153e-05
1.20857e-05
1.08261e-05
9.63436e-06
8.50813e-06
7.44515e-06
6.44317e-06
5.49997e-06
4.61334e-06
3.78112e-06
5.50168e-05
5.21363e-05
4.93548e-05
4.66728e-05
4.40892e-05
4.16004e-05
3.92049e-05
3.69016e-05
3.46889e-05
3.25648e-05
3.05275e-05
2.8575e-05
2.67056e-05
2.4917e-05
2.32074e-05
2.15747e-05
2.00168e-05
1.85316e-05
1.71171e-05
1.57711e-05
1.44915e-05
1.32763e-05
1.21234e-05
1.10306e-05
9.99598e-06
9.0174e-06
8.09286e-06
6.08841e-05
5.79794e-05
5.51691e-05
5.24537e-05
4.98324e-05
4.73016e-05
4.48604e-05
4.25075e-05
4.02415e-05
3.80608e-05
3.59636e-05
3.39484e-05
3.20132e-05
3.01563e-05
2.83758e-05
2.667e-05
2.50369e-05
2.34746e-05
2.19813e-05
2.05549e-05
1.91936e-05
1.78954e-05
1.66585e-05
1.54808e-05
1.43605e-05
1.32956e-05
1.22844e-05
6.6486e-05
6.35607e-05
6.07254e-05
5.79807e-05
5.53259e-05
5.27579e-05
5.02756e-05
4.7878e-05
4.55639e-05
4.33318e-05
4.11802e-05
3.91075e-05
3.71122e-05
3.51925e-05
3.3347e-05
3.15738e-05
2.98713e-05
2.82378e-05
2.66714e-05
2.51705e-05
2.37332e-05
2.23578e-05
2.10426e-05
1.97856e-05
1.85853e-05
1.74397e-05
1.63473e-05
7.18213e-05
6.88786e-05
6.60219e-05
6.32516e-05
6.05675e-05
5.79663e-05
5.54473e-05
5.30097e-05
5.06522e-05
4.83736e-05
4.61725e-05
4.40476e-05
4.19974e-05
4.00204e-05
3.81151e-05
3.62801e-05
3.45137e-05
3.28144e-05
3.11806e-05
2.96107e-05
2.8103e-05
2.66559e-05
2.52679e-05
2.39372e-05
2.26622e-05
2.14414e-05
2.0273e-05
7.68886e-05
7.39316e-05
7.10565e-05
6.82642e-05
6.55543e-05
6.29239e-05
6.03723e-05
5.78988e-05
5.55023e-05
5.31818e-05
5.0936e-05
4.87636e-05
4.66634e-05
4.46341e-05
4.26742e-05
4.07825e-05
3.89575e-05
3.71977e-05
3.55018e-05
3.38682e-05
3.22954e-05
3.0782e-05
2.93265e-05
2.79274e-05
2.65831e-05
2.52922e-05
2.40531e-05
8.16861e-05
7.87173e-05
7.58269e-05
7.30155e-05
7.02833e-05
6.76272e-05
6.50467e-05
6.25412e-05
6.01099e-05
5.77517e-05
5.54655e-05
5.32502e-05
5.11047e-05
4.90277e-05
4.70181e-05
4.50746e-05
4.31959e-05
4.13807e-05
3.96277e-05
3.79355e-05
3.63028e-05
3.47282e-05
3.32104e-05
3.17479e-05
3.03394e-05
2.89835e-05
2.76787e-05
8.62117e-05
8.32334e-05
8.03301e-05
7.75026e-05
7.47509e-05
7.20723e-05
6.94664e-05
6.69326e-05
6.44702e-05
6.20783e-05
5.97558e-05
5.75018e-05
5.53153e-05
5.31952e-05
5.11404e-05
4.91497e-05
4.72221e-05
4.53562e-05
4.35509e-05
4.18051e-05
4.01173e-05
3.84865e-05
3.69113e-05
3.53904e-05
3.39225e-05
3.25065e-05
3.1141e-05
9.04624e-05
8.74768e-05
8.45629e-05
8.17217e-05
7.89533e-05
7.62552e-05
7.3627e-05
7.10682e-05
6.85782e-05
6.61562e-05
6.38012e-05
6.15125e-05
5.92891e-05
5.713e-05
5.50343e-05
5.30009e-05
5.10287e-05
4.91167e-05
4.72638e-05
4.54689e-05
4.37308e-05
4.20484e-05
4.04206e-05
3.88461e-05
3.73237e-05
3.58523e-05
3.44308e-05
9.4435e-05
9.14437e-05
8.85213e-05
8.56686e-05
8.2886e-05
8.01711e-05
7.75234e-05
7.49426e-05
7.24282e-05
6.99795e-05
6.75957e-05
6.52759e-05
6.30194e-05
6.08253e-05
5.86927e-05
5.66206e-05
5.46082e-05
5.26545e-05
5.07583e-05
4.89188e-05
4.71349e-05
4.54055e-05
4.37296e-05
4.2106e-05
4.05338e-05
3.90117e-05
3.75387e-05
9.81254e-05
9.51299e-05
9.22007e-05
8.93386e-05
8.6544e-05
8.38145e-05
8.11499e-05
7.855e-05
7.60142e-05
7.35419e-05
7.11325e-05
6.87851e-05
6.64991e-05
6.42736e-05
6.2108e-05
6.00012e-05
5.79526e-05
5.59612e-05
5.4026e-05
5.21461e-05
5.03207e-05
4.85487e-05
4.68291e-05
4.5161e-05
4.35433e-05
4.1975e-05
4.04551e-05
0.000101529
9.85304e-05
9.55958e-05
9.27259e-05
8.99213e-05
8.71795e-05
8.45004e-05
8.18839e-05
7.93294e-05
7.68364e-05
7.44044e-05
7.20326e-05
6.97204e-05
6.74671e-05
6.5272e-05
6.31343e-05
6.10533e-05
5.90281e-05
5.70579e-05
5.51418e-05
5.3279e-05
5.14685e-05
4.97096e-05
4.80012e-05
4.63424e-05
4.47323e-05
4.31699e-05
0.000104639
0.000101639
9.87005e-05
9.58244e-05
9.30114e-05
9.02592e-05
8.75678e-05
8.49369e-05
8.23662e-05
7.98552e-05
7.74034e-05
7.50102e-05
7.2675e-05
7.03972e-05
6.8176e-05
6.60109e-05
6.39011e-05
6.18459e-05
5.98445e-05
5.78961e-05
5.59999e-05
5.41551e-05
5.23609e-05
5.06164e-05
4.89207e-05
4.72731e-05
4.56725e-05
0.00010745
0.000104449
0.000101508
9.86266e-05
9.58067e-05
9.30459e-05
9.0344e-05
8.77009e-05
8.51163e-05
8.25898e-05
8.01209e-05
7.7709e-05
7.53538e-05
7.30544e-05
7.08105e-05
6.86213e-05
6.64862e-05
6.44046e-05
6.23757e-05
6.03987e-05
5.8473e-05
5.65979e-05
5.47724e-05
5.29959e-05
5.12675e-05
4.95864e-05
4.79519e-05
0.000109954
0.000106953
0.000104009
0.000101124
9.82987e-05
9.55307e-05
9.282e-05
9.01666e-05
8.75703e-05
8.50305e-05
8.2547e-05
8.01192e-05
7.77466e-05
7.54287e-05
7.31651e-05
7.0955e-05
6.8798e-05
6.66934e-05
6.46405e-05
6.26387e-05
6.06873e-05
5.87855e-05
5.69327e-05
5.51282e-05
5.33711e-05
5.16608e-05
4.99963e-05
0.000112142
0.00010914
0.000106195
0.000103307
0.000100478
9.77037e-05
9.49858e-05
9.23239e-05
8.97177e-05
8.71668e-05
8.4671e-05
8.22296e-05
7.98424e-05
7.75088e-05
7.52284e-05
7.30006e-05
7.08248e-05
6.87005e-05
6.66271e-05
6.4604e-05
6.26305e-05
6.0706e-05
5.88297e-05
5.70011e-05
5.52193e-05
5.34837e-05
5.17936e-05
0.000114002
0.000111001
0.000108055
0.000105165
0.000102332
9.95535e-05
9.68298e-05
9.41609e-05
9.15467e-05
8.89867e-05
8.64807e-05
8.40282e-05
8.16289e-05
7.92823e-05
7.69879e-05
7.47453e-05
7.25539e-05
7.04133e-05
6.83228e-05
6.62818e-05
6.42899e-05
6.23462e-05
6.04503e-05
5.86015e-05
5.6799e-05
5.50422e-05
5.33304e-05
0.000115524
0.000112523
0.000109577
0.000106685
0.000103849
0.000101067
9.8339e-05
9.56647e-05
9.30441e-05
9.04769e-05
8.79628e-05
8.55014e-05
8.30924e-05
8.07354e-05
7.84298e-05
7.61754e-05
7.39715e-05
7.18176e-05
6.97134e-05
6.76581e-05
6.56512e-05
6.36922e-05
6.17804e-05
5.99152e-05
5.80959e-05
5.6322e-05
5.45927e-05
0.000116692
0.000113692
0.000110745
0.000107852
0.000105015
0.00010223
9.94984e-05
9.68201e-05
9.41948e-05
9.16222e-05
8.9102e-05
8.6634e-05
8.42177e-05
8.18528e-05
7.95388e-05
7.72754e-05
7.5062e-05
7.28982e-05
7.07835e-05
6.87173e-05
6.66991e-05
6.47284e-05
6.28045e-05
6.09269e-05
5.90949e-05
5.73079e-05
5.55653e-05
0.00011749
0.000114491
0.000111544
0.00010865
0.000105812
0.000103025
0.000100291
9.76105e-05
9.4982e-05
9.24058e-05
8.98816e-05
8.7409e-05
8.49878e-05
8.26176e-05
8.02979e-05
7.80284e-05
7.58087e-05
7.36381e-05
7.15163e-05
6.94428e-05
6.74169e-05
6.54383e-05
6.35062e-05
6.16201e-05
5.97795e-05
5.79836e-05
5.62319e-05
0.0001179
0.000114901
0.000111954
0.00010906
0.000106221
0.000103434
0.000100699
9.80163e-05
9.53863e-05
9.28082e-05
9.02819e-05
8.78071e-05
8.53834e-05
8.30105e-05
8.06879e-05
7.84153e-05
7.61923e-05
7.40183e-05
7.18929e-05
6.98156e-05
6.77858e-05
6.58031e-05
6.38668e-05
6.19765e-05
6.01314e-05
5.8331e-05
5.65747e-05
-0.000149289
-0.000143858
-0.000138457
-0.000133095
-0.000127779
-0.00012252
-0.000117326
-0.000112204
-0.000107164
-0.000102212
-9.73561e-05
-9.26026e-05
-8.79581e-05
-8.34284e-05
-7.90189e-05
-7.47343e-05
-7.05789e-05
-6.65564e-05
-6.26698e-05
-5.89216e-05
-5.53138e-05
-5.18477e-05
-4.85241e-05
-4.53431e-05
-4.23044e-05
-3.94071e-05
-3.665e-05
-3.40313e-05
-3.15486e-05
-2.91994e-05
-2.69807e-05
-2.48893e-05
-2.29215e-05
-2.10736e-05
-1.93414e-05
-1.77208e-05
-1.62075e-05
-1.47971e-05
-1.34849e-05
-1.22666e-05
-1.11374e-05
-1.00931e-05
-9.12882e-06
-8.2406e-06
-0.000146026
-0.000140837
-0.000135669
-0.00013053
-0.00012543
-0.000120377
-0.000115379
-0.000110445
-0.000105582
-0.000100798
-9.61005e-05
-9.14955e-05
-8.69899e-05
-8.25897e-05
-7.83002e-05
-7.41265e-05
-7.0073e-05
-6.61438e-05
-6.23421e-05
-5.86709e-05
-5.51323e-05
-5.1728e-05
-4.84592e-05
-4.53265e-05
-4.23299e-05
-3.9469e-05
-3.67428e-05
-3.41501e-05
-3.16888e-05
-2.93569e-05
-2.71517e-05
-2.50704e-05
-2.31096e-05
-2.12659e-05
-1.95356e-05
-1.79149e-05
-1.63996e-05
-1.49856e-05
-1.36687e-05
-1.24445e-05
-1.13086e-05
-1.02569e-05
-9.28482e-06
-8.38841e-06
-0.00014262
-0.000137671
-0.000132735
-0.000127821
-0.000122937
-0.000118091
-0.000113292
-0.000108547
-0.000103865
-9.92515e-05
-9.47151e-05
-9.02622e-05
-8.58993e-05
-8.16325e-05
-7.74673e-05
-7.34089e-05
-6.9462e-05
-6.56307e-05
-6.19187e-05
-5.83291e-05
-5.48644e-05
-5.15267e-05
-4.83175e-05
-4.52377e-05
-4.22877e-05
-3.94676e-05
-3.67767e-05
-3.4214e-05
-3.17782e-05
-2.94674e-05
-2.72794e-05
-2.52115e-05
-2.3261e-05
-2.14248e-05
-1.96993e-05
-1.80811e-05
-1.65664e-05
-1.51512e-05
-1.38317e-05
-1.26037e-05
-1.1463e-05
-1.04057e-05
-9.42733e-06
-8.52417e-06
-0.000139075
-0.000134365
-0.000129661
-0.000124971
-0.000120304
-0.000115666
-0.000111067
-0.000106513
-0.000102013
-9.75729e-05
-9.32008e-05
-8.89032e-05
-8.46866e-05
-8.05569e-05
-7.65201e-05
-7.25812e-05
-6.87451e-05
-6.50163e-05
-6.13985e-05
-5.78951e-05
-5.4509e-05
-5.12425e-05
-4.80975e-05
-4.50751e-05
-4.21763e-05
-3.94012e-05
-3.67499e-05
-3.42215e-05
-3.18151e-05
-2.95292e-05
-2.7362e-05
-2.53112e-05
-2.33743e-05
-2.15486e-05
-1.98309e-05
-1.82181e-05
-1.67065e-05
-1.52927e-05
-1.39728e-05
-1.27431e-05
-1.15996e-05
-1.05384e-05
-9.55544e-06
-8.64703e-06
-0.000135395
-0.000130922
-0.00012645
-0.000121984
-0.000117533
-0.000113104
-0.000108705
-0.000104344
-0.000100028
-9.57639e-05
-9.15588e-05
-8.74194e-05
-8.33522e-05
-7.93633e-05
-7.54585e-05
-7.1643e-05
-6.7922e-05
-6.42998e-05
-6.07806e-05
-5.73679e-05
-5.40649e-05
-5.08741e-05
-4.77977e-05
-4.48373e-05
-4.19939e-05
-3.92684e-05
-3.66607e-05
-3.41708e-05
-3.17978e-05
-2.95407e-05
-2.73979e-05
-2.53677e-05
-2.34479e-05
-2.16359e-05
-1.9929e-05
-1.83244e-05
-1.68187e-05
-1.54087e-05
-1.40908e-05
-1.28616e-05
-1.17172e-05
-1.06541e-05
-9.66821e-06
-8.75614e-06
-0.000131586
-0.000127349
-0.000123106
-0.000118863
-0.000114628
-0.000110409
-0.000106211
-0.000102044
-9.79133e-05
-9.38266e-05
-8.97907e-05
-8.58121e-05
-8.18972e-05
-7.80523e-05
-7.42829e-05
-7.05946e-05
-6.69924e-05
-6.34809e-05
-6.00645e-05
-5.67467e-05
-5.35311e-05
-5.04204e-05
-4.7417e-05
-4.45228e-05
-4.17393e-05
-3.90675e-05
-3.65078e-05
-3.40603e-05
-3.17247e-05
-2.95002e-05
-2.73857e-05
-2.53796e-05
-2.34801e-05
-2.16851e-05
-1.99922e-05
-1.83986e-05
-1.69016e-05
-1.54979e-05
-1.41845e-05
-1.2958e-05
-1.18149e-05
-1.07517e-05
-9.76471e-06
-8.85061e-06
-0.000127653
-0.00012365
-0.000119635
-0.000115614
-0.000111595
-0.000107584
-0.000103588
-9.96149e-05
-9.5671e-05
-9.17632e-05
-8.78983e-05
-8.40828e-05
-8.03229e-05
-7.66247e-05
-7.2994e-05
-6.94362e-05
-6.59565e-05
-6.25595e-05
-5.92497e-05
-5.6031e-05
-5.29069e-05
-4.98805e-05
-4.69543e-05
-4.41307e-05
-4.14113e-05
-3.87973e-05
-3.62897e-05
-3.38887e-05
-3.15945e-05
-2.94064e-05
-2.73238e-05
-2.53454e-05
-2.34698e-05
-2.1695e-05
-2.00191e-05
-1.84395e-05
-1.69539e-05
-1.55592e-05
-1.42527e-05
-1.30312e-05
-1.18915e-05
-1.08302e-05
-9.84401e-06
-8.92958e-06
-0.000123603
-0.000119831
-0.000116042
-0.000112241
-0.000108436
-0.000104633
-0.000100839
-9.70605e-05
-9.3304e-05
-8.95764e-05
-8.58841e-05
-8.22336e-05
-7.86309e-05
-7.50821e-05
-7.15928e-05
-6.81687e-05
-6.48147e-05
-6.15358e-05
-5.83364e-05
-5.52205e-05
-5.21919e-05
-4.92538e-05
-4.6409e-05
-4.366e-05
-4.10087e-05
-3.84568e-05
-3.60052e-05
-3.36548e-05
-3.14057e-05
-2.92579e-05
-2.72109e-05
-2.52638e-05
-2.34153e-05
-2.16641e-05
-2.00083e-05
-1.84458e-05
-1.69744e-05
-1.55914e-05
-1.42943e-05
-1.30801e-05
-1.1946e-05
-1.08887e-05
-9.90516e-06
-8.99218e-06
-0.000119441
-0.000115898
-0.000112332
-0.00010875
-0.000105158
-0.000101562
-9.79687e-05
-9.43845e-05
-9.08159e-05
-8.72692e-05
-8.37507e-05
-8.02666e-05
-7.68231e-05
-7.34259e-05
-7.00807e-05
-6.6793e-05
-6.35679e-05
-6.04103e-05
-5.73247e-05
-5.43153e-05
-5.13859e-05
-4.85399e-05
-4.57804e-05
-4.311e-05
-4.05309e-05
-3.80449e-05
-3.56534e-05
-3.33573e-05
-3.11573e-05
-2.90535e-05
-2.70457e-05
-2.51334e-05
-2.33156e-05
-2.15912e-05
-1.99587e-05
-1.84162e-05
-1.69618e-05
-1.55932e-05
-1.43081e-05
-1.31037e-05
-1.19773e-05
-1.09262e-05
-9.94726e-06
-9.03754e-06
-0.000115175
-0.000111857
-0.000108512
-0.000105146
-0.000101765
-9.83744e-05
-9.49812e-05
-9.15911e-05
-8.82103e-05
-8.48449e-05
-8.15011e-05
-7.81847e-05
-7.49019e-05
-7.16582e-05
-6.84592e-05
-6.53105e-05
-6.2217e-05
-5.91837e-05
-5.62152e-05
-5.33156e-05
-5.04889e-05
-4.77387e-05
-4.50682e-05
-4.24802e-05
-3.99771e-05
-3.75609e-05
-3.52333e-05
-3.29954e-05
-3.08482e-05
-2.87921e-05
-2.68272e-05
-2.49531e-05
-2.31694e-05
-2.14751e-05
-1.9869e-05
-1.83496e-05
-1.69151e-05
-1.55637e-05
-1.4293e-05
-1.31008e-05
-1.19846e-05
-1.09417e-05
-9.96941e-06
-9.06482e-06
-0.000110811
-0.000107714
-0.000104587
-0.000101434
-9.82619e-05
-9.50758e-05
-9.18814e-05
-8.86846e-05
-8.54913e-05
-8.23073e-05
-7.91386e-05
-7.59908e-05
-7.28699e-05
-6.97813e-05
-6.67305e-05
-6.37229e-05
-6.07635e-05
-5.78572e-05
-5.50086e-05
-5.2222e-05
-4.95014e-05
-4.68504e-05
-4.42725e-05
-4.17705e-05
-3.9347e-05
-3.70043e-05
-3.47443e-05
-3.25683e-05
-3.04776e-05
-2.84728e-05
-2.65542e-05
-2.4722e-05
-2.29757e-05
-2.13148e-05
-1.97382e-05
-1.82449e-05
-1.68332e-05
-1.55016e-05
-1.42481e-05
-1.30706e-05
-1.19668e-05
-1.09344e-05
-9.97074e-06
-9.07319e-06
-0.000106355
-0.000103476
-0.000100563
-9.76213e-05
-9.46557e-05
-9.16716e-05
-8.86745e-05
-8.56698e-05
-8.26633e-05
-7.96604e-05
-7.66669e-05
-7.36883e-05
-7.07301e-05
-6.77978e-05
-6.48968e-05
-6.20322e-05
-5.92091e-05
-5.64322e-05
-5.37063e-05
-5.10355e-05
-4.84239e-05
-4.58754e-05
-4.33933e-05
-4.09807e-05
-3.86404e-05
-3.63748e-05
-3.41859e-05
-3.20754e-05
-3.00447e-05
-2.80947e-05
-2.62261e-05
-2.4439e-05
-2.27335e-05
-2.11091e-05
-1.95653e-05
-1.8101e-05
-1.67151e-05
-1.54061e-05
-1.41724e-05
-1.30121e-05
-1.19231e-05
-1.09033e-05
-9.95039e-06
-9.06184e-06
-0.000101816
-9.91506e-05
-9.64483e-05
-9.37138e-05
-9.09519e-05
-8.81675e-05
-8.53657e-05
-8.25518e-05
-7.9731e-05
-7.69086e-05
-7.40901e-05
-7.12807e-05
-6.84859e-05
-6.57108e-05
-6.29608e-05
-6.02408e-05
-5.75558e-05
-5.49105e-05
-5.23095e-05
-4.97571e-05
-4.72574e-05
-4.48143e-05
-4.24311e-05
-4.01111e-05
-3.78573e-05
-3.56721e-05
-3.35579e-05
-3.15163e-05
-2.95491e-05
-2.76574e-05
-2.5842e-05
-2.41035e-05
-2.2442e-05
-2.08574e-05
-1.93494e-05
-1.79172e-05
-1.65598e-05
-1.52762e-05
-1.40649e-05
-1.29243e-05
-1.18525e-05
-1.08476e-05
-9.90756e-06
-9.03e-06
-9.72004e-05
-9.47442e-05
-9.22488e-05
-8.97182e-05
-8.71569e-05
-8.45696e-05
-8.1961e-05
-7.93359e-05
-7.66995e-05
-7.40566e-05
-7.14125e-05
-6.87723e-05
-6.61409e-05
-6.35237e-05
-6.09255e-05
-5.83513e-05
-5.58059e-05
-5.3294e-05
-5.08201e-05
-4.83885e-05
-4.60032e-05
-4.3668e-05
-4.13867e-05
-3.91624e-05
-3.69981e-05
-3.48966e-05
-3.28602e-05
-3.08909e-05
-2.89905e-05
-2.71603e-05
-2.54015e-05
-2.37147e-05
-2.21005e-05
-2.05588e-05
-1.90897e-05
-1.76925e-05
-1.63666e-05
-1.51112e-05
-1.39249e-05
-1.28065e-05
-1.17543e-05
-1.07666e-05
-9.8415e-06
-8.97694e-06
-9.25159e-05
-9.02645e-05
-8.79717e-05
-8.56413e-05
-8.32773e-05
-8.08841e-05
-7.84661e-05
-7.60278e-05
-7.3574e-05
-7.11094e-05
-6.86389e-05
-6.61672e-05
-6.36993e-05
-6.124e-05
-5.87943e-05
-5.63668e-05
-5.39623e-05
-5.15853e-05
-4.92402e-05
-4.69313e-05
-4.46626e-05
-4.2438e-05
-4.02611e-05
-3.81352e-05
-3.60634e-05
-3.40485e-05
-3.2093e-05
-3.01991e-05
-2.83687e-05
-2.66033e-05
-2.49042e-05
-2.32724e-05
-2.17085e-05
-2.02129e-05
-1.87855e-05
-1.74263e-05
-1.61348e-05
-1.49102e-05
-1.37516e-05
-1.26579e-05
-1.16276e-05
-1.06594e-05
-9.75149e-06
-8.90196e-06
-8.77704e-05
-8.5719e-05
-8.36245e-05
-8.14902e-05
-7.93199e-05
-7.71176e-05
-7.48874e-05
-7.26335e-05
-7.03604e-05
-6.80724e-05
-6.57741e-05
-6.34701e-05
-6.11652e-05
-5.88638e-05
-5.65708e-05
-5.42906e-05
-5.20278e-05
-4.97869e-05
-4.75721e-05
-4.53877e-05
-4.32376e-05
-4.11257e-05
-3.90556e-05
-3.70307e-05
-3.5054e-05
-3.31286e-05
-3.12569e-05
-2.94414e-05
-2.76839e-05
-2.59864e-05
-2.43501e-05
-2.27763e-05
-2.12657e-05
-1.98191e-05
-1.84365e-05
-1.71182e-05
-1.58637e-05
-1.46727e-05
-1.35443e-05
-1.24778e-05
-1.1472e-05
-1.05255e-05
-9.63689e-06
-8.80445e-06
-8.29717e-05
-8.11154e-05
-7.92145e-05
-7.72721e-05
-7.52917e-05
-7.32768e-05
-7.12314e-05
-6.91592e-05
-6.70643e-05
-6.4951e-05
-6.28235e-05
-6.06861e-05
-5.85433e-05
-5.63995e-05
-5.4259e-05
-5.21264e-05
-5.0006e-05
-4.7902e-05
-4.58187e-05
-4.37602e-05
-4.17304e-05
-3.97331e-05
-3.77719e-05
-3.58502e-05
-3.39711e-05
-3.21377e-05
-3.03525e-05
-2.86181e-05
-2.69365e-05
-2.53096e-05
-2.37391e-05
-2.22262e-05
-2.0772e-05
-1.93772e-05
-1.80423e-05
-1.67675e-05
-1.55529e-05
-1.43981e-05
-1.33026e-05
-1.22658e-05
-1.12867e-05
-1.03642e-05
-9.49712e-06
-8.68382e-06
-7.81279e-05
-7.64615e-05
-7.47495e-05
-7.29947e-05
-7.12e-05
-6.93689e-05
-6.75047e-05
-6.56112e-05
-6.36921e-05
-6.17513e-05
-5.97927e-05
-5.78204e-05
-5.58387e-05
-5.38516e-05
-5.18633e-05
-4.98782e-05
-4.79003e-05
-4.59339e-05
-4.39829e-05
-4.20515e-05
-4.01433e-05
-3.82623e-05
-3.64118e-05
-3.45954e-05
-3.28161e-05
-3.1077e-05
-2.93809e-05
-2.77301e-05
-2.6127e-05
-2.45736e-05
-2.30716e-05
-2.16224e-05
-2.02273e-05
-1.88871e-05
-1.76027e-05
-1.63743e-05
-1.52021e-05
-1.40861e-05
-1.30261e-05
-1.20214e-05
-1.10714e-05
-1.01752e-05
-9.33169e-06
-8.53958e-06
-7.32471e-05
-7.17655e-05
-7.02374e-05
-6.86654e-05
-6.70522e-05
-6.54008e-05
-6.37145e-05
-6.19964e-05
-6.02502e-05
-5.84793e-05
-5.66875e-05
-5.48786e-05
-5.30565e-05
-5.1225e-05
-4.93883e-05
-4.75503e-05
-4.57149e-05
-4.38863e-05
-4.20682e-05
-4.02646e-05
-3.84793e-05
-3.67157e-05
-3.49776e-05
-3.32682e-05
-3.15907e-05
-2.99481e-05
-2.83431e-05
-2.67785e-05
-2.52564e-05
-2.37789e-05
-2.2348e-05
-2.09652e-05
-1.96318e-05
-1.8349e-05
-1.71176e-05
-1.59382e-05
-1.48111e-05
-1.37365e-05
-1.27143e-05
-1.17442e-05
-1.08256e-05
-9.95788e-06
-9.14018e-06
-8.37132e-06
-6.83377e-05
-6.70353e-05
-6.5686e-05
-6.4292e-05
-6.28558e-05
-6.13801e-05
-5.98677e-05
-5.83217e-05
-5.67452e-05
-5.51415e-05
-5.35141e-05
-5.18664e-05
-5.02022e-05
-4.85251e-05
-4.68388e-05
-4.51472e-05
-4.34541e-05
-4.17632e-05
-4.00783e-05
-3.84031e-05
-3.67413e-05
-3.50964e-05
-3.34718e-05
-3.18709e-05
-3.02969e-05
-2.87526e-05
-2.72409e-05
-2.57645e-05
-2.43256e-05
-2.29265e-05
-2.15691e-05
-2.02552e-05
-1.89861e-05
-1.77632e-05
-1.65874e-05
-1.54595e-05
-1.438e-05
-1.33492e-05
-1.23672e-05
-1.1434e-05
-1.05491e-05
-9.71211e-06
-8.92229e-06
-8.17868e-06
-6.34078e-05
-6.22792e-05
-6.11035e-05
-5.98826e-05
-5.86187e-05
-5.73143e-05
-5.59719e-05
-5.45941e-05
-5.3184e-05
-5.17445e-05
-5.02788e-05
-4.87901e-05
-4.72818e-05
-4.57573e-05
-4.42202e-05
-4.2674e-05
-4.11224e-05
-3.95689e-05
-3.8017e-05
-3.64705e-05
-3.49327e-05
-3.34072e-05
-3.18973e-05
-3.04061e-05
-2.89369e-05
-2.74926e-05
-2.6076e-05
-2.46897e-05
-2.33361e-05
-2.20175e-05
-2.0736e-05
-1.94932e-05
-1.82908e-05
-1.71301e-05
-1.60123e-05
-1.49383e-05
-1.39088e-05
-1.29242e-05
-1.19849e-05
-1.10908e-05
-1.02418e-05
-9.43767e-06
-8.67781e-06
-7.96145e-06
-5.84659e-05
-5.75055e-05
-5.6498e-05
-5.54451e-05
-5.43488e-05
-5.32111e-05
-5.20344e-05
-5.0821e-05
-4.95737e-05
-4.82951e-05
-4.69882e-05
-4.56558e-05
-4.43012e-05
-4.29274e-05
-4.15379e-05
-4.01359e-05
-3.87248e-05
-3.7308e-05
-3.58889e-05
-3.44709e-05
-3.30574e-05
-3.16518e-05
-3.02571e-05
-2.88767e-05
-2.75136e-05
-2.61706e-05
-2.48505e-05
-2.3556e-05
-2.22896e-05
-2.10535e-05
-1.98497e-05
-1.86802e-05
-1.75467e-05
-1.64505e-05
-1.5393e-05
-1.43752e-05
-1.3398e-05
-1.24619e-05
-1.15674e-05
-1.07146e-05
-9.90375e-06
-9.13452e-06
-8.40664e-06
-7.71947e-06
-5.35205e-05
-5.27225e-05
-5.18777e-05
-5.09877e-05
-5.00539e-05
-4.90783e-05
-4.80629e-05
-4.70099e-05
-4.59216e-05
-4.48005e-05
-4.36491e-05
-4.24703e-05
-4.12668e-05
-4.00416e-05
-3.87977e-05
-3.75383e-05
-3.62664e-05
-3.49854e-05
-3.36984e-05
-3.24087e-05
-3.11194e-05
-2.98338e-05
-2.85549e-05
-2.72858e-05
-2.60296e-05
-2.4789e-05
-2.35668e-05
-2.23657e-05
-2.11879e-05
-2.0036e-05
-1.89119e-05
-1.78177e-05
-1.6755e-05
-1.57254e-05
-1.47303e-05
-1.37709e-05
-1.2848e-05
-1.19625e-05
-1.1115e-05
-1.03058e-05
-9.53502e-06
-8.80274e-06
-8.10881e-06
-7.45275e-06
-4.85799e-05
-4.79386e-05
-4.72511e-05
-4.65185e-05
-4.57423e-05
-4.4924e-05
-4.40654e-05
-4.31685e-05
-4.22352e-05
-4.12678e-05
-4.02687e-05
-3.92402e-05
-3.81851e-05
-3.7106e-05
-3.60056e-05
-3.48869e-05
-3.37529e-05
-3.26064e-05
-3.14506e-05
-3.02884e-05
-2.91229e-05
-2.79572e-05
-2.67943e-05
-2.5637e-05
-2.44883e-05
-2.33509e-05
-2.22276e-05
-2.1121e-05
-2.00333e-05
-1.89671e-05
-1.79243e-05
-1.6907e-05
-1.5917e-05
-1.49559e-05
-1.40252e-05
-1.31261e-05
-1.22597e-05
-1.14269e-05
-1.06283e-05
-9.86458e-06
-9.13595e-06
-8.44258e-06
-7.78449e-06
-7.16137e-06
-4.36526e-05
-4.31623e-05
-4.26264e-05
-4.20459e-05
-4.14221e-05
-4.07561e-05
-4.00497e-05
-3.93044e-05
-3.8522e-05
-3.77045e-05
-3.6854e-05
-3.59727e-05
-3.50629e-05
-3.41272e-05
-3.3168e-05
-3.21879e-05
-3.11898e-05
-3.01764e-05
-2.91505e-05
-2.8115e-05
-2.70727e-05
-2.60265e-05
-2.49794e-05
-2.3934e-05
-2.28932e-05
-2.18596e-05
-2.0836e-05
-1.98247e-05
-1.88283e-05
-1.7849e-05
-1.6889e-05
-1.59502e-05
-1.50345e-05
-1.41436e-05
-1.3279e-05
-1.24421e-05
-1.1634e-05
-1.08557e-05
-1.0108e-05
-9.39166e-06
-8.70702e-06
-8.05441e-06
-7.43398e-06
-6.84557e-06
-3.87472e-05
-3.8402e-05
-3.80121e-05
-3.75783e-05
-3.71015e-05
-3.6583e-05
-3.60239e-05
-3.54256e-05
-3.47899e-05
-3.41182e-05
-3.34126e-05
-3.26749e-05
-3.19073e-05
-3.1112e-05
-3.02913e-05
-2.94476e-05
-2.85834e-05
-2.77012e-05
-2.68038e-05
-2.58937e-05
-2.49736e-05
-2.40464e-05
-2.31146e-05
-2.21809e-05
-2.1248e-05
-2.03186e-05
-1.93951e-05
-1.848e-05
-1.75756e-05
-1.66843e-05
-1.58082e-05
-1.49492e-05
-1.41092e-05
-1.329e-05
-1.24932e-05
-1.17201e-05
-1.0972e-05
-1.025e-05
-9.55499e-06
-8.88776e-06
-8.24889e-06
-7.63878e-06
-7.05773e-06
-6.50572e-06
-3.38722e-05
-3.36662e-05
-3.34166e-05
-3.3124e-05
-3.27891e-05
-3.24128e-05
-3.19961e-05
-3.15403e-05
-3.10467e-05
-3.05167e-05
-2.9952e-05
-2.93543e-05
-2.87254e-05
-2.80674e-05
-2.73823e-05
-2.66723e-05
-2.59397e-05
-2.51868e-05
-2.44161e-05
-2.363e-05
-2.2831e-05
-2.20216e-05
-2.12045e-05
-2.03821e-05
-1.9557e-05
-1.87317e-05
-1.79086e-05
-1.709e-05
-1.62784e-05
-1.54758e-05
-1.46845e-05
-1.39064e-05
-1.31434e-05
-1.23972e-05
-1.16695e-05
-1.09617e-05
-1.02751e-05
-9.611e-06
-8.97028e-06
-8.35383e-06
-7.76236e-06
-7.19639e-06
-6.65634e-06
-6.14234e-06
-2.90359e-05
-2.89634e-05
-2.88485e-05
-2.86915e-05
-2.84931e-05
-2.82538e-05
-2.79746e-05
-2.76565e-05
-2.73004e-05
-2.69078e-05
-2.64799e-05
-2.60183e-05
-2.55246e-05
-2.50006e-05
-2.4448e-05
-2.3869e-05
-2.32654e-05
-2.26395e-05
-2.19935e-05
-2.13296e-05
-2.06502e-05
-1.99576e-05
-1.92542e-05
-1.85424e-05
-1.78246e-05
-1.71031e-05
-1.63803e-05
-1.56585e-05
-1.49399e-05
-1.42267e-05
-1.35209e-05
-1.28245e-05
-1.21394e-05
-1.14673e-05
-1.08099e-05
-1.01687e-05
-9.54507e-06
-8.9402e-06
-8.35521e-06
-7.79103e-06
-7.24846e-06
-6.72814e-06
-6.23061e-06
-5.75609e-06
-2.42469e-05
-2.43021e-05
-2.43162e-05
-2.42894e-05
-2.4222e-05
-2.41146e-05
-2.39678e-05
-2.37824e-05
-2.35594e-05
-2.32996e-05
-2.30043e-05
-2.26748e-05
-2.23125e-05
-2.19189e-05
-2.14957e-05
-2.10445e-05
-2.05673e-05
-2.00659e-05
-1.95423e-05
-1.89987e-05
-1.84371e-05
-1.78598e-05
-1.72689e-05
-1.66667e-05
-1.60554e-05
-1.54373e-05
-1.48145e-05
-1.41894e-05
-1.35639e-05
-1.29403e-05
-1.23205e-05
-1.17064e-05
-1.10999e-05
-1.05029e-05
-9.91678e-06
-9.34323e-06
-8.78364e-06
-8.23927e-06
-7.71129e-06
-7.20071e-06
-6.7084e-06
-6.23511e-06
-5.78146e-06
-5.34781e-06
-1.95137e-05
-1.96908e-05
-1.98283e-05
-1.99261e-05
-1.99844e-05
-2.00036e-05
-1.99841e-05
-1.99266e-05
-1.98317e-05
-1.97003e-05
-1.95332e-05
-1.93317e-05
-1.90969e-05
-1.883e-05
-1.85326e-05
-1.82061e-05
-1.78522e-05
-1.74726e-05
-1.7069e-05
-1.66434e-05
-1.61977e-05
-1.57339e-05
-1.52541e-05
-1.47602e-05
-1.42545e-05
-1.37389e-05
-1.32157e-05
-1.26868e-05
-1.21543e-05
-1.16203e-05
-1.10867e-05
-1.05553e-05
-1.0028e-05
-9.50654e-06
-8.99253e-06
-8.48752e-06
-7.99295e-06
-7.51013e-06
-7.04026e-06
-6.58444e-06
-6.14359e-06
-5.71856e-06
-5.31004e-06
-4.91851e-06
-1.48447e-05
-1.51381e-05
-1.53932e-05
-1.56101e-05
-1.57887e-05
-1.59292e-05
-1.6032e-05
-1.60973e-05
-1.61258e-05
-1.6118e-05
-1.60748e-05
-1.5997e-05
-1.58856e-05
-1.57417e-05
-1.55664e-05
-1.53613e-05
-1.51275e-05
-1.48667e-05
-1.45805e-05
-1.42705e-05
-1.39384e-05
-1.35862e-05
-1.32156e-05
-1.28286e-05
-1.24272e-05
-1.20131e-05
-1.15885e-05
-1.11553e-05
-1.07154e-05
-1.02708e-05
-9.82326e-06
-9.37469e-06
-8.92683e-06
-8.48139e-06
-8.03999e-06
-7.60416e-06
-7.17536e-06
-6.75493e-06
-6.3441e-06
-5.94401e-06
-5.55566e-06
-5.17995e-06
-4.81766e-06
-4.46937e-06
-1.02484e-05
-1.06523e-05
-1.10196e-05
-1.13501e-05
-1.16436e-05
-1.19002e-05
-1.21199e-05
-1.23031e-05
-1.24501e-05
-1.25613e-05
-1.26374e-05
-1.26789e-05
-1.26867e-05
-1.26617e-05
-1.26049e-05
-1.25175e-05
-1.24005e-05
-1.22554e-05
-1.20836e-05
-1.18865e-05
-1.16657e-05
-1.14229e-05
-1.11596e-05
-1.08777e-05
-1.0579e-05
-1.02652e-05
-9.93816e-06
-9.59973e-06
-9.25173e-06
-8.89598e-06
-8.53427e-06
-8.16835e-06
-7.79994e-06
-7.43069e-06
-7.0622e-06
-6.69599e-06
-6.3335e-06
-5.97608e-06
-5.62501e-06
-5.28144e-06
-4.94644e-06
-4.62095e-06
-4.30584e-06
-4.00175e-06
-5.73308e-06
-6.24201e-06
-6.71594e-06
-7.15457e-06
-7.55763e-06
-7.92499e-06
-8.25663e-06
-8.55265e-06
-8.81323e-06
-9.03865e-06
-9.22932e-06
-9.38572e-06
-9.50848e-06
-9.59831e-06
-9.65603e-06
-9.68256e-06
-9.67892e-06
-9.64624e-06
-9.58573e-06
-9.49868e-06
-9.38646e-06
-9.25054e-06
-9.0924e-06
-8.91364e-06
-8.71586e-06
-8.50072e-06
-8.26991e-06
-8.02512e-06
-7.76807e-06
-7.50047e-06
-7.224e-06
-6.94035e-06
-6.65116e-06
-6.35802e-06
-6.0625e-06
-5.76609e-06
-5.47022e-06
-5.17624e-06
-4.88544e-06
-4.59899e-06
-4.318e-06
-4.04346e-06
-3.77629e-06
-3.51722e-06
-1.30727e-06
-1.91571e-06
-2.49085e-06
-3.03225e-06
-3.53952e-06
-4.01242e-06
-4.45078e-06
-4.85456e-06
-5.22378e-06
-5.55858e-06
-5.85919e-06
-6.12593e-06
-6.35925e-06
-6.55968e-06
-6.72786e-06
-6.86452e-06
-6.97051e-06
-7.04676e-06
-7.09428e-06
-7.1142e-06
-7.1077e-06
-7.07605e-06
-7.02059e-06
-6.94272e-06
-6.84389e-06
-6.72562e-06
-6.58942e-06
-6.43688e-06
-6.26958e-06
-6.08911e-06
-5.89706e-06
-5.69503e-06
-5.48457e-06
-5.26722e-06
-5.04449e-06
-4.81784e-06
-4.58866e-06
-4.35832e-06
-4.12807e-06
-3.89913e-06
-3.67262e-06
-3.44956e-06
-3.23094e-06
-3.01752e-06
3.02063e-06
2.31806e-06
1.64709e-06
1.00825e-06
4.02037e-07
-1.7118e-07
-7.11124e-07
-1.2176e-06
-1.69051e-06
-2.12983e-06
-2.53565e-06
-2.90812e-06
-3.24753e-06
-3.55424e-06
-3.82872e-06
-4.07153e-06
-4.28332e-06
-4.46485e-06
-4.61696e-06
-4.74058e-06
-4.83673e-06
-4.90649e-06
-4.95104e-06
-4.97161e-06
-4.96949e-06
-4.94602e-06
-4.90261e-06
-4.84067e-06
-4.76166e-06
-4.66705e-06
-4.55834e-06
-4.43701e-06
-4.30455e-06
-4.16241e-06
-4.01204e-06
-3.85485e-06
-3.69222e-06
-3.52547e-06
-3.35586e-06
-3.18459e-06
-3.01282e-06
-2.84159e-06
-2.67191e-06
-2.50461e-06
7.24217e-06
6.45077e-06
5.68925e-06
4.95823e-06
4.25829e-06
3.58993e-06
2.95352e-06
2.34938e-06
1.77775e-06
1.23878e-06
7.32535e-07
2.58988e-07
-1.81974e-07
-5.90561e-07
-9.67073e-07
-1.3119e-06
-1.62554e-06
-1.90857e-06
-2.16165e-06
-2.38554e-06
-2.58109e-06
-2.7492e-06
-2.89089e-06
-3.00722e-06
-3.09932e-06
-3.16838e-06
-3.21565e-06
-3.24241e-06
-3.24999e-06
-3.23973e-06
-3.21301e-06
-3.17123e-06
-3.11576e-06
-3.04799e-06
-2.9693e-06
-2.88105e-06
-2.78455e-06
-2.68111e-06
-2.57198e-06
-2.45834e-06
-2.34135e-06
-2.22207e-06
-2.10155e-06
-1.98064e-06
1.13489e-05
1.04738e-05
9.62695e-06
8.80892e-06
8.02042e-06
7.26203e-06
6.53424e-06
5.83747e-06
5.17208e-06
4.53834e-06
3.93646e-06
3.36655e-06
2.82863e-06
2.32265e-06
1.84846e-06
1.40583e-06
9.94417e-07
6.13823e-07
2.63539e-07
-5.70215e-08
-3.48533e-07
-6.1175e-07
-8.47505e-07
-1.0567e-06
-1.24032e-06
-1.39939e-06
-1.53501e-06
-1.64833e-06
-1.74053e-06
-1.81285e-06
-1.86653e-06
-1.90286e-06
-1.92313e-06
-1.92864e-06
-1.92069e-06
-1.90058e-06
-1.86958e-06
-1.82894e-06
-1.77988e-06
-1.72359e-06
-1.6612e-06
-1.59379e-06
-1.52242e-06
-1.44798e-06
1.53322e-05
1.43786e-05
1.34514e-05
1.25515e-05
1.16795e-05
1.08362e-05
1.0022e-05
9.23763e-06
8.48342e-06
7.75982e-06
7.06712e-06
6.40558e-06
5.77535e-06
5.17652e-06
4.60909e-06
4.07297e-06
3.56798e-06
3.09387e-06
2.65029e-06
2.23682e-06
1.85295e-06
1.49807e-06
1.17152e-06
8.72544e-07
6.00331e-07
3.53993e-07
1.32582e-07
-6.4908e-08
-2.39531e-07
-3.92386e-07
-5.2461e-07
-6.37374e-07
-7.31869e-07
-8.09307e-07
-8.70906e-07
-9.1789e-07
-9.51475e-07
-9.72867e-07
-9.8325e-07
-9.83782e-07
-9.75587e-07
-9.59744e-07
-9.37309e-07
-9.09213e-07
1.91835e-05
1.81563e-05
1.71539e-05
1.61771e-05
1.52266e-05
1.43033e-05
1.34078e-05
1.25407e-05
1.17026e-05
1.0894e-05
1.01153e-05
9.36693e-06
8.64909e-06
7.96202e-06
7.30585e-06
6.68065e-06
6.08637e-06
5.52292e-06
4.9901e-06
4.48762e-06
4.01514e-06
3.57221e-06
3.15832e-06
2.77287e-06
2.4152e-06
2.08456e-06
1.78015e-06
1.50111e-06
1.24651e-06
1.0154e-06
8.06736e-07
6.19477e-07
4.5253e-07
3.0478e-07
1.75092e-07
6.23183e-08
-3.46935e-08
-1.17095e-07
-1.86028e-07
-2.42618e-07
-2.87969e-07
-3.2315e-07
-3.49215e-07
-3.67112e-07
2.28941e-05
2.17982e-05
2.07254e-05
1.96766e-05
1.86526e-05
1.76542e-05
1.66823e-05
1.57375e-05
1.48204e-05
1.39317e-05
1.30718e-05
1.22413e-05
1.14406e-05
1.06699e-05
9.92961e-06
9.21981e-06
8.54064e-06
7.89212e-06
7.27422e-06
6.68679e-06
6.12962e-06
5.60242e-06
5.10483e-06
4.63639e-06
4.19659e-06
3.78482e-06
3.40044e-06
3.0427e-06
2.71083e-06
2.40397e-06
2.12124e-06
1.86168e-06
1.62432e-06
1.40813e-06
1.21208e-06
1.03508e-06
8.76066e-07
7.33935e-07
6.07597e-07
4.95965e-07
3.97962e-07
3.12537e-07
2.38643e-07
1.75324e-07
2.64551e-05
2.52952e-05
2.41568e-05
2.30408e-05
2.19481e-05
2.08797e-05
1.98362e-05
1.88185e-05
1.78273e-05
1.68633e-05
1.59271e-05
1.50193e-05
1.41404e-05
1.32909e-05
1.2471e-05
1.16812e-05
1.09216e-05
1.01924e-05
9.49372e-06
8.82551e-06
8.18772e-06
7.5802e-06
7.00272e-06
6.45497e-06
5.93657e-06
5.44707e-06
4.98595e-06
4.5526e-06
4.14638e-06
3.76656e-06
3.41237e-06
3.08297e-06
2.77749e-06
2.495e-06
2.23457e-06
1.99518e-06
1.77585e-06
1.57553e-06
1.39319e-06
1.22779e-06
1.07829e-06
9.43641e-07
8.22829e-07
7.14892e-07
2.98575e-05
2.86383e-05
2.7439e-05
2.62606e-05
2.51039e-05
2.39701e-05
2.28599e-05
2.17741e-05
2.07137e-05
1.96792e-05
1.86715e-05
1.76913e-05
1.6739e-05
1.58153e-05
1.49206e-05
1.40553e-05
1.32199e-05
1.24145e-05
1.16394e-05
1.08948e-05
1.01806e-05
9.49682e-06
8.84343e-06
8.22023e-06
7.62697e-06
7.06333e-06
6.52893e-06
6.02329e-06
5.54589e-06
5.09612e-06
4.67333e-06
4.2768e-06
3.90575e-06
3.55938e-06
3.23681e-06
2.93715e-06
2.65945e-06
2.40276e-06
2.16609e-06
1.94846e-06
1.74885e-06
1.56627e-06
1.39969e-06
1.24818e-06
3.30921e-05
3.18181e-05
3.05624e-05
2.93262e-05
2.81103e-05
2.69158e-05
2.57436e-05
2.45946e-05
2.34697e-05
2.23696e-05
2.12953e-05
2.02473e-05
1.92265e-05
1.82334e-05
1.72686e-05
1.63326e-05
1.5426e-05
1.4549e-05
1.3702e-05
1.28853e-05
1.2099e-05
1.13433e-05
1.06182e-05
9.92355e-06
9.25936e-06
8.62539e-06
8.02138e-06
7.44698e-06
6.9018e-06
6.38534e-06
5.89707e-06
5.43638e-06
5.0026e-06
4.595e-06
4.21283e-06
3.85526e-06
3.52142e-06
3.21044e-06
2.92139e-06
2.65333e-06
2.40528e-06
2.1763e-06
1.96538e-06
1.77159e-06
3.61493e-05
3.48249e-05
3.35174e-05
3.22279e-05
3.09574e-05
2.97069e-05
2.84775e-05
2.727e-05
2.60853e-05
2.49245e-05
2.37882e-05
2.26774e-05
2.15928e-05
2.05351e-05
1.9505e-05
1.85031e-05
1.75299e-05
1.6586e-05
1.56718e-05
1.47876e-05
1.39338e-05
1.31105e-05
1.23179e-05
1.15561e-05
1.08251e-05
1.01248e-05
9.45504e-06
8.81566e-06
8.20633e-06
7.62669e-06
7.0763e-06
6.55468e-06
6.06124e-06
5.59537e-06
5.15639e-06
4.74355e-06
4.35609e-06
3.99318e-06
3.65396e-06
3.33754e-06
3.04301e-06
2.76942e-06
2.51583e-06
2.28132e-06
3.90194e-05
3.76489e-05
3.6294e-05
3.49557e-05
3.36351e-05
3.23332e-05
3.10512e-05
2.97899e-05
2.85503e-05
2.73334e-05
2.61401e-05
2.49712e-05
2.38277e-05
2.27102e-05
2.16197e-05
2.05566e-05
1.95218e-05
1.85157e-05
1.7539e-05
1.6592e-05
1.56752e-05
1.47889e-05
1.39333e-05
1.31087e-05
1.23152e-05
1.15528e-05
1.08214e-05
1.0121e-05
9.45144e-06
8.81237e-06
8.20349e-06
7.62442e-06
7.07468e-06
6.55374e-06
6.06102e-06
5.59586e-06
5.15755e-06
4.74535e-06
4.35846e-06
3.99604e-06
3.65723e-06
3.34112e-06
3.04681e-06
2.77337e-06
4.16921e-05
4.02798e-05
3.88817e-05
3.74991e-05
3.61329e-05
3.47842e-05
3.34541e-05
3.21437e-05
3.08539e-05
2.95857e-05
2.83402e-05
2.71181e-05
2.59205e-05
2.47483e-05
2.36021e-05
2.24828e-05
2.13912e-05
2.03278e-05
1.92934e-05
1.82884e-05
1.73134e-05
1.63688e-05
1.54549e-05
1.45721e-05
1.37206e-05
1.29005e-05
1.21118e-05
1.13546e-05
1.06289e-05
9.93436e-06
9.27087e-06
8.6381e-06
8.03567e-06
7.46316e-06
6.92005e-06
6.40576e-06
5.91968e-06
5.46112e-06
5.02934e-06
4.62356e-06
4.24297e-06
3.8867e-06
3.55387e-06
3.2436e-06
4.41569e-05
4.27069e-05
4.127e-05
3.98473e-05
3.84399e-05
3.70489e-05
3.56754e-05
3.43205e-05
3.29852e-05
3.16705e-05
3.03776e-05
2.91072e-05
2.78605e-05
2.66383e-05
2.54415e-05
2.4271e-05
2.31275e-05
2.20118e-05
2.09246e-05
1.98666e-05
1.88383e-05
1.78403e-05
1.6873e-05
1.59367e-05
1.50318e-05
1.41586e-05
1.33172e-05
1.25077e-05
1.17301e-05
1.09844e-05
1.02704e-05
9.58799e-06
8.93677e-06
8.31645e-06
7.72658e-06
7.16667e-06
6.63617e-06
6.13446e-06
5.66086e-06
5.21466e-06
4.79507e-06
4.40128e-06
4.03244e-06
3.68768e-06
4.64026e-05
4.4919e-05
4.34474e-05
4.1989e-05
4.05448e-05
3.9116e-05
3.77036e-05
3.63089e-05
3.49328e-05
3.35765e-05
3.22409e-05
3.09272e-05
2.96362e-05
2.83691e-05
2.71267e-05
2.591e-05
2.47198e-05
2.35569e-05
2.24221e-05
2.13161e-05
2.02396e-05
1.91931e-05
1.81773e-05
1.71925e-05
1.62393e-05
1.53178e-05
1.44284e-05
1.35712e-05
1.27465e-05
1.19541e-05
1.1194e-05
1.04662e-05
9.77032e-06
9.10623e-06
8.47353e-06
7.87179e-06
7.30052e-06
6.75918e-06
6.24714e-06
5.76372e-06
5.30822e-06
4.87984e-06
4.47777e-06
4.10117e-06
4.84175e-05
4.69044e-05
4.54023e-05
4.39124e-05
4.24358e-05
4.09736e-05
3.9527e-05
3.80971e-05
3.66849e-05
3.52917e-05
3.39185e-05
3.25663e-05
3.12362e-05
2.99292e-05
2.86464e-05
2.73886e-05
2.61568e-05
2.49519e-05
2.37747e-05
2.2626e-05
2.15065e-05
2.04168e-05
1.93577e-05
1.83296e-05
1.7333e-05
1.63683e-05
1.54359e-05
1.45361e-05
1.36689e-05
1.28346e-05
1.20331e-05
1.12645e-05
1.05285e-05
9.82496e-06
9.15364e-06
8.51415e-06
7.90608e-06
7.32891e-06
6.78209e-06
6.265e-06
5.77695e-06
5.31721e-06
4.88499e-06
4.47947e-06
5.01892e-05
4.86506e-05
4.71222e-05
4.5605e-05
4.41004e-05
4.26093e-05
4.1133e-05
3.96726e-05
3.82292e-05
3.6804e-05
3.5398e-05
3.40124e-05
3.26483e-05
3.13066e-05
2.99885e-05
2.8695e-05
2.7427e-05
2.61854e-05
2.49711e-05
2.37851e-05
2.2628e-05
2.15005e-05
2.04035e-05
1.93374e-05
1.83029e-05
1.73003e-05
1.63302e-05
1.53928e-05
1.44884e-05
1.36172e-05
1.27793e-05
1.19746e-05
1.12032e-05
1.04649e-05
9.7595e-06
9.08666e-06
8.44603e-06
7.83717e-06
7.25956e-06
6.71262e-06
6.19571e-06
5.70814e-06
5.24913e-06
4.81791e-06
5.17046e-05
5.01445e-05
4.85939e-05
4.70538e-05
4.55255e-05
4.401e-05
4.25087e-05
4.10225e-05
3.95527e-05
3.81004e-05
3.66667e-05
3.52529e-05
3.38599e-05
3.24888e-05
3.11409e-05
2.9817e-05
2.85182e-05
2.72455e-05
2.59997e-05
2.47819e-05
2.35928e-05
2.24332e-05
2.13038e-05
2.02054e-05
1.91385e-05
1.81036e-05
1.71012e-05
1.61317e-05
1.51955e-05
1.42927e-05
1.34236e-05
1.25881e-05
1.17864e-05
1.10183e-05
1.02836e-05
9.58208e-06
8.91347e-06
8.27735e-06
7.67324e-06
7.10061e-06
6.55884e-06
6.04726e-06
5.56516e-06
5.11175e-06
5.29495e-05
5.1372e-05
4.98034e-05
4.82447e-05
4.66972e-05
4.5162e-05
4.36402e-05
4.21331e-05
4.06418e-05
3.91675e-05
3.77113e-05
3.62744e-05
3.48579e-05
3.34629e-05
3.20906e-05
3.07419e-05
2.9418e-05
2.81198e-05
2.68484e-05
2.56046e-05
2.43893e-05
2.32034e-05
2.20476e-05
2.09226e-05
1.98291e-05
1.87677e-05
1.77389e-05
1.67431e-05
1.57807e-05
1.4852e-05
1.39572e-05
1.30964e-05
1.22697e-05
1.1477e-05
1.07182e-05
9.99309e-06
9.30141e-06
8.64279e-06
8.01681e-06
7.42294e-06
6.86062e-06
6.3292e-06
5.82798e-06
5.35621e-06
5.39088e-05
5.23181e-05
5.07357e-05
4.91629e-05
4.76007e-05
4.60504e-05
4.45131e-05
4.299e-05
4.14823e-05
3.99911e-05
3.85177e-05
3.70631e-05
3.56286e-05
3.42153e-05
3.28243e-05
3.14567e-05
3.01135e-05
2.87958e-05
2.75046e-05
2.62409e-05
2.50055e-05
2.37994e-05
2.26232e-05
2.14779e-05
2.0364e-05
1.92822e-05
1.8233e-05
1.7217e-05
1.62344e-05
1.52857e-05
1.43711e-05
1.34908e-05
1.26448e-05
1.18331e-05
1.10557e-05
1.03123e-05
9.60281e-06
8.9268e-06
8.28388e-06
7.67358e-06
7.09534e-06
6.54855e-06
6.03252e-06
5.54651e-06
5.45665e-05
5.29667e-05
5.13751e-05
4.97925e-05
4.82204e-05
4.66598e-05
4.51119e-05
4.35779e-05
4.2059e-05
4.05564e-05
3.90712e-05
3.76046e-05
3.61578e-05
3.4732e-05
3.33282e-05
3.19476e-05
3.05913e-05
2.92603e-05
2.79556e-05
2.66783e-05
2.54292e-05
2.42092e-05
2.30191e-05
2.18598e-05
2.0732e-05
1.96362e-05
1.85731e-05
1.75431e-05
1.65468e-05
1.55844e-05
1.46562e-05
1.37625e-05
1.29032e-05
1.20785e-05
1.12883e-05
1.05324e-05
9.81067e-06
9.1227e-06
8.46815e-06
7.84655e-06
7.25736e-06
6.69999e-06
6.17376e-06
5.67794e-06
5.49046e-05
5.33003e-05
5.17038e-05
5.01164e-05
4.85391e-05
4.69733e-05
4.54199e-05
4.38804e-05
4.23557e-05
4.08472e-05
3.9356e-05
3.78833e-05
3.64302e-05
3.49979e-05
3.35876e-05
3.22004e-05
3.08373e-05
2.94995e-05
2.81879e-05
2.69035e-05
2.56474e-05
2.44203e-05
2.32231e-05
2.20566e-05
2.09216e-05
1.98186e-05
1.87483e-05
1.77112e-05
1.67078e-05
1.57384e-05
1.48032e-05
1.39026e-05
1.30365e-05
1.22051e-05
1.14083e-05
1.0646e-05
9.91794e-06
9.22382e-06
8.56327e-06
7.93585e-06
7.34102e-06
6.7782e-06
6.24671e-06
5.74583e-06
)
;

boundaryField
{
    down
    {
        type            symmetryPlane;
    }
    right
    {
        type            fixedValue;
        value           nonuniform List<scalar> 0();
    }
    up
    {
        type            symmetryPlane;
    }
    left
    {
        type            zeroGradient;
    }
    cylinder
    {
        type            zeroGradient;
    }
    frontAndBack
    {
        type            empty;
    }
    procBoundary10to5
    {
        type            processor;
        value           nonuniform List<scalar> 2(-0.000794665 -0.000761465);
    }
    procBoundary10to6
    {
        type            processor;
        value           nonuniform List<scalar> 
72
(
-0.000174225
-0.00016319
-0.000152599
-0.000142455
-0.00013558
-0.00013558
-0.00012643
-0.000117701
-0.000109391
-0.000101496
-9.40138e-05
-8.69358e-05
-8.02546e-05
-7.39611e-05
-6.80451e-05
-6.24952e-05
-5.72995e-05
-5.24452e-05
-4.7919e-05
-4.37072e-05
-3.97957e-05
-3.61703e-05
-3.28167e-05
-2.97206e-05
-2.68677e-05
-2.42441e-05
-2.18361e-05
-1.96301e-05
-1.76131e-05
-1.57726e-05
-1.40964e-05
-1.25729e-05
-1.11908e-05
-9.93947e-06
-8.80888e-06
-7.7894e-06
-6.87194e-06
-6.04793e-06
-5.30934e-06
-4.64864e-06
-4.0588e-06
-3.53322e-06
-3.06602e-06
-2.65103e-06
-2.28481e-06
-0.000798561
-0.00076775
-0.00073682
-0.000705908
-0.000675174
-0.00064475
-0.000614746
-0.000585262
-0.000556389
-0.000528208
-0.000500786
-0.000474183
-0.000448445
-0.000423609
-0.000399704
-0.000376751
-0.000354759
-0.000333735
-0.000313676
-0.000294575
-0.000276418
-0.000259189
-0.000242866
-0.000227426
-0.00021284
-0.000199081
-0.000186118
)
;
    }
    procBoundary10to9
    {
        type            processor;
        value           nonuniform List<scalar> 
73
(
-0.000729479
-0.000698659
-0.000668971
-0.00064038
-0.000612849
-0.000586337
-0.000560806
-0.00053622
-0.000512543
-0.000489739
-0.000467776
-0.00044662
-0.00042624
-0.000406606
-0.000387687
-0.000369457
-0.000351887
-0.000334951
-0.000318957
-0.00030369
-0.000288661
-0.000273875
-0.000259336
-0.000245049
-0.000231017
-0.000217244
-0.000203733
-0.000190486
-0.000177505
-0.000164794
-0.000152354
-0.000140186
-0.000128292
-0.000116673
-0.00010533
-9.42626e-05
-8.34722e-05
-7.29586e-05
-6.27217e-05
-5.27612e-05
-4.30768e-05
-3.3668e-05
-2.45341e-05
-1.56746e-05
-7.08851e-06
1.22479e-06
9.26615e-06
1.70363e-05
2.45361e-05
3.1766e-05
3.87268e-05
4.54188e-05
5.18424e-05
5.79977e-05
6.38845e-05
6.95024e-05
7.48508e-05
7.99286e-05
8.47342e-05
8.92657e-05
9.35207e-05
9.7496e-05
0.000101188
0.000104591
0.000107702
0.000110512
0.000113014
0.0001152
0.000117059
0.000118579
0.000119746
0.000120543
0.000120953
)
;
    }
    procBoundary10to11
    {
        type            processor;
        value           nonuniform List<scalar> 
74
(
-2.32508e-06
-2.68402e-06
-3.03622e-06
-3.38104e-06
-3.71726e-06
-4.04446e-06
-4.36215e-06
-4.66978e-06
-4.96685e-06
-5.25288e-06
-5.52742e-06
-5.79008e-06
-6.04049e-06
-6.27831e-06
-6.50325e-06
-6.71505e-06
-6.91349e-06
-7.09837e-06
-7.26952e-06
-7.42357e-06
-7.56283e-06
-7.6914e-06
-7.80852e-06
-7.91337e-06
-8.00512e-06
-8.08295e-06
-8.14604e-06
-8.19358e-06
-8.22477e-06
-8.23882e-06
-8.23497e-06
-8.21248e-06
-8.17065e-06
-8.10883e-06
-8.02638e-06
-7.92277e-06
-7.79749e-06
-7.65011e-06
-7.4803e-06
-7.28778e-06
-7.0724e-06
-6.8341e-06
-6.57292e-06
-6.28904e-06
-5.98275e-06
-5.65449e-06
-5.30484e-06
-4.93452e-06
-4.54443e-06
-4.13562e-06
-3.70932e-06
-3.26694e-06
-2.81007e-06
-2.3405e-06
-1.86022e-06
-1.37138e-06
-8.76378e-07
-3.77781e-07
1.2163e-07
6.18877e-07
1.11079e-06
1.59399e-06
2.06494e-06
2.5199e-06
2.95498e-06
3.36614e-06
3.74918e-06
4.09982e-06
4.41366e-06
4.68625e-06
4.91311e-06
5.08975e-06
5.21178e-06
5.27482e-06
)
;
    }
}


// ************************************************************************* //
