/*--------------------------------*- C++ -*----------------------------------*\
| =========                 |                                                 |
| \\      /  F ield         | OpenFOAM: The Open Source CFD Toolbox           |
|  \\    /   O peration     | Version:  2412                                  |
|   \\  /    A nd           | Website:  www.openfoam.com                      |
|    \\/     M anipulation  |                                                 |
\*---------------------------------------------------------------------------*/
FoamFile
{
    version     2.0;
    format      ascii;
    arch        "LSB;label=32;scalar=64";
    class       volScalarField;
    location    "8.5";
    object      p;
}
// * * * * * * * * * * * * * * * * * * * * * * * * * * * * * * * * * * * * * //

dimensions      [0 2 -2 0 0 0 0];

internalField   nonuniform List<scalar> 
5285
(
-0.000131166
-0.000126462
-0.000121902
-0.000117483
-0.000129953
-0.000125321
-0.000120825
-0.000116463
-0.000112234
-0.000108137
-0.000104168
-0.000100327
-9.661e-05
-9.3015e-05
-8.95392e-05
-8.61796e-05
-8.29334e-05
-7.97974e-05
-7.67684e-05
-7.38431e-05
-7.10185e-05
-6.82912e-05
-6.56578e-05
-6.31151e-05
-6.06599e-05
-5.82889e-05
-5.5999e-05
-5.3787e-05
-5.16499e-05
-4.9585e-05
-4.75894e-05
-4.56604e-05
-4.37955e-05
-4.19923e-05
-4.02484e-05
-3.85618e-05
-3.69304e-05
-3.53521e-05
-3.38252e-05
-3.23479e-05
-3.09187e-05
-2.9536e-05
-2.81984e-05
-2.69046e-05
-2.56533e-05
-2.44435e-05
-2.32737e-05
-2.2144e-05
-0.000128529
-0.00012398
-0.000119559
-0.000115265
-0.000111097
-0.000107054
-0.000103135
-9.93379e-05
-9.56607e-05
-9.21013e-05
-8.86573e-05
-8.53262e-05
-8.21055e-05
-7.89923e-05
-7.59839e-05
-7.30774e-05
-7.02697e-05
-6.75579e-05
-6.49389e-05
-6.24097e-05
-5.99671e-05
-5.76082e-05
-5.533e-05
-5.31294e-05
-5.10037e-05
-4.895e-05
-4.69656e-05
-4.50481e-05
-4.31948e-05
-4.14034e-05
-3.96717e-05
-3.79975e-05
-3.63787e-05
-3.48133e-05
-3.32996e-05
-3.18359e-05
-3.04204e-05
-2.90517e-05
-2.77282e-05
-2.64487e-05
-2.52119e-05
-2.40167e-05
-2.28615e-05
-2.17465e-05
-0.000126904
-0.000122447
-0.00011811
-0.000113892
-0.000109795
-0.000105816
-0.000101955
-9.82107e-05
-9.45814e-05
-9.10654e-05
-8.76608e-05
-8.43654e-05
-8.1177e-05
-7.80932e-05
-7.51116e-05
-7.22296e-05
-6.94444e-05
-6.67534e-05
-6.41537e-05
-6.16425e-05
-5.9217e-05
-5.68742e-05
-5.46114e-05
-5.24258e-05
-5.03147e-05
-4.82753e-05
-4.63051e-05
-4.44015e-05
-4.25623e-05
-4.0785e-05
-3.90675e-05
-3.74075e-05
-3.58031e-05
-3.42524e-05
-3.27534e-05
-3.13045e-05
-2.99041e-05
-2.85505e-05
-2.72423e-05
-2.59782e-05
-2.47568e-05
-2.3577e-05
-2.24373e-05
-2.13377e-05
-0.000125085
-0.000120729
-0.000116485
-0.000112353
-0.000108334
-0.000104428
-0.000100633
-9.69494e-05
-9.33756e-05
-8.99103e-05
-8.65521e-05
-8.32992e-05
-8.01497e-05
-7.71016e-05
-7.41527e-05
-7.13008e-05
-6.85435e-05
-6.58783e-05
-6.33027e-05
-6.08141e-05
-5.84098e-05
-5.60871e-05
-5.38435e-05
-5.16763e-05
-4.9583e-05
-4.75609e-05
-4.56076e-05
-4.37207e-05
-4.1898e-05
-4.0137e-05
-3.84357e-05
-3.67919e-05
-3.52037e-05
-3.36692e-05
-3.21865e-05
-3.07539e-05
-2.93698e-05
-2.80326e-05
-2.67408e-05
-2.5493e-05
-2.4288e-05
-2.31245e-05
-2.20011e-05
-2.09177e-05
-0.000123083
-0.000118835
-0.000114692
-0.000110654
-0.000106721
-0.000102895
-9.91738e-05
-9.55581e-05
-9.20469e-05
-8.86394e-05
-8.53342e-05
-8.21302e-05
-7.90258e-05
-7.60193e-05
-7.31088e-05
-7.02925e-05
-6.75682e-05
-6.49337e-05
-6.23868e-05
-5.9925e-05
-5.7546e-05
-5.52474e-05
-5.30266e-05
-5.08812e-05
-4.88088e-05
-4.6807e-05
-4.48734e-05
-4.30058e-05
-4.12019e-05
-3.94594e-05
-3.77764e-05
-3.61508e-05
-3.45806e-05
-3.30639e-05
-3.15989e-05
-3.0184e-05
-2.88175e-05
-2.74979e-05
-2.62236e-05
-2.49933e-05
-2.38056e-05
-2.26594e-05
-2.15531e-05
-2.04865e-05
-0.000120906
-0.000116774
-0.000112739
-0.000108802
-0.000104962
-0.000101223
-9.75823e-05
-9.40413e-05
-9.05994e-05
-8.72559e-05
-8.40102e-05
-8.08611e-05
-7.78076e-05
-7.48483e-05
-7.19817e-05
-6.92061e-05
-6.65197e-05
-6.39206e-05
-6.14068e-05
-5.89761e-05
-5.66265e-05
-5.43555e-05
-5.21611e-05
-5.00409e-05
-4.79925e-05
-4.60139e-05
-4.41028e-05
-4.22569e-05
-4.04742e-05
-3.87525e-05
-3.70898e-05
-3.54842e-05
-3.39337e-05
-3.24365e-05
-3.09909e-05
-2.95951e-05
-2.82475e-05
-2.69466e-05
-2.5691e-05
-2.44791e-05
-2.33097e-05
-2.21815e-05
-2.10932e-05
-2.00444e-05
-0.000118565
-0.000114555
-0.000110634
-0.000106803
-0.000103064
-9.94174e-05
-9.58639e-05
-9.24038e-05
-8.90372e-05
-8.57638e-05
-8.25832e-05
-7.94948e-05
-7.64977e-05
-7.35909e-05
-7.07732e-05
-6.80432e-05
-6.53995e-05
-6.28402e-05
-6.03638e-05
-5.79684e-05
-5.56519e-05
-5.34123e-05
-5.12476e-05
-4.91557e-05
-4.71346e-05
-4.5182e-05
-4.32959e-05
-4.14743e-05
-3.97151e-05
-3.80164e-05
-3.6376e-05
-3.47923e-05
-3.32633e-05
-3.17872e-05
-3.03624e-05
-2.89871e-05
-2.76597e-05
-2.63788e-05
-2.51429e-05
-2.39505e-05
-2.28004e-05
-2.16912e-05
-2.06216e-05
-1.95912e-05
-0.000116069
-0.000112187
-0.000108385
-0.000104667
-0.000101033
-9.74852e-05
-9.40242e-05
-9.06507e-05
-8.73649e-05
-8.41671e-05
-8.10571e-05
-7.80346e-05
-7.5099e-05
-7.22497e-05
-6.94857e-05
-6.68059e-05
-6.42092e-05
-6.16942e-05
-5.92592e-05
-5.69028e-05
-5.46231e-05
-5.24185e-05
-5.02869e-05
-4.82265e-05
-4.62354e-05
-4.43117e-05
-4.24533e-05
-4.06584e-05
-3.8925e-05
-3.72513e-05
-3.56353e-05
-3.40754e-05
-3.25696e-05
-3.11162e-05
-2.97136e-05
-2.83602e-05
-2.70544e-05
-2.57947e-05
-2.45796e-05
-2.34077e-05
-2.22777e-05
-2.11885e-05
-2.01384e-05
-1.91273e-05
-0.000113429
-0.000109678
-0.000106001
-0.0001024
-9.88764e-05
-9.54324e-05
-9.2069e-05
-8.8787e-05
-8.55872e-05
-8.247e-05
-7.94355e-05
-7.64837e-05
-7.36144e-05
-7.08272e-05
-6.81214e-05
-6.54963e-05
-6.29508e-05
-6.0484e-05
-5.80944e-05
-5.57807e-05
-5.35415e-05
-5.1375e-05
-4.92797e-05
-4.72539e-05
-4.52957e-05
-4.34035e-05
-4.15754e-05
-3.98095e-05
-3.81042e-05
-3.64576e-05
-3.4868e-05
-3.33336e-05
-3.18527e-05
-3.04237e-05
-2.90449e-05
-2.77147e-05
-2.64317e-05
-2.51943e-05
-2.40011e-05
-2.28508e-05
-2.1742e-05
-2.06735e-05
-1.96439e-05
-1.86527e-05
-0.000110653
-0.000107038
-0.000103489
-0.00010001
-9.66011e-05
-9.32654e-05
-9.00041e-05
-8.68183e-05
-8.3709e-05
-8.06768e-05
-7.77224e-05
-7.48458e-05
-7.20472e-05
-6.93264e-05
-6.6683e-05
-6.41166e-05
-6.16263e-05
-5.92114e-05
-5.68709e-05
-5.46035e-05
-5.2408e-05
-5.0283e-05
-4.82271e-05
-4.62387e-05
-4.43163e-05
-4.24581e-05
-4.06627e-05
-3.89283e-05
-3.72532e-05
-3.56358e-05
-3.40744e-05
-3.25673e-05
-3.1113e-05
-2.97098e-05
-2.83563e-05
-2.70507e-05
-2.57917e-05
-2.45779e-05
-2.34077e-05
-2.228e-05
-2.11932e-05
-2.01464e-05
-1.9138e-05
-1.81676e-05
-0.000107752
-0.000104276
-0.000100859
-9.75044e-05
-9.42143e-05
-9.09907e-05
-8.78354e-05
-8.47498e-05
-8.17351e-05
-7.87922e-05
-7.59218e-05
-7.31245e-05
-7.04006e-05
-6.77502e-05
-6.51731e-05
-6.26691e-05
-6.02378e-05
-5.78785e-05
-5.55904e-05
-5.33727e-05
-5.12241e-05
-4.91437e-05
-4.71301e-05
-4.51819e-05
-4.32978e-05
-4.14763e-05
-3.97159e-05
-3.80151e-05
-3.63724e-05
-3.47862e-05
-3.32548e-05
-3.17769e-05
-3.03508e-05
-2.89751e-05
-2.76481e-05
-2.63685e-05
-2.51348e-05
-2.39457e-05
-2.27996e-05
-2.16954e-05
-2.06317e-05
-1.96074e-05
-1.8621e-05
-1.76721e-05
-0.000104736
-0.0001014
-9.81179e-05
-9.48915e-05
-9.1723e-05
-8.86148e-05
-8.55691e-05
-8.25872e-05
-7.96707e-05
-7.68206e-05
-7.40381e-05
-7.13237e-05
-6.86782e-05
-6.61017e-05
-6.35945e-05
-6.11566e-05
-5.87876e-05
-5.64872e-05
-5.42548e-05
-5.20898e-05
-4.99913e-05
-4.79583e-05
-4.59897e-05
-4.40845e-05
-4.22412e-05
-4.04588e-05
-3.87358e-05
-3.70708e-05
-3.54625e-05
-3.39093e-05
-3.24099e-05
-3.09628e-05
-2.95665e-05
-2.82197e-05
-2.69208e-05
-2.56684e-05
-2.44612e-05
-2.32979e-05
-2.2177e-05
-2.10973e-05
-2.00576e-05
-1.90566e-05
-1.8093e-05
-1.71664e-05
-0.000101612
-9.84199e-05
-9.52745e-05
-9.21785e-05
-8.91342e-05
-8.61443e-05
-8.3211e-05
-8.0336e-05
-7.75208e-05
-7.47669e-05
-7.20754e-05
-6.94473e-05
-6.68834e-05
-6.43842e-05
-6.19502e-05
-5.95814e-05
-5.7278e-05
-5.50396e-05
-5.2866e-05
-5.07567e-05
-4.8711e-05
-4.67282e-05
-4.48073e-05
-4.29475e-05
-4.11476e-05
-3.94065e-05
-3.7723e-05
-3.60959e-05
-3.4524e-05
-3.30058e-05
-3.15401e-05
-3.01254e-05
-2.87605e-05
-2.7444e-05
-2.61745e-05
-2.49507e-05
-2.37713e-05
-2.26348e-05
-2.15401e-05
-2.0486e-05
-1.9471e-05
-1.84943e-05
-1.75543e-05
-1.66506e-05
-9.83918e-05
-9.53437e-05
-9.23367e-05
-8.9373e-05
-8.64551e-05
-8.35857e-05
-8.07673e-05
-7.80017e-05
-7.52905e-05
-7.26355e-05
-7.0038e-05
-6.74991e-05
-6.50199e-05
-6.2601e-05
-6.02431e-05
-5.79465e-05
-5.57114e-05
-5.3538e-05
-5.14259e-05
-4.93751e-05
-4.73849e-05
-4.54548e-05
-4.35842e-05
-4.17722e-05
-4.00179e-05
-3.83203e-05
-3.66785e-05
-3.50913e-05
-3.35576e-05
-3.20762e-05
-3.06458e-05
-2.92653e-05
-2.79333e-05
-2.66485e-05
-2.54098e-05
-2.42157e-05
-2.30652e-05
-2.19567e-05
-2.08893e-05
-1.98615e-05
-1.88724e-05
-1.79206e-05
-1.7005e-05
-1.6125e-05
-9.50828e-05
-9.218e-05
-8.93123e-05
-8.64823e-05
-8.36923e-05
-8.09454e-05
-7.82439e-05
-7.55898e-05
-7.29851e-05
-7.04314e-05
-6.79304e-05
-6.54833e-05
-6.30913e-05
-6.07553e-05
-5.84762e-05
-5.62545e-05
-5.40905e-05
-5.19846e-05
-4.99367e-05
-4.79468e-05
-4.60146e-05
-4.41398e-05
-4.23217e-05
-4.05597e-05
-3.88532e-05
-3.72013e-05
-3.56032e-05
-3.40578e-05
-3.25641e-05
-3.11212e-05
-2.97278e-05
-2.83829e-05
-2.70852e-05
-2.58336e-05
-2.46269e-05
-2.34639e-05
-2.23433e-05
-2.1264e-05
-2.02247e-05
-1.92244e-05
-1.82618e-05
-1.73359e-05
-1.64454e-05
-1.55898e-05
-9.16939e-05
-8.89367e-05
-8.62091e-05
-8.35136e-05
-8.08528e-05
-7.82297e-05
-7.56467e-05
-7.31059e-05
-7.06095e-05
-6.81592e-05
-6.57568e-05
-6.34037e-05
-6.11013e-05
-5.88507e-05
-5.66527e-05
-5.45083e-05
-5.24178e-05
-5.03818e-05
-4.84005e-05
-4.64739e-05
-4.4602e-05
-4.27846e-05
-4.10212e-05
-3.93115e-05
-3.76548e-05
-3.60505e-05
-3.44979e-05
-3.29961e-05
-3.15443e-05
-3.01415e-05
-2.87867e-05
-2.74789e-05
-2.6217e-05
-2.49998e-05
-2.38264e-05
-2.26955e-05
-2.1606e-05
-2.05568e-05
-1.95468e-05
-1.85747e-05
-1.76396e-05
-1.67403e-05
-1.58757e-05
-1.50452e-05
-8.82335e-05
-8.56218e-05
-8.30345e-05
-8.04741e-05
-7.79432e-05
-7.54448e-05
-7.29815e-05
-7.05554e-05
-6.81688e-05
-6.58237e-05
-6.35217e-05
-6.12646e-05
-5.90537e-05
-5.68904e-05
-5.47758e-05
-5.27107e-05
-5.0696e-05
-4.87321e-05
-4.68195e-05
-4.49584e-05
-4.31489e-05
-4.13909e-05
-3.96843e-05
-3.80288e-05
-3.64238e-05
-3.4869e-05
-3.33637e-05
-3.19073e-05
-3.04989e-05
-2.91378e-05
-2.78231e-05
-2.65538e-05
-2.5329e-05
-2.41476e-05
-2.30087e-05
-2.19111e-05
-2.08538e-05
-1.98357e-05
-1.88558e-05
-1.79129e-05
-1.7006e-05
-1.61342e-05
-1.52961e-05
-1.44914e-05
-8.47097e-05
-8.2243e-05
-7.97958e-05
-7.73706e-05
-7.49699e-05
-7.25968e-05
-7.0254e-05
-6.79437e-05
-6.56681e-05
-6.34294e-05
-6.12293e-05
-5.90698e-05
-5.69522e-05
-5.48781e-05
-5.28486e-05
-5.08648e-05
-4.89277e-05
-4.70378e-05
-4.51959e-05
-4.34022e-05
-4.16571e-05
-3.99605e-05
-3.83126e-05
-3.6713e-05
-3.51616e-05
-3.3658e-05
-3.22018e-05
-3.07923e-05
-2.94289e-05
-2.8111e-05
-2.68377e-05
-2.56083e-05
-2.44219e-05
-2.32775e-05
-2.21742e-05
-2.1111e-05
-2.00869e-05
-1.91009e-05
-1.8152e-05
-1.72392e-05
-1.63614e-05
-1.55177e-05
-1.4707e-05
-1.39286e-05
-8.11303e-05
-7.88078e-05
-7.65001e-05
-7.42096e-05
-7.19392e-05
-6.96918e-05
-6.74699e-05
-6.52761e-05
-6.31124e-05
-6.09811e-05
-5.88842e-05
-5.68234e-05
-5.48006e-05
-5.28171e-05
-5.08744e-05
-4.89735e-05
-4.71157e-05
-4.53016e-05
-4.35321e-05
-4.18076e-05
-4.01285e-05
-3.84951e-05
-3.69075e-05
-3.53657e-05
-3.38695e-05
-3.24187e-05
-3.10131e-05
-2.9652e-05
-2.83351e-05
-2.70618e-05
-2.58314e-05
-2.46432e-05
-2.34964e-05
-2.23901e-05
-2.13236e-05
-2.02958e-05
-1.93059e-05
-1.8353e-05
-1.7436e-05
-1.6554e-05
-1.57061e-05
-1.48913e-05
-1.41085e-05
-1.33572e-05
-0.000423736
-0.000405747
-0.000388267
-0.000371331
-0.000354986
-0.000339258
-0.000324154
-0.000309677
-0.000295826
-0.000282597
-0.000269979
-0.00025796
-0.000246524
-0.000235652
-0.000225326
-0.000215525
-0.000206227
-0.00019741
-0.000189053
-0.000181133
-0.000173629
-0.00016652
-0.000159784
-0.000153403
-0.000147355
-0.000141623
-0.000136189
-0.00040815
-0.000391557
-0.00037537
-0.000359627
-0.000344382
-0.000329663
-0.000315481
-0.000301846
-0.00028876
-0.000276225
-0.000264236
-0.000252784
-0.000241858
-0.000231445
-0.00022153
-0.000212096
-0.000203127
-0.000194603
-0.000186507
-0.000178818
-0.00017152
-0.000164592
-0.000158017
-0.000151777
-0.000145854
-0.000140232
-0.000134894
-0.000392518
-0.000377247
-0.000362291
-0.000347691
-0.000333504
-0.00031976
-0.000306476
-0.000293662
-0.000281328
-0.000269479
-0.000258113
-0.000247227
-0.000236814
-0.000226865
-0.000217369
-0.000208312
-0.000199681
-0.000191462
-0.000183638
-0.000176193
-0.000169113
-0.000162379
-0.000155978
-0.000149892
-0.000144106
-0.000138606
-0.000133377
-0.000376899
-0.000362877
-0.000349091
-0.000335584
-0.000322412
-0.00030961
-0.000297193
-0.00028518
-0.000273582
-0.000262406
-0.000251657
-0.000241334
-0.000231433
-0.00022195
-0.000212876
-0.000204203
-0.000195918
-0.000188011
-0.000180469
-0.000173279
-0.000166427
-0.000159899
-0.000153682
-0.000147762
-0.000142125
-0.000136758
-0.000131648
-0.000361347
-0.000348505
-0.00033583
-0.000323364
-0.000311163
-0.000299263
-0.000287686
-0.000276448
-0.000265567
-0.000255052
-0.000244909
-0.000235142
-0.000225751
-0.000216733
-0.000208084
-0.000199797
-0.000191864
-0.000184277
-0.000177025
-0.000170097
-0.000163482
-0.000157169
-0.000151146
-0.000145401
-0.000139922
-0.000134698
-0.000129716
-0.000345912
-0.000334182
-0.000322557
-0.000311078
-0.000299803
-0.00028877
-0.000278
-0.000267513
-0.000257328
-0.000247457
-0.000237909
-0.00022869
-0.000219803
-0.000211248
-0.000203023
-0.000195124
-0.000187546
-0.000180282
-0.000173325
-0.000166666
-0.000160296
-0.000154206
-0.000148385
-0.000142823
-0.000137511
-0.000132437
-0.000127593
-0.000330629
-0.000319945
-0.000309311
-0.00029877
-0.000288377
-0.000278173
-0.000268178
-0.000258415
-0.000248905
-0.00023966
-0.000230694
-0.000222013
-0.000213622
-0.000205525
-0.000197722
-0.00019021
-0.000182988
-0.000176051
-0.000169393
-0.000163007
-0.000156887
-0.000151025
-0.000145413
-0.000140042
-0.000134903
-0.000129988
-0.000125288
-0.000315531
-0.000305829
-0.000296131
-0.000286478
-0.000276925
-0.000267511
-0.000258259
-0.000249194
-0.000240335
-0.000231698
-0.000223298
-0.000215142
-0.00020724
-0.000199594
-0.000192208
-0.000185082
-0.000178216
-0.000171606
-0.000165248
-0.00015914
-0.000153274
-0.000147645
-0.000142247
-0.000137072
-0.000132112
-0.000127362
-0.000122812
-0.000300646
-0.000291866
-0.00028305
-0.000274236
-0.00026548
-0.000256819
-0.000248279
-0.000239883
-0.000231651
-0.000223603
-0.000215752
-0.00020811
-0.000200685
-0.000193483
-0.000186509
-0.000179765
-0.000173251
-0.000166968
-0.000160913
-0.000155082
-0.000149473
-0.000144081
-0.0001389
-0.000133926
-0.000129151
-0.00012457
-0.000120176
-0.000285995
-0.000278081
-0.000270094
-0.000262073
-0.000254073
-0.00024613
-0.000238268
-0.000230513
-0.000222886
-0.000215406
-0.000208088
-0.000200944
-0.000193984
-0.000187217
-0.000180648
-0.000174281
-0.000168118
-0.000162159
-0.000156405
-0.000150853
-0.000145503
-0.000140349
-0.000135389
-0.000130618
-0.000126032
-0.000121625
-0.000117392
-0.0002716
-0.000264495
-0.000257289
-0.000250017
-0.000242732
-0.00023547
-0.000228256
-0.000221114
-0.000214067
-0.000207134
-0.00020033
-0.00019367
-0.000187164
-0.000180822
-0.00017465
-0.000168653
-0.000162835
-0.000157198
-0.000151743
-0.00014647
-0.000141378
-0.000136464
-0.000131727
-0.000127162
-0.000122767
-0.000118537
-0.000114468
-0.000257474
-0.000251129
-0.000244655
-0.000238089
-0.00023148
-0.000224865
-0.000218267
-0.000211711
-0.00020522
-0.000198812
-0.000192505
-0.000186313
-0.000180248
-0.000174319
-0.000168535
-0.000162902
-0.000157424
-0.000152105
-0.000146947
-0.00014195
-0.000137115
-0.000132442
-0.000127927
-0.000123571
-0.000119369
-0.000115318
-0.000111416
-0.000243632
-0.000237996
-0.00023221
-0.000226308
-0.000220338
-0.000214335
-0.000208323
-0.000202326
-0.000196367
-0.000190464
-0.000184635
-0.000178895
-0.000173257
-0.00016773
-0.000162325
-0.000157047
-0.000151903
-0.000146896
-0.000142031
-0.000137309
-0.00013273
-0.000128295
-0.000124005
-0.000119856
-0.000115848
-0.000111979
-0.000108246
-0.000230081
-0.000225109
-0.000219969
-0.000214691
-0.000209324
-0.000203901
-0.000198446
-0.000192981
-0.000187529
-0.00018211
-0.000176741
-0.000171437
-0.000166211
-0.000161075
-0.000156037
-0.000151107
-0.000146289
-0.00014159
-0.000137013
-0.000132561
-0.000128236
-0.000124039
-0.000119971
-0.000116031
-0.000112218
-0.000108531
-0.000104967
-0.00021683
-0.000212478
-0.000207942
-0.000203252
-0.000198454
-0.000193579
-0.000188651
-0.000183692
-0.000178725
-0.000173769
-0.000168841
-0.000163956
-0.000159129
-0.00015437
-0.000149691
-0.000145098
-0.000140599
-0.000136201
-0.000131907
-0.000127722
-0.000123648
-0.000119686
-0.000115839
-0.000112106
-0.000108488
-0.000104983
-0.000101591
-0.000203883
-0.000200111
-0.000196141
-0.000192002
-0.000187739
-0.000183383
-0.000178954
-0.000174477
-0.000169971
-0.000165457
-0.000160952
-0.000156471
-0.000152027
-0.000147634
-0.0001433
-0.000139036
-0.000134848
-0.000130744
-0.000126728
-0.000122805
-0.000118977
-0.000115249
-0.00011162
-0.000108094
-0.000104669
-0.000101346
-9.81249e-05
-0.000191244
-0.000188012
-0.000184572
-0.000180951
-0.000177192
-0.000173324
-0.000169369
-0.000165348
-0.000161282
-0.00015719
-0.000153089
-0.000148995
-0.000144922
-0.00014088
-0.000136882
-0.000132936
-0.000129051
-0.000125233
-0.000121489
-0.000117822
-0.000114238
-0.000110739
-0.000107327
-0.000104004
-0.000100771
-9.76299e-05
-9.45793e-05
-0.000178914
-0.000176185
-0.000173241
-0.000170106
-0.000166821
-0.000163414
-0.000159907
-0.000156318
-0.00015267
-0.000148981
-0.000145267
-0.000141544
-0.000137825
-0.000134123
-0.000130449
-0.000126812
-0.000123221
-0.000119682
-0.000116202
-0.000112787
-0.000109441
-0.000106167
-0.000102968
-9.9847e-05
-9.68051e-05
-9.38434e-05
-9.09627e-05
-0.000166892
-0.000164633
-0.000162152
-0.000159473
-0.000156634
-0.000153662
-0.000150577
-0.000147398
-0.000144147
-0.000140841
-0.000137497
-0.000134129
-0.000130751
-0.000127376
-0.000124014
-0.000120676
-0.000117369
-0.000114101
-0.00011088
-0.00010771
-0.000104597
-0.000101544
-9.85553e-05
-9.56329e-05
-9.27792e-05
-8.99957e-05
-8.72835e-05
-0.000155177
-0.000153357
-0.000151309
-0.000149056
-0.000146635
-0.000144073
-0.000141387
-0.000138597
-0.000135723
-0.000132782
-0.00012979
-0.000126761
-0.000123711
-0.000120649
-0.000117589
-0.000114538
-0.000111507
-0.000108503
-0.000105533
-0.000102602
-9.9717e-05
-9.68808e-05
-9.40977e-05
-9.13708e-05
-8.87026e-05
-8.60951e-05
-8.35499e-05
-0.000144001
-0.000142581
-0.000140929
-0.000139067
-0.000137032
-0.000134847
-0.00013253
-0.000130101
-0.000127576
-0.000124975
-0.000122312
-0.000119602
-0.000116858
-0.000114092
-0.000111315
-0.000108537
-0.000105767
-0.000103013
-0.000100281
-9.7579e-05
-9.49112e-05
-9.22825e-05
-8.9697e-05
-8.71582e-05
-8.46688e-05
-8.22314e-05
-7.98475e-05
-0.000133232
-0.000132181
-0.000130896
-0.000129398
-0.00012772
-0.000125888
-0.000123916
-0.000121824
-0.000119628
-0.000117347
-0.000114994
-0.000112585
-0.000110131
-0.000107645
-0.000105139
-0.000102621
-0.0001001
-9.75855e-05
-9.50834e-05
-9.26006e-05
-9.01426e-05
-8.77143e-05
-8.53201e-05
-8.29636e-05
-8.0648e-05
-7.83761e-05
-7.61499e-05
-0.000122536
-0.000121835
-0.0001209
-0.00011975
-0.000118416
-0.000116921
-0.000115281
-0.000113515
-0.000111638
-0.000109666
-0.000107615
-0.000105498
-0.000103329
-0.000101117
-9.88756e-05
-9.66129e-05
-9.43382e-05
-9.20596e-05
-8.97843e-05
-8.75189e-05
-8.52692e-05
-8.30403e-05
-8.08367e-05
-7.86624e-05
-7.65207e-05
-7.44147e-05
-7.23467e-05
-0.000111921
-0.000111553
-0.000110951
-0.000110132
-0.000109126
-0.000107956
-0.000106636
-0.000105183
-0.000103613
-0.000101942
-0.000100184
-9.8352e-05
-9.64587e-05
-9.45154e-05
-9.25328e-05
-9.05205e-05
-8.84874e-05
-8.64414e-05
-8.439e-05
-8.23397e-05
-8.02964e-05
-7.82655e-05
-7.62515e-05
-7.42587e-05
-7.22908e-05
-7.03508e-05
-6.84415e-05
-0.000101396
-0.000101343
-0.000101057
-0.000100555
-9.98626e-05
-9.90029e-05
-9.79895e-05
-9.68382e-05
-9.55647e-05
-9.41838e-05
-9.27092e-05
-9.11537e-05
-8.95294e-05
-8.78474e-05
-8.61182e-05
-8.43511e-05
-8.25549e-05
-8.07378e-05
-7.89068e-05
-7.70689e-05
-7.52298e-05
-7.3395e-05
-7.15694e-05
-6.97573e-05
-6.79624e-05
-6.61882e-05
-6.44376e-05
-9.09681e-05
-9.12137e-05
-9.12282e-05
-9.10259e-05
-9.06332e-05
-9.00703e-05
-8.93507e-05
-8.84893e-05
-8.75011e-05
-8.64002e-05
-8.51998e-05
-8.39122e-05
-8.25493e-05
-8.11216e-05
-7.96394e-05
-7.8112e-05
-7.65481e-05
-7.49554e-05
-7.33414e-05
-7.17126e-05
-7.00751e-05
-6.84344e-05
-6.67955e-05
-6.51627e-05
-6.35401e-05
-6.19312e-05
-6.0339e-05
-8.06459e-05
-8.11731e-05
-8.14718e-05
-8.15549e-05
-8.1447e-05
-8.11674e-05
-8.07289e-05
-8.01455e-05
-7.94315e-05
-7.86003e-05
-7.76646e-05
-7.66364e-05
-7.55267e-05
-7.43462e-05
-7.31047e-05
-7.18112e-05
-7.04742e-05
-6.91015e-05
-6.77003e-05
-6.62774e-05
-6.48386e-05
-6.33896e-05
-6.19353e-05
-6.04803e-05
-5.90287e-05
-5.75842e-05
-5.61499e-05
-7.04366e-05
-7.12294e-05
-7.17967e-05
-7.21503e-05
-7.2313e-05
-7.23032e-05
-7.21331e-05
-7.18159e-05
-7.13649e-05
-7.07931e-05
-7.01126e-05
-6.93348e-05
-6.84704e-05
-6.75296e-05
-6.6522e-05
-6.54563e-05
-6.43408e-05
-6.31833e-05
-6.19908e-05
-6.07698e-05
-5.95266e-05
-5.82664e-05
-5.69945e-05
-5.57154e-05
-5.44333e-05
-5.31519e-05
-5.18748e-05
-6.03476e-05
-6.13901e-05
-6.22108e-05
-6.28203e-05
-6.32397e-05
-6.34866e-05
-6.35724e-05
-6.35094e-05
-6.33104e-05
-6.29877e-05
-6.25527e-05
-6.20163e-05
-6.13889e-05
-6.06803e-05
-5.98995e-05
-5.90553e-05
-5.81557e-05
-5.72082e-05
-5.62198e-05
-5.51969e-05
-5.41455e-05
-5.30712e-05
-5.1979e-05
-5.08736e-05
-4.97592e-05
-4.86395e-05
-4.75183e-05
-5.03859e-05
-5.16629e-05
-5.27222e-05
-5.35732e-05
-5.42357e-05
-5.47262e-05
-5.50554e-05
-5.5235e-05
-5.52769e-05
-5.51928e-05
-5.49936e-05
-5.46896e-05
-5.42908e-05
-5.38065e-05
-5.32456e-05
-5.26164e-05
-5.19268e-05
-5.11839e-05
-5.03947e-05
-4.95656e-05
-4.87023e-05
-4.78105e-05
-4.68951e-05
-4.59608e-05
-4.50119e-05
-4.40523e-05
-4.30855e-05
-4.05582e-05
-4.20549e-05
-4.33383e-05
-4.4417e-05
-4.53091e-05
-4.60304e-05
-4.65909e-05
-4.70014e-05
-4.72732e-05
-4.74174e-05
-4.74442e-05
-4.73635e-05
-4.71848e-05
-4.6917e-05
-4.65686e-05
-4.61477e-05
-4.56618e-05
-4.51181e-05
-4.45231e-05
-4.38831e-05
-4.32039e-05
-4.24909e-05
-4.17491e-05
-4.09832e-05
-4.01974e-05
-3.93957e-05
-3.85817e-05
-3.0871e-05
-3.25729e-05
-3.40665e-05
-3.53593e-05
-3.6468e-05
-3.74075e-05
-3.81872e-05
-3.88171e-05
-3.9308e-05
-3.967e-05
-3.99131e-05
-4.00466e-05
-4.00794e-05
-4.00201e-05
-3.98769e-05
-3.96574e-05
-3.9369e-05
-3.90185e-05
-3.86124e-05
-3.81568e-05
-3.76573e-05
-3.71193e-05
-3.65477e-05
-3.59471e-05
-3.53218e-05
-3.46757e-05
-3.40124e-05
-2.13303e-05
-2.32237e-05
-2.4914e-05
-2.64076e-05
-2.772e-05
-2.88655e-05
-2.98525e-05
-3.06906e-05
-3.13896e-05
-3.19594e-05
-3.2409e-05
-3.27474e-05
-3.29832e-05
-3.31243e-05
-3.31787e-05
-3.31537e-05
-3.30563e-05
-3.28931e-05
-3.26704e-05
-3.23942e-05
-3.20699e-05
-3.17027e-05
-3.12976e-05
-3.0859e-05
-3.03912e-05
-2.98981e-05
-2.93834e-05
-1.1942e-05
-1.40135e-05
-1.58872e-05
-1.75689e-05
-1.90727e-05
-2.0412e-05
-2.15949e-05
-2.26299e-05
-2.35266e-05
-2.42938e-05
-2.49404e-05
-2.54746e-05
-2.59047e-05
-2.62382e-05
-2.64826e-05
-2.66449e-05
-2.67319e-05
-2.67499e-05
-2.6705e-05
-2.66029e-05
-2.6449e-05
-2.62484e-05
-2.60058e-05
-2.57257e-05
-2.54122e-05
-2.50693e-05
-2.47006e-05
-2.71145e-06
-4.94824e-06
-6.99275e-06
-8.85011e-06
-1.05332e-05
-1.20547e-05
-1.3422e-05
-1.46431e-05
-1.57268e-05
-1.66816e-05
-1.75155e-05
-1.82366e-05
-1.88523e-05
-1.937e-05
-1.97967e-05
-2.01392e-05
-2.04039e-05
-2.05969e-05
-2.07239e-05
-2.07907e-05
-2.08023e-05
-2.07636e-05
-2.06794e-05
-2.0554e-05
-2.03915e-05
-2.01958e-05
-1.99704e-05
6.35638e-06
3.96662e-06
1.76344e-06
-2.5762e-07
-2.10833e-06
-3.80063e-06
-5.34133e-06
-6.7379e-06
-7.99839e-06
-9.13076e-06
-1.01426e-05
-1.10414e-05
-1.18342e-05
-1.2528e-05
-1.31294e-05
-1.36448e-05
-1.40804e-05
-1.4442e-05
-1.47352e-05
-1.49652e-05
-1.51372e-05
-1.52558e-05
-1.53257e-05
-1.53511e-05
-1.5336e-05
-1.52841e-05
-1.51991e-05
1.52568e-05
1.27258e-05
1.03757e-05
8.20242e-06
6.1954e-06
4.34332e-06
2.63993e-06
1.07836e-06
-3.4887e-07
-1.64915e-06
-2.82961e-06
-3.8972e-06
-4.85862e-06
-5.7204e-06
-6.48883e-06
-7.16997e-06
-7.76963e-06
-8.2934e-06
-8.7466e-06
-9.13433e-06
-9.46145e-06
-9.73257e-06
-9.95206e-06
-1.01241e-05
-1.02525e-05
-1.03411e-05
-1.03933e-05
2.39853e-05
2.13245e-05
1.88385e-05
1.65242e-05
1.43718e-05
1.23706e-05
1.05149e-05
8.79846e-06
7.21433e-06
5.75563e-06
4.4157e-06
3.18808e-06
2.06647e-06
1.04472e-06
1.16928e-07
-7.22651e-07
-1.47952e-06
-2.15899e-06
-2.76615e-06
-3.30586e-06
-3.7828e-06
-4.20139e-06
-4.56586e-06
-4.88024e-06
-5.14831e-06
-5.37369e-06
-5.5598e-06
3.2538e-05
2.97581e-05
2.71471e-05
2.47023e-05
2.24148e-05
2.02748e-05
1.8277e-05
1.64155e-05
1.46841e-05
1.30762e-05
1.15858e-05
1.02068e-05
8.93324e-06
7.75948e-06
6.67991e-06
5.68912e-06
4.78191e-06
3.95324e-06
3.19827e-06
2.51236e-06
1.89104e-06
1.33006e-06
8.25363e-07
3.73062e-07
-3.05288e-08
-3.88913e-07
-7.0542e-07
4.09112e-05
3.80223e-05
3.52965e-05
3.27314e-05
3.03191e-05
2.80502e-05
2.59198e-05
2.39229e-05
2.20534e-05
2.03054e-05
1.86732e-05
1.71513e-05
1.5734e-05
1.44161e-05
1.31923e-05
1.20575e-05
1.10067e-05
1.00354e-05
9.13877e-06
8.31249e-06
7.5523e-06
6.85412e-06
6.21406e-06
5.62837e-06
5.09349e-06
4.60604e-06
4.16278e-06
4.91015e-05
4.61134e-05
4.32825e-05
4.06068e-05
3.80792e-05
3.56908e-05
3.34374e-05
3.13142e-05
2.93156e-05
2.74363e-05
2.5671e-05
2.40144e-05
2.24614e-05
2.1007e-05
1.96463e-05
1.83746e-05
1.71872e-05
1.60796e-05
1.50475e-05
1.40868e-05
1.31932e-05
1.23631e-05
1.15926e-05
1.08782e-05
1.02164e-05
9.6039e-06
9.03768e-06
5.71058e-05
5.40277e-05
5.11008e-05
4.83238e-05
4.56901e-05
4.31915e-05
4.0824e-05
3.85833e-05
3.64644e-05
3.44623e-05
3.2572e-05
3.07888e-05
2.91079e-05
2.75247e-05
2.60344e-05
2.46328e-05
2.33155e-05
2.20781e-05
2.09168e-05
1.98274e-05
1.88061e-05
1.78493e-05
1.69534e-05
1.61149e-05
1.53306e-05
1.45973e-05
1.39121e-05
6.49211e-05
6.17617e-05
5.87477e-05
5.58781e-05
5.31471e-05
5.05469e-05
4.8074e-05
4.57244e-05
4.34935e-05
4.13768e-05
3.93697e-05
3.74678e-05
3.56666e-05
3.39619e-05
3.23493e-05
3.08247e-05
2.9384e-05
2.80234e-05
2.67388e-05
2.55267e-05
2.43832e-05
2.33051e-05
2.22888e-05
2.1331e-05
2.04288e-05
1.95789e-05
1.87786e-05
7.25449e-05
6.93124e-05
6.62196e-05
6.32657e-05
6.04457e-05
5.77523e-05
5.51822e-05
5.27319e-05
5.03971e-05
4.81738e-05
4.60576e-05
4.40446e-05
4.21305e-05
4.03115e-05
3.85835e-05
3.69428e-05
3.53854e-05
3.39077e-05
3.2506e-05
3.11769e-05
2.99169e-05
2.87227e-05
2.75911e-05
2.65189e-05
2.55033e-05
2.45412e-05
2.36299e-05
7.99748e-05
7.66768e-05
7.3513e-05
7.04828e-05
6.75818e-05
6.4803e-05
6.21436e-05
5.96003e-05
5.71694e-05
5.48471e-05
5.26294e-05
5.05126e-05
4.84929e-05
4.65667e-05
4.47302e-05
4.29799e-05
4.13122e-05
3.97237e-05
3.82109e-05
3.67706e-05
3.53996e-05
3.40947e-05
3.28528e-05
3.16711e-05
3.05466e-05
2.94767e-05
2.84586e-05
8.72084e-05
8.38523e-05
8.06248e-05
7.75258e-05
7.45512e-05
7.16946e-05
6.89533e-05
6.63246e-05
6.3805e-05
6.1391e-05
5.9079e-05
5.68655e-05
5.47472e-05
5.27205e-05
5.07822e-05
4.89289e-05
4.71572e-05
4.5464e-05
4.3846e-05
4.23003e-05
4.08237e-05
3.94133e-05
3.80663e-05
3.67798e-05
3.55512e-05
3.43779e-05
3.32572e-05
9.42439e-05
9.08364e-05
8.75522e-05
8.43913e-05
8.13502e-05
7.84228e-05
7.56069e-05
7.28999e-05
7.02986e-05
6.77999e-05
6.54005e-05
6.30973e-05
6.0887e-05
5.87666e-05
5.67329e-05
5.47828e-05
5.29133e-05
5.11214e-05
4.9404e-05
4.77584e-05
4.61817e-05
4.46711e-05
4.3224e-05
4.18376e-05
4.05095e-05
3.92371e-05
3.80181e-05
0.000101079
9.76267e-05
9.42922e-05
9.1076e-05
8.79751e-05
8.49837e-05
8.20999e-05
7.93213e-05
7.66451e-05
7.40684e-05
7.15883e-05
6.92019e-05
6.69062e-05
6.46984e-05
6.25756e-05
6.05349e-05
5.85736e-05
5.66887e-05
5.48777e-05
5.31378e-05
5.14663e-05
4.98607e-05
4.83184e-05
4.68369e-05
4.54139e-05
4.4047e-05
4.27339e-05
0.000107713
0.000104221
0.000100842
9.7577e-05
9.44225e-05
9.13734e-05
8.8428e-05
8.55843e-05
8.28396e-05
8.01914e-05
7.76369e-05
7.51736e-05
7.27987e-05
7.05096e-05
6.83038e-05
6.61785e-05
6.41311e-05
6.21591e-05
6.02599e-05
5.8431e-05
5.66701e-05
5.49745e-05
5.3342e-05
5.17702e-05
5.02569e-05
4.87999e-05
4.73969e-05
0.000114143
0.000110617
0.0001072
0.000103891
0.000100689
9.75883e-05
9.45874e-05
9.16845e-05
8.88774e-05
8.61637e-05
8.35409e-05
8.10067e-05
7.85586e-05
7.61942e-05
7.39111e-05
7.17069e-05
6.95791e-05
6.75255e-05
6.55436e-05
6.36311e-05
6.17857e-05
6.00052e-05
5.82874e-05
5.663e-05
5.50309e-05
5.34882e-05
5.19996e-05
0.000120367
0.000116813
0.000113363
0.000110016
0.000106772
0.000103625
0.000100574
9.76177e-05
9.47539e-05
9.19804e-05
8.92951e-05
8.66958e-05
8.41802e-05
8.17461e-05
7.93914e-05
7.71138e-05
7.49111e-05
7.27812e-05
7.07218e-05
6.87308e-05
6.68061e-05
6.49455e-05
6.31471e-05
6.14088e-05
5.97285e-05
5.81044e-05
5.65345e-05
0.000126386
0.000122807
0.000119328
0.000115949
0.000112667
0.000109479
0.000106384
0.00010338
0.000100465
9.76368e-05
9.48945e-05
9.22354e-05
8.96577e-05
8.71594e-05
8.47385e-05
8.23928e-05
8.01205e-05
7.79194e-05
7.57876e-05
7.37231e-05
7.1724e-05
6.97882e-05
6.79139e-05
6.60991e-05
6.43421e-05
6.26409e-05
6.09938e-05
0.000132195
0.000128598
0.000125094
0.000121686
0.000118372
0.000115149
0.000112014
0.000108966
0.000106005
0.000103128
0.000100334
9.76204e-05
9.49858e-05
9.24284e-05
8.99463e-05
8.75377e-05
8.52007e-05
8.29335e-05
8.07343e-05
7.86011e-05
7.65323e-05
7.45259e-05
7.25803e-05
7.06936e-05
6.88641e-05
6.70901e-05
6.537e-05
0.000137796
0.000134182
0.000130659
0.000127227
0.000123885
0.000120629
0.000117459
0.000114374
0.000111371
0.00010845
0.000105609
0.000102845
0.000100159
9.75473e-05
9.5009e-05
9.25423e-05
9.01455e-05
8.7817e-05
8.5555e-05
8.33579e-05
8.1224e-05
7.91516e-05
7.71391e-05
7.51848e-05
7.32871e-05
7.14445e-05
6.96554e-05
0.000143185
0.000139559
0.000136019
0.000132567
0.000129201
0.000125918
0.000122717
0.000119598
0.000116558
0.000113597
0.000110713
0.000107905
0.000105171
0.00010251
9.99205e-05
9.74004e-05
9.49485e-05
9.25632e-05
9.02431e-05
8.79865e-05
8.5792e-05
8.36579e-05
8.15829e-05
7.95653e-05
7.76036e-05
7.56965e-05
7.38423e-05
0.000148361
0.000144726
0.000141173
0.000137704
0.000134318
0.000131012
0.000127784
0.000124635
0.000121562
0.000118566
0.000115644
0.000112795
0.000110018
0.000107312
0.000104675
0.000102106
9.96033e-05
9.71657e-05
9.47918e-05
9.24801e-05
9.02292e-05
8.80378e-05
8.59044e-05
8.38276e-05
8.1806e-05
7.98383e-05
7.79231e-05
0.000153322
0.000149681
0.000146119
0.000142636
0.000139233
0.000135907
0.000132656
0.000129481
0.000126379
0.000123351
0.000120395
0.00011751
0.000114694
0.000111947
0.000109267
0.000106653
0.000104104
0.000101618
9.91944e-05
9.68317e-05
9.45287e-05
9.2284e-05
9.00963e-05
8.79643e-05
8.58868e-05
8.38624e-05
8.189e-05
0.000158067
0.000154422
0.000150853
0.00014736
0.000143943
0.0001406
0.000137329
0.000134131
0.000131004
0.000127948
0.000124962
0.000122043
0.000119193
0.000116409
0.00011369
0.000111035
0.000108443
0.000105913
0.000103444
0.000101034
9.86832e-05
9.63892e-05
9.41511e-05
9.19678e-05
8.98382e-05
8.7761e-05
8.57351e-05
0.000162594
0.000158947
0.000155373
0.000151872
0.000148444
0.000145087
0.0001418
0.000138582
0.000135433
0.000132352
0.000129339
0.000126391
0.000123509
0.000120692
0.000117938
0.000115246
0.000112615
0.000110045
0.000107534
0.000105081
0.000102686
0.000100346
9.80614e-05
9.58306e-05
9.36525e-05
9.15262e-05
8.94504e-05
0.000166899
0.000163253
0.000159676
0.00015617
0.000152734
0.000149365
0.000146064
0.000142829
0.000139661
0.000136559
0.000133522
0.000130548
0.000127638
0.000124791
0.000122005
0.000119279
0.000116613
0.000114006
0.000111457
0.000108965
0.000106529
0.000104147
0.00010182
9.95448e-05
9.73219e-05
9.515e-05
9.30279e-05
0.000170982
0.000167338
0.00016376
0.00016025
0.000156807
0.000153429
0.000150116
0.000146868
0.000143684
0.000140563
0.000137505
0.000134508
0.000131573
0.000128699
0.000125884
0.000123129
0.000120431
0.000117791
0.000115207
0.000112679
0.000110205
0.000107785
0.000105418
0.000103103
0.000100838
9.86244e-05
9.64594e-05
0.000174837
0.000171197
0.00016762
0.000164108
0.000160661
0.000157276
0.000153954
0.000150694
0.000147495
0.000144358
0.000141282
0.000138266
0.000135309
0.000132411
0.00012957
0.000126788
0.000124061
0.000121391
0.000118775
0.000116214
0.000113707
0.000111252
0.000108848
0.000106496
0.000104194
0.000101941
9.97366e-05
0.000178463
0.000174828
0.000171253
0.00016774
0.00016429
0.000160901
0.000157571
0.000154301
0.000151091
0.00014794
0.000144848
0.000141814
0.000138838
0.000135919
0.000133056
0.000130249
0.000127497
0.000124799
0.000122156
0.000119565
0.000117026
0.000114539
0.000112103
0.000109717
0.00010738
0.000105091
0.000102851
0.000181856
0.000178226
0.000174654
0.000171143
0.000167691
0.000164298
0.000160962
0.000157685
0.000154465
0.000151303
0.000148197
0.000145148
0.000142155
0.000139217
0.000136334
0.000133505
0.00013073
0.000128009
0.000125339
0.000122722
0.000120155
0.000117639
0.000115173
0.000112756
0.000110388
0.000108067
0.000105793
0.000185011
0.000181387
0.00017782
0.00017431
0.000170858
0.000167462
0.000164122
0.000160839
0.000157611
0.000154439
0.000151322
0.00014826
0.000145252
0.000142298
0.000139397
0.000136549
0.000133754
0.000131011
0.000128318
0.000125677
0.000123085
0.000120543
0.00011805
0.000115606
0.000113208
0.000110858
0.000108554
0.000187924
0.000184306
0.000180743
0.000177236
0.000173785
0.000170388
0.000167045
0.000163757
0.000160522
0.000157342
0.000154215
0.000151142
0.000148121
0.000145153
0.000142237
0.000139373
0.00013656
0.000133797
0.000131084
0.000128422
0.000125808
0.000123243
0.000120725
0.000118256
0.000115833
0.000113456
0.000111124
0.000190588
0.000186977
0.000183419
0.000179915
0.000176465
0.000173068
0.000169723
0.000166431
0.000163192
0.000160005
0.00015687
0.000153787
0.000150756
0.000147775
0.000144846
0.000141967
0.000139138
0.000136359
0.000133628
0.000130947
0.000128313
0.000125727
0.000123189
0.000120696
0.00011825
0.00011585
0.000113494
0.000192998
0.000189394
0.000185841
0.00018234
0.000178892
0.000175495
0.000172149
0.000168854
0.000165611
0.000162419
0.000159277
0.000156186
0.000153146
0.000150155
0.000147214
0.000144323
0.00014148
0.000138686
0.00013594
0.000133242
0.000130591
0.000127987
0.00012543
0.000122918
0.000120452
0.00011803
0.000115653
0.000195146
0.000191548
0.000188
0.000184502
0.000181057
0.00017766
0.000174314
0.000171018
0.000167771
0.000164575
0.000161428
0.000158331
0.000155282
0.000152283
0.000149332
0.00014643
0.000143576
0.000140769
0.00013801
0.000135298
0.000132632
0.000130012
0.000127438
0.000124909
0.000122425
0.000119985
0.000117589
0.000197024
0.000193432
0.000189888
0.000186394
0.000182951
0.000179556
0.000176209
0.000172912
0.000169663
0.000166463
0.000163312
0.000160209
0.000157155
0.000154148
0.00015119
0.000148278
0.000145414
0.000142597
0.000139826
0.000137102
0.000134423
0.00013179
0.000129202
0.000126659
0.000124159
0.000121704
0.000119291
0.000198622
0.000195036
0.000191496
0.000188005
0.000184564
0.00018117
0.000177824
0.000174526
0.000171275
0.000168073
0.000164918
0.000161811
0.000158752
0.000155739
0.000152774
0.000149855
0.000146983
0.000144157
0.000141377
0.000138643
0.000135954
0.000133309
0.000130709
0.000128154
0.000125642
0.000123173
0.000120747
0.000199929
0.000196347
0.000192812
0.000189324
0.000185884
0.000182492
0.000179146
0.000175847
0.000172596
0.000169392
0.000166234
0.000163124
0.000160061
0.000157044
0.000154073
0.000151148
0.00014827
0.000145437
0.00014265
0.000139907
0.000137209
0.000134556
0.000131947
0.000129381
0.000126859
0.00012438
0.000121943
0.000200934
0.000197355
0.000193822
0.000190337
0.000186899
0.000183507
0.000180162
0.000176863
0.000173611
0.000170405
0.000167246
0.000164134
0.000161067
0.000158047
0.000155072
0.000152143
0.00014926
0.000146422
0.000143629
0.00014088
0.000138176
0.000135516
0.0001329
0.000130327
0.000127797
0.000125309
0.000122864
0.00020162
0.000198044
0.000194514
0.000191029
0.000187593
0.000184202
0.000180857
0.000177558
0.000174306
0.000171099
0.000167939
0.000164825
0.000161756
0.000158734
0.000155757
0.000152825
0.000149938
0.000147097
0.0001443
0.000141547
0.000138839
0.000136174
0.000133553
0.000130975
0.00012844
0.000125947
0.000123496
0.000201973
0.000198398
0.000194869
0.000191385
0.000187949
0.000184559
0.000181214
0.000177915
0.000174662
0.000171456
0.000168295
0.00016518
0.00016211
0.000159087
0.000156108
0.000153175
0.000150287
0.000147443
0.000144644
0.00014189
0.000139179
0.000136512
0.000133888
0.000131308
0.00012877
0.000126274
0.000123821
-7.75776e-05
-7.53951e-05
-7.32231e-05
-7.10642e-05
-6.8921e-05
-6.67965e-05
-6.46933e-05
-6.26138e-05
-6.05602e-05
-5.85349e-05
-5.65398e-05
-5.45769e-05
-5.26479e-05
-5.07544e-05
-4.88979e-05
-4.70797e-05
-4.5301e-05
-4.35626e-05
-4.18655e-05
-4.02103e-05
-3.85975e-05
-3.70275e-05
-3.55006e-05
-3.40168e-05
-3.25761e-05
-3.11785e-05
-2.98238e-05
-2.85116e-05
-2.72416e-05
-2.60133e-05
-2.48261e-05
-2.36794e-05
-2.25725e-05
-2.15046e-05
-2.04751e-05
-1.94831e-05
-1.85276e-05
-1.76079e-05
-1.6723e-05
-1.5872e-05
-1.5054e-05
-1.42682e-05
-1.35134e-05
-1.27892e-05
-7.4026e-05
-7.19807e-05
-6.99419e-05
-6.79121e-05
-6.58942e-05
-6.38909e-05
-6.19048e-05
-5.99384e-05
-5.7994e-05
-5.60739e-05
-5.41801e-05
-5.23146e-05
-5.04792e-05
-4.86757e-05
-4.69055e-05
-4.51702e-05
-4.34708e-05
-4.18085e-05
-4.01843e-05
-3.85989e-05
-3.7053e-05
-3.5547e-05
-3.40813e-05
-3.26562e-05
-3.12718e-05
-2.99281e-05
-2.86251e-05
-2.73624e-05
-2.61399e-05
-2.49572e-05
-2.38139e-05
-2.27093e-05
-2.16429e-05
-2.06141e-05
-1.96221e-05
-1.86662e-05
-1.77457e-05
-1.68596e-05
-1.60072e-05
-1.51876e-05
-1.43999e-05
-1.36433e-05
-1.29169e-05
-1.222e-05
-7.03699e-05
-6.84628e-05
-6.65584e-05
-6.46593e-05
-6.27683e-05
-6.08881e-05
-5.90211e-05
-5.71699e-05
-5.53369e-05
-5.35242e-05
-5.1734e-05
-4.99684e-05
-4.82292e-05
-4.65182e-05
-4.48369e-05
-4.3187e-05
-4.15696e-05
-3.9986e-05
-3.84373e-05
-3.69243e-05
-3.54477e-05
-3.40083e-05
-3.26064e-05
-3.12424e-05
-2.99166e-05
-2.86291e-05
-2.73799e-05
-2.6169e-05
-2.49961e-05
-2.38611e-05
-2.27635e-05
-2.17029e-05
-2.06789e-05
-1.96908e-05
-1.87381e-05
-1.782e-05
-1.69358e-05
-1.60848e-05
-1.52663e-05
-1.44794e-05
-1.37233e-05
-1.29973e-05
-1.23003e-05
-1.16319e-05
-6.66123e-05
-6.48442e-05
-6.30753e-05
-6.13082e-05
-5.95454e-05
-5.77897e-05
-5.60436e-05
-5.43095e-05
-5.25898e-05
-5.08867e-05
-4.92024e-05
-4.7539e-05
-4.58983e-05
-4.42821e-05
-4.26923e-05
-4.11302e-05
-3.95973e-05
-3.8095e-05
-3.66242e-05
-3.51861e-05
-3.37814e-05
-3.24109e-05
-3.10752e-05
-2.97747e-05
-2.85099e-05
-2.72808e-05
-2.60878e-05
-2.49307e-05
-2.38096e-05
-2.27242e-05
-2.16744e-05
-2.06597e-05
-1.96798e-05
-1.87342e-05
-1.78224e-05
-1.69437e-05
-1.60975e-05
-1.52831e-05
-1.44999e-05
-1.37471e-05
-1.30239e-05
-1.23295e-05
-1.16632e-05
-1.10244e-05
-6.27565e-05
-6.11279e-05
-5.94953e-05
-5.7861e-05
-5.62277e-05
-5.45979e-05
-5.29741e-05
-5.13587e-05
-4.97541e-05
-4.81625e-05
-4.65861e-05
-4.50269e-05
-4.34869e-05
-4.1968e-05
-4.04718e-05
-3.9e-05
-3.7554e-05
-3.61353e-05
-3.47449e-05
-3.33841e-05
-3.20537e-05
-3.07546e-05
-2.94874e-05
-2.82528e-05
-2.70511e-05
-2.58828e-05
-2.4748e-05
-2.3647e-05
-2.25797e-05
-2.1546e-05
-2.05459e-05
-1.95791e-05
-1.86452e-05
-1.77438e-05
-1.68746e-05
-1.60369e-05
-1.52302e-05
-1.4454e-05
-1.37075e-05
-1.29901e-05
-1.23011e-05
-1.16397e-05
-1.10053e-05
-1.03971e-05
-5.88059e-05
-5.73172e-05
-5.58213e-05
-5.43206e-05
-5.28176e-05
-5.13148e-05
-4.98146e-05
-4.83194e-05
-4.68315e-05
-4.5353e-05
-4.38863e-05
-4.24333e-05
-4.0996e-05
-3.95763e-05
-3.8176e-05
-3.67967e-05
-3.54399e-05
-3.4107e-05
-3.27994e-05
-3.15182e-05
-3.02645e-05
-2.9039e-05
-2.78427e-05
-2.66762e-05
-2.554e-05
-2.44346e-05
-2.33603e-05
-2.23174e-05
-2.13059e-05
-2.0326e-05
-1.93776e-05
-1.84604e-05
-1.75743e-05
-1.6719e-05
-1.58941e-05
-1.50991e-05
-1.43335e-05
-1.35969e-05
-1.28886e-05
-1.2208e-05
-1.15545e-05
-1.09274e-05
-1.03261e-05
-9.7498e-06
-5.47646e-05
-5.34157e-05
-5.20568e-05
-5.06901e-05
-4.9318e-05
-4.7943e-05
-4.65674e-05
-4.51935e-05
-4.38236e-05
-4.24599e-05
-4.11044e-05
-3.97594e-05
-3.84267e-05
-3.71082e-05
-3.58057e-05
-3.45209e-05
-3.32554e-05
-3.20107e-05
-3.0788e-05
-2.95887e-05
-2.84137e-05
-2.72642e-05
-2.6141e-05
-2.50448e-05
-2.39762e-05
-2.29359e-05
-2.19242e-05
-2.09415e-05
-1.9988e-05
-1.90638e-05
-1.8169e-05
-1.73034e-05
-1.6467e-05
-1.56594e-05
-1.48805e-05
-1.41298e-05
-1.3407e-05
-1.27115e-05
-1.20428e-05
-1.14005e-05
-1.07839e-05
-1.01923e-05
-9.62525e-06
-9.08205e-06
-5.06367e-05
-4.94274e-05
-4.82053e-05
-4.69728e-05
-4.57321e-05
-4.44854e-05
-4.32352e-05
-4.19836e-05
-4.07328e-05
-3.9485e-05
-3.82422e-05
-3.70066e-05
-3.57801e-05
-3.45646e-05
-3.33618e-05
-3.21735e-05
-3.10013e-05
-2.98466e-05
-2.8711e-05
-2.75956e-05
-2.65017e-05
-2.54302e-05
-2.43822e-05
-2.33585e-05
-2.23597e-05
-2.13866e-05
-2.04396e-05
-1.95192e-05
-1.86256e-05
-1.77591e-05
-1.69198e-05
-1.61076e-05
-1.53227e-05
-1.45647e-05
-1.38335e-05
-1.31288e-05
-1.24502e-05
-1.17974e-05
-1.11699e-05
-1.05671e-05
-9.98873e-06
-9.43405e-06
-8.90253e-06
-8.39358e-06
-4.64266e-05
-4.53563e-05
-4.42708e-05
-4.31724e-05
-4.20631e-05
-4.09451e-05
-3.98208e-05
-3.86921e-05
-3.75613e-05
-3.64305e-05
-3.53016e-05
-3.41768e-05
-3.3058e-05
-3.19469e-05
-3.08455e-05
-2.97554e-05
-2.86783e-05
-2.76157e-05
-2.6569e-05
-2.55396e-05
-2.45287e-05
-2.35373e-05
-2.25666e-05
-2.16174e-05
-2.06905e-05
-1.97866e-05
-1.89063e-05
-1.80501e-05
-1.72185e-05
-1.64116e-05
-1.56297e-05
-1.48729e-05
-1.41412e-05
-1.34345e-05
-1.27527e-05
-1.20956e-05
-1.14629e-05
-1.08542e-05
-1.02693e-05
-9.70768e-06
-9.16885e-06
-8.65233e-06
-8.15761e-06
-7.68412e-06
-4.21392e-05
-4.1207e-05
-4.02575e-05
-3.92928e-05
-3.83148e-05
-3.73256e-05
-3.63274e-05
-3.53221e-05
-3.43119e-05
-3.32989e-05
-3.22849e-05
-3.1272e-05
-3.0262e-05
-2.92568e-05
-2.82582e-05
-2.7268e-05
-2.62876e-05
-2.53188e-05
-2.43629e-05
-2.34213e-05
-2.24953e-05
-2.1586e-05
-2.06945e-05
-1.98218e-05
-1.89687e-05
-1.8136e-05
-1.73244e-05
-1.65345e-05
-1.57666e-05
-1.50212e-05
-1.42986e-05
-1.35989e-05
-1.29222e-05
-1.22686e-05
-1.16379e-05
-1.103e-05
-1.04447e-05
-9.88184e-06
-9.34099e-06
-8.82183e-06
-8.32395e-06
-7.84692e-06
-7.39026e-06
-6.95344e-06
-3.77793e-05
-3.69842e-05
-3.61699e-05
-3.53382e-05
-3.44911e-05
-3.36305e-05
-3.27584e-05
-3.18768e-05
-3.09876e-05
-3.00929e-05
-2.91945e-05
-2.82943e-05
-2.73943e-05
-2.64962e-05
-2.56017e-05
-2.47126e-05
-2.38306e-05
-2.29571e-05
-2.20936e-05
-2.12416e-05
-2.04022e-05
-1.95768e-05
-1.87664e-05
-1.79721e-05
-1.71947e-05
-1.64351e-05
-1.56941e-05
-1.49722e-05
-1.427e-05
-1.3588e-05
-1.29264e-05
-1.22856e-05
-1.16657e-05
-1.10668e-05
-1.04889e-05
-9.93185e-06
-9.39561e-06
-8.87996e-06
-8.38466e-06
-7.90941e-06
-7.45385e-06
-7.01762e-06
-6.60028e-06
-6.20135e-06
-3.33523e-05
-3.2693e-05
-3.20127e-05
-3.13132e-05
-3.05963e-05
-2.98638e-05
-2.91176e-05
-2.83596e-05
-2.75916e-05
-2.68155e-05
-2.60332e-05
-2.52465e-05
-2.44572e-05
-2.36671e-05
-2.28779e-05
-2.20912e-05
-2.13087e-05
-2.0532e-05
-1.97624e-05
-1.90015e-05
-1.82505e-05
-1.75106e-05
-1.67831e-05
-1.60689e-05
-1.5369e-05
-1.46843e-05
-1.40156e-05
-1.33636e-05
-1.27289e-05
-1.2112e-05
-1.15133e-05
-1.09332e-05
-1.03717e-05
-9.82922e-06
-9.30567e-06
-8.80109e-06
-8.31541e-06
-7.84852e-06
-7.40022e-06
-6.97028e-06
-6.55842e-06
-6.16428e-06
-5.78753e-06
-5.4277e-06
-2.88637e-05
-2.83385e-05
-2.77909e-05
-2.72225e-05
-2.66349e-05
-2.60299e-05
-2.54091e-05
-2.47744e-05
-2.41275e-05
-2.34701e-05
-2.28042e-05
-2.21314e-05
-2.14534e-05
-2.07721e-05
-2.00889e-05
-1.94057e-05
-1.87239e-05
-1.80452e-05
-1.73709e-05
-1.67025e-05
-1.60413e-05
-1.53885e-05
-1.47454e-05
-1.4113e-05
-1.34922e-05
-1.28842e-05
-1.22896e-05
-1.17092e-05
-1.11437e-05
-1.05937e-05
-1.00595e-05
-9.54165e-06
-9.04036e-06
-8.55587e-06
-8.0883e-06
-7.63772e-06
-7.20414e-06
-6.78748e-06
-6.38763e-06
-6.00441e-06
-5.63757e-06
-5.28685e-06
-4.95195e-06
-4.63243e-06
-2.43193e-05
-2.39265e-05
-2.351e-05
-2.30712e-05
-2.26118e-05
-2.21332e-05
-2.16371e-05
-2.11251e-05
-2.0599e-05
-2.00603e-05
-1.95107e-05
-1.8952e-05
-1.83858e-05
-1.78137e-05
-1.72374e-05
-1.66584e-05
-1.60783e-05
-1.54985e-05
-1.49207e-05
-1.43461e-05
-1.3776e-05
-1.32118e-05
-1.26545e-05
-1.21054e-05
-1.15654e-05
-1.10355e-05
-1.05166e-05
-1.00095e-05
-9.51484e-06
-9.03327e-06
-8.56531e-06
-8.11137e-06
-7.67183e-06
-7.24695e-06
-6.83692e-06
-6.44188e-06
-6.06188e-06
-5.69692e-06
-5.34694e-06
-5.0118e-06
-4.69133e-06
-4.38532e-06
-4.0935e-06
-3.81551e-06
-1.97251e-05
-1.94625e-05
-1.91752e-05
-1.88646e-05
-1.85319e-05
-1.81786e-05
-1.78062e-05
-1.74163e-05
-1.70103e-05
-1.65898e-05
-1.61565e-05
-1.57119e-05
-1.52575e-05
-1.4795e-05
-1.43259e-05
-1.38518e-05
-1.33741e-05
-1.28943e-05
-1.24138e-05
-1.19341e-05
-1.14563e-05
-1.09818e-05
-1.05118e-05
-1.00473e-05
-9.5895e-06
-9.1393e-06
-8.69761e-06
-8.26527e-06
-7.84301e-06
-7.43148e-06
-7.03124e-06
-6.6428e-06
-6.26654e-06
-5.9028e-06
-5.55183e-06
-5.2138e-06
-4.88884e-06
-4.577e-06
-4.27827e-06
-3.99257e-06
-3.71979e-06
-3.45975e-06
-3.21226e-06
-2.97698e-06
-1.50872e-05
-1.49526e-05
-1.47925e-05
-1.46081e-05
-1.44006e-05
-1.41712e-05
-1.39213e-05
-1.36523e-05
-1.33657e-05
-1.30629e-05
-1.27454e-05
-1.24146e-05
-1.2072e-05
-1.17192e-05
-1.13576e-05
-1.09888e-05
-1.0614e-05
-1.02348e-05
-9.85254e-06
-9.46854e-06
-9.0841e-06
-8.70046e-06
-8.31881e-06
-7.94027e-06
-7.56591e-06
-7.19673e-06
-6.83364e-06
-6.47749e-06
-6.12906e-06
-5.78903e-06
-5.45802e-06
-5.13654e-06
-4.82504e-06
-4.52391e-06
-4.23343e-06
-3.95386e-06
-3.68535e-06
-3.42801e-06
-3.18188e-06
-2.94695e-06
-2.72313e-06
-2.51032e-06
-2.30836e-06
-2.11697e-06
-1.0412e-05
-1.0403e-05
-1.03679e-05
-1.03076e-05
-1.02233e-05
-1.01162e-05
-9.9874e-06
-9.83822e-06
-9.66995e-06
-9.48394e-06
-9.28153e-06
-9.06412e-06
-8.8331e-06
-8.58988e-06
-8.33586e-06
-8.07242e-06
-7.80095e-06
-7.52282e-06
-7.23934e-06
-6.95182e-06
-6.66152e-06
-6.36966e-06
-6.0774e-06
-5.78588e-06
-5.49613e-06
-5.20918e-06
-4.92595e-06
-4.64731e-06
-4.37406e-06
-4.1069e-06
-3.84648e-06
-3.59335e-06
-3.34801e-06
-3.11088e-06
-2.88229e-06
-2.66253e-06
-2.45183e-06
-2.25033e-06
-2.05811e-06
-1.87522e-06
-1.70163e-06
-1.53727e-06
-1.38203e-06
-1.23567e-06
-5.70616e-06
-5.82002e-06
-5.90737e-06
-5.96906e-06
-6.00601e-06
-6.01926e-06
-6.00988e-06
-5.97902e-06
-5.92784e-06
-5.85756e-06
-5.76943e-06
-5.66472e-06
-5.54472e-06
-5.41075e-06
-5.2641e-06
-5.1061e-06
-4.93806e-06
-4.76126e-06
-4.57699e-06
-4.38649e-06
-4.19098e-06
-3.99164e-06
-3.78963e-06
-3.58604e-06
-3.38192e-06
-3.17827e-06
-2.97604e-06
-2.77609e-06
-2.57923e-06
-2.3862e-06
-2.19765e-06
-2.01418e-06
-1.8363e-06
-1.66447e-06
-1.49908e-06
-1.34046e-06
-1.18886e-06
-1.04448e-06
-9.07444e-07
-7.77838e-07
-6.55682e-07
-5.40944e-07
-4.33581e-07
-3.33373e-07
-9.76318e-07
-1.21023e-06
-1.41742e-06
-1.59858e-06
-1.75452e-06
-1.88611e-06
-1.9943e-06
-2.08009e-06
-2.14453e-06
-2.18872e-06
-2.21377e-06
-2.22085e-06
-2.21115e-06
-2.18587e-06
-2.14622e-06
-2.09344e-06
-2.02875e-06
-1.95338e-06
-1.86852e-06
-1.77538e-06
-1.67511e-06
-1.56887e-06
-1.45777e-06
-1.34288e-06
-1.22524e-06
-1.10584e-06
-9.85593e-07
-8.65386e-07
-7.46025e-07
-6.28253e-07
-5.12749e-07
-4.00123e-07
-2.90925e-07
-1.85638e-07
-8.46866e-08
1.15704e-08
1.02838e-07
1.88885e-07
2.69536e-07
3.44674e-07
4.1423e-07
4.78198e-07
5.36578e-07
5.89547e-07
3.77064e-06
3.41967e-06
3.09546e-06
2.79744e-06
2.52496e-06
2.27728e-06
2.05358e-06
1.853e-06
1.67461e-06
1.51744e-06
1.3805e-06
1.26274e-06
1.16309e-06
1.08044e-06
1.01369e-06
9.61679e-07
9.23283e-07
8.97364e-07
8.82791e-07
8.78435e-07
8.8318e-07
8.9593e-07
9.15615e-07
9.41194e-07
9.71663e-07
1.00606e-06
1.04347e-06
1.08302e-06
1.12392e-06
1.16542e-06
1.20682e-06
1.24751e-06
1.28691e-06
1.32452e-06
1.35989e-06
1.39263e-06
1.42241e-06
1.44897e-06
1.4721e-06
1.49164e-06
1.50749e-06
1.5196e-06
1.52793e-06
1.53261e-06
8.52774e-06
8.06284e-06
7.62458e-06
7.21249e-06
6.82608e-06
6.46474e-06
6.12778e-06
5.81445e-06
5.52398e-06
5.25553e-06
5.0082e-06
4.78109e-06
4.57323e-06
4.38362e-06
4.21126e-06
4.0551e-06
3.9141e-06
3.78723e-06
3.67342e-06
3.5716e-06
3.48074e-06
3.39979e-06
3.32774e-06
3.26358e-06
3.20635e-06
3.15512e-06
3.109e-06
3.06714e-06
3.02875e-06
2.99308e-06
2.95946e-06
2.92723e-06
2.89583e-06
2.86473e-06
2.83347e-06
2.80163e-06
2.76885e-06
2.73486e-06
2.6994e-06
2.66228e-06
2.62336e-06
2.58258e-06
2.53984e-06
2.49524e-06
1.32879e-05
1.27123e-05
1.21631e-05
1.16399e-05
1.11423e-05
1.06699e-05
1.02221e-05
9.79828e-06
9.39779e-06
9.01992e-06
8.66392e-06
8.32897e-06
8.01424e-06
7.71885e-06
7.44188e-06
7.18242e-06
6.93952e-06
6.71222e-06
6.49955e-06
6.30052e-06
6.11415e-06
5.93948e-06
5.77555e-06
5.6214e-06
5.47613e-06
5.33882e-06
5.20863e-06
5.08474e-06
4.96637e-06
4.8528e-06
4.74334e-06
4.63735e-06
4.53426e-06
4.43353e-06
4.33469e-06
4.2373e-06
4.14099e-06
4.04545e-06
3.9504e-06
3.85564e-06
3.76098e-06
3.66633e-06
3.57156e-06
3.47673e-06
1.80438e-05
1.7361e-05
1.67041e-05
1.60728e-05
1.5467e-05
1.48863e-05
1.43302e-05
1.37983e-05
1.329e-05
1.28048e-05
1.2342e-05
1.19009e-05
1.14809e-05
1.10811e-05
1.07007e-05
1.0339e-05
9.99508e-06
9.66809e-06
9.35713e-06
9.06131e-06
8.77974e-06
8.51152e-06
8.25575e-06
8.01155e-06
7.77804e-06
7.55438e-06
7.33976e-06
7.13338e-06
6.9345e-06
6.74241e-06
6.55645e-06
6.37598e-06
6.20044e-06
6.02928e-06
5.86202e-06
5.69822e-06
5.53749e-06
5.37951e-06
5.22397e-06
5.07065e-06
4.91935e-06
4.76992e-06
4.62223e-06
4.47629e-06
2.27883e-05
2.20018e-05
2.12405e-05
2.05044e-05
1.97933e-05
1.91072e-05
1.84455e-05
1.78081e-05
1.71945e-05
1.66041e-05
1.60366e-05
1.54913e-05
1.49676e-05
1.4465e-05
1.39827e-05
1.35199e-05
1.30761e-05
1.26503e-05
1.22418e-05
1.18499e-05
1.14736e-05
1.11122e-05
1.07648e-05
1.04306e-05
1.01089e-05
9.79878e-06
9.49951e-06
9.21035e-06
8.93058e-06
8.65953e-06
8.39655e-06
8.14103e-06
7.89239e-06
7.65012e-06
7.41372e-06
7.18276e-06
6.95684e-06
6.73561e-06
6.51878e-06
6.30608e-06
6.0973e-06
5.89227e-06
5.69082e-06
5.49296e-06
2.7514e-05
2.66273e-05
2.5765e-05
2.49274e-05
2.41143e-05
2.33258e-05
2.25615e-05
2.18212e-05
2.11047e-05
2.04117e-05
1.97416e-05
1.90942e-05
1.84689e-05
1.78651e-05
1.72824e-05
1.67201e-05
1.61775e-05
1.56541e-05
1.51491e-05
1.46618e-05
1.41915e-05
1.37374e-05
1.32989e-05
1.28751e-05
1.24653e-05
1.20688e-05
1.16848e-05
1.13127e-05
1.09519e-05
1.06016e-05
1.02612e-05
9.93015e-06
9.60793e-06
9.294e-06
8.98787e-06
8.68912e-06
8.39734e-06
8.11218e-06
7.83333e-06
7.56052e-06
7.29353e-06
7.03215e-06
6.77621e-06
6.52566e-06
3.22135e-05
3.12302e-05
3.02706e-05
2.93348e-05
2.8423e-05
2.75351e-05
2.66711e-05
2.58309e-05
2.50142e-05
2.4221e-05
2.34509e-05
2.27035e-05
2.19786e-05
2.12757e-05
2.05943e-05
1.9934e-05
1.92943e-05
1.86745e-05
1.80741e-05
1.74925e-05
1.6929e-05
1.6383e-05
1.58539e-05
1.53409e-05
1.48434e-05
1.43608e-05
1.38923e-05
1.34374e-05
1.29953e-05
1.25656e-05
1.21476e-05
1.17408e-05
1.13447e-05
1.09587e-05
1.05823e-05
1.02153e-05
9.8571e-06
9.50743e-06
9.16596e-06
8.83242e-06
8.50657e-06
8.18819e-06
7.87709e-06
7.5732e-06
3.68793e-05
3.58031e-05
3.47497e-05
3.37192e-05
3.2712e-05
3.17281e-05
3.07675e-05
2.98303e-05
2.89163e-05
2.80256e-05
2.71579e-05
2.6313e-05
2.54907e-05
2.46907e-05
2.39127e-05
2.31562e-05
2.24208e-05
2.17062e-05
2.10118e-05
2.0337e-05
1.96815e-05
1.90445e-05
1.84255e-05
1.78241e-05
1.72394e-05
1.66711e-05
1.61184e-05
1.55808e-05
1.50577e-05
1.45486e-05
1.4053e-05
1.35703e-05
1.31e-05
1.26416e-05
1.21948e-05
1.1759e-05
1.1334e-05
1.09194e-05
1.05148e-05
1.012e-05
9.73477e-06
9.35884e-06
8.99201e-06
8.6342e-06
4.15038e-05
4.03386e-05
3.9195e-05
3.80734e-05
3.69742e-05
3.58975e-05
3.48436e-05
3.38124e-05
3.28041e-05
3.18187e-05
3.08561e-05
2.99162e-05
2.8999e-05
2.81041e-05
2.72315e-05
2.63807e-05
2.55516e-05
2.47437e-05
2.39568e-05
2.31903e-05
2.24439e-05
2.1717e-05
2.10093e-05
2.03201e-05
1.96491e-05
1.89956e-05
1.83592e-05
1.77393e-05
1.71355e-05
1.65473e-05
1.59741e-05
1.54154e-05
1.4871e-05
1.43401e-05
1.38226e-05
1.3318e-05
1.28258e-05
1.23459e-05
1.18779e-05
1.14214e-05
1.09763e-05
1.05424e-05
1.01194e-05
9.70715e-06
4.60797e-05
4.48291e-05
4.3599e-05
4.23899e-05
4.12022e-05
4.00362e-05
3.88921e-05
3.77702e-05
3.66706e-05
3.55934e-05
3.45387e-05
3.35065e-05
3.24967e-05
3.15094e-05
3.05444e-05
2.96016e-05
2.86806e-05
2.77814e-05
2.69036e-05
2.6047e-05
2.52111e-05
2.43956e-05
2.36002e-05
2.28245e-05
2.20679e-05
2.13301e-05
2.06106e-05
1.99091e-05
1.9225e-05
1.85579e-05
1.79075e-05
1.72731e-05
1.66545e-05
1.60513e-05
1.54631e-05
1.48894e-05
1.433e-05
1.37846e-05
1.32528e-05
1.27345e-05
1.22292e-05
1.1737e-05
1.12574e-05
1.07904e-05
5.05992e-05
4.9267e-05
4.79542e-05
4.66612e-05
4.53885e-05
4.41366e-05
4.29058e-05
4.16963e-05
4.05085e-05
3.93426e-05
3.81987e-05
3.70769e-05
3.59774e-05
3.49002e-05
3.38452e-05
3.28125e-05
3.18018e-05
3.08132e-05
2.98465e-05
2.89013e-05
2.79776e-05
2.70751e-05
2.61933e-05
2.53321e-05
2.44911e-05
2.367e-05
2.28684e-05
2.20859e-05
2.13221e-05
2.05768e-05
1.98495e-05
1.91398e-05
1.84474e-05
1.7772e-05
1.71131e-05
1.64705e-05
1.58438e-05
1.52329e-05
1.46373e-05
1.40569e-05
1.34913e-05
1.29405e-05
1.24041e-05
1.18821e-05
5.50548e-05
5.36448e-05
5.22529e-05
5.08797e-05
4.95256e-05
4.81913e-05
4.68771e-05
4.55834e-05
4.43107e-05
4.30591e-05
4.1829e-05
4.06205e-05
3.9434e-05
3.82695e-05
3.71271e-05
3.60069e-05
3.49089e-05
3.3833e-05
3.27793e-05
3.17476e-05
3.07378e-05
2.97498e-05
2.87832e-05
2.7838e-05
2.69138e-05
2.60105e-05
2.51277e-05
2.42652e-05
2.34227e-05
2.25998e-05
2.17962e-05
2.10117e-05
2.0246e-05
1.94986e-05
1.87695e-05
1.80581e-05
1.73644e-05
1.6688e-05
1.60286e-05
1.53861e-05
1.47602e-05
1.41507e-05
1.35574e-05
1.29802e-05
5.94388e-05
5.79548e-05
5.64876e-05
5.50377e-05
5.36059e-05
5.21927e-05
5.07986e-05
4.94241e-05
4.80696e-05
4.67356e-05
4.54223e-05
4.41302e-05
4.28595e-05
4.16105e-05
4.03833e-05
3.91782e-05
3.79952e-05
3.68344e-05
3.56959e-05
3.45797e-05
3.34858e-05
3.2414e-05
3.13643e-05
3.03366e-05
2.93308e-05
2.83466e-05
2.73839e-05
2.64424e-05
2.5522e-05
2.46224e-05
2.37435e-05
2.28849e-05
2.20464e-05
2.12277e-05
2.04287e-05
1.9649e-05
1.88884e-05
1.81468e-05
1.74239e-05
1.67194e-05
1.60332e-05
1.53651e-05
1.47149e-05
1.40825e-05
6.37436e-05
6.21893e-05
6.06505e-05
5.91277e-05
5.76217e-05
5.61331e-05
5.46626e-05
5.32106e-05
5.17778e-05
5.03646e-05
4.89714e-05
4.75986e-05
4.62468e-05
4.49161e-05
4.36069e-05
4.23195e-05
4.1054e-05
3.98108e-05
3.85898e-05
3.73913e-05
3.62153e-05
3.50618e-05
3.39308e-05
3.28224e-05
3.17364e-05
3.06728e-05
2.96316e-05
2.86125e-05
2.76154e-05
2.66403e-05
2.56869e-05
2.4755e-05
2.38445e-05
2.29552e-05
2.20869e-05
2.12395e-05
2.04126e-05
1.96062e-05
1.882e-05
1.80539e-05
1.73076e-05
1.65811e-05
1.58742e-05
1.51866e-05
6.79615e-05
6.63407e-05
6.47339e-05
6.31418e-05
6.15652e-05
6.00049e-05
5.84614e-05
5.69354e-05
5.54276e-05
5.39384e-05
5.24685e-05
5.10183e-05
4.95883e-05
4.81789e-05
4.67906e-05
4.54237e-05
4.40785e-05
4.27553e-05
4.14543e-05
4.01758e-05
3.89199e-05
3.76868e-05
3.64766e-05
3.52893e-05
3.4125e-05
3.29837e-05
3.18655e-05
3.07702e-05
2.96978e-05
2.86484e-05
2.76216e-05
2.66176e-05
2.56361e-05
2.46771e-05
2.37403e-05
2.28257e-05
2.19332e-05
2.10625e-05
2.02136e-05
1.93863e-05
1.85804e-05
1.77958e-05
1.70324e-05
1.629e-05
7.20848e-05
7.0401e-05
6.87299e-05
6.70721e-05
6.54286e-05
6.38e-05
6.21871e-05
6.05906e-05
5.90112e-05
5.74494e-05
5.5906e-05
5.43816e-05
5.28766e-05
5.13916e-05
4.99271e-05
4.84835e-05
4.70613e-05
4.56608e-05
4.42824e-05
4.29264e-05
4.15931e-05
4.02826e-05
3.89953e-05
3.77312e-05
3.64905e-05
3.52734e-05
3.40799e-05
3.29101e-05
3.1764e-05
3.06416e-05
2.95429e-05
2.84679e-05
2.74165e-05
2.63888e-05
2.53845e-05
2.44038e-05
2.34463e-05
2.25122e-05
2.16012e-05
2.07133e-05
1.98483e-05
1.90062e-05
1.81867e-05
1.73898e-05
7.61056e-05
7.43626e-05
7.26307e-05
7.09109e-05
6.92039e-05
6.75106e-05
6.58318e-05
6.41682e-05
6.25206e-05
6.08897e-05
5.92762e-05
5.76807e-05
5.61039e-05
5.45464e-05
5.30087e-05
5.14915e-05
4.99951e-05
4.85202e-05
4.70671e-05
4.56362e-05
4.42278e-05
4.28425e-05
4.14803e-05
4.01417e-05
3.88267e-05
3.75358e-05
3.62689e-05
3.50263e-05
3.38081e-05
3.26144e-05
3.14453e-05
3.03008e-05
2.91809e-05
2.80856e-05
2.70151e-05
2.59692e-05
2.49479e-05
2.39512e-05
2.2979e-05
2.20312e-05
2.11079e-05
2.02088e-05
1.93339e-05
1.84831e-05
8.00162e-05
7.82174e-05
7.64284e-05
7.465e-05
7.28831e-05
7.11286e-05
6.93874e-05
6.76602e-05
6.59479e-05
6.42511e-05
6.25708e-05
6.09076e-05
5.92623e-05
5.76354e-05
5.60278e-05
5.44399e-05
5.28724e-05
5.13259e-05
4.98008e-05
4.82978e-05
4.68171e-05
4.53594e-05
4.39249e-05
4.2514e-05
4.11271e-05
3.97645e-05
3.84263e-05
3.7113e-05
3.58246e-05
3.45613e-05
3.33234e-05
3.2111e-05
3.0924e-05
2.97628e-05
2.86272e-05
2.75175e-05
2.64335e-05
2.53753e-05
2.43429e-05
2.33362e-05
2.23554e-05
2.14002e-05
2.04706e-05
1.95666e-05
8.38086e-05
8.19575e-05
8.01148e-05
7.82814e-05
7.64581e-05
7.46459e-05
7.28457e-05
7.10584e-05
6.92847e-05
6.75256e-05
6.57819e-05
6.40543e-05
6.23437e-05
6.06508e-05
5.89763e-05
5.73209e-05
5.56853e-05
5.40702e-05
5.24762e-05
5.09038e-05
4.93536e-05
4.78261e-05
4.63219e-05
4.48413e-05
4.33848e-05
4.19528e-05
4.05457e-05
3.91637e-05
3.78071e-05
3.64763e-05
3.51715e-05
3.38929e-05
3.26407e-05
3.1415e-05
3.02159e-05
2.90437e-05
2.78984e-05
2.678e-05
2.56886e-05
2.46242e-05
2.35869e-05
2.25766e-05
2.15933e-05
2.06369e-05
8.74747e-05
8.55748e-05
8.36819e-05
8.17968e-05
7.99206e-05
7.80542e-05
7.61985e-05
7.43544e-05
7.25229e-05
7.07048e-05
6.89011e-05
6.71125e-05
6.53399e-05
6.35841e-05
6.1846e-05
6.01264e-05
5.84258e-05
5.67452e-05
5.50852e-05
5.34464e-05
5.18296e-05
5.02352e-05
4.8664e-05
4.71163e-05
4.55928e-05
4.4094e-05
4.26202e-05
4.11719e-05
3.97494e-05
3.83532e-05
3.69836e-05
3.56407e-05
3.4325e-05
3.30367e-05
3.17759e-05
3.05428e-05
2.93377e-05
2.81606e-05
2.70116e-05
2.58908e-05
2.47982e-05
2.3734e-05
2.26981e-05
2.16905e-05
9.10065e-05
8.90611e-05
8.71212e-05
8.51879e-05
8.32622e-05
8.13449e-05
7.94371e-05
7.75398e-05
7.56538e-05
7.37802e-05
7.19198e-05
7.00736e-05
6.82424e-05
6.64272e-05
6.46288e-05
6.2848e-05
6.10858e-05
5.93428e-05
5.76199e-05
5.59178e-05
5.42373e-05
5.2579e-05
5.09435e-05
4.93316e-05
4.77438e-05
4.61807e-05
4.46429e-05
4.31307e-05
4.16448e-05
4.01855e-05
3.87532e-05
3.73483e-05
3.59712e-05
3.46222e-05
3.33016e-05
3.20095e-05
3.07463e-05
2.95121e-05
2.8307e-05
2.71313e-05
2.5985e-05
2.48682e-05
2.3781e-05
2.27233e-05
9.43956e-05
9.24079e-05
9.04245e-05
8.84462e-05
8.64743e-05
8.45096e-05
8.25531e-05
8.06059e-05
7.86688e-05
7.6743e-05
7.48294e-05
7.29289e-05
7.10425e-05
6.91712e-05
6.73158e-05
6.54773e-05
6.36566e-05
6.18546e-05
6.0072e-05
5.83097e-05
5.65686e-05
5.48494e-05
5.31528e-05
5.14795e-05
4.98303e-05
4.82057e-05
4.66065e-05
4.50332e-05
4.34863e-05
4.19663e-05
4.04739e-05
3.90093e-05
3.7573e-05
3.61655e-05
3.47871e-05
3.3438e-05
3.21187e-05
3.08292e-05
2.957e-05
2.8341e-05
2.71426e-05
2.59748e-05
2.48377e-05
2.37314e-05
9.76336e-05
9.56067e-05
9.35829e-05
9.1563e-05
8.95481e-05
8.75393e-05
8.55374e-05
8.35437e-05
8.1559e-05
7.95844e-05
7.76209e-05
7.56696e-05
7.37314e-05
7.18073e-05
6.98984e-05
6.80055e-05
6.61297e-05
6.42718e-05
6.24329e-05
6.06137e-05
5.88152e-05
5.70382e-05
5.52835e-05
5.35519e-05
5.18443e-05
5.01612e-05
4.85035e-05
4.68718e-05
4.52667e-05
4.36888e-05
4.21387e-05
4.06169e-05
3.9124e-05
3.76603e-05
3.62264e-05
3.48226e-05
3.34492e-05
3.21066e-05
3.0795e-05
2.95147e-05
2.8266e-05
2.70489e-05
2.58637e-05
2.47104e-05
0.000100712
9.86488e-05
9.65877e-05
9.45293e-05
9.24747e-05
9.0425e-05
8.83811e-05
8.63442e-05
8.43152e-05
8.22952e-05
8.02853e-05
7.82865e-05
7.62999e-05
7.43265e-05
7.23674e-05
7.04236e-05
6.8496e-05
6.65857e-05
6.46938e-05
6.2821e-05
6.09684e-05
5.91369e-05
5.73274e-05
5.55407e-05
5.37777e-05
5.20393e-05
5.03261e-05
4.86389e-05
4.69785e-05
4.53455e-05
4.37405e-05
4.21643e-05
4.06173e-05
3.91e-05
3.76131e-05
3.61569e-05
3.47318e-05
3.33383e-05
3.19766e-05
3.06472e-05
2.93502e-05
2.80858e-05
2.68543e-05
2.56558e-05
0.000103621
0.000101525
9.94297e-05
9.7336e-05
9.52449e-05
9.31574e-05
9.10748e-05
8.89979e-05
8.69279e-05
8.48659e-05
8.2813e-05
8.07702e-05
7.87386e-05
7.67194e-05
7.47135e-05
7.27222e-05
7.07464e-05
6.87871e-05
6.68455e-05
6.49226e-05
6.30193e-05
6.11367e-05
5.92757e-05
5.74372e-05
5.56222e-05
5.38315e-05
5.2066e-05
5.03266e-05
4.86139e-05
4.69288e-05
4.5272e-05
4.36441e-05
4.20458e-05
4.04778e-05
3.89405e-05
3.74345e-05
3.59603e-05
3.45184e-05
3.3109e-05
3.17327e-05
3.03896e-05
2.90802e-05
2.78045e-05
2.65628e-05
0.000106352
0.000104226
0.0001021
9.99735e-05
9.78489e-05
9.5727e-05
9.36088e-05
9.14953e-05
8.93876e-05
8.72869e-05
8.51943e-05
8.31109e-05
8.10378e-05
7.89762e-05
7.69271e-05
7.48918e-05
7.28712e-05
7.08665e-05
6.88789e-05
6.69093e-05
6.49588e-05
6.30285e-05
6.11195e-05
5.92326e-05
5.7369e-05
5.55295e-05
5.3715e-05
5.19265e-05
5.01649e-05
4.84309e-05
4.67253e-05
4.50489e-05
4.34024e-05
4.17865e-05
4.02017e-05
3.86488e-05
3.71283e-05
3.56405e-05
3.41861e-05
3.27654e-05
3.13788e-05
3.00266e-05
2.87091e-05
2.74265e-05
0.000108895
0.000106742
0.000104587
0.000102432
0.000100277
9.81238e-05
9.59731e-05
9.38262e-05
9.16842e-05
8.95482e-05
8.74193e-05
8.52987e-05
8.31876e-05
8.1087e-05
7.89983e-05
7.69224e-05
7.48607e-05
7.28141e-05
7.0784e-05
6.87713e-05
6.67773e-05
6.48029e-05
6.28494e-05
6.09178e-05
5.9009e-05
5.71242e-05
5.52643e-05
5.34303e-05
5.1623e-05
4.98435e-05
4.80924e-05
4.63708e-05
4.46793e-05
4.30187e-05
4.13896e-05
3.97928e-05
3.82288e-05
3.66982e-05
3.52016e-05
3.37393e-05
3.23118e-05
3.09195e-05
2.95626e-05
2.82416e-05
0.000111241
0.000109063
0.000106883
0.000104701
0.000102519
0.000100337
9.81574e-05
9.59803e-05
9.38072e-05
9.16392e-05
8.94774e-05
8.73231e-05
8.51774e-05
8.30415e-05
8.09166e-05
7.88039e-05
7.67046e-05
7.46199e-05
7.25509e-05
7.04988e-05
6.84649e-05
6.64502e-05
6.44559e-05
6.24832e-05
6.0533e-05
5.86066e-05
5.67048e-05
5.48289e-05
5.29796e-05
5.11581e-05
4.93652e-05
4.76017e-05
4.58687e-05
4.41667e-05
4.24966e-05
4.08592e-05
3.9255e-05
3.76847e-05
3.61488e-05
3.4648e-05
3.31825e-05
3.17529e-05
3.03595e-05
2.90027e-05
0.000113378
0.000111178
0.000108976
0.00010677
0.000104564
0.000102357
0.000100151
9.79468e-05
9.57459e-05
9.35492e-05
9.13579e-05
8.91733e-05
8.69966e-05
8.48289e-05
8.26715e-05
8.05255e-05
7.83924e-05
7.62732e-05
7.41691e-05
7.20815e-05
7.00115e-05
6.79603e-05
6.59291e-05
6.3919e-05
6.19313e-05
5.99671e-05
5.80273e-05
5.61132e-05
5.42258e-05
5.2366e-05
5.05349e-05
4.87334e-05
4.69623e-05
4.52226e-05
4.35151e-05
4.18405e-05
4.01995e-05
3.85928e-05
3.70211e-05
3.54848e-05
3.39846e-05
3.25208e-05
3.10938e-05
2.97041e-05
0.000115295
0.000113077
0.000110854
0.000108628
0.0001064
0.000104171
0.000101942
9.97143e-05
9.74888e-05
9.52668e-05
9.30495e-05
9.08381e-05
8.86338e-05
8.64379e-05
8.42517e-05
8.20763e-05
7.9913e-05
7.77632e-05
7.56279e-05
7.35086e-05
7.14065e-05
6.93227e-05
6.72585e-05
6.52152e-05
6.31939e-05
6.11958e-05
5.92221e-05
5.72738e-05
5.53521e-05
5.34581e-05
5.15927e-05
4.97569e-05
4.79518e-05
4.61782e-05
4.44369e-05
4.27288e-05
4.10547e-05
3.94153e-05
3.78112e-05
3.62431e-05
3.47114e-05
3.32167e-05
3.17595e-05
3.03401e-05
0.000116981
0.000114747
0.000112507
0.000110263
0.000108017
0.000105768
0.000103519
0.000101271
9.90241e-05
9.67802e-05
9.45402e-05
9.23056e-05
9.00774e-05
8.7857e-05
8.56457e-05
8.34446e-05
8.12551e-05
7.90785e-05
7.69161e-05
7.47691e-05
7.26388e-05
7.05266e-05
6.84336e-05
6.63611e-05
6.43104e-05
6.22827e-05
6.02791e-05
5.83008e-05
5.63491e-05
5.44249e-05
5.25293e-05
5.06635e-05
4.88283e-05
4.70248e-05
4.52539e-05
4.35163e-05
4.1813e-05
4.01446e-05
3.8512e-05
3.69156e-05
3.53562e-05
3.38343e-05
3.23503e-05
3.09046e-05
0.000118423
0.000116175
0.000113921
0.000111662
0.0001094
0.000107136
0.00010487
0.000102604
0.000100339
9.80768e-05
9.58178e-05
9.35635e-05
9.13151e-05
8.90739e-05
8.68413e-05
8.46185e-05
8.24068e-05
8.02075e-05
7.80219e-05
7.58514e-05
7.36972e-05
7.15607e-05
6.94432e-05
6.73458e-05
6.527e-05
6.3217e-05
6.1188e-05
5.91841e-05
5.72067e-05
5.52567e-05
5.33354e-05
5.14438e-05
4.95829e-05
4.77538e-05
4.59574e-05
4.41946e-05
4.24662e-05
4.0773e-05
3.91158e-05
3.74953e-05
3.59121e-05
3.43667e-05
3.28596e-05
3.13913e-05
0.000119608
0.000117349
0.000115083
0.000112812
0.000110538
0.00010826
0.000105981
0.000103701
0.000101421
9.91437e-05
9.68691e-05
9.45988e-05
9.23339e-05
9.00759e-05
8.78259e-05
8.55853e-05
8.33554e-05
8.11376e-05
7.89331e-05
7.67434e-05
7.45697e-05
7.24134e-05
7.02757e-05
6.81581e-05
6.60617e-05
6.3988e-05
6.1938e-05
5.99132e-05
5.79146e-05
5.59435e-05
5.4001e-05
5.20882e-05
5.02063e-05
4.83561e-05
4.65387e-05
4.47551e-05
4.30061e-05
4.12925e-05
3.96151e-05
3.79746e-05
3.63717e-05
3.48069e-05
3.32809e-05
3.17939e-05
0.000120521
0.000118253
0.000115979
0.000113699
0.000111414
0.000109127
0.000106837
0.000104546
0.000102256
9.99669e-05
9.76804e-05
9.53978e-05
9.31204e-05
9.08494e-05
8.85861e-05
8.63319e-05
8.40881e-05
8.18561e-05
7.96372e-05
7.74327e-05
7.52439e-05
7.30724e-05
7.09193e-05
6.8786e-05
6.66739e-05
6.45841e-05
6.25182e-05
6.04771e-05
5.84623e-05
5.64749e-05
5.45161e-05
5.2587e-05
5.06888e-05
4.88224e-05
4.69888e-05
4.51891e-05
4.34242e-05
4.16948e-05
4.00018e-05
3.83459e-05
3.67278e-05
3.51481e-05
3.36073e-05
3.2106e-05
0.000121147
0.000118873
0.000116593
0.000114307
0.000112016
0.000109721
0.000107425
0.000105127
0.000102829
0.000100532
9.82371e-05
9.59462e-05
9.36601e-05
9.13803e-05
8.9108e-05
8.68445e-05
8.45913e-05
8.23495e-05
8.01207e-05
7.79061e-05
7.57071e-05
7.35251e-05
7.13615e-05
6.92175e-05
6.70946e-05
6.49939e-05
6.29169e-05
6.08648e-05
5.88389e-05
5.68403e-05
5.48703e-05
5.29301e-05
5.10206e-05
4.91431e-05
4.72985e-05
4.54877e-05
4.37118e-05
4.19716e-05
4.02679e-05
3.86014e-05
3.69728e-05
3.53829e-05
3.3832e-05
3.23207e-05
0.000121469
0.000119192
0.000116909
0.000114619
0.000112325
0.000110027
0.000107727
0.000105425
0.000103123
0.000100822
9.85236e-05
9.62284e-05
9.3938e-05
9.16536e-05
8.93767e-05
8.71085e-05
8.48503e-05
8.26036e-05
8.03697e-05
7.81499e-05
7.59457e-05
7.37584e-05
7.15893e-05
6.94398e-05
6.73113e-05
6.5205e-05
6.31224e-05
6.10646e-05
5.90329e-05
5.70286e-05
5.50528e-05
5.31068e-05
5.11916e-05
4.93083e-05
4.7458e-05
4.56416e-05
4.38601e-05
4.21143e-05
4.0405e-05
3.87331e-05
3.70992e-05
3.55039e-05
3.39478e-05
3.24315e-05
)
;

boundaryField
{
    down
    {
        type            symmetryPlane;
    }
    right
    {
        type            fixedValue;
        value           nonuniform List<scalar> 0();
    }
    up
    {
        type            symmetryPlane;
    }
    left
    {
        type            zeroGradient;
    }
    cylinder
    {
        type            zeroGradient;
    }
    frontAndBack
    {
        type            empty;
    }
    procBoundary10to5
    {
        type            processor;
        value           nonuniform List<scalar> 2(-0.000442212 -0.000425124);
    }
    procBoundary10to6
    {
        type            processor;
        value           nonuniform List<scalar> 
72
(
-0.000132159
-0.000127396
-0.000122783
-0.000118317
-0.000113203
-0.000113203
-0.00010906
-0.000105051
-0.000101174
-9.74263e-05
-9.38041e-05
-9.03044e-05
-8.6924e-05
-8.36594e-05
-8.05073e-05
-7.74641e-05
-7.45263e-05
-7.16904e-05
-6.89528e-05
-6.63101e-05
-6.37588e-05
-6.12953e-05
-5.89163e-05
-5.66184e-05
-5.43986e-05
-5.22536e-05
-5.01804e-05
-4.81763e-05
-4.62385e-05
-4.43644e-05
-4.25516e-05
-4.07978e-05
-3.91007e-05
-3.74584e-05
-3.58688e-05
-3.43301e-05
-3.28407e-05
-3.13991e-05
-3.00036e-05
-2.86529e-05
-2.73457e-05
-2.60809e-05
-2.48574e-05
-2.36738e-05
-2.25302e-05
-0.000439216
-0.000419755
-0.000400921
-0.000382738
-0.000365252
-0.000348483
-0.000332433
-0.000317097
-0.000302471
-0.000288542
-0.000275296
-0.000262713
-0.000250772
-0.00023945
-0.000228723
-0.000218566
-0.000208952
-0.000199856
-0.000191253
-0.000183117
-0.000175422
-0.000168146
-0.000161265
-0.000154756
-0.000148598
-0.00014277
-0.000137252
)
;
    }
    procBoundary10to9
    {
        type            processor;
        value           nonuniform List<scalar> 
73
(
-0.000408076
-0.000391126
-0.000374325
-0.000357717
-0.000341336
-0.000325209
-0.000309361
-0.000293812
-0.000278577
-0.000263668
-0.000249095
-0.000234864
-0.000220978
-0.000207441
-0.000194253
-0.000181411
-0.000168914
-0.000156758
-0.000145179
-0.000134041
-0.000122993
-0.000112046
-0.000101207
-9.0483e-05
-7.98818e-05
-6.94104e-05
-5.90756e-05
-4.88839e-05
-3.88414e-05
-2.89542e-05
-1.92276e-05
-9.66689e-06
-2.76929e-07
8.93775e-06
1.79731e-05
2.68253e-05
3.54909e-05
4.39668e-05
5.22501e-05
6.03382e-05
6.82289e-05
7.59198e-05
8.34093e-05
9.06955e-05
9.77768e-05
0.000104652
0.000111319
0.000117778
0.000124026
0.000130064
0.000135889
0.000141501
0.000146898
0.000152079
0.000157043
0.000161788
0.000166313
0.000170615
0.000174692
0.000178542
0.000182161
0.000185546
0.000188692
0.000191596
0.000194252
0.000196654
0.000198794
0.000200665
0.000202256
0.000203558
0.000204558
0.000205242
0.000205593
)
;
    }
    procBoundary10to11
    {
        type            processor;
        value           nonuniform List<scalar> 
74
(
-2.1052e-05
-2.06691e-05
-2.02756e-05
-1.98717e-05
-1.94574e-05
-1.90327e-05
-1.85978e-05
-1.81529e-05
-1.76979e-05
-1.72331e-05
-1.67587e-05
-1.62747e-05
-1.57813e-05
-1.52788e-05
-1.47673e-05
-1.42471e-05
-1.37183e-05
-1.31811e-05
-1.26359e-05
-1.20942e-05
-1.15515e-05
-1.09909e-05
-1.04119e-05
-9.81438e-06
-9.19784e-06
-8.562e-06
-7.90658e-06
-7.23132e-06
-6.53599e-06
-5.82041e-06
-5.08445e-06
-4.32803e-06
-3.55111e-06
-2.75374e-06
-1.93601e-06
-1.09812e-06
-2.40303e-07
6.37078e-07
1.53359e-06
2.44868e-06
3.38172e-06
4.33194e-06
5.29847e-06
6.28031e-06
7.2763e-06
8.28519e-06
9.30554e-06
1.03358e-05
1.13742e-05
1.24188e-05
1.34676e-05
1.45183e-05
1.55685e-05
1.66154e-05
1.76563e-05
1.86881e-05
1.97075e-05
2.07111e-05
2.16952e-05
2.26559e-05
2.35891e-05
2.44904e-05
2.53553e-05
2.6179e-05
2.69565e-05
2.76826e-05
2.83519e-05
2.89589e-05
2.94976e-05
2.99622e-05
3.03466e-05
3.06445e-05
3.08496e-05
3.09553e-05
)
;
    }
}


// ************************************************************************* //
