/*--------------------------------*- C++ -*----------------------------------*\
| =========                 |                                                 |
| \\      /  F ield         | OpenFOAM: The Open Source CFD Toolbox           |
|  \\    /   O peration     | Version:  2412                                  |
|   \\  /    A nd           | Website:  www.openfoam.com                      |
|    \\/     M anipulation  |                                                 |
\*---------------------------------------------------------------------------*/
FoamFile
{
    version     2.0;
    format      ascii;
    arch        "LSB;label=32;scalar=64";
    class       volScalarField;
    location    "19";
    object      p;
}
// * * * * * * * * * * * * * * * * * * * * * * * * * * * * * * * * * * * * * //

dimensions      [0 2 -2 0 0 0 0];

internalField   nonuniform List<scalar> 
5285
(
-0.000843303
-0.000784098
-0.000809902
-0.000825072
-0.000838755
-0.000850105
-0.000858072
-0.000862754
-0.00086441
-0.000863199
-0.000859265
-0.000852776
-0.00084391
-0.000832851
-0.000819787
-0.000804907
-0.0007884
-0.000770454
-0.000751254
-0.00073098
-0.000709806
-0.000687901
-0.000665424
-0.000642526
-0.000729179
-0.000753804
-0.000768945
-0.000782653
-0.000794177
-0.000802585
-0.000807961
-0.00081053
-0.00081043
-0.000807787
-0.000802748
-0.000795472
-0.000786124
-0.000774872
-0.000761886
-0.000747338
-0.000731399
-0.000714237
-0.000696016
-0.000676898
-0.000657036
-0.000636578
-0.000615665
-0.000678151
-0.000701664
-0.000716718
-0.000730393
-0.000742019
-0.000750774
-0.000756728
-0.000760078
-0.000760942
-0.000759431
-0.000755675
-0.000749815
-0.000741997
-0.000732373
-0.000721096
-0.000708323
-0.000694206
-0.000678901
-0.000662558
-0.000645324
-0.00062734
-0.000608743
-0.000589664
-0.000630666
-0.000653129
-0.000668055
-0.00068165
-0.00069332
-0.000702343
-0.000708777
-0.000712793
-0.000714494
-0.000713976
-0.000711354
-0.000706753
-0.000700305
-0.000692144
-0.00068241
-0.000671242
-0.000658782
-0.000645169
-0.000630541
-0.000615033
-0.000598774
-0.000581892
-0.000564507
-0.000586409
-0.000607883
-0.000622649
-0.000636128
-0.000647797
-0.00065702
-0.000663851
-0.000668434
-0.000670859
-0.000671212
-0.000669592
-0.000666112
-0.000660889
-0.000654043
-0.000645701
-0.000635987
-0.000625032
-0.00061296
-0.0005999
-0.000585973
-0.0005713
-0.000555997
-0.000540175
-0.000545095
-0.000565638
-0.00058022
-0.000593555
-0.000605185
-0.000614554
-0.000621709
-0.000626773
-0.000629826
-0.000630941
-0.000630208
-0.000627726
-0.000623598
-0.000617935
-0.000610847
-0.000602451
-0.000592862
-0.000582196
-0.000570568
-0.00055809
-0.000544874
-0.000531026
-0.000516649
-0.000506473
-0.00052614
-0.000540518
-0.000553688
-0.000565248
-0.000574717
-0.000582134
-0.000587606
-0.000591201
-0.000592984
-0.000593034
-0.000591439
-0.000588292
-0.000583691
-0.000577737
-0.000570534
-0.000562187
-0.000552802
-0.000542483
-0.000531334
-0.000519456
-0.000506948
-0.000493906
-0.000470317
-0.00048916
-0.000503321
-0.000516308
-0.000527774
-0.000537304
-0.00054493
-0.000550745
-0.000554807
-0.000557175
-0.000557917
-0.000557112
-0.000554842
-0.000551197
-0.000546266
-0.000540144
-0.000532926
-0.000524708
-0.000515586
-0.000505655
-0.000495007
-0.000483735
-0.000471925
-0.000436425
-0.000454491
-0.000468425
-0.000481218
-0.00049257
-0.000502127
-0.000509918
-0.00051602
-0.000520485
-0.000523363
-0.000524716
-0.000524613
-0.000523129
-0.000520343
-0.000516336
-0.000511193
-0.000505002
-0.000497848
-0.000489821
-0.000481006
-0.00047149
-0.000461355
-0.000450684
-0.000404615
-0.00042195
-0.00043565
-0.000448238
-0.000459461
-0.000469019
-0.000476935
-0.000483276
-0.000488086
-0.00049141
-0.000493302
-0.000493824
-0.000493043
-0.000491029
-0.000487856
-0.000483601
-0.000478343
-0.000472161
-0.000465134
-0.000457344
-0.000448867
-0.000439781
-0.000430162
-0.000374721
-0.000391368
-0.000404829
-0.000417207
-0.000428289
-0.000437825
-0.000445833
-0.00045237
-0.000457476
-0.000461188
-0.000463555
-0.000464633
-0.000464481
-0.000463161
-0.000460741
-0.000457291
-0.000452882
-0.000447585
-0.000441475
-0.000434623
-0.000427102
-0.000418984
-0.000410337
-0.000346596
-0.000362595
-0.000375815
-0.000387979
-0.00039891
-0.000408404
-0.000416476
-0.000423173
-0.00042853
-0.000432579
-0.000435366
-0.000436937
-0.000437347
-0.000436652
-0.000434913
-0.000432192
-0.000428555
-0.000424066
-0.000418794
-0.000412803
-0.000406162
-0.000398935
-0.000391186
-0.000320104
-0.000335492
-0.00034847
-0.000360418
-0.000371193
-0.000380629
-0.00038874
-0.000395565
-0.000401134
-0.000405477
-0.000408631
-0.000410641
-0.000411554
-0.00041142
-0.000410296
-0.000408237
-0.000405301
-0.000401551
-0.000397045
-0.000391845
-0.000386013
-0.000379608
-0.000372689
-0.000295124
-0.000309936
-0.000322673
-0.000334404
-0.000345016
-0.000354381
-0.000362511
-0.000369437
-0.000375184
-0.00037978
-0.000383258
-0.000385657
-0.000387019
-0.000387391
-0.000386821
-0.000385362
-0.000383066
-0.000379988
-0.000376184
-0.00037171
-0.000366622
-0.000360975
-0.000354824
-0.000271544
-0.000285814
-0.000298312
-0.000309825
-0.000320271
-0.000329555
-0.000337686
-0.000344688
-0.000350584
-0.000355398
-0.00035916
-0.000361904
-0.000363667
-0.000364493
-0.000364425
-0.000363509
-0.000361795
-0.000359331
-0.00035617
-0.000352362
-0.000347958
-0.000343011
-0.00033757
-0.000249262
-0.000263022
-0.000275283
-0.000286581
-0.000296859
-0.000306053
-0.000314169
-0.000321227
-0.000327246
-0.000332247
-0.000336256
-0.000339305
-0.000341428
-0.000342661
-0.000343045
-0.000342623
-0.000341438
-0.000339536
-0.000336963
-0.000333766
-0.000329993
-0.000325691
-0.000320906
-0.00022819
-0.000241469
-0.000253496
-0.000264579
-0.000274688
-0.000283785
-0.000291873
-0.000298968
-0.000305087
-0.000310247
-0.000314473
-0.000317792
-0.000320234
-0.000321834
-0.000322627
-0.000322652
-0.000321949
-0.000320559
-0.000318525
-0.00031589
-0.000312697
-0.00030899
-0.000304812
-0.000208252
-0.000221076
-0.000232865
-0.000243734
-0.000253675
-0.000262668
-0.000270717
-0.000277834
-0.000284032
-0.000289327
-0.000293741
-0.000297298
-0.000300026
-0.000301955
-0.000303117
-0.000303548
-0.000303283
-0.000302361
-0.00030082
-0.000298701
-0.000296042
-0.000292884
-0.000289268
-0.000605214
-0.000648746
-0.000560887
-0.000601829
-0.000641869
-0.000680947
-0.000719115
-0.000755832
-0.000789459
-0.000519566
-0.00055814
-0.000595841
-0.000632599
-0.000668445
-0.000702882
-0.00073452
-0.000480984
-0.000517395
-0.000552951
-0.000587582
-0.000621309
-0.00065367
-0.000683492
-0.000444865
-0.000479324
-0.000512924
-0.000545608
-0.000577393
-0.00060786
-0.000636017
-0.000411057
-0.000443713
-0.000475514
-0.000506411
-0.000536418
-0.000565153
-0.000591779
-0.00037938
-0.00041036
-0.000440502
-0.000469755
-0.000498127
-0.000525273
-0.00055049
-0.000349649
-0.000379079
-0.000407687
-0.000435424
-0.000462289
-0.000487976
-0.000511892
-0.000321703
-0.000349701
-0.000376891
-0.000403226
-0.000428702
-0.000453045
-0.000475757
-0.000295404
-0.000322074
-0.00034795
-0.000372989
-0.00039718
-0.000420284
-0.000441882
-0.000270625
-0.000296063
-0.000320721
-0.000344557
-0.00036756
-0.000389517
-0.000410082
-0.000247252
-0.000271545
-0.000295071
-0.000317791
-0.000339691
-0.000360588
-0.000380193
-0.000225183
-0.000248409
-0.000270882
-0.000292563
-0.000313439
-0.000333353
-0.000352066
-0.000204323
-0.000226554
-0.000248044
-0.000268759
-0.000288683
-0.000307683
-0.000325565
-0.000184586
-0.000205887
-0.00022646
-0.000246274
-0.000265311
-0.000283461
-0.000300569
-0.000165893
-0.000186324
-0.000206041
-0.000225013
-0.000243223
-0.000260581
-0.000276965
-0.000148173
-0.000167789
-0.000186705
-0.000204889
-0.000222326
-0.000238945
-0.000254654
-0.000131359
-0.000150211
-0.000168374
-0.000185822
-0.000202536
-0.000218464
-0.000233541
-0.000115393
-0.000133525
-0.000150981
-0.000167737
-0.000183776
-0.000199062
-0.000213551
-0.000100221
-0.000117684
-0.000134482
-0.000150593
-0.000165998
-0.000180679
-0.000194609
-0.000516002
-0.000560881
-0.000255207
-0.000304092
-0.000346722
-0.000389894
-0.00043355
-0.000476717
-0.000519144
-0.000230601
-0.000276611
-0.000317071
-0.000358004
-0.000399298
-0.000439955
-0.00048019
-0.00020733
-0.000250722
-0.000289201
-0.000328093
-0.000367321
-0.000406263
-0.000443853
-0.000185309
-0.000226312
-0.000262964
-0.000299947
-0.000337138
-0.000373855
-0.000409661
-0.000164461
-0.000203278
-0.000238246
-0.000273465
-0.000308784
-0.000343579
-0.000377643
-0.000144712
-0.000181524
-0.00021494
-0.000248536
-0.000282154
-0.00031524
-0.000347643
-0.000125993
-0.000160965
-0.000192947
-0.000225045
-0.000257098
-0.000288617
-0.00031947
-0.000108239
-0.000141519
-0.000172175
-0.000202884
-0.000233487
-0.000263553
-0.000292966
-9.13921e-05
-0.000123112
-0.000152537
-0.000181954
-0.000211211
-0.000239927
-0.000268001
-7.53959e-05
-0.000105676
-0.000133954
-0.000162169
-0.000190172
-0.000217635
-0.000244463
-6.01987e-05
-8.9146e-05
-0.000116355
-0.000143448
-0.000170283
-0.000196578
-0.000222246
-4.57524e-05
-7.34647e-05
-9.96749e-05
-0.000125718
-0.000151461
-0.000176668
-0.000201253
-3.20123e-05
-5.85785e-05
-8.38527e-05
-0.000108913
-0.000133641
-0.000157824
-0.000181398
-1.89371e-05
-4.44383e-05
-6.88336e-05
-9.29697e-05
-0.000116748
-0.000139972
-0.000162599
-6.48511e-06
-3.09929e-05
-5.45651e-05
-7.78373e-05
-0.00010071
-0.000123044
-0.000144786
5.38209e-06
-1.8191e-05
-4.09988e-05
-6.34533e-05
-8.5483e-05
-0.00010698
-0.00012789
1.66766e-05
-6.04781e-06
-2.809e-05
-4.977e-05
-7.10133e-05
-9.17236e-05
-0.000111851
2.74715e-05
5.56303e-06
-1.57981e-05
-3.67567e-05
-5.72567e-05
-7.72243e-05
-9.66148e-05
3.77631e-05
1.6625e-05
-4.07207e-06
-2.4343e-05
-4.41432e-05
-6.3417e-05
-8.21216e-05
0.0009761
0.000966536
0.000955914
0.000944164
0.000931214
0.000916989
0.000901412
0.000884407
0.000865895
0.000845798
0.00082404
0.000800544
0.000775239
0.000748056
0.000718931
0.000687809
0.000654641
0.000619388
0.000582026
0.00054254
0.000500933
0.000457228
0.000411462
0.000363698
0.00031402
0.000262536
0.00020938
0.000154713
9.87207e-05
4.1619e-05
-1.63578e-05
-7.49842e-05
-0.000133721
-0.000191749
0.000953581
0.000943602
0.000932593
0.000920492
0.000907231
0.000892742
0.000876957
0.000859805
0.000841217
0.000821125
0.00079946
0.000776157
0.000751153
0.000724392
0.000695819
0.00066539
0.000633068
0.000598823
0.00056264
0.000524515
0.000484458
0.000442497
0.000398677
0.000353061
0.000305734
0.000256802
0.000206395
0.000154663
0.000101782
4.79506e-05
-6.61485e-06
-6.17087e-05
-0.00011684
-0.000171258
0.000931938
0.0009216
0.000910263
0.000897869
0.000884357
0.000869665
0.000853731
0.000836492
0.000817887
0.000797855
0.000776336
0.000753274
0.000728616
0.000702313
0.000674322
0.000644607
0.00061314
0.0005799
0.000544881
0.000508085
0.000469529
0.000429246
0.000387284
0.000343707
0.000298601
0.000252068
0.000204231
0.000155234
0.00010524
5.44342e-05
3.01422e-06
-4.88314e-05
-0.000100656
-0.000151774
0.000911151
0.000900506
0.000888894
0.000876261
0.000862551
0.00084771
0.00083168
0.000814407
0.000795835
0.000775911
0.000754584
0.000731804
0.000707527
0.000681712
0.000654325
0.000625337
0.000594728
0.000562486
0.000528608
0.000493106
0.000456
0.000417327
0.000377137
0.000335495
0.000292485
0.000248205
0.000202774
0.000156326
0.000109014
6.10082e-05
1.24919e-05
-3.63629e-05
-8.51503e-05
-0.000133247
0.000891197
0.000880292
0.000868452
0.000855629
0.000841771
0.000826828
0.000810751
0.00079349
0.000774996
0.000755222
0.000734124
0.00071166
0.000687793
0.000662489
0.000635721
0.000607467
0.000577713
0.000546454
0.000513694
0.000479447
0.000443739
0.000406608
0.000368106
0.000328298
0.000287265
0.000245103
0.000201923
0.000157852
0.000113033
6.76225e-05
2.17899e-05
-2.43074e-05
-7.03007e-05
-0.000115624
0.000872053
0.000860932
0.000848909
0.000835938
0.000821976
0.000806976
0.000790893
0.000773684
0.000755306
0.000735718
0.000714881
0.000692762
0.000669327
0.000644551
0.000618411
0.000590893
0.000561988
0.000531696
0.000500025
0.000466993
0.000432629
0.000396973
0.000360078
0.000322007
0.00028284
0.000242667
0.000201595
0.000159742
0.000117242
7.42392e-05
3.08899e-05
-1.26612e-05
-5.60802e-05
-9.88552e-05
0.000853696
0.000842398
0.000830231
0.000817154
0.000803126
0.000788107
0.000772056
0.000754935
0.000736706
0.000717334
0.000696786
0.000675033
0.000652048
0.000627811
0.000602305
0.000575521
0.000547453
0.000518107
0.000487495
0.000455637
0.000422565
0.000388319
0.000352951
0.000316526
0.000279118
0.000240815
0.000201717
0.000161936
0.000121594
8.08271e-05
3.97785e-05
-1.41874e-06
-4.24626e-05
-8.28913e-05
0.000836099
0.000824661
0.000812387
0.000799239
0.000785182
0.000770177
0.000754191
0.000737189
0.000719138
0.000700007
0.00067977
0.000658401
0.000635879
0.000612188
0.000587317
0.00056126
0.000534016
0.000505594
0.000476009
0.000445283
0.000413449
0.000380549
0.000346634
0.000311766
0.000276018
0.000239473
0.000202225
0.000164378
0.000126048
8.73598e-05
4.84449e-05
9.42658e-06
-2.94228e-05
-6.76883e-05
0.000819239
0.000807693
0.000795344
0.000782158
0.000768102
0.000753143
0.00073725
0.000720393
0.000702544
0.000683676
0.000663767
0.000642796
0.000620746
0.000597606
0.000573367
0.000548028
0.000521592
0.000494069
0.000465478
0.000435842
0.000405195
0.000373579
0.000341044
0.000307651
0.000273468
0.000238576
0.000203062
0.000167024
0.00013057
9.38155e-05
5.68819e-05
1.98829e-05
-1.69362e-05
-5.32043e-05
0.000803089
0.000791466
0.000779072
0.000765876
0.000751849
0.000736962
0.000721188
0.000704499
0.000686872
0.000668285
0.000648717
0.000628154
0.000606582
0.000583992
0.00056038
0.000535748
0.000510101
0.000483453
0.000455821
0.000427234
0.000397723
0.000367331
0.000336107
0.000304109
0.000271404
0.000238066
0.000204178
0.000169833
0.00013513
0.000100177
6.50848e-05
2.99598e-05
-4.97854e-06
-3.93993e-05
0.000787623
0.00077595
0.000763538
0.000750358
0.000736385
0.000721593
0.000705958
0.000689457
0.00067207
0.000653777
0.000634562
0.000614414
0.000593321
0.00057128
0.000548288
0.000524349
0.000499472
0.000473671
0.000446966
0.000419385
0.000390962
0.000361736
0.000331757
0.00030108
0.000269768
0.000237892
0.000205532
0.000172771
0.000139704
0.00010643
7.30516e-05
3.96674e-05
6.47384e-06
-2.6236e-05
0.000772817
0.000761118
0.000748711
0.00073557
0.000721673
0.000706996
0.000691519
0.000675223
0.000658088
0.000640101
0.000621247
0.000601517
0.000580905
0.000559408
0.000537026
0.000513765
0.000489637
0.000464656
0.000438845
0.00041223
0.000384846
0.000356731
0.000327934
0.000298507
0.00026851
0.000238012
0.000207085
0.000175809
0.000144271
0.000112563
8.07816e-05
4.90167e-05
1.74437e-05
-1.3679e-05
0.000758645
0.000746942
0.000734561
0.000721479
0.000707677
0.000693133
0.00067783
0.000661751
0.000644881
0.000627208
0.00060872
0.000589411
0.000569277
0.000548317
0.000526534
0.000503936
0.000480535
0.000456348
0.000431396
0.000405708
0.000379316
0.00035226
0.000324584
0.000296341
0.000267586
0.000238384
0.000208804
0.00017892
0.000148813
0.000118569
8.82762e-05
5.80191e-05
2.79532e-05
-1.69561e-06
0.000745081
0.000733395
0.000721059
0.000708054
0.000694363
0.000679967
0.000664851
0.000649001
0.000632405
0.000615051
0.000596933
0.000578044
0.000558384
0.000537954
0.000516758
0.000494805
0.00047211
0.000448688
0.000424564
0.000399763
0.00037432
0.000348271
0.000321661
0.000294537
0.000266956
0.000238975
0.000210661
0.000182083
0.000153317
0.000124441
9.55375e-05
6.66861e-05
3.80235e-05
9.74549e-06
0.000732103
0.000720449
0.000708175
0.000695263
0.000681697
0.000667463
0.000652545
0.000636933
0.000620616
0.000603587
0.000585839
0.000567369
0.000548178
0.000528268
0.000507646
0.000486321
0.000464308
0.000441626
0.000418296
0.000394346
0.000369808
0.000344718
0.000319119
0.000293057
0.000266583
0.000239754
0.000212631
0.00018528
0.000157769
0.000130173
0.000102569
7.50293e-05
4.7675e-05
2.06742e-05
0.000719685
0.00070808
0.000695882
0.000683077
0.000669649
0.000655586
0.000640876
0.000625509
0.000609477
0.000592774
0.000575396
0.000557342
0.000538612
0.000519213
0.00049915
0.000478435
0.000457083
0.000435113
0.000412546
0.000389411
0.000365737
0.00034156
0.000316921
0.000291864
0.000266437
0.000240694
0.000214693
0.000188493
0.000162161
0.000135764
0.000109374
8.30602e-05
5.69268e-05
3.11176e-05
0.000707804
0.000696262
0.000684154
0.000671466
0.000658187
0.000644304
0.000629809
0.000614692
0.000598949
0.000582573
0.000565563
0.00054792
0.000529645
0.000510744
0.000491227
0.000471104
0.00045039
0.000429106
0.000407272
0.000384915
0.000362066
0.000338759
0.000315032
0.000290927
0.00026649
0.000241772
0.000216826
0.00019171
0.000166484
0.000141211
0.000115958
9.079e-05
6.57969e-05
4.10983e-05
0.000696438
0.000684971
0.000672964
0.000660404
0.000647282
0.000633587
0.000619312
0.00060445
0.000588996
0.000572947
0.000556303
0.000539065
0.000521236
0.000502823
0.000483835
0.000464285
0.000444189
0.000423564
0.000402433
0.000380823
0.000358761
0.000336281
0.00031342
0.000290217
0.000266717
0.000242966
0.000219016
0.000194918
0.000170731
0.000146514
0.000122326
9.82301e-05
7.43037e-05
5.0647e-05
0.000685565
0.000674183
0.000662286
0.000649864
0.000636906
0.000623405
0.000609355
0.00059475
0.000579586
0.000563863
0.00054758
0.00053074
0.000513347
0.00049541
0.000476938
0.000457943
0.000438441
0.000418451
0.000397995
0.000377097
0.000355787
0.000334095
0.000312056
0.000289709
0.000267095
0.000244258
0.000221246
0.000198109
0.000174899
0.000151671
0.000128483
0.00010539
8.24603e-05
5.97771e-05
0.000675375
0.000664087
0.000652307
0.000640025
0.000627235
0.000613928
0.000600101
0.000585748
0.000570869
0.000555462
0.000539528
0.000523071
0.000506097
0.000488613
0.00047063
0.000452161
0.000433221
0.000413829
0.000394006
0.000373777
0.000353168
0.000332211
0.000310938
0.000289386
0.000267594
0.000245603
0.000223458
0.000201207
0.000178898
0.000156582
0.000134311
0.00011214
9.0122e-05
6.83183e-05
0.00066572
0.000654531
0.000642873
0.000630737
0.000618116
0.000605005
0.0005914
0.000577298
0.000562698
0.0005476
0.000532006
0.000515922
0.000499351
0.000482305
0.000464791
0.000446825
0.000428421
0.000409599
0.000390377
0.000370781
0.000350836
0.000330572
0.000310021
0.000289216
0.000268195
0.000246997
0.000225665
0.000204241
0.000182773
0.000161307
0.000139893
0.000118581
9.74195e-05
7.6462e-05
0.000656288
0.000645208
0.00063368
0.000621697
0.000609253
0.000596344
0.000582967
0.00056912
0.000554803
0.000540016
0.000524764
0.000509051
0.000492883
0.000476269
0.000459221
0.00044175
0.000423874
0.000405609
0.000386976
0.000367999
0.000348701
0.000329111
0.00030926
0.000289179
0.000268905
0.000248473
0.000227924
0.000207299
0.000186641
0.000165993
0.000145403
0.000124916
0.000104579
8.44406e-05
0.000647084
0.000636121
0.00062473
0.000612907
0.000600646
0.000587945
0.0005748
0.000561212
0.00054718
0.000532707
0.000517797
0.000502454
0.000486685
0.000470501
0.000453911
0.000436929
0.00041957
0.000401853
0.000383796
0.000365421
0.000346753
0.000327819
0.000308647
0.000289268
0.000269715
0.000250024
0.000230231
0.000210375
0.000190496
0.000170635
0.000150836
0.000131142
0.000111596
9.22434e-05
0.000638109
0.000627269
0.000616024
0.000604367
0.000592295
0.000579806
0.000566899
0.000553572
0.000539828
0.000525669
0.0005111
0.000496125
0.000480753
0.000464993
0.000448855
0.000432354
0.000415504
0.000398321
0.000380826
0.000363039
0.000344985
0.000326687
0.000308173
0.000289473
0.000270619
0.000251642
0.000232577
0.000213462
0.000194333
0.000175229
0.00015619
0.000137256
0.000118469
9.9869e-05
0.000629363
0.000618655
0.000607561
0.000596076
0.000584199
0.000571927
0.000559259
0.000546197
0.000532742
0.000518897
0.000504668
0.000490059
0.00047508
0.000459739
0.000444047
0.000428018
0.000411665
0.000395006
0.00037806
0.000360846
0.000343387
0.000325706
0.000307831
0.000289788
0.000271608
0.00025332
0.000234958
0.000216556
0.000198148
0.000179771
0.000161461
0.000143257
0.000125196
0.000107318
0.000631055
0.000620848
0.000610278
0.000599341
0.000588034
0.000576356
0.000564304
0.000551879
0.000539083
0.000525918
0.000512387
0.000498496
0.000484251
0.00046966
0.000454732
0.000439478
0.000423912
0.000408047
0.0003919
0.000375488
0.000358831
0.000341951
0.00032487
0.000307612
0.000290205
0.000272675
0.000255052
0.000237367
0.00021965
0.000201936
0.000184256
0.000166647
0.000149142
0.000131778
0.00011459
0.000622647
0.000612565
0.000602138
0.000591364
0.00058024
0.000568763
0.000556935
0.000544756
0.000532227
0.000519352
0.000506134
0.000492579
0.000478693
0.000464486
0.000449965
0.000435142
0.00042003
0.000404642
0.000388994
0.000373103
0.000356988
0.000340669
0.000324169
0.000307509
0.000290716
0.000273814
0.000256832
0.000239798
0.000222741
0.000205692
0.000188683
0.000171745
0.000154911
0.000138214
0.000121686
0.000614464
0.000604514
0.000594237
0.00058363
0.000572691
0.00056142
0.000549818
0.000537885
0.000525624
0.000513038
0.000500132
0.00048691
0.000473381
0.000459551
0.000445431
0.00043103
0.000416363
0.000401441
0.00038628
0.000370896
0.000355308
0.000339534
0.000323595
0.000307514
0.000291313
0.000275017
0.000258652
0.000242245
0.000225822
0.000209413
0.000193047
0.000176753
0.000160562
0.000144503
0.000128608
0.000606508
0.000596695
0.000586571
0.000576135
0.000565386
0.000554324
0.000542949
0.000531264
0.000519271
0.000506973
0.000494376
0.000481485
0.000468307
0.000454849
0.000441122
0.000427136
0.000412903
0.000398436
0.000383749
0.000368859
0.000353782
0.000338536
0.000323142
0.000307619
0.00029199
0.000276279
0.000260508
0.000244703
0.00022889
0.000213095
0.000197346
0.000181669
0.000166093
0.000150646
0.000135357
0.000598778
0.000589106
0.00057914
0.000568879
0.000558322
0.000547471
0.000536325
0.000524888
0.000513162
0.000501152
0.000488861
0.000476296
0.000463464
0.000450373
0.000437032
0.000423452
0.000409644
0.00039562
0.000381395
0.000366984
0.000352402
0.000337668
0.0003228
0.000307817
0.000292741
0.000277592
0.000262393
0.000247168
0.00023194
0.000216734
0.000201576
0.000186491
0.000171504
0.000156643
0.000141933
0.000591274
0.000581747
0.000571943
0.00056186
0.000551498
0.000540858
0.000529943
0.000518753
0.000507294
0.000495568
0.00048358
0.000471338
0.000458847
0.000446116
0.000433154
0.00041997
0.000406576
0.000392985
0.000379209
0.000365263
0.000351162
0.000336923
0.000322564
0.000308102
0.000293557
0.00027895
0.000264302
0.000249633
0.000234967
0.000220327
0.000205736
0.000191217
0.000176795
0.000162495
0.000148339
0.000583995
0.000574617
0.000564977
0.000555074
0.000544909
0.000534482
0.000523797
0.000512855
0.00050166
0.000490216
0.000478529
0.000466604
0.000454449
0.000442071
0.000429479
0.000416683
0.000403694
0.000390523
0.000377183
0.000363688
0.000350053
0.000336293
0.000322425
0.000308466
0.000294434
0.000280348
0.000266229
0.000252095
0.000237969
0.000223871
0.000209823
0.000195847
0.000181965
0.000168201
0.000154575
0.00057694
0.000567714
0.000558241
0.00054852
0.000538553
0.00052834
0.000517884
0.000507188
0.000496256
0.000485091
0.0004737
0.000462088
0.000450262
0.00043823
0.000426
0.000413583
0.000400987
0.000388226
0.00037531
0.000362253
0.000349068
0.000335771
0.000322377
0.000308903
0.000295365
0.000281781
0.000268169
0.000254549
0.00024094
0.000227362
0.000213834
0.000200378
0.000187014
0.000173762
0.000160643
0.000570107
0.000561036
0.000551732
0.000542195
0.000532426
0.000522426
0.000512199
0.000501748
0.000491076
0.000480187
0.000469088
0.000457783
0.000446281
0.000434587
0.000422712
0.000410663
0.000398451
0.000386087
0.000373582
0.000360948
0.0003482
0.00033535
0.000322413
0.000309406
0.000296343
0.000283241
0.000270118
0.000256991
0.000243878
0.000230798
0.000217769
0.00020481
0.000191941
0.000179179
0.000166546
0.000563494
0.000554581
0.000545448
0.000536095
0.000526524
0.000516738
0.000506739
0.00049653
0.000486115
0.000475498
0.000464686
0.000453683
0.000442497
0.000431135
0.000419605
0.000407915
0.000396076
0.000384098
0.000371991
0.000359768
0.000347441
0.000335022
0.000322527
0.000309969
0.000297363
0.000284725
0.000272071
0.000259417
0.00024678
0.000234177
0.000221625
0.000209142
0.000196746
0.000184454
0.000172283
0.000557101
0.000548346
0.000539384
0.000530216
0.000520844
0.00051127
0.000501497
0.000491528
0.000481367
0.000471018
0.000460488
0.000449782
0.000438905
0.000427866
0.000416673
0.000405333
0.000393856
0.000382252
0.000370531
0.000358704
0.000346784
0.000334782
0.000322712
0.000310587
0.000298421
0.000286228
0.000274024
0.000261823
0.000249642
0.000237496
0.000225401
0.000213373
0.000201429
0.000189585
0.000177858
0.000550923
0.000542328
0.000533539
0.000524556
0.000515382
0.000506019
0.000496469
0.000486737
0.000476826
0.000466742
0.000456488
0.000446071
0.000435498
0.000424774
0.000413908
0.000402908
0.000391783
0.000380542
0.000369194
0.000357751
0.000346223
0.000334623
0.000322962
0.000311253
0.00029951
0.000287744
0.000275972
0.000264206
0.000252461
0.000240752
0.000229094
0.000217502
0.000205991
0.000194575
0.000183271
0.000544959
0.000536525
0.000527908
0.00051911
0.000510132
0.000500978
0.00049165
0.000482152
0.000472488
0.000462662
0.00045268
0.000442546
0.000432268
0.000421852
0.000411305
0.000400635
0.000389851
0.00037896
0.000367974
0.000356901
0.000345752
0.000334539
0.000323272
0.000311963
0.000300625
0.00028927
0.000277911
0.000266562
0.000255235
0.000243945
0.000232705
0.000221529
0.000210431
0.000199425
0.000188525
0.000539206
0.000530933
0.000522488
0.000513874
0.000505091
0.000496144
0.000487035
0.000477767
0.000468345
0.000458773
0.000449056
0.0004392
0.00042921
0.000419093
0.000408856
0.000398506
0.000388052
0.000377501
0.000366863
0.000356148
0.000345364
0.000334523
0.000323635
0.000312711
0.000301762
0.000290801
0.000279839
0.000268888
0.000257962
0.000247072
0.000236231
0.000225453
0.00021475
0.000204135
0.000193621
0.000533661
0.000525549
0.000517276
0.000508843
0.000500255
0.000491512
0.000482618
0.000473577
0.000464392
0.000455069
0.000445611
0.000436025
0.000426316
0.00041649
0.000406553
0.000396514
0.000386379
0.000376157
0.000365856
0.000355485
0.000345053
0.00033457
0.000324046
0.000313491
0.000302917
0.000292332
0.00028175
0.000271181
0.000260638
0.000250131
0.000239672
0.000229274
0.000218949
0.000208707
0.000198561
0.00052832
0.000520368
0.000512266
0.000504015
0.000495617
0.000487076
0.000478394
0.000469575
0.000460624
0.000451543
0.000442339
0.000433016
0.000423579
0.000414036
0.000404391
0.000394653
0.000384827
0.000374922
0.000364946
0.000354907
0.000344814
0.000334675
0.000324501
0.0003143
0.000304084
0.000293861
0.000283643
0.000273439
0.000263262
0.000253121
0.000243027
0.000232992
0.000223027
0.000213141
0.000203348
0.000523181
0.000515389
0.000507455
0.000499383
0.000491174
0.000482831
0.000474358
0.000465757
0.000457033
0.00044819
0.000439233
0.000430166
0.000420995
0.000411725
0.000402363
0.000392916
0.000383389
0.00037379
0.000364127
0.000354408
0.00034464
0.000334832
0.000324994
0.000315133
0.00030526
0.000295383
0.000285513
0.000275659
0.000265831
0.00025604
0.000246295
0.000236607
0.000226985
0.00021744
0.000207981
0.000518239
0.000510605
0.000502839
0.000494944
0.00048692
0.000478773
0.000470504
0.000462117
0.000453615
0.000445004
0.000436287
0.000427469
0.000418555
0.000409551
0.000400463
0.000391296
0.000382058
0.000372754
0.000363393
0.000353981
0.000344526
0.000335036
0.00032552
0.000315985
0.000306441
0.000296895
0.000287358
0.000277838
0.000268345
0.000258888
0.000249475
0.000240117
0.000230824
0.000221603
0.000212465
0.000513492
0.000506014
0.000498414
0.000490692
0.000482852
0.000474896
0.000466827
0.000458648
0.000450364
0.000441978
0.000433495
0.000424919
0.000416254
0.000407508
0.000398684
0.000389789
0.000380828
0.000371809
0.000362738
0.000353621
0.000344467
0.000335282
0.000326075
0.000316852
0.000307622
0.000298394
0.000289175
0.000279975
0.000270801
0.000261662
0.000252567
0.000243525
0.000234544
0.000225633
0.0002168
0.000508934
0.000501612
0.000494175
0.000486624
0.000478963
0.000471194
0.000463321
0.000455346
0.000447274
0.000439107
0.000430851
0.000422509
0.000414087
0.000405589
0.00039702
0.000388387
0.000379694
0.000370949
0.000362157
0.000353324
0.000344458
0.000335566
0.000326654
0.00031773
0.000308802
0.000299876
0.000290962
0.000282066
0.000273197
0.000264362
0.00025557
0.000246829
0.000238146
0.00022953
0.000220988
0.000504564
0.000497394
0.000490117
0.000482735
0.000475249
0.000467664
0.000459982
0.000452205
0.000444338
0.000436385
0.000428349
0.000420234
0.000412046
0.000403788
0.000395466
0.000387085
0.00037865
0.000370168
0.000361644
0.000353084
0.000344495
0.000335882
0.000327254
0.000318616
0.000309975
0.00030134
0.000292716
0.000284111
0.000275532
0.000266988
0.000258484
0.00025003
0.000241631
0.000233296
0.000225031
0.000500376
0.000493357
0.000486237
0.000479019
0.000471706
0.0004643
0.000456803
0.00044922
0.000441553
0.000433806
0.000425983
0.000418088
0.000410126
0.0004021
0.000394015
0.000385877
0.000377691
0.000369462
0.000361195
0.000352896
0.000344572
0.000336228
0.00032787
0.000319505
0.00031114
0.000302781
0.000294434
0.000286106
0.000277805
0.000269537
0.000261309
0.000253127
0.000244999
0.000236932
0.000228931
0.000496367
0.000489495
0.00048253
0.000475473
0.000468328
0.000461096
0.00045378
0.000446385
0.000438912
0.000431365
0.000423749
0.000416066
0.000408321
0.000400519
0.000392663
0.000384759
0.000376811
0.000368824
0.000360804
0.000352756
0.000344685
0.000336598
0.000328499
0.000320395
0.000312293
0.000304197
0.000296115
0.000288052
0.000280015
0.00027201
0.000264043
0.000256122
0.000248252
0.000240439
0.000232689
0.000492534
0.000485806
0.000478992
0.000472092
0.00046511
0.000458048
0.000450909
0.000443695
0.00043641
0.000429057
0.00042164
0.000414162
0.000406627
0.00039904
0.000391404
0.000383724
0.000376005
0.000368251
0.000360467
0.000352659
0.000344831
0.000336988
0.000329137
0.000321283
0.00031343
0.000305586
0.000297756
0.000289945
0.000282159
0.000274405
0.000266688
0.000259014
0.000251389
0.000243818
0.000236308
0.000488871
0.000482285
0.000475618
0.000468872
0.000462049
0.000455151
0.000448182
0.000441145
0.000434042
0.000426876
0.000419651
0.00041237
0.000405038
0.000397657
0.000390233
0.000382768
0.000375268
0.000367737
0.00036018
0.0003526
0.000345004
0.000337396
0.000329781
0.000322164
0.00031455
0.000306946
0.000299355
0.000291784
0.000284238
0.000276722
0.000269242
0.000261803
0.000254411
0.000247071
0.000239788
0.000485376
0.000478928
0.000472404
0.000465807
0.000459138
0.000452401
0.000445597
0.00043873
0.000431802
0.000424817
0.000417777
0.000410686
0.000403548
0.000396366
0.000389144
0.000381886
0.000374596
0.000367279
0.000359937
0.000352577
0.000345202
0.000337817
0.000330427
0.000323036
0.00031565
0.000308274
0.000300912
0.000293569
0.00028625
0.000278961
0.000271706
0.000264491
0.00025732
0.000250198
0.000243131
0.000482045
0.000475731
0.000469347
0.000462894
0.000456375
0.000449792
0.000443148
0.000436445
0.000429687
0.000422875
0.000416014
0.000409105
0.000402154
0.000395162
0.000388134
0.000381074
0.000373985
0.000366871
0.000359736
0.000352584
0.00034542
0.000338248
0.000331072
0.000323897
0.000316728
0.000309568
0.000302423
0.000295296
0.000288194
0.00028112
0.000274079
0.000267076
0.000260115
0.000253201
0.000246339
0.000478874
0.00047269
0.000466441
0.000460128
0.000453754
0.000447321
0.000440831
0.000434287
0.000427691
0.000421046
0.000414356
0.000407623
0.00040085
0.00039404
0.000387198
0.000380327
0.000373429
0.000366509
0.000359571
0.000352619
0.000345656
0.000338686
0.000331715
0.000324744
0.00031778
0.000310826
0.000303887
0.000296967
0.000290069
0.000283199
0.000276361
0.000269559
0.000262798
0.000256081
0.000249412
0.000475859
0.000469802
0.000463684
0.000457507
0.000451272
0.000444983
0.000438641
0.000432249
0.00042581
0.000419325
0.000412799
0.000406233
0.000399631
0.000392997
0.000386332
0.00037964
0.000372926
0.000366191
0.000359441
0.000352677
0.000345906
0.000339129
0.00033235
0.000325575
0.000318806
0.000312047
0.000305303
0.000298578
0.000291875
0.000285198
0.000278553
0.000271941
0.000265368
0.000258838
0.000252353
0.000472998
0.000467063
0.000461071
0.000455025
0.000448925
0.000442774
0.000436575
0.000430329
0.000424039
0.000417708
0.000411339
0.000404933
0.000398495
0.000392026
0.00038553
0.000379011
0.00037247
0.000365912
0.00035934
0.000352756
0.000346166
0.000339572
0.000332977
0.000326386
0.000319802
0.000313229
0.00030667
0.000300129
0.00029361
0.000287117
0.000280653
0.000274221
0.000267827
0.000261473
0.000255163
0.000470287
0.00046447
0.0004586
0.000452679
0.000446708
0.00044069
0.000434627
0.000428522
0.000422375
0.000416191
0.000409972
0.000403719
0.000397436
0.000391126
0.000384791
0.000378434
0.000372059
0.000365668
0.000359265
0.000352853
0.000346434
0.000340013
0.000333593
0.000327176
0.000320767
0.000314369
0.000307985
0.000301619
0.000295274
0.000288953
0.000282661
0.0002764
0.000270174
0.000263987
0.000257841
0.000467724
0.00046202
0.000456266
0.000450465
0.000444619
0.000438728
0.000432796
0.000426824
0.000420814
0.00041477
0.000408693
0.000402586
0.000396451
0.000390291
0.000384109
0.000377908
0.000371689
0.000365457
0.000359214
0.000352964
0.000346708
0.00034045
0.000334194
0.000327943
0.000321699
0.000315466
0.000309247
0.000303046
0.000296865
0.000290708
0.000284578
0.000278478
0.000272411
0.000266381
0.00026039
0.000465304
0.000459709
0.000454068
0.000448382
0.000442653
0.000436884
0.000431076
0.000425232
0.000419353
0.000413441
0.0004075
0.000401531
0.000395537
0.00038952
0.000383482
0.000377427
0.000371358
0.000365275
0.000359184
0.000353086
0.000346984
0.000340881
0.00033478
0.000328684
0.000322596
0.000316519
0.000310456
0.00030441
0.000298383
0.00029238
0.000286402
0.000280453
0.000274536
0.000268654
0.000262809
0.000463027
0.000457535
0.000452001
0.000446425
0.000440809
0.000435155
0.000429466
0.000423742
0.000417987
0.000412202
0.000406389
0.000400551
0.000394689
0.000388807
0.000382907
0.00037699
0.00037106
0.00036512
0.000359171
0.000353217
0.00034726
0.000341302
0.000335347
0.000329398
0.000323456
0.000317526
0.000311609
0.000305708
0.000299827
0.000293968
0.000288134
0.000282327
0.000276551
0.000270807
0.0002651
0.000460889
0.000455496
0.000450063
0.000444591
0.000439083
0.000433539
0.000427961
0.000422352
0.000416714
0.000411048
0.000405357
0.000399642
0.000393906
0.000388151
0.000382379
0.000376593
0.000370795
0.000364988
0.000359173
0.000353354
0.000347533
0.000341712
0.000335894
0.000330082
0.000324278
0.000318485
0.000312705
0.000306941
0.000301196
0.000295472
0.000289772
0.000284099
0.000278454
0.000272841
0.000267262
0.000458889
0.00045359
0.000448253
0.00044288
0.000437472
0.000432032
0.00042656
0.000421059
0.000415531
0.000409977
0.0004044
0.000398802
0.000393183
0.000387548
0.000381897
0.000376234
0.00037056
0.000364877
0.000359188
0.000353496
0.000347802
0.000342109
0.000336419
0.000330735
0.00032506
0.000319395
0.000313743
0.000308107
0.000302489
0.000296892
0.000291317
0.000285768
0.000280246
0.000274754
0.000269295
0.000457024
0.000451814
0.000446568
0.000441288
0.000435975
0.000430632
0.00042526
0.000419861
0.000414436
0.000408988
0.000403517
0.000398027
0.00039252
0.000386996
0.000381458
0.000375909
0.000370351
0.000364784
0.000359213
0.000353638
0.000348063
0.000342489
0.000336919
0.000331355
0.000325799
0.000320254
0.000314722
0.000309205
0.000303705
0.000298225
0.000292767
0.000287333
0.000281926
0.000276548
0.0002712
0.000455295
0.000450167
0.000445006
0.000439813
0.00043459
0.000429338
0.000424059
0.000418755
0.000413426
0.000408076
0.000402706
0.000397317
0.000391912
0.000386492
0.00038106
0.000375617
0.000370166
0.000364708
0.000359246
0.000353781
0.000348316
0.000342853
0.000337393
0.00033194
0.000326495
0.000321061
0.000315639
0.000310232
0.000304842
0.000299471
0.000294121
0.000288794
0.000283493
0.000278219
0.000272975
0.0004537
0.000448649
0.000443567
0.000438456
0.000433315
0.000428148
0.000422955
0.000417739
0.0004125
0.000407241
0.000401963
0.000396669
0.000391359
0.000386035
0.0003807
0.000375356
0.000370004
0.000364646
0.000359284
0.000353921
0.000348557
0.000343196
0.000337839
0.000332488
0.000327146
0.000321813
0.000316494
0.000311188
0.000305899
0.000300628
0.000295378
0.00029015
0.000284946
0.000279769
0.00027462
0.000452238
0.000447259
0.000442251
0.000437214
0.00043215
0.000427061
0.000421948
0.000416812
0.000411656
0.000406481
0.000401289
0.00039608
0.000390858
0.000385623
0.000380377
0.000375123
0.000369862
0.000364596
0.000359327
0.000354056
0.000348786
0.000343518
0.000338255
0.000332998
0.000327749
0.00032251
0.000317284
0.000312071
0.000306874
0.000301695
0.000296536
0.000291398
0.000286284
0.000281196
0.000276134
0.00045091
0.000445997
0.000441055
0.000436087
0.000431093
0.000426076
0.000421035
0.000415974
0.000410894
0.000405795
0.00040068
0.00039555
0.000390407
0.000385253
0.000380089
0.000374918
0.000369739
0.000364557
0.000359371
0.000354185
0.000349
0.000343817
0.000338639
0.000333467
0.000328303
0.000323149
0.000318007
0.000312879
0.000307766
0.00030267
0.000297594
0.000292538
0.000287505
0.000282497
0.000277514
0.000449716
0.000444863
0.000439982
0.000435076
0.000430145
0.000425192
0.000420218
0.000415224
0.000410211
0.000405182
0.000400137
0.000395078
0.000390007
0.000384926
0.000379835
0.000374737
0.000369634
0.000364526
0.000359416
0.000354306
0.000349197
0.00034409
0.000338988
0.000333893
0.000328806
0.000323728
0.000318662
0.00031361
0.000308572
0.000303552
0.000298549
0.000293567
0.000288607
0.000283671
0.000278759
0.000448659
0.000443858
0.000439031
0.00043418
0.000429307
0.000424411
0.000419495
0.000414561
0.000409609
0.000404641
0.000399658
0.000394662
0.000389655
0.000384638
0.000379613
0.000374581
0.000369544
0.000364503
0.00035946
0.000354417
0.000349375
0.000344337
0.000339303
0.000334275
0.000329255
0.000324245
0.000319247
0.000314261
0.000309291
0.000304336
0.0002994
0.000294483
0.000289587
0.000284714
0.000279866
0.000447738
0.000442984
0.000438205
0.000433403
0.000428578
0.000423733
0.000418868
0.000413986
0.000409087
0.000404172
0.000399244
0.000394303
0.000389352
0.000384391
0.000379423
0.000374448
0.000369468
0.000364485
0.000359501
0.000354516
0.000349534
0.000344554
0.000339579
0.00033461
0.000329649
0.000324698
0.000319758
0.000314831
0.000309918
0.000305022
0.000300142
0.000295282
0.000290443
0.000285625
0.000280831
0.000446959
0.000442244
0.000437505
0.000432744
0.000427962
0.000423159
0.000418338
0.0004135
0.000408646
0.000403777
0.000398895
0.000394001
0.000389097
0.000384184
0.000379263
0.000374337
0.000369406
0.000364473
0.000359538
0.000354603
0.00034967
0.00034474
0.000339815
0.000334896
0.000329986
0.000325084
0.000320194
0.000315316
0.000310453
0.000305604
0.000300774
0.000295961
0.000291169
0.000286399
0.000281651
0.000446323
0.000441641
0.000436935
0.000432208
0.00042746
0.000422692
0.000417907
0.000413105
0.000408287
0.000403456
0.000398611
0.000393756
0.00038889
0.000384016
0.000379135
0.000374248
0.000369358
0.000364464
0.000359569
0.000354675
0.000349783
0.000344893
0.000340009
0.000335131
0.000330261
0.0003254
0.00032055
0.000315713
0.000310889
0.000306081
0.00030129
0.000296516
0.000291763
0.000287031
0.000282321
0.000445837
0.000441179
0.000436499
0.000431797
0.000427076
0.000422335
0.000417577
0.000412803
0.000408014
0.00040321
0.000398395
0.000393569
0.000388733
0.000383888
0.000379038
0.000374181
0.000369321
0.000364458
0.000359595
0.000354731
0.00034987
0.000345012
0.000340159
0.000335312
0.000330473
0.000325643
0.000320824
0.000316018
0.000311225
0.000306447
0.000301686
0.000296942
0.000292218
0.000287515
0.000282835
0.000445505
0.000440864
0.000436201
0.000431517
0.000426814
0.000422092
0.000417353
0.000412597
0.000407827
0.000403043
0.000398248
0.000393441
0.000388626
0.000383802
0.000378971
0.000374136
0.000369297
0.000364455
0.000359612
0.00035477
0.00034993
0.000345093
0.000340261
0.000335436
0.000330618
0.00032581
0.000321012
0.000316226
0.000311454
0.000306697
0.000301956
0.000297233
0.00029253
0.000287847
0.000283186
0.000445334
0.000440703
0.000436049
0.000431374
0.00042668
0.000421967
0.000417237
0.000412492
0.000407732
0.000402958
0.000398172
0.000393376
0.000388571
0.000383758
0.000378938
0.000374113
0.000369284
0.000364453
0.000359621
0.00035479
0.000349961
0.000345135
0.000340314
0.0003355
0.000330693
0.000325895
0.000321108
0.000316333
0.000311572
0.000306825
0.000302095
0.000297383
0.00029269
0.000288017
0.000283366
4.72471e-05
2.69666e-05
7.04811e-06
-1.24733e-05
-3.15536e-05
-5.01445e-05
-6.8202e-05
5.62243e-05
3.67452e-05
1.76033e-05
-1.16036e-06
-1.9505e-05
-3.73882e-05
-5.477e-05
6.49991e-05
4.62846e-05
2.78878e-05
9.8486e-06
-7.7941e-06
-2.50017e-05
-4.17378e-05
7.35639e-05
5.55819e-05
3.78997e-05
2.05547e-05
3.58368e-06
-1.2978e-05
-2.90966e-05
8.19175e-05
6.46348e-05
4.7636e-05
3.09558e-05
1.46282e-05
-1.3141e-06
-1.684e-05
9.00622e-05
7.34478e-05
5.71028e-05
4.10589e-05
2.53475e-05
9.99906e-06
-4.95783e-06
9.80004e-05
8.20252e-05
6.63056e-05
5.08707e-05
3.57496e-05
2.09701e-05
6.55902e-06
0.000105734
9.03705e-05
7.52492e-05
6.03972e-05
4.58412e-05
3.1607e-05
1.77192e-05
0.000113266
9.8487e-05
8.39382e-05
6.9644e-05
5.56291e-05
4.19172e-05
2.85312e-05
0.000120597
0.000106378
9.23773e-05
7.86168e-05
6.51198e-05
5.19082e-05
3.90031e-05
0.000127732
0.000114048
0.000100571
8.73209e-05
7.43196e-05
6.15871e-05
4.91428e-05
0.000134671
0.000121499
0.000108523
9.57618e-05
8.32349e-05
7.0961e-05
5.89582e-05
0.000141418
0.000128735
0.000116238
0.000103944
9.18714e-05
8.00367e-05
6.84567e-05
0.000147974
0.00013576
0.000123721
0.000111874
0.000100235
8.88207e-05
7.76457e-05
0.000154343
0.000142576
0.000130975
0.000119556
0.000108332
9.73198e-05
8.65324e-05
0.000160526
0.000149187
0.000138005
0.000126994
0.000116168
0.00010554
9.51239e-05
0.000166527
0.000155597
0.000144815
0.000134194
0.000123748
0.000113488
0.000103427
0.000172347
0.000161808
0.000151408
0.000141161
0.000131077
0.000121169
0.000111448
0.00017799
0.000167823
0.000157789
0.000147898
0.000138162
0.00012859
0.000119194
0.000183458
0.000173647
0.000163962
0.000154411
0.000145006
0.000135757
0.000126672
0.000188752
0.000179282
0.000169929
0.000160704
0.000151616
0.000142674
0.000133887
0.000193877
0.000184731
0.000175696
0.000166782
0.000157996
0.000149348
0.000140845
0.000198834
0.000189997
0.000181266
0.000172648
0.000164152
0.000155784
0.000147552
0.000203625
0.000195084
0.000186643
0.000178308
0.000170087
0.000161987
0.000154015
0.000208254
0.000199995
0.000191829
0.000183764
0.000175806
0.000167962
0.000160238
0.000212722
0.000204731
0.000196829
0.000189021
0.000181314
0.000173714
0.000166226
0.000217031
0.000209297
0.000201645
0.000194082
0.000186615
0.000179248
0.000171986
0.000221185
0.000213694
0.000206281
0.000198952
0.000191713
0.000184568
0.000177522
0.000225185
0.000217926
0.000210741
0.000203634
0.000196612
0.000189678
0.000182838
0.000229033
0.000221995
0.000215026
0.000208132
0.000201316
0.000194584
0.000187939
0.000232732
0.000225903
0.00021914
0.000212447
0.000205829
0.000199288
0.00019283
0.000236283
0.000229653
0.000223086
0.000216584
0.000210153
0.000203795
0.000197515
0.000239688
0.000233247
0.000226866
0.000220546
0.000214292
0.000208108
0.000201996
0.000242948
0.000236687
0.000230482
0.000224335
0.00021825
0.00021223
0.000206279
0.000246066
0.000239975
0.000233937
0.000227954
0.000222029
0.000216165
0.000210366
0.000249043
0.000243113
0.000237232
0.000231404
0.000225631
0.000219915
0.00021426
0.00025188
0.000246102
0.000240371
0.000234689
0.000229058
0.000223483
0.000217964
0.000254578
0.000248943
0.000243353
0.000237809
0.000232314
0.00022687
0.000221481
0.000257138
0.000251638
0.00024618
0.000240767
0.000235399
0.00023008
0.000224812
0.00025956
0.000254188
0.000248855
0.000243563
0.000238316
0.000233114
0.00022796
0.000261846
0.000256592
0.000251376
0.000246199
0.000241064
0.000235972
0.000230926
0.000263995
0.000258852
0.000253745
0.000248676
0.000243645
0.000238656
0.00023371
0.000266007
0.000260968
0.000255962
0.000250993
0.00024606
0.000241167
0.000236314
0.000267882
0.000262938
0.000258027
0.00025315
0.000248308
0.000243504
0.000238738
0.000269619
0.000264764
0.000259939
0.000255147
0.000250389
0.000245666
0.00024098
0.000271216
0.000266442
0.000261697
0.000256983
0.000252301
0.000247654
0.000243041
0.000272673
0.000267972
0.000263299
0.000258656
0.000254044
0.000249464
0.000244918
0.000273986
0.000269351
0.000264743
0.000260164
0.000255614
0.000251096
0.00024661
0.000275154
0.000270577
0.000266026
0.000261503
0.000257009
0.000252545
0.000248112
0.000276172
0.000271646
0.000267145
0.000262671
0.000258225
0.000253808
0.000249422
0.000277036
0.000272553
0.000268095
0.000263663
0.000259257
0.000254881
0.000250533
0.000277743
0.000273294
0.00026887
0.000264472
0.0002601
0.000255756
0.00025144
0.000278284
0.000273863
0.000269465
0.000265093
0.000260746
0.000256427
0.000252136
0.000278654
0.000274251
0.000269871
0.000265517
0.000261187
0.000256885
0.000252611
0.000278844
0.00027445
0.00027008
0.000265734
0.000261414
0.000257121
0.000252855
-8.56865e-05
-0.000102562
-0.000118794
-0.000134353
-0.000149216
-0.000163362
-0.00017677
-7.16141e-05
-8.78864e-05
-0.000103556
-0.000118595
-0.000132981
-0.000146692
-0.000159711
-5.79683e-05
-7.36622e-05
-8.87906e-05
-0.000103328
-0.000117252
-0.000130542
-0.000143181
-4.47407e-05
-5.9881e-05
-7.44907e-05
-8.85453e-05
-0.000102023
-0.000114905
-0.000127173
-3.19201e-05
-4.65273e-05
-6.06363e-05
-7.42241e-05
-8.72699e-05
-9.9755e-05
-0.000111663
-1.9496e-05
-3.359e-05
-4.72163e-05
-6.03532e-05
-7.29811e-05
-8.50823e-05
-9.66411e-05
-7.45864e-06
-2.10592e-05
-3.42207e-05
-4.69228e-05
-5.9147e-05
-7.08768e-05
-8.20972e-05
4.20118e-06
-8.92517e-06
-2.16394e-05
-3.39224e-05
-4.57571e-05
-5.71276e-05
-6.80202e-05
1.54926e-05
2.82175e-06
-9.46222e-06
-2.13417e-05
-3.28005e-05
-4.38239e-05
-5.43989e-05
2.64244e-05
1.4191e-05
2.32064e-06
-9.17026e-06
-2.02666e-05
-3.09547e-05
-4.12223e-05
3.70052e-05
2.51917e-05
1.37189e-05
2.60193e-06
-8.14507e-06
-1.85093e-05
-2.84794e-05
4.72434e-05
3.5833e-05
2.4742e-05
1.39848e-05
3.5744e-06
-6.47729e-06
-1.61596e-05
5.71473e-05
4.61235e-05
3.53993e-05
2.49881e-05
1.49019e-05
5.1518e-06
-4.25215e-06
6.67248e-05
5.60718e-05
4.56999e-05
3.56213e-05
2.58472e-05
1.63881e-05
7.25319e-06
7.59837e-05
6.56864e-05
5.56526e-05
4.58937e-05
3.64201e-05
2.72415e-05
1.83666e-05
8.49317e-05
7.49753e-05
6.52661e-05
5.58144e-05
4.663e-05
3.77218e-05
2.9098e-05
9.35762e-05
8.39467e-05
7.45488e-05
6.53922e-05
5.6486e-05
4.78384e-05
3.94571e-05
0.000101925
9.26082e-05
8.3509e-05
7.46358e-05
6.59971e-05
5.76006e-05
4.94534e-05
0.000109984
0.000100967
9.21546e-05
8.35536e-05
7.51721e-05
6.70174e-05
5.90959e-05
0.000117761
0.000109032
0.000100494
9.21538e-05
8.40195e-05
7.60975e-05
6.83939e-05
0.000125262
0.000116808
0.000108533
0.000100444
9.25476e-05
8.48496e-05
7.73559e-05
0.000132494
0.000124304
0.000116282
0.000108433
0.000100764
9.32818e-05
8.59905e-05
0.000139464
0.000131526
0.000123745
0.000116127
0.000108678
0.000101402
9.43058e-05
0.000146177
0.000138481
0.000130931
0.000123534
0.000116295
0.000109219
0.00010231
0.00015264
0.000145174
0.000137846
0.000130661
0.000123623
0.000116738
0.00011001
0.000158858
0.000151612
0.000144496
0.000137514
0.00013067
0.000123969
0.000117414
0.000164836
0.000157802
0.000150888
0.0001441
0.000137442
0.000130917
0.000124529
0.00017058
0.000163747
0.000157028
0.000150426
0.000143945
0.000137589
0.000131362
0.000176096
0.000169455
0.000162921
0.000156496
0.000150186
0.000143992
0.000137919
0.000181387
0.00017493
0.000168572
0.000162318
0.00015617
0.000150132
0.000144206
0.000186458
0.000180176
0.000173988
0.000167895
0.000161903
0.000156014
0.00015023
0.000191315
0.0001852
0.000179172
0.000173235
0.000167391
0.000161644
0.000155995
0.000195961
0.000190004
0.000184129
0.00017834
0.000172638
0.000167027
0.000161508
0.000200399
0.000194593
0.000188864
0.000183216
0.000177649
0.000172167
0.000166773
0.000204633
0.000198971
0.000193381
0.000187866
0.000182428
0.00017707
0.000171794
0.000208668
0.000203141
0.000197683
0.000192295
0.00018698
0.00018174
0.000176576
0.000212505
0.000207107
0.000201774
0.000196507
0.000191308
0.000186179
0.000181123
0.000216147
0.000210871
0.000205656
0.000200503
0.000195414
0.000190392
0.000185437
0.000219597
0.000214436
0.000209332
0.000204287
0.000199303
0.000194381
0.000189523
0.000222856
0.000217804
0.000212805
0.000207862
0.000202976
0.000198149
0.000193382
0.000225926
0.000220976
0.000216076
0.000211228
0.000206435
0.000201697
0.000197016
0.000228809
0.000223953
0.000219146
0.000214388
0.000209682
0.000205027
0.000200427
0.000231504
0.000226737
0.000222017
0.000217343
0.000212717
0.000208141
0.000203616
0.000234012
0.000229328
0.000224687
0.000220091
0.000215541
0.000211038
0.000206584
0.000236333
0.000231725
0.000227159
0.000222634
0.000218154
0.000213718
0.000209329
0.000238465
0.000233927
0.000229429
0.000224971
0.000220554
0.00021618
0.000211851
0.000240408
0.000235933
0.000231496
0.000227098
0.00022274
0.000218423
0.000214148
0.000242158
0.00023774
0.000233359
0.000229015
0.000224709
0.000220443
0.000216217
0.000243712
0.000239345
0.000235013
0.000230717
0.000226458
0.000222237
0.000218055
0.000245067
0.000240744
0.000236455
0.000232201
0.000227982
0.000223801
0.000219656
0.000246216
0.000241931
0.000237679
0.00023346
0.000229276
0.000225127
0.000221016
0.000247155
0.0002429
0.000238677
0.000234487
0.000230331
0.00022621
0.000222125
0.000247874
0.000243643
0.000239443
0.000235275
0.000231141
0.000227041
0.000222975
0.000248366
0.00024415
0.000239966
0.000235813
0.000231694
0.000227608
0.000223556
0.000248618
0.000244411
0.000240234
0.000236089
0.000231977
0.000227899
0.000223854
-0.000189736
-0.000202173
-0.000213713
-0.000224372
-0.000234148
-0.000243037
-0.000251039
-0.000258163
-0.000264421
-0.000269827
-0.000274401
-0.000278164
-0.00028114
-0.000283358
-0.000284846
-0.000285637
-0.000285763
-0.00028526
-0.000284162
-0.000282506
-0.00028033
-0.000277669
-0.000274562
-0.000172316
-0.000184428
-0.000195712
-0.000206163
-0.000215781
-0.000224563
-0.000232511
-0.000239632
-0.000245935
-0.000251433
-0.000256144
-0.000260086
-0.000263283
-0.000265758
-0.000267538
-0.000268653
-0.000269133
-0.000269009
-0.000268314
-0.000267081
-0.000265345
-0.00026314
-0.0002605
-0.00015544
-0.000167238
-0.000178262
-0.000188504
-0.000197961
-0.000206633
-0.00021452
-0.000221627
-0.000227962
-0.000233538
-0.000238369
-0.000242473
-0.000245869
-0.00024858
-0.00025063
-0.000252045
-0.000252853
-0.000253084
-0.000252766
-0.00025193
-0.000250609
-0.000248833
-0.000246634
-0.00013909
-0.000150581
-0.000161348
-0.000171382
-0.000180678
-0.000189236
-0.000197054
-0.000204138
-0.000210495
-0.000216135
-0.00022107
-0.000225318
-0.000228894
-0.000231821
-0.000234118
-0.000235811
-0.000236925
-0.000237485
-0.000237519
-0.000237056
-0.000236125
-0.000234754
-0.000232972
-0.000123249
-0.000134442
-0.000144958
-0.000154786
-0.00016392
-0.00017236
-0.000180104
-0.000187157
-0.000193524
-0.000199215
-0.000204241
-0.000208615
-0.000212355
-0.000215477
-0.000218001
-0.00021995
-0.000221346
-0.000222214
-0.000222577
-0.000222463
-0.000221897
-0.000220906
-0.000219519
-0.000107906
-0.000118811
-0.00012908
-0.000138703
-0.000147675
-0.000155994
-0.000163659
-0.000170673
-0.000177041
-0.000182771
-0.000187873
-0.00019236
-0.000196245
-0.000199544
-0.000202276
-0.000204461
-0.000206118
-0.00020727
-0.00020794
-0.000208152
-0.000207929
-0.000207296
-0.000206278
-9.30503e-05
-0.000103674
-0.000113701
-0.000123122
-0.000131932
-0.000140127
-0.000147708
-0.000154676
-0.000161037
-0.000166795
-0.000171961
-0.000176544
-0.000180559
-0.000184019
-0.00018694
-0.000189341
-0.000191239
-0.000192655
-0.00019361
-0.000194125
-0.000194223
-0.000193926
-0.000193257
-7.86705e-05
-8.90209e-05
-9.88106e-05
-0.000108032
-0.000116679
-0.000124749
-0.000132242
-0.000139158
-0.000145502
-0.000151278
-0.000156496
-0.000161164
-0.000165293
-0.000168897
-0.00017199
-0.000174588
-0.000176708
-0.000178368
-0.000179587
-0.000180385
-0.000180783
-0.0001808
-0.000180458
-6.47552e-05
-7.48387e-05
-8.43963e-05
-9.34203e-05
-0.000101905
-0.000109849
-0.00011725
-0.000124108
-0.000130428
-0.000136214
-0.000141472
-0.000146211
-0.000150441
-0.000154173
-0.000157422
-0.0001602
-0.000162524
-0.000164409
-0.000165873
-0.000166934
-0.00016761
-0.000167921
-0.000167886
-5.12932e-05
-6.11167e-05
-7.0447e-05
-7.92767e-05
-8.76008e-05
-9.54163e-05
-0.000102722
-0.000109518
-0.000115806
-0.000121592
-0.000126881
-0.000131679
-0.000135997
-0.000139844
-0.000143232
-0.000146174
-0.000148684
-0.000150776
-0.000152466
-0.000153771
-0.000154708
-0.000155293
-0.000155545
-3.82734e-05
-4.78437e-05
-5.69516e-05
-6.55899e-05
-7.3754e-05
-8.14405e-05
-8.8648e-05
-9.53767e-05
-0.000101628
-0.000107406
-0.000112716
-0.000117563
-0.000121957
-0.000125905
-0.000129418
-0.000132508
-0.000135188
-0.00013747
-0.000139369
-0.000140899
-0.000142077
-0.000142918
-0.000143438
-2.5685e-05
-3.50088e-05
-4.38991e-05
-5.23492e-05
-6.03544e-05
-6.79115e-05
-7.50189e-05
-8.16763e-05
-8.78851e-05
-9.36483e-05
-9.89702e-05
-0.000103856
-0.000108313
-0.00011235
-0.000115975
-0.000119198
-0.000122032
-0.000124488
-0.000126579
-0.000128318
-0.000129719
-0.000130798
-0.000131568
-1.35171e-05
-2.26011e-05
-3.12788e-05
-3.95439e-05
-4.73917e-05
-5.48192e-05
-6.18245e-05
-6.84071e-05
-7.45682e-05
-8.03099e-05
-8.5636e-05
-9.05513e-05
-9.50618e-05
-9.91749e-05
-0.000102899
-0.000106242
-0.000109216
-0.00011183
-0.000114096
-0.000116028
-0.000117636
-0.000118935
-0.000119938
-1.75927e-06
-1.061e-05
-1.90802e-05
-2.71636e-05
-3.48558e-05
-4.21537e-05
-4.90554e-05
-5.55603e-05
-6.16689e-05
-6.73832e-05
-7.27062e-05
-7.76421e-05
-8.21962e-05
-8.63749e-05
-9.01854e-05
-9.36358e-05
-9.67353e-05
-9.94936e-05
-0.000101921
-0.000104029
-0.000105828
-0.000107331
-0.00010855
9.59871e-06
9.74606e-07
-7.29295e-06
-1.51981e-05
-2.27366e-05
-2.99054e-05
-3.67024e-05
-4.31268e-05
-4.9179e-05
-5.48604e-05
-6.01736e-05
-6.51222e-05
-6.97107e-05
-7.39448e-05
-7.78309e-05
-8.13762e-05
-8.45888e-05
-8.74774e-05
-9.00515e-05
-9.23209e-05
-9.42962e-05
-9.5988e-05
-9.74078e-05
2.05669e-05
1.2163e-05
4.09304e-06
-3.6374e-06
-1.10242e-05
-1.80645e-05
-2.47561e-05
-3.10979e-05
-3.70901e-05
-4.27338e-05
-4.8031e-05
-5.29849e-05
-5.75994e-05
-6.18795e-05
-6.58306e-05
-6.94595e-05
-7.27731e-05
-7.57793e-05
-7.84865e-05
-8.09038e-05
-8.30404e-05
-8.49063e-05
-8.65115e-05
3.11553e-05
2.29651e-05
1.50877e-05
7.5283e-06
2.90894e-07
-6.62176e-06
-1.32074e-05
-1.94648e-05
-2.53939e-05
-3.09954e-05
-3.62712e-05
-4.12237e-05
-4.58565e-05
-5.01736e-05
-5.41802e-05
-5.7882e-05
-6.12852e-05
-6.4397e-05
-6.72247e-05
-6.97766e-05
-7.2061e-05
-7.40869e-05
-7.58634e-05
4.13732e-05
3.33905e-05
2.57006e-05
1.83086e-05
1.12184e-05
4.43204e-06
-2.04743e-06
-8.21895e-06
-1.40822e-05
-1.96378e-05
-2.4887e-05
-2.98321e-05
-3.44759e-05
-3.88221e-05
-4.28751e-05
-4.66399e-05
-5.01221e-05
-5.33281e-05
-5.62645e-05
-5.89385e-05
-6.13578e-05
-6.35304e-05
-6.54646e-05
5.12303e-05
4.34486e-05
3.59411e-05
2.87124e-05
2.17659e-05
1.51055e-05
8.7324e-06
2.64797e-06
-3.14718e-06
-8.65333e-06
-1.38715e-05
-1.88035e-05
-2.34518e-05
-2.78195e-05
-3.19105e-05
-3.57292e-05
-3.92806e-05
-4.25702e-05
-4.5604e-05
-4.83885e-05
-5.09305e-05
-5.32373e-05
-5.53163e-05
6.07355e-05
5.31488e-05
4.58187e-05
3.87497e-05
3.19453e-05
2.54084e-05
1.9141e-05
1.31444e-05
7.41924e-06
1.96552e-06
-3.21757e-06
-8.13145e-06
-1.27782e-05
-1.71606e-05
-2.12819e-05
-2.5146e-05
-2.87572e-05
-3.21206e-05
-3.52413e-05
-3.81253e-05
-4.07786e-05
-4.32077e-05
-4.54194e-05
6.98978e-05
6.25e-05
5.53423e-05
4.84291e-05
4.17637e-05
3.53489e-05
2.91866e-05
2.32783e-05
1.76248e-05
1.22261e-05
7.08166e-06
2.19042e-06
-2.4494e-06
-6.8401e-06
-1.09846e-05
-1.48861e-05
-1.85487e-05
-2.19765e-05
-2.51744e-05
-2.81475e-05
-3.09013e-05
-3.34416e-05
-3.57745e-05
7.87257e-05
7.15108e-05
6.45206e-05
5.77593e-05
5.123e-05
4.49354e-05
3.88776e-05
3.30578e-05
2.74771e-05
2.21356e-05
1.7033e-05
1.21684e-05
7.54051e-06
3.14725e-06
-1.01381e-06
-4.94559e-06
-8.65147e-06
-1.21353e-05
-1.54012e-05
-1.84538e-05
-2.12979e-05
-2.39389e-05
-2.63821e-05
8.72277e-05
8.01897e-05
7.33621e-05
6.67486e-05
6.03525e-05
5.41762e-05
4.82217e-05
4.24905e-05
3.69834e-05
3.1701e-05
2.6643e-05
2.18088e-05
1.71972e-05
1.28066e-05
8.63498e-06
4.67969e-06
9.37837e-07
-2.59393e-06
-5.91931e-06
-9.04236e-06
-1.19674e-05
-1.46992e-05
-1.72425e-05
9.54118e-05
8.85449e-05
8.18748e-05
7.54053e-05
6.91393e-05
6.30791e-05
5.72268e-05
5.15839e-05
4.61512e-05
4.09293e-05
3.59183e-05
3.11176e-05
2.65264e-05
2.21432e-05
1.79664e-05
1.39938e-05
1.02227e-05
6.65036e-06
3.27341e-06
8.8305e-08
-2.90883e-06
-5.72215e-06
-8.35602e-06
0.000103286
9.65842e-05
9.00669e-05
8.37373e-05
7.75982e-05
7.16519e-05
6.59005e-05
6.03453e-05
5.49873e-05
4.98272e-05
4.48651e-05
4.01008e-05
3.55334e-05
3.1162e-05
2.6985e-05
2.30006e-05
1.92066e-05
1.56005e-05
1.21793e-05
8.93997e-06
5.87902e-06
2.99278e-06
2.77355e-07
0.000110857
0.000104315
9.79458e-05
9.17521e-05
8.57368e-05
7.99021e-05
7.42499e-05
6.87817e-05
6.34986e-05
5.84012e-05
5.34897e-05
4.87641e-05
4.42238e-05
3.98679e-05
3.56953e-05
3.17043e-05
2.7893e-05
2.42593e-05
2.08007e-05
1.75144e-05
1.43973e-05
1.14462e-05
8.65763e-06
0.000118133
0.000111745
0.000105519
9.94571e-05
9.35623e-05
8.78367e-05
8.22822e-05
7.69001e-05
7.16917e-05
6.66575e-05
6.1798e-05
5.71132e-05
5.26026e-05
4.82657e-05
4.41015e-05
4.01085e-05
3.62852e-05
3.26298e-05
2.91399e-05
2.58133e-05
2.26472e-05
1.96388e-05
1.67849e-05
0.000125121
0.000118882
0.000112793
0.000106859
0.000101082
9.54627e-05
9.0004e-05
8.4707e-05
7.95729e-05
7.46023e-05
6.97958e-05
6.51535e-05
6.06751e-05
5.63602e-05
5.22079e-05
4.82171e-05
4.43866e-05
4.07146e-05
3.71993e-05
3.38385e-05
3.063e-05
2.75712e-05
2.46593e-05
0.000131827
0.000125731
0.000119776
0.000113966
0.000108302
0.000102787
9.74219e-05
9.22087e-05
8.71482e-05
8.22414e-05
7.74887e-05
7.28902e-05
6.8446e-05
6.41557e-05
6.00185e-05
5.60338e-05
5.22002e-05
4.85165e-05
4.49809e-05
4.15918e-05
3.83469e-05
3.52442e-05
3.22811e-05
0.000138257
0.000132299
0.000126473
0.000120782
0.000115229
0.000109815
0.000104542
9.94111e-05
9.44236e-05
8.95804e-05
8.48818e-05
8.03284e-05
7.592e-05
7.16565e-05
6.75374e-05
6.3562e-05
5.97292e-05
5.60381e-05
5.24871e-05
4.90747e-05
4.57991e-05
4.26584e-05
3.96504e-05
0.000144419
0.000138593
0.000132891
0.000127316
0.00012187
0.000116554
0.00011137
0.00010632
0.000101405
9.66245e-05
9.19804e-05
8.74728e-05
8.31016e-05
7.88669e-05
7.47682e-05
7.0805e-05
6.69766e-05
6.32819e-05
5.97198e-05
5.62889e-05
5.29877e-05
4.98145e-05
4.67675e-05
0.000150316
0.000144617
0.000139035
0.000133571
0.000128229
0.000123008
0.000117912
0.000112941
0.000108096
0.000103379
9.87892e-05
9.43278e-05
8.9995e-05
8.57906e-05
8.17145e-05
7.77662e-05
7.3945e-05
7.02503e-05
6.6681e-05
6.3236e-05
5.99139e-05
5.67132e-05
5.36324e-05
0.000155955
0.000150378
0.000144911
0.000139555
0.000134312
0.000129184
0.000124173
0.000119279
0.000114504
0.000109848
0.000105313
0.000100898
9.66041e-05
9.24314e-05
8.83795e-05
8.44483e-05
8.06372e-05
7.69456e-05
7.33726e-05
6.99173e-05
6.65785e-05
6.3355e-05
6.02453e-05
0.00016134
0.000155881
0.000150524
0.000145271
0.000140125
0.000135086
0.000130157
0.000125338
0.000120631
0.000116037
0.000111555
0.000107187
0.000102933
9.87925e-05
9.47664e-05
9.08542e-05
8.70554e-05
8.33696e-05
7.97961e-05
7.6334e-05
7.29824e-05
6.97402e-05
6.66063e-05
0.000166477
0.00016113
0.000155878
0.000150725
0.000145672
0.000140719
0.00013587
0.000131124
0.000126483
0.000121948
0.00011752
0.000113198
0.000108984
0.000104877
0.000100878
9.69863e-05
9.32018e-05
8.95242e-05
8.59529e-05
8.24872e-05
7.91263e-05
7.58692e-05
7.2715e-05
0.000171369
0.000166129
0.000160979
0.000155921
0.000150957
0.000146088
0.000141315
0.00013664
0.000132064
0.000127587
0.000123211
0.000118935
0.000114761
0.000110688
0.000106717
0.000102847
9.90784e-05
9.5411e-05
9.18443e-05
8.83777e-05
8.50106e-05
8.17421e-05
7.85713e-05
0.000176021
0.000170882
0.000165829
0.000160862
0.000155984
0.000151195
0.000146496
0.00014189
0.000137376
0.000132957
0.000128632
0.000124401
0.000120267
0.000116228
0.000112285
0.000108438
0.000104687
0.000101031
9.74712e-05
9.40062e-05
9.06355e-05
8.73586e-05
8.41747e-05
0.000180435
0.000175394
0.000170433
0.000165553
0.000160756
0.000156044
0.000151417
0.000146877
0.000142424
0.000138059
0.000133784
0.000129598
0.000125503
0.000121498
0.000117584
0.00011376
0.000110028
0.000106386
0.000102834
9.93729e-05
9.60011e-05
9.27185e-05
8.95243e-05
0.000184615
0.000179666
0.000174793
0.000169996
0.000165277
0.000160638
0.00015608
0.000151603
0.000147209
0.000142898
0.000138671
0.000134529
0.000130472
0.000126501
0.000122615
0.000118816
0.000115103
0.000111475
0.000107934
0.000104478
0.000101107
9.7821e-05
9.46193e-05
0.000188564
0.000183702
0.000178912
0.000174194
0.00016955
0.00016498
0.000160487
0.000156071
0.000151733
0.000147474
0.000143294
0.000139194
0.000135175
0.000131237
0.000127381
0.000123605
0.000119912
0.0001163
0.000112769
0.00010932
0.000105952
0.000102665
9.94583e-05
0.000192282
0.000187504
0.000182792
0.000178148
0.000173575
0.000169072
0.000164641
0.000160283
0.000155998
0.000151789
0.000147654
0.000143596
0.000139613
0.000135708
0.00013188
0.000128129
0.000124455
0.000120859
0.000117341
0.0001139
0.000110536
0.00010725
0.00010404
0.000195773
0.000191072
0.000186434
0.000181861
0.000177354
0.000172914
0.000168542
0.000164239
0.000160006
0.000155844
0.000151753
0.000147734
0.000143787
0.000139913
0.000136113
0.000132386
0.000128732
0.000125153
0.000121647
0.000118215
0.000114857
0.000111573
0.000108361
0.000199037
0.000194408
0.00018984
0.000185333
0.000180889
0.000176508
0.000172192
0.000167941
0.000163756
0.000159639
0.000155589
0.000151608
0.000147695
0.000143852
0.000140079
0.000136375
0.000132742
0.000129179
0.000125687
0.000122265
0.000118913
0.000115631
0.00011242
0.000202073
0.000197513
0.00019301
0.000188565
0.000184179
0.000179854
0.00017559
0.000171388
0.000167249
0.000163174
0.000159164
0.000155218
0.000151338
0.000147524
0.000143777
0.000140096
0.000136483
0.000132936
0.000129457
0.000126045
0.000122701
0.000119423
0.000116213
0.000204883
0.000200385
0.000195942
0.000191555
0.000187224
0.00018295
0.000178735
0.000174579
0.000170483
0.000166448
0.000162474
0.000158563
0.000154714
0.000150928
0.000147205
0.000143547
0.000139952
0.000136422
0.000132956
0.000129554
0.000126217
0.000122945
0.000119737
0.000207464
0.000203024
0.000198637
0.000194302
0.000190022
0.000185796
0.000181626
0.000177512
0.000173456
0.000169458
0.000165519
0.000161639
0.000157819
0.000154059
0.000150361
0.000146723
0.000143146
0.000139632
0.000136179
0.000132788
0.000129459
0.000126191
0.000122986
0.000209815
0.000205428
0.000201091
0.000196805
0.000192571
0.000188389
0.00018426
0.000180185
0.000176166
0.000172202
0.000168295
0.000164444
0.000160651
0.000156916
0.000153239
0.000149621
0.000146062
0.000142562
0.000139121
0.000135741
0.000132419
0.000129158
0.000125956
0.000211932
0.000207594
0.000203303
0.00019906
0.000194868
0.000190725
0.000186634
0.000182595
0.000178609
0.000174676
0.000170798
0.000166974
0.000163206
0.000159493
0.000155836
0.000152236
0.000148693
0.000145207
0.000141779
0.000138407
0.000135094
0.000131838
0.00012864
0.000213813
0.000209517
0.000205267
0.000201064
0.000196908
0.000192801
0.000188743
0.000184736
0.00018078
0.000176875
0.000173023
0.000169223
0.000165477
0.000161784
0.000158146
0.000154563
0.000151034
0.000147561
0.000144143
0.000140781
0.000137475
0.000134225
0.000131031
0.000215453
0.000211194
0.000206979
0.00020281
0.000198686
0.00019461
0.000190582
0.000186603
0.000182672
0.000178792
0.000174963
0.000171184
0.000167458
0.000163783
0.000160161
0.000156593
0.000153077
0.000149616
0.000146208
0.000142854
0.000139555
0.00013631
0.000133119
0.000216844
0.000212616
0.000208432
0.000204291
0.000200196
0.000196146
0.000192143
0.000188187
0.00018428
0.00018042
0.00017661
0.00017285
0.00016914
0.000165481
0.000161874
0.000158318
0.000154814
0.000151362
0.000147963
0.000144616
0.000141323
0.000138082
0.000134895
0.000217979
0.000213777
0.000209618
0.000205501
0.000201428
0.0001974
0.000193418
0.000189481
0.000185592
0.00018175
0.000177956
0.000174211
0.000170515
0.000166869
0.000163272
0.000159727
0.000156232
0.000152789
0.000149397
0.000146057
0.000142768
0.000139532
0.000136348
0.00021885
0.000214668
0.000210527
0.000206429
0.000202373
0.000198362
0.000194395
0.000190473
0.000186598
0.000182769
0.000178988
0.000175254
0.000171569
0.000167933
0.000164346
0.000160808
0.000157321
0.000153884
0.000150498
0.000147162
0.000143878
0.000140645
0.000137463
0.000219444
0.000215276
0.000211148
0.000207062
0.000203019
0.000199019
0.000195062
0.000191151
0.000187285
0.000183466
0.000179693
0.000175967
0.000172289
0.00016866
0.000165079
0.000161547
0.000158065
0.000154632
0.00015125
0.000147918
0.000144636
0.000141405
0.000138225
0.000219749
0.000215588
0.000211467
0.000207387
0.00020335
0.000199355
0.000195405
0.000191499
0.000187638
0.000183823
0.000180055
0.000176333
0.000172659
0.000169033
0.000165455
0.000161926
0.000158447
0.000155016
0.000151636
0.000148306
0.000145025
0.000141796
0.000138617
)
;

boundaryField
{
    down
    {
        type            symmetryPlane;
    }
    right
    {
        type            fixedValue;
        value           nonuniform List<scalar> 0();
    }
    up
    {
        type            symmetryPlane;
    }
    left
    {
        type            zeroGradient;
    }
    cylinder
    {
        type            zeroGradient;
    }
    frontAndBack
    {
        type            empty;
    }
    procBoundary9to5
    {
        type            processor;
        value           nonuniform List<scalar> 
74
(
-0.000907258
-0.000870348
-0.000870348
-0.000885485
-0.000899067
-0.000910159
-0.000917572
-0.000921424
-0.000922014
-0.000919525
-0.000914121
-0.000905992
-0.000895339
-0.000882368
-0.000867287
-0.000850307
-0.000831636
-0.000811481
-0.000790044
-0.000767523
-0.000744106
-0.000719977
-0.000695308
-0.000670263
-0.000652887
-0.000699235
-0.000691346
-0.000691346
-0.00073297
-0.000773686
-0.00081292
-0.000848738
-0.000557623
-0.000605686
-0.000281245
-0.000333295
-0.000378305
-0.000423925
-0.000470155
-0.000470155
0.000999516
0.000990427
0.000980254
0.000968919
0.000956346
0.00094245
0.000927149
0.000910356
0.000891985
0.000871948
0.000850158
0.000826527
0.000800973
0.000773414
0.000743776
0.000711989
0.000677993
0.000641738
0.000603185
0.000562312
0.000519111
0.000473594
0.000425795
0.000375771
0.000323605
0.000269405
0.000213311
0.000155492
9.61458e-05
3.55046e-05
-2.61767e-05
-8.86509e-05
-0.000151327
-0.000213313
)
;
    }
    procBoundary9to8
    {
        type            processor;
        value           nonuniform List<scalar> 
75
(
0.000984675
0.000962595
0.000941336
0.000920883
0.000901217
0.000882318
0.000864166
0.000846739
0.000830015
0.000813971
0.000798585
0.000783832
0.000769692
0.00075614
0.000743154
0.000730712
0.000718794
0.000707377
0.000696441
0.000686181
0.000676447
0.000666928
0.000657627
0.000648547
0.000639689
0.000639689
0.000640903
0.000632386
0.00062409
0.000616013
0.000608158
0.000600524
0.00059311
0.000585917
0.000578943
0.000572187
0.000565647
0.000559322
0.000553209
0.000547306
0.000541611
0.00053612
0.00053083
0.000525739
0.000520844
0.00051614
0.000511624
0.000507293
0.000503144
0.000499172
0.000495374
0.000491747
0.000488286
0.00048499
0.000481853
0.000478874
0.00047605
0.000473376
0.000470852
0.000468473
0.00046624
0.000464148
0.000462198
0.000460388
0.000458718
0.000457186
0.000455794
0.000454542
0.000453433
0.000452467
0.000451649
0.000450982
0.000450471
0.000450122
0.000449943
)
;
    }
    procBoundary9to10
    {
        type            processor;
        value           nonuniform List<scalar> 
73
(
-0.00061935
-0.000594429
-0.000570225
-0.000546732
-0.000523941
-0.000501842
-0.00048042
-0.000459662
-0.000439555
-0.000420082
-0.000401229
-0.000382978
-0.000365315
-0.000348223
-0.000331684
-0.000315684
-0.000300205
-0.000285232
-0.000271044
-0.000257458
-0.000244045
-0.00023081
-0.00021776
-0.000204901
-0.000192239
-0.000179778
-0.000167524
-0.000155481
-0.000143653
-0.000132045
-0.000120659
-0.000109498
-9.85668e-05
-8.78666e-05
-7.74e-05
-6.7169e-05
-5.71754e-05
-4.74207e-05
-3.79063e-05
-2.86333e-05
-1.96026e-05
-1.08151e-05
-2.2714e-06
6.02787e-06
1.40823e-05
2.18915e-05
2.94551e-05
3.67729e-05
4.38445e-05
5.06696e-05
5.7248e-05
6.35791e-05
6.96624e-05
7.54973e-05
8.10828e-05
8.64179e-05
9.15012e-05
9.63312e-05
0.000100906
0.000105222
0.000109278
0.00011307
0.000116593
0.000119843
0.000122814
0.0001255
0.000127892
0.000129983
0.000131761
0.000133216
0.000134332
0.000135096
0.000135488
)
;
    }
}


// ************************************************************************* //
