/*--------------------------------*- C++ -*----------------------------------*\
| =========                 |                                                 |
| \\      /  F ield         | OpenFOAM: The Open Source CFD Toolbox           |
|  \\    /   O peration     | Version:  2412                                  |
|   \\  /    A nd           | Website:  www.openfoam.com                      |
|    \\/     M anipulation  |                                                 |
\*---------------------------------------------------------------------------*/
FoamFile
{
    version     2.0;
    format      ascii;
    arch        "LSB;label=32;scalar=64";
    class       volScalarField;
    location    "25.5";
    object      p;
}
// * * * * * * * * * * * * * * * * * * * * * * * * * * * * * * * * * * * * * //

dimensions      [0 2 -2 0 0 0 0];

internalField   nonuniform List<scalar> 
5285
(
-0.00017524
-0.000168768
-0.000162326
-0.000155921
-0.000149566
-0.000143273
-0.000137051
-0.000130913
-0.000124867
-0.000118925
-0.000113094
-0.000107385
-0.000101806
-9.63634e-05
-9.10656e-05
-8.59187e-05
-8.09285e-05
-7.60997e-05
-7.14368e-05
-6.69432e-05
-6.26216e-05
-5.84741e-05
-5.45018e-05
-5.07053e-05
-4.70844e-05
-4.36382e-05
-4.03652e-05
-3.72632e-05
-3.43297e-05
-3.15613e-05
-2.89543e-05
-2.65047e-05
-2.42078e-05
-2.20589e-05
-2.00528e-05
-1.81842e-05
-1.64475e-05
-1.4837e-05
-1.33469e-05
-1.19715e-05
-1.07049e-05
-9.54128e-06
-8.47478e-06
-7.49999e-06
-0.000178745
-0.000171976
-0.000165246
-0.000158565
-0.000151944
-0.000145397
-0.000138933
-0.000132565
-0.000126302
-0.000120155
-0.000114132
-0.000108244
-0.000102497
-9.69007e-05
-9.14608e-05
-8.61838e-05
-8.10751e-05
-7.61394e-05
-7.13805e-05
-6.68015e-05
-6.24046e-05
-5.81913e-05
-5.41624e-05
-5.03179e-05
-4.66569e-05
-4.31781e-05
-3.98793e-05
-3.6758e-05
-3.38108e-05
-3.10339e-05
-2.84232e-05
-2.5974e-05
-2.36813e-05
-2.15397e-05
-1.95438e-05
-1.76876e-05
-1.59654e-05
-1.4371e-05
-1.28984e-05
-1.15414e-05
-1.02939e-05
-9.14981e-06
-8.10312e-06
-7.14823e-06
-0.000182139
-0.000175065
-0.00016804
-0.000161077
-0.000154187
-0.000147381
-0.000140673
-0.000134074
-0.000127592
-0.00012124
-0.000115026
-0.000108959
-0.000103047
-9.72984e-05
-9.17192e-05
-8.63154e-05
-8.10921e-05
-7.60535e-05
-7.12031e-05
-6.65434e-05
-6.20761e-05
-5.78022e-05
-5.37219e-05
-4.98345e-05
-4.61388e-05
-4.26326e-05
-3.93133e-05
-3.61776e-05
-3.32218e-05
-3.04413e-05
-2.78316e-05
-2.53873e-05
-2.3103e-05
-2.0973e-05
-1.89911e-05
-1.71512e-05
-1.54469e-05
-1.38719e-05
-1.24197e-05
-1.1084e-05
-9.85818e-06
-8.73615e-06
-7.71153e-06
-6.77863e-06
-0.000185407
-0.00017802
-0.000170696
-0.000163445
-0.00015628
-0.000149214
-0.000142259
-0.000135426
-0.000128726
-0.000122169
-0.000115764
-0.00010952
-0.000103446
-9.75481e-05
-9.18331e-05
-8.63064e-05
-8.09729e-05
-7.58361e-05
-7.08991e-05
-6.61639e-05
-6.16317e-05
-5.73027e-05
-5.31766e-05
-4.92521e-05
-4.55272e-05
-4.19993e-05
-3.8665e-05
-3.55204e-05
-3.25611e-05
-2.97822e-05
-2.71783e-05
-2.47437e-05
-2.24724e-05
-2.03581e-05
-1.83943e-05
-1.65744e-05
-1.48918e-05
-1.33395e-05
-1.19109e-05
-1.05993e-05
-9.39796e-06
-8.30043e-06
-7.30016e-06
-6.39133e-06
-0.000188533
-0.000180827
-0.000173198
-0.000165655
-0.000158212
-0.000150883
-0.000143679
-0.000136612
-0.000129693
-0.000122932
-0.000116338
-0.00010992
-0.000103685
-9.76416e-05
-9.17948e-05
-8.61498e-05
-8.07109e-05
-7.54813e-05
-7.04633e-05
-6.56584e-05
-6.10671e-05
-5.66891e-05
-5.25233e-05
-4.85677e-05
-4.48197e-05
-4.1276e-05
-3.79326e-05
-3.47848e-05
-3.18277e-05
-2.90556e-05
-2.64628e-05
-2.40427e-05
-2.17891e-05
-1.96949e-05
-1.77534e-05
-1.59575e-05
-1.43e-05
-1.27739e-05
-1.13721e-05
-1.00876e-05
-8.91344e-06
-7.84294e-06
-6.86931e-06
-5.98666e-06
-0.000191503
-0.000183472
-0.000175531
-0.000167692
-0.000159968
-0.000152373
-0.000144919
-0.000137618
-0.00013048
-0.000123516
-0.000116736
-0.000110146
-0.000103756
-9.75705e-05
-9.15966e-05
-8.58385e-05
-8.02998e-05
-7.49832e-05
-6.98903e-05
-6.50221e-05
-6.03782e-05
-5.59577e-05
-5.17587e-05
-4.77786e-05
-4.4014e-05
-4.04608e-05
-3.71144e-05
-3.39695e-05
-3.10203e-05
-2.82607e-05
-2.56842e-05
-2.32838e-05
-2.10526e-05
-1.89832e-05
-1.70683e-05
-1.53003e-05
-1.36718e-05
-1.21754e-05
-1.08036e-05
-9.54917e-06
-8.40492e-06
-7.36395e-06
-6.41928e-06
-5.56492e-06
-0.000194299
-0.000185936
-0.000177679
-0.00016954
-0.000161532
-0.00015367
-0.000145965
-0.000138431
-0.000131076
-0.000123912
-0.000116947
-0.00011019
-0.000103648
-9.7326e-05
-9.12305e-05
-8.53652e-05
-7.97329e-05
-7.43359e-05
-6.91749e-05
-6.42502e-05
-5.95608e-05
-5.51048e-05
-5.08797e-05
-4.68821e-05
-4.31077e-05
-3.95518e-05
-3.62089e-05
-3.30731e-05
-3.0138e-05
-2.73967e-05
-2.4842e-05
-2.24666e-05
-2.02628e-05
-1.82229e-05
-1.63389e-05
-1.4603e-05
-1.30074e-05
-1.15441e-05
-1.02056e-05
-8.9843e-06
-7.87274e-06
-6.86386e-06
-5.95046e-06
-5.12649e-06
-0.000196904
-0.000188203
-0.000179626
-0.000171183
-0.00016289
-0.000154759
-0.000146804
-0.000139037
-0.000131468
-0.000124106
-0.000116961
-0.000110041
-0.000103352
-9.68994e-05
-9.06885e-05
-8.47225e-05
-7.90037e-05
-7.35334e-05
-6.83118e-05
-6.33382e-05
-5.86107e-05
-5.41269e-05
-4.98833e-05
-4.58755e-05
-4.20986e-05
-3.85471e-05
-3.52147e-05
-3.20946e-05
-2.91799e-05
-2.64629e-05
-2.39359e-05
-2.15909e-05
-1.94196e-05
-1.74139e-05
-1.55654e-05
-1.38658e-05
-1.23069e-05
-1.08804e-05
-9.57854e-06
-8.39338e-06
-7.3173e-06
-6.34305e-06
-5.46324e-06
-4.67177e-06
-0.000199298
-0.000190255
-0.000181353
-0.000172605
-0.000164024
-0.000155625
-0.000147421
-0.000139423
-0.000131642
-0.000124087
-0.000116766
-0.000109688
-0.000102858
-9.62817e-05
-8.99625e-05
-8.39032e-05
-7.81056e-05
-7.257e-05
-6.72958e-05
-6.22815e-05
-5.75243e-05
-5.30207e-05
-4.87665e-05
-4.47565e-05
-4.09849e-05
-3.74452e-05
-3.41304e-05
-3.1033e-05
-2.81453e-05
-2.54589e-05
-2.29655e-05
-2.06565e-05
-1.85231e-05
-1.65565e-05
-1.47481e-05
-1.3089e-05
-1.15707e-05
-1.01847e-05
-8.92281e-06
-7.77687e-06
-6.73907e-06
-5.802e-06
-4.9581e-06
-4.20121e-06
-0.000201461
-0.000192072
-0.000182842
-0.000173787
-0.000164918
-0.000156252
-0.0001478
-0.000139575
-0.000131585
-0.000123841
-0.000116351
-0.000109121
-0.000102157
-9.54641e-05
-8.90444e-05
-8.29002e-05
-7.70322e-05
-7.144e-05
-6.61221e-05
-6.10758e-05
-5.62976e-05
-5.17831e-05
-4.75269e-05
-4.3523e-05
-3.97647e-05
-3.62447e-05
-3.29551e-05
-2.98876e-05
-2.70337e-05
-2.43845e-05
-2.19308e-05
-1.96635e-05
-1.75734e-05
-1.5651e-05
-1.38873e-05
-1.22731e-05
-1.07994e-05
-9.45758e-06
-8.23896e-06
-7.13532e-06
-6.1386e-06
-5.24125e-06
-4.43555e-06
-3.71533e-06
-0.000203374
-0.000193634
-0.000184075
-0.00017471
-0.000165555
-0.000156622
-0.000147926
-0.000139476
-0.000131284
-0.000123357
-0.000115703
-0.000108329
-0.000101239
-9.44378e-05
-8.79264e-05
-8.17063e-05
-7.57773e-05
-7.0138e-05
-6.47858e-05
-5.97171e-05
-5.49273e-05
-5.04111e-05
-4.6162e-05
-4.21731e-05
-3.84366e-05
-3.49445e-05
-3.16879e-05
-2.86578e-05
-2.58449e-05
-2.32395e-05
-2.08319e-05
-1.86123e-05
-1.65708e-05
-1.46978e-05
-1.29836e-05
-1.14186e-05
-9.99363e-06
-8.69957e-06
-7.52764e-06
-6.46936e-06
-5.51652e-06
-4.66141e-06
-3.89619e-06
-3.21468e-06
-0.000205014
-0.00019492
-0.00018503
-0.000175357
-0.000165915
-0.000156719
-0.000147782
-0.000139114
-0.000130724
-0.000122621
-0.000114812
-0.000107301
-0.000100095
-9.31939e-05
-8.66005e-05
-8.03146e-05
-7.43347e-05
-6.86585e-05
-6.32823e-05
-5.82014e-05
-5.34102e-05
-4.8902e-05
-4.46696e-05
-4.0705e-05
-3.69994e-05
-3.35437e-05
-3.03283e-05
-2.73434e-05
-2.45787e-05
-2.20241e-05
-1.9669e-05
-1.75031e-05
-1.5516e-05
-1.36975e-05
-1.20376e-05
-1.05263e-05
-9.15399e-06
-7.91144e-06
-6.78957e-06
-5.77972e-06
-4.87351e-06
-4.06314e-06
-3.34065e-06
-2.69987e-06
-0.000206358
-0.000195908
-0.000185686
-0.000175706
-0.000165981
-0.000156526
-0.000147352
-0.000138471
-0.000129891
-0.00012162
-0.000113664
-0.000106027
-9.87132e-05
-9.17238e-05
-8.50592e-05
-7.87183e-05
-7.26986e-05
-6.69966e-05
-6.16075e-05
-5.65253e-05
-5.17432e-05
-4.72536e-05
-4.3048e-05
-3.91174e-05
-3.54519e-05
-3.20416e-05
-2.8876e-05
-2.59442e-05
-2.32355e-05
-2.07386e-05
-1.84427e-05
-1.63366e-05
-1.44096e-05
-1.26509e-05
-1.10501e-05
-9.59686e-06
-8.28137e-06
-7.09402e-06
-6.02556e-06
-5.06718e-06
-4.21036e-06
-3.44719e-06
-2.76964e-06
-2.17158e-06
-0.000207382
-0.000196575
-0.000186023
-0.000175737
-0.000165732
-0.000156023
-0.00014662
-0.000137533
-0.000128771
-0.000120341
-0.000112248
-0.000104495
-9.70855e-05
-9.0019e-05
-8.32949e-05
-7.69109e-05
-7.08635e-05
-6.51476e-05
-5.97573e-05
-5.46854e-05
-4.99238e-05
-4.54638e-05
-4.12957e-05
-3.74092e-05
-3.37937e-05
-3.04381e-05
-2.73309e-05
-2.44606e-05
-2.18155e-05
-1.93837e-05
-1.71536e-05
-1.51137e-05
-1.32525e-05
-1.15589e-05
-1.0022e-05
-8.63139e-06
-7.37673e-06
-6.24826e-06
-5.23656e-06
-4.33264e-06
-3.5279e-06
-2.81437e-06
-2.18393e-06
-1.6305e-06
-0.000208061
-0.000196899
-0.000186017
-0.00017543
-0.00016515
-0.000155192
-0.000145567
-0.000136284
-0.00012735
-0.000118772
-0.000110553
-0.000102696
-9.52023e-05
-8.80712e-05
-8.13005e-05
-7.48864e-05
-6.8824e-05
-6.31071e-05
-5.77282e-05
-5.26789e-05
-4.79499e-05
-4.3531e-05
-3.94115e-05
-3.55799e-05
-3.20245e-05
-2.87331e-05
-2.56935e-05
-2.28931e-05
-2.03195e-05
-1.79602e-05
-1.58028e-05
-1.38353e-05
-1.20458e-05
-1.04226e-05
-8.95465e-06
-7.63098e-06
-6.44118e-06
-5.37524e-06
-4.42358e-06
-3.57709e-06
-2.82709e-06
-2.16557e-06
-1.58435e-06
-1.07743e-06
-0.000208371
-0.000196853
-0.000185646
-0.000174761
-0.000164213
-0.000154015
-0.000144177
-0.000134707
-0.000125613
-0.000116898
-0.000108566
-0.000100618
-9.30544e-05
-8.58725e-05
-7.90691e-05
-7.26388e-05
-6.65754e-05
-6.08711e-05
-5.5517e-05
-5.05034e-05
-4.58195e-05
-4.14539e-05
-3.73946e-05
-3.36289e-05
-3.01441e-05
-2.69269e-05
-2.39642e-05
-2.12424e-05
-1.87484e-05
-1.64691e-05
-1.43914e-05
-1.25027e-05
-1.07907e-05
-9.2433e-06
-7.84906e-06
-6.59681e-06
-5.47587e-06
-4.47607e-06
-3.58768e-06
-2.80154e-06
-2.10887e-06
-1.50166e-06
-9.71716e-07
-5.13125e-07
-0.000208282
-0.000196412
-0.000184884
-0.000173709
-0.000162901
-0.000152472
-0.000142431
-0.000132787
-0.000123544
-0.000114706
-0.000106275
-9.82509e-05
-9.06319e-05
-8.34144e-05
-7.65933e-05
-7.0162e-05
-6.41124e-05
-5.84352e-05
-5.31202e-05
-4.81561e-05
-4.35306e-05
-3.92311e-05
-3.52441e-05
-3.15559e-05
-2.81525e-05
-2.50197e-05
-2.21433e-05
-1.95091e-05
-1.7103e-05
-1.49113e-05
-1.29203e-05
-1.11169e-05
-9.48822e-06
-8.02201e-06
-6.70638e-06
-5.52994e-06
-4.48184e-06
-3.55174e-06
-2.72984e-06
-2.00689e-06
-1.3741e-06
-8.23465e-07
-3.4679e-07
6.17142e-08
-0.000207766
-0.000195549
-0.000183706
-0.000172249
-0.00016119
-0.000150541
-0.000140311
-0.000130505
-0.000121128
-0.000112182
-0.000103668
-9.55837e-05
-8.79257e-05
-8.0689e-05
-7.38667e-05
-6.74504e-05
-6.14306e-05
-5.57962e-05
-5.05354e-05
-4.56353e-05
-4.10822e-05
-3.6862e-05
-3.296e-05
-2.93612e-05
-2.60505e-05
-2.30127e-05
-2.02325e-05
-1.76949e-05
-1.53851e-05
-1.32887e-05
-1.13914e-05
-9.67972e-06
-8.14036e-06
-6.76065e-06
-5.52844e-06
-4.43216e-06
-3.4608e-06
-2.6039e-06
-1.85159e-06
-1.1946e-06
-6.24144e-07
-1.32249e-07
2.89247e-07
6.45987e-07
-0.000206796
-0.000194238
-0.000182089
-0.00017036
-0.000159062
-0.000148206
-0.0001378
-0.000127849
-0.000118354
-0.000109317
-0.000100737
-9.26098e-05
-8.49306e-05
-7.76923e-05
-7.08862e-05
-6.45023e-05
-5.8529e-05
-5.29538e-05
-4.77629e-05
-4.2942e-05
-3.84757e-05
-3.43486e-05
-3.05446e-05
-2.70474e-05
-2.38408e-05
-2.09085e-05
-1.82344e-05
-1.58025e-05
-1.35974e-05
-1.1604e-05
-9.80752e-06
-8.19393e-06
-6.74962e-06
-5.46162e-06
-4.31755e-06
-3.30564e-06
-2.41478e-06
-1.63443e-06
-9.54704e-07
-3.66319e-07
1.39482e-07
5.7059e-07
9.35115e-07
1.23852e-06
-0.000205352
-0.000192461
-0.000180016
-0.000168027
-0.000156503
-0.000145455
-0.00013489
-0.000124809
-0.000115214
-0.000106105
-9.74767e-05
-8.93254e-05
-8.16437e-05
-7.44224e-05
-6.7651e-05
-6.13174e-05
-5.54083e-05
-4.99091e-05
-4.48045e-05
-4.00783e-05
-3.57137e-05
-3.16937e-05
-2.80008e-05
-2.46176e-05
-2.15266e-05
-1.87105e-05
-1.61523e-05
-1.38352e-05
-1.17431e-05
-9.86029e-06
-8.17152e-06
-6.66229e-06
-5.31868e-06
-4.12747e-06
-3.07608e-06
-2.15262e-06
-1.34588e-06
-6.45295e-07
-4.09817e-08
4.76299e-07
9.15249e-07
1.28365e-06
1.58954e-06
1.83816e-06
-0.000363757
-0.000358558
-0.000352934
-0.000346918
-0.000340559
-0.000333898
-0.000326966
-0.000319798
-0.000312428
-0.000304888
-0.000297211
-0.000289425
-0.000281558
-0.000273638
-0.000265689
-0.000257735
-0.000249798
-0.000241897
-0.000234052
-0.000226281
-0.000218598
-0.000211018
-0.000203554
-0.000196217
-0.000189018
-0.000181966
-0.000380669
-0.000374873
-0.000368642
-0.000362014
-0.00035504
-0.000347761
-0.000340215
-0.000332435
-0.00032446
-0.000316323
-0.000308057
-0.000299693
-0.000291261
-0.000282788
-0.000274302
-0.000265825
-0.000257381
-0.000248992
-0.000240675
-0.000232449
-0.00022433
-0.000216332
-0.000208468
-0.00020075
-0.000193188
-0.000185791
-0.000398191
-0.000391753
-0.000384872
-0.000377588
-0.000369956
-0.00036202
-0.000353819
-0.00034539
-0.000336772
-0.000328001
-0.000319112
-0.000310138
-0.000301109
-0.000292056
-0.000283004
-0.000273979
-0.000265005
-0.000256103
-0.000247294
-0.000238595
-0.000230022
-0.00022159
-0.000213313
-0.000205201
-0.000197265
-0.000189512
-0.000416347
-0.000409219
-0.000401641
-0.000393655
-0.00038532
-0.000376683
-0.000367784
-0.000358664
-0.000349364
-0.000339922
-0.000330374
-0.000320755
-0.000311097
-0.000301432
-0.000291786
-0.000282186
-0.000272657
-0.000263221
-0.000253897
-0.000244705
-0.000235661
-0.00022678
-0.000218074
-0.000209555
-0.000201233
-0.000193116
-0.00043516
-0.000427292
-0.000418966
-0.000410229
-0.000401143
-0.000391757
-0.000382115
-0.000372261
-0.000362236
-0.000352083
-0.000341838
-0.000331538
-0.000321217
-0.000310907
-0.000300637
-0.000290435
-0.000280325
-0.00027033
-0.000260471
-0.000250766
-0.000241233
-0.000231885
-0.000222737
-0.000213798
-0.000205079
-0.000196586
-0.000454657
-0.000445992
-0.000436865
-0.000427324
-0.000417435
-0.000407251
-0.000396818
-0.000386182
-0.000375389
-0.000364481
-0.000353499
-0.00034248
-0.00033146
-0.000320472
-0.000309547
-0.000298713
-0.000287994
-0.000277416
-0.000266998
-0.000256761
-0.00024672
-0.00023689
-0.000227284
-0.000217912
-0.000208785
-0.000199908
-0.000474863
-0.000465343
-0.000455356
-0.000444954
-0.000434207
-0.000423171
-0.000411895
-0.000400429
-0.00038882
-0.000377113
-0.000365351
-0.000353573
-0.000341816
-0.000330115
-0.000318502
-0.000307005
-0.000295651
-0.000284464
-0.000273464
-0.000262673
-0.000252105
-0.000241776
-0.000231698
-0.000221881
-0.000212334
-0.000203064
-0.000495805
-0.000485367
-0.000474457
-0.000463134
-0.000451469
-0.000439524
-0.000427351
-0.000415002
-0.000402527
-0.000389973
-0.000377386
-0.000364807
-0.000352274
-0.000339823
-0.000327487
-0.000315296
-0.000303277
-0.000291455
-0.00027985
-0.000268483
-0.00025737
-0.000246525
-0.00023596
-0.000225685
-0.000215708
-0.000206035
-0.000517512
-0.000506087
-0.000494188
-0.000481877
-0.000469232
-0.000456318
-0.000443189
-0.000429901
-0.000416506
-0.000403056
-0.000389596
-0.000376171
-0.00036282
-0.00034958
-0.000336487
-0.000323569
-0.000310856
-0.000298371
-0.000286137
-0.000274172
-0.000262494
-0.000251116
-0.000240049
-0.000229304
-0.000218886
-0.000208802
-0.000540013
-0.000527526
-0.000514566
-0.000501198
-0.000487505
-0.000473556
-0.00045941
-0.000445123
-0.000430753
-0.000416353
-0.000401971
-0.000387652
-0.00037344
-0.000359372
-0.000345483
-0.000331805
-0.000318366
-0.000305191
-0.000292302
-0.000279718
-0.000267456
-0.000255528
-0.000243945
-0.000232717
-0.000221849
-0.000211345
-0.000563336
-0.000549709
-0.00053561
-0.000521111
-0.000506298
-0.000491245
-0.000476014
-0.000460667
-0.000445262
-0.000429855
-0.000414498
-0.000399238
-0.000384118
-0.000369179
-0.000354457
-0.000339983
-0.000325787
-0.000311893
-0.000298324
-0.000285098
-0.000272232
-0.000259737
-0.000247625
-0.000235902
-0.000224573
-0.000213643
-0.000587513
-0.000572659
-0.000557339
-0.000541629
-0.000525619
-0.000509388
-0.000493003
-0.000476527
-0.000460024
-0.000443552
-0.000427164
-0.00041091
-0.000394836
-0.000378982
-0.000363386
-0.00034808
-0.000333094
-0.000318452
-0.000304177
-0.000290287
-0.000276797
-0.000263719
-0.000251063
-0.000238834
-0.000227036
-0.000215672
-0.000612573
-0.000596402
-0.000579772
-0.000562764
-0.000545475
-0.000527988
-0.000510373
-0.000492699
-0.000475031
-0.00045743
-0.000439954
-0.000422653
-0.000405574
-0.000388759
-0.000372248
-0.000356072
-0.000340262
-0.000324843
-0.000309836
-0.000295259
-0.000281126
-0.000267448
-0.000254234
-0.000241488
-0.000229213
-0.00021741
-0.000638549
-0.000620962
-0.000602927
-0.00058453
-0.000565874
-0.000547047
-0.000528123
-0.000509174
-0.000490271
-0.000471476
-0.000452849
-0.000434444
-0.000416308
-0.000398486
-0.000381016
-0.000363933
-0.000347264
-0.000331037
-0.000315271
-0.000299984
-0.000285189
-0.000270896
-0.000257111
-0.000243838
-0.000231079
-0.00021883
-0.000665472
-0.000646364
-0.000626822
-0.000606937
-0.00058682
-0.000566564
-0.000546247
-0.000525945
-0.000505731
-0.000485673
-0.000465831
-0.000446262
-0.000427015
-0.000408136
-0.000389663
-0.000371632
-0.00035407
-0.000337004
-0.000320453
-0.000304433
-0.000288957
-0.000274033
-0.000259665
-0.000245856
-0.000232605
-0.000219908
-0.000693376
-0.000672632
-0.000651473
-0.000629997
-0.00060832
-0.000586539
-0.000564738
-0.000542998
-0.000521396
-0.0005
-0.000478877
-0.000458081
-0.000437667
-0.000417679
-0.000398158
-0.000379138
-0.000360647
-0.000342711
-0.000325348
-0.000308573
-0.000292398
-0.000276827
-0.000261866
-0.000247513
-0.000233764
-0.000220615
-0.000722293
-0.000699793
-0.0006769
-0.00065372
-0.000630375
-0.000606969
-0.000583589
-0.000560322
-0.000537247
-0.000514438
-0.000491961
-0.000469875
-0.000448234
-0.000427084
-0.000406467
-0.000386417
-0.00036696
-0.000348122
-0.000329921
-0.00031237
-0.000295476
-0.000279246
-0.00026368
-0.000248775
-0.000234526
-0.000220924
-0.000752255
-0.000727867
-0.000703115
-0.000678112
-0.000652985
-0.000627846
-0.000602788
-0.000577899
-0.000553264
-0.00052896
-0.000505055
-0.000481611
-0.000458682
-0.000436316
-0.000414556
-0.000393433
-0.000372973
-0.000353201
-0.000334134
-0.000315784
-0.000298156
-0.000281253
-0.000265073
-0.000249611
-0.000234858
-0.000220803
-0.000783286
-0.000756871
-0.000730126
-0.000703172
-0.000676145
-0.00064916
-0.000622316
-0.000595706
-0.00056942
-0.000543536
-0.000518127
-0.000493255
-0.000468975
-0.000445337
-0.000422381
-0.000400144
-0.000378647
-0.000357908
-0.00033795
-0.00031878
-0.000300401
-0.000282813
-0.000266012
-0.000249988
-0.00023473
-0.000220224
-0.000429905
-0.000406507
-0.000383933
-0.000362203
-0.000341329
-0.000321319
-0.000302176
-0.000283893
-0.000266465
-0.000249878
-0.000234117
-0.000219163
0.000100803
9.79074e-05
9.50658e-05
9.22794e-05
8.95492e-05
8.68732e-05
8.42514e-05
8.16838e-05
7.91703e-05
7.67104e-05
7.4304e-05
7.19506e-05
6.96498e-05
6.74012e-05
6.52044e-05
6.30589e-05
6.09642e-05
5.89198e-05
5.69251e-05
5.49797e-05
5.30829e-05
5.1234e-05
4.94326e-05
4.76779e-05
4.59694e-05
4.43063e-05
0.000100377
9.74813e-05
9.46401e-05
9.18544e-05
8.91252e-05
8.64504e-05
8.38301e-05
8.12642e-05
7.87527e-05
7.62951e-05
7.38911e-05
7.15403e-05
6.92424e-05
6.6997e-05
6.48035e-05
6.26615e-05
6.05705e-05
5.85299e-05
5.65393e-05
5.45981e-05
5.27056e-05
5.08612e-05
4.90644e-05
4.73145e-05
4.56107e-05
4.39526e-05
9.95471e-05
9.66514e-05
9.3811e-05
9.10267e-05
8.82993e-05
8.5627e-05
8.30096e-05
8.04472e-05
7.79395e-05
7.54863e-05
7.30872e-05
7.07417e-05
6.84495e-05
6.62101e-05
6.40231e-05
6.1888e-05
5.98042e-05
5.77712e-05
5.57885e-05
5.38554e-05
5.19714e-05
5.01358e-05
4.8348e-05
4.66073e-05
4.49131e-05
4.32646e-05
9.83329e-05
9.54377e-05
9.25985e-05
8.98163e-05
8.70918e-05
8.44231e-05
8.18101e-05
7.92528e-05
7.6751e-05
7.43043e-05
7.19123e-05
6.95746e-05
6.72909e-05
6.50605e-05
6.28831e-05
6.07582e-05
5.86851e-05
5.66633e-05
5.46922e-05
5.27712e-05
5.08997e-05
4.9077e-05
4.73025e-05
4.55754e-05
4.38951e-05
4.22609e-05
9.67515e-05
9.3857e-05
9.10196e-05
8.82403e-05
8.55198e-05
8.2856e-05
8.02489e-05
7.76985e-05
7.52044e-05
7.27664e-05
7.0384e-05
6.80567e-05
6.57841e-05
6.35657e-05
6.1401e-05
5.92894e-05
5.72304e-05
5.52233e-05
5.32676e-05
5.13625e-05
4.95075e-05
4.77018e-05
4.59447e-05
4.42356e-05
4.25736e-05
4.09581e-05
9.48176e-05
9.19243e-05
8.90895e-05
8.6314e-05
8.35985e-05
8.0941e-05
7.83414e-05
7.57997e-05
7.33154e-05
7.08883e-05
6.85178e-05
6.62035e-05
6.39449e-05
6.17414e-05
5.95925e-05
5.74976e-05
5.54561e-05
5.34673e-05
5.15306e-05
4.96453e-05
4.78106e-05
4.60259e-05
4.42905e-05
4.26035e-05
4.09641e-05
3.93717e-05
9.25441e-05
8.96526e-05
8.6821e-05
8.40504e-05
8.13413e-05
7.86916e-05
7.61012e-05
7.357e-05
7.10977e-05
6.86838e-05
6.63277e-05
6.40291e-05
6.17873e-05
5.96018e-05
5.74719e-05
5.5397e-05
5.33764e-05
5.14095e-05
4.94956e-05
4.76338e-05
4.58235e-05
4.40639e-05
4.23542e-05
4.06936e-05
3.90812e-05
3.75163e-05
8.9942e-05
8.70529e-05
8.42256e-05
8.1461e-05
7.87597e-05
7.61195e-05
7.35401e-05
7.10216e-05
6.85635e-05
6.61652e-05
6.38263e-05
6.15461e-05
5.93241e-05
5.71596e-05
5.5052e-05
5.30005e-05
5.10045e-05
4.90632e-05
4.71758e-05
4.53415e-05
4.35596e-05
4.18291e-05
4.01493e-05
3.85193e-05
3.69383e-05
3.54052e-05
8.70208e-05
8.4135e-05
8.13131e-05
7.8556e-05
7.5864e-05
7.3235e-05
7.06688e-05
6.81651e-05
6.57236e-05
6.33436e-05
6.10246e-05
5.87658e-05
5.65667e-05
5.44266e-05
5.23446e-05
5.03201e-05
4.83523e-05
4.64403e-05
4.45833e-05
4.27805e-05
4.1031e-05
3.93339e-05
3.76883e-05
3.60933e-05
3.45479e-05
3.30511e-05
8.37887e-05
8.09074e-05
7.80922e-05
7.5344e-05
7.26632e-05
7.00475e-05
6.74966e-05
6.50102e-05
6.25879e-05
6.0229e-05
5.79327e-05
5.56985e-05
5.35256e-05
5.14132e-05
4.93604e-05
4.73666e-05
4.54307e-05
4.3552e-05
4.17295e-05
3.99623e-05
3.82494e-05
3.65899e-05
3.49828e-05
3.34271e-05
3.19218e-05
3.04659e-05
8.02526e-05
7.73771e-05
7.45702e-05
7.18328e-05
6.91652e-05
6.6565e-05
6.40318e-05
6.15653e-05
5.9165e-05
5.68301e-05
5.45598e-05
5.23534e-05
5.02101e-05
4.8129e-05
4.61093e-05
4.41499e-05
4.225e-05
4.04087e-05
3.86248e-05
3.68974e-05
3.52255e-05
3.3608e-05
3.20438e-05
3.0532e-05
2.90713e-05
2.76608e-05
7.64187e-05
7.35505e-05
7.07537e-05
6.80291e-05
6.53769e-05
6.27946e-05
6.02817e-05
5.7838e-05
5.54627e-05
5.3155e-05
5.09141e-05
4.87391e-05
4.66291e-05
4.45831e-05
4.26002e-05
4.06794e-05
3.88196e-05
3.70198e-05
3.52789e-05
3.35957e-05
3.19692e-05
3.03982e-05
2.88816e-05
2.74183e-05
2.60069e-05
2.46464e-05
7.2292e-05
6.94329e-05
6.66481e-05
6.39386e-05
6.13042e-05
5.87425e-05
5.62529e-05
5.3835e-05
5.1488e-05
4.9211e-05
4.7003e-05
4.48631e-05
4.27903e-05
4.07835e-05
3.88416e-05
3.69636e-05
3.51482e-05
3.33944e-05
3.1701e-05
3.00666e-05
2.84902e-05
2.69705e-05
2.55061e-05
2.4096e-05
2.27387e-05
2.14331e-05
6.78767e-05
6.50287e-05
6.22584e-05
5.95664e-05
5.69526e-05
5.44145e-05
5.19513e-05
4.95626e-05
4.72474e-05
4.50047e-05
4.28335e-05
4.07327e-05
3.87012e-05
3.67378e-05
3.48414e-05
3.30106e-05
3.12442e-05
2.95411e-05
2.78998e-05
2.6319e-05
2.47975e-05
2.33338e-05
2.19267e-05
2.05747e-05
1.92765e-05
1.80306e-05
6.31765e-05
6.0342e-05
5.75885e-05
5.49169e-05
5.23268e-05
4.98154e-05
4.73821e-05
4.50262e-05
4.27466e-05
4.05422e-05
3.8412e-05
3.63545e-05
3.43687e-05
3.24532e-05
3.06068e-05
2.8828e-05
2.71154e-05
2.54678e-05
2.38836e-05
2.23614e-05
2.08998e-05
1.94972e-05
1.81523e-05
1.68635e-05
1.56294e-05
1.44485e-05
5.81943e-05
5.53758e-05
5.26421e-05
4.99939e-05
4.74308e-05
4.49498e-05
4.255e-05
4.02308e-05
3.79909e-05
3.58291e-05
3.37442e-05
3.17347e-05
2.97992e-05
2.79364e-05
2.61448e-05
2.4423e-05
2.27693e-05
2.11822e-05
1.96603e-05
1.82018e-05
1.68053e-05
1.54692e-05
1.41918e-05
1.29715e-05
1.18067e-05
1.06959e-05
5.29326e-05
5.0133e-05
4.74222e-05
4.48008e-05
4.22683e-05
3.98214e-05
3.74593e-05
3.5181e-05
3.29852e-05
3.08706e-05
2.88357e-05
2.68789e-05
2.49988e-05
2.31938e-05
2.14622e-05
1.98025e-05
1.82129e-05
1.66918e-05
1.52375e-05
1.38482e-05
1.25223e-05
1.1258e-05
1.00535e-05
8.90712e-06
7.81712e-06
6.78177e-06
4.73932e-05
4.46158e-05
4.19314e-05
3.93405e-05
3.68426e-05
3.4434e-05
3.21138e-05
2.9881e-05
2.77341e-05
2.56715e-05
2.36916e-05
2.17927e-05
1.99732e-05
1.82313e-05
1.65652e-05
1.49731e-05
1.34532e-05
1.20037e-05
1.06227e-05
9.30827e-06
8.05857e-06
6.87171e-06
5.7458e-06
4.67895e-06
3.66929e-06
2.71496e-06
4.15777e-05
3.8826e-05
3.61718e-05
3.36156e-05
3.11564e-05
2.87907e-05
2.65172e-05
2.43348e-05
2.22418e-05
2.02364e-05
1.83169e-05
1.64814e-05
1.4728e-05
1.30549e-05
1.146e-05
9.94136e-06
8.49702e-06
7.12494e-06
5.82308e-06
4.58938e-06
3.4218e-06
2.31828e-06
1.27679e-06
2.95273e-07
-6.28288e-07
-1.49591e-06
3.54873e-05
3.27651e-05
3.01453e-05
2.76282e-05
2.52125e-05
2.28945e-05
2.06728e-05
1.8546e-05
1.65123e-05
1.45697e-05
1.27162e-05
1.09499e-05
9.26857e-06
7.67017e-06
6.15252e-06
4.71346e-06
3.35079e-06
2.06229e-06
8.45743e-07
-3.01086e-07
-1.38042e-06
-2.3945e-06
-3.34553e-06
-4.23571e-06
-5.06724e-06
-5.84229e-06
2.91228e-05
2.64345e-05
2.38536e-05
2.13803e-05
1.90131e-05
1.67481e-05
1.45836e-05
1.2518e-05
1.05494e-05
8.67551e-06
6.89418e-06
5.20315e-06
3.60012e-06
2.08276e-06
6.48722e-07
-7.04393e-07
-1.97899e-06
-3.17748e-06
-4.30229e-06
-5.35586e-06
-6.34059e-06
-7.25891e-06
-8.11321e-06
-8.90588e-06
-9.63928e-06
-1.03157e-05
2.24849e-05
1.98351e-05
1.7298e-05
1.48737e-05
1.25605e-05
1.0354e-05
8.25252e-06
6.2542e-06
4.35682e-06
2.55795e-06
8.55144e-07
-7.54075e-07
-2.27223e-06
-3.70189e-06
-5.04565e-06
-6.30611e-06
-7.48591e-06
-8.58769e-06
-9.61408e-06
-1.05677e-05
-1.14513e-05
-1.22673e-05
-1.30184e-05
-1.37072e-05
-1.43362e-05
-1.49078e-05
1.55739e-05
1.29676e-05
1.04796e-05
8.10998e-06
5.85652e-06
3.71466e-06
1.68242e-06
-2.42242e-07
-2.06183e-06
-3.77903e-06
-5.39652e-06
-6.91706e-06
-8.34341e-06
-9.67839e-06
-1.09248e-05
-1.20856e-05
-1.31636e-05
-1.41617e-05
-1.50827e-05
-1.59295e-05
-1.6705e-05
-1.7412e-05
-1.80532e-05
-1.86315e-05
-1.91496e-05
-1.96102e-05
8.38995e-06
5.83266e-06
3.39963e-06
1.09058e-06
-1.09687e-06
-3.16766e-06
-5.12399e-06
-6.9682e-06
-8.70305e-06
-1.03315e-05
-1.18565e-05
-1.32811e-05
-1.46083e-05
-1.58413e-05
-1.69831e-05
-1.80369e-05
-1.90057e-05
-1.98928e-05
-2.07012e-05
-2.1434e-05
-2.20944e-05
-2.26853e-05
-2.32098e-05
-2.36709e-05
-2.40715e-05
-2.44145e-05
9.33211e-07
-1.56919e-06
-3.94114e-06
-6.18311e-06
-8.29788e-06
-1.02907e-05
-1.21641e-05
-1.39206e-05
-1.55633e-05
-1.70955e-05
-1.85205e-05
-1.98415e-05
-2.1062e-05
-2.21853e-05
-2.32147e-05
-2.41538e-05
-2.50058e-05
-2.57743e-05
-2.64626e-05
-2.7074e-05
-2.76119e-05
-2.80796e-05
-2.84803e-05
-2.88173e-05
-2.90936e-05
-2.93124e-05
-6.79641e-06
-9.23758e-06
-1.15418e-05
-1.37098e-05
-1.57448e-05
-1.76523e-05
-1.94352e-05
-2.10963e-05
-2.26391e-05
-2.40672e-05
-2.53842e-05
-2.65936e-05
-2.76993e-05
-2.87048e-05
-2.96138e-05
-3.04302e-05
-3.11575e-05
-3.17995e-05
-3.23599e-05
-3.28423e-05
-3.32502e-05
-3.35872e-05
-3.38569e-05
-3.40626e-05
-3.42077e-05
-3.42955e-05
-1.47991e-05
-1.71722e-05
-1.94016e-05
-2.14882e-05
-2.34358e-05
-2.52502e-05
-2.69346e-05
-2.84923e-05
-2.9927e-05
-3.12426e-05
-3.24431e-05
-3.35326e-05
-3.4515e-05
-3.53943e-05
-3.61746e-05
-3.68599e-05
-3.74542e-05
-3.79616e-05
-3.8386e-05
-3.87314e-05
-3.90015e-05
-3.92003e-05
-3.93314e-05
-3.93986e-05
-3.94054e-05
-3.93554e-05
-2.30749e-05
-2.53727e-05
-2.75197e-05
-2.95171e-05
-3.13691e-05
-3.30822e-05
-3.46597e-05
-3.61053e-05
-3.74232e-05
-3.86176e-05
-3.9693e-05
-4.06536e-05
-4.15038e-05
-4.22482e-05
-4.28909e-05
-4.34366e-05
-4.38894e-05
-4.42537e-05
-4.45338e-05
-4.4734e-05
-4.48584e-05
-4.4911e-05
-4.4896e-05
-4.48172e-05
-4.46785e-05
-4.44836e-05
-3.16241e-05
-3.38388e-05
-3.58953e-05
-3.77952e-05
-3.95431e-05
-4.1146e-05
-4.26077e-05
-4.39322e-05
-4.51241e-05
-4.61881e-05
-4.7129e-05
-4.79516e-05
-4.86606e-05
-4.92607e-05
-4.97569e-05
-5.01538e-05
-5.04562e-05
-5.06687e-05
-5.0796e-05
-5.08426e-05
-5.0813e-05
-5.07115e-05
-5.05425e-05
-5.03102e-05
-5.00186e-05
-4.96718e-05
-4.04469e-05
-4.25701e-05
-4.45275e-05
-4.6321e-05
-4.79558e-05
-4.94393e-05
-5.07757e-05
-5.19696e-05
-5.30259e-05
-5.39499e-05
-5.47467e-05
-5.54215e-05
-5.59796e-05
-5.64261e-05
-5.67663e-05
-5.70052e-05
-5.71479e-05
-5.71996e-05
-5.71652e-05
-5.70496e-05
-5.68576e-05
-5.65938e-05
-5.62629e-05
-5.58693e-05
-5.54174e-05
-5.49114e-05
-4.95435e-05
-5.15664e-05
-5.34155e-05
-5.50932e-05
-5.66052e-05
-5.79595e-05
-5.91608e-05
-6.02141e-05
-6.11248e-05
-6.18986e-05
-6.25412e-05
-6.30582e-05
-6.34554e-05
-6.37383e-05
-6.39126e-05
-6.39839e-05
-6.39576e-05
-6.38392e-05
-6.3634e-05
-6.33473e-05
-6.29842e-05
-6.25497e-05
-6.20488e-05
-6.14861e-05
-6.08664e-05
-6.0194e-05
-5.89139e-05
-6.08271e-05
-6.25583e-05
-6.41102e-05
-6.54892e-05
-6.67041e-05
-6.77598e-05
-6.8662e-05
-6.94165e-05
-7.00296e-05
-7.05075e-05
-7.08563e-05
-7.10821e-05
-7.11912e-05
-7.11896e-05
-7.10832e-05
-7.08781e-05
-7.058e-05
-7.01947e-05
-6.97279e-05
-6.91849e-05
-6.85712e-05
-6.7892e-05
-6.71523e-05
-6.63571e-05
-6.5511e-05
-6.85582e-05
-7.03517e-05
-7.19547e-05
-7.33703e-05
-7.46058e-05
-7.56703e-05
-7.65696e-05
-7.73095e-05
-7.78969e-05
-7.83382e-05
-7.86404e-05
-7.88101e-05
-7.88539e-05
-7.87785e-05
-7.85904e-05
-7.82962e-05
-7.79022e-05
-7.74146e-05
-7.68397e-05
-7.61834e-05
-7.54516e-05
-7.465e-05
-7.37842e-05
-7.28594e-05
-7.1881e-05
-7.08538e-05
-7.84763e-05
-8.01396e-05
-8.16035e-05
-8.28718e-05
-8.39524e-05
-8.48553e-05
-8.55866e-05
-8.61529e-05
-8.65615e-05
-8.68197e-05
-8.69347e-05
-8.6914e-05
-8.67645e-05
-8.64937e-05
-8.61084e-05
-8.56157e-05
-8.50225e-05
-8.43354e-05
-8.35611e-05
-8.27059e-05
-8.17762e-05
-8.07779e-05
-7.97169e-05
-7.8599e-05
-7.74295e-05
-7.62138e-05
-8.86679e-05
-9.01899e-05
-9.15034e-05
-9.26126e-05
-9.35266e-05
-9.42559e-05
-9.48072e-05
-9.51879e-05
-9.54057e-05
-9.54688e-05
-9.53849e-05
-9.5162e-05
-9.48078e-05
-9.43301e-05
-9.37365e-05
-9.30345e-05
-9.22315e-05
-9.13346e-05
-9.03509e-05
-8.92873e-05
-8.81502e-05
-8.69463e-05
-8.56817e-05
-8.43624e-05
-8.29942e-05
-8.15826e-05
-9.91328e-05
-0.000100502
-0.000101653
-0.000102591
-0.000103326
-0.000103869
-0.000104228
-0.00010441
-0.000104425
-0.00010428
-0.000103985
-0.000103548
-0.000102977
-0.000102281
-0.000101468
-0.000100545
-9.95216e-05
-9.84044e-05
-9.72012e-05
-9.59192e-05
-9.45655e-05
-9.3147e-05
-9.16701e-05
-9.01412e-05
-8.85664e-05
-8.69515e-05
-0.00010987
-0.000111074
-0.00011205
-0.000112804
-0.000113347
-0.000113691
-0.000113844
-0.000113815
-0.000113614
-0.000113249
-0.00011273
-0.000112066
-0.000111266
-0.000110339
-0.000109295
-0.00010814
-0.000106885
-0.000105537
-0.000104104
-0.000102594
-0.000101014
-9.93713e-05
-9.76735e-05
-9.59268e-05
-9.41376e-05
-9.2312e-05
-0.00012088
-0.000121905
-0.000122692
-0.000123249
-0.000123586
-0.000123718
-0.000123652
-0.000123398
-0.000122967
-0.000122369
-0.000121612
-0.000120709
-0.000119668
-0.000118498
-0.00011721
-0.000115812
-0.000114314
-0.000112724
-0.00011105
-0.000109302
-0.000107486
-0.000105611
-0.000103683
-0.000101711
-9.96992e-05
-9.76556e-05
-0.00013216
-0.000132993
-0.000133578
-0.000133923
-0.000134041
-0.000133946
-0.000133647
-0.000133154
-0.00013248
-0.000131634
-0.000130627
-0.00012947
-0.000128175
-0.00012675
-0.000125205
-0.000123552
-0.0001218
-0.000119957
-0.000118032
-0.000116035
-0.000113974
-0.000111857
-0.000109691
-0.000107484
-0.000105243
-0.000102974
-0.000143711
-0.000144337
-0.000144705
-0.000144824
-0.000144708
-0.000144371
-0.000143824
-0.000143078
-0.000142145
-0.000141038
-0.000139767
-0.000138344
-0.00013678
-0.000135086
-0.000133274
-0.000131353
-0.000129335
-0.000127227
-0.000125042
-0.000122786
-0.00012047
-0.000118101
-0.000115688
-0.000113239
-0.00011076
-0.000108258
-0.00015553
-0.000155935
-0.000156071
-0.000155948
-0.000155582
-0.000154988
-0.000154178
-0.000153164
-0.000151958
-0.000150574
-0.000149025
-0.000147321
-0.000145476
-0.000143501
-0.000141408
-0.000139207
-0.00013691
-0.000134528
-0.000132069
-0.000129545
-0.000126964
-0.000124335
-0.000121666
-0.000118966
-0.000116241
-0.000113501
-0.000167616
-0.000167783
-0.000167672
-0.000167292
-0.00016666
-0.000165793
-0.000164704
-0.000163406
-0.000161913
-0.000160237
-0.000158394
-0.000156396
-0.000154255
-0.000151985
-0.000149598
-0.000147105
-0.000144518
-0.000141849
-0.000139107
-0.000136304
-0.000133448
-0.000130549
-0.000127616
-0.000124657
-0.00012168
-0.000118693
-0.000179967
-0.00017988
-0.000179505
-0.00017885
-0.000177936
-0.000176781
-0.000175397
-0.000173799
-0.000172001
-0.00017002
-0.000167868
-0.00016556
-0.00016311
-0.000160531
-0.000157837
-0.000155039
-0.00015215
-0.000149183
-0.000146147
-0.000143053
-0.000139913
-0.000136735
-0.000133529
-0.000130304
-0.000127067
-0.000123826
-0.00019258
-0.000192223
-0.000191566
-0.000190621
-0.000189408
-0.000187946
-0.00018625
-0.000184335
-0.000182218
-0.000179914
-0.000177438
-0.000174806
-0.000172032
-0.000169131
-0.000166116
-0.000163
-0.000159798
-0.00015652
-0.000153179
-0.000149785
-0.000146351
-0.000142885
-0.000139398
-0.000135898
-0.000132394
-0.000128893
-0.000205454
-0.000204809
-0.000203853
-0.000202598
-0.000201068
-0.000199283
-0.000197258
-0.00019501
-0.000192556
-0.000189913
-0.000187098
-0.000184126
-0.000181014
-0.000177775
-0.000174426
-0.00017098
-0.000167451
-0.000163852
-0.000160195
-0.000156491
-0.000152753
-0.00014899
-0.000145213
-0.000141431
-0.000137653
-0.000133886
-0.000218586
-0.000217634
-0.00021636
-0.000214778
-0.000212913
-0.000210786
-0.000208414
-0.000205815
-0.000203007
-0.00020001
-0.000196839
-0.000193512
-0.000190046
-0.000186457
-0.00018276
-0.000178971
-0.000175103
-0.00017117
-0.000167186
-0.000163162
-0.000159111
-0.000155042
-0.000150967
-0.000146896
-0.000142836
-0.000138797
-0.000231972
-0.000230694
-0.000229083
-0.000227155
-0.000224936
-0.000222448
-0.000219711
-0.000216744
-0.000213566
-0.000210196
-0.000206653
-0.000202955
-0.000199121
-0.000195166
-0.000191108
-0.000186962
-0.000182743
-0.000178466
-0.000174144
-0.000169789
-0.000165415
-0.000161032
-0.000156652
-0.000152283
-0.000147936
-0.000143618
-0.000245609
-0.000243986
-0.000242018
-0.000239724
-0.000237131
-0.000234265
-0.000231144
-0.00022779
-0.000224222
-0.000220463
-0.000216532
-0.000212448
-0.000208229
-0.000203895
-0.000199462
-0.000194946
-0.000190364
-0.00018573
-0.000181059
-0.000176365
-0.000171658
-0.000166953
-0.000162258
-0.000157586
-0.000152944
-0.000148342
-0.000259494
-0.000257505
-0.00025516
-0.00025248
-0.000249493
-0.000246228
-0.000242704
-0.000238944
-0.00023497
-0.000230805
-0.000226468
-0.000221981
-0.000217363
-0.000212634
-0.000207812
-0.000202914
-0.000197956
-0.000192955
-0.000187924
-0.000182879
-0.000177832
-0.000172795
-0.000167779
-0.000162796
-0.000157854
-0.000152962
-0.000273623
-0.000271247
-0.000268504
-0.000265416
-0.000262016
-0.000258332
-0.000254385
-0.000250201
-0.000245802
-0.000241211
-0.000236452
-0.000231546
-0.000226514
-0.000221376
-0.00021615
-0.000210856
-0.000205511
-0.00020013
-0.00019473
-0.000189324
-0.000183927
-0.000178551
-0.000173207
-0.000167906
-0.000162658
-0.000157472
-0.000287992
-0.000285206
-0.000282044
-0.000278527
-0.000274692
-0.000270568
-0.00026618
-0.000261551
-0.000256708
-0.000251675
-0.000246476
-0.000241135
-0.000235672
-0.00023011
-0.000224467
-0.000218765
-0.000213019
-0.000207248
-0.000201468
-0.000195692
-0.000189937
-0.000184213
-0.000178533
-0.000172909
-0.000167349
-0.000161864
-0.000302595
-0.000299379
-0.000295774
-0.000291807
-0.000287515
-0.000282931
-0.000278079
-0.000272987
-0.000267681
-0.000262187
-0.000256532
-0.000250738
-0.000244829
-0.000238828
-0.000232755
-0.00022663
-0.000220473
-0.0002143
-0.000208129
-0.000201975
-0.000195852
-0.000189773
-0.000183752
-0.000177798
-0.000171921
-0.000166132
-0.00031743
-0.000313758
-0.000309688
-0.000305248
-0.000300478
-0.000295412
-0.000290077
-0.0002845
-0.000278712
-0.00027274
-0.000266609
-0.000260347
-0.000253976
-0.000247521
-0.000241004
-0.000234444
-0.000227863
-0.000221278
-0.000214706
-0.000208164
-0.000201666
-0.000195225
-0.000188854
-0.000182565
-0.000176367
-0.00017027
-0.000332489
-0.000328339
-0.00032378
-0.000318844
-0.000313574
-0.000308004
-0.000302164
-0.000296083
-0.000289793
-0.000283323
-0.0002767
-0.000269952
-0.000263104
-0.000256181
-0.000249205
-0.000242198
-0.000235181
-0.000228173
-0.000221191
-0.000214252
-0.00020737
-0.00020056
-0.000193835
-0.000187205
-0.000180681
-0.000174272
-0.000347768
-0.000343115
-0.000338044
-0.000332589
-0.000326795
-0.000320699
-0.000314332
-0.000307727
-0.000300916
-0.000293929
-0.000286796
-0.000279546
-0.000272205
-0.000264798
-0.00025735
-0.000249883
-0.000242419
-0.000234977
-0.000227575
-0.00022023
-0.000212958
-0.000205773
-0.000198686
-0.000191711
-0.000184857
-0.000178133
4.27283e-05
4.12158e-05
3.97142e-05
3.82247e-05
3.67485e-05
3.52869e-05
3.38411e-05
3.24123e-05
3.10017e-05
2.96107e-05
2.82404e-05
2.68919e-05
2.55667e-05
2.42657e-05
2.29902e-05
2.17412e-05
2.05199e-05
1.93274e-05
1.81645e-05
1.70324e-05
1.59318e-05
1.48636e-05
1.38287e-05
1.28277e-05
1.18613e-05
1.093e-05
1.00343e-05
9.17469e-06
8.3514e-06
7.56469e-06
6.81467e-06
6.10139e-06
5.4248e-06
4.78472e-06
4.18092e-06
3.61303e-06
3.08062e-06
2.58314e-06
2.11997e-06
1.6904e-06
1.29363e-06
9.28779e-07
5.94913e-07
2.91014e-07
1.60146e-08
4.23796e-05
4.0872e-05
3.93755e-05
3.78913e-05
3.64205e-05
3.49646e-05
3.35245e-05
3.21017e-05
3.06973e-05
2.93125e-05
2.79486e-05
2.66068e-05
2.52883e-05
2.39942e-05
2.27256e-05
2.14838e-05
2.02697e-05
1.90844e-05
1.7929e-05
1.68043e-05
1.57113e-05
1.46507e-05
1.36234e-05
1.263e-05
1.16713e-05
1.07476e-05
9.85958e-06
9.00755e-06
8.19181e-06
7.41258e-06
6.66997e-06
5.964e-06
5.29461e-06
4.66162e-06
4.06476e-06
3.50368e-06
2.9779e-06
2.48689e-06
2.03001e-06
1.60652e-06
1.21563e-06
8.56455e-07
5.28042e-07
2.29366e-07
-4.06386e-08
4.17013e-05
4.02033e-05
3.87168e-05
3.72429e-05
3.57828e-05
3.43378e-05
3.29091e-05
3.14979e-05
3.01055e-05
2.8733e-05
2.73817e-05
2.60527e-05
2.47473e-05
2.34666e-05
2.22116e-05
2.09836e-05
1.97836e-05
1.86126e-05
1.74716e-05
1.63614e-05
1.52831e-05
1.42373e-05
1.32248e-05
1.22463e-05
1.13025e-05
1.03937e-05
9.52055e-06
8.6833e-06
7.88224e-06
7.11757e-06
6.38937e-06
5.69763e-06
5.04225e-06
4.42303e-06
3.83967e-06
3.2918e-06
2.77893e-06
2.30047e-06
1.85579e-06
1.44412e-06
1.06465e-06
7.16479e-07
3.98642e-07
1.10101e-07
-1.50218e-07
4.07117e-05
3.92279e-05
3.77561e-05
3.62973e-05
3.48529e-05
3.34241e-05
3.2012e-05
3.06179e-05
2.9243e-05
2.78885e-05
2.65557e-05
2.52455e-05
2.39594e-05
2.26982e-05
2.14633e-05
2.02556e-05
1.90762e-05
1.7926e-05
1.6806e-05
1.57172e-05
1.46603e-05
1.36361e-05
1.26453e-05
1.16886e-05
1.07665e-05
9.87952e-06
9.02803e-06
8.21237e-06
7.43275e-06
6.68932e-06
5.98212e-06
5.31111e-06
4.67615e-06
4.07699e-06
3.51331e-06
2.98468e-06
2.49058e-06
2.0304e-06
1.60346e-06
1.20897e-06
8.46102e-07
5.13922e-07
2.11447e-07
-6.23773e-08
-3.0864e-07
3.94275e-05
3.79623e-05
3.65097e-05
3.50708e-05
3.36469e-05
3.22392e-05
3.08489e-05
2.94772e-05
2.81253e-05
2.67944e-05
2.54856e-05
2.42001e-05
2.29391e-05
2.17036e-05
2.04947e-05
1.93134e-05
1.81609e-05
1.70379e-05
1.59454e-05
1.48843e-05
1.38554e-05
1.28593e-05
1.18968e-05
1.09684e-05
1.00746e-05
9.21585e-06
8.39254e-06
7.6049e-06
6.8531e-06
6.13724e-06
5.45729e-06
4.81317e-06
4.20466e-06
3.6315e-06
3.09328e-06
2.58955e-06
2.11973e-06
1.68319e-06
1.27918e-06
9.06892e-07
5.65454e-07
2.53912e-07
-2.8745e-08
-2.83595e-07
-5.11741e-07
3.78641e-05
3.64218e-05
3.49929e-05
3.35786e-05
3.218e-05
3.07983e-05
2.94348e-05
2.80907e-05
2.6767e-05
2.5465e-05
2.41858e-05
2.29306e-05
2.17004e-05
2.04963e-05
1.93194e-05
1.81706e-05
1.70509e-05
1.59613e-05
1.49024e-05
1.38753e-05
1.28805e-05
1.19188e-05
1.09908e-05
1.00969e-05
9.23766e-06
8.41342e-06
7.62445e-06
6.87096e-06
6.15304e-06
5.47073e-06
4.82393e-06
4.21249e-06
3.63614e-06
3.09454e-06
2.58724e-06
2.11372e-06
1.67334e-06
1.26543e-06
8.8919e-07
5.43776e-07
2.28266e-07
-5.83256e-08
-3.17039e-07
-5.48976e-07
-7.55258e-07
3.60359e-05
3.46209e-05
3.32202e-05
3.18349e-05
3.04663e-05
2.91155e-05
2.77838e-05
2.64722e-05
2.5182e-05
2.39142e-05
2.267e-05
2.14505e-05
2.02568e-05
1.90898e-05
1.79505e-05
1.684e-05
1.57591e-05
1.47086e-05
1.36894e-05
1.27021e-05
1.17475e-05
1.08262e-05
9.93863e-06
9.0853e-06
8.26657e-06
7.48273e-06
6.73399e-06
6.02046e-06
5.34218e-06
4.69908e-06
4.091e-06
3.51772e-06
2.97889e-06
2.47409e-06
2.00281e-06
1.56446e-06
1.15835e-06
7.83726e-07
4.3976e-07
1.25548e-07
-1.59876e-07
-4.17534e-07
-6.485e-07
-8.53904e-07
-1.03489e-06
3.39564e-05
3.2573e-05
3.12048e-05
2.98532e-05
2.85192e-05
2.72041e-05
2.59091e-05
2.46351e-05
2.33834e-05
2.21551e-05
2.09512e-05
1.97728e-05
1.8621e-05
1.74966e-05
1.64006e-05
1.5334e-05
1.42975e-05
1.3292e-05
1.23181e-05
1.13765e-05
1.04679e-05
9.59273e-06
8.75143e-06
7.94437e-06
7.17186e-06
6.43409e-06
5.73118e-06
5.06315e-06
4.42996e-06
3.83144e-06
3.26735e-06
2.73738e-06
2.24111e-06
1.77802e-06
1.34754e-06
9.48992e-07
5.8163e-07
2.44631e-07
-6.28954e-08
-3.41905e-07
-5.9341e-07
-8.18476e-07
-1.01821e-06
-1.19377e-06
-1.34632e-06
3.16383e-05
3.02907e-05
2.89596e-05
2.76462e-05
2.63516e-05
2.50769e-05
2.38234e-05
2.2592e-05
2.13839e-05
2.02002e-05
1.90419e-05
1.79099e-05
1.68053e-05
1.5729e-05
1.46818e-05
1.36646e-05
1.26781e-05
1.17231e-05
1.08002e-05
9.90996e-06
9.05289e-06
8.22944e-06
7.43994e-06
6.68469e-06
5.96387e-06
5.27758e-06
4.62584e-06
4.00858e-06
3.42564e-06
2.87678e-06
2.36166e-06
1.87986e-06
1.43087e-06
1.0141e-06
6.28871e-07
2.74441e-07
-5.00144e-08
-3.45387e-07
-6.12632e-07
-8.52761e-07
-1.06684e-06
-1.25597e-06
-1.42131e-06
-1.56403e-06
-1.68532e-06
2.90935e-05
2.77861e-05
2.64966e-05
2.52259e-05
2.39753e-05
2.27459e-05
2.15388e-05
2.0355e-05
1.91956e-05
1.80616e-05
1.6954e-05
1.58737e-05
1.48217e-05
1.37988e-05
1.28058e-05
1.18435e-05
1.09125e-05
1.00134e-05
9.14692e-06
8.31342e-06
7.51334e-06
6.74702e-06
6.0147e-06
5.31655e-06
4.65267e-06
4.02303e-06
3.42757e-06
2.86608e-06
2.33832e-06
1.84392e-06
1.38245e-06
9.53379e-07
5.56102e-07
1.89932e-07
-1.45892e-07
-4.52207e-07
-7.29913e-07
-9.79976e-07
-1.20342e-06
-1.40131e-06
-1.57476e-06
-1.72494e-06
-1.85301e-06
-1.9602e-06
-2.04769e-06
2.63332e-05
2.50706e-05
2.38271e-05
2.26039e-05
2.1402e-05
2.02227e-05
1.90669e-05
1.79356e-05
1.683e-05
1.57508e-05
1.46992e-05
1.36758e-05
1.26817e-05
1.17175e-05
1.0784e-05
9.88182e-06
9.01162e-06
8.1739e-06
7.36913e-06
6.59769e-06
5.85987e-06
5.15591e-06
4.48593e-06
3.85001e-06
3.2481e-06
2.68008e-06
2.14574e-06
1.6448e-06
1.17686e-06
7.41455e-07
3.38039e-07
-3.40269e-08
-3.75453e-07
-6.87027e-07
-9.69607e-07
-1.22412e-06
-1.45154e-06
-1.65292e-06
-1.82935e-06
-1.98196e-06
-2.11191e-06
-2.2204e-06
-2.30865e-06
-2.37791e-06
-2.42937e-06
2.33683e-05
2.21549e-05
2.09622e-05
1.97911e-05
1.86428e-05
1.75184e-05
1.64188e-05
1.53451e-05
1.42983e-05
1.32791e-05
1.22885e-05
1.13273e-05
1.03962e-05
9.49601e-06
8.62727e-06
7.79058e-06
6.98645e-06
6.21529e-06
5.47747e-06
4.77325e-06
4.10282e-06
3.46628e-06
2.86365e-06
2.29486e-06
1.75976e-06
1.25809e-06
7.8952e-07
3.53631e-07
-5.00867e-08
-4.22223e-07
-7.63449e-07
-1.07451e-06
-1.35624e-06
-1.60952e-06
-1.83531e-06
-2.03463e-06
-2.20855e-06
-2.35819e-06
-2.4847e-06
-2.58928e-06
-2.67315e-06
-2.73754e-06
-2.78371e-06
-2.81292e-06
-2.8264e-06
2.02092e-05
1.90496e-05
1.79122e-05
1.67981e-05
1.57082e-05
1.46436e-05
1.36054e-05
1.25943e-05
1.16113e-05
1.06572e-05
9.7329e-06
8.83901e-06
7.97624e-06
7.14521e-06
6.34644e-06
5.58041e-06
4.84751e-06
4.14805e-06
3.48227e-06
2.85032e-06
2.25225e-06
1.68804e-06
1.15759e-06
6.60672e-07
1.97008e-07
-2.33787e-07
-6.32183e-07
-9.98734e-07
-1.33408e-06
-1.63894e-06
-1.91411e-06
-2.16045e-06
-2.37891e-06
-2.57049e-06
-2.73625e-06
-2.87729e-06
-2.99478e-06
-3.08991e-06
-3.1639e-06
-3.21802e-06
-3.25352e-06
-3.2717e-06
-3.27381e-06
-3.26116e-06
-3.23497e-06
1.68657e-05
1.57647e-05
1.46875e-05
1.36351e-05
1.26086e-05
1.16089e-05
1.06369e-05
9.69354e-06
8.77958e-06
7.89579e-06
7.04288e-06
6.22149e-06
5.43221e-06
4.67553e-06
3.9519e-06
3.26166e-06
2.60508e-06
1.98237e-06
1.39363e-06
8.38859e-07
3.17997e-07
-1.69123e-07
-6.22755e-07
-1.04325e-06
-1.43104e-06
-1.78664e-06
-2.11068e-06
-2.40385e-06
-2.66692e-06
-2.90074e-06
-3.10625e-06
-3.28443e-06
-3.43635e-06
-3.5631e-06
-3.66587e-06
-3.74584e-06
-3.80427e-06
-3.84242e-06
-3.8616e-06
-3.86311e-06
-3.84827e-06
-3.81838e-06
-3.77476e-06
-3.7187e-06
-3.65143e-06
1.33475e-05
1.23098e-05
1.12977e-05
1.03121e-05
9.35396e-06
8.42419e-06
7.52365e-06
6.65312e-06
5.81334e-06
5.005e-06
4.22871e-06
3.48502e-06
2.77439e-06
2.09722e-06
1.45383e-06
8.44453e-07
2.69229e-07
-2.71785e-07
-7.78622e-07
-1.25141e-06
-1.69036e-06
-2.0958e-06
-2.46812e-06
-2.80782e-06
-3.11549e-06
-3.39181e-06
-3.63754e-06
-3.85351e-06
-4.04064e-06
-4.19993e-06
-4.33244e-06
-4.43929e-06
-4.52165e-06
-4.58074e-06
-4.61784e-06
-4.63424e-06
-4.63128e-06
-4.61029e-06
-4.57264e-06
-4.51969e-06
-4.4528e-06
-4.37331e-06
-4.28254e-06
-4.1818e-06
-4.07231e-06
9.66381e-06
8.69453e-06
7.75254e-06
6.83874e-06
5.95408e-06
5.0994e-06
4.27545e-06
3.48297e-06
2.7226e-06
1.99492e-06
1.30045e-06
6.39629e-07
1.28118e-08
-5.79727e-07
-1.1378e-06
-1.66131e-06
-2.15025e-06
-2.6047e-06
-3.02486e-06
-3.41099e-06
-3.76348e-06
-4.08279e-06
-4.36948e-06
-4.62421e-06
-4.84773e-06
-5.04087e-06
-5.20454e-06
-5.33973e-06
-5.44752e-06
-5.52904e-06
-5.58548e-06
-5.61808e-06
-5.62816e-06
-5.61704e-06
-5.58609e-06
-5.53671e-06
-5.47031e-06
-5.3883e-06
-5.2921e-06
-5.18313e-06
-5.06277e-06
-4.9324e-06
-4.79334e-06
-4.64692e-06
-4.49433e-06
5.82388e-06
4.92802e-06
4.06127e-06
3.22447e-06
2.41851e-06
1.64413e-06
9.02042e-07
1.92857e-07
-4.82864e-07
-1.12464e-06
-1.73207e-06
-2.30483e-06
-2.84269e-06
-3.34552e-06
-3.81325e-06
-4.24594e-06
-4.64374e-06
-5.00687e-06
-5.33569e-06
-5.63063e-06
-5.89223e-06
-6.12112e-06
-6.31804e-06
-6.48381e-06
-6.61934e-06
-6.72562e-06
-6.80373e-06
-6.85481e-06
-6.88009e-06
-6.88084e-06
-6.8584e-06
-6.81414e-06
-6.74948e-06
-6.66587e-06
-6.56478e-06
-6.44769e-06
-6.31609e-06
-6.17146e-06
-6.01527e-06
-5.84899e-06
-5.67403e-06
-5.49177e-06
-5.30356e-06
-5.11069e-06
-4.91436e-06
1.83659e-06
1.01937e-06
2.33099e-07
-5.2142e-07
-1.24339e-06
-1.93214e-06
-2.58707e-06
-3.20764e-06
-3.79341e-06
-4.34402e-06
-4.85918e-06
-5.3387e-06
-5.78249e-06
-6.19055e-06
-6.56298e-06
-6.89997e-06
-7.20184e-06
-7.46899e-06
-7.70193e-06
-7.90127e-06
-8.06772e-06
-8.20208e-06
-8.30526e-06
-8.37827e-06
-8.42217e-06
-8.43813e-06
-8.4274e-06
-8.39127e-06
-8.33113e-06
-8.24839e-06
-8.14452e-06
-8.02103e-06
-7.87947e-06
-7.72137e-06
-7.54832e-06
-7.36187e-06
-7.1636e-06
-6.95503e-06
-6.73771e-06
-6.5131e-06
-6.28266e-06
-6.04778e-06
-5.80979e-06
-5.56999e-06
-5.32952e-06
-2.28926e-06
-3.02252e-06
-3.72294e-06
-4.3898e-06
-5.02239e-06
-5.62012e-06
-6.18249e-06
-6.70909e-06
-7.19958e-06
-7.65373e-06
-8.07138e-06
-8.45249e-06
-8.79711e-06
-9.10539e-06
-9.3776e-06
-9.6141e-06
-9.81537e-06
-9.98198e-06
-1.01146e-05
-1.02141e-05
-1.02813e-05
-1.03171e-05
-1.03228e-05
-1.02994e-05
-1.02483e-05
-1.01707e-05
-1.00681e-05
-9.94191e-06
-9.79368e-06
-9.62497e-06
-9.43741e-06
-9.23261e-06
-9.01224e-06
-8.77794e-06
-8.53139e-06
-8.27423e-06
-8.00808e-06
-7.73455e-06
-7.45519e-06
-7.17151e-06
-6.88498e-06
-6.597e-06
-6.30887e-06
-6.02186e-06
-5.7371e-06
-6.545e-06
-7.18883e-06
-7.79792e-06
-8.37164e-06
-8.90936e-06
-9.41059e-06
-9.87497e-06
-1.03022e-05
-1.0692e-05
-1.10444e-05
-1.13593e-05
-1.16369e-05
-1.18772e-05
-1.20808e-05
-1.22479e-05
-1.23792e-05
-1.24753e-05
-1.25369e-05
-1.2565e-05
-1.25605e-05
-1.25244e-05
-1.2458e-05
-1.23626e-05
-1.22395e-05
-1.20901e-05
-1.19159e-05
-1.17186e-05
-1.14998e-05
-1.1261e-05
-1.10042e-05
-1.07309e-05
-1.0443e-05
-1.01422e-05
-9.83025e-06
-9.50894e-06
-9.17997e-06
-8.84503e-06
-8.50576e-06
-8.16375e-06
-7.82053e-06
-7.47756e-06
-7.13623e-06
-6.79783e-06
-6.4636e-06
-6.13458e-06
-1.0922e-05
-1.14708e-05
-1.1983e-05
-1.2458e-05
-1.28953e-05
-1.32945e-05
-1.36553e-05
-1.39777e-05
-1.42615e-05
-1.45068e-05
-1.47138e-05
-1.48826e-05
-1.50137e-05
-1.51076e-05
-1.51649e-05
-1.51864e-05
-1.51728e-05
-1.51251e-05
-1.50444e-05
-1.4932e-05
-1.47889e-05
-1.46167e-05
-1.44168e-05
-1.41907e-05
-1.39401e-05
-1.36666e-05
-1.3372e-05
-1.30582e-05
-1.27268e-05
-1.23798e-05
-1.20191e-05
-1.16465e-05
-1.1264e-05
-1.08732e-05
-1.04762e-05
-1.00746e-05
-9.67022e-06
-9.26471e-06
-8.85969e-06
-8.4567e-06
-8.05719e-06
-7.66251e-06
-7.27395e-06
-6.89268e-06
-6.51969e-06
-1.54118e-05
-1.58599e-05
-1.62694e-05
-1.664e-05
-1.69712e-05
-1.72628e-05
-1.75146e-05
-1.77266e-05
-1.7899e-05
-1.80319e-05
-1.81256e-05
-1.81807e-05
-1.81975e-05
-1.8177e-05
-1.81198e-05
-1.80268e-05
-1.78992e-05
-1.7738e-05
-1.75447e-05
-1.73204e-05
-1.70668e-05
-1.67853e-05
-1.64777e-05
-1.61457e-05
-1.57911e-05
-1.54158e-05
-1.50217e-05
-1.46107e-05
-1.41848e-05
-1.37461e-05
-1.32964e-05
-1.28379e-05
-1.23725e-05
-1.19021e-05
-1.14286e-05
-1.09539e-05
-1.04797e-05
-1.00077e-05
-9.53956e-06
-9.07682e-06
-8.62089e-06
-8.17312e-06
-7.73471e-06
-7.30681e-06
-6.89032e-06
-2.00058e-05
-2.03473e-05
-2.06485e-05
-2.09089e-05
-2.11282e-05
-2.13065e-05
-2.14437e-05
-2.15399e-05
-2.15954e-05
-2.16105e-05
-2.15859e-05
-2.15221e-05
-2.14198e-05
-2.128e-05
-2.11037e-05
-2.08919e-05
-2.06461e-05
-2.03674e-05
-2.00575e-05
-1.97178e-05
-1.93502e-05
-1.89563e-05
-1.85381e-05
-1.80975e-05
-1.76364e-05
-1.71569e-05
-1.66611e-05
-1.61512e-05
-1.56292e-05
-1.50973e-05
-1.45576e-05
-1.40121e-05
-1.34631e-05
-1.29124e-05
-1.2362e-05
-1.18138e-05
-1.12697e-05
-1.07312e-05
-1.02001e-05
-9.67792e-06
-9.16596e-06
-8.66554e-06
-8.17784e-06
-7.7039e-06
-7.24457e-06
-2.46955e-05
-2.49246e-05
-2.51114e-05
-2.52558e-05
-2.53576e-05
-2.54168e-05
-2.54337e-05
-2.54085e-05
-2.53417e-05
-2.52339e-05
-2.50857e-05
-2.4898e-05
-2.46718e-05
-2.44081e-05
-2.41081e-05
-2.37733e-05
-2.34051e-05
-2.30051e-05
-2.25749e-05
-2.21165e-05
-2.16316e-05
-2.11224e-05
-2.05908e-05
-2.0039e-05
-1.94691e-05
-1.88835e-05
-1.82843e-05
-1.76738e-05
-1.70544e-05
-1.64282e-05
-1.57974e-05
-1.51644e-05
-1.45311e-05
-1.38998e-05
-1.32724e-05
-1.26508e-05
-1.20368e-05
-1.14322e-05
-1.08385e-05
-1.02573e-05
-9.68989e-06
-9.13751e-06
-8.60125e-06
-8.08209e-06
-7.58076e-06
-2.94726e-05
-2.95831e-05
-2.96497e-05
-2.96721e-05
-2.96504e-05
-2.95848e-05
-2.94758e-05
-2.93237e-05
-2.91292e-05
-2.88932e-05
-2.86163e-05
-2.82999e-05
-2.79449e-05
-2.75527e-05
-2.71248e-05
-2.66627e-05
-2.61682e-05
-2.56431e-05
-2.50893e-05
-2.45088e-05
-2.39037e-05
-2.32763e-05
-2.26289e-05
-2.19636e-05
-2.1283e-05
-2.05895e-05
-1.98853e-05
-1.9173e-05
-1.8455e-05
-1.77337e-05
-1.70113e-05
-1.62902e-05
-1.55725e-05
-1.48605e-05
-1.41561e-05
-1.34613e-05
-1.27779e-05
-1.21076e-05
-1.1452e-05
-1.08125e-05
-1.01905e-05
-9.58699e-06
-9.0031e-06
-8.4397e-06
-7.89739e-06
-3.43284e-05
-3.43143e-05
-3.42545e-05
-3.4149e-05
-3.39979e-05
-3.38018e-05
-3.35612e-05
-3.32767e-05
-3.29492e-05
-3.25796e-05
-3.21691e-05
-3.1719e-05
-3.12306e-05
-3.07055e-05
-3.01454e-05
-2.95521e-05
-2.89275e-05
-2.82738e-05
-2.7593e-05
-2.68874e-05
-2.61594e-05
-2.54114e-05
-2.46458e-05
-2.38651e-05
-2.3072e-05
-2.2269e-05
-2.14587e-05
-2.06435e-05
-1.98262e-05
-1.90091e-05
-1.81947e-05
-1.73854e-05
-1.65833e-05
-1.57908e-05
-1.50098e-05
-1.42423e-05
-1.34901e-05
-1.27549e-05
-1.20382e-05
-1.13413e-05
-1.06656e-05
-1.00121e-05
-9.38175e-06
-8.77525e-06
-8.19315e-06
-3.92545e-05
-3.91096e-05
-3.89173e-05
-3.86778e-05
-3.83915e-05
-3.8059e-05
-3.76811e-05
-3.72587e-05
-3.67928e-05
-3.62846e-05
-3.57355e-05
-3.51469e-05
-3.45206e-05
-3.38583e-05
-3.31619e-05
-3.24335e-05
-3.16754e-05
-3.08897e-05
-3.00788e-05
-2.92454e-05
-2.83918e-05
-2.75209e-05
-2.66351e-05
-2.57373e-05
-2.48302e-05
-2.39166e-05
-2.2999e-05
-2.20803e-05
-2.11632e-05
-2.02501e-05
-1.93436e-05
-1.84461e-05
-1.75599e-05
-1.66873e-05
-1.58303e-05
-1.49909e-05
-1.41707e-05
-1.33715e-05
-1.25948e-05
-1.18418e-05
-1.11136e-05
-1.04114e-05
-9.73577e-06
-9.08749e-06
-8.46691e-06
-4.42424e-05
-4.39603e-05
-4.36293e-05
-4.32498e-05
-4.28224e-05
-4.23477e-05
-4.1827e-05
-4.12612e-05
-4.06516e-05
-3.99997e-05
-3.9307e-05
-3.85754e-05
-3.78067e-05
-3.7003e-05
-3.61665e-05
-3.52994e-05
-3.44042e-05
-3.34834e-05
-3.25397e-05
-3.15758e-05
-3.05945e-05
-2.95985e-05
-2.85909e-05
-2.75745e-05
-2.65522e-05
-2.55269e-05
-2.45015e-05
-2.34787e-05
-2.24615e-05
-2.14523e-05
-2.04539e-05
-1.94687e-05
-1.8499e-05
-1.7547e-05
-1.66149e-05
-1.57044e-05
-1.48174e-05
-1.39555e-05
-1.312e-05
-1.23121e-05
-1.15329e-05
-1.07833e-05
-1.00639e-05
-9.37533e-06
-8.71772e-06
-4.92835e-05
-4.8858e-05
-4.83821e-05
-4.78565e-05
-4.72819e-05
-4.66593e-05
-4.59901e-05
-4.52755e-05
-4.4517e-05
-4.37164e-05
-4.28755e-05
-4.19963e-05
-4.1081e-05
-4.01319e-05
-3.91514e-05
-3.81421e-05
-3.71067e-05
-3.6048e-05
-3.49688e-05
-3.38721e-05
-3.27609e-05
-3.16383e-05
-3.05073e-05
-2.93711e-05
-2.82326e-05
-2.70951e-05
-2.59613e-05
-2.48344e-05
-2.37171e-05
-2.26121e-05
-2.15223e-05
-2.04499e-05
-1.93974e-05
-1.83671e-05
-1.73609e-05
-1.63806e-05
-1.54281e-05
-1.45048e-05
-1.3612e-05
-1.27508e-05
-1.19221e-05
-1.11267e-05
-1.03652e-05
-9.63787e-06
-8.94482e-06
-5.43694e-05
-5.3794e-05
-5.3167e-05
-5.24891e-05
-5.17614e-05
-5.09852e-05
-5.01619e-05
-4.92931e-05
-4.83807e-05
-4.74265e-05
-4.64327e-05
-4.54016e-05
-4.43355e-05
-4.32372e-05
-4.21092e-05
-4.09545e-05
-3.97759e-05
-3.85765e-05
-3.73595e-05
-3.6128e-05
-3.48852e-05
-3.36344e-05
-3.23789e-05
-3.11219e-05
-2.98667e-05
-2.86164e-05
-2.73742e-05
-2.61431e-05
-2.49261e-05
-2.37259e-05
-2.25453e-05
-2.13867e-05
-2.02526e-05
-1.9145e-05
-1.8066e-05
-1.70175e-05
-1.6001e-05
-1.50178e-05
-1.40694e-05
-1.31565e-05
-1.22801e-05
-1.14407e-05
-1.06387e-05
-9.87439e-06
-9.1476e-06
-5.94913e-05
-5.87597e-05
-5.79752e-05
-5.7139e-05
-5.62524e-05
-5.53168e-05
-5.4334e-05
-5.33058e-05
-5.22344e-05
-5.11218e-05
-4.99706e-05
-4.87833e-05
-4.75626e-05
-4.63114e-05
-4.50326e-05
-4.37294e-05
-4.2405e-05
-4.10625e-05
-3.97055e-05
-3.83374e-05
-3.69615e-05
-3.55813e-05
-3.42003e-05
-3.28219e-05
-3.14496e-05
-3.00865e-05
-2.87361e-05
-2.74012e-05
-2.60851e-05
-2.47905e-05
-2.35201e-05
-2.22764e-05
-2.10619e-05
-1.98785e-05
-1.87284e-05
-1.76131e-05
-1.65343e-05
-1.54932e-05
-1.44909e-05
-1.35283e-05
-1.2606e-05
-1.17244e-05
-1.08838e-05
-1.00843e-05
-9.3256e-06
-6.46409e-05
-6.37465e-05
-6.27984e-05
-6.17978e-05
-6.07463e-05
-5.96457e-05
-5.8498e-05
-5.73052e-05
-5.60698e-05
-5.47944e-05
-5.34814e-05
-5.21339e-05
-5.07548e-05
-4.93473e-05
-4.79146e-05
-4.64601e-05
-4.49873e-05
-4.34997e-05
-4.20009e-05
-4.04945e-05
-3.89843e-05
-3.74738e-05
-3.59667e-05
-3.44667e-05
-3.29771e-05
-3.15015e-05
-3.00431e-05
-2.86052e-05
-2.71908e-05
-2.58028e-05
-2.44439e-05
-2.31166e-05
-2.18232e-05
-2.05657e-05
-1.93461e-05
-1.8166e-05
-1.70268e-05
-1.59297e-05
-1.48756e-05
-1.38651e-05
-1.28989e-05
-1.19772e-05
-1.11e-05
-1.02673e-05
-9.47851e-06
-6.98094e-05
-6.87458e-05
-6.76278e-05
-6.64568e-05
-6.52347e-05
-6.39635e-05
-6.26455e-05
-6.12832e-05
-5.98791e-05
-5.84362e-05
-5.69574e-05
-5.54459e-05
-5.39049e-05
-5.23378e-05
-5.07483e-05
-4.914e-05
-4.75166e-05
-4.58818e-05
-4.42397e-05
-4.25939e-05
-4.09484e-05
-3.9307e-05
-3.76735e-05
-3.60517e-05
-3.44452e-05
-3.28574e-05
-3.12919e-05
-2.97519e-05
-2.82404e-05
-2.67603e-05
-2.53144e-05
-2.39051e-05
-2.25345e-05
-2.12049e-05
-1.99178e-05
-1.86749e-05
-1.74774e-05
-1.63264e-05
-1.52225e-05
-1.41665e-05
-1.31585e-05
-1.21987e-05
-1.1287e-05
-1.04231e-05
-9.60619e-06
-7.49883e-05
-7.37492e-05
-7.2455e-05
-7.11077e-05
-6.97092e-05
-6.82619e-05
-6.67685e-05
-6.52317e-05
-6.36544e-05
-6.20397e-05
-6.03911e-05
-5.87118e-05
-5.70056e-05
-5.52761e-05
-5.35271e-05
-5.17627e-05
-4.99867e-05
-4.82033e-05
-4.64165e-05
-4.46304e-05
-4.2849e-05
-4.10763e-05
-3.93164e-05
-3.75731e-05
-3.58501e-05
-3.4151e-05
-3.24794e-05
-3.08384e-05
-2.92312e-05
-2.76607e-05
-2.61295e-05
-2.464e-05
-2.31944e-05
-2.17946e-05
-2.04422e-05
-1.91387e-05
-1.78852e-05
-1.66825e-05
-1.55312e-05
-1.44318e-05
-1.33843e-05
-1.23887e-05
-1.14446e-05
-1.05515e-05
-9.70859e-06
-8.0169e-05
-7.8748e-05
-7.72716e-05
-7.57419e-05
-7.41614e-05
-7.25327e-05
-7.08588e-05
-6.91428e-05
-6.73878e-05
-6.55973e-05
-6.3775e-05
-6.19247e-05
-6.00501e-05
-5.81554e-05
-5.62447e-05
-5.43221e-05
-5.2392e-05
-5.04585e-05
-4.85261e-05
-4.6599e-05
-4.46814e-05
-4.27775e-05
-4.08914e-05
-3.90271e-05
-3.71884e-05
-3.53791e-05
-3.36026e-05
-3.18622e-05
-3.0161e-05
-2.85018e-05
-2.68873e-05
-2.53197e-05
-2.38012e-05
-2.23336e-05
-2.09183e-05
-1.95566e-05
-1.82494e-05
-1.69975e-05
-1.58012e-05
-1.46608e-05
-1.35762e-05
-1.2547e-05
-1.15727e-05
-1.06527e-05
-9.7858e-06
-8.53431e-05
-8.37338e-05
-8.2069e-05
-8.03512e-05
-7.85832e-05
-7.67679e-05
-7.49086e-05
-7.30087e-05
-7.10718e-05
-6.91016e-05
-6.71022e-05
-6.50775e-05
-6.30319e-05
-6.09696e-05
-5.8895e-05
-5.68125e-05
-5.47268e-05
-5.26423e-05
-5.05636e-05
-4.84951e-05
-4.64413e-05
-4.44064e-05
-4.23947e-05
-4.04103e-05
-3.84571e-05
-3.65389e-05
-3.4659e-05
-3.2821e-05
-3.10277e-05
-2.92819e-05
-2.75863e-05
-2.59431e-05
-2.43541e-05
-2.2821e-05
-2.13453e-05
-1.99279e-05
-1.85696e-05
-1.7271e-05
-1.60323e-05
-1.48534e-05
-1.3734e-05
-1.26737e-05
-1.16716e-05
-1.07268e-05
-9.83805e-06
-9.0502e-05
-8.86981e-05
-8.6839e-05
-8.49274e-05
-8.29664e-05
-8.09595e-05
-7.89101e-05
-7.68219e-05
-7.46991e-05
-7.25455e-05
-7.03657e-05
-6.81638e-05
-6.59445e-05
-6.37123e-05
-6.1472e-05
-5.92283e-05
-5.6986e-05
-5.47498e-05
-5.25244e-05
-5.03145e-05
-4.81247e-05
-4.59595e-05
-4.38231e-05
-4.17198e-05
-3.96534e-05
-3.76278e-05
-3.56465e-05
-3.37128e-05
-3.18296e-05
-2.99996e-05
-2.82253e-05
-2.65089e-05
-2.4852e-05
-2.32562e-05
-2.17226e-05
-2.02523e-05
-1.88456e-05
-1.7503e-05
-1.62244e-05
-1.50096e-05
-1.3858e-05
-1.27689e-05
-1.17413e-05
-1.07741e-05
-9.86564e-06
-9.56373e-05
-9.36326e-05
-9.15733e-05
-8.94623e-05
-8.73032e-05
-8.50996e-05
-8.28555e-05
-8.0575e-05
-7.82624e-05
-7.59221e-05
-7.35587e-05
-7.1177e-05
-6.87817e-05
-6.63779e-05
-6.39704e-05
-6.15643e-05
-5.91646e-05
-5.67763e-05
-5.44042e-05
-5.20532e-05
-4.97281e-05
-4.74334e-05
-4.51735e-05
-4.29526e-05
-4.07748e-05
-3.86438e-05
-3.65632e-05
-3.4536e-05
-3.25653e-05
-3.06536e-05
-2.88033e-05
-2.70163e-05
-2.52943e-05
-2.36386e-05
-2.20501e-05
-2.05296e-05
-1.90774e-05
-1.76935e-05
-1.63777e-05
-1.51296e-05
-1.39484e-05
-1.2833e-05
-1.17823e-05
-1.07949e-05
-9.86898e-06
-0.000100741
-9.85291e-05
-9.62637e-05
-9.3948e-05
-9.15856e-05
-8.91808e-05
-8.67377e-05
-8.42608e-05
-8.17548e-05
-7.92246e-05
-7.66749e-05
-7.41109e-05
-7.15378e-05
-6.89607e-05
-6.63849e-05
-6.38156e-05
-6.12581e-05
-5.87175e-05
-5.6199e-05
-5.37076e-05
-5.1248e-05
-4.8825e-05
-4.64431e-05
-4.41065e-05
-4.18192e-05
-3.9585e-05
-3.74072e-05
-3.52892e-05
-3.32336e-05
-3.1243e-05
-2.93195e-05
-2.74649e-05
-2.56807e-05
-2.3968e-05
-2.23275e-05
-2.07598e-05
-1.92649e-05
-1.78426e-05
-1.64925e-05
-1.52138e-05
-1.40056e-05
-1.28665e-05
-1.17951e-05
-1.07898e-05
-9.84858e-06
-0.000105804
-0.000103379
-0.000100902
-9.83765e-05
-9.5806e-05
-9.31954e-05
-9.05491e-05
-8.78722e-05
-8.51696e-05
-8.24465e-05
-7.97081e-05
-7.69598e-05
-7.42071e-05
-7.14555e-05
-6.87104e-05
-6.59775e-05
-6.3262e-05
-6.05695e-05
-5.79052e-05
-5.52742e-05
-5.26815e-05
-5.01317e-05
-4.76296e-05
-4.51792e-05
-4.27847e-05
-4.04496e-05
-3.81775e-05
-3.59713e-05
-3.38337e-05
-3.17671e-05
-2.97734e-05
-2.78543e-05
-2.6011e-05
-2.42444e-05
-2.2555e-05
-2.09431e-05
-1.94085e-05
-1.79507e-05
-1.65691e-05
-1.52626e-05
-1.403e-05
-1.28698e-05
-1.17801e-05
-1.07593e-05
-9.80501e-06
-0.000110818
-0.000108175
-0.000105481
-0.00010274
-9.9957e-05
-9.71362e-05
-9.4283e-05
-9.14025e-05
-8.85003e-05
-8.55816e-05
-8.26523e-05
-7.97179e-05
-7.67843e-05
-7.38572e-05
-7.09424e-05
-6.80456e-05
-6.51725e-05
-6.23287e-05
-5.95195e-05
-5.67502e-05
-5.40258e-05
-5.13511e-05
-4.87308e-05
-4.6169e-05
-4.36697e-05
-4.12366e-05
-3.88728e-05
-3.65814e-05
-3.43649e-05
-3.22254e-05
-3.01648e-05
-2.81844e-05
-2.62852e-05
-2.44679e-05
-2.27328e-05
-2.10799e-05
-1.95086e-05
-1.80184e-05
-1.66082e-05
-1.52767e-05
-1.40224e-05
-1.28436e-05
-1.17382e-05
-1.07041e-05
-9.73892e-06
-0.000115776
-0.000112909
-0.000109993
-0.000107032
-0.000104031
-0.000100996
-9.79323e-05
-9.48452e-05
-9.17405e-05
-8.86241e-05
-8.55019e-05
-8.238e-05
-7.92644e-05
-7.61613e-05
-7.30765e-05
-7.00161e-05
-6.69859e-05
-6.39916e-05
-6.10388e-05
-5.81327e-05
-5.52786e-05
-5.24811e-05
-4.9745e-05
-4.70744e-05
-4.44731e-05
-4.19448e-05
-3.94925e-05
-3.71191e-05
-3.48269e-05
-3.26179e-05
-3.04936e-05
-2.84553e-05
-2.65036e-05
-2.4639e-05
-2.28615e-05
-2.11707e-05
-1.95659e-05
-1.80463e-05
-1.66104e-05
-1.52567e-05
-1.39835e-05
-1.27886e-05
-1.16699e-05
-1.0625e-05
-9.65103e-06
-0.000120669
-0.000117573
-0.000114429
-0.000111243
-0.000108021
-0.000104768
-0.000101491
-9.81939e-05
-9.48843e-05
-9.15681e-05
-8.82516e-05
-8.4941e-05
-8.16428e-05
-7.83633e-05
-7.51087e-05
-7.18852e-05
-6.86988e-05
-6.55553e-05
-6.24604e-05
-5.94195e-05
-5.64378e-05
-5.352e-05
-5.06707e-05
-4.78941e-05
-4.51939e-05
-4.25736e-05
-4.00361e-05
-3.7584e-05
-3.52196e-05
-3.29446e-05
-3.07602e-05
-2.86674e-05
-2.66666e-05
-2.47581e-05
-2.29415e-05
-2.12161e-05
-1.95811e-05
-1.80351e-05
-1.65765e-05
-1.52036e-05
-1.39141e-05
-1.27058e-05
-1.15761e-05
-1.05227e-05
-9.5421e-06
-0.000125491
-0.000122159
-0.000118783
-0.000115368
-0.000111921
-0.000108446
-0.000104952
-0.000101443
-9.79261e-05
-9.44084e-05
-9.08962e-05
-8.73963e-05
-8.39151e-05
-8.04593e-05
-7.70354e-05
-7.36497e-05
-7.03083e-05
-6.70172e-05
-6.37821e-05
-6.06086e-05
-5.75017e-05
-5.44663e-05
-5.15068e-05
-4.86273e-05
-4.58314e-05
-4.31225e-05
-4.05032e-05
-3.79762e-05
-3.55431e-05
-3.32056e-05
-3.09647e-05
-2.88211e-05
-2.67749e-05
-2.4826e-05
-2.29737e-05
-2.12171e-05
-1.9555e-05
-1.79858e-05
-1.65075e-05
-1.5118e-05
-1.3815e-05
-1.25959e-05
-1.14578e-05
-1.0398e-05
-9.41295e-06
-0.000130232
-0.00012666
-0.000123047
-0.000119399
-0.000115723
-0.000112024
-0.000108309
-0.000104586
-0.00010086
-9.71398e-05
-9.34312e-05
-8.97414e-05
-8.60773e-05
-8.24456e-05
-7.88532e-05
-7.53064e-05
-7.18116e-05
-6.83749e-05
-6.50019e-05
-6.16982e-05
-5.8469e-05
-5.53189e-05
-5.22523e-05
-4.92733e-05
-4.63852e-05
-4.35913e-05
-4.0894e-05
-3.82956e-05
-3.57977e-05
-3.34016e-05
-3.1108e-05
-2.89172e-05
-2.68292e-05
-2.48434e-05
-2.2959e-05
-2.11746e-05
-1.94886e-05
-1.78993e-05
-1.64043e-05
-1.50012e-05
-1.36873e-05
-1.24599e-05
-1.13157e-05
-1.0252e-05
-9.2644e-06
-0.000134885
-0.000131069
-0.000127215
-0.00012333
-0.000119421
-0.000115494
-0.000111558
-0.000107618
-0.000103682
-9.97577e-05
-9.5852e-05
-9.19723e-05
-8.81256e-05
-8.43189e-05
-8.05591e-05
-7.68529e-05
-7.32066e-05
-6.96264e-05
-6.6118e-05
-6.2687e-05
-5.93384e-05
-5.60769e-05
-5.29068e-05
-4.98318e-05
-4.68553e-05
-4.39802e-05
-4.12087e-05
-3.85429e-05
-3.59841e-05
-3.35332e-05
-3.11907e-05
-2.89566e-05
-2.68305e-05
-2.48115e-05
-2.28984e-05
-2.10895e-05
-1.93831e-05
-1.77767e-05
-1.6268e-05
-1.48541e-05
-1.3532e-05
-1.22988e-05
-1.11509e-05
-1.00854e-05
-9.0973e-06
-0.000139444
-0.000135378
-0.000131279
-0.000127154
-0.000123009
-0.000118852
-0.000114691
-0.000110533
-0.000106386
-0.000102257
-9.81547e-05
-9.40853e-05
-9.00567e-05
-8.60761e-05
-8.21505e-05
-7.82867e-05
-7.44911e-05
-7.077e-05
-6.71291e-05
-6.35739e-05
-6.01093e-05
-5.674e-05
-5.34699e-05
-5.03028e-05
-4.72418e-05
-4.42894e-05
-4.14478e-05
-3.87186e-05
-3.61029e-05
-3.36013e-05
-3.12138e-05
-2.89403e-05
-2.67798e-05
-2.47313e-05
-2.27931e-05
-2.09632e-05
-1.92394e-05
-1.76192e-05
-1.60997e-05
-1.46778e-05
-1.33503e-05
-1.21137e-05
-1.09644e-05
-9.89932e-06
-8.91267e-06
-0.000143901
-0.000139582
-0.000135234
-0.000130864
-0.000126481
-0.000122092
-0.000117705
-0.000113328
-0.000108969
-0.000104635
-0.000100335
-9.60769e-05
-9.18675e-05
-8.77145e-05
-8.3625e-05
-7.96059e-05
-7.56637e-05
-7.18045e-05
-6.80343e-05
-6.43582e-05
-6.07812e-05
-5.73077e-05
-5.39417e-05
-5.06865e-05
-4.7545e-05
-4.45196e-05
-4.1612e-05
-3.88236e-05
-3.61552e-05
-3.36069e-05
-3.11785e-05
-2.88695e-05
-2.66785e-05
-2.46041e-05
-2.26443e-05
-2.07968e-05
-1.9059e-05
-1.7428e-05
-1.59007e-05
-1.44735e-05
-1.31431e-05
-1.19057e-05
-1.07573e-05
-9.69463e-06
-8.71151e-06
-0.00014825
-0.000143673
-0.000139072
-0.000134456
-0.000129832
-0.000125209
-0.000120594
-0.000115997
-0.000111425
-0.000106887
-0.000102391
-9.79443e-05
-9.35556e-05
-8.92319e-05
-8.49807e-05
-8.08088e-05
-7.67228e-05
-7.27289e-05
-6.88326e-05
-6.50394e-05
-6.13539e-05
-5.77803e-05
-5.43224e-05
-5.09833e-05
-4.77657e-05
-4.46715e-05
-4.17023e-05
-3.8859e-05
-3.6142e-05
-3.35512e-05
-3.1086e-05
-2.87454e-05
-2.65278e-05
-2.44312e-05
-2.24534e-05
-2.05918e-05
-1.88432e-05
-1.72045e-05
-1.56722e-05
-1.42425e-05
-1.29117e-05
-1.16758e-05
-1.05305e-05
-9.47234e-06
-8.49475e-06
-0.000152483
-0.000147645
-0.000142789
-0.000137923
-0.000133057
-0.000128197
-0.000123354
-0.000118536
-0.000113752
-0.000109009
-0.000104318
-9.96847e-05
-9.51184e-05
-9.06264e-05
-8.6216e-05
-8.18943e-05
-7.76677e-05
-7.35423e-05
-6.95239e-05
-6.56173e-05
-6.18274e-05
-5.81579e-05
-5.46125e-05
-5.11939e-05
-4.79046e-05
-4.47461e-05
-4.17196e-05
-3.88258e-05
-3.60646e-05
-3.34356e-05
-3.09377e-05
-2.85695e-05
-2.63291e-05
-2.42141e-05
-2.22219e-05
-2.03494e-05
-1.85933e-05
-1.69499e-05
-1.54155e-05
-1.3986e-05
-1.26574e-05
-1.14253e-05
-1.02853e-05
-9.23348e-06
-0.000156595
-0.000151492
-0.000146378
-0.000141261
-0.000136149
-0.000131053
-0.000125981
-0.000120942
-0.000115945
-0.000111
-0.000106114
-0.000101296
-9.65541e-05
-9.18962e-05
-8.73296e-05
-8.28612e-05
-7.84975e-05
-7.42446e-05
-7.01078e-05
-6.60922e-05
-6.22021e-05
-5.84412e-05
-5.48128e-05
-5.13193e-05
-4.79628e-05
-4.47446e-05
-4.16655e-05
-3.87256e-05
-3.59246e-05
-3.32616e-05
-3.07352e-05
-2.83434e-05
-2.60841e-05
-2.39544e-05
-2.19512e-05
-2.00712e-05
-1.83107e-05
-1.66656e-05
-1.5132e-05
-1.37053e-05
-1.23812e-05
-1.11552e-05
-1.00226e-05
-8.97908e-06
-0.000160579
-0.000155209
-0.000149834
-0.000144463
-0.000139106
-0.000133772
-0.00012847
-0.000123211
-0.000118003
-0.000112855
-0.000107776
-0.000102776
-9.7861e-05
-9.30401e-05
-8.83205e-05
-8.3709e-05
-7.9212e-05
-7.48355e-05
-7.05848e-05
-6.64645e-05
-6.24787e-05
-5.8631e-05
-5.49242e-05
-5.13606e-05
-4.79416e-05
-4.46684e-05
-4.15412e-05
-3.85598e-05
-3.57234e-05
-3.30308e-05
-3.048e-05
-2.80687e-05
-2.57943e-05
-2.36535e-05
-2.1643e-05
-1.97588e-05
-1.7997e-05
-1.63532e-05
-1.48229e-05
-1.34016e-05
-1.20845e-05
-1.08668e-05
-9.74355e-06
-8.71018e-06
-0.00016443
-0.00015879
-0.000153152
-0.000147526
-0.000141922
-0.000136349
-0.000130819
-0.000125339
-0.000119921
-0.000114572
-0.000109304
-0.000104123
-9.90378e-05
-9.40572e-05
-8.9188e-05
-8.44373e-05
-7.98111e-05
-7.53154e-05
-7.09551e-05
-6.67347e-05
-6.26581e-05
-5.87284e-05
-5.49481e-05
-5.13191e-05
-4.78425e-05
-4.4519e-05
-4.13484e-05
-3.83301e-05
-3.54629e-05
-3.27449e-05
-3.01739e-05
-2.77471e-05
-2.54614e-05
-2.33133e-05
-2.12987e-05
-1.94137e-05
-1.76536e-05
-1.60139e-05
-1.44898e-05
-1.30763e-05
-1.17684e-05
-1.05611e-05
-9.44923e-06
-8.42785e-06
-0.000168142
-0.00016223
-0.000156328
-0.000150445
-0.000144594
-0.000138783
-0.000133023
-0.000127325
-0.000121698
-0.000116151
-0.000110694
-0.000105335
-0.000100084
-9.49468e-05
-8.99321e-05
-8.50461e-05
-8.02951e-05
-7.56847e-05
-7.12195e-05
-6.69039e-05
-6.27413e-05
-5.87346e-05
-5.48858e-05
-5.11964e-05
-4.76671e-05
-4.42982e-05
-4.1089e-05
-3.80384e-05
-3.51447e-05
-3.24057e-05
-2.98187e-05
-2.73804e-05
-2.50873e-05
-2.29353e-05
-2.09202e-05
-1.90374e-05
-1.72821e-05
-1.56493e-05
-1.41339e-05
-1.27307e-05
-1.14343e-05
-1.02394e-05
-9.14073e-06
-8.13307e-06
-0.000171711
-0.000165524
-0.000159356
-0.000153217
-0.000147118
-0.000141069
-0.000135081
-0.000129165
-0.000123331
-0.000117588
-0.000111946
-0.000106413
-0.000100998
-9.57089e-05
-9.05526e-05
-8.55359e-05
-8.06647e-05
-7.59443e-05
-7.13792e-05
-6.69734e-05
-6.27299e-05
-5.86512e-05
-5.4739e-05
-5.09943e-05
-4.74173e-05
-4.40078e-05
-4.07648e-05
-3.76866e-05
-3.4771e-05
-3.20153e-05
-2.94164e-05
-2.69705e-05
-2.46737e-05
-2.25214e-05
-2.05091e-05
-1.86317e-05
-1.68841e-05
-1.5261e-05
-1.37568e-05
-1.23661e-05
-1.10833e-05
-9.90287e-06
-8.81914e-06
-7.82686e-06
)
;

boundaryField
{
    down
    {
        type            symmetryPlane;
    }
    right
    {
        type            fixedValue;
        value           nonuniform List<scalar> 0();
    }
    up
    {
        type            symmetryPlane;
    }
    left
    {
        type            zeroGradient;
    }
    cylinder
    {
        type            zeroGradient;
    }
    frontAndBack
    {
        type            empty;
    }
    procBoundary2to1
    {
        type            processor;
        value           nonuniform List<scalar> 
74
(
-0.000368504
-0.000386002
-0.000404156
-0.00042299
-0.000442535
-0.000462818
-0.000483871
-0.000505725
-0.000528414
-0.000551971
-0.000576433
-0.000601835
-0.000628214
-0.000655611
-0.000684065
-0.000713615
-0.000744306
-0.000776177
-0.000809261
0.000103754
0.000103328
0.000102499
0.000101285
9.97037e-05
9.77701e-05
9.54964e-05
9.28936e-05
8.99711e-05
8.67368e-05
8.31976e-05
7.93592e-05
7.52264e-05
7.08033e-05
6.60932e-05
6.10988e-05
5.58222e-05
5.0265e-05
4.44284e-05
3.83133e-05
3.19202e-05
2.52492e-05
1.83005e-05
1.10736e-05
3.56837e-06
-4.21579e-06
-1.22795e-05
-2.06233e-05
-2.9248e-05
-3.81543e-05
-4.73429e-05
-5.68144e-05
-6.65694e-05
-7.66085e-05
-8.6932e-05
-9.75402e-05
-0.000108433
-0.000119611
-0.000131073
-0.000142819
-0.000154848
-0.00016716
-0.000179753
-0.000192625
-0.000205775
-0.000219202
-0.000232902
-0.000246872
-0.000261112
-0.000275616
-0.000290382
-0.000305405
-0.000320683
-0.000336209
-0.000351981
)
;
    }
    procBoundary2to3
    {
        type            processor;
        value           nonuniform List<scalar> 
76
(
-6.61113e-06
-6.27913e-06
-5.93114e-06
-5.56739e-06
-5.18819e-06
-4.79385e-06
-4.38472e-06
-3.96121e-06
-3.52376e-06
-3.07284e-06
-2.609e-06
-2.13281e-06
-1.64489e-06
-1.14591e-06
-6.3659e-07
-1.17645e-07
4.10283e-07
9.46185e-07
1.48901e-06
2.03767e-06
-2.31178e-07
-2.83066e-07
-3.83418e-07
-5.28452e-07
-7.14308e-07
-9.37026e-07
-1.1926e-06
-1.47703e-06
-1.78636e-06
-2.1167e-06
-2.46425e-06
-2.82534e-06
-3.19644e-06
-3.57415e-06
-3.95527e-06
-4.33674e-06
-4.71571e-06
-5.0895e-06
-5.45562e-06
-5.8118e-06
-6.15593e-06
-6.48611e-06
-6.80063e-06
-7.09796e-06
-7.37677e-06
-7.63589e-06
-7.87434e-06
-8.09129e-06
-8.28609e-06
-8.45823e-06
-8.60734e-06
-8.73321e-06
-8.83572e-06
-8.91493e-06
-8.97095e-06
-9.00403e-06
-9.01453e-06
-9.00285e-06
-8.96951e-06
-8.9151e-06
-8.84024e-06
-8.74564e-06
-8.63206e-06
-8.50027e-06
-8.35112e-06
-8.18542e-06
-8.004e-06
-7.80782e-06
-7.59791e-06
-8.26361e-06
-8.26361e-06
-8.01869e-06
-7.76095e-06
-7.49142e-06
-7.21084e-06
-6.92038e-06
)
;
    }
    procBoundary2to6
    {
        type            processor;
        value           nonuniform List<scalar> 
71
(
-0.000203402
-0.000190189
-0.00017746
-0.000165224
-0.000153491
-0.000142268
-0.00013156
-0.000121369
-0.000111694
-0.000102531
-9.38761e-05
-8.57212e-05
-7.80572e-05
-7.0873e-05
-6.4156e-05
-5.78919e-05
-5.20655e-05
-4.66603e-05
-4.1659e-05
-3.70439e-05
-3.27964e-05
-2.8898e-05
-2.53299e-05
-2.20733e-05
-1.91096e-05
-1.64206e-05
-1.39883e-05
-1.17953e-05
-9.82455e-06
-8.05991e-06
-6.48571e-06
-5.08706e-06
-3.84975e-06
-2.76032e-06
-1.80606e-06
-9.75005e-07
-2.55899e-07
3.61815e-07
8.87988e-07
1.33178e-06
1.70179e-06
2.00566e-06
2.25134e-06
2.44381e-06
-0.000815415
-0.000786824
-0.000757945
-0.000728905
-0.000699848
-0.000670897
-0.000642155
-0.000613721
-0.000585687
-0.000558135
-0.000531141
-0.000504768
-0.000479073
-0.000454103
-0.000454103
-0.000437076
-0.000412476
-0.000388793
-0.000366037
-0.000344224
-0.000323359
-0.000303438
-0.000284453
-0.000266393
-0.000249243
-0.000232982
-0.000217589
)
;
    }
}


// ************************************************************************* //
