/*--------------------------------*- C++ -*----------------------------------*\
| =========                 |                                                 |
| \\      /  F ield         | OpenFOAM: The Open Source CFD Toolbox           |
|  \\    /   O peration     | Version:  2412                                  |
|   \\  /    A nd           | Website:  www.openfoam.com                      |
|    \\/     M anipulation  |                                                 |
\*---------------------------------------------------------------------------*/
FoamFile
{
    version     2.0;
    format      ascii;
    arch        "LSB;label=32;scalar=64";
    class       volScalarField;
    location    "26.5";
    object      p;
}
// * * * * * * * * * * * * * * * * * * * * * * * * * * * * * * * * * * * * * //

dimensions      [0 2 -2 0 0 0 0];

internalField   nonuniform List<scalar> 
5285
(
-0.00151672
-0.00138666
-0.00126032
-0.00113824
-0.00102088
-0.000908679
-0.000801987
-0.00070108
-0.00060616
-0.000517357
-0.000434739
-0.000358308
-0.00028801
-0.000223738
-0.000165339
-0.000112618
-6.53479e-05
-2.32709e-05
1.38921e-05
4.64373e-05
7.46721e-05
9.891e-05
0.000119466
0.000136652
0.000150774
0.000162127
0.000170992
0.00017764
-0.00153166
-0.00140117
-0.00127437
-0.0011518
-0.00103391
-0.000921153
-0.000813885
-0.000712389
-0.000616873
-0.000527474
-0.000444264
-0.000367251
-0.000296384
-0.000231559
-0.000172626
-0.000119393
-7.16324e-05
-2.90896e-05
8.51454e-06
4.1476e-05
7.01022e-05
9.47072e-05
0.000115607
0.000133114
0.000147535
0.000159168
0.000168293
0.000175188
-0.00156067
-0.00142939
-0.00130172
-0.00117821
-0.00105931
-0.000945488
-0.000837112
-0.000734481
-0.000637815
-0.000547265
-0.000462909
-0.000384767
-0.000312793
-0.000246893
-0.000186921
-0.000132689
-8.39737e-05
-4.05219e-05
-2.05624e-06
3.17185e-05
6.111e-05
8.64329e-05
0.000108004
0.000126139
0.000141147
0.000153326
0.000162961
0.000170341
-0.00160208
-0.00146974
-0.00134087
-0.00121604
-0.00109574
-0.000980428
-0.000870496
-0.000766267
-0.000667979
-0.000575797
-0.000489816
-0.000410067
-0.000336519
-0.000269085
-0.000207628
-0.000151967
-0.000101884
-5.71285e-05
-1.74262e-05
1.75173e-05
4.80092e-05
7.43651e-05
9.69038e-05
0.000115943
0.000131795
0.000144762
0.000155133
0.000163218
-0.00151978
-0.00138955
-0.00126322
-0.0011413
-0.00102424
-0.000912474
-0.000806339
-0.000706099
-0.000611942
-0.000523981
-0.000442264
-0.000366776
-0.000297442
-0.000234138
-0.000176691
-0.000124891
-7.84935e-05
-3.72276e-05
-8.01721e-07
3.10905e-05
5.87646e-05
8.25405e-05
0.000102738
0.000119673
0.000133653
0.000144974
0.000153968
-0.00157737
-0.001446
-0.00131831
-0.00119483
-0.00107602
-0.00096235
-0.000854192
-0.000751835
-0.000655492
-0.000565306
-0.000481346
-0.000403618
-0.000332067
-0.000266585
-0.000207013
-0.000153154
-0.00010477
-6.15997e-05
-2.33561e-05
1.02635e-05
3.95724e-05
6.489e-05
8.65367e-05
0.00010483
0.000120081
0.0001326
0.000142735
-0.00164319
-0.00151042
-0.00138103
-0.00125561
-0.00113468
-0.00101872
-0.000908149
-0.000803284
-0.000704372
-0.000611585
-0.000525021
-0.000444711
-0.00037062
-0.000302658
-0.000240684
-0.000184509
-0.00013391
-8.8629e-05
-4.83853e-05
-1.2879e-05
1.82023e-05
4.51785e-05
6.83715e-05
8.81017e-05
0.000104683
0.000118439
0.000129714
0.000182333
0.000185234
0.000186614
0.000186662
0.000185524
0.000183339
0.000180246
0.000176374
0.000171848
0.000166781
0.000161281
0.000155448
0.000149372
0.000143134
0.000136807
0.000130454
0.000124129
0.000117879
0.000111742
0.00010575
9.9928e-05
9.4295e-05
8.88652e-05
8.36484e-05
7.86506e-05
7.38747e-05
6.93209e-05
6.49876e-05
6.08714e-05
5.69677e-05
5.32708e-05
4.97747e-05
4.64727e-05
4.33579e-05
4.04234e-05
3.7662e-05
3.50667e-05
3.26302e-05
3.03455e-05
2.82052e-05
2.62024e-05
2.43293e-05
2.25806e-05
2.09448e-05
0.000180145
0.000183164
0.000184662
0.000184847
0.000183846
0.000181793
0.000178825
0.000175072
0.000170656
0.000165692
0.000160288
0.000154544
0.00014855
0.000142388
0.000136129
0.000129839
0.000123572
0.000117375
0.000111287
0.000105339
9.95564e-05
9.39596e-05
8.85626e-05
8.33754e-05
7.84044e-05
7.36527e-05
6.91209e-05
6.48075e-05
6.07092e-05
5.68217e-05
5.31395e-05
4.96566e-05
4.63666e-05
4.32626e-05
4.03379e-05
3.75853e-05
3.49979e-05
3.25686e-05
3.02903e-05
2.81558e-05
2.61581e-05
2.42897e-05
2.25451e-05
2.0913e-05
0.000175792
0.000179052
0.000180793
0.000181251
0.000180521
0.000178727
0.000176006
0.000172486
0.000168289
0.00016353
0.000158316
0.000152747
0.000146915
0.000140902
0.000134781
0.000128617
0.000122465
0.000116373
0.00011038
0.000104519
9.88162e-05
9.32912e-05
8.79593e-05
8.28312e-05
7.79136e-05
7.32102e-05
6.87221e-05
6.44482e-05
6.03856e-05
5.65304e-05
5.28774e-05
4.9421e-05
4.61548e-05
4.30725e-05
4.01672e-05
3.74322e-05
3.48607e-05
3.24456e-05
3.01801e-05
2.8057e-05
2.60697e-05
2.42105e-05
2.24742e-05
2.08495e-05
0.000169329
0.000172956
0.000175072
0.000175936
0.000175606
0.000174195
0.000171837
0.00016866
0.000164785
0.000160326
0.000155391
0.000150081
0.000144488
0.000138695
0.000132777
0.000126799
0.000120817
0.000114881
0.00010903
0.000103299
9.77131e-05
9.22949e-05
8.70598e-05
8.20194e-05
7.71813e-05
7.25498e-05
6.81268e-05
6.39117e-05
5.99024e-05
5.60954e-05
5.2486e-05
4.90689e-05
4.58384e-05
4.27883e-05
3.99121e-05
3.72033e-05
3.46554e-05
3.22616e-05
3.00152e-05
2.79093e-05
2.59374e-05
2.40919e-05
2.2368e-05
2.07544e-05
0.000160841
0.000164968
0.0001676
0.000168999
0.000169188
0.000168273
0.000166386
0.000163653
0.000160194
0.000156124
0.000151551
0.000146578
0.000141297
0.000135792
0.000130139
0.000124404
0.000118645
0.000112913
0.000107248
0.000101687
9.62558e-05
9.0978e-05
8.58704e-05
8.09456e-05
7.62122e-05
7.16756e-05
6.73385e-05
6.32012e-05
5.92622e-05
5.55188e-05
5.19671e-05
4.86021e-05
4.54188e-05
4.24112e-05
3.95735e-05
3.68995e-05
3.43829e-05
3.20173e-05
2.97962e-05
2.77131e-05
2.57615e-05
2.39344e-05
2.22268e-05
2.06279e-05
0.000150438
0.000155216
0.000158508
0.00016056
0.000161377
0.00016106
0.000159739
0.00015754
0.000154583
0.000150982
0.000146848
0.000142282
0.000137379
0.000132223
0.000126893
0.000121455
0.000115969
0.000110486
0.00010505
9.96965e-05
9.44554e-05
8.93502e-05
8.43994e-05
7.96169e-05
7.50126e-05
7.05931e-05
6.63619e-05
6.23206e-05
5.84685e-05
5.48038e-05
5.13233e-05
4.80228e-05
4.48978e-05
4.1943e-05
3.9153e-05
3.6522e-05
3.40442e-05
3.17135e-05
2.95239e-05
2.7469e-05
2.55428e-05
2.37384e-05
2.20511e-05
2.04705e-05
0.000138232
0.000143845
0.000147952
0.000150764
0.000152301
0.000152668
0.000151995
0.000150408
0.000148026
0.000144965
0.000141336
0.000137241
0.000132776
0.000128026
0.000123071
0.000117979
0.000112811
0.000107621
0.000102452
9.73427e-05
9.23245e-05
8.74223e-05
8.26561e-05
7.80414e-05
7.35894e-05
6.9308e-05
6.52021e-05
6.12742e-05
5.75251e-05
5.39536e-05
5.05574e-05
4.73334e-05
4.42775e-05
4.13853e-05
3.86519e-05
3.6072e-05
3.36403e-05
3.13512e-05
2.91989e-05
2.71776e-05
2.52816e-05
2.35042e-05
2.18412e-05
2.02825e-05
0.000123967
0.000130704
0.000135823
0.000139505
0.000141853
0.00014299
0.000143048
0.000142152
0.000140423
0.000137976
0.000134924
0.000131368
0.000127405
0.000123123
0.000118601
0.000113909
0.00010911
0.000104258
9.94001e-05
9.45756e-05
8.98172e-05
8.51521e-05
8.0602e-05
7.61837e-05
7.19102e-05
6.77908e-05
6.3832e-05
6.00377e-05
5.64095e-05
5.29477e-05
4.9651e-05
4.65171e-05
4.35428e-05
4.07245e-05
3.80579e-05
3.55384e-05
3.31611e-05
3.09211e-05
2.88131e-05
2.68316e-05
2.49712e-05
2.3226e-05
2.15917e-05
2.00589e-05
0.00010845
0.000116209
0.000122309
0.000126907
0.000130128
0.000132102
0.000132959
0.000132822
0.000131813
0.000130047
0.000127635
0.000124681
0.00012128
0.000117522
0.000113487
0.000109246
0.000104864
0.000100396
9.58914e-05
9.13905e-05
8.69284e-05
8.2534e-05
7.82308e-05
7.40374e-05
6.99686e-05
6.60354e-05
6.22457e-05
5.8605e-05
5.51162e-05
5.17809e-05
4.85989e-05
4.5569e-05
4.26891e-05
3.99561e-05
3.73668e-05
3.49172e-05
3.26031e-05
3.042e-05
2.83633e-05
2.6428e-05
2.46091e-05
2.29012e-05
2.13004e-05
1.97977e-05
9.21183e-05
0.000100837
0.000107893
0.000113418
0.000117535
0.000120376
0.000122065
0.000122725
0.000122474
0.000121428
0.000119697
0.000117384
0.000114585
0.00011139
0.000107879
0.000104125
0.000100195
9.61435e-05
9.20224e-05
8.78743e-05
8.37358e-05
7.96375e-05
7.56048e-05
7.16584e-05
6.78147e-05
6.40864e-05
6.04831e-05
5.70118e-05
5.36771e-05
5.04817e-05
4.74267e-05
4.45121e-05
4.17367e-05
3.90985e-05
3.6595e-05
3.42231e-05
3.19792e-05
2.98595e-05
2.78599e-05
2.5976e-05
2.42035e-05
2.25372e-05
2.09738e-05
1.95047e-05
7.5117e-05
8.47746e-05
9.27711e-05
9.92215e-05
0.000104244
0.000107964
0.000110504
0.000111982
0.000112515
0.000112217
0.000111196
0.000109554
0.000107387
0.000104785
0.000101829
9.85921e-05
9.5141e-05
9.15343e-05
8.78235e-05
8.40533e-05
8.0262e-05
7.64823e-05
7.27413e-05
6.90615e-05
6.54612e-05
6.19549e-05
5.85539e-05
5.52668e-05
5.20996e-05
4.90565e-05
4.61399e-05
4.33511e-05
4.06898e-05
3.81552e-05
3.57455e-05
3.34586e-05
3.12916e-05
2.92413e-05
2.73044e-05
2.5477e-05
2.37554e-05
2.21349e-05
2.06127e-05
1.91807e-05
5.76491e-05
6.8221e-05
7.71361e-05
8.44982e-05
9.0419e-05
9.5018e-05
9.84129e-05
0.000100718
0.000102048
0.000102514
0.000102221
0.00010127
9.97572e-05
9.77706e-05
9.53916e-05
9.26943e-05
8.97458e-05
8.66057e-05
8.3327e-05
7.99557e-05
7.6532e-05
7.30901e-05
6.96591e-05
6.62633e-05
6.29226e-05
5.96535e-05
5.6469e-05
5.33791e-05
5.03917e-05
4.75123e-05
4.47447e-05
4.20912e-05
3.9553e-05
3.71301e-05
3.48218e-05
3.26267e-05
3.05428e-05
2.85678e-05
2.66988e-05
2.49327e-05
2.32663e-05
2.16956e-05
2.02182e-05
1.88266e-05
3.99208e-05
5.13692e-05
6.1169e-05
6.94162e-05
7.62153e-05
8.16799e-05
8.59222e-05
8.90527e-05
9.11812e-05
9.24152e-05
9.28586e-05
9.26104e-05
9.17643e-05
9.04077e-05
8.86217e-05
8.64805e-05
8.40516e-05
8.13954e-05
7.8566e-05
7.56107e-05
7.25711e-05
6.94832e-05
6.63776e-05
6.32805e-05
6.02136e-05
5.7195e-05
5.42395e-05
5.13587e-05
4.85621e-05
4.58565e-05
4.32473e-05
4.07381e-05
3.8331e-05
3.60274e-05
3.38274e-05
3.17305e-05
2.97356e-05
2.78412e-05
2.60451e-05
2.43448e-05
2.27378e-05
2.12206e-05
1.97914e-05
1.84433e-05
2.21233e-05
3.4398e-05
4.50382e-05
5.41328e-05
6.17795e-05
6.80852e-05
7.31563e-05
7.70983e-05
8.00167e-05
8.20153e-05
8.31945e-05
8.36511e-05
8.34767e-05
8.27575e-05
8.15737e-05
7.99991e-05
7.81013e-05
7.59413e-05
7.35739e-05
7.10475e-05
6.84052e-05
6.56842e-05
6.29167e-05
6.01307e-05
5.73494e-05
5.45928e-05
5.18771e-05
4.92157e-05
4.66195e-05
4.4097e-05
4.16547e-05
3.92976e-05
3.70291e-05
3.48515e-05
3.27661e-05
3.07733e-05
2.88729e-05
2.7064e-05
2.53453e-05
2.37151e-05
2.21713e-05
2.07113e-05
1.93336e-05
1.80319e-05
4.43088e-06
1.74718e-05
2.88987e-05
3.87935e-05
4.72474e-05
5.436e-05
6.02318e-05
6.49627e-05
6.86535e-05
7.14035e-05
7.33098e-05
7.44659e-05
7.49611e-05
7.48798e-05
7.43009e-05
7.32977e-05
7.19373e-05
7.02811e-05
6.83841e-05
6.62959e-05
6.40603e-05
6.17159e-05
5.92966e-05
5.68315e-05
5.43456e-05
5.18604e-05
4.93937e-05
4.69605e-05
4.45731e-05
4.22415e-05
3.99737e-05
3.77757e-05
3.56524e-05
3.3607e-05
3.1642e-05
2.97586e-05
2.79575e-05
2.62388e-05
2.46018e-05
2.30455e-05
2.15686e-05
2.0169e-05
1.88459e-05
1.75935e-05
-1.30005e-05
7.38579e-07
1.28906e-05
2.35308e-05
3.27433e-05
4.06206e-05
4.72566e-05
5.27459e-05
5.71835e-05
6.06645e-05
6.32816e-05
6.5125e-05
6.62812e-05
6.68322e-05
6.68554e-05
6.6423e-05
6.56014e-05
6.44518e-05
6.30297e-05
6.1385e-05
5.95624e-05
5.76016e-05
5.55376e-05
5.34008e-05
5.12179e-05
4.90116e-05
4.68014e-05
4.46037e-05
4.24322e-05
4.02983e-05
3.82114e-05
3.61788e-05
3.42064e-05
3.22987e-05
3.04591e-05
2.86899e-05
2.69927e-05
2.53683e-05
2.38169e-05
2.23381e-05
2.09315e-05
1.95954e-05
1.83297e-05
1.71292e-05
-3.00347e-05
-1.56711e-05
-2.86144e-06
8.46289e-06
1.83791e-05
2.69723e-05
3.43297e-05
4.05399e-05
4.56925e-05
4.98773e-05
5.31827e-05
5.5695e-05
5.74975e-05
5.86697e-05
5.9287e-05
5.94198e-05
5.9134e-05
5.849e-05
5.75431e-05
5.63438e-05
5.49372e-05
5.33639e-05
5.16598e-05
4.98566e-05
4.79821e-05
4.60605e-05
4.41125e-05
4.21561e-05
4.02062e-05
3.82757e-05
3.63751e-05
3.4513e-05
3.26966e-05
3.09314e-05
2.92218e-05
2.75711e-05
2.59817e-05
2.44553e-05
2.2993e-05
2.15951e-05
2.02618e-05
1.89921e-05
1.77864e-05
1.66403e-05
-4.65555e-05
-3.16448e-05
-1.82489e-05
-6.30598e-06
4.25423e-06
1.35095e-05
2.15401e-05
2.84285e-05
3.42585e-05
3.91145e-05
4.30803e-05
4.6238e-05
4.86672e-05
5.04446e-05
5.16431e-05
5.23314e-05
5.25739e-05
5.24305e-05
5.19559e-05
5.12006e-05
5.02101e-05
4.90254e-05
4.76833e-05
4.62166e-05
4.4654e-05
4.30209e-05
4.13394e-05
3.96285e-05
3.79048e-05
3.61821e-05
3.44722e-05
3.2785e-05
3.11288e-05
2.95101e-05
2.79343e-05
2.64058e-05
2.49278e-05
2.35028e-05
2.21328e-05
2.08187e-05
1.95614e-05
1.83607e-05
1.72176e-05
1.61281e-05
-6.24668e-05
-4.70878e-05
-3.31793e-05
-2.06859e-05
-9.54449e-06
3.15349e-07
8.96714e-06
1.64868e-05
2.29524e-05
2.84427e-05
3.30365e-05
3.68115e-05
3.98434e-05
4.22056e-05
4.39684e-05
4.51985e-05
4.59584e-05
4.6307e-05
4.62985e-05
4.59827e-05
4.54055e-05
4.4608e-05
4.36278e-05
4.24982e-05
4.1249e-05
3.99066e-05
3.84941e-05
3.70319e-05
3.55374e-05
3.40258e-05
3.25101e-05
3.10013e-05
2.95086e-05
2.80398e-05
2.66011e-05
2.51979e-05
2.38343e-05
2.25137e-05
2.12387e-05
2.00111e-05
1.88324e-05
1.77031e-05
1.66246e-05
1.55938e-05
-7.76907e-05
-6.19222e-05
-4.75751e-05
-3.46008e-05
-2.29427e-05
-1.25379e-05
-3.31977e-06
4.78139e-06
1.18374e-05
1.79216e-05
2.31074e-05
2.7468e-05
3.10749e-05
3.39981e-05
3.63049e-05
3.80594e-05
3.93226e-05
4.01516e-05
4.05998e-05
4.07165e-05
4.05471e-05
4.01332e-05
3.95124e-05
3.87186e-05
3.77825e-05
3.67313e-05
3.55889e-05
3.43768e-05
3.31136e-05
3.18154e-05
3.04963e-05
2.91684e-05
2.78419e-05
2.65256e-05
2.52268e-05
2.39515e-05
2.27049e-05
2.14911e-05
2.03135e-05
1.91747e-05
1.80768e-05
1.70209e-05
1.60091e-05
1.50389e-05
-9.21668e-05
-7.60859e-05
-6.13736e-05
-4.79875e-05
-3.58779e-05
-2.49889e-05
-1.52606e-05
-6.62975e-06
9.69457e-07
7.60451e-06
1.33437e-05
1.82552e-05
2.24066e-05
2.58639e-05
2.86912e-05
3.09502e-05
3.26994e-05
3.39945e-05
3.48875e-05
3.54269e-05
3.56578e-05
3.56214e-05
3.53555e-05
3.48945e-05
3.42695e-05
3.35082e-05
3.26357e-05
3.1674e-05
3.06428e-05
2.95592e-05
2.84382e-05
2.72929e-05
2.61346e-05
2.49727e-05
2.38157e-05
2.26705e-05
2.1543e-05
2.04381e-05
1.936e-05
1.83119e-05
1.72967e-05
1.63161e-05
1.53728e-05
1.44648e-05
-0.00010585
-8.95314e-05
-7.45252e-05
-6.07953e-05
-4.82986e-05
-3.6986e-05
-2.68044e-05
-1.76967e-05
-9.60304e-06
-2.46177e-06
3.79008e-06
9.21589e-06
1.38788e-05
1.78409e-05
2.1163e-05
2.39038e-05
2.61195e-05
2.78639e-05
2.91875e-05
3.01379e-05
3.07592e-05
3.10924e-05
3.11751e-05
3.1042e-05
3.07243e-05
3.02505e-05
2.96461e-05
2.89339e-05
2.81344e-05
2.72655e-05
2.63432e-05
2.53814e-05
2.43923e-05
2.33863e-05
2.23726e-05
2.1359e-05
2.03522e-05
1.93578e-05
1.83808e-05
1.74251e-05
1.64942e-05
1.55905e-05
1.47172e-05
1.38729e-05
-0.00011871
-0.000102224
-8.69923e-05
-7.29846e-05
-6.01637e-05
-4.84874e-05
-3.79089e-05
-2.83772e-05
-1.98385e-05
-1.22366e-05
-5.51398e-06
3.87872e-07
5.52761e-06
9.96343e-06
1.37525e-05
1.69505e-05
1.96113e-05
2.17862e-05
2.35243e-05
2.48717e-05
2.58718e-05
2.65648e-05
2.69883e-05
2.71765e-05
2.71611e-05
2.69707e-05
2.66314e-05
2.61666e-05
2.55974e-05
2.49424e-05
2.42185e-05
2.34404e-05
2.26209e-05
2.17714e-05
2.09019e-05
2.0021e-05
1.9136e-05
1.82534e-05
1.73788e-05
1.65168e-05
1.56716e-05
1.48461e-05
1.4044e-05
1.32647e-05
-0.000130727
-0.00011414
-9.87482e-05
-8.45257e-05
-7.14414e-05
-5.94597e-05
-4.85397e-05
-3.86365e-05
-2.97019e-05
-2.16853e-05
-1.45345e-05
-8.19575e-06
-2.61492e-06
2.26212e-06
6.48894e-06
1.01181e-05
1.32006e-05
1.57856e-05
1.79203e-05
1.96493e-05
2.10148e-05
2.20565e-05
2.28111e-05
2.33128e-05
2.35932e-05
2.36811e-05
2.36027e-05
2.33821e-05
2.30407e-05
2.2598e-05
2.20713e-05
2.14761e-05
2.0826e-05
2.01332e-05
1.94082e-05
1.86604e-05
1.7898e-05
1.71281e-05
1.63568e-05
1.55895e-05
1.4831e-05
1.40847e-05
1.3355e-05
1.26417e-05
-0.000141894
-0.000125268
-0.000109776
-9.53981e-05
-8.21086e-05
-6.98775e-05
-5.86699e-05
-4.84465e-05
-3.91645e-05
-3.07789e-05
-2.32425e-05
-1.65064e-05
-1.0521e-05
-5.23603e-06
-6.01749e-07
3.43116e-06
6.91089e-06
9.88425e-06
1.23963e-05
1.449e-05
1.62064e-05
1.7584e-05
1.86589e-05
1.9465e-05
2.00334e-05
2.03931e-05
2.05705e-05
2.05898e-05
2.0473e-05
2.024e-05
1.99086e-05
1.9495e-05
1.90134e-05
1.84766e-05
1.78959e-05
1.72814e-05
1.66418e-05
1.59849e-05
1.53176e-05
1.46457e-05
1.39746e-05
1.33083e-05
1.26518e-05
1.20054e-05
-0.000152209
-0.000135601
-0.000120066
-0.000105589
-9.21496e-05
-7.97227e-05
-6.82792e-05
-5.77852e-05
-4.82033e-05
-3.94937e-05
-3.16139e-05
-2.452e-05
-1.81665e-05
-1.25075e-05
-7.49669e-06
-3.08816e-06
7.63392e-07
4.10223e-06
6.97126e-06
9.41173e-06
1.14631e-05
1.31628e-05
1.45461e-05
1.56462e-05
1.64939e-05
1.7118e-05
1.7545e-05
1.77991e-05
1.79027e-05
1.78759e-05
1.77372e-05
1.75031e-05
1.71884e-05
1.68066e-05
1.63695e-05
1.58878e-05
1.53708e-05
1.48271e-05
1.42639e-05
1.36878e-05
1.31046e-05
1.25189e-05
1.19362e-05
1.13573e-05
-0.000161682
-0.000145144
-0.000129618
-0.000115094
-0.000101555
-8.89833e-05
-7.73533e-05
-6.66365e-05
-5.68006e-05
-4.78106e-05
-3.9629e-05
-3.22162e-05
-2.55313e-05
-1.9532e-05
-1.4176e-05
-9.42047e-06
-5.22317e-06
-1.54242e-06
1.66241e-06
4.43067e-06
6.80022e-06
8.80719e-06
1.04859e-05
1.18688e-05
1.29861e-05
1.38663e-05
1.45358e-05
1.50187e-05
1.53377e-05
1.55131e-05
1.55636e-05
1.55063e-05
1.53565e-05
1.5128e-05
1.48333e-05
1.44835e-05
1.40887e-05
1.36577e-05
1.31986e-05
1.27183e-05
1.22232e-05
1.17185e-05
1.12099e-05
1.06989e-05
-0.000170325
-0.000153904
-0.000138435
-0.000123912
-0.000110323
-9.7653e-05
-8.58833e-05
-7.49892e-05
-6.49434e-05
-5.57154e-05
-4.72723e-05
-3.9579e-05
-3.25985e-05
-2.62927e-05
-2.06226e-05
-1.55489e-05
-1.10323e-05
-7.03371e-06
-3.51488e-06
-4.38432e-07
2.23176e-06
4.53045e-06
6.4908e-06
8.14432e-06
9.52071e-06
1.06479e-05
1.15519e-05
1.22571e-05
1.27857e-05
1.31585e-05
1.33943e-05
1.35105e-05
1.35228e-05
1.34455e-05
1.32915e-05
1.30724e-05
1.27987e-05
1.24799e-05
1.21243e-05
1.17396e-05
1.13326e-05
1.09088e-05
1.04746e-05
1.00319e-05
-0.000178158
-0.000161896
-0.000146527
-0.000132049
-0.000118454
-0.000105731
-9.3865e-05
-8.28368e-05
-7.2623e-05
-6.31977e-05
-5.45321e-05
-4.65954e-05
-3.93546e-05
-3.27753e-05
-2.68222e-05
-2.14591e-05
-1.66497e-05
-1.23576e-05
-8.54693e-06
-5.1824e-06
-2.22965e-06
3.44535e-07
2.57209e-06
4.48349e-06
6.10769e-06
7.472e-06
8.6021e-06
9.52197e-06
1.02539e-05
1.08187e-05
1.12353e-05
1.15212e-05
1.16925e-05
1.17637e-05
1.17482e-05
1.16581e-05
1.15042e-05
1.12965e-05
1.10438e-05
1.07542e-05
1.04349e-05
1.00919e-05
9.73196e-06
9.35756e-06
-0.000185202
-0.000169137
-0.000153908
-0.000139515
-0.000125954
-0.000113219
-0.000101299
-9.01767e-05
-7.98348e-05
-7.02508e-05
-6.14002e-05
-5.3256e-05
-4.57891e-05
-3.89688e-05
-3.2763e-05
-2.71389e-05
-2.20631e-05
-1.75019e-05
-1.34218e-05
-9.78954e-06
-6.57273e-06
-3.73971e-06
-1.25989e-06
8.96079e-07
2.75626e-06
4.34728e-06
5.6943e-06
6.82096e-06
7.74937e-06
8.50014e-06
9.09235e-06
9.54363e-06
9.87022e-06
1.0087e-05
1.02075e-05
1.02443e-05
1.02086e-05
1.01106e-05
9.95978e-06
9.76441e-06
9.5322e-06
9.26965e-06
8.98375e-06
8.67752e-06
-0.000191484
-0.000175649
-0.000160594
-0.000146323
-0.000132834
-0.000120125
-0.000108187
-9.70099e-05
-8.65773e-05
-7.68714e-05
-6.78715e-05
-5.95542e-05
-5.18942e-05
-4.48643e-05
-3.84356e-05
-3.25786e-05
-2.72625e-05
-2.24563e-05
-1.8129e-05
-1.42496e-05
-1.07875e-05
-7.71257e-06
-4.99582e-06
-2.60902e-06
-5.25129e-07
1.2817e-06
2.836e-06
4.16098e-06
5.27843e-06
6.20878e-06
6.97106e-06
7.58294e-06
8.06075e-06
8.41957e-06
8.67324e-06
8.83447e-06
8.91487e-06
8.92506e-06
8.8747e-06
8.77255e-06
8.62665e-06
8.44389e-06
8.23159e-06
7.99323e-06
-0.000197031
-0.000181455
-0.000166606
-0.000152489
-0.000139106
-0.000126457
-0.000114538
-0.00010334
-9.28522e-05
-8.30589e-05
-7.39436e-05
-6.54862e-05
-5.76648e-05
-5.04556e-05
-4.38329e-05
-3.77701e-05
-3.22393e-05
-2.72122e-05
-2.26599e-05
-1.85538e-05
-1.4865e-05
-1.15654e-05
-8.62731e-06
-6.02375e-06
-3.72878e-06
-1.71743e-06
3.41126e-08
1.54851e-06
2.84718e-06
3.95026e-06
4.87663e-06
5.64392e-06
6.26849e-06
6.76552e-06
7.14904e-06
7.43197e-06
7.62618e-06
7.74257e-06
7.79111e-06
7.78088e-06
7.72025e-06
7.61646e-06
7.47712e-06
7.30614e-06
-0.000201873
-0.000186581
-0.000171966
-0.000158032
-0.000144786
-0.000132229
-0.000120361
-0.000109175
-9.86637e-05
-8.88156e-05
-7.96166e-05
-7.10503e-05
-6.30978e-05
-5.57384e-05
-4.89496e-05
-4.27075e-05
-3.6987e-05
-3.17623e-05
-2.7007e-05
-2.26945e-05
-1.87979e-05
-1.52907e-05
-1.21469e-05
-9.34086e-06
-6.84769e-06
-4.64343e-06
-2.70501e-06
-1.01042e-06
4.6127e-07
1.72985e-06
2.81397e-06
3.73112e-06
4.49763e-06
5.12872e-06
5.6385e-06
6.04006e-06
6.34547e-06
6.56586e-06
6.71146e-06
6.79161e-06
6.81499e-06
6.78913e-06
6.72193e-06
6.61767e-06
-0.000206042
-0.000191057
-0.000176698
-0.000162973
-0.00014989
-0.000137454
-0.000125666
-0.000114522
-0.000104018
-9.41456e-05
-8.48931e-05
-7.62473e-05
-6.81924e-05
-6.07107e-05
-5.37825e-05
-4.73866e-05
-4.15007e-05
-3.61013e-05
-3.11645e-05
-2.66655e-05
-2.25796e-05
-1.88821e-05
-1.55483e-05
-1.25541e-05
-9.87578e-06
-7.49038e-06
-5.3757e-06
-3.51044e-06
-1.87421e-06
-4.47651e-07
7.87566e-07
1.84873e-06
2.75205e-06
3.51272e-06
4.1449e-06
4.66175e-06
5.07549e-06
5.39743e-06
5.638e-06
5.8068e-06
5.91273e-06
5.96359e-06
5.96754e-06
5.92917e-06
-0.00020957
-0.000194911
-0.00018083
-0.000167338
-0.000154443
-0.000142152
-0.000130469
-0.000119395
-0.000108926
-9.90567e-05
-8.97786e-05
-8.10809e-05
-7.29508e-05
-6.53732e-05
-5.83311e-05
-5.1806e-05
-4.5778e-05
-4.02262e-05
-3.51286e-05
-3.04628e-05
-2.62059e-05
-2.23349e-05
-1.88268e-05
-1.56587e-05
-1.28083e-05
-1.02536e-05
-7.97344e-06
-5.94717e-06
-4.15508e-06
-2.57829e-06
-1.19885e-06
2.34822e-10
1.03502e-06
1.92057e-06
2.67103e-06
3.29961e-06
3.8186e-06
4.23944e-06
4.57272e-06
4.82823e-06
5.01507e-06
5.14129e-06
5.21525e-06
5.2418e-06
-0.000212488
-0.00019817
-0.000184386
-0.000171146
-0.000158462
-0.000146342
-0.000134787
-0.000123806
-0.000113398
-0.000103558
-9.42801e-05
-8.55563e-05
-7.73764e-05
-6.97277e-05
-6.25959e-05
-5.5965e-05
-4.98173e-05
-4.41343e-05
-3.88962e-05
-3.40826e-05
-2.96725e-05
-2.56446e-05
-2.19775e-05
-1.86497e-05
-1.56403e-05
-1.29283e-05
-1.04934e-05
-8.3159e-06
-6.37676e-06
-4.65766e-06
-3.14109e-06
-1.81037e-06
-6.49724e-07
3.55789e-07
1.22021e-06
1.95672e-06
2.57765e-06
3.09452e-06
3.51804e-06
3.85813e-06
4.12407e-06
4.3241e-06
4.46678e-06
4.55717e-06
-0.000214818
-0.000200855
-0.000187382
-0.000174413
-0.000161957
-0.000150029
-0.000138633
-0.000127767
-0.000117442
-0.000107655
-9.84018e-05
-8.96761e-05
-8.14702e-05
-7.3774e-05
-6.65755e-05
-5.9861e-05
-5.36152e-05
-4.78216e-05
-4.24627e-05
-3.75198e-05
-3.2974e-05
-2.88056e-05
-2.49948e-05
-2.15216e-05
-1.83661e-05
-1.55087e-05
-1.29301e-05
-1.06114e-05
-8.53429e-06
-6.68104e-06
-5.03467e-06
-3.57889e-06
-2.29822e-06
-1.17795e-06
-2.04169e-07
6.36225e-07
1.35555e-06
1.96534e-06
2.4764e-06
2.89872e-06
3.24174e-06
3.51384e-06
3.72375e-06
3.87671e-06
-0.000164952
-0.000153232
-0.000142008
-0.000131284
-0.000121065
-0.000111354
-0.000102147
-9.34424e-05
-8.52333e-05
-7.7512e-05
-7.02688e-05
-6.34922e-05
-5.7169e-05
-5.12849e-05
-4.58242e-05
-4.07704e-05
-3.61061e-05
-3.18134e-05
-2.7874e-05
-2.42694e-05
-2.0981e-05
-1.79904e-05
-1.52791e-05
-1.28293e-05
-1.06234e-05
-8.64434e-06
-6.8757e-06
-5.30165e-06
-3.90703e-06
-2.67742e-06
-1.59909e-06
-6.59075e-07
1.54872e-07
8.54286e-07
1.44997e-06
1.95201e-06
2.3699e-06
2.71219e-06
2.98767e-06
3.20192e-06
-0.00157929
-0.00144577
-0.00131633
-0.00119148
-0.00107173
-0.000957497
-0.000849134
-0.000746898
-0.000650972
-0.000561467
-0.000478419
-0.000401799
-0.000331518
-0.000267433
-0.000209352
-0.000157046
-0.000110248
-6.86683e-05
-3.19952e-05
9.62848e-08
2.7939e-05
5.18687e-05
7.22188e-05
8.93146e-05
0.000103468
0.000114988
-0.00174727
-0.00161128
-0.00147854
-0.00134969
-0.00122527
-0.00110576
-0.000991612
-0.000883162
-0.000780683
-0.000684371
-0.000594342
-0.000510649
-0.000433274
-0.000362141
-0.000297121
-0.000238036
-0.00018467
-0.000136769
-9.40558e-05
-5.62301e-05
-2.2978e-05
6.02343e-06
3.11004e-05
5.25777e-05
7.07734e-05
8.59936e-05
9.85345e-05
-0.00176783
-0.00163358
-0.00150243
-0.00137499
-0.00125179
-0.00113332
-0.00102001
-0.000912216
-0.000810203
-0.000714172
-0.000624247
-0.000540488
-0.000462888
-0.000391385
-0.000325861
-0.000266153
-0.000212057
-0.000163336
-0.000119726
-8.09406e-05
-4.66805e-05
-1.66357e-05
9.5075e-06
3.20622e-05
5.13363e-05
6.76276e-05
8.12224e-05
-0.00178729
-0.00165475
-0.00152516
-0.00139913
-0.00127718
-0.00115978
-0.00104737
-0.000940293
-0.000838817
-0.000743145
-0.000653409
-0.000569674
-0.000491945
-0.000420168
-0.000354238
-0.000294005
-0.000239278
-0.000189835
-0.000145423
-0.000105772
-7.05935e-05
-3.95912e-05
-1.2463e-05
1.10932e-05
3.13753e-05
4.86727e-05
6.32646e-05
-0.00180186
-0.00167135
-0.00154367
-0.00141939
-0.00129902
-0.00118304
-0.00107185
-0.000965797
-0.000865158
-0.000770132
-0.000680855
-0.0005974
-0.000519778
-0.000447947
-0.000381814
-0.000321241
-0.000266052
-0.000216038
-0.00017096
-0.000130563
-9.45728e-05
-6.27053e-05
-3.46716e-05
-1.01814e-05
1.10526e-05
2.93105e-05
4.48639e-05
-0.00181002
-0.00168197
-0.00155661
-0.00143451
-0.00131614
-0.00120197
-0.0010924
-0.000987766
-0.000888333
-0.000794305
-0.00070582
-0.000622956
-0.000545735
-0.000474122
-0.000408036
-0.000347353
-0.000291911
-0.000241514
-0.000195941
-0.000154949
-0.00011828
-8.56646e-05
-5.6827e-05
-3.14898e-05
-9.37753e-06
9.77965e-06
2.62439e-05
-0.00181136
-0.00168619
-0.00156358
-0.00144407
-0.00132812
-0.00121617
-0.00110861
-0.00100577
-0.000907909
-0.00081523
-0.000727872
-0.000645918
-0.000569395
-0.00049828
-0.000432502
-0.000371951
-0.000316477
-0.000265901
-0.000220017
-0.000178598
-0.000141401
-0.000108172
-7.86499e-05
-5.25705e-05
-2.96715e-05
-9.69443e-06
7.61234e-06
-0.00180563
-0.00168377
-0.00156432
-0.00144781
-0.00133467
-0.00122534
-0.00112018
-0.00101951
-0.000923587
-0.000832606
-0.000746708
-0.00066598
-0.000590455
-0.000520119
-0.000454913
-0.000394738
-0.000339461
-0.000288917
-0.000242915
-0.000201246
-0.000163681
-0.000129984
-9.99068e-05
-7.32018e-05
-4.96195e-05
-2.89141e-05
-1.08453e-05
-0.00179281
-0.00167465
-0.00155876
-0.00144565
-0.00133572
-0.00122938
-0.00112699
-0.00102885
-0.000935213
-0.000846264
-0.000762145
-0.000682948
-0.000608711
-0.000539428
-0.000475053
-0.000415498
-0.000360645
-0.000310343
-0.000264419
-0.000222679
-0.000184912
-0.000150896
-0.000120402
-9.31949e-05
-6.90406e-05
-4.77065e-05
-2.89647e-05
-0.00177313
-0.00165906
-0.00154711
-0.00143775
-0.00133139
-0.00122839
-0.00112911
-0.00103382
-0.000942783
-0.000856171
-0.000774128
-0.000696744
-0.000624066
-0.000556096
-0.000492796
-0.000434093
-0.000379881
-0.000330026
-0.00028437
-0.000242737
-0.000204931
-0.000170749
-0.000139976
-0.000112393
-8.77824e-05
-6.59243e-05
-4.66039e-05
-0.00174706
-0.0016374
-0.00152972
-0.00142444
-0.00132195
-0.0012226
-0.00112671
-0.00103458
-0.000946416
-0.000862413
-0.000782708
-0.000707392
-0.000636517
-0.000570093
-0.000508092
-0.000450454
-0.000397086
-0.00034787
-0.000302664
-0.000261306
-0.000223621
-0.000189419
-0.000158504
-0.000130673
-0.000105721
-8.34455e-05
-6.36437e-05
-0.00171521
-0.00161027
-0.00150712
-0.00140618
-0.00130782
-0.00121237
-0.00112013
-0.00103138
-0.000946334
-0.00086517
-0.000788026
-0.000714996
-0.000646136
-0.000581463
-0.00052096
-0.000464577
-0.000412236
-0.000363834
-0.000319243
-0.000278319
-0.000240903
-0.000206822
-0.000175896
-0.000147939
-0.000122761
-0.000100173
-7.99868e-05
-0.00167835
-0.00157833
-0.00147993
-0.00138355
-0.00128951
-0.00119815
-0.00110976
-0.00102458
-0.000942833
-0.000864692
-0.00079029
-0.000719725
-0.000653055
-0.000590306
-0.000531469
-0.000476506
-0.000425353
-0.000377918
-0.000334092
-0.000293746
-0.000256735
-0.000222906
-0.000192092
-0.000164125
-0.000138829
-0.000116031
-9.55564e-05
-0.00163731
-0.00154237
-0.00144886
-0.00135716
-0.00126759
-0.00118046
-0.00109603
-0.00101457
-0.000936256
-0.000861274
-0.000789753
-0.00072179
-0.000657449
-0.000596763
-0.00053973
-0.000486325
-0.000436494
-0.00039016
-0.000347229
-0.000307586
-0.000271105
-0.000237644
-0.000207057
-0.000179187
-0.000153877
-0.000130967
-0.000110295
-0.00159292
-0.00150314
-0.0014146
-0.00132766
-0.00124263
-0.0011598
-0.00107943
-0.00100176
-0.000926972
-0.00085524
-0.000786693
-0.000721432
-0.000659522
-0.000601003
-0.000545883
-0.000494144
-0.000445745
-0.000400624
-0.000358698
-0.000319868
-0.000284022
-0.000251036
-0.000220777
-0.000193105
-0.000167875
-0.000144943
-0.00012416
-0.00154603
-0.00146141
-0.00137785
-0.00129569
-0.00121522
-0.00113671
-0.00106043
-0.000986576
-0.000915353
-0.000846918
-0.000781401
-0.000718902
-0.000659491
-0.000603213
-0.000550082
-0.000500092
-0.000453212
-0.000409391
-0.000368561
-0.000330636
-0.000295519
-0.000263099
-0.000233258
-0.000205872
-0.00018081
-0.00015794
-0.000137127
-0.00149739
-0.00141789
-0.00133927
-0.00126184
-0.00118589
-0.00111168
-0.00103946
-0.000969423
-0.000901763
-0.000836634
-0.000774164
-0.000714453
-0.000657577
-0.000603582
-0.000552492
-0.000504309
-0.00045901
-0.000416558
-0.000376896
-0.000339951
-0.000305638
-0.000273863
-0.00024452
-0.000217498
-0.000192681
-0.000169949
-0.000149181
-0.00144771
-0.00137322
-0.00129943
-0.00122665
-0.00115514
-0.00108517
-0.00101694
-0.000950674
-0.00088654
-0.000824691
-0.000765254
-0.00070833
-0.000653994
-0.000602301
-0.000553278
-0.000506936
-0.000463262
-0.000422227
-0.000383787
-0.00034788
-0.000314436
-0.000283371
-0.000254593
-0.000228004
-0.000203501
-0.000180976
-0.00016032
-0.00139758
-0.00132795
-0.00125887
-0.0011906
-0.00112342
-0.00105756
-0.00099325
-0.000930669
-0.000869993
-0.000811371
-0.000754926
-0.000700759
-0.000648948
-0.000599551
-0.000552601
-0.000508115
-0.000466089
-0.000426503
-0.000389323
-0.0003545
-0.000321973
-0.000291672
-0.000263515
-0.000237419
-0.000213289
-0.000191032
-0.000170549
-0.00134752
-0.00128257
-0.00121801
-0.0011541
-0.0010911
-0.00102923
-0.000968707
-0.000909708
-0.000852399
-0.000796926
-0.00074341
-0.00069195
-0.000642628
-0.000595502
-0.000550612
-0.00050798
-0.00046761
-0.000429491
-0.000393597
-0.000359889
-0.000328317
-0.000298821
-0.000271333
-0.000245777
-0.000222074
-0.000200138
-0.000179882
-0.00129792
-0.00123744
-0.00117721
-0.00111748
-0.00105849
-0.00100046
-0.000943589
-0.000888048
-0.000833998
-0.000781579
-0.000730911
-0.000682093
-0.000635206
-0.000590313
-0.000547455
-0.000506662
-0.000467942
-0.000431293
-0.000396697
-0.000364124
-0.000333534
-0.000304876
-0.000278094
-0.000253121
-0.000229888
-0.000208319
-0.000188338
-0.00124911
-0.00119288
-0.00113677
-0.00108102
-0.00102586
-0.000971506
-0.00091813
-0.000865908
-0.000814994
-0.000765522
-0.000717609
-0.000671354
-0.000626838
-0.000584125
-0.000543261
-0.000504278
-0.000467192
-0.000432006
-0.000398711
-0.000367283
-0.000337693
-0.000309898
-0.00028385
-0.000259493
-0.000236766
-0.000215605
-0.000195941
-0.00120133
-0.00114912
-0.00109692
-0.00104494
-0.000993424
-0.000942559
-0.00089252
-0.000843472
-0.000795562
-0.00074892
-0.000703661
-0.000659881
-0.000617661
-0.000577067
-0.000538148
-0.000500939
-0.000465462
-0.000431724
-0.000399723
-0.000369443
-0.000340862
-0.000313945
-0.000288653
-0.000264939
-0.00024275
-0.00022203
-0.000202719
-0.00115475
-0.00110632
-0.00105781
-0.0010094
-0.000961332
-0.000913781
-0.000866915
-0.00082089
-0.000775847
-0.000731914
-0.0006892
-0.000647801
-0.000607797
-0.000569255
-0.000532226
-0.000496747
-0.000462845
-0.000430533
-0.000399813
-0.000370677
-0.000343107
-0.000317078
-0.000292558
-0.000269506
-0.00024788
-0.000227629
-0.000208702
-0.00110949
-0.00106462
-0.00101957
-0.00097453
-0.000929714
-0.000885297
-0.000841437
-0.000798283
-0.00075597
-0.00071462
-0.000674341
-0.000635225
-0.000597353
-0.000560791
-0.000525591
-0.000491794
-0.00045943
-0.000428515
-0.000399057
-0.000371053
-0.000344492
-0.000319355
-0.000295616
-0.000273242
-0.000252197
-0.000232439
-0.000213922
-0.00106562
-0.00102408
-0.000982284
-0.000940412
-0.000898661
-0.000857202
-0.000816185
-0.00077575
-0.000736029
-0.000697138
-0.000659182
-0.00062225
-0.000586423
-0.000551765
-0.000518332
-0.000486165
-0.000455296
-0.000425746
-0.000397526
-0.000370639
-0.000345079
-0.000320832
-0.000297879
-0.000276194
-0.000255745
-0.000236498
-0.000218413
-0.00102319
-0.000984764
-0.000946013
-0.00090711
-0.00086824
-0.000829567
-0.000791233
-0.00075337
-0.000716105
-0.00067955
-0.000643805
-0.000608959
-0.000575089
-0.00054226
-0.000510528
-0.000479935
-0.000450517
-0.000422296
-0.000395288
-0.000369499
-0.000344928
-0.000321566
-0.0002994
-0.000278409
-0.000258567
-0.000239845
-0.000222211
-0.000982208
-0.000946686
-0.000910784
-0.000874662
-0.000838498
-0.000802445
-0.000766638
-0.000731205
-0.000696264
-0.000661924
-0.000628281
-0.000595422
-0.000563423
-0.000532347
-0.000502249
-0.000473176
-0.000445161
-0.000418232
-0.000392405
-0.000367693
-0.000344096
-0.000321611
-0.000300229
-0.000279934
-0.000260707
-0.000242522
-0.000225352
-0.000942667
-0.000909853
-0.000876613
-0.000843094
-0.000809466
-0.000775875
-0.000742447
-0.000709305
-0.000676561
-0.000644319
-0.000612672
-0.000581704
-0.000551489
-0.000522089
-0.000493561
-0.000465949
-0.00043929
-0.000413612
-0.000388936
-0.000365275
-0.000342635
-0.000321016
-0.000300412
-0.000280813
-0.000262202
-0.000244562
-0.000227867
-0.00090455
-0.000874262
-0.000843505
-0.000812422
-0.000781171
-0.000749889
-0.000718699
-0.000687714
-0.000657043
-0.000626786
-0.000597031
-0.00056786
-0.000539344
-0.000511547
-0.000484521
-0.000458313
-0.00043296
-0.000408493
-0.000384933
-0.000362297
-0.000340592
-0.000319824
-0.00029999
-0.000281082
-0.000263089
-0.000245997
-0.000229786
-0.00164317
-0.0015104
-0.00138099
-0.00125557
-0.00113466
-0.00101871
-0.000908135
-0.000803271
-0.000704361
-0.000611575
-0.000525012
-0.000444702
-0.000370612
-0.000302652
-0.000240679
-0.000184505
-0.000133907
-8.8627e-05
-4.83841e-05
-1.28784e-05
1.82024e-05
4.51781e-05
6.83707e-05
8.81007e-05
0.000104683
0.000118438
0.000129713
-0.00157735
-0.00144599
-0.00131828
-0.0011948
-0.001076
-0.000962332
-0.000854176
-0.00075182
-0.00065548
-0.000565294
-0.000481335
-0.000403609
-0.000332059
-0.000266578
-0.000207008
-0.000153149
-0.000104767
-6.15973e-05
-2.33545e-05
1.02643e-05
3.95726e-05
6.48896e-05
8.65359e-05
0.000104829
0.00012008
0.000132599
0.000142732
-0.00151976
-0.00138953
-0.0012632
-0.00114128
-0.00102422
-0.000912456
-0.000806324
-0.000706086
-0.00061193
-0.00052397
-0.000442254
-0.000366767
-0.000297435
-0.000234131
-0.000176686
-0.000124887
-7.84905e-05
-3.72255e-05
-8.00344e-07
3.10912e-05
5.87647e-05
8.25401e-05
0.000102737
0.000119672
0.000133651
0.000144972
0.000153967
-0.00160206
-0.00146973
-0.00134085
-0.00121602
-0.00109572
-0.000980411
-0.000870482
-0.000766255
-0.000667968
-0.000575787
-0.000489807
-0.00041006
-0.000336513
-0.00026908
-0.000207623
-0.000151963
-0.000101881
-5.71261e-05
-1.74244e-05
1.75184e-05
4.80098e-05
7.43653e-05
9.69036e-05
0.000115942
0.000131794
0.000144761
0.000155132
0.000163217
-0.00156065
-0.00142938
-0.00130171
-0.00117819
-0.0010593
-0.000945477
-0.000837102
-0.000734472
-0.000637808
-0.000547258
-0.000462903
-0.000384761
-0.000312789
-0.000246889
-0.000186917
-0.000132686
-8.39714e-05
-4.05201e-05
-2.0549e-06
3.17195e-05
6.11106e-05
8.64333e-05
0.000108004
0.000126139
0.000141147
0.000153326
0.00016296
0.000170341
-0.00153165
-0.00140116
-0.00127437
-0.00115179
-0.0010339
-0.000921147
-0.000813879
-0.000712383
-0.000616868
-0.00052747
-0.000444261
-0.000367248
-0.000296381
-0.000231556
-0.000172624
-0.000119391
-7.16309e-05
-2.90884e-05
8.51546e-06
4.14767e-05
7.01027e-05
9.47075e-05
0.000115607
0.000133114
0.000147535
0.000159168
0.000168292
0.000175187
-0.00151672
-0.00138665
-0.00126031
-0.00113823
-0.00102088
-0.000908677
-0.000801985
-0.000701078
-0.000606158
-0.000517356
-0.000434738
-0.000358307
-0.000288009
-0.000223737
-0.000165338
-0.000112617
-6.53473e-05
-2.32704e-05
1.38925e-05
4.64376e-05
7.46723e-05
9.89101e-05
0.000119466
0.000136652
0.000150774
0.000162127
0.000170992
0.00017764
0.00013823
0.000143844
0.000147953
0.000150765
0.000152302
0.000152669
0.000151996
0.000150409
0.000148027
0.000144966
0.000141337
0.000137242
0.000132776
0.000128027
0.000123072
0.00011798
0.000112812
0.000107621
0.000102452
9.73432e-05
9.23249e-05
8.74226e-05
8.26565e-05
7.80417e-05
7.35897e-05
6.93082e-05
6.52023e-05
6.12744e-05
5.75253e-05
5.39537e-05
5.05576e-05
4.73335e-05
4.42777e-05
4.13854e-05
3.8652e-05
3.60721e-05
3.36404e-05
3.13512e-05
2.9199e-05
2.71777e-05
2.52816e-05
2.35043e-05
2.18413e-05
2.02825e-05
0.000150436
0.000155215
0.000158508
0.00016056
0.000161378
0.00016106
0.000159739
0.00015754
0.000154583
0.000150982
0.000146848
0.000142282
0.000137379
0.000132224
0.000126893
0.000121455
0.000115969
0.000110486
0.00010505
9.96967e-05
9.44555e-05
8.93504e-05
8.43996e-05
7.96171e-05
7.50128e-05
7.05932e-05
6.6362e-05
6.23207e-05
5.84686e-05
5.48039e-05
5.13234e-05
4.80229e-05
4.48979e-05
4.19431e-05
3.9153e-05
3.6522e-05
3.40442e-05
3.17135e-05
2.95239e-05
2.7469e-05
2.55428e-05
2.37384e-05
2.20511e-05
2.04705e-05
0.00016084
0.000164967
0.000167599
0.000168998
0.000169188
0.000168272
0.000166385
0.000163653
0.000160194
0.000156124
0.000151551
0.000146578
0.000141297
0.000135792
0.000130138
0.000124404
0.000118645
0.000112913
0.000107248
0.000101687
9.62558e-05
9.0978e-05
8.58704e-05
8.09456e-05
7.62122e-05
7.16757e-05
6.73385e-05
6.32012e-05
5.92623e-05
5.55189e-05
5.19671e-05
4.86022e-05
4.54188e-05
4.24112e-05
3.95735e-05
3.68995e-05
3.43829e-05
3.20173e-05
2.97962e-05
2.77131e-05
2.57615e-05
2.39344e-05
2.22268e-05
2.06279e-05
0.000169328
0.000172955
0.000175072
0.000175936
0.000175606
0.000174194
0.000171837
0.00016866
0.000164785
0.000160325
0.00015539
0.000150081
0.000144488
0.000138695
0.000132777
0.000126799
0.000120817
0.000114881
0.00010903
0.000103298
9.7713e-05
9.22948e-05
8.70598e-05
8.20193e-05
7.71812e-05
7.25498e-05
6.81267e-05
6.39117e-05
5.99024e-05
5.60953e-05
5.2486e-05
4.90689e-05
4.58384e-05
4.27883e-05
3.99121e-05
3.72033e-05
3.46554e-05
3.22616e-05
3.00152e-05
2.79093e-05
2.59374e-05
2.40919e-05
2.2368e-05
2.07544e-05
0.000175791
0.000179051
0.000180793
0.00018125
0.00018052
0.000178727
0.000176006
0.000172486
0.000168289
0.00016353
0.000158316
0.000152747
0.000146915
0.000140902
0.000134781
0.000128617
0.000122465
0.000116373
0.00011038
0.000104519
9.88161e-05
9.32911e-05
8.79592e-05
8.28311e-05
7.79135e-05
7.32101e-05
6.8722e-05
6.44481e-05
6.03856e-05
5.65304e-05
5.28774e-05
4.9421e-05
4.61548e-05
4.30725e-05
4.01672e-05
3.74322e-05
3.48607e-05
3.24456e-05
3.018e-05
2.8057e-05
2.60697e-05
2.42105e-05
2.24741e-05
2.08495e-05
0.000180144
0.000183163
0.000184662
0.000184847
0.000183845
0.000181792
0.000178824
0.000175071
0.000170655
0.000165691
0.000160288
0.000154544
0.00014855
0.000142387
0.000136129
0.000129839
0.000123572
0.000117375
0.000111287
0.000105338
9.95563e-05
9.39595e-05
8.85625e-05
8.33753e-05
7.84043e-05
7.36527e-05
6.91209e-05
6.48074e-05
6.07092e-05
5.68216e-05
5.31395e-05
4.96566e-05
4.63666e-05
4.32626e-05
4.03379e-05
3.75853e-05
3.49979e-05
3.25686e-05
3.02903e-05
2.81557e-05
2.61581e-05
2.42897e-05
2.25451e-05
2.0913e-05
0.000182333
0.000185234
0.000186613
0.000186661
0.000185523
0.000183339
0.000180245
0.000176374
0.000171847
0.00016678
0.000161281
0.000155448
0.000149372
0.000143134
0.000136807
0.000130454
0.000124129
0.000117879
0.000111742
0.00010575
9.99279e-05
9.42949e-05
8.88652e-05
8.36484e-05
7.86506e-05
7.38746e-05
6.93209e-05
6.49876e-05
6.08714e-05
5.69677e-05
5.32708e-05
4.97747e-05
4.64727e-05
4.33579e-05
4.04234e-05
3.7662e-05
3.50667e-05
3.26302e-05
3.03455e-05
2.82052e-05
2.62024e-05
2.43293e-05
2.25806e-05
2.09448e-05
-0.000214817
-0.000200854
-0.000187381
-0.00017441
-0.000161954
-0.000150023
-0.000138624
-0.000127763
-0.000117439
-0.000107652
-9.83982e-05
-8.96726e-05
-8.14668e-05
-7.37707e-05
-6.65723e-05
-5.98578e-05
-5.36121e-05
-4.78187e-05
-4.24598e-05
-3.75171e-05
-3.29714e-05
-2.88031e-05
-2.49924e-05
-2.15193e-05
-1.8364e-05
-1.55067e-05
-1.29282e-05
-1.06097e-05
-8.53264e-06
-6.67951e-06
-5.03325e-06
-3.57759e-06
-2.29704e-06
-1.17686e-06
-2.03164e-07
6.37134e-07
1.35636e-06
1.96608e-06
2.47705e-06
2.8993e-06
3.24225e-06
3.51429e-06
3.72408e-06
3.8772e-06
-0.000212487
-0.00019817
-0.000184385
-0.000171146
-0.00015846
-0.00014634
-0.000134789
-0.000123809
-0.000113401
-0.000103561
-9.42828e-05
-8.55589e-05
-7.73787e-05
-6.97298e-05
-6.25977e-05
-5.59665e-05
-4.98186e-05
-4.41354e-05
-3.88971e-05
-3.40833e-05
-2.96731e-05
-2.5645e-05
-2.19778e-05
-1.86499e-05
-1.56404e-05
-1.29283e-05
-1.04934e-05
-8.31582e-06
-6.37665e-06
-4.65752e-06
-3.14093e-06
-1.81022e-06
-6.49569e-07
3.55943e-07
1.22036e-06
1.95685e-06
2.57777e-06
3.09462e-06
3.51813e-06
3.8582e-06
4.12411e-06
4.32413e-06
4.46674e-06
4.55726e-06
-0.00020957
-0.000194911
-0.000180831
-0.000167339
-0.000154444
-0.000142154
-0.000130473
-0.000119399
-0.00010893
-9.90605e-05
-8.97822e-05
-8.10844e-05
-7.29541e-05
-6.53763e-05
-5.8334e-05
-5.18087e-05
-4.57805e-05
-4.02284e-05
-3.51306e-05
-3.04646e-05
-2.62075e-05
-2.23363e-05
-1.8828e-05
-1.56598e-05
-1.28093e-05
-1.02545e-05
-7.97421e-06
-5.94784e-06
-4.15567e-06
-2.57881e-06
-1.19931e-06
-1.73575e-10
1.03464e-06
1.92024e-06
2.67073e-06
3.29933e-06
3.81834e-06
4.23919e-06
4.57248e-06
4.828e-06
5.01485e-06
5.14108e-06
5.21502e-06
5.24166e-06
-0.000206041
-0.000191056
-0.000176698
-0.000162974
-0.000149891
-0.000137455
-0.000125667
-0.000114523
-0.000104019
-9.41467e-05
-8.48942e-05
-7.62483e-05
-6.81935e-05
-6.07117e-05
-5.37834e-05
-4.73875e-05
-4.15015e-05
-3.61021e-05
-3.11652e-05
-2.66661e-05
-2.25802e-05
-1.88826e-05
-1.55487e-05
-1.25545e-05
-9.8761e-06
-7.49066e-06
-5.37595e-06
-3.51065e-06
-1.8744e-06
-4.47827e-07
7.87401e-07
1.84857e-06
2.75189e-06
3.51256e-06
4.14474e-06
4.66158e-06
5.07532e-06
5.39725e-06
5.63782e-06
5.80661e-06
5.91253e-06
5.9634e-06
5.96732e-06
5.92896e-06
-0.000201873
-0.000186581
-0.000171966
-0.000158032
-0.000144785
-0.000132229
-0.00012036
-0.000109175
-9.86634e-05
-8.88152e-05
-7.96163e-05
-7.105e-05
-6.30975e-05
-5.57381e-05
-4.89492e-05
-4.27071e-05
-3.69866e-05
-3.17619e-05
-2.70066e-05
-2.2694e-05
-1.87974e-05
-1.52902e-05
-1.21464e-05
-9.34032e-06
-6.84716e-06
-4.64289e-06
-2.70448e-06
-1.00991e-06
4.61759e-07
1.73032e-06
2.81441e-06
3.73153e-06
4.49801e-06
5.12906e-06
5.63881e-06
6.04033e-06
6.34571e-06
6.56606e-06
6.71162e-06
6.79175e-06
6.8151e-06
6.78921e-06
6.72198e-06
6.61767e-06
-0.000197031
-0.000181455
-0.000166606
-0.000152489
-0.000139106
-0.000126457
-0.000114538
-0.00010334
-9.28519e-05
-8.30586e-05
-7.39432e-05
-6.54858e-05
-5.76645e-05
-5.04552e-05
-4.38325e-05
-3.77697e-05
-3.22388e-05
-2.72117e-05
-2.26594e-05
-1.85533e-05
-1.48645e-05
-1.15649e-05
-8.62672e-06
-6.02315e-06
-3.72818e-06
-1.71684e-06
3.46965e-08
1.54908e-06
2.84773e-06
3.95079e-06
4.87713e-06
5.64439e-06
6.26893e-06
6.76593e-06
7.14941e-06
7.4323e-06
7.62648e-06
7.74282e-06
7.79133e-06
7.78107e-06
7.72041e-06
7.61658e-06
7.47721e-06
7.30617e-06
-0.000191484
-0.000175648
-0.000160594
-0.000146323
-0.000132834
-0.000120124
-0.000108187
-9.70097e-05
-8.6577e-05
-7.68711e-05
-6.78712e-05
-5.95539e-05
-5.1894e-05
-4.4864e-05
-3.84353e-05
-3.25782e-05
-2.72621e-05
-2.24559e-05
-1.81286e-05
-1.42492e-05
-1.0787e-05
-7.71207e-06
-4.9953e-06
-2.6085e-06
-5.24602e-07
1.28223e-06
2.83652e-06
4.16149e-06
5.27893e-06
6.20926e-06
6.97152e-06
7.58337e-06
8.06116e-06
8.41994e-06
8.67358e-06
8.83477e-06
8.91514e-06
8.92529e-06
8.8749e-06
8.77271e-06
8.62679e-06
8.444e-06
8.23167e-06
7.99326e-06
-0.000185202
-0.000169136
-0.000153908
-0.000139515
-0.000125954
-0.000113219
-0.000101298
-9.01764e-05
-7.98345e-05
-7.02505e-05
-6.13999e-05
-5.32557e-05
-4.57888e-05
-3.89684e-05
-3.27627e-05
-2.71386e-05
-2.20627e-05
-1.75015e-05
-1.34214e-05
-9.7891e-06
-6.57227e-06
-3.73923e-06
-1.2594e-06
8.9658e-07
2.75676e-06
4.34778e-06
5.6948e-06
6.82145e-06
7.74985e-06
8.5006e-06
9.09279e-06
9.54405e-06
9.87061e-06
1.00873e-05
1.02079e-05
1.02446e-05
1.02088e-05
1.01109e-05
9.95997e-06
9.76457e-06
9.53233e-06
9.26975e-06
8.98382e-06
8.67755e-06
-0.000178157
-0.000161895
-0.000146527
-0.000132049
-0.000118453
-0.00010573
-9.38647e-05
-8.28365e-05
-7.26227e-05
-6.31973e-05
-5.45318e-05
-4.6595e-05
-3.93542e-05
-3.27749e-05
-2.68218e-05
-2.14587e-05
-1.66493e-05
-1.23572e-05
-8.5465e-06
-5.18195e-06
-2.22919e-06
3.4501e-07
2.57257e-06
4.48398e-06
6.10818e-06
7.47249e-06
8.60258e-06
9.52245e-06
1.02544e-05
1.08191e-05
1.12357e-05
1.15216e-05
1.16928e-05
1.17641e-05
1.17486e-05
1.16584e-05
1.15045e-05
1.12967e-05
1.1044e-05
1.07544e-05
1.0435e-05
1.0092e-05
9.73203e-06
9.3576e-06
-0.000170325
-0.000153904
-0.000138435
-0.000123912
-0.000110322
-9.76526e-05
-8.58829e-05
-7.49889e-05
-6.4943e-05
-5.5715e-05
-4.7272e-05
-3.95786e-05
-3.25981e-05
-2.62922e-05
-2.06222e-05
-1.55485e-05
-1.10319e-05
-7.03328e-06
-3.51444e-06
-4.37982e-07
2.23222e-06
4.53092e-06
6.49128e-06
8.14479e-06
9.52118e-06
1.06484e-05
1.15524e-05
1.22575e-05
1.27861e-05
1.31589e-05
1.33947e-05
1.35109e-05
1.35232e-05
1.34458e-05
1.32918e-05
1.30726e-05
1.27989e-05
1.24801e-05
1.21245e-05
1.17398e-05
1.13327e-05
1.09089e-05
1.04746e-05
1.00319e-05
-0.000161682
-0.000145144
-0.000129618
-0.000115094
-0.000101555
-8.89829e-05
-7.73529e-05
-6.66361e-05
-5.68002e-05
-4.78102e-05
-3.96286e-05
-3.22158e-05
-2.55308e-05
-1.95316e-05
-1.41755e-05
-9.42003e-06
-5.22272e-06
-1.54198e-06
1.66285e-06
4.43112e-06
6.80067e-06
8.80765e-06
1.04864e-05
1.18692e-05
1.29866e-05
1.38668e-05
1.45362e-05
1.50192e-05
1.53381e-05
1.55135e-05
1.5564e-05
1.55067e-05
1.53568e-05
1.51283e-05
1.48336e-05
1.44838e-05
1.40889e-05
1.36579e-05
1.31987e-05
1.27184e-05
1.22233e-05
1.17185e-05
1.12099e-05
1.0699e-05
-0.000152209
-0.000135601
-0.000120067
-0.000105589
-9.21493e-05
-7.97223e-05
-6.82789e-05
-5.77848e-05
-4.82029e-05
-3.94933e-05
-3.16135e-05
-2.45195e-05
-1.8166e-05
-1.2507e-05
-7.49622e-06
-3.0877e-06
7.63852e-07
4.10269e-06
6.97171e-06
9.41218e-06
1.14635e-05
1.31632e-05
1.45465e-05
1.56466e-05
1.64944e-05
1.71185e-05
1.75454e-05
1.77996e-05
1.79031e-05
1.78763e-05
1.77376e-05
1.75034e-05
1.71887e-05
1.68069e-05
1.63698e-05
1.5888e-05
1.53711e-05
1.48273e-05
1.42641e-05
1.36879e-05
1.31047e-05
1.2519e-05
1.19362e-05
1.13573e-05
-0.000141894
-0.000125268
-0.000109776
-9.53983e-05
-8.21084e-05
-6.98772e-05
-5.86696e-05
-4.84461e-05
-3.91641e-05
-3.07785e-05
-2.32421e-05
-1.6506e-05
-1.05205e-05
-5.23555e-06
-6.01273e-07
3.43163e-06
6.91136e-06
9.88471e-06
1.23967e-05
1.44905e-05
1.62068e-05
1.75844e-05
1.86594e-05
1.94654e-05
2.00338e-05
2.03935e-05
2.05709e-05
2.05902e-05
2.04734e-05
2.02404e-05
1.9909e-05
1.94953e-05
1.90137e-05
1.84769e-05
1.78962e-05
1.72816e-05
1.6642e-05
1.59851e-05
1.53177e-05
1.46458e-05
1.39747e-05
1.33084e-05
1.26518e-05
1.20054e-05
-0.000130727
-0.000114141
-9.87488e-05
-8.45259e-05
-7.14413e-05
-5.94594e-05
-4.85395e-05
-3.86362e-05
-2.97015e-05
-2.16849e-05
-1.4534e-05
-8.19528e-06
-2.61445e-06
2.2626e-06
6.48942e-06
1.01186e-05
1.3201e-05
1.57861e-05
1.79207e-05
1.96497e-05
2.10153e-05
2.20569e-05
2.28115e-05
2.33133e-05
2.35936e-05
2.36814e-05
2.36031e-05
2.33825e-05
2.30411e-05
2.25984e-05
2.20717e-05
2.14764e-05
2.08263e-05
2.01335e-05
1.94084e-05
1.86606e-05
1.78982e-05
1.71282e-05
1.63569e-05
1.55897e-05
1.48311e-05
1.40848e-05
1.3355e-05
1.26417e-05
-0.00011871
-0.000102224
-8.6993e-05
-7.29849e-05
-6.01636e-05
-4.84872e-05
-3.79087e-05
-2.83769e-05
-1.98381e-05
-1.22362e-05
-5.51355e-06
3.88329e-07
5.52808e-06
9.96391e-06
1.3753e-05
1.6951e-05
1.96118e-05
2.17867e-05
2.35247e-05
2.48721e-05
2.58722e-05
2.65652e-05
2.69887e-05
2.71769e-05
2.71615e-05
2.69711e-05
2.66318e-05
2.6167e-05
2.55977e-05
2.49428e-05
2.42189e-05
2.34407e-05
2.26212e-05
2.17717e-05
2.09022e-05
2.00212e-05
1.91362e-05
1.82536e-05
1.7379e-05
1.6517e-05
1.56717e-05
1.48461e-05
1.4044e-05
1.32647e-05
-0.00010585
-8.95319e-05
-7.4526e-05
-6.07958e-05
-4.82986e-05
-3.69859e-05
-2.68042e-05
-1.76964e-05
-9.60271e-06
-2.46139e-06
3.7905e-06
9.21633e-06
1.38792e-05
1.78414e-05
2.11635e-05
2.39042e-05
2.612e-05
2.78644e-05
2.9188e-05
3.01383e-05
3.07596e-05
3.10928e-05
3.11755e-05
3.10424e-05
3.07247e-05
3.02509e-05
2.96464e-05
2.89342e-05
2.81347e-05
2.72658e-05
2.63435e-05
2.53817e-05
2.43926e-05
2.33866e-05
2.23728e-05
2.13592e-05
2.03524e-05
1.9358e-05
1.83809e-05
1.74252e-05
1.64943e-05
1.55906e-05
1.47172e-05
1.38729e-05
-9.21672e-05
-7.60866e-05
-6.13746e-05
-4.79881e-05
-3.5878e-05
-2.49889e-05
-1.52605e-05
-6.62955e-06
9.69737e-07
7.60485e-06
1.33441e-05
1.82556e-05
2.2407e-05
2.58644e-05
2.86917e-05
3.09506e-05
3.26999e-05
3.39949e-05
3.48879e-05
3.54273e-05
3.56582e-05
3.56218e-05
3.53559e-05
3.48949e-05
3.42698e-05
3.35086e-05
3.2636e-05
3.16744e-05
3.06431e-05
2.95595e-05
2.84385e-05
2.72932e-05
2.61348e-05
2.4973e-05
2.38159e-05
2.26707e-05
2.15432e-05
2.04383e-05
1.93601e-05
1.8312e-05
1.72968e-05
1.63161e-05
1.53728e-05
1.44648e-05
-7.76912e-05
-6.1923e-05
-4.75763e-05
-3.46015e-05
-2.2943e-05
-1.2538e-05
-3.31974e-06
4.78152e-06
1.18377e-05
1.79219e-05
2.31078e-05
2.74683e-05
3.10753e-05
3.39986e-05
3.63053e-05
3.80599e-05
3.9323e-05
4.0152e-05
4.06002e-05
4.07169e-05
4.05475e-05
4.01335e-05
3.95127e-05
3.8719e-05
3.77829e-05
3.67316e-05
3.55893e-05
3.43771e-05
3.31139e-05
3.18157e-05
3.04966e-05
2.91687e-05
2.78422e-05
2.65258e-05
2.5227e-05
2.39517e-05
2.27051e-05
2.14913e-05
2.03137e-05
1.91748e-05
1.80769e-05
1.70209e-05
1.60092e-05
1.50389e-05
-6.24675e-05
-4.70888e-05
-3.31806e-05
-2.06868e-05
-9.54485e-06
3.15177e-07
8.96708e-06
1.64869e-05
2.29526e-05
2.8443e-05
3.30368e-05
3.68118e-05
3.98437e-05
4.2206e-05
4.39688e-05
4.51988e-05
4.59588e-05
4.63074e-05
4.62988e-05
4.59831e-05
4.54058e-05
4.46084e-05
4.36281e-05
4.24985e-05
4.12493e-05
3.99069e-05
3.84944e-05
3.70322e-05
3.55377e-05
3.40261e-05
3.25104e-05
3.10016e-05
2.95088e-05
2.804e-05
2.66013e-05
2.51981e-05
2.38345e-05
2.25139e-05
2.12388e-05
2.00112e-05
1.88325e-05
1.77031e-05
1.66246e-05
1.55938e-05
-4.65564e-05
-3.1646e-05
-1.82504e-05
-6.30699e-06
4.25375e-06
1.35092e-05
2.154e-05
2.84285e-05
3.42586e-05
3.91147e-05
4.30806e-05
4.62383e-05
4.86676e-05
5.04449e-05
5.16434e-05
5.23317e-05
5.25743e-05
5.24308e-05
5.19563e-05
5.12009e-05
5.02104e-05
4.90257e-05
4.76836e-05
4.62169e-05
4.46543e-05
4.30212e-05
4.13397e-05
3.96288e-05
3.7905e-05
3.61823e-05
3.44724e-05
3.27853e-05
3.1129e-05
2.95102e-05
2.79345e-05
2.64059e-05
2.49279e-05
2.35029e-05
2.21329e-05
2.08188e-05
1.95615e-05
1.83608e-05
1.72176e-05
1.61281e-05
-3.00357e-05
-1.56724e-05
-2.86306e-06
8.46174e-06
1.83785e-05
2.69719e-05
3.43295e-05
4.05398e-05
4.56925e-05
4.98773e-05
5.31828e-05
5.56952e-05
5.74978e-05
5.867e-05
5.92873e-05
5.94201e-05
5.91343e-05
5.84903e-05
5.75434e-05
5.63441e-05
5.49375e-05
5.33642e-05
5.16601e-05
4.98569e-05
4.79824e-05
4.60608e-05
4.41128e-05
4.21563e-05
4.02065e-05
3.82759e-05
3.63753e-05
3.45132e-05
3.26968e-05
3.09316e-05
2.92219e-05
2.75712e-05
2.59818e-05
2.44554e-05
2.29931e-05
2.15952e-05
2.02619e-05
1.89921e-05
1.77865e-05
1.66403e-05
-1.30017e-05
7.37069e-07
1.28888e-05
2.35295e-05
3.27425e-05
4.062e-05
4.72563e-05
5.27456e-05
5.71834e-05
6.06645e-05
6.32817e-05
6.51252e-05
6.62813e-05
6.68324e-05
6.68557e-05
6.64232e-05
6.56017e-05
6.44521e-05
6.303e-05
6.13852e-05
5.95626e-05
5.76018e-05
5.55378e-05
5.34011e-05
5.12182e-05
4.90119e-05
4.68016e-05
4.46039e-05
4.24324e-05
4.02985e-05
3.82116e-05
3.6179e-05
3.42066e-05
3.22989e-05
3.04593e-05
2.86901e-05
2.69928e-05
2.53684e-05
2.3817e-05
2.23382e-05
2.09316e-05
1.95955e-05
1.83297e-05
1.71292e-05
4.42942e-06
1.74701e-05
2.88968e-05
3.87921e-05
4.72465e-05
5.43593e-05
6.02312e-05
6.49623e-05
6.86532e-05
7.14034e-05
7.33098e-05
7.44659e-05
7.49612e-05
7.48799e-05
7.43011e-05
7.32979e-05
7.19375e-05
7.02813e-05
6.83843e-05
6.62961e-05
6.40605e-05
6.17162e-05
5.92968e-05
5.68317e-05
5.43458e-05
5.18606e-05
4.93939e-05
4.69607e-05
4.45733e-05
4.22417e-05
3.99739e-05
3.77759e-05
3.56526e-05
3.36072e-05
3.16421e-05
2.97587e-05
2.79576e-05
2.62389e-05
2.46019e-05
2.30456e-05
2.15687e-05
2.01691e-05
1.88459e-05
1.75935e-05
2.21216e-05
3.43961e-05
4.50362e-05
5.41312e-05
6.17785e-05
6.80844e-05
7.31557e-05
7.70979e-05
8.00164e-05
8.2015e-05
8.31944e-05
8.36511e-05
8.34768e-05
8.27576e-05
8.15738e-05
7.99992e-05
7.81014e-05
7.59415e-05
7.3574e-05
7.10477e-05
6.84054e-05
6.56843e-05
6.29169e-05
6.01309e-05
5.73496e-05
5.4593e-05
5.18773e-05
4.92159e-05
4.66197e-05
4.40971e-05
4.16549e-05
3.92977e-05
3.70292e-05
3.48516e-05
3.27662e-05
3.07734e-05
2.8873e-05
2.70641e-05
2.53454e-05
2.37151e-05
2.21714e-05
2.07113e-05
1.93336e-05
1.80319e-05
3.99188e-05
5.13671e-05
6.11669e-05
6.94145e-05
7.62141e-05
8.16789e-05
8.59214e-05
8.90521e-05
9.11807e-05
9.24149e-05
9.28584e-05
9.26103e-05
9.17642e-05
9.04077e-05
8.86217e-05
8.64806e-05
8.40517e-05
8.13955e-05
7.85661e-05
7.56108e-05
7.25713e-05
6.94833e-05
6.63778e-05
6.32807e-05
6.02138e-05
5.71952e-05
5.42397e-05
5.13589e-05
4.85622e-05
4.58567e-05
4.32475e-05
4.07382e-05
3.83312e-05
3.60275e-05
3.38275e-05
3.17306e-05
2.97357e-05
2.78412e-05
2.60451e-05
2.43448e-05
2.27378e-05
2.12207e-05
1.97915e-05
1.84433e-05
5.76469e-05
6.82189e-05
7.71339e-05
8.44965e-05
9.04177e-05
9.50169e-05
9.8412e-05
0.000100718
0.000102048
0.000102513
0.00010222
0.00010127
9.97571e-05
9.77705e-05
9.53915e-05
9.26943e-05
8.97458e-05
8.66058e-05
8.3327e-05
7.99558e-05
7.65321e-05
7.30903e-05
6.96593e-05
6.62634e-05
6.29228e-05
5.96537e-05
5.64691e-05
5.33793e-05
5.03919e-05
4.75124e-05
4.47448e-05
4.20913e-05
3.95531e-05
3.71302e-05
3.48219e-05
3.26268e-05
3.05429e-05
2.85678e-05
2.66988e-05
2.49328e-05
2.32664e-05
2.16957e-05
2.02182e-05
1.88266e-05
7.51146e-05
8.47724e-05
9.27689e-05
9.92196e-05
0.000104243
0.000107963
0.000110503
0.000111981
0.000112515
0.000112216
0.000111195
0.000109553
0.000107387
0.000104785
0.000101829
9.85921e-05
9.5141e-05
9.15343e-05
8.78235e-05
8.40533e-05
8.02621e-05
7.64824e-05
7.27414e-05
6.90617e-05
6.54614e-05
6.19551e-05
5.85541e-05
5.52669e-05
5.20997e-05
4.90566e-05
4.61401e-05
4.33512e-05
4.06899e-05
3.81553e-05
3.57456e-05
3.34587e-05
3.12916e-05
2.92414e-05
2.73045e-05
2.54771e-05
2.37554e-05
2.21349e-05
2.06127e-05
1.91807e-05
9.21156e-05
0.000100836
0.000107892
0.000113416
0.000117534
0.000120375
0.000122064
0.000122724
0.000122473
0.000121427
0.000119696
0.000117383
0.000114585
0.00011139
0.000107879
0.000104126
0.000100195
9.61436e-05
9.20226e-05
8.78744e-05
8.37359e-05
7.96376e-05
7.5605e-05
7.16586e-05
6.78148e-05
6.40865e-05
6.04833e-05
5.7012e-05
5.36773e-05
5.04818e-05
4.74269e-05
4.45122e-05
4.17368e-05
3.90986e-05
3.65951e-05
3.42232e-05
3.19792e-05
2.98595e-05
2.78599e-05
2.5976e-05
2.42035e-05
2.25372e-05
2.09738e-05
1.95047e-05
0.000108448
0.000116207
0.000122309
0.000126907
0.000130127
0.000132102
0.000132959
0.000132822
0.000131813
0.000130047
0.000127635
0.000124681
0.00012128
0.000117522
0.000113487
0.000109247
0.000104864
0.000100397
9.58917e-05
9.13908e-05
8.69287e-05
8.25343e-05
7.8231e-05
7.40377e-05
6.99689e-05
6.60357e-05
6.2246e-05
5.86052e-05
5.51164e-05
5.17811e-05
4.85991e-05
4.55692e-05
4.26892e-05
3.99563e-05
3.73669e-05
3.49173e-05
3.26032e-05
3.04201e-05
2.83634e-05
2.6428e-05
2.46092e-05
2.29012e-05
2.13004e-05
1.97977e-05
0.000123965
0.000130704
0.000135823
0.000139506
0.000141853
0.000142991
0.000143049
0.000142153
0.000140424
0.000137977
0.000134924
0.000131369
0.000127406
0.000123124
0.000118601
0.000113909
0.00010911
0.000104259
9.94007e-05
9.4576e-05
8.98177e-05
8.51525e-05
8.06023e-05
7.6184e-05
7.19105e-05
6.77911e-05
6.38323e-05
6.00379e-05
5.64097e-05
5.29479e-05
4.96512e-05
4.65172e-05
4.3543e-05
4.07246e-05
3.8058e-05
3.55385e-05
3.31612e-05
3.09212e-05
2.88132e-05
2.68316e-05
2.49713e-05
2.3226e-05
2.15917e-05
2.00589e-05
-0.000839874
-0.000811441
-0.000782646
-0.000753617
-0.000724495
-0.000695406
-0.000666453
-0.000637739
-0.000609358
-0.000581396
-0.000553932
-0.000527035
-0.000500765
-0.000475175
-0.00087424
-0.000843492
-0.000812424
-0.00078117
-0.000749883
-0.000718692
-0.000687708
-0.000657037
-0.00062678
-0.000597026
-0.000567855
-0.00053934
-0.000511541
-0.000484514
-0.000458305
-0.000432956
-0.000408492
-0.000384931
-0.000362294
-0.00034059
-0.000319822
-0.000299988
-0.000281081
-0.000263088
-0.000245996
-0.000229784
-0.000909833
-0.000876602
-0.0008431
-0.00080947
-0.000775873
-0.000742444
-0.000709302
-0.000676558
-0.000644316
-0.000612669
-0.000581701
-0.000551485
-0.000522085
-0.000493555
-0.000465942
-0.000439285
-0.00041361
-0.000388934
-0.000365272
-0.000342633
-0.000321014
-0.000300411
-0.000280811
-0.000262201
-0.000244561
-0.000227866
-0.000946665
-0.000910773
-0.000874668
-0.000838501
-0.000802442
-0.000766635
-0.000731202
-0.000696261
-0.000661921
-0.000628279
-0.00059542
-0.00056342
-0.000532343
-0.000502245
-0.000473171
-0.000445158
-0.00041823
-0.000392403
-0.00036769
-0.000344094
-0.00032161
-0.000300228
-0.000279933
-0.000260705
-0.000242521
-0.000225351
-0.00098474
-0.000945999
-0.000907113
-0.000868242
-0.000829562
-0.000791227
-0.000753366
-0.000716101
-0.000679546
-0.000643801
-0.000608955
-0.000575085
-0.000542257
-0.000510524
-0.000479932
-0.000450514
-0.000422294
-0.000395286
-0.000369497
-0.000344926
-0.000321565
-0.000299399
-0.000278407
-0.000258566
-0.000239844
-0.00022221
-0.00102406
-0.00098227
-0.000940414
-0.000898661
-0.000857196
-0.000816178
-0.000775745
-0.000736024
-0.000697134
-0.000659177
-0.000622246
-0.000586419
-0.000551762
-0.000518329
-0.000486162
-0.000455293
-0.000425744
-0.000397524
-0.000370637
-0.000345077
-0.00032083
-0.000297878
-0.000276192
-0.000255744
-0.000236497
-0.000218413
-0.00106459
-0.00101955
-0.000974532
-0.000929713
-0.00088529
-0.00084143
-0.000798277
-0.000755965
-0.000714615
-0.000674336
-0.000635221
-0.00059735
-0.000560787
-0.000525588
-0.000491792
-0.000459428
-0.000428513
-0.000399055
-0.000371051
-0.00034449
-0.000319353
-0.000295614
-0.000273241
-0.000252196
-0.000232438
-0.000213921
-0.0011063
-0.00105779
-0.00100941
-0.000961332
-0.000913774
-0.000866908
-0.000820884
-0.000775842
-0.000731909
-0.000689195
-0.000647797
-0.000607794
-0.000569252
-0.000532222
-0.000496745
-0.000462843
-0.000430531
-0.000399811
-0.000370675
-0.000343105
-0.000317077
-0.000292556
-0.000269505
-0.000247879
-0.000227628
-0.000208701
-0.00114909
-0.0010969
-0.00104494
-0.000993423
-0.000942551
-0.000892513
-0.000843466
-0.000795556
-0.000748915
-0.000703656
-0.000659877
-0.000617657
-0.000577064
-0.000538145
-0.000500937
-0.000465459
-0.000431722
-0.000399721
-0.000369442
-0.00034086
-0.000313944
-0.000288652
-0.000264938
-0.000242749
-0.00022203
-0.000202718
-0.00119286
-0.00113676
-0.00108102
-0.00102586
-0.000971498
-0.000918122
-0.000865902
-0.000814988
-0.000765516
-0.000717604
-0.00067135
-0.000626834
-0.000584121
-0.000543258
-0.000504275
-0.00046719
-0.000432005
-0.000398709
-0.000367282
-0.000337692
-0.000309897
-0.000283849
-0.000259492
-0.000236766
-0.000215605
-0.00019594
-0.00123742
-0.0011772
-0.00111748
-0.00105849
-0.00100046
-0.000943581
-0.000888041
-0.000833991
-0.000781573
-0.000730906
-0.000682089
-0.000635203
-0.000590309
-0.000547452
-0.000506659
-0.00046794
-0.000431291
-0.000396695
-0.000364123
-0.000333533
-0.000304876
-0.000278093
-0.00025312
-0.000229887
-0.000208319
-0.000188337
-0.00128254
-0.00121799
-0.0011541
-0.00109109
-0.00102922
-0.000968699
-0.0009097
-0.000852393
-0.00079692
-0.000743404
-0.000691946
-0.000642624
-0.000595499
-0.00055061
-0.000507978
-0.000467609
-0.00042949
-0.000393596
-0.000359888
-0.000328316
-0.00029882
-0.000271333
-0.000245777
-0.000222074
-0.000200138
-0.000179881
-0.00132793
-0.00125886
-0.0011906
-0.00112341
-0.00105756
-0.000993242
-0.000930662
-0.000869987
-0.000811365
-0.00075492
-0.000700754
-0.000648944
-0.000599547
-0.000552598
-0.000508112
-0.000466087
-0.000426502
-0.000389323
-0.0003545
-0.000321973
-0.000291671
-0.000263515
-0.000237419
-0.000213289
-0.000191032
-0.000170548
-0.0013732
-0.00129942
-0.00122665
-0.00115514
-0.00108516
-0.00101693
-0.000950666
-0.000886533
-0.000824685
-0.000765248
-0.000708325
-0.00065399
-0.000602298
-0.000553276
-0.000506934
-0.00046326
-0.000422226
-0.000383786
-0.00034788
-0.000314436
-0.000283371
-0.000254593
-0.000228004
-0.000203501
-0.000180976
-0.00016032
-0.00141787
-0.00133926
-0.00126183
-0.00118588
-0.00111168
-0.00103945
-0.000969415
-0.000901756
-0.000836627
-0.000774158
-0.000714449
-0.000657573
-0.000603579
-0.00055249
-0.000504307
-0.000459009
-0.000416558
-0.000376895
-0.00033995
-0.000305638
-0.000273863
-0.00024452
-0.000217499
-0.000192682
-0.00016995
-0.000149181
-0.0014614
-0.00137785
-0.00129568
-0.00121521
-0.00113671
-0.00106042
-0.000986568
-0.000915346
-0.000846912
-0.000781396
-0.000718897
-0.000659487
-0.000603209
-0.00055008
-0.00050009
-0.000453211
-0.000409391
-0.000368561
-0.000330636
-0.000295519
-0.000263099
-0.000233259
-0.000205873
-0.000180811
-0.00015794
-0.000137127
-0.00150313
-0.0014146
-0.00132765
-0.00124262
-0.00115979
-0.00107943
-0.00100175
-0.000926964
-0.000855233
-0.000786687
-0.000721427
-0.000659518
-0.000601
-0.00054588
-0.000494142
-0.000445744
-0.000400623
-0.000358698
-0.000319868
-0.000284023
-0.000251037
-0.000220778
-0.000193106
-0.000167876
-0.000144944
-0.000124161
-0.00154236
-0.00144886
-0.00135715
-0.00126758
-0.00118045
-0.00109603
-0.00101456
-0.000936249
-0.000861267
-0.000789747
-0.000721785
-0.000657445
-0.000596759
-0.000539728
-0.000486323
-0.000436493
-0.00039016
-0.000347229
-0.000307587
-0.000271105
-0.000237645
-0.000207058
-0.000179188
-0.000153879
-0.000130968
-0.000110295
-0.00157834
-0.00147993
-0.00138353
-0.0012895
-0.00119814
-0.00110975
-0.00102457
-0.000942825
-0.000864685
-0.000790284
-0.00071972
-0.000653051
-0.000590303
-0.000531467
-0.000476505
-0.000425352
-0.000377918
-0.000334093
-0.000293747
-0.000256736
-0.000222907
-0.000192093
-0.000164126
-0.000138831
-0.000116033
-9.55573e-05
-0.00161027
-0.00150712
-0.00140617
-0.0013078
-0.00121236
-0.00112012
-0.00103137
-0.000946326
-0.000865163
-0.00078802
-0.000714991
-0.000646132
-0.00058146
-0.000520958
-0.000464576
-0.000412236
-0.000363834
-0.000319244
-0.00027832
-0.000240905
-0.000206824
-0.000175898
-0.000147941
-0.000122763
-0.000100174
-7.99879e-05
-0.00163741
-0.00152972
-0.00142442
-0.00132193
-0.00122259
-0.0011267
-0.00103457
-0.000946407
-0.000862406
-0.000782701
-0.000707387
-0.000636513
-0.00057009
-0.00050809
-0.000450453
-0.000397086
-0.00034787
-0.000302665
-0.000261308
-0.000223623
-0.000189421
-0.000158506
-0.000130675
-0.000105723
-8.34473e-05
-6.3645e-05
-0.00165907
-0.00154711
-0.00143773
-0.00133137
-0.00122838
-0.0011291
-0.00103381
-0.000942774
-0.000856163
-0.000774121
-0.000696739
-0.000624062
-0.000556093
-0.000492794
-0.000434091
-0.00037988
-0.000330026
-0.000284371
-0.000242738
-0.000204933
-0.000170751
-0.000139978
-0.000112396
-8.77846e-05
-6.59263e-05
-4.66054e-05
-0.00167467
-0.00155876
-0.00144562
-0.0013357
-0.00122937
-0.00112698
-0.00102884
-0.000935205
-0.000846256
-0.000762139
-0.000682942
-0.000608706
-0.000539425
-0.000475051
-0.000415497
-0.000360644
-0.000310344
-0.00026442
-0.000222681
-0.000184914
-0.000150899
-0.000120404
-9.31973e-05
-6.9043e-05
-4.77088e-05
-2.89664e-05
-0.00168378
-0.00156431
-0.00144778
-0.00133465
-0.00122533
-0.00112017
-0.0010195
-0.000923578
-0.000832598
-0.000746701
-0.000665974
-0.00059045
-0.000520115
-0.00045491
-0.000394737
-0.000339461
-0.000288917
-0.000242917
-0.000201248
-0.000163683
-0.000129986
-9.99093e-05
-7.32044e-05
-4.96221e-05
-2.89166e-05
-1.08472e-05
-0.00168621
-0.00156357
-0.00144404
-0.0013281
-0.00121615
-0.0011086
-0.00100576
-0.000907899
-0.000815222
-0.000727865
-0.000645913
-0.000569391
-0.000498277
-0.0004325
-0.00037195
-0.000316477
-0.000265902
-0.000220018
-0.0001786
-0.000141404
-0.000108175
-7.86526e-05
-5.25733e-05
-2.96743e-05
-9.69714e-06
7.61017e-06
-0.00168199
-0.0015566
-0.00143448
-0.00131612
-0.00120196
-0.00109239
-0.000987756
-0.000888324
-0.000794296
-0.000705813
-0.00062295
-0.00054573
-0.000474118
-0.000408034
-0.000347352
-0.00029191
-0.000241514
-0.000195942
-0.000154951
-0.000118282
-8.56673e-05
-5.68299e-05
-3.14928e-05
-9.38054e-06
9.77675e-06
2.62415e-05
-0.00167137
-0.00154365
-0.00141936
-0.001299
-0.00118302
-0.00107184
-0.000965786
-0.000865148
-0.000770123
-0.000680848
-0.000597393
-0.000519773
-0.000447943
-0.000381812
-0.00032124
-0.000266052
-0.000216038
-0.000170962
-0.000130565
-9.45752e-05
-6.27081e-05
-3.46746e-05
-1.01845e-05
1.10494e-05
2.93075e-05
4.48613e-05
-0.00165475
-0.00152514
-0.0013991
-0.00127715
-0.00115977
-0.00104736
-0.000940282
-0.000838807
-0.000743136
-0.000653401
-0.000569667
-0.00049194
-0.000420164
-0.000354235
-0.000294003
-0.000239278
-0.000189835
-0.000145424
-0.000105774
-7.0596e-05
-3.9594e-05
-1.2466e-05
1.10901e-05
3.13721e-05
4.86697e-05
6.32618e-05
-0.00163358
-0.0015024
-0.00137495
-0.00125177
-0.00113331
-0.00102
-0.000912204
-0.000810193
-0.000714162
-0.000624239
-0.000540481
-0.000462883
-0.000391381
-0.000325858
-0.000266151
-0.000212056
-0.000163336
-0.000119727
-8.09424e-05
-4.66828e-05
-1.66384e-05
9.50457e-06
3.20592e-05
5.13333e-05
6.76248e-05
8.12195e-05
-0.00161127
-0.00147852
-0.00134967
-0.00122525
-0.00110575
-0.0009916
-0.000883151
-0.000780673
-0.000684361
-0.000594334
-0.000510642
-0.000433268
-0.000362136
-0.000297118
-0.000238034
-0.000184669
-0.000136769
-9.40565e-05
-5.62315e-05
-2.29799e-05
6.02116e-06
3.10979e-05
5.25751e-05
7.0771e-05
8.5991e-05
9.85321e-05
-0.00157928
-0.00144575
-0.0013163
-0.00119147
-0.00107172
-0.000957487
-0.000849124
-0.000746888
-0.000650964
-0.000561459
-0.000478412
-0.000401793
-0.000331514
-0.000267429
-0.00020935
-0.000157044
-0.000110248
-6.86686e-05
-3.1996e-05
9.49861e-08
2.79374e-05
5.18669e-05
7.22169e-05
8.93127e-05
0.000103466
0.000114985
)
;

boundaryField
{
    down
    {
        type            symmetryPlane;
    }
    right
    {
        type            fixedValue;
        value           nonuniform List<scalar> 0();
    }
    up
    {
        type            symmetryPlane;
    }
    left
    {
        type            zeroGradient;
    }
    cylinder
    {
        type            zeroGradient;
    }
    frontAndBack
    {
        type            empty;
    }
    procBoundary6to2
    {
        type            processor;
        value           nonuniform List<scalar> 
71
(
-0.000216595
-0.000202996
-0.000189846
-0.000177159
-0.000164948
-0.000153225
-0.000141999
-0.000131275
-0.000121057
-0.000111346
-0.000102139
-9.34348e-05
-8.5226e-05
-7.75051e-05
-7.02622e-05
-6.34859e-05
-5.71631e-05
-5.12793e-05
-4.5819e-05
-4.07655e-05
-3.61015e-05
-3.18091e-05
-2.787e-05
-2.42656e-05
-2.09775e-05
-1.79871e-05
-1.52761e-05
-1.28265e-05
-1.06208e-05
-8.64192e-06
-6.87346e-06
-5.29958e-06
-3.90512e-06
-2.67567e-06
-1.5975e-06
-6.57622e-07
1.56199e-07
8.55488e-07
1.45105e-06
1.95298e-06
2.37078e-06
2.71298e-06
2.98831e-06
3.20267e-06
-0.000806706
-0.000780431
-0.000753759
-0.00072681
-0.000699719
-0.000672603
-0.000645561
-0.00061869
-0.000592081
-0.000565817
-0.000539972
-0.000514613
-0.000489801
-0.000465588
-0.000450317
-0.000450317
-0.000426225
-0.000402927
-0.000380449
-0.000358807
-0.000338017
-0.000318083
-0.000299007
-0.000280785
-0.000263408
-0.000246866
-0.000231143
)
;
    }
    procBoundary6to5
    {
        type            processor;
        value           nonuniform List<scalar> 
80
(
-0.00164987
-0.00166516
-0.00169484
-0.00173714
-0.00165328
-0.00165328
-0.00171169
-0.0017786
-0.00171624
-0.00171624
-0.00171624
-0.00188573
-0.00190442
-0.00192207
-0.0019345
-0.00194009
-0.00193845
-0.00192932
-0.00191268
-0.0018888
-0.00185818
-0.00182149
-0.00177956
-0.00173328
-0.00168359
-0.00163136
-0.00157745
-0.00152261
-0.00146747
-0.00141259
-0.0013584
-0.00130523
-0.00125333
-0.00120288
-0.00115399
-0.00110673
-0.00106113
-0.0010172
-0.000974909
-0.000934238
-0.00177857
-0.00171621
-0.00171166
-0.00165325
-0.00165325
-0.00173712
-0.00169482
-0.00166515
-0.00164987
-0.000867827
-0.000904542
-0.000942659
-0.0009822
-0.00102318
-0.00106561
-0.00110947
-0.00115473
-0.00120131
-0.00124909
-0.0012979
-0.0013475
-0.00139757
-0.00144769
-0.00149737
-0.00154601
-0.00159291
-0.00163729
-0.00167833
-0.00171519
-0.00174704
-0.00177312
-0.0017928
-0.00180562
-0.00181135
-0.00181001
-0.00180185
-0.00178728
-0.00176781
-0.00174724
-0.00171621
)
;
    }
    procBoundary6to7
    {
        type            processor;
        value           nonuniform List<scalar> 
74
(
1.94205e-05
1.9392e-05
1.93351e-05
1.92499e-05
1.91367e-05
1.89956e-05
1.88271e-05
1.86267e-05
1.83924e-05
1.81296e-05
1.78389e-05
1.75211e-05
1.7177e-05
1.68074e-05
1.64134e-05
1.5996e-05
1.55562e-05
1.50952e-05
1.46141e-05
1.41141e-05
1.35964e-05
1.30624e-05
1.25133e-05
1.19504e-05
1.1375e-05
1.07886e-05
1.01924e-05
9.58773e-06
8.976e-06
8.35851e-06
7.73659e-06
7.11152e-06
6.48455e-06
5.85683e-06
5.22976e-06
4.60441e-06
3.98223e-06
1.88271e-05
1.89956e-05
1.91367e-05
1.92499e-05
1.93351e-05
1.9392e-05
1.94205e-05
3.98249e-06
4.60446e-06
5.22967e-06
5.85686e-06
6.48464e-06
7.1116e-06
7.73665e-06
8.35857e-06
8.97605e-06
9.58777e-06
1.01924e-05
1.07886e-05
1.13751e-05
1.19504e-05
1.25133e-05
1.30624e-05
1.35964e-05
1.41141e-05
1.46141e-05
1.50952e-05
1.55563e-05
1.5996e-05
1.64134e-05
1.68074e-05
1.7177e-05
1.75211e-05
1.78389e-05
1.81296e-05
1.83924e-05
1.86267e-05
)
;
    }
    procBoundary6to10
    {
        type            processor;
        value           nonuniform List<scalar> 
72
(
-0.000216596
-0.000202997
-0.000189847
-0.000177159
-0.000177159
-0.000167474
-0.000155979
-0.000144944
-0.000134377
-0.000124283
-0.000114667
-0.000105528
-9.68651e-05
-8.86736e-05
-8.09482e-05
-7.36809e-05
-6.68624e-05
-6.04816e-05
-5.45259e-05
-4.89818e-05
-4.38344e-05
-3.90682e-05
-3.46669e-05
-3.06136e-05
-2.68914e-05
-2.34829e-05
-2.03708e-05
-1.75379e-05
-1.4967e-05
-1.26415e-05
-1.0545e-05
-8.66163e-06
-6.97613e-06
-5.47371e-06
-4.14027e-06
-2.96234e-06
-1.92709e-06
-1.02239e-06
-2.36794e-07
4.4049e-07
1.01959e-06
1.51006e-06
1.92052e-06
2.25979e-06
2.53385e-06
-0.000867834
-0.000839896
-0.000811457
-0.000782648
-0.000753621
-0.000724505
-0.000695416
-0.000666462
-0.000637747
-0.000609365
-0.000581403
-0.000553938
-0.00052704
-0.00050077
-0.000475182
-0.000450321
-0.000426225
-0.000402926
-0.000380448
-0.000358808
-0.000338018
-0.000318085
-0.000299008
-0.000280786
-0.000263409
-0.000246867
-0.000231144
)
;
    }
    procBoundary6to11
    {
        type            processor;
        value           uniform 3.36465e-06;
    }
}


// ************************************************************************* //
