/*--------------------------------*- C++ -*----------------------------------*\
| =========                 |                                                 |
| \\      /  F ield         | OpenFOAM: The Open Source CFD Toolbox           |
|  \\    /   O peration     | Version:  2412                                  |
|   \\  /    A nd           | Website:  www.openfoam.com                      |
|    \\/     M anipulation  |                                                 |
\*---------------------------------------------------------------------------*/
FoamFile
{
    version     2.0;
    format      ascii;
    arch        "LSB;label=32;scalar=64";
    class       volScalarField;
    location    "3";
    object      p;
}
// * * * * * * * * * * * * * * * * * * * * * * * * * * * * * * * * * * * * * //

dimensions      [0 2 -2 0 0 0 0];

internalField   nonuniform List<scalar> 
5285
(
8.54653e-05
7.01812e-05
5.57627e-05
4.21311e-05
2.92832e-05
1.72228e-05
5.94002e-06
-4.58101e-06
-1.43581e-05
-2.34111e-05
-3.17626e-05
-3.94364e-05
-4.64584e-05
-5.28551e-05
-5.86542e-05
-6.38842e-05
-6.85741e-05
-7.27529e-05
-7.64501e-05
-7.96946e-05
-8.25151e-05
-8.49398e-05
-8.69961e-05
-8.87108e-05
6.95681e-05
5.3913e-05
3.92815e-05
2.54656e-05
1.24738e-05
3.2198e-07
-1.1002e-05
-2.15178e-05
-3.12461e-05
-4.02098e-05
-4.84341e-05
-5.59464e-05
-6.27754e-05
-6.89509e-05
-7.45038e-05
-7.94653e-05
-8.38674e-05
-8.77421e-05
-9.11212e-05
-9.40365e-05
-9.6519e-05
-9.8599e-05
-0.000100306
-0.000101669
5.27624e-05
3.67266e-05
2.18925e-05
7.89981e-06
-5.22787e-06
-1.74587e-05
-2.88073e-05
-3.92979e-05
-4.89544e-05
-5.78028e-05
-6.58717e-05
-7.31922e-05
-7.97966e-05
-8.57182e-05
-9.09912e-05
-9.56504e-05
-9.97308e-05
-0.000103267
-0.000106295
-0.000108849
-0.000110961
-0.000112665
-0.000113993
-0.000114976
3.49887e-05
1.85623e-05
3.5328e-06
-1.06289e-05
-2.3882e-05
-3.6177e-05
-4.75311e-05
-5.79738e-05
-6.75323e-05
-7.62361e-05
-8.41179e-05
-9.12129e-05
-9.75573e-05
-0.000103188
-0.000108145
-0.000112464
-0.000116185
-0.000119347
-0.000121987
-0.000124143
-0.000125851
-0.000127146
-0.000128063
-0.000128634
1.61786e-05
-6.4978e-07
-1.58662e-05
-3.01867e-05
-4.35525e-05
-5.5894e-05
-6.72315e-05
-7.76e-05
-8.70307e-05
-9.5557e-05
-0.000103216
-0.000110048
-0.000116093
-0.000121393
-0.000125992
-0.00012993
-0.000133251
-0.000135998
-0.00013821
-0.00013993
-0.000141196
-0.000142046
-0.000142517
-0.000142644
-3.74645e-06
-2.09884e-05
-3.63796e-05
-5.0846e-05
-6.43087e-05
-7.66759e-05
-8.79709e-05
-9.8235e-05
-0.000107504
-0.000115816
-0.000123212
-0.000129738
-0.00013544
-0.000140365
-0.000144561
-0.000148073
-0.00015095
-0.000153236
-0.000154979
-0.000156221
-0.000157004
-0.000157371
-0.000157359
-0.000157007
-2.4873e-05
-4.25404e-05
-5.80907e-05
-7.26865e-05
-8.62269e-05
-9.85948e-05
-0.000109817
-0.000119942
-0.00012901
-0.000137065
-0.000144154
-0.000150327
-0.000155638
-0.000160138
-0.000163881
-0.000166917
-0.0001693
-0.000171079
-0.000172305
-0.000173023
-0.000173282
-0.000173123
-0.00017259
-0.000171721
-4.72969e-05
-6.54017e-05
-8.10916e-05
-9.57967e-05
-0.000109391
-0.00012173
-0.000132844
-0.000142789
-0.000151612
-0.000159362
-0.000166093
-0.000171861
-0.000176726
-0.000180746
-0.000183981
-0.000186488
-0.000188323
-0.000189542
-0.0001902
-0.000190347
-0.000190033
-0.000189305
-0.000188207
-0.000186782
-7.11253e-05
-8.96789e-05
-0.000105485
-0.000120274
-0.000133894
-0.000146168
-0.000157132
-0.000166851
-0.000175378
-0.000182768
-0.000189083
-0.000194387
-0.000198746
-0.000202226
-0.000204892
-0.000206808
-0.000208037
-0.00020864
-0.000208674
-0.000208197
-0.00020726
-0.000205915
-0.000204209
-0.000202186
-9.64775e-05
-0.00011549
-0.000131383
-0.000146227
-0.000159839
-0.000172006
-0.00018277
-0.000192208
-0.00020038
-0.000207348
-0.000213182
-0.000217955
-0.000221741
-0.000224612
-0.000226643
-0.000227903
-0.000228462
-0.000228385
-0.000227737
-0.000226578
-0.000224965
-0.000222952
-0.00022059
-0.000217924
-0.000123486
-0.000142966
-0.000158912
-0.000173774
-0.000187336
-0.000199346
-0.000209854
-0.000218948
-0.000226697
-0.000233173
-0.000238452
-0.000242619
-0.000245755
-0.000247944
-0.000249264
-0.000249796
-0.000249613
-0.00024879
-0.000247395
-0.000245493
-0.000243146
-0.000240411
-0.000237341
-0.000233987
-0.000152299
-0.000172252
-0.000188209
-0.000203046
-0.000216509
-0.000228304
-0.000238487
-0.000247164
-0.000254414
-0.000260315
-0.000264957
-0.000268433
-0.000270836
-0.000272257
-0.000272785
-0.000272508
-0.000271508
-0.000269864
-0.000267652
-0.000264941
-0.000261798
-0.000258283
-0.000254453
-0.00025036
-0.000183079
-0.000203508
-0.000219427
-0.000234186
-0.000247491
-0.000259002
-0.000268784
-0.00027696
-0.00028362
-0.000288855
-0.000292765
-0.000295456
-0.00029703
-0.00029759
-0.000297236
-0.000296062
-0.00029416
-0.000291615
-0.00028851
-0.000284919
-0.000280913
-0.000276557
-0.000271911
-0.000267027
-0.00021601
-0.000236914
-0.000252733
-0.000267352
-0.000280431
-0.000291576
-0.000300867
-0.000308444
-0.000314412
-0.000318875
-0.000321947
-0.000323744
-0.000324384
-0.00032398
-0.000322642
-0.000320475
-0.000317579
-0.000314047
-0.000309967
-0.00030542
-0.000300481
-0.000295218
-0.000289695
-0.000283968
-0.000251294
-0.000272669
-0.000288316
-0.000302718
-0.000315488
-0.000326173
-0.000334867
-0.000341734
-0.000346894
-0.000350465
-0.000352577
-0.000353361
-0.000352948
-0.000351464
-0.000349032
-0.000345765
-0.000341774
-0.000337159
-0.000332016
-0.000326431
-0.000320484
-0.000314246
-0.000307784
-0.000301155
-0.000289161
-0.000310995
-0.000326381
-0.000340478
-0.000352842
-0.000362955
-0.000370931
-0.000376957
-0.000381174
-0.000383717
-0.000384732
-0.000384367
-0.000382768
-0.000380076
-0.000376426
-0.000371944
-0.000366748
-0.000360949
-0.000354648
-0.000347937
-0.000340901
-0.000333616
-0.00032615
-0.000318561
-0.000329866
-0.000352142
-0.000367161
-0.000380844
-0.000392686
-0.000402098
-0.000409213
-0.000414249
-0.00041737
-0.000418728
-0.00041849
-0.000416824
-0.000413891
-0.000409849
-0.000404846
-0.00039902
-0.0003925
-0.000385405
-0.000377844
-0.000369915
-0.000361707
-0.000353298
-0.000344758
-0.00033615
-0.000373698
-0.000396388
-0.000410914
-0.000424054
-0.000435237
-0.000443795
-0.000449882
-0.000453757
-0.000455603
-0.0004556
-0.000453934
-0.000450793
-0.000446361
-0.000440811
-0.000434305
-0.000426996
-0.000419022
-0.000410512
-0.000401582
-0.000392336
-0.000382866
-0.000373253
-0.000363571
-0.00035388
-0.000472986
-0.000464814
-0.000455868
-0.000446299
-0.000436246
-0.00042583
-0.000415161
-0.000404336
-0.000393438
-0.000382539
-0.000371703
0.000207142
0.00018794
0.000169339
0.000151358
0.00013401
0.000117307
0.000101267
0.000195351
0.000175536
0.000156337
0.000137773
0.000119862
0.000102626
8.61006e-05
0.000182904
0.000162434
0.000142598
0.00012342
0.000104914
8.71178e-05
7.00818e-05
0.000169752
0.000148593
0.000128088
0.000108259
8.91249e-05
7.07312e-05
5.31442e-05
0.00015584
0.000133954
0.000112741
9.22265e-05
7.24286e-05
5.3403e-05
3.52298e-05
0.000141109
0.000118453
9.64915e-05
7.52519e-05
5.47532e-05
3.5062e-05
1.62709e-05
0.000125493
0.000102022
7.92673e-05
5.72609e-05
3.60222e-05
1.56306e-05
-3.80875e-06
0.000108922
8.45857e-05
6.0991e-05
3.81729e-05
1.61518e-05
-4.97725e-06
-2.50963e-05
9.13187e-05
6.60634e-05
4.15775e-05
1.78991e-05
-4.95001e-06
-2.68571e-05
-4.76911e-05
7.25961e-05
4.63649e-05
2.09328e-05
-3.65842e-06
-2.73854e-05
-5.01154e-05
-7.17045e-05
5.2659e-05
2.53901e-05
-1.04775e-06
-2.66084e-05
-5.12677e-05
-7.48707e-05
-9.72602e-05
3.14009e-05
3.02728e-06
-2.44805e-05
-5.10724e-05
-7.67234e-05
-0.000101254
-0.000124495
8.70293e-06
-2.08481e-05
-4.94957e-05
-7.71861e-05
-0.000103894
-0.000129413
-0.000153561
-1.55679e-05
-4.63756e-05
-7.62392e-05
-0.000105101
-0.000132936
-0.00015951
-0.000184625
-4.15606e-05
-7.37115e-05
-0.000104874
-0.000134988
-0.000164028
-0.000191729
-0.000217876
-6.94427e-05
-0.000103032
-0.000135585
-0.000167038
-0.000197367
-0.000226273
-0.000253523
-9.94027e-05
-0.000134535
-0.000168579
-0.000201466
-0.000233177
-0.000263372
-0.000291803
-0.000131654
-0.000168444
-0.000204088
-0.000238516
-0.000271709
-0.000303288
-0.00033298
-0.000166437
-0.000205013
-0.000242379
-0.000278462
-0.000313248
-0.000346312
-0.000377356
-0.000204028
-0.00024453
0.000355693
0.000333201
0.000311088
0.000289357
0.000268019
0.000247231
0.000226918
0.00034854
0.00032531
0.00030255
0.000280178
0.000258256
0.000236729
0.000215757
0.000340978
0.000316979
0.000293547
0.000270475
0.000247818
0.000225629
0.00020398
0.000332987
0.000308168
0.000284028
0.00026022
0.000236813
0.000213899
0.000191533
0.000324529
0.000298834
0.00027395
0.000249369
0.000225176
0.00020149
0.000178365
0.000315569
0.000288937
0.000263272
0.000237877
0.000212853
0.000188349
0.000164421
0.00030607
0.000278437
0.000251949
0.000225694
0.000199791
0.00017442
0.000149641
0.000295991
0.000267287
0.000239931
0.000212766
0.00018593
0.000159638
0.000133956
0.000285289
0.000255436
0.00022716
0.000199031
0.000171205
0.000143935
0.000117293
0.000273913
0.000242827
0.000213577
0.000184424
0.000155543
0.000127233
9.9571e-05
0.00026181
0.000229395
0.00019911
0.000168868
0.000138865
0.000109447
8.06982e-05
0.000248919
0.000215071
0.000183685
0.000152282
0.00012108
9.04797e-05
6.05736e-05
0.000235173
0.000199776
0.000167216
0.000134574
0.00010209
7.02262e-05
3.90845e-05
0.000220498
0.000183422
0.000149608
0.000115641
8.17827e-05
4.85674e-05
1.61048e-05
0.000204813
0.000165913
0.000130755
9.53679e-05
6.00352e-05
2.53704e-05
-8.50674e-06
0.000188027
0.00014714
0.000110541
7.36271e-05
3.67083e-05
4.85901e-07
-3.49086e-05
0.000170039
0.000126983
8.88322e-05
5.02748e-05
1.16457e-05
-2.62536e-05
-6.32794e-05
0.000150739
0.000105305
6.54806e-05
2.5149e-05
-1.53285e-05
-5.50376e-05
-9.38205e-05
0.000130002
8.19558e-05
4.03181e-05
-1.93396e-06
-4.44142e-05
-8.60805e-05
-0.000126761
-0.000119627
-0.00016236
0.00103872
0.00102679
0.00101431
0.00100127
0.000987665
0.00097348
0.000958712
0.000943354
0.000927403
0.000910858
0.000893719
0.000875989
0.000857674
0.000838781
0.000819322
0.00079931
0.000778761
0.000757696
0.000736138
0.000714113
0.000691651
0.000668785
0.000645552
0.000621991
0.000598144
0.000574057
0.000549779
0.000525361
0.000500854
0.000476316
0.000451801
0.000427367
0.000403076
0.000379005
0.00105182
0.00103983
0.00102726
0.00101412
0.00100037
0.000986015
0.000971045
0.000955453
0.000939233
0.000922383
0.000904902
0.000886792
0.000868058
0.000848707
0.000828749
0.000808197
0.00078707
0.000765385
0.000743168
0.000720446
0.00069725
0.000673614
0.000649577
0.00062518
0.00060047
0.000575495
0.000550306
0.000524958
0.000499509
0.000474018
0.000448545
0.000423153
0.000397914
0.000372917
0.00106546
0.00105342
0.00104079
0.00102754
0.00101366
0.000999144
0.000983979
0.000968156
0.000951668
0.000934513
0.000916687
0.000898191
0.000879029
0.000859208
0.000838736
0.000817628
0.000795899
0.00077357
0.000750666
0.000727214
0.000703247
0.000678801
0.000653917
0.000628639
0.000603016
0.000577099
0.000550943
0.000524609
0.000498157
0.000471652
0.000445159
0.000418744
0.000392494
0.000366511
0.00107966
0.0010676
0.0010549
0.00104157
0.00102757
0.0010129
0.000997546
0.000981497
0.000964745
0.000947284
0.000929111
0.000910225
0.000890628
0.000870325
0.000849325
0.000827641
0.00080529
0.000782291
0.000758669
0.000734453
0.000709678
0.000684381
0.000658604
0.000632395
0.000605805
0.00057889
0.000551708
0.000524325
0.000496805
0.000469219
0.000441638
0.000414132
0.000386801
0.000359772
0.00109446
0.00108238
0.00106965
0.00105623
0.00104213
0.00102732
0.00101178
0.000995514
0.000978502
0.000960738
0.000942217
0.000922936
0.000902897
0.000882102
0.00086056
0.000838283
0.000815286
0.00079159
0.00076722
0.000742206
0.000716582
0.000690389
0.000663671
0.000636478
0.000608864
0.00058089
0.000552618
0.000524117
0.00049546
0.00046672
0.000437977
0.000409304
0.000380819
0.000352673
0.00110988
0.0010978
0.00108504
0.00107157
0.00105737
0.00104243
0.00102672
0.00101024
0.000992979
0.000974916
0.000956048
0.00093637
0.000915882
0.000894586
0.000872488
0.000849599
0.000825935
0.000801515
0.000776365
0.000750515
0.000724002
0.000696866
0.000669155
0.000640921
0.000612223
0.000583124
0.000553692
0.000524002
0.00049413
0.000464158
0.000434171
0.000404249
0.000374528
0.000345186
0.00112595
0.00111389
0.00110111
0.0010876
0.00107332
0.00105827
0.00104241
0.00102573
0.00100822
0.000989863
0.00097065
0.000950575
0.000929633
0.000907827
0.00088516
0.000861642
0.000837288
0.000812117
0.000786155
0.000759431
0.000731984
0.000703856
0.000675098
0.000645763
0.000615915
0.00058562
0.000554954
0.000523994
0.000492825
0.000461535
0.000430216
0.000398954
0.000367907
0.000337284
0.00114268
0.00113066
0.0011179
0.00110437
0.00109003
0.00107488
0.00105888
0.00104202
0.00102427
0.00100563
0.000986074
0.000965602
0.000944204
0.00092188
0.000898633
0.000874469
0.000849403
0.000823453
0.000796644
0.000769008
0.000740581
0.00071141
0.000681545
0.000651045
0.000619977
0.000588411
0.000556428
0.000524113
0.000491556
0.000458855
0.000426107
0.000393406
0.000360934
0.000328933
0.00116011
0.00114816
0.00113544
0.0011219
0.00110753
0.0010923
0.00107618
0.00105914
0.00104118
0.00102226
0.00100237
0.000981507
0.000959652
0.000936805
0.000912966
0.000888141
0.000862341
0.000835584
0.000807894
0.000779304
0.00074985
0.00071958
0.000688548
0.000656815
0.00062445
0.000591532
0.000558145
0.000524381
0.000490338
0.000456122
0.000421839
0.000387592
0.000353585
0.000320102
0.00117826
0.00116641
0.00115375
0.00114025
0.00112586
0.00111057
0.00109435
0.00107717
0.00105899
0.00103981
0.0010196
0.000998348
0.000976038
0.000952664
0.000928225
0.000902723
0.000876168
0.000848577
0.000819972
0.000790385
0.000759855
0.000728429
0.000696164
0.000663124
0.000629383
0.000595024
0.000560138
0.000524823
0.000489187
0.000453344
0.00041741
0.000381496
0.000345835
0.000310753
0.00119717
0.00118545
0.00117288
0.00115943
0.00114506
0.00112974
0.00111344
0.00109613
0.00107777
0.00105834
0.00103782
0.00101619
0.000993428
0.000969527
0.00094448
0.000918288
0.000890958
0.000862505
0.00083295
0.000802323
0.000770665
0.000738023
0.000704456
0.000670032
0.000634828
0.000598934
0.000562445
0.00052547
0.000488123
0.00045053
0.000412818
0.000375105
0.000337657
0.000300848
0.00121686
0.00120529
0.00119285
0.00117949
0.00116517
0.00114986
0.00113351
0.00111609
0.00109757
0.00107792
0.0010571
0.0010351
0.00101189
0.000987465
0.000961806
0.000934913
0.00090679
0.000877448
0.000846908
0.000815199
0.000782359
0.000748438
0.000713496
0.000677605
0.000640845
0.000603313
0.00056511
0.000526354
0.000487169
0.000447691
0.00040806
0.000368404
0.000329023
0.000290346
0.00123735
0.00122599
0.00121371
0.00120047
0.00118624
0.00117095
0.00115459
0.0011371
0.00111844
0.00109859
0.0010775
0.00105515
0.00103151
0.00100656
0.000980287
0.000952684
0.000923751
0.000893495
0.000861935
0.000829098
0.000795022
0.000759756
0.000723363
0.000685916
0.000647503
0.000608221
0.000568184
0.000527516
0.000486353
0.000444843
0.000403138
0.000361379
0.000319904
0.000279201
0.00125868
0.00124756
0.00123548
0.00122241
0.0012083
0.00119309
0.00117675
0.00115922
0.00114046
0.00112043
0.0010991
0.00107641
0.00105235
0.00102689
0.00100001
0.000971691
0.000941934
0.000910741
0.000878128
0.000844118
0.00080875
0.000772071
0.000734146
0.000695051
0.000654876
0.000613728
0.000571726
0.000529003
0.000485709
0.000442004
0.000398055
0.000354016
0.000310268
0.000267366
0.00128088
0.00127004
0.00125821
0.00124535
0.0012314
0.00121631
0.00120003
0.0011825
0.00116368
0.00114352
0.00112196
0.00109897
0.00107452
0.00104856
0.00102107
0.000992035
0.000961442
0.000929292
0.000895592
0.000860366
0.000823648
0.000785487
0.000745945
0.000705102
0.000663054
0.00061991
0.000575801
0.000530869
0.000485276
0.000439197
0.000392815
0.000346301
0.00030008
0.000254785
0.00130397
0.00129345
0.00128193
0.00126932
0.00125559
0.00124067
0.0012245
0.00120702
0.00118818
0.00116791
0.00114618
0.00112292
0.00109809
0.00107165
0.00104357
0.00101382
0.000982388
0.000949261
0.000914446
0.00087796
0.000839836
0.000800118
0.000758872
0.000716178
0.000672134
0.000626858
0.000580487
0.000533177
0.000485101
0.000436451
0.000387429
0.000338221
0.000289305
0.000241401
0.00132797
0.00131784
0.00130667
0.00129438
0.00128092
0.00126622
0.00125021
0.00123283
0.00121402
0.0011937
0.00117183
0.00114833
0.00112317
0.00109628
0.00106762
0.00103717
0.00100489
0.000970774
0.000934816
0.00089703
0.000857441
0.000816095
0.000773052
0.000728396
0.000682228
0.000634673
0.000585874
0.000536
0.000485239
0.000433801
0.000381908
0.000329764
0.000277906
0.000227149
0.00135292
0.00134323
0.00133246
0.00132055
0.00130742
0.001293
0.00127722
0.00126
0.00124127
0.00122096
0.001199
0.00117532
0.00114985
0.00112255
0.00109334
0.0010622
0.00102908
0.000993967
0.000956844
0.000917718
0.00087661
0.000833559
0.000788626
0.000741893
0.000693464
0.00064347
0.000592063
0.000539425
0.000485757
0.000431291
0.00037627
0.000320919
0.000265841
0.00021196
0.00071184
0.00070613
0.000700385
0.000694607
0.000688798
0.000682957
0.000677088
0.00067119
0.000665266
0.000659317
0.000653343
0.000647347
0.00064133
0.000635293
0.000629237
0.000623165
0.000617078
0.000610976
0.000604862
0.000598737
0.000592603
0.000586461
0.000580313
0.000574159
0.000568003
0.000561845
0.000555686
0.000549529
0.000543375
0.000537225
0.000531081
0.000524945
0.000518817
0.0005127
0.000712111
0.000706392
0.000700638
0.000694851
0.000689032
0.000683182
0.000677302
0.000671394
0.00066546
0.0006595
0.000653516
0.000647509
0.000641481
0.000635433
0.000629366
0.000623283
0.000617184
0.000611071
0.000604945
0.000598809
0.000592663
0.000586509
0.000580349
0.000574184
0.000568016
0.000561846
0.000555676
0.000549507
0.000543341
0.000537179
0.000531024
0.000524876
0.000518737
0.000512608
0.00071264
0.000706903
0.000701131
0.000695325
0.000689487
0.000683618
0.000677719
0.000671792
0.000665837
0.000659857
0.000653852
0.000647824
0.000641775
0.000635705
0.000629617
0.000623512
0.000617391
0.000611255
0.000605108
0.000598948
0.00059278
0.000586603
0.00058042
0.000574232
0.000568041
0.000561848
0.000555654
0.000549462
0.000543274
0.000537089
0.000530911
0.00052474
0.000518578
0.000512427
0.000713412
0.00070765
0.000701852
0.00069602
0.000690154
0.000684257
0.00067833
0.000672374
0.00066639
0.00066038
0.000654345
0.000648286
0.000642206
0.000636105
0.000629985
0.000623847
0.000617694
0.000611526
0.000605345
0.000599153
0.000592951
0.000586741
0.000580524
0.000574302
0.000568077
0.000561851
0.000555624
0.000549398
0.000543176
0.000536958
0.000530746
0.000524542
0.000518347
0.000512163
0.000714419
0.000708623
0.000702791
0.000696924
0.000691023
0.00068509
0.000679126
0.000673132
0.00066711
0.000661061
0.000654987
0.000648888
0.000642767
0.000636625
0.000630464
0.000624284
0.000618089
0.000611878
0.000605654
0.000599419
0.000593174
0.00058692
0.00058066
0.000574394
0.000568125
0.000561854
0.000555583
0.000549314
0.000543047
0.000536786
0.000530531
0.000524283
0.000518045
0.000511819
0.000715651
0.000709814
0.000703941
0.000698031
0.000692087
0.00068611
0.000680101
0.000674061
0.000667992
0.000661895
0.000655773
0.000649625
0.000643455
0.000637263
0.000631051
0.00062482
0.000618572
0.00061231
0.000606033
0.000599745
0.000593446
0.000587139
0.000580825
0.000574506
0.000568183
0.000561858
0.000555533
0.00054921
0.00054289
0.000536575
0.000530266
0.000523966
0.000517675
0.000511396
0.000717099
0.000711215
0.000705293
0.000699334
0.000693339
0.00068731
0.000681247
0.000675154
0.00066903
0.000662877
0.000656698
0.000650493
0.000644264
0.000638013
0.000631741
0.00062545
0.000619142
0.000612818
0.000606479
0.000600129
0.000593768
0.000587397
0.00058102
0.000574637
0.000568251
0.000561862
0.000555474
0.000549087
0.000542704
0.000536325
0.000529954
0.000523591
0.000517238
0.000510897
0.000718758
0.00071282
0.000706842
0.000700826
0.000694773
0.000688684
0.000682562
0.000676406
0.000670219
0.000664003
0.000657759
0.000651488
0.000645193
0.000638874
0.000632533
0.000626173
0.000619795
0.0006134
0.000606991
0.000600569
0.000594136
0.000587693
0.000581243
0.000574788
0.000568328
0.000561867
0.000555405
0.000548946
0.000542489
0.000536038
0.000529595
0.00052316
0.000516735
0.000510324
0.000720622
0.000714624
0.000708584
0.000702504
0.000696385
0.00069023
0.000684039
0.000677815
0.000671557
0.000665269
0.000658952
0.000652607
0.000646237
0.000639842
0.000633424
0.000626986
0.00062053
0.000614056
0.000607566
0.000601064
0.000594549
0.000588025
0.000581494
0.000574956
0.000568415
0.000561871
0.000555327
0.000548785
0.000542247
0.000535715
0.00052919
0.000522674
0.000516169
0.000509677
0.000722687
0.000716621
0.000710512
0.000704362
0.000698172
0.000691943
0.000685677
0.000679376
0.000673041
0.000666673
0.000660275
0.000653849
0.000647395
0.000640915
0.000634413
0.000627889
0.000621344
0.000614782
0.000608204
0.000601612
0.000595008
0.000588394
0.000581772
0.000575143
0.00056851
0.000561875
0.00055524
0.000548607
0.000541978
0.000535354
0.000528739
0.000522133
0.000515538
0.000508958
0.000724948
0.000718809
0.000712625
0.000706399
0.00070013
0.000693821
0.000687473
0.000681088
0.000674667
0.000668213
0.000661726
0.00065521
0.000648665
0.000642093
0.000635497
0.000628878
0.000622239
0.00061558
0.000608905
0.000602214
0.000595512
0.000588798
0.000582076
0.000575347
0.000568614
0.000561879
0.000555143
0.00054841
0.00054168
0.000534957
0.000528242
0.000521537
0.000514845
0.000508167
0.000727402
0.000721184
0.00071492
0.00070861
0.000702256
0.00069586
0.000689424
0.000682948
0.000676435
0.000669886
0.000663304
0.00065669
0.000650046
0.000643375
0.000636677
0.000629955
0.000623211
0.000616448
0.000609666
0.000602869
0.000596059
0.000589237
0.000582407
0.000575569
0.000568727
0.000561882
0.000555037
0.000548194
0.000541356
0.000534524
0.000527701
0.000520888
0.000514088
0.000507304
0.000730047
0.000723745
0.000717394
0.000710996
0.000704551
0.000698061
0.000691529
0.000684956
0.000678343
0.000671693
0.000665008
0.000658289
0.000651538
0.000644758
0.000637951
0.000631118
0.000624262
0.000617385
0.000610489
0.000603577
0.00059665
0.000589712
0.000582764
0.000575808
0.000568848
0.000561885
0.000554922
0.00054796
0.000541004
0.000534054
0.000527114
0.000520185
0.000513269
0.00050637
0.000732881
0.00072649
0.000720047
0.000713553
0.000707011
0.000700422
0.000693788
0.00068711
0.000680391
0.000673633
0.000666837
0.000660006
0.000653141
0.000646245
0.000639319
0.000632367
0.000625391
0.000618392
0.000611373
0.000604337
0.000597286
0.000590221
0.000583147
0.000576065
0.000568977
0.000561887
0.000554796
0.000547708
0.000540624
0.000533548
0.000526481
0.000519427
0.000512387
0.000505364
0.000735904
0.000729417
0.000722876
0.000716282
0.000709637
0.000702942
0.0006962
0.000689411
0.000682579
0.000675705
0.000668791
0.00066184
0.000654853
0.000647834
0.000640783
0.000633704
0.000626598
0.000619469
0.000612319
0.00060515
0.000597965
0.000590766
0.000583557
0.000576339
0.000569115
0.000561889
0.000554662
0.000547437
0.000540217
0.000533005
0.000525803
0.000518614
0.000511441
0.000504285
0.000739113
0.000732527
0.000725883
0.000719183
0.000712428
0.000705622
0.000698765
0.000691859
0.000684907
0.00067791
0.000670872
0.000663793
0.000656677
0.000649526
0.000642341
0.000635127
0.000627884
0.000620617
0.000613327
0.000606016
0.000598689
0.000591347
0.000583993
0.000576631
0.000569262
0.00056189
0.000554517
0.000547147
0.000539782
0.000532425
0.000525079
0.000517747
0.000510431
0.000503134
0.000742509
0.000735818
0.000729066
0.000722254
0.000715385
0.000708461
0.000701483
0.000694454
0.000687375
0.000680249
0.000673079
0.000665866
0.000658612
0.000651322
0.000643996
0.000636638
0.00062925
0.000621836
0.000614397
0.000606937
0.000599458
0.000591964
0.000584457
0.000576941
0.000569418
0.000561891
0.000554364
0.000546839
0.000539319
0.000531808
0.000524309
0.000516824
0.000509356
0.000501909
0.000746092
0.000739291
0.000732426
0.000725498
0.000718509
0.000711461
0.000704356
0.000697197
0.000689985
0.000682723
0.000675413
0.000668058
0.000660661
0.000653223
0.000645748
0.000638239
0.000630697
0.000623127
0.000615531
0.000607912
0.000600273
0.000592618
0.000584949
0.00057727
0.000569583
0.000561892
0.000554201
0.000546512
0.000538828
0.000531154
0.000523492
0.000515845
0.000508217
0.00050061
0.000749863
0.000742948
0.000735964
0.000728914
0.0007218
0.000714623
0.000707385
0.000700089
0.000692738
0.000685333
0.000677877
0.000670373
0.000662824
0.000655231
0.000647599
0.00063993
0.000632226
0.000624492
0.00061673
0.000608944
0.000601136
0.00059331
0.000585469
0.000577617
0.000569758
0.000561893
0.000554028
0.000546166
0.000538309
0.000530462
0.000522627
0.000514809
0.000507011
0.000499236
0.000753821
0.000746788
0.000739682
0.000732505
0.000725259
0.000717947
0.000710571
0.000703133
0.000695636
0.000688081
0.000680472
0.000672812
0.000665103
0.000657348
0.00064955
0.000641713
0.000633839
0.000625932
0.000617995
0.000610032
0.000602046
0.00059404
0.000586019
0.000577985
0.000569943
0.000561895
0.000553847
0.000545801
0.000537761
0.000529731
0.000521715
0.000513716
0.000505738
0.000497785
0.000757969
0.000750813
0.00074358
0.000736271
0.00072889
0.000721437
0.000713917
0.00070633
0.00069868
0.000690969
0.0006832
0.000675376
0.0006675
0.000659575
0.000651603
0.00064359
0.000635537
0.000627449
0.000619328
0.000611179
0.000603006
0.000594811
0.000586599
0.000578373
0.000570139
0.000561898
0.000553657
0.000545417
0.000537185
0.000528962
0.000520754
0.000512565
0.000504397
0.000496256
0.000762308
0.000755025
0.00074766
0.000740215
0.000732692
0.000725095
0.000717424
0.000709682
0.000701873
0.000693999
0.000686063
0.000678068
0.000670018
0.000661914
0.000653762
0.000645563
0.000637323
0.000629044
0.000620731
0.000612387
0.000604016
0.000595623
0.00058721
0.000578784
0.000570346
0.000561903
0.000553458
0.000545015
0.000536579
0.000528154
0.000519744
0.000511354
0.000502987
0.000494649
0.000766839
0.000759425
0.000751924
0.000744338
0.00073667
0.000728921
0.000721094
0.000713193
0.000705218
0.000697175
0.000689065
0.000680892
0.000672658
0.000664369
0.000656027
0.000647635
0.000639199
0.000630721
0.000622205
0.000613657
0.000605079
0.000596477
0.000587855
0.000579216
0.000570567
0.00056191
0.000553251
0.000544595
0.000535945
0.000527307
0.000518685
0.000510083
0.000501507
0.000492961
0.000771564
0.000764016
0.000756375
0.000748644
0.000740825
0.00073292
0.000724932
0.000716864
0.000708718
0.000700498
0.000692207
0.000683848
0.000675425
0.000666942
0.000658402
0.000649808
0.000641167
0.00063248
0.000623753
0.000614991
0.000606197
0.000597376
0.000588533
0.000579673
0.0005708
0.00056192
0.000553037
0.000544155
0.000535282
0.00052642
0.000517575
0.000508752
0.000499956
0.000491191
0.000776486
0.000768799
0.000761015
0.000753134
0.000745159
0.000737093
0.000728939
0.000720698
0.000712375
0.000703972
0.000695493
0.000686942
0.000678321
0.000669636
0.000660889
0.000652086
0.00064323
0.000634326
0.000625378
0.000616391
0.000607371
0.000598321
0.000589248
0.000580155
0.000571048
0.000561933
0.000552815
0.000543698
0.000534589
0.000525492
0.000516414
0.000507358
0.000498331
0.000489338
0.000781605
0.000773778
0.000765846
0.000757811
0.000749677
0.000741445
0.000733118
0.0007247
0.000716193
0.000707601
0.000698927
0.000690175
0.00068135
0.000672454
0.000663493
0.00065447
0.000645391
0.00063626
0.000627081
0.000617861
0.000608604
0.000599315
0.00059
0.000580664
0.000571312
0.000561951
0.000552586
0.000543223
0.000533867
0.000524525
0.000515201
0.000505902
0.000496633
0.0004874
0.000786926
0.000778954
0.000770871
0.000762679
0.00075438
0.000745977
0.000737473
0.000728871
0.000720175
0.000711387
0.000702512
0.000693552
0.000684514
0.0006754
0.000666215
0.000656965
0.000647653
0.000638285
0.000628866
0.000619402
0.000609897
0.000600358
0.000590791
0.0005812
0.000571593
0.000561975
0.000552352
0.00054273
0.000533116
0.000523516
0.000513936
0.000504381
0.000494859
0.000485375
0.000792449
0.00078433
0.000776093
0.00076774
0.000759272
0.000750694
0.000742008
0.000733217
0.000724325
0.000715335
0.000706251
0.000697077
0.000687818
0.000678478
0.000669061
0.000659574
0.00065002
0.000640406
0.000630736
0.000621017
0.000611255
0.000601455
0.000591624
0.000581767
0.000571892
0.000562005
0.000552112
0.00054222
0.000532336
0.000522466
0.000512617
0.000502796
0.000493009
0.000483262
0.000798178
0.00078991
0.000781515
0.000772997
0.000764357
0.0007556
0.000746726
0.000737741
0.000728647
0.000719448
0.000710149
0.000700753
0.000691265
0.00068169
0.000672034
0.0006623
0.000652495
0.000642624
0.000632694
0.00062271
0.000612678
0.000602606
0.0005925
0.000582366
0.000572211
0.000562043
0.000551868
0.000541694
0.000531527
0.000521375
0.000511245
0.000501144
0.00049108
0.000481059
0.000804116
0.000795695
0.00078714
0.000778454
0.000769638
0.000760697
0.000751631
0.000742446
0.000733145
0.000723731
0.00071421
0.000704585
0.000694861
0.000685043
0.000675137
0.000665148
0.000655082
0.000644944
0.000634743
0.000624483
0.000614171
0.000603815
0.000593422
0.000582998
0.000572552
0.00056209
0.000551621
0.000541151
0.000530689
0.000520242
0.000509818
0.000499426
0.000489071
0.000478763
0.000810264
0.000801689
0.000792972
0.000784114
0.000775119
0.000765989
0.000756727
0.000747338
0.000737823
0.000728189
0.000718438
0.000708576
0.000698608
0.000688539
0.000678375
0.000668121
0.000657784
0.00064737
0.000636887
0.00062634
0.000615737
0.000605085
0.000594393
0.000583667
0.000572916
0.000562148
0.00055137
0.000540592
0.000529822
0.000519067
0.000508336
0.000497638
0.000486981
0.000476373
0.000816626
0.000807895
0.000799013
0.000789982
0.000780803
0.000771481
0.000762019
0.000752419
0.000742686
0.000732824
0.000722838
0.000712732
0.000702512
0.000692184
0.000681752
0.000671225
0.000660607
0.000649906
0.000639129
0.000628284
0.000617378
0.000606418
0.000595414
0.000584374
0.000573305
0.000562217
0.000551119
0.000540019
0.000528926
0.00051785
0.000506798
0.000495782
0.000484808
0.000473887
0.000823203
0.000814316
0.000805267
0.000796059
0.000786695
0.000777177
0.000767509
0.000757695
0.000747738
0.000737643
0.000727414
0.000717058
0.000706578
0.000695981
0.000685274
0.000674463
0.000663554
0.000652555
0.000641475
0.000630319
0.000619098
0.000607818
0.00059649
0.000585121
0.000573722
0.0005623
0.000550867
0.000539431
0.000528002
0.00051659
0.000505204
0.000493855
0.000482551
0.000471302
0.00083
0.000820954
0.000811736
0.00080235
0.000792797
0.00078308
0.000773203
0.000763169
0.000752983
0.000742649
0.000732172
0.000721557
0.00071081
0.000699937
0.000688945
0.00067784
0.00066663
0.000655323
0.000643927
0.00063245
0.0006209
0.000609288
0.000597622
0.000585912
0.000574168
0.000562399
0.000550616
0.00053883
0.00052705
0.000515287
0.000503552
0.000491856
0.000480207
0.000468618
0.000837018
0.000827813
0.000818425
0.000808858
0.000799114
0.000789195
0.000779105
0.000768848
0.000758427
0.000747848
0.000737116
0.000726236
0.000715213
0.000704056
0.000692769
0.000681361
0.00066984
0.000658214
0.00064649
0.000634679
0.00062279
0.000610832
0.000598815
0.000586749
0.000574646
0.000562515
0.000550368
0.000538216
0.000526071
0.000513942
0.000501843
0.000489784
0.000477776
0.00046583
0.00084426
0.000834895
0.000825337
0.000815587
0.000805649
0.000795525
0.000785219
0.000774734
0.000764074
0.000753245
0.000742251
0.000731098
0.000719793
0.000708342
0.000696753
0.000685032
0.000673189
0.000661232
0.00064917
0.000637013
0.00062477
0.000612452
0.00060007
0.000587635
0.000575158
0.00056265
0.000550124
0.000537591
0.000525064
0.000512554
0.000500075
0.000487638
0.000475255
0.000462938
0.000851728
0.000842203
0.000832473
0.000822541
0.000812407
0.000802076
0.00079155
0.000780833
0.000769929
0.000758844
0.000747583
0.000736151
0.000724555
0.000712803
0.000700901
0.000688858
0.000676682
0.000664383
0.00065197
0.000639454
0.000626845
0.000614154
0.000601393
0.000588573
0.000575707
0.000562807
0.000549885
0.000536956
0.000524031
0.000511124
0.000498248
0.000485416
0.000472642
0.000459939
0.000859425
0.00084974
0.000839839
0.000829722
0.000819391
0.00080885
0.000798102
0.000787149
0.000775998
0.000764651
0.000753116
0.000741399
0.000729505
0.000717442
0.000705219
0.000692843
0.000680324
0.000667672
0.000654896
0.000642008
0.000629019
0.000615941
0.000602786
0.000589566
0.000576296
0.000562987
0.000549654
0.000536311
0.000522972
0.00050965
0.000496361
0.000483119
0.000469937
0.00045683
0.000867352
0.000857509
0.000847436
0.000837134
0.000826605
0.000815853
0.000804879
0.000793688
0.000782284
0.000770672
0.000758857
0.000746847
0.000734647
0.000722266
0.000709712
0.000696994
0.000684121
0.000671104
0.000657953
0.00064468
0.000631298
0.000617818
0.000604254
0.000590619
0.000576927
0.000563193
0.000549432
0.000535658
0.000521887
0.000508134
0.000494414
0.000480743
0.000467137
0.000453609
0.000875512
0.000865511
0.000855267
0.000844781
0.000834053
0.000823087
0.000811886
0.000800453
0.000788792
0.00077691
0.00076481
0.000752501
0.000739989
0.000727281
0.000714387
0.000701317
0.000688079
0.000674685
0.000661146
0.000647476
0.000633685
0.000619788
0.0006058
0.000591733
0.000577605
0.000563429
0.000549222
0.000534999
0.000520778
0.000506575
0.000492407
0.000478289
0.000464239
0.000450274
0.000883906
0.00087375
0.000863336
0.000852665
0.000841738
0.000830558
0.000819127
0.00080745
0.000795529
0.000783371
0.000770982
0.000758367
0.000745535
0.000732493
0.00071925
0.000705817
0.000692203
0.000678421
0.000664482
0.000650399
0.000636186
0.000621858
0.000607429
0.000592914
0.000578331
0.000563695
0.000549024
0.000534335
0.000519646
0.000504974
0.000490338
0.000475755
0.000461243
0.000446821
0.000892536
0.000882227
0.000871644
0.00086079
0.000849663
0.000838268
0.000826607
0.000814682
0.000802499
0.000790062
0.000777377
0.000764451
0.000751291
0.000737907
0.000724306
0.0007105
0.0006965
0.000682317
0.000667965
0.000653456
0.000638807
0.000624031
0.000609145
0.000594166
0.00057911
0.000563997
0.000548843
0.000533668
0.000518491
0.00050333
0.000488207
0.000473139
0.000458147
0.000443249
0.000901403
0.000890943
0.000880195
0.000869157
0.000857833
0.000846222
0.000834329
0.000822156
0.000809706
0.000796986
0.000784001
0.000770758
0.000757265
0.000743529
0.000729562
0.000715374
0.000700975
0.00068638
0.000671601
0.000656653
0.000641552
0.000626313
0.000610953
0.000595492
0.000579946
0.000564335
0.000548679
0.000532999
0.000517314
0.000501645
0.000486014
0.000470441
0.000454947
0.000439554
0.000910509
0.000899902
0.000888989
0.000877771
0.000866249
0.000854424
0.000842298
0.000829874
0.000817156
0.00080415
0.00079086
0.000777295
0.00076346
0.000749367
0.000735024
0.000720443
0.000705636
0.000690616
0.000675398
0.000659996
0.000644427
0.000628709
0.000612859
0.000596896
0.000580842
0.000564715
0.000548537
0.00053233
0.000516116
0.000499918
0.000483758
0.000467658
0.000451643
0.000435733
0.000919854
0.000909103
0.000898029
0.000886633
0.000874915
0.000862876
0.000850517
0.000837842
0.000824854
0.000811558
0.00079796
0.000784066
0.000769885
0.000755426
0.000740699
0.000725716
0.000710489
0.000695032
0.000679361
0.00066349
0.000647439
0.000631224
0.000614866
0.000598385
0.000581802
0.000565138
0.000548418
0.000531664
0.0005149
0.00049815
0.000481439
0.000464791
0.000448231
0.000431784
0.000929439
0.000918548
0.000907317
0.000895746
0.000883834
0.000871581
0.00085899
0.000846063
0.000832803
0.000819215
0.000805304
0.000791078
0.000776544
0.000761712
0.000746593
0.000731198
0.00071554
0.000699634
0.000683496
0.000667143
0.000650593
0.000633866
0.000616982
0.000599962
0.000582831
0.000565611
0.000548326
0.000531002
0.000513665
0.000496341
0.000479056
0.000461837
0.000444711
0.000427703
0.000939264
0.000928238
0.000916854
0.00090511
0.000893007
0.000880544
0.000867721
0.000854542
0.000841009
0.000827127
0.000812901
0.000798337
0.000783445
0.000768233
0.000752713
0.000736896
0.000720797
0.00070443
0.000687812
0.000670961
0.000653896
0.000636639
0.00061921
0.000601634
0.000583933
0.000566135
0.000548264
0.000530348
0.000512415
0.000494493
0.000476611
0.000458796
0.000441079
0.000423488
0.000949329
0.000938173
0.00092664
0.000914729
0.000902438
0.000889766
0.000876714
0.000863283
0.000849476
0.000835298
0.000820753
0.000805849
0.000790592
0.000774994
0.000759065
0.000742817
0.000726265
0.000709425
0.000692314
0.000674951
0.000657355
0.00063955
0.000621558
0.000603404
0.000585114
0.000566716
0.000548236
0.000529705
0.000511152
0.000492607
0.000474102
0.000455668
0.000437335
0.000419135
0.000959633
0.000948353
0.000936678
0.000924603
0.000912128
0.00089925
0.00088597
0.000872289
0.000858209
0.000843733
0.000828867
0.000813618
0.000797993
0.000782002
0.000765656
0.000748969
0.000731954
0.000714628
0.00069701
0.000679119
0.000660977
0.000642606
0.000624032
0.00060528
0.000586379
0.000567358
0.000548246
0.000529075
0.000509877
0.000490684
0.000471531
0.00045245
0.000433476
0.000414642
0.000970175
0.000958778
0.000946966
0.000934733
0.000922078
0.000908998
0.000895493
0.000881563
0.00086721
0.000852437
0.000837248
0.000821651
0.000805653
0.000789263
0.000772493
0.000755357
0.000737869
0.000720046
0.000701907
0.000683474
0.000664768
0.000645813
0.000626637
0.000607268
0.000587734
0.000568066
0.000548298
0.000528462
0.000508593
0.000488726
0.000468898
0.000449145
0.000429502
0.000410008
0.000980955
0.000969448
0.000957505
0.00094512
0.00093229
0.000919013
0.000905286
0.000891109
0.000876484
0.000861414
0.000845901
0.000829953
0.000813578
0.000796784
0.000779583
0.000761989
0.000744018
0.000725686
0.000707013
0.000688022
0.000668735
0.00064918
0.000629382
0.000609373
0.000589183
0.000568846
0.000548397
0.00052787
0.000507304
0.000486736
0.000466205
0.000445751
0.000425413
0.000405229
0.00099197
0.000980361
0.000968294
0.000955764
0.000942765
0.000929295
0.00091535
0.00090093
0.000886035
0.000870667
0.000854831
0.00083853
0.000821774
0.000804571
0.000786933
0.000768873
0.000750408
0.000731555
0.000712336
0.000692771
0.000672888
0.000652712
0.000632273
0.000611603
0.000590735
0.000569704
0.000548547
0.000527304
0.000506013
0.000484716
0.000463454
0.00044227
0.000421207
0.000400306
0.00100322
0.000991516
0.000979334
0.000966665
0.000953504
0.000939846
0.000925688
0.000911028
0.000895866
0.000880202
0.000864041
0.000847387
0.000830246
0.00081263
0.000794548
0.000776015
0.000757047
0.000737662
0.000717882
0.00069773
0.000677232
0.000656418
0.000635317
0.000613964
0.000592393
0.000570644
0.000548754
0.000526766
0.000504723
0.000482667
0.000460646
0.000438703
0.000416885
0.000395237
0.0010147
0.00100291
0.000990621
0.000977822
0.000964506
0.000950667
0.000936301
0.000921405
0.000905979
0.000890022
0.000873536
0.000856527
0.000839001
0.000820967
0.000802435
0.000783421
0.000763941
0.000744013
0.000723659
0.000702904
0.000681776
0.000660304
0.000638521
0.000616462
0.000594166
0.000571672
0.000549023
0.000526262
0.000503437
0.000480594
0.000457782
0.00043505
0.000412446
0.000390022
0.00102641
0.00101454
0.00100216
0.000989234
0.00097577
0.000961757
0.00094719
0.000932064
0.000916377
0.000900128
0.00088332
0.000865956
0.000848042
0.000829587
0.000810601
0.000791099
0.000771097
0.000750615
0.000729675
0.000708303
0.000686526
0.000664378
0.000641892
0.000619105
0.000596059
0.000572794
0.000549358
0.000525796
0.00050216
0.000478498
0.000454864
0.000431311
0.000407892
0.000384666
0.000506735
0.000500924
0.000495124
0.000489338
0.000483568
0.000477817
0.000472085
0.000506632
0.00050081
0.000494999
0.000489202
0.000483422
0.000477661
0.000471919
0.00050643
0.000500586
0.000494755
0.000488938
0.000483138
0.000477356
0.000471594
0.000506135
0.00050026
0.000494398
0.000488551
0.000482721
0.00047691
0.000471118
0.000505748
0.000499834
0.000493932
0.000488045
0.000482177
0.000476327
0.000470498
0.000505275
0.000499311
0.000493361
0.000487426
0.000481509
0.000475613
0.000469737
0.000504716
0.000498694
0.000492687
0.000486695
0.000480722
0.00047477
0.00046884
0.000504074
0.000497985
0.000491912
0.000485855
0.000479818
0.000473803
0.000467809
0.00050335
0.000497186
0.000491039
0.000484908
0.000478799
0.000472712
0.000466648
0.000502545
0.000496298
0.000490068
0.000483856
0.000477666
0.0004715
0.000465357
0.000501659
0.000495321
0.000489
0.000482699
0.00047642
0.000470167
0.000463938
0.000500693
0.000494255
0.000487836
0.000481438
0.000475063
0.000468714
0.000462392
0.000499648
0.000493102
0.000486576
0.000480072
0.000473593
0.000467142
0.000460719
0.000498521
0.00049186
0.000485219
0.000478602
0.000472011
0.00046545
0.000458918
0.000497315
0.000490529
0.000483766
0.000477027
0.000470317
0.000463637
0.000456989
0.000496026
0.000489108
0.000482214
0.000475346
0.000468509
0.000461703
0.000454932
0.000494656
0.000487597
0.000480564
0.000473559
0.000466585
0.000459647
0.000452744
0.000493203
0.000485994
0.000478814
0.000471663
0.000464546
0.000457466
0.000450424
0.000491665
0.000484299
0.000476962
0.000469657
0.000462389
0.00045516
0.000447971
0.000490041
0.000482509
0.000475008
0.000467541
0.000460112
0.000452725
0.000445382
0.000488331
0.000480623
0.000472948
0.000465311
0.000457714
0.000450161
0.000442655
0.000486533
0.00047864
0.000470783
0.000462965
0.000455191
0.000447465
0.000439788
0.000484644
0.000476557
0.000468509
0.000460502
0.000452543
0.000444633
0.000436777
0.000482663
0.000474373
0.000466123
0.000457919
0.000449765
0.000441664
0.00043362
0.000480589
0.000472085
0.000463625
0.000455214
0.000446855
0.000438554
0.000430314
0.000478419
0.000469692
0.000461011
0.000452383
0.000443811
0.0004353
0.000426855
0.000476152
0.000467191
0.000458279
0.000449423
0.000440628
0.000431899
0.000423239
0.000473785
0.000464579
0.000455426
0.000446333
0.000437305
0.000428347
0.000419463
0.000471316
0.000461854
0.000452449
0.000443108
0.000433837
0.00042464
0.000415523
0.000468743
0.000459014
0.000449346
0.000439746
0.00043022
0.000420775
0.000411415
0.000466064
0.000456055
0.000446112
0.000436242
0.000426452
0.000416747
0.000407134
0.000463275
0.000452975
0.000442746
0.000432594
0.000422527
0.000412553
0.000402676
0.000460375
0.000449771
0.000439243
0.000428797
0.000418443
0.000408187
0.000398036
0.000457361
0.00044644
0.0004356
0.000424848
0.000414194
0.000403645
0.000393209
0.00045423
0.000442979
0.000431814
0.000420743
0.000409777
0.000398923
0.00038819
0.00045098
0.000439384
0.00042788
0.000416478
0.000405186
0.000394016
0.000382974
0.000447608
0.000435653
0.000423796
0.000412047
0.000400418
0.000388918
0.000377556
0.00044411
0.000431781
0.000419556
0.000407448
0.000395467
0.000383624
0.000371929
0.000440484
0.000427765
0.000415158
0.000402675
0.000390328
0.000378129
0.000366088
0.000436726
0.000423601
0.000410596
0.000397723
0.000384996
0.000372426
0.000360027
0.000432833
0.000419286
0.000405866
0.000392588
0.000379465
0.000366511
0.000353739
0.000428803
0.000414815
0.000400964
0.000387264
0.00037373
0.000360376
0.000347217
0.00042463
0.000410185
0.000395884
0.000381745
0.000367784
0.000354016
0.000340456
0.000420313
0.00040539
0.000390622
0.000376027
0.000361622
0.000347423
0.000333447
0.000415846
0.000400426
0.000385173
0.000370103
0.000355236
0.000340591
0.000326183
0.000411225
0.000395289
0.000379529
0.000363966
0.00034862
0.00033351
0.000318656
0.000406448
0.000389973
0.000373687
0.00035761
0.000341766
0.000326175
0.000310856
0.00040151
0.000384474
0.000367639
0.000351029
0.000334666
0.000318575
0.000302776
0.000396407
0.000378786
0.00036138
0.000344214
0.000327313
0.000310702
0.000294404
0.000391136
0.000372906
0.000354905
0.00033716
0.000319699
0.000302549
0.000285733
0.000385695
0.00036683
0.000348209
0.000329861
0.000311817
0.000294106
0.000276754
0.000380081
0.000360555
0.000341287
0.000322312
0.000303661
0.000285367
0.000267458
0.000374293
0.000354075
0.000334134
0.000314506
0.000295224
0.000276324
0.000257838
0.000368331
0.000347395
0.000326754
0.000306447
0.000286508
0.000266978
0.000247889
0.000362207
0.000340521
0.000319153
0.000298137
0.000277507
0.000257325
0.000237608
0.000466371
0.000460678
0.000455007
0.00044936
0.000443738
0.00043814
0.000432569
0.000466195
0.000460491
0.000454811
0.000449154
0.000443522
0.000437915
0.000432335
0.000465851
0.000460128
0.000454429
0.000448754
0.000443103
0.000437479
0.000431881
0.000465346
0.000459596
0.000453869
0.000448166
0.000442489
0.000436838
0.000431214
0.000464688
0.000458901
0.000453138
0.0004474
0.000441688
0.000436002
0.000430346
0.000463882
0.00045805
0.000452242
0.00044646
0.000440705
0.000434979
0.000429281
0.000462931
0.000457045
0.000451186
0.000445353
0.000439548
0.000433772
0.000428025
0.000461839
0.000455892
0.000449973
0.000444081
0.000438219
0.000432386
0.000426585
0.000460608
0.000454593
0.000448606
0.000442649
0.000436721
0.000430825
0.000424962
0.00045924
0.000453149
0.000447088
0.000441057
0.000435058
0.000429092
0.00042316
0.000457736
0.000451563
0.00044542
0.000439309
0.000433231
0.000427188
0.000421181
0.000456098
0.000449834
0.000443602
0.000437404
0.000431241
0.000425114
0.000419026
0.000454325
0.000447964
0.000441636
0.000435344
0.000429088
0.000422872
0.000416695
0.000452418
0.000445951
0.00043952
0.000433127
0.000426773
0.00042046
0.00041419
0.000450375
0.000443796
0.000437255
0.000430755
0.000424295
0.000417879
0.000411508
0.000448196
0.000441497
0.00043484
0.000428225
0.000421653
0.000415128
0.000408651
0.000445879
0.000439054
0.000432272
0.000425536
0.000418846
0.000412205
0.000405615
0.000443422
0.000436464
0.000429551
0.000422687
0.000415872
0.000409109
0.0004024
0.000440825
0.000433725
0.000426675
0.000419675
0.000412728
0.000405837
0.000399004
0.000438085
0.000430836
0.00042364
0.000416498
0.000409413
0.000402388
0.000395423
0.000435198
0.000427794
0.000420445
0.000413154
0.000405924
0.000398757
0.000391655
0.000432163
0.000424595
0.000417086
0.000409639
0.000402257
0.000394943
0.000387698
0.000428977
0.000421237
0.000413561
0.000405951
0.00039841
0.000390941
0.000383547
0.000425637
0.000417717
0.000409866
0.000402085
0.000394379
0.000386749
0.000379199
0.000422138
0.000414031
0.000405997
0.000398039
0.000390159
0.000382362
0.000374651
0.000418478
0.000410176
0.000401951
0.000393807
0.000385748
0.000377777
0.000369897
0.000414654
0.000406147
0.000397723
0.000389386
0.00038114
0.000372988
0.000364934
0.000410659
0.00040194
0.000393309
0.000384771
0.000376331
0.000367991
0.000359756
0.000406492
0.000397551
0.000388704
0.000379958
0.000371316
0.000362781
0.000354359
0.000402146
0.000392975
0.000383905
0.000374942
0.00036609
0.000357354
0.000348738
0.000397619
0.000388207
0.000378905
0.000369717
0.000360648
0.000351703
0.000342886
0.000392904
0.000383243
0.000373699
0.000364278
0.000354984
0.000345823
0.0003368
0.000387997
0.000378077
0.000368283
0.000358619
0.000349093
0.000339709
0.000330472
0.000382893
0.000372704
0.00036265
0.000352736
0.000342968
0.000333354
0.000323896
0.000377586
0.000367118
0.000356794
0.000346621
0.000336604
0.000326751
0.000317067
0.000372071
0.000361313
0.00035071
0.000340268
0.000329994
0.000319895
0.000309977
0.000366341
0.000355284
0.000344391
0.000333671
0.000323132
0.000312779
0.00030262
0.000360392
0.000349023
0.000337831
0.000326824
0.00031601
0.000305396
0.000294989
0.000354217
0.000342525
0.000331023
0.000319719
0.000308621
0.000297738
0.000287077
0.000347808
0.000335782
0.000323959
0.000312348
0.000300959
0.000289799
0.000278876
0.00034116
0.000328788
0.000316633
0.000304706
0.000293015
0.00028157
0.000270379
0.000334266
0.000321536
0.000309037
0.000296783
0.000284782
0.000273044
0.000261578
0.000327118
0.000314017
0.000301164
0.000288572
0.000276251
0.000264212
0.000252464
0.000319709
0.000306224
0.000293005
0.000280064
0.000267415
0.000255067
0.00024303
0.00031203
0.000298148
0.000284551
0.000271252
0.000258264
0.000245599
0.000233266
0.000304074
0.000289781
0.000275793
0.000262125
0.00024879
0.0002358
0.000223165
0.00029583
0.000281113
0.000266723
0.000252675
0.000238983
0.00022566
0.000212717
0.000287289
0.000272134
0.000257329
0.000242891
0.000228833
0.00021517
0.000201913
0.000278442
0.000262835
0.000247602
0.000232762
0.00021833
0.000204319
0.000190743
0.000269277
0.000253203
0.000237531
0.000222278
0.000207463
0.000193098
0.000179197
0.000259787
0.00024323
0.000227105
0.000211429
0.000196222
0.000181496
0.000167266
0.000249963
0.000232907
0.000216315
0.000200207
0.000184599
0.000169506
0.000154942
0.000239796
0.000222227
0.000205156
0.000188603
0.000172587
0.000157121
0.000142217
0.000229278
0.000211176
0.000193611
0.000176605
0.000160174
0.00014433
0.000129082
0.000218401
0.000199745
0.000181671
0.0001642
0.000147346
0.00013112
0.000115528
0.000426892
0.000421114
0.00041537
0.000409661
0.000403984
0.000398342
0.000392737
0.000387173
0.000381648
0.000376161
0.000370715
0.000365311
0.00035995
0.000354632
0.000349359
0.00034413
0.000338947
0.00033381
0.00032872
0.000323678
0.000318684
0.000313738
0.000308842
0.000303995
0.000426649
0.000420862
0.00041511
0.000409391
0.000403706
0.000398056
0.000392444
0.000386872
0.000381339
0.000375846
0.000370393
0.000364982
0.000359615
0.000354291
0.000349012
0.000343778
0.00033859
0.000333448
0.000328353
0.000323307
0.000318308
0.000313359
0.000308459
0.000303609
0.000426178
0.000420373
0.000414603
0.000408868
0.000403167
0.0003975
0.000391873
0.000386286
0.000380739
0.000375232
0.000369765
0.000364342
0.000358963
0.000353627
0.000348337
0.000343092
0.000337893
0.000332742
0.000327639
0.000322583
0.000317577
0.00031262
0.000307713
0.000302856
0.000425485
0.000419655
0.00041386
0.000408101
0.000402376
0.000396686
0.000391037
0.000385428
0.00037986
0.000374333
0.000368847
0.000363405
0.000358008
0.000352655
0.000347349
0.000342088
0.000336875
0.00033171
0.000326593
0.000321525
0.000316507
0.000311539
0.000306622
0.000301756
0.000424583
0.000418719
0.000412891
0.0004071
0.000401344
0.000395625
0.000389946
0.00038431
0.000378715
0.000373161
0.00036765
0.000362184
0.000356763
0.000351389
0.000346061
0.00034078
0.000335548
0.000330365
0.000325231
0.000320147
0.000315114
0.000310132
0.000305202
0.000300324
0.000423477
0.000417572
0.000411704
0.000405874
0.000400081
0.000394325
0.000388611
0.00038294
0.000377312
0.000371726
0.000366185
0.000360689
0.00035524
0.000349839
0.000344485
0.00033918
0.000333924
0.000328719
0.000323565
0.000318461
0.00031341
0.000308411
0.000303465
0.000298573
0.000422173
0.000416221
0.000410306
0.00040443
0.000398592
0.000392793
0.000387038
0.000381327
0.00037566
0.000370037
0.000364459
0.000358929
0.000353448
0.000348014
0.000342631
0.000337297
0.000332015
0.000326784
0.000321605
0.000316479
0.000311407
0.000306389
0.000301424
0.000296515
0.000420677
0.000414669
0.000408701
0.000402773
0.000396884
0.000391037
0.000385233
0.000379477
0.000373765
0.0003681
0.000362481
0.000356912
0.000351393
0.000345924
0.000340506
0.00033514
0.000329827
0.000324567
0.000319362
0.00031421
0.000309114
0.000304074
0.000299089
0.000294161
0.000418993
0.000412923
0.000406894
0.000400908
0.000394962
0.00038906
0.000383203
0.000377395
0.000371634
0.000365921
0.000360257
0.000354644
0.000349083
0.000343574
0.000338119
0.000332717
0.00032737
0.000322078
0.000316842
0.000311663
0.000306541
0.000301476
0.000296469
0.00029152
0.000417122
0.000410984
0.000404889
0.000398837
0.000392829
0.000386866
0.000380951
0.000375086
0.000369271
0.000363505
0.000357791
0.00035213
0.000346524
0.000340971
0.000335474
0.000330033
0.000324649
0.000319322
0.000314053
0.000308844
0.000303693
0.000298602
0.000293571
0.0002886
0.000415068
0.000408855
0.000402687
0.000396565
0.000390488
0.000384459
0.00037848
0.000372553
0.000366679
0.000360856
0.000355088
0.000349375
0.000343718
0.000338118
0.000332576
0.000327093
0.000321669
0.000316305
0.000311001
0.000305758
0.000300577
0.000295458
0.000290402
0.000285408
0.000412831
0.000406537
0.00040029
0.000394092
0.000387941
0.00038184
0.000375792
0.000369799
0.000363861
0.000357977
0.00035215
0.000346381
0.000340671
0.00033502
0.00032943
0.000323902
0.000318435
0.000313031
0.00030769
0.000302413
0.0002972
0.000292051
0.000286968
0.000281949
0.000410413
0.000404031
0.0003977
0.000391419
0.000385189
0.000379011
0.000372889
0.000366825
0.000360818
0.000354869
0.000348979
0.000343151
0.000337384
0.00033168
0.000326039
0.000320462
0.00031495
0.000309504
0.000304124
0.000298811
0.000293564
0.000288385
0.000283274
0.00027823
0.000407814
0.000401338
0.000394916
0.000388548
0.000382233
0.000375973
0.000369773
0.000363633
0.000357553
0.000351534
0.000345578
0.000339686
0.00033386
0.000328099
0.000322404
0.000316777
0.000311218
0.000305728
0.000300307
0.000294956
0.000289675
0.000284464
0.000279324
0.000274255
0.000405032
0.000398458
0.000391939
0.000385477
0.000379072
0.000372726
0.000366442
0.000360222
0.000354065
0.000347973
0.000341947
0.000335989
0.000330099
0.000324279
0.000318528
0.000312849
0.000307241
0.000301705
0.000296241
0.000290851
0.000285534
0.000280291
0.000275122
0.000270027
0.000402069
0.000395389
0.000388768
0.000382208
0.000375707
0.00036927
0.000362897
0.000356593
0.000350356
0.000344186
0.000338087
0.000332059
0.000326104
0.000320221
0.000314412
0.000308678
0.000303019
0.000297436
0.000291929
0.000286499
0.000281146
0.00027587
0.000270672
0.000265551
0.000398921
0.00039213
0.000385402
0.000378737
0.000372137
0.000365603
0.000359138
0.000352745
0.000346423
0.000340173
0.000333998
0.000327897
0.000321873
0.000315926
0.000310057
0.000304267
0.000298555
0.000292924
0.000287373
0.000281902
0.000276512
0.000271204
0.000265976
0.00026083
0.000395588
0.00038868
0.000381838
0.000375064
0.000368359
0.000361724
0.000355163
0.000348677
0.000342267
0.000335933
0.000329678
0.000323502
0.000317408
0.000311394
0.000305463
0.000299615
0.00029385
0.000288169
0.000282573
0.000277061
0.000271635
0.000266293
0.000261037
0.000255866
0.000392067
0.000385036
0.000378076
0.000371188
0.000364372
0.000357632
0.00035097
0.000344388
0.000337886
0.000331465
0.000325127
0.000318874
0.000312706
0.000306625
0.00030063
0.000294722
0.000288903
0.000283172
0.000277531
0.000271978
0.000266515
0.000261141
0.000255857
0.000250662
0.000388357
0.000381197
0.000374113
0.000367105
0.000360175
0.000353325
0.000346558
0.000339875
0.000333278
0.000326768
0.000320345
0.000314012
0.000307769
0.000301617
0.000295557
0.000289589
0.000283715
0.000277934
0.000272247
0.000266654
0.000261154
0.000255749
0.000250437
0.000245219
0.000384453
0.000377159
0.000369945
0.000362813
0.000355764
0.000348799
0.000341923
0.000335137
0.000328442
0.000321838
0.000315328
0.000308913
0.000302593
0.00029637
0.000290244
0.000284216
0.000278286
0.000272454
0.000266722
0.000261088
0.000255554
0.000250118
0.00024478
0.000239541
0.000380354
0.00037292
0.000365571
0.000358309
0.000351136
0.000344053
0.000337065
0.000330172
0.000323375
0.000316676
0.000310076
0.000303577
0.000297179
0.000290883
0.00028469
0.000278601
0.000272615
0.000266733
0.000260956
0.000255283
0.000249714
0.000244249
0.000238887
0.000233629
0.000376055
0.000368475
0.000360986
0.00035359
0.000346288
0.000339083
0.000331978
0.000324975
0.000318074
0.000311277
0.000304585
0.000298
0.000291523
0.000285154
0.000278894
0.000272743
0.000266702
0.00026077
0.000254949
0.000249238
0.000243636
0.000238143
0.000232759
0.000227484
0.000371553
0.000363822
0.000356188
0.000348652
0.000341218
0.000333886
0.000326661
0.000319545
0.000312537
0.00030564
0.000298854
0.000292183
0.000285625
0.000279181
0.000272854
0.000266642
0.000260545
0.000254565
0.000248701
0.000242953
0.00023732
0.000231802
0.000226399
0.000221108
0.000366845
0.000358956
0.000351171
0.000343492
0.00033592
0.000328458
0.00032111
0.000313877
0.00030676
0.000299761
0.00029288
0.00028612
0.000279481
0.000272964
0.000266568
0.000260295
0.000254145
0.000248118
0.000242212
0.000236429
0.000230767
0.000225226
0.000219805
0.000214504
0.000361925
0.000353874
0.000345933
0.000338105
0.000330392
0.000322796
0.000315321
0.000307969
0.000300741
0.000293637
0.00028666
0.000279811
0.00027309
0.000266498
0.000260036
0.000253703
0.0002475
0.000241426
0.000235482
0.000229666
0.000223978
0.000218416
0.000212981
0.000207671
0.00035679
0.00034857
0.000340468
0.000332486
0.000324628
0.000316895
0.00030929
0.000301817
0.000294475
0.000287265
0.000280191
0.000273252
0.000266449
0.000259784
0.000253255
0.000246863
0.000240609
0.000234491
0.000228509
0.000222663
0.000216951
0.000211374
0.000205928
0.000200613
0.000351434
0.00034304
0.000334772
0.000326632
0.000318624
0.00031075
0.000303013
0.000295416
0.000287958
0.000280642
0.000273469
0.00026644
0.000259556
0.000252817
0.000246223
0.000239774
0.00023347
0.00022731
0.000221294
0.000215421
0.00020969
0.000204098
0.000198646
0.000193331
0.000345853
0.000337279
0.00032884
0.000320538
0.000312376
0.000304358
0.000296486
0.000288762
0.000281188
0.000273764
0.000266492
0.000259373
0.000252408
0.000245596
0.000238938
0.000232434
0.000226083
0.000219884
0.000213837
0.00020794
0.000202192
0.000196592
0.000191137
0.000185827
0.000340042
0.000331282
0.000322666
0.000314198
0.000305879
0.000297713
0.000289704
0.000281852
0.000274159
0.000266626
0.000259255
0.000252047
0.000245001
0.000238119
0.000231399
0.000224842
0.000218447
0.000212212
0.000206137
0.00020022
0.00019446
0.000188855
0.000183403
0.000178101
0.000333994
0.000325043
0.000316247
0.000307607
0.000299128
0.000290811
0.000282661
0.00027468
0.000266867
0.000259226
0.000251756
0.000244459
0.000237334
0.000230383
0.000223603
0.000216996
0.000210559
0.000204293
0.000198194
0.000192262
0.000186494
0.000180889
0.000175445
0.000170158
0.000327705
0.000318558
0.000309575
0.00030076
0.000292116
0.000283647
0.000275355
0.000267242
0.000259309
0.000251558
0.00024399
0.000236605
0.000229404
0.000222385
0.000215549
0.000208895
0.000202421
0.000196125
0.000190008
0.000184065
0.000178295
0.000172696
0.000167264
0.000161998
0.000321168
0.000311819
0.000302645
0.000293651
0.00028484
0.000276215
0.000267778
0.000259533
0.00025148
0.00024362
0.000235954
0.000228483
0.000221206
0.000214124
0.000207234
0.000200536
0.000194029
0.00018771
0.000181578
0.00017563
0.000169864
0.000164276
0.000158864
0.000153624
0.000314378
0.000304821
0.000295452
0.000286274
0.000277292
0.000268509
0.000259927
0.000251549
0.000243375
0.000235407
0.000227645
0.000220089
0.00021274
0.000205596
0.000198656
0.000191919
0.000185383
0.000179046
0.000172905
0.000166958
0.000161201
0.000155631
0.000150245
0.00014504
0.000307328
0.000297557
0.000287988
0.000278624
0.000269468
0.000260525
0.000251796
0.000243284
0.000234989
0.000226914
0.000219057
0.00021142
0.000204001
0.0001968
0.000189814
0.000183043
0.000176484
0.000170133
0.00016399
0.000158049
0.000152308
0.000146764
0.000141411
0.000136246
0.000300011
0.000290022
0.000280248
0.000270693
0.000261361
0.000252256
0.000243379
0.000234733
0.000226319
0.000218137
0.000210189
0.000202472
0.000194987
0.000187733
0.000180706
0.000173906
0.000167329
0.000160972
0.000154832
0.000148905
0.000143188
0.000137675
0.000132364
0.000127248
0.000292421
0.000282208
0.000272225
0.000262476
0.000252966
0.000243696
0.000234671
0.000225892
0.000217359
0.000209073
0.000201035
0.000193243
0.000185696
0.000178393
0.00017133
0.000164507
0.000157918
0.000151561
0.000145432
0.000139527
0.00013384
0.000128368
0.000123106
0.000118047
0.000284551
0.000274109
0.000263912
0.000253967
0.000244275
0.00023484
0.000225666
0.000216754
0.000208104
0.000199717
0.000191592
0.000183728
0.000176124
0.000168777
0.000161685
0.000154845
0.000148252
0.000141902
0.000135792
0.000129916
0.000124269
0.000118846
0.000113641
0.000108649
0.000276394
0.000265717
0.000255303
0.000245157
0.000235282
0.000225682
0.000216359
0.000207315
0.00019855
0.000190064
0.000181856
0.000173925
0.000166269
0.000158885
0.00015177
0.00014492
0.00013833
0.000131995
0.000125912
0.000120074
0.000114475
0.00010911
0.000103972
9.90555e-05
0.000267942
0.000257025
0.00024639
0.000236041
0.000225982
0.000216215
0.000206744
0.00019757
0.000188692
0.00018011
0.000171824
0.000163832
0.000156129
0.000148715
0.000141583
0.00013473
0.000128152
0.000121841
0.000115794
0.000110003
0.000104462
9.91648e-05
9.41038e-05
8.92722e-05
0.000259187
0.000248027
0.000237166
0.000226612
0.000216366
0.000206433
0.000196815
0.000187512
0.000178525
0.000169852
0.000161493
0.000153444
0.000145702
0.000138263
0.000131124
0.000124277
0.000117719
0.000111442
0.00010544
9.97058e-05
9.42328e-05
8.90132e-05
8.40394e-05
7.93035e-05
0.000250122
0.000238713
0.000227624
0.000216862
0.00020643
0.00019633
0.000186566
0.000177138
0.000168045
0.000159286
0.000150858
0.000142759
0.000134985
0.000127531
0.000120391
0.00011356
0.000107031
0.000100797
9.48509e-05
8.91846e-05
8.37902e-05
7.86593e-05
7.37836e-05
6.91542e-05
0.000240739
0.000229076
0.000217756
0.000206784
0.000196165
0.0001859
0.000175992
0.000166441
0.000157247
0.000148406
0.000139917
0.000131776
0.000123977
0.000116516
0.000109385
0.000102579
9.60901e-05
8.99099e-05
8.40303e-05
7.84427e-05
7.31381e-05
6.81073e-05
6.33409e-05
5.88295e-05
0.00023103
0.000219109
0.000207555
0.000196372
0.000185565
0.000175136
0.000165087
0.000155417
0.000146126
0.00013721
0.000128667
0.00012049
0.000112676
0.000105217
9.81059e-05
9.13355e-05
8.48971e-05
7.87819e-05
7.29805e-05
6.74833e-05
6.22804e-05
5.73617e-05
5.27167e-05
4.83351e-05
0.000220987
0.000208804
0.000197012
0.000185617
0.000174623
0.000164032
0.000153845
0.000144061
0.000134679
0.000125694
0.000117104
0.000108902
0.000101081
9.36341e-05
8.65533e-05
7.98297e-05
7.34538e-05
6.74155e-05
6.17045e-05
5.63102e-05
5.12215e-05
4.64273e-05
4.19163e-05
3.76769e-05
0.0002106
0.000198151
0.000186121
0.000174513
0.000163333
0.000152581
0.00014226
0.000132368
0.000122901
0.000113856
0.000105227
9.70076e-05
8.91906e-05
8.17672e-05
7.47281e-05
6.80632e-05
6.17621e-05
5.58135e-05
5.02059e-05
4.49275e-05
3.99661e-05
3.53096e-05
3.09454e-05
2.68612e-05
0.000199862
0.000187144
0.000174872
0.000163052
0.000151687
0.000140779
0.000130328
0.000120333
0.000110788
0.00010169
9.30326e-05
8.48069e-05
7.70047e-05
6.96163e-05
6.2631e-05
5.60377e-05
4.98245e-05
4.3979e-05
3.84883e-05
3.33396e-05
2.85193e-05
2.40141e-05
1.98104e-05
1.58947e-05
0.000188762
0.000175773
0.00016326
0.000151228
0.00013968
0.000128619
0.000118044
0.000107952
9.83381e-05
8.91965e-05
8.05196e-05
7.22984e-05
6.45228e-05
5.71818e-05
5.02635e-05
4.37552e-05
3.76438e-05
3.19155e-05
2.65561e-05
2.15513e-05
1.68865e-05
1.25468e-05
8.51768e-06
4.78424e-06
0.000177294
0.00016403
0.000151275
0.000139032
0.000127305
0.000116096
0.000105402
9.52212e-05
8.55465e-05
7.63712e-05
6.76862e-05
5.94812e-05
5.17448e-05
4.44645e-05
3.7627e-05
3.12181e-05
2.52231e-05
1.96268e-05
1.44137e-05
9.56789e-06
5.07342e-06
9.14213e-07
-2.92582e-06
-6.46266e-06
0.000165446
0.000151907
0.000138909
0.000126458
0.000114556
0.000103203
9.23985e-05
8.21365e-05
7.24106e-05
6.32121e-05
5.45308e-05
4.63547e-05
3.8671e-05
3.14655e-05
2.47234e-05
1.84289e-05
1.25657e-05
7.11717e-06
2.06601e-06
-2.60508e-06
-6.9136e-06
-1.0877e-05
-1.45128e-05
-1.78384e-05
0.000153211
0.000139395
0.000126155
0.000113498
0.000101425
8.99354e-05
7.90269e-05
6.86935e-05
5.89268e-05
4.97169e-05
4.10518e-05
3.29182e-05
2.53015e-05
1.81858e-05
1.15547e-05
5.39058e-06
-3.24475e-07
-5.60897e-06
-1.04817e-05
-1.49617e-05
-1.90681e-05
-2.28198e-05
-2.62358e-05
-2.93348e-05
0.000140579
0.000126484
0.000113004
0.000100143
8.79045e-05
7.62854e-05
6.5282e-05
5.48871e-05
4.50911e-05
3.58824e-05
2.72473e-05
1.91707e-05
1.16363e-05
4.62652e-06
-1.87714e-06
-7.89395e-06
-1.34438e-05
-1.85469e-05
-2.32241e-05
-2.74959e-05
-3.13833e-05
-3.49068e-05
-3.80869e-05
-4.09438e-05
0.000127543
0.000113166
9.94454e-05
8.63862e-05
7.39871e-05
6.22458e-05
5.11568e-05
4.07116e-05
3.08988e-05
2.17049e-05
1.31146e-05
5.11086e-06
-2.32467e-06
-9.21149e-06
-1.55701e-05
-2.14216e-05
-2.67881e-05
-3.16919e-05
-3.61553e-05
-4.02012e-05
-4.38521e-05
-4.71303e-05
-5.00579e-05
-5.26568e-05
0.000114096
9.94317e-05
8.54718e-05
7.22173e-05
5.96639e-05
4.78084e-05
3.66442e-05
2.61607e-05
1.63447e-05
7.18069e-06
-1.34874e-06
-9.26266e-06
-1.65815e-05
-2.3327e-05
-2.95217e-05
-3.51891e-05
-4.03532e-05
-4.50384e-05
-4.92693e-05
-5.30707e-05
-5.6467e-05
-5.94822e-05
-6.21404e-05
-6.44647e-05
0.000100224
8.52677e-05
7.10729e-05
5.76282e-05
4.49265e-05
3.29653e-05
2.17368e-05
1.1228e-05
1.42338e-06
-7.69463e-06
-1.61458e-05
-2.39515e-05
-3.11346e-05
-3.77191e-05
-4.37299e-05
-4.91929e-05
-5.41344e-05
-5.85811e-05
-6.25599e-05
-6.60974e-05
-6.92202e-05
-7.19544e-05
-7.43255e-05
-7.63585e-05
)
;

boundaryField
{
    down
    {
        type            symmetryPlane;
    }
    right
    {
        type            fixedValue;
        value           nonuniform List<scalar> 0();
    }
    up
    {
        type            symmetryPlane;
    }
    left
    {
        type            zeroGradient;
    }
    cylinder
    {
        type            zeroGradient;
    }
    frontAndBack
    {
        type            empty;
    }
    procBoundary1to0
    {
        type            processor;
        value           nonuniform List<scalar> 
73
(
0.00105011
0.00106324
0.0010769
0.00109112
0.00110591
0.0011213
0.00113731
0.00115397
0.0011713
0.00118933
0.00120808
0.00122758
0.00124785
0.00126891
0.0012908
0.00131352
0.00133712
0.00136159
0.000717516
0.000717795
0.000718341
0.000719138
0.000720177
0.000721449
0.000722944
0.000724656
0.000726579
0.000728708
0.00073104
0.000733571
0.000736298
0.000739219
0.000742334
0.00074564
0.000749138
0.000752827
0.000756708
0.000760781
0.000765047
0.000769508
0.000774164
0.000779018
0.000784072
0.000789326
0.000794784
0.000800448
0.000806319
0.0008124
0.000818694
0.000825203
0.000831928
0.000838874
0.00084604
0.000853431
0.000861047
0.00086889
0.000876963
0.000885267
0.000893803
0.000902572
0.000911575
0.000920813
0.000930286
0.000939994
0.000949936
0.000960112
0.000970521
0.000981161
0.000992031
0.00100313
0.00101445
0.00102599
0.00103776
)
;
    }
    procBoundary1to2
    {
        type            processor;
        value           nonuniform List<scalar> 
74
(
-9.0109e-05
-0.000102714
-0.000115641
-0.000128889
-0.000142459
-0.000156348
-0.000170553
-0.000185068
-0.000199887
-0.000214999
-0.000230393
-0.000246051
-0.000261956
-0.000278086
-0.000294412
-0.000310904
-0.000327525
-0.000344233
-0.00036098
0.000299198
0.000298809
0.00029805
0.000296942
0.000295498
0.000293734
0.000291661
0.00028929
0.00028663
0.00028369
0.000280477
0.000276997
0.000273255
0.000269257
0.000265007
0.000260508
0.000255765
0.00025078
0.000245555
0.000240095
0.0002344
0.000228473
0.000222316
0.000215931
0.00020932
0.000202485
0.000195428
0.000188152
0.000180658
0.000172948
0.000165026
0.000156894
0.000148554
0.00014001
0.000131266
0.000122324
0.000113188
0.000103863
9.43531e-05
8.4663e-05
7.47977e-05
6.47627e-05
5.45637e-05
4.42067e-05
3.36981e-05
2.30448e-05
1.22536e-05
1.33222e-06
-9.71176e-06
-2.08702e-05
-3.21348e-05
-4.34968e-05
-5.49474e-05
-6.64772e-05
-7.8077e-05
)
;
    }
    procBoundary1to5
    {
        type            processor;
        value           nonuniform List<scalar> 
77
(
-0.000420983
-0.000444049
-0.000457928
-0.000470371
-0.000480733
-0.000488255
-0.000493124
-0.000495635
-0.000496005
-0.000494437
-0.000491144
-0.000486337
-0.00048022
-0.000420983
-0.00048022
-0.000506393
-0.000496373
-0.000485623
-0.000474308
-0.000462573
-0.000450547
-0.000438346
-0.000426068
-0.000413798
-0.00040161
-0.000389564
-0.000283752
-0.000321618
-0.000358117
-0.000392778
-0.000425271
-0.000244739
-0.000283752
-0.000287325
0.000107691
0.000195756
5.67635e-05
1.31572e-05
-3.11811e-05
-7.58376e-05
-7.58376e-05
-0.000155953
-0.000200913
0.00137882
0.00136964
0.00135935
0.00134788
0.00133515
0.00132108
0.00130559
0.0012886
0.00127002
0.00124978
0.00122779
0.00120398
0.00117826
0.00115058
0.00112086
0.00108905
0.0010551
0.00101899
0.000980684
0.000940183
0.000897501
0.000852672
0.000805751
0.000756821
0.000705986
0.000653383
0.000599174
0.00054355
0.000486732
0.000428972
0.000370538
0.000311679
0.000253069
0.000195756
)
;
    }
}


// ************************************************************************* //
