/*--------------------------------*- C++ -*----------------------------------*\
| =========                 |                                                 |
| \\      /  F ield         | OpenFOAM: The Open Source CFD Toolbox           |
|  \\    /   O peration     | Version:  2412                                  |
|   \\  /    A nd           | Website:  www.openfoam.com                      |
|    \\/     M anipulation  |                                                 |
\*---------------------------------------------------------------------------*/
FoamFile
{
    version     2.0;
    format      ascii;
    arch        "LSB;label=32;scalar=64";
    class       volScalarField;
    location    "26.5";
    object      p;
}
// * * * * * * * * * * * * * * * * * * * * * * * * * * * * * * * * * * * * * //

dimensions      [0 2 -2 0 0 0 0];

internalField   nonuniform List<scalar> 
5285
(
-0.00093204
-0.000872669
-0.000903275
-0.000923735
-0.000942713
-0.000959411
-0.000972805
-0.000982955
-0.000990077
-0.000994287
-0.000995689
-0.000994406
-0.00099057
-0.000984321
-0.000975802
-0.00096516
-0.000952544
-0.000938104
-0.000921991
-0.000904353
-0.000885342
-0.000865102
-0.000843776
-0.000821507
-0.000817381
-0.000846541
-0.000866606
-0.000885242
-0.000901737
-0.000915175
-0.000925606
-0.000933214
-0.000938101
-0.000940356
-0.000940085
-0.000937408
-0.000932449
-0.000925337
-0.000916205
-0.000905189
-0.000892425
-0.000878052
-0.000862209
-0.000845032
-0.000826657
-0.000807216
-0.000786842
-0.000765818
-0.000793607
-0.000813246
-0.000831509
-0.000847756
-0.000861175
-0.000871804
-0.000879803
-0.000885259
-0.000888247
-0.000888863
-0.000887212
-0.000883404
-0.000877555
-0.000869787
-0.000860222
-0.000848985
-0.000836203
-0.000822004
-0.000806513
-0.000789858
-0.000772159
-0.00075354
-0.000717662
-0.000744152
-0.000763349
-0.000781215
-0.000797183
-0.000810532
-0.000821292
-0.0008296
-0.000835531
-0.000839151
-0.000840542
-0.000839797
-0.000837015
-0.000832302
-0.000825764
-0.000817515
-0.000807669
-0.000796341
-0.000783649
-0.000769709
-0.000754638
-0.000738548
-0.000721554
-0.000672622
-0.000697886
-0.00071663
-0.000734088
-0.000749755
-0.000762993
-0.000773828
-0.000782377
-0.000788704
-0.000792864
-0.000794932
-0.000794988
-0.000793121
-0.000789426
-0.000784
-0.000776944
-0.000768364
-0.000758364
-0.000747053
-0.000734538
-0.000720927
-0.000706323
-0.000690833
-0.000630436
-0.000654545
-0.000672834
-0.000689876
-0.000705225
-0.000718322
-0.000729187
-0.000737918
-0.000744571
-0.000749194
-0.000751851
-0.000752615
-0.000751564
-0.000748782
-0.000744359
-0.000738386
-0.000730958
-0.000722171
-0.000712126
-0.00070092
-0.000688653
-0.000675421
-0.000661321
-0.000590874
-0.000613893
-0.000631726
-0.000648351
-0.000663373
-0.000676305
-0.00068716
-0.000696025
-0.000702945
-0.000707962
-0.000711132
-0.00071252
-0.000712195
-0.000710234
-0.000706715
-0.000701723
-0.000695344
-0.000687666
-0.00067878
-0.000668777
-0.000657748
-0.000645782
-0.00063297
-0.000553723
-0.000575715
-0.000593099
-0.000609307
-0.000623997
-0.000636744
-0.00064756
-0.000656516
-0.000663652
-0.000669003
-0.000672619
-0.000674556
-0.000674878
-0.000673652
-0.00067095
-0.000666847
-0.000661423
-0.000654758
-0.000646934
-0.000638036
-0.000628147
-0.00061735
-0.000605729
-0.000518796
-0.00053982
-0.000556761
-0.000572558
-0.000586913
-0.000599462
-0.000610212
-0.000619224
-0.000626531
-0.000632164
-0.000636167
-0.000638589
-0.000639486
-0.00063892
-0.000636954
-0.000633657
-0.000629102
-0.000623361
-0.000616511
-0.000608628
-0.00059979
-0.000590072
-0.000579553
-0.000485921
-0.000506034
-0.00052254
-0.000537932
-0.000551954
-0.000564294
-0.000574957
-0.000583996
-0.000591436
-0.000597305
-0.000601642
-0.00060449
-0.000605899
-0.000605924
-0.000604622
-0.000602056
-0.000598292
-0.000593395
-0.000587437
-0.000580487
-0.000572616
-0.000563895
-0.000554395
-0.000454943
-0.000474197
-0.00049028
-0.000505275
-0.000518966
-0.00053109
-0.000541651
-0.00055069
-0.00055823
-0.000564297
-0.000568922
-0.000572144
-0.000574007
-0.000574561
-0.000573858
-0.000571955
-0.00056891
-0.000564785
-0.000559643
-0.00055355
-0.000546571
-0.000538769
-0.000530213
-0.000425721
-0.000444167
-0.000459836
-0.000474444
-0.000487809
-0.000499713
-0.000510158
-0.000519177
-0.00052679
-0.000533018
-0.00053789
-0.000541439
-0.000543706
-0.000544734
-0.000544571
-0.000543268
-0.000540877
-0.000537457
-0.000533064
-0.000527758
-0.0005216
-0.000514648
-0.000506965
-0.000398129
-0.000415812
-0.00043108
-0.000445311
-0.000458356
-0.000470037
-0.000480354
-0.000489336
-0.000496998
-0.000503357
-0.000508439
-0.000512275
-0.0005149
-0.000516352
-0.000516675
-0.000515916
-0.000514121
-0.000511344
-0.000507637
-0.000503055
-0.000497653
-0.000491485
-0.00048461
-0.000372048
-0.000389013
-0.000403892
-0.000417757
-0.000430488
-0.000441945
-0.000452128
-0.000461057
-0.000468746
-0.00047521
-0.000480472
-0.000484557
-0.000487498
-0.00048933
-0.000490092
-0.000489824
-0.000488573
-0.000486383
-0.000483305
-0.000479387
-0.000474682
-0.000469239
-0.000463111
-0.000347372
-0.000363661
-0.000378164
-0.000391673
-0.000404098
-0.000415332
-0.000425374
-0.000434238
-0.000441937
-0.000448482
-0.000453895
-0.000458197
-0.000461418
-0.00046359
-0.000464745
-0.000464924
-0.000464165
-0.000462513
-0.00046001
-0.000456704
-0.00045264
-0.000447866
-0.00044243
-0.000324004
-0.000339657
-0.000353796
-0.000366961
-0.000379087
-0.0003901
-0.000399995
-0.000408785
-0.000416478
-0.000423085
-0.000428623
-0.000433114
-0.000436582
-0.000439056
-0.000440567
-0.000441149
-0.000440839
-0.000439677
-0.000437702
-0.000434957
-0.000431485
-0.000427329
-0.000422533
-0.000301857
-0.00031691
-0.000330698
-0.000343529
-0.000355365
-0.000366158
-0.000375905
-0.000384611
-0.000392285
-0.000398935
-0.000404578
-0.000409231
-0.000412917
-0.00041566
-0.000417491
-0.000418438
-0.000418537
-0.000417822
-0.000416331
-0.000414102
-0.000411175
-0.000407589
-0.000403386
-0.000280858
-0.000295346
-0.000308786
-0.000321292
-0.000332846
-0.000343424
-0.000353019
-0.000361636
-0.000369279
-0.000375958
-0.000381685
-0.000386477
-0.000390354
-0.000393338
-0.000395455
-0.000396734
-0.000397204
-0.000396897
-0.000395849
-0.000394095
-0.00039167
-0.000388611
-0.000384958
-0.000664655
-0.000712018
-0.000621556
-0.000666189
-0.000710119
-0.000753277
-0.000795708
-0.000836955
-0.00087524
-0.000581232
-0.000623358
-0.000664775
-0.000705418
-0.000745315
-0.00078404
-0.000820071
-0.000543452
-0.000583269
-0.000622372
-0.0006607
-0.000698272
-0.000734689
-0.000768652
-0.000508011
-0.000545696
-0.000582667
-0.000618861
-0.000654292
-0.00068859
-0.00072065
-0.000474719
-0.000510435
-0.000545435
-0.000579662
-0.000613119
-0.000645469
-0.000675774
-0.000443402
-0.000477295
-0.000510474
-0.000542881
-0.000574518
-0.000605074
-0.000633755
-0.000413906
-0.000446109
-0.000477599
-0.000508324
-0.000538277
-0.000567178
-0.000594355
-0.000386091
-0.000416725
-0.000446649
-0.000475813
-0.000504207
-0.000531578
-0.000557361
-0.000359832
-0.000389006
-0.000417475
-0.00044519
-0.000472138
-0.000498094
-0.000522582
-0.000335013
-0.000362829
-0.000389944
-0.000416312
-0.000441917
-0.000466561
-0.000489846
-0.000311531
-0.00033808
-0.000363934
-0.000389048
-0.000413405
-0.000436831
-0.000458996
-0.000289291
-0.000314658
-0.000339335
-0.000363281
-0.000386476
-0.00040877
-0.000429891
-0.000268208
-0.00029247
-0.000316048
-0.000338903
-0.000361016
-0.000382256
-0.000402404
-0.000248202
-0.000271429
-0.00029398
-0.000315817
-0.000336919
-0.000357178
-0.000376417
-0.000229201
-0.00025146
-0.000273048
-0.000293933
-0.000314091
-0.000333435
-0.000351824
-0.000211139
-0.000232489
-0.000253177
-0.000273169
-0.000292445
-0.000310933
-0.000328528
-0.000193956
-0.000214452
-0.000234293
-0.00025345
-0.000271898
-0.000289586
-0.000306438
-0.000177596
-0.000197288
-0.000216333
-0.000234704
-0.00025238
-0.000269323
-0.000285482
-0.000162012
-0.000180954
-0.000199256
-0.000216893
-0.000233844
-0.000250086
-0.000265587
-0.000568189
-0.000616686
-0.000294909
-0.000346009
-0.000391551
-0.00043759
-0.00048421
-0.000530519
-0.000576307
-0.000272128
-0.000320302
-0.000363541
-0.000407221
-0.00045137
-0.000495189
-0.000538485
-0.00025048
-0.00029598
-0.000337104
-0.00037861
-0.000420484
-0.000462009
-0.000503008
-0.000229899
-0.000272953
-0.00031213
-0.00035163
-0.000391404
-0.000430812
-0.000469692
-0.000210326
-0.000251134
-0.000288516
-0.00032616
-0.000363993
-0.000401445
-0.000438366
-0.000191697
-0.000230443
-0.000266165
-0.000302088
-0.000338124
-0.000373764
-0.000408869
-0.000173959
-0.000210803
-0.000244987
-0.000279314
-0.000313681
-0.00034764
-0.000381061
-0.000157058
-0.000192149
-0.000224904
-0.000257744
-0.000290557
-0.00032296
-0.000354816
-0.000140947
-0.000174417
-0.000205843
-0.000237296
-0.00026865
-0.000299613
-0.000330015
-0.000125581
-0.000157551
-0.000187739
-0.00021791
-0.00024796
-0.000277517
-0.000306555
-0.000110917
-0.000141495
-0.000170526
-0.000199487
-0.000228271
-0.000256568
-0.000284339
-9.69165e-05
-0.000126202
-0.000154148
-0.000181971
-0.000209573
-0.000236697
-0.000263285
-8.35448e-05
-0.000111631
-0.000138558
-0.000165315
-0.000191811
-0.00021783
-0.000243311
-7.07585e-05
-9.77217e-05
-0.000123701
-0.000149482
-0.000174921
-0.000199899
-0.000224343
-5.8517e-05
-8.44039e-05
-0.000109543
-0.000134361
-0.000158836
-0.000182844
-0.000206314
-4.68375e-05
-7.18063e-05
-9.59956e-05
-0.000119932
-0.000143514
-0.000166611
-0.000189166
-3.56306e-05
-5.96466e-05
-8.30706e-05
-0.000106187
-0.000128913
-0.000151147
-0.000172841
-2.49078e-05
-4.80704e-05
-7.07545e-05
-9.3081e-05
-0.000114991
-0.00013641
-0.000157292
-1.46483e-05
-3.69999e-05
-5.89592e-05
-8.05347e-05
-0.00010168
-0.000122338
-0.000142462
0.000948689
0.00093912
0.00092849
0.000916728
0.000903762
0.000889518
0.000873917
0.000856882
0.000838334
0.000818194
0.000796384
0.000772827
0.000747449
0.000720181
0.000690955
0.000659714
0.000626406
0.00059099
0.000553437
0.000513727
0.000471861
0.000427853
0.000381736
0.000333564
0.000283415
0.000231387
0.000177605
0.000122218
6.54025e-05
7.35904e-06
-5.16901e-05
-0.000111526
-0.000171674
-0.000231453
0.000925893
0.000915897
0.000904868
0.00089274
0.000879447
0.000864922
0.000849094
0.000831892
0.000813247
0.000793088
0.000771345
0.000747953
0.000722847
0.000695967
0.000667258
0.000636672
0.000604169
0.000569717
0.000533296
0.000494897
0.000454528
0.000412208
0.000367977
0.000321892
0.00027403
0.000224489
0.000173389
0.000120871
6.70993e-05
1.2262e-05
-4.34368e-05
-9.97966e-05
-0.000156384
-0.000212569
0.00090397
0.000893603
0.000882231
0.000869796
0.000856236
0.000841491
0.000825496
0.000808187
0.000789503
0.000769381
0.000747759
0.000724582
0.000699792
0.000673339
0.000645179
0.000615272
0.000583586
0.000550098
0.000514798
0.000477683
0.000438766
0.000398075
0.00035565
0.000311551
0.000265854
0.000218656
0.00017007
0.000120231
6.92934e-05
1.74301e-05
-3.517e-05
-8.83237e-05
-0.000141635
-0.000194522
0.000882899
0.000872212
0.000860551
0.000847862
0.00083409
0.000819178
0.00080307
0.000785708
0.000767036
0.000747
0.000725546
0.000702625
0.000678189
0.000652195
0.000624607
0.000595394
0.000564531
0.000532004
0.000497806
0.000461944
0.000424435
0.000385309
0.00034461
0.000302399
0.000258752
0.00021376
0.000167533
0.000120199
7.18996e-05
2.27977e-05
-2.69333e-05
-7.71255e-05
-0.000127418
-0.000177275
0.000862658
0.000851699
0.000839797
0.000826904
0.000812968
0.000797939
0.000781765
0.000764396
0.000745782
0.000725875
0.000704628
0.000681999
0.000657947
0.000632437
0.000605439
0.000576929
0.00054689
0.000515312
0.000482197
0.000447554
0.000411404
0.000373781
0.000334731
0.000294314
0.000252604
0.000209691
0.000165678
0.000120684
7.48451e-05
2.83097e-05
-1.87617e-05
-6.62148e-05
-0.000113721
-0.000160789
0.000843227
0.000832038
0.00081994
0.000806886
0.000792831
0.000777729
0.000761533
0.000744198
0.000725681
0.000705939
0.000684933
0.000662625
0.000638981
0.000613974
0.000587578
0.000559776
0.000530556
0.000499915
0.000467857
0.000434396
0.000399558
0.000363377
0.0003259
0.000287186
0.000247309
0.000206353
0.000164418
0.000121615
7.807e-05
3.39222e-05
-1.06808e-05
-5.55971e-05
-0.000100528
-0.000145024
0.000824581
0.000813204
0.00080095
0.000787775
0.000773641
0.000758504
0.000742324
0.00072506
0.000706674
0.00068713
0.000666391
0.000644428
0.000621213
0.000596721
0.000570935
0.00054384
0.000515432
0.00048571
0.000454683
0.000422368
0.000388792
0.000353992
0.000318014
0.000280918
0.000242773
0.000203662
0.000163677
0.000122925
8.15225e-05
3.95982e-05
-2.71134e-06
-4.52754e-05
-8.78222e-05
-0.000129943
0.000806697
0.000795168
0.000782794
0.000769536
0.000755358
0.000740222
0.000724091
0.00070693
0.000688704
0.000669383
0.000648937
0.000627338
0.000604565
0.000580599
0.000555425
0.000529035
0.000501427
0.000472604
0.00044258
0.000411372
0.00037901
0.000345531
0.000310983
0.000275421
0.000238915
0.000201542
0.00016339
0.000124559
8.51573e-05
4.53055e-05
5.12936e-06
-3.52506e-05
-7.55881e-05
-0.000115512
0.000789551
0.000777903
0.000765443
0.000752134
0.000737944
0.000722839
0.000706787
0.000689756
0.000671717
0.000652642
0.000632506
0.000611287
0.000588967
0.000565531
0.00054097
0.000515278
0.000488456
0.000460512
0.00043146
0.000401321
0.000370125
0.00033791
0.000304722
0.000270617
0.00023566
0.000199925
0.000163495
0.000126465
8.89353e-05
5.10173e-05
1.28277e-05
-2.5522e-05
-6.38091e-05
-0.000101699
0.000773117
0.000761381
0.000748864
0.000735534
0.00072136
0.000706315
0.000690367
0.00067349
0.000655658
0.000636848
0.000617038
0.000596211
0.000574351
0.000551449
0.000527496
0.000502493
0.000476442
0.000449353
0.000421243
0.000392135
0.000362058
0.00033105
0.000299158
0.000266434
0.000232942
0.000198752
0.000163942
0.000128601
9.28228e-05
5.67109e-05
2.03731e-05
-1.60872e-05
-5.2469e-05
-8.84714e-05
0.000757371
0.000745575
0.000733028
0.000719703
0.000705571
0.000690608
0.000674788
0.000658085
0.000640479
0.000621949
0.000602477
0.00058205
0.000560655
0.000538284
0.000514936
0.00049061
0.000465312
0.000439056
0.000411857
0.00038374
0.000354736
0.000324882
0.000294222
0.00026281
0.000230703
0.00019797
0.000164684
0.000130929
9.6791e-05
6.23673e-05
2.77577e-05
-6.94214e-06
-4.15513e-05
-7.58007e-05
0.000742288
0.000730456
0.000717904
0.000704607
0.000690541
0.000675681
0.000660007
0.000643496
0.000626131
0.000607893
0.000588769
0.000568746
0.000547818
0.000525977
0.000503225
0.000479563
0.000455001
0.000429551
0.000403233
0.000376071
0.000348094
0.000319341
0.000289855
0.000259686
0.00022889
0.000197532
0.000165681
0.000133415
0.000100815
6.79709e-05
3.49755e-05
1.91786e-06
-3.10401e-05
-6.36592e-05
0.000727843
0.000715998
0.000703463
0.000690215
0.000676233
0.000661496
0.000645984
0.00062968
0.000612567
0.000594632
0.000575862
0.000556248
0.000535785
0.00051447
0.000492304
0.000469293
0.000445447
0.000420779
0.00039531
0.000369065
0.000342073
0.000314371
0.000286001
0.000257012
0.000227457
0.000197396
0.000166897
0.00013603
0.000104873
7.35085e-05
4.20227e-05
1.04986e-05
-2.09193e-05
-5.20204e-05
0.000714013
0.000702175
0.000689676
0.000676495
0.000662615
0.000648016
0.000632681
0.000616596
0.000599746
0.000582119
0.000563708
0.000544504
0.000524504
0.000503708
0.000482119
0.000459743
0.000436593
0.000412682
0.000388032
0.000362667
0.000336618
0.000309919
0.000282611
0.000254741
0.000226361
0.000197526
0.0001683
0.000138749
0.000108947
7.89694e-05
4.88967e-05
1.88065e-05
-1.11727e-05
-4.08569e-05
0.000700772
0.000688959
0.000676514
0.000663417
0.000649653
0.000635206
0.000620061
0.000604204
0.000587624
0.000570312
0.000552262
0.000533467
0.000513926
0.000493642
0.000472617
0.000450862
0.000428386
0.000405208
0.000381346
0.000356827
0.000331679
0.000305937
0.00027964
0.000252833
0.000225564
0.000197888
0.000169862
0.000141551
0.000113021
8.43447e-05
5.55958e-05
2.68475e-05
-1.78655e-06
-3.01456e-05
0.000688098
0.000676327
0.00066395
0.000650951
0.000637317
0.000623033
0.000608087
0.000592467
0.000576163
0.00055917
0.000541481
0.000523093
0.000504007
0.000484225
0.000463753
0.0004426
0.00042078
0.000398308
0.000375206
0.000351497
0.000327212
0.000302383
0.000277048
0.00025125
0.000225034
0.000198452
0.00017156
0.000144415
0.000117082
8.96272e-05
6.21195e-05
3.46277e-05
7.25201e-06
-1.98698e-05
0.000675968
0.000664252
0.000651957
0.00063907
0.000625576
0.000611465
0.000596726
0.000581349
0.000565326
0.000548653
0.000531324
0.00051334
0.000494702
0.000475413
0.00045548
0.000434914
0.000413728
0.000391938
0.000369566
0.000346636
0.000323176
0.000299218
0.000274798
0.000249958
0.00022474
0.000199194
0.00017337
0.000147326
0.000121118
9.48113e-05
6.84685e-05
4.21548e-05
1.59578e-05
-1.00045e-05
0.000664359
0.000652711
0.000640511
0.000627745
0.000614402
0.000600472
0.000585946
0.000570817
0.000555077
0.000538724
0.000521755
0.000504171
0.000485972
0.000467166
0.000447759
0.000427762
0.00040719
0.000386058
0.000364389
0.000342204
0.000319533
0.000296406
0.000272858
0.000248927
0.000224655
0.000200088
0.000175275
0.000150267
0.000125121
9.98927e-05
7.46438e-05
4.9435e-05
2.43427e-05
-5.33791e-07
0.00065325
0.000641681
0.000629585
0.00061695
0.000603766
0.000590024
0.000575717
0.000560838
0.000545384
0.000529351
0.000512738
0.000495547
0.000477781
0.000459446
0.000440551
0.000421107
0.000401128
0.00038063
0.000359636
0.000338166
0.00031625
0.000293915
0.000271196
0.00024813
0.000224755
0.000201116
0.000177257
0.000153228
0.00012908
0.000104868
8.06469e-05
5.64741e-05
3.24148e-05
8.55326e-06
0.000642836
0.000631356
0.000619371
0.000606871
0.000593849
0.000580296
0.000566207
0.000551576
0.000536401
0.00052068
0.000504412
0.0004876
0.00047025
0.000452366
0.000433958
0.000415038
0.00039562
0.000375722
0.000355362
0.000334564
0.000313354
0.00029176
0.000269815
0.000247553
0.000225012
0.000202232
0.000179258
0.000156134
0.00013291
0.000109634
8.636e-05
6.31398e-05
4.00275e-05
1.70831e-05
0.000632965
0.00062158
0.000609712
0.000597353
0.000584496
0.000571134
0.000557263
0.000542879
0.000527979
0.000512563
0.000496633
0.00048019
0.000463241
0.000445793
0.000427854
0.000409437
0.000390556
0.000371228
0.000351473
0.000331312
0.000310771
0.000289878
0.000268662
0.000247158
0.000225401
0.00020343
0.000181284
0.000159009
0.000136647
0.000114248
9.18585e-05
6.95285e-05
4.73078e-05
2.52486e-05
0.000623322
0.00061204
0.000600298
0.000588088
0.000575404
0.00056224
0.000548593
0.00053446
0.00051984
0.000504733
0.000489142
0.000473069
0.00045652
0.000439504
0.00042203
0.00040411
0.000385758
0.00036699
0.000347828
0.00032829
0.000308403
0.000288192
0.000267687
0.000246919
0.000225922
0.000204732
0.000183389
0.000161932
0.000140404
0.000118849
9.73123e-05
7.58399e-05
5.44794e-05
3.3279e-05
0.000613909
0.00060274
0.000591132
0.000579078
0.000566573
0.000553614
0.000540196
0.000526319
0.000511982
0.000497186
0.000481934
0.00046623
0.000450081
0.000433494
0.000416479
0.000399049
0.000381218
0.000363001
0.000344419
0.000325491
0.000306241
0.000286694
0.000266879
0.000246825
0.000226565
0.000206133
0.000185564
0.000164898
0.000144174
0.000123432
0.000102717
8.20696e-05
6.15359e-05
4.11606e-05
0.000604728
0.000593679
0.000582213
0.000570322
0.000558004
0.000545254
0.000532071
0.000518453
0.000504402
0.000489919
0.000475007
0.000459671
0.000443918
0.000427756
0.000411196
0.000394249
0.000376929
0.000359252
0.000341238
0.000322905
0.000304276
0.000285376
0.000266232
0.000246871
0.000227324
0.000207623
0.000187804
0.0001679
0.000147951
0.000127993
0.000108067
8.82139e-05
6.84744e-05
4.8891e-05
0.000595781
0.000584861
0.000573543
0.000561822
0.000549695
0.00053716
0.000524215
0.00051086
0.000497096
0.000482927
0.000468355
0.000453386
0.000438026
0.000422285
0.000406173
0.000389701
0.000372883
0.000355736
0.000338277
0.000320525
0.000302501
0.00028423
0.000265736
0.000247046
0.00022819
0.000209197
0.0001901
0.000170933
0.000151729
0.000132526
0.00011336
9.42694e-05
7.52927e-05
5.6469e-05
0.000597481
0.00058707
0.000576285
0.000565121
0.000553576
0.000541646
0.000529329
0.000516626
0.000503536
0.000490062
0.000476206
0.000461973
0.000447368
0.000432399
0.000417073
0.000401403
0.000385398
0.000369073
0.000352444
0.000335527
0.000318341
0.000300907
0.000283246
0.000265383
0.000247344
0.000229156
0.000210847
0.000192447
0.000173989
0.000155504
0.000137027
0.000118591
0.000100233
8.19888e-05
6.38939e-05
0.000588883
0.000578596
0.000567952
0.000556949
0.000545584
0.000533855
0.000521761
0.000509302
0.000496479
0.000483295
0.000469752
0.000455856
0.000441613
0.00042703
0.000412115
0.000396878
0.000381333
0.000365491
0.000349368
0.000332981
0.000316346
0.000299484
0.000282417
0.000265166
0.000247757
0.000230214
0.000212565
0.000194838
0.000177063
0.00015927
0.000141491
0.000123758
0.000106103
8.85611e-05
7.1165e-05
0.000580517
0.000570358
0.000559862
0.000549025
0.000537845
0.000526321
0.000514452
0.000502239
0.000489684
0.00047679
0.00046356
0.00045
0.000436115
0.000421912
0.000407402
0.000392593
0.000377498
0.000362129
0.000346501
0.000330629
0.000314531
0.000298226
0.000281734
0.000265076
0.000248276
0.000231357
0.000214345
0.000197267
0.00018015
0.000163023
0.000145915
0.000128856
0.000111876
9.50081e-05
7.82821e-05
0.000572382
0.000562359
0.000552015
0.000541348
0.000530357
0.00051904
0.000507399
0.000495435
0.000483149
0.000470544
0.000457625
0.000444397
0.000430866
0.00041704
0.000402928
0.000388539
0.000373885
0.000358978
0.000343833
0.000328464
0.000312888
0.000297124
0.00028119
0.000265106
0.000248895
0.000232578
0.000216181
0.000199728
0.000183244
0.000166757
0.000150294
0.000133882
0.000117551
0.000101329
8.5245e-05
0.000564479
0.000554596
0.000544409
0.000533916
0.000523117
0.000512012
0.0005006
0.000488884
0.000476867
0.000464551
0.000451941
0.000439043
0.000425862
0.000412407
0.000398686
0.000384709
0.000370487
0.000356032
0.000341357
0.000326478
0.00031141
0.000296169
0.000280776
0.000265247
0.000249605
0.00023387
0.000218066
0.000202214
0.00018634
0.000170468
0.000154624
0.000138834
0.000123125
0.000107522
9.20537e-05
0.000556807
0.000547069
0.000537043
0.000526729
0.000516125
0.000505232
0.000494051
0.000482585
0.000470835
0.000458807
0.000446503
0.000433931
0.000421096
0.000408006
0.000394669
0.000381095
0.000367295
0.000353281
0.000339065
0.000324662
0.000310086
0.000295355
0.000280484
0.000265493
0.0002504
0.000235227
0.000219993
0.000204721
0.000189433
0.000174152
0.000158903
0.000143709
0.000128596
0.000113587
9.87084e-05
0.000549367
0.000539778
0.000529917
0.000519783
0.000509376
0.000498697
0.000487748
0.000476531
0.000465049
0.000453305
0.000441305
0.000429055
0.00041656
0.000403829
0.000390869
0.00037769
0.000364303
0.000350718
0.000336949
0.000323008
0.000308911
0.000294672
0.000280308
0.000265836
0.000251274
0.000236641
0.000221957
0.000207242
0.000192518
0.000177805
0.000163127
0.000148505
0.000133963
0.000119523
0.000105209
0.000542158
0.000532721
0.000523027
0.000513076
0.000502868
0.000492405
0.000481687
0.000470718
0.000459502
0.000448041
0.000436342
0.000424409
0.000412249
0.00039987
0.000387279
0.000374486
0.000361502
0.000348336
0.000335001
0.00032151
0.000307876
0.000294114
0.000280239
0.000266268
0.000252218
0.000238106
0.000223952
0.000209773
0.00019559
0.000181423
0.000167292
0.000153219
0.000139224
0.00012533
0.000111556
0.000535178
0.000525896
0.000516373
0.000506606
0.000496598
0.00048635
0.000475864
0.000465143
0.00045419
0.000443009
0.000431606
0.000419986
0.000408155
0.000396121
0.000383892
0.000371476
0.000358884
0.000346126
0.000333213
0.000320158
0.000306973
0.000293673
0.000280271
0.000266784
0.000253227
0.000239617
0.000225972
0.000212308
0.000198645
0.000185001
0.000171396
0.000157849
0.000144379
0.000131006
0.00011775
0.000528425
0.000519302
0.00050995
0.00050037
0.000490563
0.00048053
0.000470275
0.000459799
0.000449107
0.000438203
0.000427092
0.000415779
0.000404272
0.000392576
0.0003807
0.000368652
0.000356442
0.000344081
0.000331578
0.000318945
0.000306195
0.000293341
0.000280396
0.000267376
0.000254294
0.000241168
0.000228012
0.000214843
0.000201679
0.000188538
0.000175436
0.000162392
0.000149425
0.000136552
0.000123791
0.000521899
0.000512935
0.000503757
0.000494364
0.000484758
0.00047494
0.000464914
0.000454682
0.000444249
0.000433617
0.000422794
0.000411783
0.000400592
0.000389227
0.000377696
0.000366007
0.000354169
0.000342193
0.000330087
0.000317864
0.000305534
0.000293112
0.000280608
0.000268037
0.000255414
0.000242752
0.000230066
0.000217373
0.000204689
0.000192028
0.000179409
0.000166848
0.000154361
0.000141966
0.00012968
0.000515596
0.000506794
0.00049779
0.000488584
0.000479179
0.000469575
0.000459777
0.000449786
0.000439608
0.000429246
0.000418705
0.000407991
0.000397109
0.000386067
0.000374873
0.000363533
0.000352057
0.000340454
0.000328734
0.000316907
0.000304984
0.000292978
0.000280899
0.000268762
0.000256579
0.000244364
0.000232131
0.000219894
0.000207669
0.00019547
0.000183313
0.000171214
0.000159187
0.00014725
0.000135417
0.000509514
0.000500875
0.000492046
0.000483028
0.000473822
0.000464431
0.000454858
0.000445107
0.00043518
0.000425082
0.000414818
0.000404394
0.000393816
0.00038309
0.000372223
0.000361223
0.000350098
0.000338858
0.000327511
0.000316067
0.000304537
0.000292932
0.000281264
0.000269544
0.000257784
0.000245999
0.0002342
0.000222401
0.000210616
0.000198859
0.000187145
0.000175488
0.000163902
0.000152402
0.000141003
0.000503651
0.000495176
0.000486521
0.00047769
0.000468683
0.000459503
0.000450154
0.000440637
0.000430958
0.00042112
0.000411128
0.000400988
0.000390706
0.000380287
0.000369739
0.00035907
0.000348286
0.000337397
0.000326411
0.000315337
0.000304187
0.000292969
0.000281696
0.000270377
0.000259025
0.000247651
0.000236269
0.00022489
0.000213527
0.000202194
0.000190904
0.00017967
0.000168505
0.000157423
0.000146438
0.000498004
0.000489692
0.000481212
0.000472567
0.000463758
0.000454786
0.000445657
0.000436372
0.000426936
0.000417353
0.000407628
0.000397765
0.000387772
0.000377653
0.000367415
0.000357066
0.000346612
0.000336063
0.000325426
0.000314711
0.000303926
0.000293082
0.000282188
0.000271255
0.000260294
0.000249317
0.000238334
0.000227357
0.000216399
0.000205471
0.000194586
0.000183757
0.000172994
0.000162312
0.000151723
0.000492569
0.000484421
0.000476115
0.000467654
0.00045904
0.000450275
0.000441363
0.000432306
0.000423109
0.000413776
0.000404311
0.000394719
0.000385007
0.000375179
0.000365243
0.000355204
0.000345071
0.000334851
0.000324551
0.000314181
0.000303748
0.000293263
0.000282735
0.000272173
0.000261588
0.000250991
0.000240391
0.0002298
0.000219228
0.000208689
0.000198191
0.000187748
0.000177371
0.00016707
0.000156859
0.000487344
0.000479358
0.000471225
0.000462947
0.000454527
0.000445965
0.000437266
0.000428433
0.00041947
0.000410381
0.00040117
0.000391843
0.000382404
0.000372859
0.000363215
0.000353478
0.000343655
0.000333752
0.000323778
0.000313741
0.000303648
0.000293508
0.000283331
0.000273126
0.000262901
0.000252668
0.000242435
0.000232213
0.000222012
0.000211843
0.000201717
0.000191643
0.000181633
0.000171697
0.000161846
0.000482324
0.0004745
0.000466539
0.000458442
0.000450212
0.00044185
0.000433361
0.000424748
0.000416014
0.000407163
0.0003982
0.00038913
0.000379957
0.000370687
0.000361326
0.000351881
0.000342357
0.000332761
0.000323101
0.000313384
0.000303618
0.000293811
0.000283971
0.000274108
0.000264229
0.000254344
0.000244463
0.000234594
0.000224747
0.000214933
0.00020516
0.00019544
0.00018578
0.000176193
0.000166686
0.000477507
0.000469843
0.000462051
0.000454133
0.00044609
0.000437926
0.000429642
0.000421244
0.000412733
0.000404115
0.000395394
0.000386573
0.000377659
0.000368655
0.000359569
0.000350405
0.00034117
0.000331871
0.000322513
0.000313105
0.000303653
0.000294165
0.000284649
0.000275114
0.000265566
0.000256016
0.00024647
0.000236939
0.000227432
0.000217956
0.000208521
0.000199137
0.000189813
0.000180557
0.000171379
0.000472887
0.000465383
0.000457758
0.000450016
0.000442157
0.000434186
0.000426104
0.000417915
0.000409623
0.000401232
0.000392745
0.000384167
0.000375503
0.000366758
0.000357937
0.000349045
0.000340089
0.000331075
0.000322009
0.000312897
0.000303747
0.000294566
0.000285361
0.000276139
0.000266909
0.000257678
0.000248454
0.000239246
0.000230062
0.00022091
0.000211798
0.000202735
0.00019373
0.000184791
0.000175927
0.000468462
0.000461115
0.000453655
0.000446085
0.000438408
0.000430626
0.000422741
0.000414757
0.000406678
0.000398506
0.000390248
0.000381905
0.000373484
0.000364988
0.000356423
0.000347794
0.000339107
0.000330368
0.000321581
0.000312755
0.000303895
0.000295008
0.0002861
0.00027718
0.000268253
0.000259328
0.000250412
0.000241512
0.000232636
0.000223793
0.000214989
0.000206233
0.000197532
0.000188895
0.000180328
0.000464228
0.000457035
0.000449737
0.000442337
0.000434837
0.000427239
0.000419547
0.000411762
0.00040389
0.000395933
0.000387895
0.000379781
0.000371594
0.000363339
0.000355022
0.000346646
0.000338218
0.000329743
0.000321226
0.000312673
0.000304091
0.000295485
0.000286863
0.00027823
0.000269594
0.000260961
0.000252338
0.000243733
0.000235152
0.000226603
0.000218093
0.000209629
0.000201218
0.000192868
0.000184586
0.00046018
0.000453139
0.000446
0.000438766
0.000431439
0.000424022
0.000416516
0.000408926
0.000401255
0.000393506
0.000385682
0.000377788
0.000369828
0.000361806
0.000353727
0.000345595
0.000337416
0.000329194
0.000320936
0.000312646
0.00030433
0.000295994
0.000287645
0.000279287
0.000270928
0.000262574
0.000254232
0.000245907
0.000237607
0.000229339
0.000221108
0.000212922
0.000204788
0.000196711
0.0001887
0.000456314
0.000449422
0.000442439
0.000435368
0.00042821
0.000420968
0.000413645
0.000406243
0.000398767
0.000391218
0.000383602
0.000375921
0.00036818
0.000360382
0.000352532
0.000344635
0.000336695
0.000328717
0.000320706
0.000312668
0.000304607
0.000296529
0.000288441
0.000280346
0.000272252
0.000264164
0.000256089
0.000248032
0.00024
0.000231998
0.000224034
0.000216113
0.000208241
0.000200425
0.000192671
0.000452626
0.00044588
0.00043905
0.000432137
0.000425144
0.000418072
0.000410926
0.000403707
0.00039642
0.000389066
0.000381649
0.000374174
0.000366643
0.000359062
0.000351432
0.000343761
0.00033605
0.000328306
0.000320532
0.000312735
0.000304918
0.000297087
0.000289247
0.000281403
0.000273562
0.000265728
0.000257907
0.000250105
0.000242328
0.00023458
0.000226869
0.0002192
0.000211578
0.00020401
0.0001965
0.000449113
0.00044251
0.000435827
0.000429068
0.000422235
0.00041533
0.000408355
0.000401314
0.000394208
0.000387042
0.000379819
0.000372541
0.000365213
0.000357839
0.000350422
0.000342966
0.000335475
0.000327955
0.000320408
0.000312841
0.000305257
0.000297661
0.000290059
0.000282455
0.000274854
0.000267262
0.000259683
0.000252124
0.000244589
0.000237083
0.000229613
0.000222183
0.000214798
0.000207465
0.000200188
0.00044577
0.000439305
0.000432767
0.000426158
0.000419481
0.000412736
0.000405927
0.000399056
0.000392127
0.000385142
0.000378104
0.000371017
0.000363884
0.000356709
0.000349495
0.000342246
0.000334966
0.000327659
0.00032033
0.000312982
0.00030562
0.000298249
0.000290873
0.000283497
0.000276125
0.000268763
0.000261415
0.000254086
0.000246781
0.000239506
0.000232264
0.000225061
0.000217902
0.000210791
0.000203735
0.000442593
0.000436263
0.000429866
0.000423402
0.000416875
0.000410285
0.000403636
0.000396931
0.000390171
0.00038336
0.000376501
0.000369596
0.00036265
0.000355666
0.000348646
0.000341595
0.000334517
0.000327414
0.000320292
0.000313154
0.000306004
0.000298846
0.000291686
0.000284527
0.000277373
0.000270229
0.0002631
0.00025599
0.000248904
0.000241846
0.000234821
0.000227833
0.000220888
0.000213989
0.000207141
0.000439578
0.00043338
0.000427118
0.000420795
0.000414413
0.000407973
0.000401478
0.000394931
0.000388335
0.000381691
0.000375003
0.000368274
0.000361507
0.000354705
0.000347871
0.000341009
0.000334123
0.000327215
0.00032029
0.000313352
0.000306403
0.000299449
0.000292494
0.00028554
0.000278593
0.000271657
0.000264735
0.000257833
0.000250954
0.000244102
0.000237283
0.000230499
0.000223756
0.000217058
0.000210408
0.000436722
0.000430651
0.00042452
0.000418333
0.00041209
0.000405795
0.000399449
0.000393054
0.000386614
0.000380131
0.000373607
0.000367045
0.000360449
0.000353821
0.000347165
0.000340483
0.00033378
0.000327058
0.00032032
0.000313571
0.000306815
0.000300054
0.000293292
0.000286534
0.000279784
0.000273044
0.000266319
0.000259613
0.00025293
0.000246274
0.000239649
0.000233059
0.000226507
0.000219998
0.000213536
0.000434021
0.000428072
0.000422068
0.000416011
0.000409903
0.000403746
0.000397543
0.000391294
0.000385004
0.000378674
0.000372306
0.000365905
0.000359472
0.00035301
0.000346523
0.000340013
0.000333483
0.000326937
0.000320378
0.00031381
0.000307235
0.000300657
0.000294079
0.000287506
0.000280941
0.000274387
0.000267849
0.000261329
0.000254831
0.00024836
0.000241918
0.00023551
0.00022914
0.00022281
0.000216524
0.000431471
0.00042564
0.000419758
0.000413826
0.000407848
0.000401823
0.000395756
0.000389647
0.0003835
0.000377316
0.000371098
0.000364849
0.000358571
0.000352268
0.000345941
0.000339593
0.000333229
0.00032685
0.00032046
0.000314062
0.000307659
0.000301254
0.000294851
0.000288453
0.000282063
0.000275685
0.000269322
0.000262978
0.000256655
0.000250358
0.00024409
0.000237854
0.000231653
0.000225492
0.000219373
0.00042907
0.000423352
0.000417586
0.000411774
0.000405919
0.000400022
0.000394084
0.000388109
0.000382097
0.000376053
0.000369977
0.000363873
0.000357743
0.000351589
0.000345414
0.000339221
0.000333013
0.000326792
0.000320562
0.000314325
0.000308085
0.000301843
0.000295605
0.000289371
0.000283147
0.000276935
0.000270737
0.000264558
0.0002584
0.000252267
0.000246162
0.000240088
0.000234048
0.000228045
0.000222083
0.000426814
0.000421204
0.000415549
0.000409852
0.000404115
0.000398338
0.000392524
0.000386675
0.000380793
0.000374881
0.00036894
0.000362973
0.000356982
0.00035097
0.000344939
0.000338892
0.000332831
0.00032676
0.00032068
0.000314595
0.000308508
0.000302421
0.000296337
0.000290259
0.00028419
0.000278133
0.000272091
0.000266068
0.000260065
0.000254086
0.000248134
0.000242212
0.000236322
0.000230469
0.000224654
0.0004247
0.000419193
0.000413644
0.000408056
0.00040243
0.000396768
0.000391072
0.000385343
0.000379583
0.000373796
0.000367982
0.000362145
0.000356286
0.000350407
0.000344512
0.000338602
0.000332681
0.00032675
0.000320812
0.00031487
0.000308926
0.000302983
0.000297045
0.000291112
0.00028519
0.000279279
0.000273383
0.000267505
0.000261647
0.000255812
0.000250004
0.000244224
0.000238476
0.000232762
0.000227085
0.000422726
0.000417317
0.000411869
0.000406384
0.000400864
0.00039531
0.000389724
0.000384108
0.000378464
0.000372794
0.000367101
0.000361385
0.00035565
0.000349897
0.000344129
0.000338349
0.000332557
0.000326758
0.000320953
0.000315145
0.000309336
0.000303528
0.000297725
0.000291929
0.000286143
0.000280369
0.000274609
0.000268867
0.000263145
0.000257445
0.00025177
0.000246123
0.000240507
0.000234923
0.000229375
0.00042089
0.000415573
0.00041022
0.000404832
0.000399411
0.000393959
0.000388477
0.000382968
0.000377433
0.000371873
0.000366292
0.000360691
0.000355071
0.000349436
0.000343788
0.000338127
0.000332458
0.000326781
0.0003211
0.000315417
0.000309734
0.000304053
0.000298376
0.000292707
0.000287048
0.000281401
0.000275768
0.000270152
0.000264556
0.000258982
0.000253432
0.000247909
0.000242415
0.000236952
0.000231524
0.000419191
0.00041396
0.000408695
0.000403398
0.000398071
0.000392714
0.00038733
0.00038192
0.000376486
0.00037103
0.000365553
0.000360058
0.000354547
0.000349022
0.000343484
0.000337936
0.000332379
0.000326817
0.000321251
0.000315684
0.000310117
0.000304553
0.000298995
0.000293443
0.000287902
0.000282372
0.000276857
0.000271359
0.000265879
0.000260421
0.000254987
0.000249578
0.000244198
0.000238847
0.00023353
0.000417625
0.000412475
0.000407294
0.000402081
0.000396841
0.000391573
0.000386279
0.000380961
0.000375621
0.000370261
0.000364881
0.000359485
0.000354074
0.00034865
0.000343215
0.000337771
0.000332319
0.000326863
0.000321403
0.000315943
0.000310484
0.000305028
0.000299577
0.000294135
0.000288702
0.000283281
0.000277874
0.000272484
0.000267112
0.000261761
0.000256433
0.00025113
0.000245854
0.000240607
0.000235391
0.000416194
0.000411119
0.000406013
0.00040088
0.000395719
0.000390533
0.000385323
0.00038009
0.000374837
0.000369564
0.000364275
0.000358969
0.00035365
0.000348319
0.000342978
0.000337629
0.000332274
0.000326915
0.000321553
0.00031619
0.00031083
0.000305473
0.000300122
0.000294779
0.000289446
0.000284124
0.000278817
0.000273525
0.000268252
0.000262999
0.000257768
0.000252561
0.000247381
0.000242228
0.000237106
0.000414895
0.000409889
0.000404854
0.000399792
0.000394705
0.000389594
0.00038446
0.000379305
0.000374131
0.000368939
0.00036373
0.000358508
0.000353273
0.000348027
0.000342772
0.00033751
0.000332242
0.00032697
0.000321697
0.000316425
0.000311154
0.000305887
0.000300626
0.000295373
0.00029013
0.000284899
0.000279682
0.00027448
0.000269296
0.000264132
0.000258989
0.00025387
0.000248776
0.000243709
0.000238672
0.00041373
0.000408786
0.000403814
0.000398817
0.000393797
0.000388753
0.000383688
0.000378604
0.000373501
0.000368382
0.000363247
0.0003581
0.00035294
0.000347771
0.000342593
0.000337409
0.00033222
0.000327028
0.000321835
0.000316642
0.000311452
0.000306266
0.000301087
0.000295915
0.000290753
0.000285603
0.000280467
0.000275346
0.000270242
0.000265157
0.000260094
0.000255053
0.000250037
0.000245047
0.000240086
0.000412699
0.00040781
0.000402895
0.000397956
0.000392995
0.000388012
0.000383009
0.000377987
0.000372948
0.000367893
0.000362824
0.000357743
0.000352651
0.000347549
0.00034244
0.000337325
0.000332206
0.000327085
0.000321962
0.000316841
0.000311722
0.000306608
0.000301501
0.000296401
0.000291311
0.000286233
0.000281168
0.000276118
0.000271086
0.000266072
0.000261078
0.000256107
0.00025116
0.000246239
0.000241344
0.000411803
0.000406963
0.000402098
0.00039721
0.0003923
0.00038737
0.00038242
0.000377453
0.000372469
0.000367471
0.000362459
0.000357436
0.000352403
0.00034736
0.000342311
0.000337257
0.000332199
0.000327139
0.000322078
0.000317019
0.000311962
0.000306911
0.000301865
0.000296828
0.000291801
0.000286785
0.000281783
0.000276795
0.000271824
0.000266872
0.000261939
0.000257028
0.000252141
0.000247279
0.000242443
0.000411045
0.000406246
0.000401424
0.000396579
0.000391713
0.000386828
0.000381924
0.000377003
0.000372067
0.000367116
0.000362153
0.000357179
0.000352195
0.000347204
0.000342205
0.000337202
0.000332196
0.000327187
0.000322179
0.000317172
0.000312169
0.00030717
0.000302178
0.000297194
0.000292219
0.000287256
0.000282307
0.000277372
0.000272453
0.000267552
0.000262672
0.000257812
0.000252975
0.000248163
0.000243377
0.000410428
0.000405663
0.000400875
0.000396065
0.000391236
0.000386387
0.000381521
0.000376638
0.00037174
0.000366829
0.000361906
0.000356972
0.000352029
0.000347078
0.000342121
0.00033716
0.000332195
0.00032723
0.000322264
0.0003173
0.000312339
0.000307384
0.000302435
0.000297494
0.000292563
0.000287643
0.000282736
0.000277844
0.000272968
0.00026811
0.000263271
0.000258453
0.000253657
0.000248886
0.00024414
0.000409955
0.000405217
0.000400455
0.000395673
0.000390871
0.000386051
0.000381213
0.00037636
0.000371491
0.00036661
0.000361717
0.000356814
0.000351902
0.000346983
0.000342058
0.000337129
0.000332197
0.000327263
0.00032233
0.000317399
0.000312472
0.000307549
0.000302633
0.000297725
0.000292827
0.00028794
0.000283066
0.000278207
0.000273363
0.000268538
0.000263731
0.000258945
0.000254181
0.000249441
0.000244726
0.000409633
0.000404912
0.000400169
0.000395406
0.000390623
0.000385822
0.000381004
0.00037617
0.000371322
0.000366461
0.000361589
0.000356707
0.000351816
0.000346919
0.000342015
0.000337108
0.000332198
0.000327287
0.000322376
0.000317468
0.000312562
0.000307662
0.000302769
0.000297884
0.000293008
0.000288144
0.000283292
0.000278455
0.000273634
0.00026883
0.000264046
0.000259281
0.000254539
0.00024982
0.000245126
0.000409468
0.000404757
0.000400023
0.000395269
0.000390496
0.000385705
0.000380896
0.000376073
0.000371235
0.000366385
0.000361524
0.000356653
0.000351773
0.000346886
0.000341994
0.000337098
0.000332199
0.000327299
0.0003224
0.000317503
0.000312609
0.000307721
0.000302839
0.000297965
0.000293101
0.000288248
0.000283409
0.000278583
0.000273773
0.000268981
0.000264207
0.000259454
0.000254723
0.000250015
0.000245332
-5.15159e-06
-2.66035e-05
-4.77323e-05
-6.8502e-05
-8.88663e-05
-0.000108775
-0.00012818
3.89235e-06
-1.67137e-05
-3.7018e-05
-5.69782e-05
-7.65514e-05
-9.56934e-05
-0.000114362
1.27626e-05
-7.03468e-06
-2.65464e-05
-4.57313e-05
-6.45488e-05
-8.29583e-05
-0.000100921
2.14481e-05
2.42693e-06
-1.63234e-05
-3.47641e-05
-5.28569e-05
-7.05645e-05
-8.7851e-05
2.99477e-05
1.1669e-05
-6.35178e-06
-2.40788e-05
-4.14764e-05
-5.851e-05
-7.51465e-05
3.82627e-05
2.06948e-05
3.37295e-06
-1.36699e-05
-3.04007e-05
-4.67874e-05
-6.27994e-05
4.63937e-05
2.95069e-05
1.28547e-05
-3.5323e-06
-1.96237e-05
-3.53897e-05
-5.08021e-05
5.43416e-05
3.81073e-05
2.20968e-05
6.3383e-06
-9.14005e-06
-2.43108e-05
-3.91476e-05
6.21072e-05
4.64981e-05
3.11024e-05
1.59461e-05
1.05531e-06
-1.35446e-05
-2.78292e-05
6.96915e-05
5.46813e-05
3.98745e-05
2.52951e-05
1.09674e-05
-3.08523e-06
-1.68402e-05
7.70955e-05
6.26589e-05
4.84161e-05
3.43894e-05
2.06012e-05
7.07298e-06
-6.17411e-06
8.43203e-05
7.0433e-05
5.67303e-05
4.32329e-05
2.99613e-05
1.69356e-05
4.17525e-06
9.1367e-05
7.80056e-05
6.482e-05
5.18292e-05
3.90524e-05
2.6508e-05
1.42141e-05
9.82368e-05
8.53788e-05
7.26881e-05
6.01823e-05
4.7879e-05
3.57955e-05
2.39484e-05
0.000104931
9.25545e-05
8.03374e-05
6.82957e-05
5.64457e-05
4.48034e-05
3.33842e-05
0.000111451
9.9535e-05
8.77708e-05
7.6173e-05
6.47568e-05
5.35368e-05
4.25272e-05
0.000117797
0.000106322
9.49911e-05
8.3818e-05
7.28166e-05
6.20006e-05
5.1383e-05
0.000123972
0.000112918
0.000102001
9.12341e-05
8.06294e-05
7.01998e-05
5.99573e-05
0.000129976
0.000119325
0.000108804
9.84248e-05
8.81993e-05
7.81392e-05
6.82555e-05
0.00013581
0.000125544
0.000115402
0.000105393
9.55304e-05
8.58235e-05
7.62829e-05
0.000141478
0.000131579
0.000121798
0.000112144
0.000102627
9.32573e-05
8.40447e-05
0.000146978
0.000137431
0.000127994
0.000118678
0.000109492
0.000100445
9.15461e-05
0.000152314
0.000143101
0.000133994
0.000125001
0.000116131
0.000107392
9.87918e-05
0.000157486
0.000148593
0.0001398
0.000131115
0.000122546
0.000114101
0.000105787
0.000162496
0.000153908
0.000145414
0.000137023
0.000128742
0.000120577
0.000112536
0.000167345
0.000159047
0.00015084
0.000142729
0.000134721
0.000126824
0.000119043
0.000172035
0.000164014
0.000156079
0.000148234
0.000140488
0.000132846
0.000125313
0.000176566
0.000168809
0.000161133
0.000153543
0.000146046
0.000138646
0.00013135
0.000180941
0.000173435
0.000166006
0.000158658
0.000151397
0.000144229
0.000137159
0.00018516
0.000177893
0.000170698
0.000163581
0.000156546
0.000149598
0.000142742
0.000189225
0.000182185
0.000175213
0.000168314
0.000161494
0.000154755
0.000148103
0.000193137
0.000186312
0.000179552
0.000172861
0.000166244
0.000159705
0.000153247
0.000196896
0.000190276
0.000183717
0.000177224
0.0001708
0.00016445
0.000158176
0.000200505
0.000194078
0.00018771
0.000181404
0.000175163
0.000168992
0.000162894
0.000203962
0.000197719
0.000191532
0.000185403
0.000179336
0.000173335
0.000167402
0.00020727
0.000201201
0.000195184
0.000189223
0.00018332
0.00017748
0.000171704
0.000210429
0.000204524
0.000198668
0.000192865
0.000187118
0.000181429
0.000175802
0.000213439
0.000207688
0.000201985
0.000196331
0.00019073
0.000185185
0.000179698
0.0002163
0.000210695
0.000205134
0.000199622
0.000194159
0.000188748
0.000183393
0.000219013
0.000213544
0.000208118
0.000202737
0.000197404
0.00019212
0.000186889
0.000221576
0.000216236
0.000210936
0.000205678
0.000200466
0.000195301
0.000190186
0.000223991
0.000218769
0.000213587
0.000208445
0.000203346
0.000198292
0.000193285
0.000226255
0.000221145
0.000216071
0.000211037
0.000206044
0.000201093
0.000196187
0.000228368
0.00022336
0.000218388
0.000213453
0.000208558
0.000203703
0.00019889
0.000230327
0.000225415
0.000220536
0.000215693
0.000210887
0.00020612
0.000201394
0.000232132
0.000227306
0.000222513
0.000217753
0.00021303
0.000208344
0.000203697
0.00023378
0.000229032
0.000224316
0.000219633
0.000214984
0.000210372
0.000205796
0.000235267
0.00023059
0.000225944
0.000221329
0.000216747
0.0002122
0.000207689
0.000236591
0.000231976
0.000227391
0.000222837
0.000218314
0.000213826
0.000209372
0.000237746
0.000233186
0.000228654
0.000224152
0.000219682
0.000215243
0.000210839
0.000238727
0.000234213
0.000229727
0.000225269
0.000220843
0.000216447
0.000212085
0.00023953
0.000235053
0.000230603
0.000226182
0.000221791
0.000217431
0.000213103
0.000240145
0.000235697
0.000231276
0.000226882
0.000222518
0.000218185
0.000213883
0.000240566
0.000236137
0.000231735
0.000227361
0.000223015
0.0002187
0.000214416
0.000240782
0.000236363
0.000231971
0.000227606
0.000223271
0.000218965
0.00021469
-0.000147042
-0.000165319
-0.000182977
-0.000199982
-0.000216308
-0.00023193
-0.000246824
-0.000132518
-0.000150125
-0.00016715
-0.000183561
-0.000199333
-0.000214441
-0.000228864
-0.000118401
-0.000135364
-0.000151779
-0.000167617
-0.000182852
-0.000197462
-0.000211424
-0.000104683
-0.000121028
-0.000136857
-0.000152143
-0.000166861
-0.000180987
-0.000194503
-9.13546e-05
-0.000107104
-0.000122368
-0.00013712
-0.000151337
-0.000164996
-0.000178077
-7.84075e-05
-9.35838e-05
-0.000108302
-0.000122539
-0.000136271
-0.000149478
-0.00016214
-6.58335e-05
-8.04582e-05
-9.46518e-05
-0.000108391
-0.000121656
-0.000134426
-0.000146683
-5.36252e-05
-6.77195e-05
-8.14078e-05
-9.46688e-05
-0.000107482
-0.00011983
-0.000131696
-4.1775e-05
-5.53597e-05
-6.8562e-05
-8.13621e-05
-9.37413e-05
-0.000105682
-0.00011717
-3.02756e-05
-4.33708e-05
-5.6106e-05
-6.84627e-05
-8.04234e-05
-9.19721e-05
-0.000103094
-1.912e-05
-3.17453e-05
-4.40317e-05
-5.59619e-05
-6.75197e-05
-7.86902e-05
-8.94594e-05
-8.30104e-06
-2.04754e-05
-3.23308e-05
-4.38511e-05
-5.50213e-05
-6.58273e-05
-7.62563e-05
2.18797e-06
-9.55379e-06
-2.09954e-05
-3.21218e-05
-4.29191e-05
-5.33742e-05
-6.34751e-05
1.23537e-05
1.02684e-06
-1.00176e-05
-2.07658e-05
-3.12045e-05
-4.13218e-05
-5.11064e-05
2.22029e-05
1.12736e-05
6.10152e-07
-9.77475e-06
-1.98689e-05
-2.96611e-05
-3.91409e-05
3.17417e-05
2.11937e-05
1.08955e-05
8.59267e-07
-8.90384e-06
-1.83833e-05
-2.75695e-05
4.09767e-05
3.07938e-05
2.08459e-05
1.11441e-05
1.69901e-06
-7.4798e-06
-1.63832e-05
4.99139e-05
4.00806e-05
3.04685e-05
2.10876e-05
1.19477e-05
3.05793e-06
-5.57339e-06
5.85593e-05
4.90609e-05
3.97703e-05
3.06971e-05
2.18503e-05
1.32381e-05
4.86859e-06
6.69189e-05
5.77409e-05
4.87584e-05
3.99801e-05
3.14143e-05
2.30689e-05
1.49511e-05
7.49983e-05
6.61271e-05
5.74394e-05
4.89437e-05
4.06475e-05
3.25581e-05
2.46823e-05
8.28033e-05
7.42253e-05
6.582e-05
5.75948e-05
4.95571e-05
4.17134e-05
3.40701e-05
9.03393e-05
8.20417e-05
7.39064e-05
6.59403e-05
5.81502e-05
5.05423e-05
4.31223e-05
9.76115e-05
8.95819e-05
8.17048e-05
7.39868e-05
6.64339e-05
5.90519e-05
5.18464e-05
0.000104625
9.68516e-05
8.92214e-05
8.17405e-05
7.44148e-05
6.72494e-05
6.02495e-05
0.000111385
0.000103856
9.64618e-05
8.92078e-05
8.20993e-05
7.51415e-05
6.83388e-05
0.000117896
0.000110601
0.000103432
9.63944e-05
8.94939e-05
8.27346e-05
7.61211e-05
0.000124163
0.00011709
0.000110136
0.000103306
9.66044e-05
9.00352e-05
8.36027e-05
0.000130191
0.00012333
0.000116581
0.000109949
0.000103437
9.70491e-05
9.079e-05
0.000135982
0.000129324
0.000122771
0.000116327
0.000109996
0.000103782
9.76889e-05
0.000141543
0.000135077
0.00012871
0.000122446
0.000116288
0.00011024
0.000104305
0.000146875
0.000140592
0.000134403
0.00012831
0.000122317
0.000116427
0.000110644
0.000151984
0.000145875
0.000139854
0.000133924
0.000128088
0.000122349
0.00011671
0.000156871
0.000150928
0.000145068
0.000139293
0.000133606
0.000128011
0.000122509
0.000161541
0.000155755
0.000150046
0.000144419
0.000138874
0.000133415
0.000128044
0.000165996
0.000160358
0.000154794
0.000149306
0.000143896
0.000138567
0.00013332
0.000170238
0.000164742
0.000159314
0.000153958
0.000148675
0.000143469
0.000138341
0.000174271
0.000168907
0.000163608
0.000158376
0.000153215
0.000148125
0.000143109
0.000178094
0.000172855
0.000167678
0.000162565
0.000157517
0.000152537
0.000147627
0.000181711
0.00017659
0.000171527
0.000166524
0.000161584
0.000156708
0.000151897
0.000185122
0.000180111
0.000175155
0.000170257
0.000165417
0.000160638
0.000155921
0.000188327
0.00018342
0.000178564
0.000173763
0.000169018
0.00016433
0.000159701
0.000191327
0.000186516
0.000181754
0.000177044
0.000172387
0.000167784
0.000163237
0.000194122
0.0001894
0.000184725
0.000180099
0.000175523
0.000171
0.000166529
0.00019671
0.00019207
0.000187475
0.000182927
0.000178427
0.000173976
0.000169576
0.00019909
0.000194525
0.000190004
0.000185527
0.000181096
0.000176712
0.000172377
0.00020126
0.000196763
0.000192308
0.000187896
0.000183528
0.000179205
0.000174929
0.000203215
0.00019878
0.000194385
0.000190031
0.00018572
0.000181452
0.000177229
0.000204954
0.000200573
0.000196231
0.000191929
0.000187668
0.000183448
0.000179272
0.00020647
0.000202136
0.000197841
0.000193583
0.000189365
0.000185188
0.000181053
0.000207757
0.000203464
0.000199207
0.000194988
0.000190807
0.000186666
0.000182565
0.000208808
0.000204547
0.000200322
0.000196134
0.000191984
0.000187872
0.0001838
0.000209614
0.000205378
0.000201178
0.000197014
0.000192886
0.000188797
0.000184746
0.000210164
0.000205946
0.000201762
0.000197614
0.000193503
0.000189429
0.000185393
0.000210447
0.000206238
0.000202062
0.000197923
0.000193819
0.000189753
0.000185725
-0.000261324
-0.000275321
-0.000288412
-0.000300605
-0.000311893
-0.000322262
-0.000331708
-0.000340231
-0.000347836
-0.000354529
-0.000360323
-0.000365231
-0.000369272
-0.000372465
-0.000374835
-0.000376406
-0.000377206
-0.000377266
-0.000376615
-0.000375288
-0.000373317
-0.000370735
-0.000367579
-0.00024291
-0.00025649
-0.000269232
-0.000281122
-0.000292157
-0.000302326
-0.000311623
-0.00032005
-0.000327609
-0.000334306
-0.000340151
-0.000345157
-0.00034934
-0.000352718
-0.000355313
-0.000357147
-0.000358245
-0.000358636
-0.000358347
-0.000357409
-0.000355853
-0.000353709
-0.00035101
-0.000225039
-0.000238216
-0.000250608
-0.000262201
-0.000272985
-0.000282954
-0.000292101
-0.000300426
-0.000307932
-0.000314623
-0.000320508
-0.000325598
-0.000329908
-0.000333453
-0.000336254
-0.00033833
-0.000339706
-0.000340406
-0.000340456
-0.000339883
-0.000338718
-0.000336986
-0.000334721
-0.000207694
-0.000220481
-0.000232531
-0.00024383
-0.000254368
-0.000264137
-0.000273132
-0.000281352
-0.000288797
-0.000295473
-0.000301386
-0.000306548
-0.000310969
-0.000314666
-0.000317655
-0.000319955
-0.000321587
-0.000322574
-0.000322941
-0.000322712
-0.000321913
-0.000320571
-0.000318715
-0.000190861
-0.000203271
-0.000214989
-0.000226001
-0.000236295
-0.000245866
-0.000254707
-0.000262817
-0.000270196
-0.000276848
-0.00028278
-0.000288001
-0.00029252
-0.000296352
-0.000299512
-0.000302017
-0.000303887
-0.000305141
-0.000305803
-0.000305895
-0.000305441
-0.000304466
-0.000302995
-0.000174529
-0.000186575
-0.00019797
-0.0002087
-0.000218756
-0.000228129
-0.000236815
-0.000244812
-0.00025212
-0.000258742
-0.000264682
-0.00026995
-0.000274554
-0.000278507
-0.000281822
-0.000284515
-0.000286604
-0.000288106
-0.000289043
-0.000289434
-0.000289304
-0.000288673
-0.000287565
-0.000158691
-0.000170384
-0.000181464
-0.000191919
-0.000201739
-0.000210917
-0.000219447
-0.000227329
-0.00023456
-0.000241144
-0.000247085
-0.00025239
-0.000257067
-0.000261126
-0.000264581
-0.000267446
-0.000269735
-0.000271467
-0.000272658
-0.00027333
-0.000273502
-0.000273194
-0.000272428
-0.000143335
-0.000154685
-0.000165459
-0.000175646
-0.000185234
-0.000194219
-0.000202594
-0.000210357
-0.000217508
-0.000224048
-0.000229981
-0.000235312
-0.00024005
-0.000244204
-0.000247785
-0.000250805
-0.000253279
-0.000255222
-0.00025665
-0.000257582
-0.000258036
-0.000258031
-0.000257587
-0.000128451
-0.00013947
-0.000149946
-0.00015987
-0.000169232
-0.000178025
-0.000186244
-0.000193888
-0.000200954
-0.000207444
-0.000213362
-0.000218712
-0.0002235
-0.000227736
-0.000231428
-0.000234589
-0.000237232
-0.000239369
-0.000241017
-0.000242191
-0.000242908
-0.000243186
-0.000243043
-0.00011403
-0.000124727
-0.000134914
-0.000144581
-0.00015372
-0.000162325
-0.000170389
-0.000177911
-0.00018489
-0.000191325
-0.000197221
-0.00020258
-0.000207409
-0.000211715
-0.000215507
-0.000218795
-0.000221591
-0.000223907
-0.000225756
-0.000227155
-0.000228117
-0.000228659
-0.000228798
-0.000100062
-0.000110447
-0.000120353
-0.00012977
-0.000138691
-0.000147108
-0.000155019
-0.000162418
-0.000169306
-0.000175683
-0.00018155
-0.000186911
-0.000191771
-0.000196137
-0.000200016
-0.000203418
-0.000206353
-0.000208832
-0.000210868
-0.000212473
-0.000213663
-0.000214451
-0.000214854
-8.65361e-05
-9.66186e-05
-0.000106252
-0.000115425
-0.000124132
-0.000132366
-0.000140123
-0.0001474
-0.000154195
-0.000160508
-0.000166341
-0.000171697
-0.000176579
-0.000180995
-0.000184951
-0.000188454
-0.000191514
-0.000194142
-0.000196349
-0.000198146
-0.000199547
-0.000200564
-0.000201212
-7.34431e-05
-8.32331e-05
-9.26009e-05
-0.000101537
-0.000110035
-0.000118089
-0.000125694
-0.000132847
-0.000139546
-0.000145793
-0.000151586
-0.00015693
-0.000161828
-0.000166284
-0.000170305
-0.000173898
-0.000177072
-0.000179835
-0.000182198
-0.000184171
-0.000185767
-0.000186997
-0.000187873
-6.07733e-05
-7.02803e-05
-7.93907e-05
-8.8096e-05
-9.63895e-05
-0.000104265
-0.00011172
-0.000118749
-0.000125352
-0.000131528
-0.000137278
-0.000142604
-0.000147509
-0.000151997
-0.000156074
-0.000159746
-0.000163021
-0.000165907
-0.000168412
-0.000170547
-0.000172323
-0.00017375
-0.000174839
-4.85172e-05
-5.77503e-05
-6.66112e-05
-7.50918e-05
-8.31855e-05
-9.08872e-05
-9.81926e-05
-0.000105099
-0.000111604
-0.000117707
-0.000123409
-0.000128711
-0.000133617
-0.000138129
-0.000142253
-0.000145994
-0.000149358
-0.000152354
-0.000154989
-0.000157273
-0.000159214
-0.000160822
-0.00016211
-3.66654e-05
-4.56338e-05
-5.42529e-05
-6.25148e-05
-7.04137e-05
-7.79444e-05
-8.51028e-05
-9.18859e-05
-9.8292e-05
-0.00010432
-0.000109971
-0.000115245
-0.000120144
-0.000124673
-0.000128835
-0.000132635
-0.000136079
-0.000139174
-0.000141927
-0.000144345
-0.000146439
-0.000148215
-0.000149685
-2.52087e-05
-3.39214e-05
-4.23061e-05
-5.03557e-05
-5.80645e-05
-6.54276e-05
-7.24411e-05
-7.9102e-05
-8.54085e-05
-9.13595e-05
-9.69551e-05
-0.000102196
-0.000107085
-0.000111623
-0.000115816
-0.000119666
-0.00012318
-0.000126363
-0.000129222
-0.000131763
-0.000133996
-0.000135926
-0.000137565
-1.41382e-05
-2.26038e-05
-3.07617e-05
-3.86051e-05
-4.61286e-05
-5.33277e-05
-6.01985e-05
-6.67381e-05
-7.29446e-05
-7.8817e-05
-8.4355e-05
-8.95593e-05
-9.44314e-05
-9.89736e-05
-0.000103189
-0.000107082
-0.000110656
-0.000113917
-0.000116871
-0.000119524
-0.000121883
-0.000123956
-0.00012575
-3.44502e-06
-1.16721e-05
-1.96104e-05
-2.72538e-05
-3.4597e-05
-4.16357e-05
-4.83661e-05
-5.47856e-05
-6.08921e-05
-6.66845e-05
-7.21624e-05
-7.73263e-05
-8.21773e-05
-8.67174e-05
-9.09492e-05
-9.48762e-05
-9.85024e-05
-0.000101832
-0.000104871
-0.000107625
-0.0001101
-0.000112302
-0.000114239
6.87942e-06
-1.11745e-06
-8.84354e-06
-1.62929e-05
-2.34606e-05
-3.03426e-05
-3.69353e-05
-4.32359e-05
-4.92426e-05
-5.49541e-05
-6.03699e-05
-6.54901e-05
-7.03158e-05
-7.48486e-05
-7.90907e-05
-8.3045e-05
-8.67152e-05
-9.01052e-05
-9.32198e-05
-9.60641e-05
-9.86436e-05
-0.000100964
-0.000103032
1.68435e-05
9.06864e-06
1.54772e-06
-5.71361e-06
-1.27108e-05
-1.94398e-05
-2.58973e-05
-3.20807e-05
-3.7988e-05
-4.36179e-05
-4.89698e-05
-5.40437e-05
-5.88404e-05
-6.33611e-05
-6.76077e-05
-7.15829e-05
-7.52897e-05
-7.87316e-05
-8.19129e-05
-8.48382e-05
-8.75122e-05
-8.99403e-05
-9.21285e-05
2.64554e-05
1.88946e-05
1.15718e-05
4.4926e-06
-2.33886e-06
-8.91876e-06
-1.52439e-05
-2.13117e-05
-2.71203e-05
-3.26682e-05
-3.79548e-05
-4.298e-05
-4.77442e-05
-5.22486e-05
-5.64947e-05
-6.04847e-05
-6.42213e-05
-6.77076e-05
-7.09473e-05
-7.39445e-05
-7.67036e-05
-7.92292e-05
-8.15268e-05
3.57232e-05
2.83684e-05
2.12371e-05
1.4334e-05
7.66342e-06
1.22877e-06
-4.96685e-06
-1.09209e-05
-1.66316e-05
-2.20974e-05
-2.73177e-05
-3.22921e-05
-3.7021e-05
-4.15051e-05
-4.5746e-05
-4.97452e-05
-5.35053e-05
-5.7029e-05
-6.03195e-05
-6.33804e-05
-6.62156e-05
-6.88292e-05
-7.12262e-05
4.46544e-05
3.74982e-05
3.05515e-05
2.38188e-05
1.73042e-05
1.10109e-05
4.94184e-06
-9.00514e-07
-6.5143e-06
-1.18982e-05
-1.70512e-05
-2.19732e-05
-2.66641e-05
-3.11247e-05
-3.53559e-05
-3.93595e-05
-4.31373e-05
-4.66919e-05
-5.00259e-05
-5.31427e-05
-5.60456e-05
-5.87384e-05
-6.12254e-05
5.32567e-05
4.62915e-05
3.95227e-05
3.29548e-05
2.65913e-05
2.04354e-05
1.44899e-05
8.75717e-06
3.23901e-06
-2.0632e-06
-7.14855e-06
-1.20166e-05
-1.66674e-05
-2.11013e-05
-2.53192e-05
-2.93224e-05
-3.31127e-05
-3.66921e-05
-4.00632e-05
-4.32286e-05
-4.61915e-05
-4.89551e-05
-5.15233e-05
6.15371e-05
5.47557e-05
4.81584e-05
4.17495e-05
3.55323e-05
2.95099e-05
2.36849e-05
1.80595e-05
1.26356e-05
7.4145e-06
2.39715e-06
-2.41591e-06
-7.02458e-06
-1.14291e-05
-1.56303e-05
-1.96291e-05
-2.3427e-05
-2.70258e-05
-3.04277e-05
-3.36351e-05
-3.66507e-05
-3.94774e-05
-4.21186e-05
6.95028e-05
6.28979e-05
5.64658e-05
5.02104e-05
4.41347e-05
3.82418e-05
3.25341e-05
2.70137e-05
2.16825e-05
1.65417e-05
1.15925e-05
6.8352e-06
2.2702e-06
-2.1027e-06
-6.28403e-06
-1.02746e-05
-1.40758e-05
-1.76889e-05
-2.1116e-05
-2.43592e-05
-2.74208e-05
-3.03033e-05
-3.30099e-05
7.71604e-05
7.07251e-05
6.44519e-05
5.83444e-05
5.24055e-05
4.66381e-05
4.10444e-05
3.56267e-05
3.03865e-05
2.53251e-05
2.04437e-05
1.57428e-05
1.12228e-05
6.88355e-06
2.72473e-06
-1.25436e-06
-5.05472e-06
-8.67768e-06
-1.21248e-05
-1.5398e-05
-1.84993e-05
-2.1431e-05
-2.41958e-05
8.45163e-05
7.82438e-05
7.21234e-05
6.61583e-05
6.03515e-05
5.47056e-05
4.92228e-05
4.3905e-05
3.8754e-05
3.3771e-05
2.89571e-05
2.43129e-05
1.98388e-05
1.55349e-05
1.14009e-05
7.43632e-06
3.64029e-06
1.1726e-08
-3.45076e-06
-6.74876e-06
-9.88406e-06
-1.28587e-05
-1.56749e-05
9.15766e-05
8.54603e-05
7.94865e-05
7.36587e-05
6.79793e-05
6.24508e-05
5.70755e-05
5.18551e-05
4.67913e-05
4.18854e-05
3.71384e-05
3.2551e-05
2.81236e-05
2.38564e-05
1.97493e-05
1.58018e-05
1.20133e-05
8.38288e-06
4.90937e-06
1.59137e-06
-1.57263e-06
-4.58438e-06
-7.44598e-06
9.83473e-05
9.23805e-05
8.65476e-05
8.08515e-05
7.52949e-05
6.98799e-05
6.46087e-05
5.9483e-05
5.45044e-05
4.96742e-05
4.49933e-05
4.04626e-05
3.60824e-05
3.1853e-05
2.77744e-05
2.38463e-05
2.00681e-05
1.64392e-05
1.29586e-05
9.62499e-06
6.43715e-06
3.39354e-06
4.92324e-07
0.000104834
9.90101e-05
9.33122e-05
8.77428e-05
8.23043e-05
7.69988e-05
7.18283e-05
6.67945e-05
6.18989e-05
5.71428e-05
5.25271e-05
4.80527e-05
4.37199e-05
3.95292e-05
3.54805e-05
3.15737e-05
2.78085e-05
2.41841e-05
2.06998e-05
1.73546e-05
1.41473e-05
1.10767e-05
8.14117e-06
0.000111041
0.000105354
9.97859e-05
9.43379e-05
8.90129e-05
8.38128e-05
7.87396e-05
7.37949e-05
6.89801e-05
6.42964e-05
5.97448e-05
5.53261e-05
5.10408e-05
4.68893e-05
4.28717e-05
3.89879e-05
3.52377e-05
3.16205e-05
2.81357e-05
2.47825e-05
2.15598e-05
1.84667e-05
1.55016e-05
0.000116974
0.000111419
0.000105974
0.000100642
9.54259e-05
9.03273e-05
8.53479e-05
8.04893e-05
7.57529e-05
7.11398e-05
6.66511e-05
6.22874e-05
5.80494e-05
5.39374e-05
4.99518e-05
4.60923e-05
4.23589e-05
3.87513e-05
3.52687e-05
3.19107e-05
2.86763e-05
2.55647e-05
2.25746e-05
0.000122638
0.000117207
0.00011188
0.00010666
0.000101548
9.65469e-05
9.16579e-05
8.68824e-05
8.22219e-05
7.76775e-05
7.32501e-05
6.89406e-05
6.47495e-05
6.06772e-05
5.67241e-05
5.289e-05
4.91751e-05
4.55789e-05
4.21012e-05
3.87412e-05
3.54984e-05
3.23719e-05
2.93607e-05
0.000128036
0.000122724
0.00011751
0.000112396
0.000107384
0.000102476
9.76738e-05
9.29784e-05
8.83913e-05
8.39135e-05
7.9546e-05
7.52895e-05
7.11447e-05
6.7112e-05
6.31917e-05
5.9384e-05
5.56887e-05
5.21058e-05
4.86348e-05
4.52755e-05
4.20271e-05
3.88892e-05
3.58606e-05
0.000133172
0.000127973
0.000122866
0.000117853
0.000112937
0.000108119
0.0001034
9.87812e-05
9.42648e-05
8.98515e-05
8.55421e-05
8.13375e-05
7.72382e-05
7.32448e-05
6.93575e-05
6.55765e-05
6.19019e-05
5.83337e-05
5.48714e-05
5.15149e-05
4.82636e-05
4.51171e-05
4.20745e-05
0.00013805
0.000132958
0.000127953
0.000123037
0.000118211
0.000113478
0.000108839
0.000104294
9.98457e-05
9.54946e-05
9.12415e-05
8.70873e-05
8.30326e-05
7.90779e-05
7.52236e-05
7.14698e-05
6.78166e-05
6.42641e-05
6.08121e-05
5.74603e-05
5.42084e-05
5.10559e-05
4.80023e-05
0.000142672
0.000137681
0.000132773
0.000127948
0.000123209
0.000118557
0.000113994
0.00010952
0.000105137
0.000100845
9.66468e-05
9.25415e-05
8.85303e-05
8.46136e-05
8.07918e-05
7.70653e-05
7.34341e-05
6.98983e-05
6.64577e-05
6.31123e-05
5.98617e-05
5.67056e-05
5.36436e-05
0.00014704
0.000142146
0.000137328
0.000132591
0.000127934
0.000123359
0.000118868
0.000114461
0.00011014
0.000105906
0.00010176
9.77019e-05
9.37328e-05
8.98533e-05
8.60637e-05
8.23643e-05
7.87553e-05
7.52367e-05
7.18087e-05
6.84709e-05
6.52234e-05
6.20657e-05
5.89975e-05
0.000151157
0.000146353
0.000141622
0.000136966
0.000132386
0.000127885
0.000123462
0.000119119
0.000114858
0.000110679
0.000106582
0.00010257
9.86414e-05
9.4798e-05
9.10398e-05
8.73672e-05
8.37804e-05
8.02796e-05
7.68647e-05
7.35358e-05
7.02927e-05
6.71351e-05
6.40629e-05
0.000155024
0.000150304
0.000145654
0.000141075
0.000136569
0.000132136
0.000127778
0.000123496
0.000119291
0.000115164
0.000111115
0.000107146
0.000103257
9.9448e-05
9.57204e-05
9.20741e-05
8.85094e-05
8.50264e-05
8.16253e-05
7.83059e-05
7.50684e-05
7.19124e-05
6.88379e-05
0.00015864
0.000154
0.000149426
0.000144919
0.000140481
0.000136113
0.000131816
0.000127591
0.000123439
0.000119361
0.000115358
0.00011143
0.000107578
0.000103803
0.000100105
9.64843e-05
9.29413e-05
8.94761e-05
8.60889e-05
8.27798e-05
7.95487e-05
7.63955e-05
7.33202e-05
0.000162007
0.000157441
0.000152938
0.000148498
0.000144124
0.000139816
0.000135576
0.000131405
0.000127303
0.000123271
0.000119311
0.000115422
0.000111606
0.000107862
0.000104192
0.000100596
9.70744e-05
9.36268e-05
9.02536e-05
8.69551e-05
8.37311e-05
8.05817e-05
7.75067e-05
0.000165124
0.000160626
0.000156188
0.000151811
0.000147496
0.000143245
0.000139057
0.000134936
0.00013088
0.000126892
0.000122971
0.000119119
0.000115337
0.000111624
0.000107981
0.000104408
0.000100906
9.74759e-05
9.41166e-05
9.08287e-05
8.76122e-05
8.44673e-05
8.13937e-05
0.000167989
0.000163554
0.000159175
0.000154856
0.000150596
0.000146396
0.000142258
0.000138182
0.00013417
0.000130222
0.000126338
0.000122521
0.000118769
0.000115084
0.000111466
0.000107916
0.000104434
0.00010102
9.7674e-05
9.43967e-05
9.1188e-05
8.8048e-05
8.49766e-05
0.000170599
0.000166221
0.000161898
0.00015763
0.00015342
0.000149268
0.000145174
0.000141141
0.000137168
0.000133257
0.000129408
0.000125622
0.000121899
0.00011824
0.000114646
0.000111117
0.000107653
0.000104254
0.000100921
9.76542e-05
9.44533e-05
9.13185e-05
8.82498e-05
0.000172951
0.000168625
0.000164351
0.000160131
0.000155966
0.000151856
0.000147803
0.000143808
0.000139871
0.000135993
0.000132175
0.000128418
0.000124722
0.000121087
0.000117514
0.000114004
0.000110557
0.000107173
0.000103852
0.000100595
9.74018e-05
9.42723e-05
9.12067e-05
0.000175041
0.00017076
0.000166531
0.000162352
0.000158227
0.000154156
0.000150139
0.000146178
0.000142273
0.000138425
0.000134635
0.000130904
0.000127231
0.000123618
0.000120065
0.000116573
0.000113141
0.00010977
0.00010646
0.000103212
0.000100026
9.69018e-05
9.38394e-05
0.000176863
0.000172622
0.000168431
0.000164289
0.000160199
0.000156161
0.000152176
0.000148244
0.000144368
0.000140546
0.000136781
0.000133072
0.00012942
0.000125826
0.00012229
0.000118813
0.000115395
0.000112036
0.000108737
0.000105497
0.000102317
9.91979e-05
9.61387e-05
0.000178409
0.000174202
0.000170043
0.000165933
0.000161873
0.000157863
0.000153905
0.000149999
0.000146146
0.000142347
0.000138602
0.000134913
0.000131279
0.000127702
0.000124181
0.000120717
0.00011731
0.000113962
0.000110671
0.000107439
0.000104265
0.00010115
9.80938e-05
0.000179672
0.000175493
0.00017136
0.000167276
0.000163239
0.000159253
0.000155317
0.000151431
0.000147598
0.000143818
0.00014009
0.000136417
0.000132798
0.000129234
0.000125725
0.000122272
0.000118875
0.000115535
0.000112252
0.000109026
0.000105857
0.000102746
9.96921e-05
0.00018064
0.000176482
0.00017237
0.000168305
0.000164287
0.000160319
0.000156399
0.00015253
0.000148712
0.000144945
0.000141231
0.00013757
0.000133962
0.000130409
0.000126909
0.000123465
0.000120076
0.000116743
0.000113465
0.000110244
0.000107079
0.000103971
0.000100919
0.000181301
0.000177158
0.00017306
0.000169008
0.000165003
0.000161046
0.000157139
0.00015328
0.000149473
0.000145716
0.000142011
0.000138358
0.000134758
0.000131211
0.000127719
0.00012428
0.000120897
0.000117568
0.000114294
0.000111076
0.000107914
0.000104808
0.000101758
0.000181641
0.000177505
0.000173414
0.000169369
0.00016537
0.00016142
0.000157518
0.000153666
0.000149863
0.000146111
0.000142411
0.000138762
0.000135166
0.000131623
0.000128134
0.000124699
0.000121318
0.000117991
0.00011472
0.000111503
0.000108343
0.000105238
0.000102188
)
;

boundaryField
{
    down
    {
        type            symmetryPlane;
    }
    right
    {
        type            fixedValue;
        value           nonuniform List<scalar> 0();
    }
    up
    {
        type            symmetryPlane;
    }
    left
    {
        type            zeroGradient;
    }
    cylinder
    {
        type            zeroGradient;
    }
    frontAndBack
    {
        type            empty;
    }
    procBoundary9to5
    {
        type            processor;
        value           nonuniform List<scalar> 
74
(
-0.000995912
-0.000964165
-0.000964165
-0.000984984
-0.00100425
-0.0010211
-0.00103437
-0.00104414
-0.00105067
-0.00105407
-0.00105449
-0.00105205
-0.0010469
-0.00103921
-0.00102912
-0.00101681
-0.00100243
-0.000986152
-0.000968134
-0.000948541
-0.000927534
-0.00090527
-0.000881904
-0.000857587
-0.000710802
-0.000761141
-0.000758684
-0.000758684
-0.000804587
-0.000849784
-0.000893796
-0.00093455
-0.000608422
-0.000659872
-0.0003189
-0.000373207
-0.000421262
-0.000469868
-0.000519173
-0.000519173
0.000972373
0.000963293
0.000953125
0.000941792
0.000929218
0.000915321
0.000900014
0.000883212
0.000864828
0.000844772
0.000822956
0.000799293
0.000773698
0.000746087
0.000716385
0.00068452
0.000650429
0.000614057
0.000575365
0.000534323
0.00049092
0.000445163
0.000397079
0.000346718
0.000294153
0.000239486
0.000182844
0.000124385
6.42957e-05
2.79229e-06
-5.98841e-05
-0.000123493
-0.000187517
-0.000251222
)
;
    }
    procBoundary9to8
    {
        type            processor;
        value           nonuniform List<scalar> 
75
(
0.000957266
0.000934921
0.000913394
0.000892669
0.000872727
0.000853552
0.000835123
0.00081742
0.00080042
0.000784103
0.000768446
0.000753427
0.000739023
0.000725212
0.000711972
0.000699282
0.000687121
0.000675468
0.000664301
0.000653822
0.000643878
0.000634151
0.000624645
0.000615364
0.000606308
0.000606308
0.000607522
0.000598819
0.00059034
0.000582087
0.000574059
0.000566259
0.000558685
0.000551338
0.000544216
0.000537319
0.000530645
0.000524193
0.000517961
0.000511946
0.000506146
0.000500558
0.00049518
0.000490008
0.000485039
0.000480269
0.000475695
0.000471314
0.000467121
0.000463112
0.000459285
0.000455635
0.000452158
0.000448851
0.000445711
0.000442732
0.000439913
0.000437249
0.000434738
0.000432377
0.000430164
0.000428095
0.00042617
0.000424386
0.000422742
0.000421237
0.000419872
0.000418646
0.00041756
0.000416617
0.000415819
0.000415168
0.00041467
0.000414331
0.000414157
)
;
    }
    procBoundary9to10
    {
        type            processor;
        value           nonuniform List<scalar> 
73
(
-0.000798443
-0.000765674
-0.000734131
-0.000703778
-0.00067457
-0.000646462
-0.000619412
-0.000593377
-0.000568319
-0.000544199
-0.000520978
-0.000498621
-0.000477092
-0.000456359
-0.000436389
-0.000417152
-0.000398617
-0.000380755
-0.000363892
-0.000347798
-0.000331959
-0.000316378
-0.000301061
-0.000286012
-0.000271233
-0.000256729
-0.000242502
-0.000228554
-0.000214889
-0.000201508
-0.000188414
-0.000175607
-0.000163088
-0.00015086
-0.000138922
-0.000127276
-0.000115921
-0.000104857
-9.40845e-05
-8.36033e-05
-7.34127e-05
-6.35123e-05
-5.39014e-05
-4.45791e-05
-3.55448e-05
-2.67975e-05
-1.83364e-05
-1.01606e-05
-2.26934e-06
5.33808e-06
1.26623e-05
1.97038e-05
2.6463e-05
3.29399e-05
3.91344e-05
4.50461e-05
5.06742e-05
5.60177e-05
6.10749e-05
6.58438e-05
7.03217e-05
7.45054e-05
7.83908e-05
8.19732e-05
8.52466e-05
8.82043e-05
9.08383e-05
9.31391e-05
9.50957e-05
9.66955e-05
9.79237e-05
9.87633e-05
9.91942e-05
)
;
    }
}


// ************************************************************************* //
