/*--------------------------------*- C++ -*----------------------------------*\
| =========                 |                                                 |
| \\      /  F ield         | OpenFOAM: The Open Source CFD Toolbox           |
|  \\    /   O peration     | Version:  2412                                  |
|   \\  /    A nd           | Website:  www.openfoam.com                      |
|    \\/     M anipulation  |                                                 |
\*---------------------------------------------------------------------------*/
FoamFile
{
    version     2.0;
    format      ascii;
    arch        "LSB;label=32;scalar=64";
    class       volScalarField;
    location    "20.5";
    object      p;
}
// * * * * * * * * * * * * * * * * * * * * * * * * * * * * * * * * * * * * * //

dimensions      [0 2 -2 0 0 0 0];

internalField   nonuniform List<scalar> 
5285
(
0.000800549
0.000795625
0.000790399
0.000784856
0.000778984
0.00077277
0.000766197
0.000759254
0.000751926
0.000744197
0.000736055
0.000727484
0.000718471
0.000709003
0.000699064
0.000688643
0.000810577
0.000805785
0.000800685
0.000795263
0.000789504
0.000783393
0.000776917
0.000770059
0.000762804
0.000755137
0.000747042
0.000738505
0.000729509
0.00072004
0.000710082
0.000699621
0.000820884
0.000816237
0.000811277
0.000805988
0.000800355
0.000794363
0.000787996
0.000781237
0.00077407
0.000766479
0.000758446
0.000749956
0.000740991
0.000731534
0.00072157
0.000711082
0.000831474
0.000826986
0.000822179
0.000817037
0.000811546
0.000805687
0.000799444
0.000792799
0.000785736
0.000778235
0.00077028
0.000761852
0.000752932
0.000743503
0.000733547
0.000723045
0.00084235
0.000838035
0.000833396
0.000828418
0.000823082
0.000817372
0.000811269
0.000804756
0.000797812
0.000790419
0.000782558
0.000774208
0.000765351
0.000755965
0.000746033
0.000735533
0.000853516
0.000849389
0.000844934
0.000840134
0.000834971
0.000829427
0.000823481
0.000817116
0.00081031
0.000803042
0.000795293
0.00078704
0.000778263
0.000768939
0.000759047
0.000748566
0.000864974
0.00086105
0.000856796
0.000852191
0.000847219
0.000841858
0.000836088
0.00082989
0.00082324
0.000816117
0.000808499
0.000800362
0.000791684
0.000782441
0.00077261
0.000762166
0.000876727
0.000873023
0.000868986
0.000864595
0.00085983
0.000854672
0.000849098
0.000843086
0.000836613
0.000829655
0.000822189
0.00081419
0.000805633
0.000796492
0.000786741
0.000776356
0.000888775
0.000885309
0.000881507
0.000877348
0.000872811
0.000867875
0.000862517
0.000856713
0.000850438
0.000843668
0.000836377
0.000828538
0.000820124
0.000811108
0.000801463
0.000791159
0.000901119
0.000897909
0.000894361
0.000890454
0.000886166
0.000881473
0.000876353
0.000870779
0.000864725
0.000858166
0.000851074
0.00084342
0.000835175
0.00082631
0.000816794
0.000806597
0.00091376
0.000910824
0.00090755
0.000903916
0.000899897
0.000895471
0.000890611
0.000885291
0.000879484
0.000873161
0.000866294
0.000858851
0.000850802
0.000842114
0.000832756
0.000822693
0.000926696
0.000924055
0.000921075
0.000917735
0.000914008
0.000909871
0.000905296
0.000900255
0.000894721
0.000888662
0.000882047
0.000874844
0.000867019
0.000858539
0.000849368
0.00083947
0.000939925
0.000937599
0.000934936
0.000931911
0.000928501
0.000924677
0.000920413
0.000915679
0.000910444
0.000904677
0.000898344
0.000891411
0.000883843
0.000875602
0.000866651
0.000856949
0.000953445
0.000951454
0.00094913
0.000946445
0.000943375
0.000939891
0.000935964
0.000931564
0.000926659
0.000921214
0.000915195
0.000908566
0.000901287
0.000893319
0.000884623
0.000875155
0.000967251
0.000965618
0.000963655
0.000961334
0.00095863
0.000955512
0.000951952
0.000947916
0.00094337
0.00093828
0.000932609
0.000926317
0.000919363
0.000911707
0.000903303
0.000894106
0.000981338
0.000980085
0.000978507
0.000976576
0.000974264
0.000971541
0.000968376
0.000964734
0.000960582
0.000955881
0.000950592
0.000944675
0.000938085
0.000930779
0.000922708
0.000913826
0.000995698
0.000994849
0.000993681
0.000992165
0.000990273
0.000987974
0.000985235
0.000982021
0.000978295
0.000974019
0.00096915
0.000963646
0.000957462
0.000950548
0.000942855
0.000934331
0.00101032
0.0010099
0.00100917
0.0010081
0.00100665
0.00100481
0.00100253
0.000999772
0.000996509
0.000992695
0.000988287
0.000983238
0.000977501
0.000971026
0.000963758
0.000955642
0.00102521
0.00102524
0.00102496
0.00102436
0.00102339
0.00102203
0.00102024
0.00101799
0.00101522
0.00101191
0.001008
0.00100345
0.000998211
0.000992222
0.000985429
0.000977773
0.00104034
0.00104084
0.00104105
0.00104095
0.00104049
0.00103965
0.00103838
0.00103666
0.00103443
0.00103166
0.0010283
0.0010243
0.0010196
0.00101414
0.00100788
0.00100074
0.000851791
0.000851832
0.000851961
0.00085216
0.000852422
0.000852742
0.000853114
0.00085353
0.000853985
0.000854471
0.000854981
0.000855505
0.000856036
0.000856563
0.00085708
0.00085758
0.000858057
0.000858509
0.000858932
0.000859323
0.000859678
0.000859991
0.000860256
0.000860465
0.000860611
0.000860686
0.000860681
0.000860589
0.000860401
0.000860111
0.000859712
0.000859196
0.000858558
0.000857792
0.000856892
0.000855853
0.000854669
0.000853337
0.000851851
0.000850208
0.000848403
0.000846435
0.000844299
0.000841994
0.000839516
0.000836865
0.000834038
0.000831035
0.000827856
0.0008245
0.000820967
0.000817258
0.000813374
0.000809317
0.000805088
0.000854273
0.000854319
0.000854465
0.000854689
0.000854985
0.000855348
0.00085577
0.000856245
0.000856765
0.000857324
0.000857912
0.000858523
0.000859147
0.000859774
0.000860397
0.00086101
0.000861606
0.000862182
0.000862735
0.00086326
0.000863754
0.00086421
0.000864623
0.000864984
0.000865286
0.00086552
0.00086568
0.000865755
0.000865739
0.000865623
0.000865401
0.000865066
0.000864611
0.00086403
0.000863316
0.000862464
0.000861469
0.000860326
0.000859029
0.000857575
0.000855959
0.000854178
0.000852228
0.000850106
0.000847811
0.000845338
0.000842687
0.000839857
0.000836846
0.000833653
0.000830279
0.000826724
0.000822989
0.000819074
0.000814982
0.000856743
0.000856795
0.000856957
0.000857207
0.000857538
0.000857943
0.000858416
0.000858949
0.000859536
0.000860167
0.000860837
0.000861535
0.000862252
0.000862981
0.000863712
0.000864438
0.000865155
0.000865857
0.000866542
0.000867203
0.000867838
0.000868441
0.000869004
0.00086952
0.000869981
0.00087038
0.000870707
0.000870954
0.000871114
0.000871178
0.000871139
0.000870989
0.000870723
0.000870332
0.000869811
0.000869154
0.000868355
0.000867408
0.000866308
0.000865052
0.000863633
0.000862048
0.000860293
0.000858365
0.00085626
0.000853977
0.000851512
0.000848865
0.000846033
0.000843015
0.000839812
0.000836422
0.000832847
0.000829087
0.000825143
0.0008592
0.000859257
0.000859436
0.000859712
0.000860077
0.000860526
0.00086105
0.000861643
0.000862296
0.000863002
0.000863752
0.000864538
0.000865351
0.000866182
0.000867021
0.000867864
0.000868702
0.000869533
0.00087035
0.000871151
0.00087193
0.00087268
0.000873397
0.000874071
0.000874695
0.000875261
0.00087576
0.000876184
0.000876524
0.000876772
0.000876921
0.000876963
0.00087689
0.000876697
0.000876375
0.000875919
0.000875323
0.000874581
0.000873687
0.000872635
0.000871422
0.000870043
0.000868492
0.000866767
0.000864864
0.000862781
0.000860513
0.000858059
0.000855417
0.000852586
0.000849565
0.000846353
0.00084295
0.000839357
0.000835573
0.000861643
0.000861706
0.000861902
0.000862204
0.000862604
0.000863096
0.000863672
0.000864324
0.000865044
0.000865824
0.000866657
0.000867532
0.000868441
0.000869375
0.000870325
0.000871284
0.000872246
0.000873206
0.000874159
0.0008751
0.000876025
0.000876927
0.000877799
0.000878635
0.000879425
0.000880162
0.000880837
0.000881441
0.000881966
0.000882403
0.000882745
0.000882984
0.000883111
0.000883121
0.000883005
0.000882758
0.000882372
0.000881842
0.000881161
0.000880324
0.000879325
0.00087816
0.000876824
0.000875312
0.000873621
0.000871747
0.000869688
0.000867439
0.000865
0.000862367
0.00085954
0.000856518
0.0008533
0.000849886
0.000846277
0.000864071
0.000864138
0.000864351
0.000864679
0.000865115
0.00086565
0.000866278
0.00086699
0.000867778
0.000868634
0.000869549
0.000870514
0.00087152
0.000872558
0.00087362
0.000874697
0.000875784
0.000876875
0.000877965
0.000879049
0.000880122
0.000881177
0.000882209
0.000883209
0.000884168
0.00088508
0.000885934
0.000886723
0.000887437
0.000888068
0.000888608
0.000889049
0.000889382
0.000889601
0.000889698
0.000889666
0.000889498
0.000889187
0.000888728
0.000888113
0.000887338
0.000886397
0.000885285
0.000883997
0.000882529
0.000880876
0.000879036
0.000877004
0.000874779
0.000872357
0.000869737
0.000866918
0.000863898
0.000860677
0.000857255
0.000866481
0.000866554
0.000866784
0.000867139
0.000867609
0.000868189
0.000868869
0.000869641
0.000870498
0.000871429
0.000872427
0.000873483
0.000874587
0.00087573
0.000876904
0.000878101
0.000879314
0.000880537
0.000881766
0.000882995
0.000884218
0.00088543
0.000886622
0.000887789
0.000888922
0.000890011
0.000891049
0.000892026
0.000892933
0.000893763
0.000894506
0.000895154
0.0008957
0.000896134
0.00089645
0.00089664
0.000896697
0.000896614
0.000896385
0.000896002
0.000895459
0.000894752
0.000893874
0.000892819
0.000891585
0.000890164
0.000888555
0.000886752
0.000884753
0.000882555
0.000880156
0.000877553
0.000874745
0.000871732
0.000868511
0.000868873
0.000868952
0.000869199
0.00086958
0.000870086
0.00087071
0.000871442
0.000872275
0.0008732
0.000874208
0.00087529
0.000876437
0.000877639
0.000878889
0.000880176
0.000881493
0.000882833
0.000884191
0.00088556
0.000886935
0.000888311
0.00088968
0.000891037
0.000892374
0.000893682
0.000894953
0.000896177
0.000897347
0.000898452
0.000899485
0.000900436
0.000901297
0.00090206
0.000902716
0.000903258
0.000903677
0.000903967
0.000904119
0.000904127
0.000903985
0.000903684
0.00090322
0.000902586
0.000901776
0.000900786
0.000899609
0.000898243
0.000896682
0.000894922
0.000892961
0.000890796
0.000888423
0.000885841
0.000883049
0.000880046
0.000871245
0.000871329
0.000871594
0.000872001
0.000872543
0.000873211
0.000873997
0.000874891
0.000875884
0.000876969
0.000878135
0.000879374
0.000880676
0.000882032
0.000883433
0.000884872
0.00088634
0.000887833
0.000889344
0.000890867
0.000892397
0.000893927
0.000895451
0.00089696
0.000898446
0.000899902
0.000901317
0.000902682
0.00090399
0.00090523
0.000906394
0.000907474
0.000908459
0.000909343
0.000910117
0.000910772
0.000911302
0.000911698
0.000911952
0.000912058
0.000912009
0.000911798
0.000911418
0.000910864
0.000910129
0.000909208
0.000908097
0.00090679
0.000905283
0.000903572
0.000901655
0.000899527
0.000897186
0.000894631
0.00089186
0.000873597
0.000873686
0.000873968
0.000874402
0.000874979
0.000875692
0.00087653
0.000877485
0.000878548
0.00087971
0.000880961
0.000882292
0.000883694
0.000885158
0.000886674
0.000888234
0.000889833
0.000891462
0.000893115
0.000894788
0.000896475
0.000898167
0.00089986
0.000901544
0.000903212
0.000904855
0.000906463
0.000908029
0.000909543
0.000910995
0.000912377
0.000913679
0.000914893
0.000916011
0.000917023
0.000917922
0.000918698
0.000919345
0.000919854
0.000920218
0.000920429
0.000920481
0.000920366
0.000920078
0.00091961
0.000918957
0.000918113
0.000917073
0.000915832
0.000914386
0.000912731
0.000910862
0.000908778
0.000906476
0.000903953
0.000875925
0.00087602
0.000876319
0.00087678
0.000877393
0.00087815
0.000879042
0.000880058
0.000881191
0.00088243
0.000883766
0.00088519
0.000886692
0.000888264
0.000889896
0.000891579
0.000893308
0.000895074
0.000896872
0.000898696
0.00090054
0.000902397
0.000904261
0.000906122
0.000907974
0.000909808
0.000911614
0.000913383
0.000915106
0.000916775
0.000918379
0.00091991
0.000921358
0.000922715
0.000923972
0.00092512
0.000926151
0.000927057
0.000927829
0.000928459
0.00092894
0.000929264
0.000929425
0.000929413
0.000929224
0.000928851
0.000928288
0.000927528
0.000926567
0.000925399
0.000924021
0.000922428
0.000920616
0.000918582
0.000916325
0.00087823
0.000878331
0.000878647
0.000879134
0.000879783
0.000880585
0.00088153
0.000882608
0.00088381
0.000885126
0.000886548
0.000888065
0.000889669
0.000891349
0.000893097
0.000894904
0.000896764
0.000898668
0.000900612
0.000902588
0.000904592
0.000906615
0.000908651
0.000910692
0.000912731
0.000914758
0.000916764
0.00091874
0.000920677
0.000922566
0.000924397
0.00092616
0.000927848
0.00092945
0.000930958
0.000932363
0.000933655
0.000934827
0.000935871
0.000936776
0.000937536
0.000938143
0.000938589
0.000938866
0.000938967
0.000938886
0.000938616
0.00093815
0.000937482
0.000936608
0.000935522
0.00093422
0.000932697
0.000930949
0.000928973
0.00088051
0.000880616
0.000880949
0.000881463
0.000882148
0.000882994
0.000883993
0.000885132
0.000886404
0.000887798
0.000889306
0.000890916
0.000892621
0.00089441
0.000896274
0.000898206
0.000900197
0.000902241
0.000904331
0.000906461
0.000908625
0.000910816
0.000913027
0.00091525
0.000917478
0.0009197
0.00092191
0.000924096
0.00092625
0.000928363
0.000930425
0.000932427
0.000934359
0.000936211
0.000937976
0.000939644
0.000941205
0.000942652
0.000943974
0.000945164
0.000946212
0.000947111
0.000947853
0.00094843
0.000948833
0.000949056
0.000949092
0.000948933
0.000948574
0.000948008
0.00094723
0.000946234
0.000945016
0.000943571
0.000941896
0.000882763
0.000882875
0.000883225
0.000883766
0.000884486
0.000885377
0.000886429
0.00088763
0.000888971
0.000890443
0.000892037
0.000893741
0.000895547
0.000897445
0.000899427
0.000901483
0.000903607
0.00090579
0.000908028
0.000910312
0.000912638
0.000914998
0.000917385
0.000919792
0.000922211
0.000924632
0.000927047
0.000929447
0.000931822
0.000934163
0.00093646
0.000938703
0.000940885
0.000942994
0.000945021
0.000946958
0.000948795
0.000950523
0.000952133
0.000953615
0.000954961
0.000956163
0.000957211
0.000958098
0.000958815
0.000959355
0.00095971
0.000959872
0.000959835
0.000959593
0.000959138
0.000958466
0.00095757
0.000956446
0.00095509
0.000884988
0.000885105
0.000885473
0.00088604
0.000886796
0.000887732
0.000888837
0.000890099
0.000891511
0.00089306
0.000894739
0.000896537
0.000898445
0.000900453
0.000902551
0.000904733
0.000906989
0.000909313
0.000911698
0.000914138
0.000916627
0.000919158
0.000921723
0.000924315
0.000926927
0.000929549
0.000932172
0.000934788
0.000937387
0.000939959
0.000942495
0.000944985
0.000947421
0.000949791
0.000952087
0.0009543
0.000956419
0.000958435
0.00096034
0.000962123
0.000963776
0.00096529
0.000966655
0.000967863
0.000968906
0.000969775
0.000970462
0.00097096
0.00097126
0.000971356
0.000971242
0.000970909
0.000970353
0.000969569
0.00096855
0.000887184
0.000887307
0.000887691
0.000888285
0.000889077
0.000890057
0.000891215
0.000892539
0.00089402
0.000895647
0.000897412
0.000899304
0.000901313
0.00090343
0.000905646
0.000907953
0.000910342
0.000912807
0.00091534
0.000917937
0.000920589
0.000923291
0.000926036
0.000928815
0.000931621
0.000934446
0.00093728
0.000940115
0.00094294
0.000945747
0.000948526
0.000951267
0.000953961
0.000956597
0.000959168
0.000961662
0.000964069
0.000966382
0.000968589
0.000970682
0.00097265
0.000974485
0.000976178
0.000977719
0.000979098
0.000980309
0.000981342
0.000982188
0.00098284
0.000983291
0.000983532
0.000983557
0.000983359
0.000982932
0.00098227
0.00088935
0.000889477
0.000889879
0.000890499
0.000891327
0.000892351
0.000893562
0.000894947
0.000896497
0.000898202
0.000900052
0.000902038
0.000904149
0.000906375
0.000908709
0.000911141
0.000913663
0.000916269
0.000918951
0.000921704
0.000924521
0.000927395
0.00093032
0.000933288
0.00093629
0.00093932
0.000942367
0.000945422
0.000948477
0.000951522
0.000954546
0.000957542
0.000960499
0.000963406
0.000966256
0.000969037
0.00097174
0.000974355
0.000976872
0.000979282
0.000981575
0.000983741
0.000985771
0.000987655
0.000989384
0.000990948
0.00099234
0.000993549
0.000994568
0.000995388
0.000996001
0.000996401
0.000996578
0.000996528
0.000996243
0.000891483
0.000891616
0.000892034
0.000892681
0.000893544
0.000894612
0.000895875
0.000897322
0.000898941
0.000900724
0.000902659
0.000904738
0.00090695
0.000909286
0.000911737
0.000914294
0.000916949
0.000919696
0.000922527
0.000925437
0.000928419
0.000931467
0.000934573
0.00093773
0.00094093
0.000944165
0.000947427
0.000950706
0.000953992
0.000957277
0.000960552
0.000963805
0.000967029
0.000970212
0.000973345
0.000976419
0.000979423
0.000982347
0.000985182
0.000987917
0.000990542
0.000993048
0.000995425
0.000997663
0.000999752
0.00100168
0.00100345
0.00100503
0.00100643
0.00100764
0.00100864
0.00100943
0.00101
0.00101035
0.00101046
0.000893583
0.000893721
0.000894157
0.00089483
0.000895727
0.00089684
0.000898155
0.000899662
0.00090135
0.000903209
0.00090523
0.000907401
0.000909714
0.000912159
0.000914727
0.000917409
0.000920198
0.000923086
0.000926066
0.000929134
0.000932281
0.000935502
0.00093879
0.000942137
0.000945537
0.000948979
0.000952457
0.000955961
0.000959481
0.000963009
0.000966536
0.000970051
0.000973544
0.000977007
0.000980429
0.0009838
0.000987111
0.000990351
0.00099351
0.000996577
0.000999544
0.0010024
0.00100513
0.00100773
0.00101019
0.0010125
0.00101465
0.00101663
0.00101842
0.00102003
0.00102144
0.00102264
0.00102362
0.00102438
0.00102491
0.00100857
0.00101178
0.00101488
0.00101786
0.0010207
0.0010234
0.00102594
0.00102832
0.00103053
0.00103255
0.00103438
0.00103601
0.00103743
0.00103862
0.00103959
0.000697543
0.000697353
0.000696866
0.000696082
0.000695029
0.000693728
0.000692193
0.000690436
0.00068847
0.000686305
0.000683953
0.000681424
0.000678725
0.000675866
0.000672855
0.000669698
0.000666406
0.000662985
0.000659446
0.000655798
0.000652049
0.000648207
0.000644282
0.00064028
0.00063621
0.000632078
0.000627891
0.000623655
0.000619377
0.000615061
0.000610714
0.00060634
0.000601944
0.000597532
0.000593108
0.000588677
0.000584242
0.000579807
0.000575376
0.000570954
0.000566542
0.000562146
0.000557767
0.000553408
0.000549073
0.000544763
0.000540482
0.000536232
0.000532014
0.00052783
0.000523683
0.000519575
0.000515506
0.000511478
0.000507492
0.000697856
0.000697667
0.00069718
0.000696397
0.000695345
0.000694046
0.000692512
0.000690757
0.000688793
0.00068663
0.000684281
0.000681753
0.000679057
0.0006762
0.000673191
0.000670037
0.000666747
0.000663329
0.000659792
0.000656145
0.000652398
0.000648558
0.000644634
0.000640634
0.000636565
0.000632434
0.000628248
0.000624013
0.000619734
0.000615419
0.000611071
0.000606697
0.000602301
0.000597888
0.000593462
0.000589029
0.000584592
0.000580155
0.000575723
0.000571297
0.000566883
0.000562484
0.000558101
0.000553739
0.0005494
0.000545087
0.000540802
0.000536547
0.000532325
0.000528137
0.000523986
0.000519872
0.000515798
0.000511765
0.000507775
0.000698464
0.000698276
0.00069779
0.000697008
0.000695959
0.000694663
0.000693132
0.000691381
0.00068942
0.000687262
0.000684916
0.000682393
0.000679701
0.000676849
0.000673844
0.000670695
0.000667409
0.000663995
0.000660463
0.00065682
0.000653076
0.00064924
0.00064532
0.000641322
0.000637256
0.000633127
0.000628942
0.000624708
0.00062043
0.000616114
0.000611766
0.000607391
0.000602994
0.000598579
0.000594151
0.000589715
0.000585274
0.000580833
0.000576396
0.000571966
0.000567547
0.000563141
0.000558753
0.000554384
0.000550038
0.000545718
0.000541425
0.000537162
0.000532931
0.000528735
0.000524574
0.000520451
0.000516368
0.000512325
0.000508325
0.00069935
0.000699162
0.000698678
0.000697898
0.000696852
0.00069556
0.000694035
0.000692288
0.000690333
0.00068818
0.000685841
0.000683324
0.000680639
0.000677794
0.000674796
0.000671653
0.000668374
0.000664966
0.00066144
0.000657803
0.000654065
0.000650234
0.000646319
0.000642326
0.000638263
0.000634137
0.000629954
0.000625722
0.000621445
0.000617129
0.000612781
0.000608404
0.000604005
0.000599587
0.000595156
0.000590715
0.00058627
0.000581824
0.00057738
0.000572943
0.000568516
0.000564102
0.000559704
0.000555326
0.00055097
0.000546639
0.000542335
0.00053806
0.000533817
0.000529608
0.000525435
0.000521299
0.000517201
0.000513144
0.000509129
0.000700494
0.000700308
0.000699826
0.000699049
0.000698007
0.000696721
0.000695201
0.000693461
0.000691514
0.000689369
0.000687038
0.00068453
0.000681853
0.000679017
0.000676027
0.000672893
0.000669623
0.000666224
0.000662706
0.000659078
0.000655347
0.000651523
0.000647613
0.000643626
0.000639568
0.000635446
0.000631267
0.000627037
0.000622761
0.000618446
0.000614097
0.000609719
0.000605317
0.000600896
0.000596461
0.000592015
0.000587564
0.00058311
0.000578658
0.000574212
0.000569776
0.000565351
0.000560942
0.000556552
0.000552183
0.000547838
0.000543519
0.00053923
0.000534971
0.000530746
0.000526555
0.000522402
0.000518287
0.000514211
0.000510178
0.000701881
0.000701696
0.000701216
0.000700443
0.000699407
0.000698127
0.000696615
0.000694884
0.000692945
0.00069081
0.000688489
0.000685992
0.000683326
0.0006805
0.000677522
0.000674399
0.00067114
0.000667752
0.000664244
0.000660625
0.000656904
0.000653089
0.000649187
0.000645207
0.000641155
0.000637038
0.000632863
0.000628636
0.000624363
0.000620049
0.0006157
0.000611321
0.000606916
0.000602492
0.000598051
0.000593599
0.000589141
0.000584679
0.000580218
0.000575761
0.000571313
0.000566875
0.000562453
0.000558048
0.000553663
0.000549302
0.000544966
0.000540658
0.000536381
0.000532136
0.000527925
0.00052375
0.000519614
0.000515516
0.00051146
0.000703494
0.000703311
0.000702833
0.000702065
0.000701036
0.000699763
0.00069826
0.000696539
0.000694611
0.000692488
0.00069018
0.000687695
0.000685042
0.000682229
0.000679264
0.000676155
0.000672908
0.000669533
0.000666038
0.000662431
0.000658721
0.000654916
0.000651024
0.000647053
0.000643008
0.000638898
0.000634729
0.000630506
0.000626236
0.000621923
0.000617574
0.000613194
0.000608787
0.000604358
0.000599913
0.000595454
0.000590988
0.000586517
0.000582045
0.000577576
0.000573115
0.000568663
0.000564225
0.000559803
0.0005554
0.00055102
0.000546664
0.000542336
0.000538036
0.000533768
0.000529534
0.000525335
0.000521174
0.000517051
0.000512968
0.000705316
0.000705135
0.000704661
0.000703899
0.000702877
0.000701613
0.000700121
0.000698411
0.000696496
0.000694387
0.000692092
0.000689622
0.000686985
0.000684188
0.000681238
0.000678144
0.000674912
0.000671552
0.000668072
0.000664479
0.000660782
0.00065699
0.000653109
0.000649148
0.000645113
0.000641011
0.000636849
0.000632631
0.000628365
0.000624055
0.000619707
0.000615326
0.000610917
0.000606484
0.000602033
0.000597568
0.000593093
0.000588612
0.000584128
0.000579647
0.000575171
0.000570703
0.000566248
0.000561807
0.000557385
0.000552983
0.000548605
0.000544253
0.000539929
0.000535636
0.000531375
0.000527149
0.000522959
0.000518807
0.000514695
0.000707334
0.000707155
0.000706685
0.000705928
0.000704915
0.000703662
0.000702182
0.000700485
0.000698585
0.000696491
0.000694213
0.00069176
0.00068914
0.00068636
0.000683428
0.000680352
0.000677138
0.000673795
0.000670331
0.000666754
0.000663073
0.000659295
0.000655428
0.00065148
0.000647456
0.000643364
0.000639209
0.000634999
0.000630737
0.000626431
0.000622085
0.000617704
0.000613293
0.000608857
0.000604401
0.000599929
0.000595445
0.000590953
0.000586458
0.000581962
0.000577471
0.000572986
0.000568512
0.000564051
0.000559607
0.000555182
0.00055078
0.000546402
0.000542051
0.00053773
0.00053344
0.000529184
0.000524963
0.000520779
0.000516634
0.000709532
0.000709355
0.000708889
0.00070814
0.000707136
0.000705895
0.000704428
0.000702747
0.000700863
0.000698786
0.000696527
0.000694093
0.000691492
0.000688732
0.000685821
0.000682764
0.00067957
0.000676247
0.000672802
0.000669244
0.00066558
0.000661819
0.000657968
0.000654033
0.000650023
0.000645942
0.000641798
0.000637596
0.000633341
0.000629039
0.000624696
0.000620316
0.000615905
0.000611466
0.000607005
0.000602526
0.000598033
0.000593531
0.000589023
0.000584513
0.000580005
0.000575503
0.000571009
0.000566527
0.00056206
0.00055761
0.000553182
0.000548776
0.000544397
0.000540045
0.000535724
0.000531435
0.00052718
0.000522961
0.00051878
0.000711896
0.000711721
0.00071126
0.000710519
0.000709525
0.000708297
0.000706845
0.000705181
0.000703315
0.000701258
0.000699019
0.000696607
0.000694028
0.000691291
0.000688402
0.000685368
0.000682196
0.000678895
0.000675471
0.000671934
0.00066829
0.000664548
0.000660715
0.000656797
0.000652802
0.000648735
0.000644602
0.00064041
0.000636164
0.000631869
0.00062753
0.000623152
0.000618741
0.0006143
0.000609835
0.00060535
0.000600849
0.000596336
0.000591816
0.000587291
0.000582766
0.000578245
0.000573731
0.000569226
0.000564735
0.00056026
0.000555803
0.000551369
0.000546958
0.000542574
0.000538219
0.000533895
0.000529604
0.000525348
0.000521129
0.000714413
0.000714241
0.000713785
0.000713052
0.00071207
0.000710856
0.000709421
0.000707775
0.000705929
0.000703894
0.000701678
0.000699289
0.000696735
0.000694022
0.000691158
0.000688149
0.000685002
0.000681725
0.000678326
0.000674812
0.000671191
0.00066747
0.000663657
0.000659759
0.000655781
0.00065173
0.000647611
0.000643432
0.000639195
0.000634908
0.000630575
0.000626202
0.000621792
0.00061735
0.000612882
0.000608391
0.000603882
0.00059936
0.000594827
0.000590288
0.000585746
0.000581206
0.00057667
0.000572143
0.000567626
0.000563124
0.000558639
0.000554174
0.000549731
0.000545313
0.000540923
0.000536562
0.000532233
0.000527937
0.000523677
0.000717069
0.0007169
0.00071645
0.000715726
0.000714757
0.000713558
0.000712141
0.000710515
0.000708692
0.00070668
0.000704489
0.000702126
0.000699598
0.000696913
0.000694076
0.000691095
0.000687976
0.000684726
0.000681354
0.000677866
0.00067427
0.000670574
0.000666784
0.000662907
0.000658949
0.000654916
0.000650814
0.000646649
0.000642425
0.000638148
0.000633823
0.000629454
0.000625047
0.000620607
0.000616137
0.000611641
0.000607126
0.000602593
0.000598049
0.000593495
0.000588937
0.000584378
0.000579821
0.00057527
0.000570728
0.000566198
0.000561684
0.000557187
0.00055271
0.000548257
0.00054383
0.00053943
0.000535061
0.000530724
0.000526421
0.000719853
0.000719686
0.000719242
0.000718529
0.000717573
0.000716392
0.000714994
0.00071339
0.00071159
0.000709604
0.00070744
0.000705106
0.000702608
0.000699952
0.000697145
0.000694194
0.000691106
0.000687886
0.000684543
0.000681084
0.000677516
0.000673846
0.000670082
0.000666229
0.000662294
0.000658283
0.0006542
0.000650051
0.000645842
0.000641578
0.000637262
0.000632901
0.000628499
0.000624061
0.00061959
0.000615092
0.000610571
0.00060603
0.000601474
0.000596908
0.000592333
0.000587756
0.000583178
0.000578603
0.000574035
0.000569477
0.000564932
0.000560402
0.000555892
0.000551402
0.000546937
0.000542497
0.000538086
0.000533706
0.000529358
0.000722751
0.000722588
0.000722151
0.000721448
0.000720508
0.000719344
0.000717967
0.000716387
0.000714613
0.000712655
0.00071052
0.000708217
0.00070575
0.000703127
0.000700353
0.000697435
0.000694379
0.000691192
0.000687882
0.000684454
0.000680917
0.000677278
0.000673542
0.000669717
0.000665807
0.00066182
0.000657759
0.00065363
0.000649438
0.000645188
0.000640885
0.000636534
0.000632139
0.000627705
0.000623235
0.000618736
0.00061421
0.000609663
0.000605097
0.000600518
0.000595928
0.000591332
0.000586733
0.000582135
0.000577542
0.000572955
0.000568379
0.000563817
0.000559271
0.000554745
0.00055024
0.000545759
0.000541305
0.00053688
0.000532486
0.000725754
0.000725593
0.000725163
0.000724473
0.000723548
0.000722404
0.000721049
0.000719494
0.000717749
0.000715821
0.000713718
0.000711447
0.000709015
0.000706427
0.000703688
0.000700806
0.000697786
0.000694635
0.00069136
0.000687967
0.000684464
0.000680858
0.000677154
0.000673359
0.000669478
0.000665517
0.000661481
0.000657374
0.000653203
0.000648971
0.000644683
0.000640343
0.000635958
0.00063153
0.000627064
0.000622565
0.000618037
0.000613484
0.00060891
0.000604319
0.000599715
0.000595102
0.000590483
0.000585862
0.000581243
0.000576629
0.000572022
0.000567427
0.000562845
0.000558281
0.000553736
0.000549213
0.000544715
0.000540244
0.000535803
0.000728849
0.000728692
0.00072827
0.000727592
0.000726684
0.000725561
0.00072423
0.000722702
0.000720986
0.00071909
0.000717021
0.000714786
0.000712391
0.00070984
0.00070714
0.000704297
0.000701315
0.000698203
0.000694966
0.000691611
0.000688146
0.000684575
0.000680907
0.000677145
0.000673296
0.000669365
0.000665357
0.000661276
0.000657128
0.000652916
0.000648646
0.000644322
0.000639948
0.000635529
0.000631069
0.000626573
0.000622044
0.000617487
0.000612907
0.000608306
0.000603689
0.00059906
0.000594422
0.000589779
0.000585135
0.000580493
0.000575856
0.000571228
0.000566611
0.000562008
0.000557423
0.000552858
0.000548315
0.000543797
0.000539307
0.000732027
0.000731873
0.00073146
0.000730795
0.000729905
0.000728804
0.000727499
0.000726
0.000724315
0.000722453
0.000720421
0.000718224
0.000715868
0.000713357
0.000710699
0.000707897
0.000704957
0.000701886
0.000698691
0.000695377
0.000691952
0.000688421
0.000684791
0.000681067
0.000677253
0.000673356
0.000669379
0.000665327
0.000661205
0.000657017
0.000652767
0.000648461
0.000644102
0.000639694
0.000635243
0.000630752
0.000626225
0.000621667
0.000617081
0.000612472
0.000607844
0.000603201
0.000598545
0.000593882
0.000589214
0.000584545
0.000579878
0.000575217
0.000570565
0.000565924
0.000561299
0.000556691
0.000552103
0.000547537
0.000542997
0.000735278
0.000735128
0.000734722
0.000734072
0.000733201
0.000732123
0.000730845
0.000729376
0.000727726
0.0007259
0.000723906
0.00072175
0.000719435
0.000716968
0.000714353
0.000711596
0.000708701
0.000705675
0.000702525
0.000699255
0.000695874
0.000692386
0.000688798
0.000685114
0.000681339
0.000677479
0.000673537
0.000669517
0.000665425
0.000661264
0.000657039
0.000652753
0.000648412
0.000644019
0.000639579
0.000635096
0.000630573
0.000626016
0.000621428
0.000616813
0.000612176
0.000607519
0.000602848
0.000598165
0.000593474
0.00058878
0.000584084
0.000579391
0.000574704
0.000570026
0.00056536
0.000560709
0.000556076
0.000551463
0.000546872
0.000738591
0.000738445
0.000738049
0.000737413
0.000736563
0.000735509
0.00073426
0.000732823
0.000731208
0.000729421
0.000727468
0.000725354
0.000723084
0.000720663
0.000718095
0.000715385
0.000712538
0.00070956
0.000706458
0.000703236
0.000699902
0.000696461
0.000692918
0.000689278
0.000685546
0.000681726
0.000677823
0.000673839
0.000669781
0.00066565
0.000661453
0.000657192
0.000652872
0.000648496
0.000644071
0.000639598
0.000635083
0.000630529
0.000625942
0.000621323
0.000616679
0.000612012
0.000607326
0.000602625
0.000597914
0.000593194
0.000588471
0.000583747
0.000579026
0.000574311
0.000569606
0.000564912
0.000560233
0.000555572
0.000550932
0.000741958
0.000741816
0.00074143
0.00074081
0.000739981
0.000738953
0.000737733
0.000736331
0.000734753
0.000733007
0.000731097
0.000729028
0.000726806
0.000724433
0.000721914
0.000719255
0.000716459
0.000713532
0.000710481
0.000707311
0.000704028
0.000700637
0.000697143
0.000693551
0.000689866
0.00068609
0.000682229
0.000678285
0.000674264
0.000670168
0.000666001
0.000661768
0.000657473
0.000653119
0.000648711
0.000644252
0.000639748
0.000635201
0.000630616
0.000625997
0.000621348
0.000616672
0.000611974
0.000607258
0.000602527
0.000597785
0.000593036
0.000588283
0.000583529
0.000578778
0.000574033
0.000569297
0.000564573
0.000559864
0.000555174
0.000745371
0.000745234
0.000744857
0.000744254
0.000743447
0.000742445
0.000741258
0.000739891
0.000738353
0.000736649
0.000734784
0.000732763
0.00073059
0.000728269
0.000725803
0.000723197
0.000720455
0.000717583
0.000714586
0.000711471
0.000708242
0.000704905
0.000701464
0.000697924
0.000694289
0.000690562
0.000686747
0.000682847
0.000678866
0.000674809
0.000670677
0.000666476
0.000662209
0.000657881
0.000653494
0.000649053
0.000644562
0.000640025
0.000635446
0.000630829
0.000626178
0.000621497
0.000616789
0.00061206
0.000607312
0.000602549
0.000597775
0.000592994
0.000588209
0.000583423
0.00057864
0.000573863
0.000569095
0.000564339
0.000559598
0.000748822
0.000748688
0.000748323
0.000747737
0.000746952
0.000745979
0.000744824
0.000743495
0.000741998
0.000740339
0.000738522
0.000736551
0.00073443
0.000732163
0.000729752
0.000727202
0.000724517
0.000721703
0.000718765
0.000715707
0.000712537
0.000709257
0.000705873
0.000702389
0.000698808
0.000695133
0.000691369
0.000687517
0.000683582
0.000679566
0.000675474
0.000671309
0.000667074
0.000662774
0.000658412
0.000653992
0.000649519
0.000644995
0.000640425
0.000635814
0.000631164
0.00062648
0.000621766
0.000617026
0.000612263
0.000607482
0.000602686
0.000597879
0.000593064
0.000588245
0.000583425
0.000578608
0.000573796
0.000568994
0.000564204
0.000752302
0.000752173
0.000751818
0.00075125
0.00075049
0.000749546
0.000748426
0.000747135
0.000745681
0.000744069
0.000742301
0.000740383
0.000738317
0.000736107
0.000733754
0.000731263
0.000728639
0.000725885
0.000723008
0.000720013
0.000716904
0.000713686
0.000710363
0.000706938
0.000703415
0.000699797
0.000696087
0.000692288
0.000688402
0.000684433
0.000680384
0.000676259
0.000672061
0.000667793
0.00066346
0.000659066
0.000654613
0.000650106
0.00064555
0.000640947
0.000636302
0.000631618
0.000626901
0.000622153
0.000617378
0.000612581
0.000607765
0.000602934
0.000598091
0.000593241
0.000588386
0.00058353
0.000578677
0.000573829
0.00056899
0.000755804
0.00075568
0.000755337
0.000754788
0.000754052
0.000753139
0.000752054
0.000750804
0.000749395
0.000747831
0.000746116
0.000744253
0.000742244
0.000740092
0.000737801
0.000735372
0.000732811
0.000730122
0.00072731
0.000724379
0.000721336
0.000718183
0.000714925
0.000711564
0.000708103
0.000704546
0.000700895
0.000697152
0.000693319
0.000689401
0.0006854
0.000681319
0.000677162
0.000672931
0.000668632
0.000664266
0.000659839
0.000655353
0.000650813
0.000646223
0.000641586
0.000636907
0.000632189
0.000627436
0.000622653
0.000617843
0.000613009
0.000608157
0.000603289
0.000598409
0.000593521
0.000588628
0.000583734
0.000578842
0.000573956
0.000759323
0.000759203
0.000758872
0.000758342
0.000757632
0.000756751
0.000755703
0.000754495
0.000753132
0.000751619
0.000749958
0.000748152
0.000746203
0.000744113
0.000741885
0.000739522
0.000737027
0.000734405
0.000731661
0.0007288
0.000725825
0.000722741
0.000719551
0.000716259
0.000712865
0.000709373
0.000705784
0.000702102
0.000698328
0.000694465
0.000690516
0.000686484
0.000682371
0.000678182
0.00067392
0.000669588
0.00066519
0.000660729
0.00065621
0.000651636
0.000647012
0.00064234
0.000637625
0.000632872
0.000628083
0.000623263
0.000618415
0.000613544
0.000608653
0.000603747
0.000598828
0.0005939
0.000588968
0.000584034
0.000579101
0.00076285
0.000762735
0.000762416
0.000761906
0.000761223
0.000760375
0.000759365
0.000758201
0.000756886
0.000755425
0.00075382
0.000752073
0.000750187
0.000748161
0.000746
0.000743704
0.000741279
0.000738728
0.000736055
0.000733266
0.000730364
0.000727353
0.000724236
0.000721015
0.000717692
0.000714269
0.000710748
0.000707131
0.00070342
0.000699617
0.000695724
0.000691745
0.000687683
0.000683539
0.000679319
0.000675025
0.000670661
0.00066623
0.000661736
0.000657182
0.000652574
0.000647914
0.000643206
0.000638455
0.000633664
0.000628838
0.000623979
0.000619093
0.000614182
0.000609252
0.000604304
0.000599344
0.000594375
0.000589401
0.000584424
0.00076638
0.000766271
0.000765964
0.000765475
0.000764819
0.000764004
0.000763035
0.000761915
0.000760651
0.000759244
0.000757697
0.000756012
0.000754189
0.000752231
0.000750139
0.000747914
0.000745561
0.000743083
0.000740486
0.000737772
0.000734946
0.000732012
0.000728972
0.000725827
0.000722579
0.00071923
0.00071578
0.000712233
0.000708589
0.00070485
0.000701018
0.000697097
0.000693089
0.000688996
0.000684823
0.000680571
0.000676245
0.000671848
0.000667384
0.000662856
0.000658268
0.000653624
0.000648927
0.000644183
0.000639394
0.000634564
0.000629698
0.0006248
0.000619873
0.000614921
0.000609948
0.000604959
0.000599956
0.000594943
0.000589924
0.000769908
0.000769803
0.00076951
0.000769042
0.000768415
0.000767635
0.000766706
0.000765633
0.000764419
0.000763068
0.000761582
0.00075996
0.000758205
0.000756316
0.000754295
0.000752144
0.000749866
0.000747465
0.000744945
0.000742311
0.000739565
0.000736711
0.000733751
0.000730686
0.000727518
0.000724246
0.000720873
0.0007174
0.000713827
0.000710157
0.000706392
0.000702533
0.000698584
0.000694547
0.000690425
0.00068622
0.000681937
0.000677579
0.000673149
0.000668651
0.000664088
0.000659464
0.000654783
0.000650049
0.000645266
0.000640438
0.000635569
0.000630662
0.000625722
0.000620752
0.000615757
0.000610741
0.000605707
0.000600659
0.0005956
0.000773428
0.000773328
0.000773049
0.000772602
0.000772004
0.00077126
0.000770373
0.000769347
0.000768187
0.000766893
0.000765469
0.000763913
0.000762226
0.000760409
0.000758462
0.000756387
0.000754187
0.000751866
0.000749428
0.000746876
0.000744214
0.000741444
0.000738568
0.000735587
0.000732502
0.000729313
0.000726021
0.000722626
0.000719129
0.000715533
0.000711838
0.000708047
0.000704162
0.000700185
0.000696119
0.000691967
0.000687732
0.000683417
0.000679026
0.000674562
0.000670029
0.00066543
0.000660769
0.000656051
0.000651278
0.000646456
0.000641587
0.000636675
0.000631726
0.000626743
0.000621729
0.000616689
0.000611626
0.000606546
0.00060145
0.000776934
0.00077684
0.000776575
0.000776151
0.000775582
0.000774874
0.00077403
0.000773054
0.000771947
0.000770713
0.000769352
0.000767864
0.000766249
0.000764506
0.000762635
0.000760639
0.00075852
0.000756281
0.000753927
0.000751461
0.000748886
0.000746204
0.000743416
0.000740523
0.000737525
0.000734423
0.000731215
0.000727904
0.000724488
0.00072097
0.000717351
0.000713632
0.000709815
0.000705903
0.000701898
0.000697803
0.000693622
0.000689355
0.000685009
0.000680584
0.000676086
0.000671517
0.000666881
0.000662183
0.000657425
0.000652612
0.000647748
0.000642837
0.000637882
0.000632889
0.00062786
0.0006228
0.000617713
0.000612603
0.000607473
0.000780424
0.000780335
0.000780084
0.000779682
0.000779144
0.000778473
0.000777673
0.000776747
0.000775696
0.000774523
0.000773228
0.000771809
0.000770267
0.0007686
0.000766808
0.000764894
0.000762858
0.000760704
0.000758437
0.00075606
0.000753575
0.000750985
0.000748289
0.000745488
0.000742582
0.00073957
0.000736452
0.000733227
0.000729897
0.000726462
0.000722923
0.000719281
0.000715538
0.000711696
0.000707758
0.000703725
0.000699601
0.000695389
0.000691091
0.000686711
0.000682253
0.000677719
0.000673113
0.00066844
0.000663702
0.000658904
0.000654049
0.000649142
0.000644187
0.000639187
0.000634147
0.000629071
0.000623963
0.000618827
0.000613667
0.000783891
0.000783808
0.000783571
0.000783193
0.000782686
0.000782053
0.000781298
0.000780423
0.000779429
0.000778318
0.00077709
0.000775742
0.000774275
0.000772687
0.000770976
0.000769145
0.000767195
0.00076513
0.000762953
0.000760668
0.000758277
0.000755781
0.000753181
0.000750476
0.000747665
0.000744748
0.000741723
0.000738591
0.00073535
0.000732003
0.000728548
0.000724988
0.000721324
0.000717557
0.00071369
0.000709725
0.000705665
0.000701512
0.000697268
0.000692938
0.000688525
0.000684031
0.000679461
0.000674817
0.000670104
0.000665326
0.000660485
0.000655588
0.000650636
0.000645635
0.000640589
0.000635501
0.000630375
0.000625217
0.00062003
0.000787333
0.000787255
0.000787033
0.000786678
0.000786203
0.000785609
0.000784899
0.000784076
0.000783141
0.000782094
0.000780934
0.000779659
0.000778269
0.000776761
0.000775134
0.000773389
0.000771527
0.000769553
0.000767469
0.000765279
0.000762985
0.000760587
0.000758086
0.00075548
0.000752769
0.00074995
0.000747023
0.000743987
0.000740841
0.000737586
0.000734221
0.000730747
0.000727167
0.00072348
0.00071969
0.000715798
0.000711806
0.000707717
0.000703534
0.000699259
0.000694896
0.000690448
0.000685918
0.00068131
0.000676627
0.000671873
0.000667053
0.000662169
0.000657226
0.000652228
0.00064718
0.000642084
0.000636946
0.00063177
0.00062656
0.000790745
0.000790673
0.000790465
0.000790135
0.000789691
0.000789137
0.000788474
0.000787704
0.000786828
0.000785845
0.000784755
0.000783556
0.000782244
0.000780819
0.000779277
0.00077762
0.000775849
0.000773968
0.00077198
0.000769888
0.000767693
0.000765397
0.000762998
0.000760496
0.000757887
0.000755172
0.000752346
0.000749411
0.000746364
0.000743205
0.000739934
0.000736552
0.00073306
0.000729459
0.000725751
0.000721936
0.000718019
0.000714
0.000709882
0.000705668
0.000701361
0.000696964
0.00069248
0.000687913
0.000683265
0.000678542
0.000673746
0.000668882
0.000663953
0.000658963
0.000653917
0.000648819
0.000643673
0.000638483
0.000633254
0.000794124
0.000794057
0.000793865
0.000793559
0.000793148
0.000792634
0.000792018
0.000791302
0.000790486
0.00078957
0.000788551
0.000787428
0.000786196
0.000784855
0.000783401
0.000781834
0.000780156
0.000778371
0.000776481
0.00077449
0.000772398
0.000770206
0.000767913
0.000765517
0.000763016
0.000760406
0.000757687
0.000754856
0.000751911
0.000748854
0.000745682
0.000742397
0.000738998
0.000735487
0.000731866
0.000728135
0.000724297
0.000720353
0.000716306
0.000712159
0.000707913
0.000703573
0.000699141
0.00069462
0.000690014
0.000685327
0.000680561
0.000675722
0.000670812
0.000665836
0.000660798
0.000655702
0.000650553
0.000645354
0.00064011
0.000797467
0.000797406
0.000797229
0.000796948
0.00079657
0.000796096
0.000795528
0.000794867
0.000794112
0.000793263
0.000792317
0.000791271
0.000790121
0.000788866
0.000787501
0.000786026
0.000784444
0.000782757
0.000780968
0.000779079
0.000777093
0.000775009
0.000772825
0.000770539
0.000768148
0.000765648
0.000763038
0.000760316
0.000757479
0.000754527
0.000751458
0.000748274
0.000744974
0.000741559
0.00073803
0.000734388
0.000730634
0.000726771
0.000722801
0.000718726
0.000714548
0.00071027
0.000705896
0.000701427
0.000696868
0.000692222
0.000687493
0.000682684
0.000677799
0.000672842
0.000667817
0.000662729
0.000657581
0.000652378
0.000647124
0.000800771
0.000800716
0.000800555
0.000800298
0.000799954
0.000799521
0.000799002
0.000798396
0.000797703
0.000796921
0.000796049
0.000795081
0.000794016
0.000792847
0.000791573
0.000790193
0.000788708
0.000787121
0.000785435
0.000783653
0.000781775
0.000779802
0.00077773
0.000775556
0.000773278
0.000770893
0.000768396
0.000765786
0.00076306
0.000760218
0.000757258
0.000754179
0.000750982
0.000747668
0.000744236
0.000740688
0.000737025
0.000733248
0.00072936
0.000725363
0.000721258
0.000717049
0.000712738
0.000708328
0.000703822
0.000699224
0.000694536
0.000689763
0.000684909
0.000679976
0.000674971
0.000669895
0.000664755
0.000659553
0.000654295
0.000804034
0.000803984
0.000803839
0.000803608
0.000803297
0.000802905
0.000802435
0.000801885
0.000801255
0.000800542
0.000799744
0.000798857
0.000797875
0.000796796
0.000795614
0.00079433
0.000792945
0.00079146
0.00078988
0.000788206
0.000786439
0.000784578
0.000782621
0.000780564
0.000778403
0.000776134
0.000773754
0.00077126
0.00076865
0.000765921
0.000763073
0.000760105
0.000757017
0.000753807
0.000750478
0.000747029
0.000743462
0.000739778
0.000735978
0.000732064
0.000728039
0.000723904
0.000719662
0.000715317
0.00071087
0.000706325
0.000701685
0.000696955
0.000692137
0.000687235
0.000682254
0.000677198
0.00067207
0.000666875
0.000661617
0.000807253
0.000807209
0.00080708
0.000806874
0.000806596
0.000806247
0.000805826
0.000805332
0.000804765
0.000804122
0.000803399
0.000802593
0.000801698
0.000800708
0.000799621
0.000798434
0.00079715
0.00079577
0.000794298
0.000792734
0.000791081
0.000789336
0.000787496
0.000785557
0.000783515
0.000781367
0.000779107
0.000776733
0.000774242
0.000771632
0.0007689
0.000766047
0.000763071
0.000759972
0.000756751
0.000753406
0.000749941
0.000746354
0.000742648
0.000738823
0.000734883
0.000730829
0.000726663
0.000722388
0.000718006
0.000713521
0.000708936
0.000704254
0.000699478
0.000694613
0.000689663
0.000684631
0.000679522
0.000674339
0.000669088
0.000810426
0.000810388
0.000810275
0.000810094
0.000809851
0.000809544
0.000809172
0.000808735
0.000808232
0.000807659
0.000807012
0.000806288
0.000805479
0.000804581
0.000803589
0.000802502
0.000801321
0.000800047
0.000798684
0.000797234
0.000795696
0.000794069
0.000792348
0.000790531
0.000788612
0.000786587
0.00078445
0.0007822
0.000779831
0.000777343
0.000774733
0.000771999
0.00076914
0.000766157
0.000763048
0.000759813
0.000756454
0.00075297
0.000749363
0.000745635
0.000741786
0.000737818
0.000733733
0.000729535
0.000725225
0.000720806
0.000716281
0.000711654
0.000706927
0.000702106
0.000697192
0.000692191
0.000687106
0.000681942
0.000676703
0.000813552
0.000813519
0.000813422
0.000813268
0.000813058
0.000812793
0.000812471
0.000812092
0.000811652
0.00081115
0.00081058
0.000809938
0.000809217
0.000808411
0.000807517
0.00080653
0.000805453
0.000804288
0.000803037
0.000801701
0.000800281
0.000798773
0.000797175
0.000795482
0.000793688
0.000791789
0.000789779
0.000787655
0.000785413
0.00078305
0.000780565
0.000777954
0.000775218
0.000772354
0.000769363
0.000766243
0.000762996
0.000759621
0.000756119
0.000752492
0.00074874
0.000744864
0.000740868
0.000736752
0.00073252
0.000728174
0.000723716
0.00071915
0.000714479
0.000709707
0.000704837
0.000699873
0.000694819
0.000689679
0.000684459
0.000816628
0.000816601
0.00081652
0.000816391
0.000816216
0.000815994
0.000815722
0.0008154
0.000815025
0.000814593
0.000814101
0.000813541
0.000812909
0.000812197
0.0008114
0.000810516
0.000809545
0.00080849
0.000807352
0.000806133
0.000804832
0.000803446
0.000801973
0.000800405
0.000798739
0.000796968
0.000795088
0.000793094
0.000790982
0.000788748
0.000786392
0.000783909
0.000781299
0.00077856
0.000775691
0.000772691
0.000769561
0.0007663
0.000762909
0.000759389
0.000755739
0.000751963
0.000748061
0.000744034
0.000739886
0.000735619
0.000731235
0.000726736
0.000722128
0.000717411
0.000712591
0.000707671
0.000702654
0.000697546
0.00069235
0.000819654
0.000819632
0.000819568
0.000819465
0.000819324
0.000819143
0.000818922
0.000818658
0.000818347
0.000817987
0.000817572
0.000817096
0.000816553
0.000815935
0.000815237
0.000814456
0.000813593
0.000812649
0.000811626
0.000810525
0.000809345
0.000808084
0.000806736
0.000805297
0.000803761
0.000802121
0.000800373
0.000798511
0.000796532
0.000794432
0.000792208
0.000789857
0.000787377
0.000784767
0.000782025
0.000779151
0.000776143
0.000773002
0.000769727
0.000766319
0.000762779
0.000759107
0.000755305
0.000751374
0.000747317
0.000743135
0.000738831
0.000734407
0.000729867
0.000725213
0.00072045
0.00071558
0.000710608
0.000705537
0.000700372
0.000822627
0.000822611
0.000822563
0.000822486
0.000822379
0.000822242
0.000822071
0.000821864
0.000821618
0.000821329
0.000820992
0.0008206
0.000820146
0.000819623
0.000819024
0.000818348
0.000817594
0.000816762
0.000815856
0.000814874
0.000813817
0.000812682
0.000811462
0.000810153
0.000808749
0.000807243
0.000805629
0.000803904
0.000802061
0.000800097
0.000798009
0.000795793
0.000793448
0.000790971
0.000788361
0.000785617
0.000782736
0.00077972
0.000776567
0.000773277
0.000769852
0.000766291
0.000762595
0.000758766
0.000754806
0.000750716
0.000746499
0.000742156
0.000737692
0.000733108
0.000728407
0.000723595
0.000718673
0.000713647
0.000708519
0.000825548
0.000825537
0.000825506
0.000825454
0.000825382
0.000825286
0.000825166
0.000825017
0.000824836
0.000824618
0.000824359
0.000824051
0.000823686
0.000823259
0.000822761
0.00082219
0.000821545
0.000820828
0.000820039
0.000819179
0.000818246
0.000817237
0.000816148
0.000814971
0.0008137
0.00081233
0.000810853
0.000809266
0.000807562
0.000805738
0.000803789
0.000801713
0.000799506
0.000797167
0.000794693
0.000792083
0.000789335
0.000786448
0.000783422
0.000780257
0.000776952
0.000773508
0.000769925
0.000766204
0.000762348
0.000758356
0.000754232
0.000749978
0.000745595
0.000741088
0.000736458
0.000731709
0.000726845
0.00072187
0.000716788
0.000828415
0.000828409
0.000828394
0.000828368
0.00082833
0.000828277
0.000828207
0.000828115
0.000827999
0.000827853
0.000827671
0.000827447
0.000827173
0.000826841
0.000826444
0.00082598
0.000825446
0.000824843
0.000824173
0.000823435
0.000822628
0.000821747
0.000820789
0.000819745
0.000818611
0.000817378
0.000816041
0.000814594
0.000813032
0.00081135
0.000809544
0.000807611
0.000805547
0.000803349
0.000801016
0.000798544
0.000795934
0.000793182
0.000790289
0.000787253
0.000784074
0.000780752
0.000777288
0.000773682
0.000769935
0.000766049
0.000762025
0.000757865
0.000753572
0.000749148
0.000744595
0.000739918
0.000735119
0.000730202
0.000725171
0.000831227
0.000831227
0.000831228
0.000831227
0.000831223
0.000831213
0.000831193
0.000831159
0.000831107
0.000831032
0.000830928
0.000830788
0.000830604
0.000830368
0.000830073
0.000829715
0.000829292
0.000828805
0.000828255
0.00082764
0.000826959
0.000826209
0.000825382
0.000824474
0.000823477
0.000822384
0.000821188
0.000819884
0.000818467
0.00081693
0.00081527
0.000813483
0.000811565
0.000809513
0.000807324
0.000804996
0.000802527
0.000799915
0.000797159
0.000794258
0.000791211
0.000788018
0.000784678
0.000781193
0.000777562
0.000773788
0.000769871
0.000765812
0.000761615
0.000757281
0.000752813
0.000748214
0.000743487
0.000738636
0.000733664
0.000833983
0.000833989
0.000834006
0.000834031
0.000834061
0.000834093
0.000834123
0.000834146
0.000834158
0.000834155
0.000834129
0.000834073
0.000833979
0.000833839
0.000833645
0.000833394
0.000833083
0.000832713
0.000832283
0.000831792
0.000831239
0.000830619
0.000829926
0.000829154
0.000828295
0.000827344
0.000826291
0.000825133
0.000823862
0.000822473
0.000820962
0.000819324
0.000817555
0.000815652
0.000813612
0.000811432
0.000809109
0.000806642
0.000804029
0.000801267
0.000798358
0.000795298
0.00079209
0.000788731
0.000785223
0.000781567
0.000777763
0.000773813
0.000769719
0.000765482
0.000761106
0.000756592
0.000751944
0.000747166
0.00074226
0.000836685
0.000836695
0.000836729
0.000836779
0.000836843
0.000836917
0.000836996
0.000837077
0.000837153
0.00083722
0.000837272
0.0008373
0.000837296
0.000837251
0.00083716
0.000837016
0.000836817
0.000836564
0.000836255
0.000835889
0.000835464
0.000834975
0.000834417
0.000833782
0.000833064
0.000832255
0.000831348
0.000830336
0.000829214
0.000827976
0.000826616
0.00082513
0.000823514
0.000821764
0.000819876
0.000817848
0.000815676
0.000813358
0.000810891
0.000808275
0.000805508
0.000802589
0.000799516
0.00079629
0.000792911
0.00078938
0.000785696
0.000781861
0.000777876
0.000773744
0.000769466
0.000765045
0.000760484
0.000755786
0.000750954
0.00083933
0.000839346
0.000839396
0.000839471
0.000839568
0.000839684
0.000839813
0.00083995
0.00084009
0.000840228
0.000840356
0.000840468
0.000840553
0.000840605
0.000840615
0.000840579
0.000840493
0.000840356
0.000840169
0.000839928
0.000839632
0.000839275
0.000838852
0.000838356
0.000837779
0.000837114
0.000836353
0.000835491
0.00083452
0.000833434
0.000832228
0.000830898
0.000829437
0.000827843
0.000826112
0.000824239
0.000822221
0.000820057
0.000817742
0.000815276
0.000812657
0.000809882
0.000806952
0.000803865
0.000800621
0.00079722
0.000793662
0.000789949
0.000786081
0.00078206
0.000777888
0.000773568
0.0007691
0.000764489
0.000759738
0.000841919
0.00084194
0.000842006
0.000842106
0.000842237
0.000842394
0.000842572
0.000842765
0.000842969
0.000843177
0.000843382
0.000843577
0.000843752
0.000843899
0.000844011
0.000844081
0.000844108
0.000844089
0.000844023
0.000843908
0.000843741
0.000843517
0.00084323
0.000842873
0.000842438
0.000841918
0.000841306
0.000840594
0.000839776
0.000838845
0.000837795
0.000836622
0.000835321
0.000833886
0.000832313
0.000830599
0.000828741
0.000826734
0.000824576
0.000822265
0.000819798
0.000817174
0.000814391
0.000811448
0.000808345
0.000805081
0.000801656
0.000798072
0.000794327
0.000790425
0.000786366
0.000782152
0.000777786
0.00077327
0.000768607
0.000844452
0.000844478
0.00084456
0.000844685
0.000844849
0.000845047
0.000845273
0.000845523
0.00084579
0.000846068
0.000846349
0.000846626
0.00084689
0.000847133
0.000847345
0.000847523
0.000847662
0.00084776
0.000847816
0.000847827
0.000847789
0.000847698
0.000847548
0.00084733
0.000847039
0.000846665
0.000846202
0.000845642
0.000844978
0.000844204
0.000843313
0.0008423
0.00084116
0.000839887
0.000838477
0.000836926
0.000835229
0.000833384
0.000831387
0.000829235
0.000826926
0.000824457
0.000821827
0.000819035
0.000816078
0.000812957
0.000809672
0.000806222
0.000802608
0.000798831
0.000794891
0.000790792
0.000786535
0.000782121
0.000777555
0.000846929
0.00084696
0.000847058
0.000847208
0.000847404
0.000847643
0.000847918
0.000848223
0.000848552
0.000848899
0.000849256
0.000849616
0.000849968
0.000850305
0.000850619
0.000850903
0.000851154
0.00085137
0.000851547
0.000851683
0.000851775
0.000851817
0.000851804
0.000851727
0.000851579
0.000851353
0.00085104
0.000850633
0.000850125
0.000849509
0.000848779
0.000847928
0.000846951
0.000845843
0.000844599
0.000843213
0.000841683
0.000840003
0.000838171
0.000836183
0.000834036
0.000831727
0.000829255
0.000826618
0.000823814
0.000820842
0.000817702
0.000814393
0.000810916
0.000807271
0.000803459
0.000799481
0.00079534
0.000791036
0.000786573
0.00084935
0.000849386
0.0008495
0.000849674
0.000849902
0.000850181
0.000850504
0.000850865
0.000851256
0.000851672
0.000852104
0.000852545
0.000852985
0.000853417
0.00085383
0.000854221
0.000854584
0.000854916
0.000855214
0.000855476
0.000855698
0.000855873
0.000855997
0.000856061
0.000856057
0.000855979
0.000855817
0.000855565
0.000855214
0.000854758
0.000854189
0.000853503
0.000852692
0.000851751
0.000850675
0.000849458
0.000848097
0.000846586
0.000844923
0.000843102
0.000841122
0.000838978
0.000836669
0.000834193
0.000831547
0.00082873
0.000825741
0.00082258
0.000819246
0.00081574
0.000812061
0.000808212
0.000804194
0.000800008
0.000795656
0.000503425
0.000499234
0.000495007
0.000490744
0.000486447
0.000482115
0.00047775
0.000473353
0.000468924
0.000464465
0.000459976
0.000455459
0.000450915
0.000446344
0.000441748
0.000437128
0.000503702
0.000499506
0.000495273
0.000491004
0.0004867
0.000482361
0.000477989
0.000473585
0.000469149
0.000464683
0.000460187
0.000455662
0.000451109
0.00044653
0.000441925
0.000437296
0.000504242
0.000500034
0.00049579
0.000491509
0.000487192
0.000482841
0.000478456
0.000474038
0.000469588
0.000465107
0.000460596
0.000456056
0.000451488
0.000446892
0.000442271
0.000437625
0.000505031
0.000500808
0.000496546
0.000492248
0.000487913
0.000483544
0.000479139
0.000474701
0.000470231
0.000465729
0.000461196
0.000456633
0.000452042
0.000447423
0.000442778
0.000438108
0.00050606
0.000501815
0.000497532
0.000493211
0.000488854
0.00048446
0.00048003
0.000475567
0.000471069
0.00046654
0.000461979
0.000457387
0.000452766
0.000448117
0.00044344
0.000438738
0.000507318
0.000503048
0.000498739
0.000494391
0.000490004
0.000485581
0.000481121
0.000476626
0.000472097
0.000467534
0.000462938
0.000458311
0.000453654
0.000448967
0.000444252
0.000439511
0.000508799
0.000504499
0.000500159
0.000495779
0.000491359
0.000486902
0.000482406
0.000477874
0.000473307
0.000468705
0.000464069
0.000459401
0.000454701
0.00044997
0.000445211
0.000440423
0.000510494
0.000506161
0.000501786
0.00049737
0.000492913
0.000488416
0.00048388
0.000479307
0.000474696
0.000470049
0.000465368
0.000460652
0.000455903
0.000451123
0.000446313
0.000441473
0.000512398
0.000508028
0.000503615
0.000499158
0.000494659
0.000490119
0.000485539
0.000480919
0.00047626
0.000471563
0.000466831
0.000462062
0.00045726
0.000452424
0.000447556
0.000442657
0.000514507
0.000510096
0.000505641
0.00050114
0.000496596
0.000492008
0.000487378
0.000482707
0.000477996
0.000473245
0.000468456
0.000463629
0.000458767
0.00045387
0.000448939
0.000443976
0.000516815
0.000512361
0.00050786
0.000503312
0.000498719
0.00049408
0.000489397
0.00048467
0.000479902
0.000475092
0.000470241
0.000465352
0.000460425
0.000455461
0.000450461
0.000445427
0.00051932
0.00051482
0.000510271
0.000505672
0.000501026
0.000496332
0.000491592
0.000486806
0.000481976
0.000477102
0.000472186
0.000467229
0.000462232
0.000457196
0.000452122
0.000447012
0.000522018
0.00051747
0.000512869
0.000508217
0.000503515
0.000498763
0.000493962
0.000489113
0.000484218
0.000479276
0.00047429
0.000469261
0.000464189
0.000459075
0.000453922
0.000448731
0.000524908
0.000520308
0.000515654
0.000510946
0.000506185
0.000501371
0.000496507
0.000491591
0.000486627
0.000481614
0.000476553
0.000471447
0.000466295
0.0004611
0.000455863
0.000450585
0.000527986
0.000523333
0.000518623
0.000513857
0.000509034
0.000504157
0.000499225
0.00049424
0.000489203
0.000484114
0.000478976
0.000473788
0.000468553
0.000463271
0.000457945
0.000452574
0.000531252
0.000526544
0.000521776
0.000516949
0.000512063
0.000507118
0.000502117
0.000497059
0.000491946
0.000486779
0.000481558
0.000476286
0.000470962
0.00046559
0.000460169
0.000454702
0.000534704
0.00052994
0.000525113
0.000520222
0.00051527
0.000510257
0.000505183
0.00050005
0.000494857
0.000489608
0.000484302
0.000478941
0.000473525
0.000468057
0.000462538
0.00045697
0.000538341
0.000533519
0.000528631
0.000523677
0.000518657
0.000513572
0.000508423
0.000503212
0.000497938
0.000492603
0.000487208
0.000481755
0.000476244
0.000470676
0.000465055
0.00045938
0.000542162
0.000537282
0.000532332
0.000527311
0.000522222
0.000517064
0.000511839
0.000506547
0.000501189
0.000495766
0.000490279
0.00048473
0.000479119
0.000473449
0.00046772
0.000461934
0.000546167
0.000541228
0.000536214
0.000531127
0.000525967
0.000520735
0.000515431
0.000510056
0.000504611
0.000499098
0.000493516
0.000487868
0.000482155
0.000476378
0.000470538
0.000464637
0.000550355
0.000545356
0.000540278
0.000535124
0.000529892
0.000524584
0.0005192
0.000513741
0.000508207
0.000502601
0.000496922
0.000491172
0.000485353
0.000479465
0.00047351
0.000467491
0.000554725
0.000549666
0.000544525
0.000539302
0.000533998
0.000528612
0.000523147
0.000517602
0.000511978
0.000506276
0.000500498
0.000494644
0.000488715
0.000482714
0.000476641
0.000470499
0.000559276
0.000554158
0.000548953
0.000543662
0.000538284
0.000532822
0.000527274
0.000521642
0.000515926
0.000510127
0.000504247
0.000498286
0.000492246
0.000486128
0.000479934
0.000473664
0.000564009
0.000558832
0.000553563
0.000548204
0.000542753
0.000537212
0.000531582
0.000525861
0.000520052
0.000514155
0.000508171
0.000502102
0.000495947
0.00048971
0.00048339
0.000476991
0.000568923
0.000563688
0.000558356
0.000552928
0.000547405
0.000541786
0.000536072
0.000530262
0.000524359
0.000518363
0.000512273
0.000506093
0.000499822
0.000493463
0.000487016
0.000480483
0.000574017
0.000568725
0.000563331
0.000557836
0.00055224
0.000546543
0.000540745
0.000534847
0.000528849
0.000522751
0.000516556
0.000510263
0.000503874
0.00049739
0.000490812
0.000484143
0.000579291
0.000573943
0.000568488
0.000562927
0.000557259
0.000551485
0.000545604
0.000539616
0.000533523
0.000527324
0.000521021
0.000514615
0.000508105
0.000501495
0.000494785
0.000487976
0.000584744
0.000579342
0.000573828
0.000568202
0.000562463
0.000556612
0.000550648
0.000544572
0.000538383
0.000532083
0.000525672
0.00051915
0.00051252
0.000505781
0.000498936
0.000491986
0.000590374
0.00058492
0.000579349
0.00057366
0.000567852
0.000561925
0.00055588
0.000549715
0.000543432
0.00053703
0.00053051
0.000523873
0.00051712
0.000510252
0.00050327
0.000496176
0.000596182
0.000590679
0.000585052
0.000579302
0.000573426
0.000567426
0.000561299
0.000555048
0.00054867
0.000542167
0.000535539
0.000528786
0.00052191
0.000514911
0.00050779
0.00050055
0.000602165
0.000596615
0.000590936
0.000585127
0.000579186
0.000573113
0.000566908
0.00056057
0.000554099
0.000547496
0.000540759
0.000533891
0.000526891
0.00051976
0.0005125
0.000505112
0.000608322
0.000602729
0.000597001
0.000591135
0.000585131
0.000578989
0.000572707
0.000566284
0.000559722
0.000553018
0.000546174
0.00053919
0.000532067
0.000524804
0.000517403
0.000509866
0.000614652
0.000609019
0.000603244
0.000597325
0.000591262
0.000585052
0.000578695
0.00057219
0.000565538
0.000558736
0.000551786
0.000544687
0.00053744
0.000530045
0.000522503
0.000514816
0.000621152
0.000615483
0.000609666
0.000603697
0.000597577
0.000591303
0.000584874
0.000578289
0.000571549
0.000564651
0.000557596
0.000550383
0.000543013
0.000535486
0.000527803
0.000519965
0.000627821
0.00062212
0.000616264
0.000610249
0.000604075
0.000597741
0.000591243
0.000584582
0.000577755
0.000570763
0.000563605
0.00055628
0.000548789
0.000541131
0.000533306
0.000525317
0.000634657
0.000628928
0.000623037
0.000616981
0.000610757
0.000604365
0.000597802
0.000591067
0.000584158
0.000577075
0.000569816
0.000562381
0.000554769
0.00054698
0.000539016
0.000530875
0.000641655
0.000635904
0.000629983
0.000623889
0.000617621
0.000611176
0.000604551
0.000597746
0.000590758
0.000583586
0.000576229
0.000568685
0.000560955
0.000553038
0.000544934
0.000536643
0.000648815
0.000643046
0.000637099
0.000630973
0.000624665
0.000618171
0.000611489
0.000604618
0.000597554
0.000590297
0.000582845
0.000575196
0.00056735
0.000559306
0.000551063
0.000542623
0.000656132
0.00065035
0.000644384
0.000638231
0.000631887
0.000625349
0.000618615
0.000611682
0.000604547
0.000597209
0.000589665
0.000581914
0.000573954
0.000565785
0.000557407
0.000548818
0.000663603
0.000657814
0.000651835
0.000645659
0.000639285
0.000632709
0.000625927
0.000618937
0.000611735
0.00060432
0.000596688
0.000588839
0.000580769
0.000572479
0.000563966
0.000555231
0.000671224
0.000665435
0.000659447
0.000653256
0.000646857
0.000640248
0.000633424
0.000626382
0.000619119
0.000611631
0.000603916
0.000595972
0.000587796
0.000579387
0.000570743
0.000561864
0.000678992
0.000673208
0.000667218
0.000661017
0.0006546
0.000647964
0.000641104
0.000634015
0.000626696
0.000619141
0.000611348
0.000603313
0.000595035
0.000586511
0.000577739
0.000568719
0.000686902
0.00068113
0.000675144
0.00066894
0.000662511
0.000655854
0.000648964
0.000641835
0.000634465
0.000626848
0.000618982
0.000610863
0.000602487
0.000593852
0.000584956
0.000575798
0.000694949
0.000689196
0.000683222
0.000677021
0.000670587
0.000663916
0.000657001
0.000649839
0.000642424
0.000634752
0.000626818
0.000618619
0.000610151
0.00060141
0.000592395
0.000583102
0.000703129
0.000697402
0.000691446
0.000685255
0.000678824
0.000672145
0.000665214
0.000658025
0.000650572
0.000642851
0.000634856
0.000626582
0.000618027
0.000609186
0.000600055
0.000590632
0.000711436
0.000705742
0.000699812
0.000693639
0.000687217
0.000680538
0.000673598
0.000666389
0.000658905
0.000651141
0.000643091
0.000634751
0.000626115
0.000617178
0.000607937
0.000598389
0.000719866
0.000714213
0.000708316
0.000702168
0.000695763
0.000689092
0.000682149
0.000674928
0.00066742
0.000659621
0.000651524
0.000643123
0.000634412
0.000625387
0.000616042
0.000606373
0.000728413
0.000722808
0.000716952
0.000710837
0.000704456
0.000697801
0.000690864
0.000683638
0.000676115
0.000668288
0.000660151
0.000651696
0.000642918
0.00063381
0.000624368
0.000614585
0.00073707
0.000731521
0.000725714
0.000719641
0.000713293
0.000706661
0.000699738
0.000692516
0.000684985
0.000677139
0.000668969
0.000660469
0.00065163
0.000642447
0.000632914
0.000623024
0.000745833
0.000740348
0.000734598
0.000728574
0.000722267
0.000715668
0.000708767
0.000701557
0.000694027
0.000686169
0.000677976
0.000669437
0.000660547
0.000651297
0.000641679
0.000631688
0.000754694
0.000749281
0.000743597
0.000737631
0.000731373
0.000724815
0.000717946
0.000710756
0.000703236
0.000695376
0.000687167
0.000678599
0.000669665
0.000660355
0.000650662
0.000640578
0.000763648
0.000758315
0.000752705
0.000746805
0.000740606
0.000734097
0.000727268
0.000720108
0.000712607
0.000704753
0.000696538
0.000687951
0.000678981
0.000669621
0.00065986
0.000649691
0.000772687
0.000767444
0.000761915
0.000756091
0.000749959
0.000743509
0.00073673
0.000729609
0.000722135
0.000714298
0.000706086
0.000697487
0.000688492
0.00067909
0.000669271
0.000659025
0.000781806
0.00077666
0.000771222
0.000765482
0.000759427
0.000753045
0.000746324
0.000739251
0.000731816
0.000724004
0.000715804
0.000707205
0.000698194
0.000688759
0.000678891
0.000668577
0.000790998
0.000785956
0.000780618
0.000774971
0.000769001
0.000762697
0.000756044
0.00074903
0.000741642
0.000733866
0.000725689
0.000717099
0.000708082
0.000698625
0.000688717
0.000678345
)
;

boundaryField
{
    down
    {
        type            symmetryPlane;
    }
    right
    {
        type            fixedValue;
        value           nonuniform List<scalar> 0();
    }
    up
    {
        type            symmetryPlane;
    }
    left
    {
        type            zeroGradient;
    }
    cylinder
    {
        type            zeroGradient;
    }
    frontAndBack
    {
        type            empty;
    }
    procBoundary0to1
    {
        type            processor;
        value           nonuniform List<scalar> 
73
(
0.000677727
0.000688643
0.000700054
0.000711981
0.000724446
0.000737474
0.000751087
0.000765311
0.000780169
0.000795688
0.000811892
0.000828807
0.000846459
0.000864872
0.000884071
0.00090408
0.000924922
0.00094662
0.000432484
0.000432644
0.000432956
0.000433413
0.00043401
0.000434743
0.000435609
0.000436605
0.000437729
0.000438981
0.000440361
0.000441868
0.000443503
0.000445267
0.000447162
0.00044919
0.000451353
0.000453653
0.000456094
0.000458677
0.000461408
0.000464288
0.000467322
0.000470514
0.000473866
0.000477384
0.000481072
0.000484932
0.000488971
0.000493191
0.000497597
0.000502194
0.000506984
0.000511973
0.000517164
0.00052256
0.000528166
0.000533985
0.00054002
0.000546273
0.000552749
0.000559449
0.000566375
0.000573529
0.000580914
0.00058853
0.000596378
0.000604459
0.000612772
0.000621318
0.000630096
0.000639105
0.000648343
0.000657809
0.000667499
)
;
    }
    procBoundary0to4
    {
        type            processor;
        value           nonuniform List<scalar> 
72
(
0.0010557
0.0010567
0.00105743
0.00105785
0.00105793
0.00105764
0.00105693
0.00105578
0.00105413
0.00105195
0.00104918
0.00104577
0.00104166
0.0010368
0.00103112
0.00102455
0.000895648
0.000895792
0.000896244
0.000896943
0.000897875
0.000899031
0.000900398
0.000901965
0.000903722
0.000905658
0.000907762
0.000910026
0.00091244
0.000914993
0.000917678
0.000920485
0.000923406
0.000926435
0.000929565
0.00093279
0.000936103
0.000939498
0.000942968
0.000946506
0.000950105
0.000953756
0.000957451
0.000961182
0.000964938
0.000968711
0.000972492
0.000976271
0.000980039
0.000983785
0.0009875
0.000991174
0.000994796
0.000998357
0.00100185
0.00100525
0.00100525
0.00101761
0.00102119
0.00102466
0.00102802
0.00103126
0.00103436
0.00103731
0.00104011
0.00104274
0.0010452
0.00104746
0.00104953
0.0010514
0.00105305
0.00105447
)
;
    }
    procBoundary0to5
    {
        type            processor;
        value           nonuniform List<scalar> 2(0.000969193 0.000992659);
    }
}


// ************************************************************************* //
