/*--------------------------------*- C++ -*----------------------------------*\
| =========                 |                                                 |
| \\      /  F ield         | OpenFOAM: The Open Source CFD Toolbox           |
|  \\    /   O peration     | Version:  2412                                  |
|   \\  /    A nd           | Website:  www.openfoam.com                      |
|    \\/     M anipulation  |                                                 |
\*---------------------------------------------------------------------------*/
FoamFile
{
    version     2.0;
    format      ascii;
    arch        "LSB;label=32;scalar=64";
    class       volScalarField;
    location    "8.5";
    object      p;
}
// * * * * * * * * * * * * * * * * * * * * * * * * * * * * * * * * * * * * * //

dimensions      [0 2 -2 0 0 0 0];

internalField   nonuniform List<scalar> 
5285
(
-2.14243e-05
-2.03548e-05
-1.93234e-05
-1.83277e-05
-1.73668e-05
-1.64403e-05
-1.55476e-05
-1.46879e-05
-1.38607e-05
-1.30653e-05
-1.2301e-05
-1.15674e-05
-1.08637e-05
-1.01894e-05
-9.54393e-06
-8.92668e-06
-8.33693e-06
-7.77418e-06
-7.23774e-06
-6.72696e-06
-6.24123e-06
-5.77988e-06
-5.34224e-06
-4.92757e-06
-4.53534e-06
-4.16476e-06
-3.81508e-06
-3.48572e-06
-3.17587e-06
-2.88481e-06
-2.61189e-06
-2.1052e-05
-1.99966e-05
-1.8979e-05
-1.79972e-05
-1.705e-05
-1.61372e-05
-1.52579e-05
-1.44115e-05
-1.35973e-05
-1.28146e-05
-1.20629e-05
-1.13415e-05
-1.06497e-05
-9.987e-06
-9.35274e-06
-8.74634e-06
-8.16713e-06
-7.61452e-06
-7.08785e-06
-6.58647e-06
-6.10975e-06
-5.65702e-06
-5.22763e-06
-4.82085e-06
-4.43609e-06
-4.07263e-06
-3.72971e-06
-3.40674e-06
-3.10293e-06
-2.81758e-06
-2.55002e-06
-2.29941e-06
-2.0652e-06
-1.84651e-06
-1.6427e-06
-1.4531e-06
-1.27694e-06
-1.11356e-06
-9.62336e-07
-8.22568e-07
-6.93632e-07
-5.74737e-07
-4.6546e-07
-3.6505e-07
-2.72822e-07
-1.88407e-07
-1.10812e-07
-4.02171e-08
2.5972e-08
8.3193e-08
1.44688e-07
1.80853e-07
2.61194e-07
2.33977e-07
4.23776e-07
1.69818e-07
7.63329e-07
-1.94612e-07
1.53219e-06
-1.12265e-06
2.92978e-06
-2.55463e-06
4.43944e-06
-3.29378e-06
4.20276e-06
-1.12593e-06
4.72531e-07
4.1975e-06
-4.56747e-06
8.01086e-06
-4.97849e-06
-2.06691e-05
-1.96283e-05
-1.86254e-05
-1.76579e-05
-1.6725e-05
-1.58263e-05
-1.49609e-05
-1.41282e-05
-1.33275e-05
-1.2558e-05
-1.18191e-05
-1.11103e-05
-1.04307e-05
-9.77992e-06
-9.15719e-06
-8.56195e-06
-7.99352e-06
-7.45131e-06
-6.93465e-06
-6.44289e-06
-5.9754e-06
-5.5315e-06
-5.11054e-06
-4.71182e-06
-4.33472e-06
-3.97853e-06
-3.64253e-06
-3.32609e-06
-3.02845e-06
-2.74893e-06
-2.48684e-06
-2.24141e-06
-2.01201e-06
-1.79787e-06
-1.59829e-06
-1.41263e-06
-1.24016e-06
-1.0802e-06
-9.32138e-07
-7.953e-07
-6.69063e-07
-5.52684e-07
-4.45701e-07
-3.474e-07
-2.57129e-07
-1.74484e-07
-9.85141e-08
-2.94113e-08
3.53972e-08
9.14104e-08
1.51639e-07
1.86979e-07
2.65883e-07
2.38722e-07
4.25804e-07
1.74662e-07
7.61038e-07
-1.86778e-07
1.52246e-06
-1.1083e-06
2.9107e-06
-2.53469e-06
4.41769e-06
-3.28058e-06
4.19664e-06
-1.13764e-06
4.97934e-07
4.15565e-06
-4.50606e-06
7.94112e-06
-4.85845e-06
-2.02756e-05
-1.92502e-05
-1.82624e-05
-1.73099e-05
-1.63919e-05
-1.55078e-05
-1.46568e-05
-1.38382e-05
-1.30513e-05
-1.22954e-05
-1.15698e-05
-1.08738e-05
-1.02069e-05
-9.56826e-06
-8.95737e-06
-8.37356e-06
-7.81618e-06
-7.28462e-06
-6.7782e-06
-6.29629e-06
-5.83823e-06
-5.40337e-06
-4.99103e-06
-4.60054e-06
-4.23127e-06
-3.88251e-06
-3.55357e-06
-3.24379e-06
-2.95246e-06
-2.67888e-06
-2.42239e-06
-2.18224e-06
-1.95776e-06
-1.74824e-06
-1.55299e-06
-1.37135e-06
-1.20263e-06
-1.04616e-06
-9.01333e-07
-7.67486e-07
-6.44007e-07
-5.3019e-07
-4.25549e-07
-3.29401e-07
-2.41121e-07
-1.60283e-07
-8.59751e-08
-1.83905e-08
4.50066e-08
9.97866e-08
1.58729e-07
1.93225e-07
2.70658e-07
2.43569e-07
4.27846e-07
1.79636e-07
7.58626e-07
-1.78686e-07
1.51234e-06
-1.09343e-06
2.8909e-06
-2.51404e-06
4.39515e-06
-3.26698e-06
4.19024e-06
-1.14962e-06
5.23482e-07
4.11349e-06
-4.4448e-06
7.87158e-06
-4.73715e-06
-1.98717e-05
-1.88623e-05
-1.78902e-05
-1.69533e-05
-1.60506e-05
-1.51816e-05
-1.43455e-05
-1.35415e-05
-1.27689e-05
-1.2027e-05
-1.1315e-05
-1.06323e-05
-9.9782e-06
-9.35211e-06
-8.75333e-06
-8.18123e-06
-7.63517e-06
-7.1145e-06
-6.61856e-06
-6.14671e-06
-5.6983e-06
-5.27266e-06
-4.86913e-06
-4.48705e-06
-4.12576e-06
-3.78459e-06
-3.46285e-06
-3.15988e-06
-2.87499e-06
-2.60747e-06
-2.35669e-06
-2.12191e-06
-1.90246e-06
-1.69766e-06
-1.50681e-06
-1.32928e-06
-1.16438e-06
-1.01147e-06
-8.69935e-07
-7.39139e-07
-6.18474e-07
-5.07264e-07
-4.05011e-07
-3.1106e-07
-2.24806e-07
-1.45812e-07
-7.32005e-08
-7.1598e-09
5.47959e-08
1.08318e-07
1.65953e-07
1.99588e-07
2.75516e-07
2.48518e-07
4.29897e-07
1.84738e-07
7.56087e-07
-1.7033e-07
1.50183e-06
-1.07804e-06
2.87037e-06
-2.49268e-06
4.37184e-06
-3.25299e-06
4.18358e-06
-1.16188e-06
5.49125e-07
4.07114e-06
-4.38394e-06
7.80253e-06
-4.61506e-06
-1.94574e-05
-1.84646e-05
-1.75088e-05
-1.65881e-05
-1.57013e-05
-1.4848e-05
-1.40272e-05
-1.32383e-05
-1.24803e-05
-1.17527e-05
-1.10547e-05
-1.03857e-05
-9.7448e-06
-9.13152e-06
-8.54515e-06
-7.98505e-06
-7.45055e-06
-6.94102e-06
-6.45579e-06
-5.99422e-06
-5.55565e-06
-5.13943e-06
-4.7449e-06
-4.37139e-06
-4.01826e-06
-3.68483e-06
-3.37043e-06
-3.07439e-06
-2.79606e-06
-2.53473e-06
-2.28977e-06
-2.06046e-06
-1.84614e-06
-1.64614e-06
-1.45978e-06
-1.28643e-06
-1.12543e-06
-9.76135e-07
-8.37959e-07
-7.1027e-07
-5.92472e-07
-4.83917e-07
-3.84097e-07
-2.92384e-07
-2.08191e-07
-1.31076e-07
-6.0194e-08
4.27506e-09
6.47614e-08
1.17004e-07
1.73307e-07
2.06067e-07
2.80453e-07
2.53564e-07
4.31957e-07
1.89972e-07
7.53415e-07
-1.61704e-07
1.49091e-06
-1.06211e-06
2.84911e-06
-2.47062e-06
4.34776e-06
-3.23863e-06
4.17668e-06
-1.17445e-06
5.74818e-07
4.02869e-06
-4.32377e-06
7.7343e-06
-4.49274e-06
-1.90327e-05
-1.80572e-05
-1.71185e-05
-1.62144e-05
-1.53442e-05
-1.45069e-05
-1.3702e-05
-1.29285e-05
-1.21857e-05
-1.14728e-05
-1.07892e-05
-1.0134e-05
-9.50674e-06
-8.90658e-06
-8.33291e-06
-7.78506e-06
-7.26239e-06
-6.76424e-06
-6.28995e-06
-5.83887e-06
-5.41035e-06
-5.00374e-06
-4.61838e-06
-4.25361e-06
-3.90879e-06
-3.58325e-06
-3.27633e-06
-2.98737e-06
-2.71571e-06
-2.46069e-06
-2.22165e-06
-1.99792e-06
-1.78881e-06
-1.5937e-06
-1.41191e-06
-1.24282e-06
-1.08579e-06
-9.40178e-07
-8.05419e-07
-6.80892e-07
-5.66015e-07
-4.60158e-07
-3.62816e-07
-2.73381e-07
-1.91284e-07
-1.16082e-07
-4.6961e-08
1.59089e-08
7.48989e-08
1.2584e-07
1.80787e-07
2.12659e-07
2.85467e-07
2.58709e-07
4.34021e-07
1.95338e-07
7.50603e-07
-1.52802e-07
1.47958e-06
-1.04564e-06
2.82708e-06
-2.44783e-06
4.3229e-06
-3.22393e-06
4.16956e-06
-1.18734e-06
6.00512e-07
3.98626e-06
-4.26457e-06
7.66723e-06
-4.37078e-06
-1.85978e-05
-1.76403e-05
-1.67192e-05
-1.58325e-05
-1.49791e-05
-1.41586e-05
-1.33699e-05
-1.26123e-05
-1.1885e-05
-1.11873e-05
-1.05184e-05
-9.87754e-06
-9.2641e-06
-8.67737e-06
-8.11667e-06
-7.58136e-06
-7.07076e-06
-6.58422e-06
-6.12109e-06
-5.68072e-06
-5.26245e-06
-4.86564e-06
-4.48962e-06
-4.13376e-06
-3.7974e-06
-3.4799e-06
-3.18059e-06
-2.89884e-06
-2.63398e-06
-2.38537e-06
-2.15236e-06
-1.9343e-06
-1.73051e-06
-1.54038e-06
-1.36323e-06
-1.19847e-06
-1.04547e-06
-9.03611e-07
-7.72328e-07
-6.51019e-07
-5.39111e-07
-4.35999e-07
-3.41177e-07
-2.54059e-07
-1.74093e-07
-1.00837e-07
-3.35071e-08
2.77369e-08
8.52043e-08
1.34822e-07
1.8839e-07
2.19361e-07
2.90555e-07
2.63949e-07
4.36087e-07
2.00836e-07
7.47645e-07
-1.43618e-07
1.46781e-06
-1.02861e-06
2.8043e-06
-2.42433e-06
4.29728e-06
-3.20892e-06
4.16225e-06
-1.20059e-06
6.2616e-07
3.94396e-06
-4.20665e-06
7.60167e-06
-4.24988e-06
-1.81529e-05
-1.72139e-05
-1.6311e-05
-1.54422e-05
-1.46064e-05
-1.3803e-05
-1.30311e-05
-1.22899e-05
-1.15785e-05
-1.08963e-05
-1.02424e-05
-9.61623e-06
-9.01697e-06
-8.44396e-06
-7.89653e-06
-7.37401e-06
-6.87573e-06
-6.40105e-06
-5.9493e-06
-5.51984e-06
-5.11201e-06
-4.72517e-06
-4.35868e-06
-4.01189e-06
-3.68415e-06
-3.37482e-06
-3.08326e-06
-2.80883e-06
-2.55089e-06
-2.30881e-06
-2.08194e-06
-1.86964e-06
-1.67126e-06
-1.48618e-06
-1.31376e-06
-1.1534e-06
-1.0045e-06
-8.66451e-07
-7.38701e-07
-6.20661e-07
-5.11772e-07
-4.11449e-07
-3.19188e-07
-2.34426e-07
-1.56624e-07
-8.53475e-08
-1.98379e-08
3.97538e-08
9.56734e-08
1.43948e-07
1.96112e-07
2.26171e-07
2.95714e-07
2.69284e-07
4.38151e-07
2.06469e-07
7.44536e-07
-1.34146e-07
1.45561e-06
-1.011e-06
2.78073e-06
-2.4001e-06
4.27089e-06
-3.19363e-06
4.15478e-06
-1.21422e-06
6.51717e-07
3.90191e-06
-4.15032e-06
7.53799e-06
-4.13079e-06
-1.76979e-05
-1.67782e-05
-1.58942e-05
-1.50438e-05
-1.42261e-05
-1.34403e-05
-1.26856e-05
-1.19612e-05
-1.12662e-05
-1.05998e-05
-9.96143e-06
-9.3502e-06
-8.76544e-06
-8.20645e-06
-7.67255e-06
-7.16308e-06
-6.67737e-06
-6.21477e-06
-5.77462e-06
-5.35627e-06
-4.95908e-06
-4.58241e-06
-4.2256e-06
-3.88803e-06
-3.56906e-06
-3.26805e-06
-2.98437e-06
-2.7174e-06
-2.46649e-06
-2.23104e-06
-2.0104e-06
-1.80396e-06
-1.61107e-06
-1.43113e-06
-1.26351e-06
-1.10762e-06
-9.62888e-07
-8.28712e-07
-7.04551e-07
-5.89833e-07
-4.84011e-07
-3.86518e-07
-2.9686e-07
-2.1449e-07
-1.38886e-07
-6.96194e-08
-5.95913e-09
5.19547e-08
1.06302e-07
1.53212e-07
2.03949e-07
2.33085e-07
3.00941e-07
2.74712e-07
4.4021e-07
2.12238e-07
7.41268e-07
-1.2438e-07
1.44295e-06
-9.92825e-07
2.75638e-06
-2.37515e-06
4.24376e-06
-3.17807e-06
4.14719e-06
-1.22826e-06
6.77139e-07
3.86022e-06
-4.09591e-06
7.47659e-06
-4.0144e-06
-1.72331e-05
-1.63334e-05
-1.54688e-05
-1.46375e-05
-1.38383e-05
-1.30707e-05
-1.23337e-05
-1.16264e-05
-1.09482e-05
-1.02981e-05
-9.67548e-06
-9.07954e-06
-8.50959e-06
-7.96491e-06
-7.44482e-06
-6.94866e-06
-6.47576e-06
-6.02547e-06
-5.59713e-06
-5.1901e-06
-4.80373e-06
-4.43739e-06
-4.09044e-06
-3.76225e-06
-3.45219e-06
-3.15964e-06
-2.88396e-06
-2.62456e-06
-2.3808e-06
-2.15209e-06
-1.93779e-06
-1.7373e-06
-1.54998e-06
-1.37526e-06
-1.21251e-06
-1.06116e-06
-9.20657e-07
-7.90411e-07
-6.69893e-07
-5.58546e-07
-4.55837e-07
-3.61218e-07
-2.742e-07
-1.94259e-07
-1.20885e-07
-5.36596e-08
8.12335e-09
6.43341e-08
1.17085e-07
1.62611e-07
2.11899e-07
2.40103e-07
3.06233e-07
2.80231e-07
4.42261e-07
2.18142e-07
7.37837e-07
-1.14315e-07
1.42984e-06
-9.74057e-07
2.73122e-06
-2.34947e-06
4.21587e-06
-3.1623e-06
4.13951e-06
-1.24277e-06
7.02385e-07
3.81901e-06
-4.04377e-06
7.41786e-06
-3.90166e-06
-1.67587e-05
-1.58795e-05
-1.5035e-05
-1.42232e-05
-1.34432e-05
-1.26942e-05
-1.19753e-05
-1.12857e-05
-1.06246e-05
-9.99116e-06
-9.38467e-06
-8.80436e-06
-8.24951e-06
-7.71943e-06
-7.21342e-06
-6.73083e-06
-6.27097e-06
-5.83321e-06
-5.41689e-06
-5.02137e-06
-4.64601e-06
-4.29018e-06
-3.95324e-06
-3.63458e-06
-3.33358e-06
-3.04962e-06
-2.78208e-06
-2.53037e-06
-2.29387e-06
-2.07199e-06
-1.86412e-06
-1.66967e-06
-1.48801e-06
-1.31858e-06
-1.16078e-06
-1.01404e-06
-8.77824e-07
-7.51564e-07
-6.34742e-07
-5.26815e-07
-4.27263e-07
-3.35559e-07
-2.5122e-07
-1.73742e-07
-1.0263e-07
-3.74749e-08
2.24036e-08
7.6887e-08
1.28018e-07
1.72142e-07
2.19957e-07
2.47219e-07
3.11588e-07
2.8584e-07
4.443e-07
2.24183e-07
7.34237e-07
-1.03944e-07
1.41625e-06
-9.5469e-07
2.70525e-06
-2.32306e-06
4.18726e-06
-3.14633e-06
4.13179e-06
-1.25778e-06
7.27415e-07
3.77841e-06
-3.99425e-06
7.36222e-06
-3.79364e-06
-1.62747e-05
-1.54167e-05
-1.45929e-05
-1.38013e-05
-1.30409e-05
-1.2311e-05
-1.16106e-05
-1.09391e-05
-1.02955e-05
-9.67912e-06
-9.08911e-06
-8.52474e-06
-7.98531e-06
-7.47011e-06
-6.97845e-06
-6.50966e-06
-6.06309e-06
-5.63808e-06
-5.23398e-06
-4.85017e-06
-4.48599e-06
-4.14083e-06
-3.81407e-06
-3.50509e-06
-3.21328e-06
-2.93804e-06
-2.67876e-06
-2.43485e-06
-2.20572e-06
-1.99078e-06
-1.78943e-06
-1.60111e-06
-1.42519e-06
-1.26113e-06
-1.10834e-06
-9.66272e-07
-8.34407e-07
-7.12188e-07
-5.99112e-07
-4.94652e-07
-3.98302e-07
-3.09551e-07
-2.27928e-07
-1.52948e-07
-8.41289e-08
-2.10723e-08
3.68757e-08
8.96078e-08
1.39097e-07
1.81799e-07
2.2812e-07
2.54432e-07
3.17002e-07
2.91537e-07
4.46324e-07
2.30362e-07
7.30461e-07
-9.32629e-08
1.40217e-06
-9.34713e-07
2.67845e-06
-2.29593e-06
4.15792e-06
-3.13022e-06
4.12407e-06
-1.27333e-06
7.52195e-07
3.73854e-06
-3.94771e-06
7.3101e-06
-3.69154e-06
-1.57813e-05
-1.49453e-05
-1.41427e-05
-1.33717e-05
-1.26315e-05
-1.19211e-05
-1.12399e-05
-1.05868e-05
-9.96114e-06
-9.3621e-06
-8.7889e-06
-8.2408e-06
-7.71708e-06
-7.21704e-06
-6.73998e-06
-6.28525e-06
-5.85219e-06
-5.44014e-06
-5.04847e-06
-4.67654e-06
-4.32373e-06
-3.98941e-06
-3.67298e-06
-3.37383e-06
-3.09135e-06
-2.82495e-06
-2.57405e-06
-2.33805e-06
-2.11639e-06
-1.90848e-06
-1.71375e-06
-1.53164e-06
-1.36154e-06
-1.20291e-06
-1.05521e-06
-9.1788e-07
-7.90422e-07
-6.72298e-07
-5.63019e-07
-4.62071e-07
-3.68964e-07
-2.83206e-07
-2.04335e-07
-1.31885e-07
-6.53886e-08
-4.45852e-09
5.15334e-08
1.02491e-07
1.50316e-07
1.91579e-07
2.36384e-07
2.61739e-07
3.22473e-07
2.97321e-07
4.4833e-07
2.3668e-07
7.26505e-07
-8.22658e-08
1.38761e-06
-9.14116e-07
2.65081e-06
-2.26806e-06
4.12787e-06
-3.114e-06
4.1164e-06
-1.28949e-06
7.76694e-07
3.69952e-06
-3.90453e-06
7.26192e-06
-3.59664e-06
-1.52788e-05
-1.44652e-05
-1.36845e-05
-1.29347e-05
-1.22151e-05
-1.15249e-05
-1.08631e-05
-1.02289e-05
-9.62153e-06
-9.04021e-06
-8.48417e-06
-7.95264e-06
-7.44492e-06
-6.96031e-06
-6.49811e-06
-6.05768e-06
-5.63834e-06
-5.23947e-06
-4.86042e-06
-4.50056e-06
-4.15929e-06
-3.83597e-06
-3.53002e-06
-3.24083e-06
-2.96782e-06
-2.7104e-06
-2.46798e-06
-2.24001e-06
-2.02592e-06
-1.82514e-06
-1.63712e-06
-1.46129e-06
-1.29709e-06
-1.14397e-06
-1.00142e-06
-8.68882e-07
-7.45889e-07
-6.31912e-07
-5.26476e-07
-4.29086e-07
-3.39263e-07
-2.56535e-07
-1.80449e-07
-1.10561e-07
-4.64173e-08
1.23593e-08
6.63704e-08
1.15532e-07
1.61672e-07
2.01478e-07
2.44745e-07
2.69136e-07
3.27996e-07
3.03189e-07
4.50314e-07
2.43136e-07
7.22362e-07
-7.09485e-08
1.37254e-06
-8.92893e-07
2.62234e-06
-2.23947e-06
4.09713e-06
-3.09773e-06
4.10886e-06
-1.30632e-06
8.00889e-07
3.66147e-06
-3.86508e-06
7.21814e-06
-3.51029e-06
-1.47673e-05
-1.39768e-05
-1.32185e-05
-1.24905e-05
-1.1792e-05
-1.11223e-05
-1.04804e-05
-9.8655e-06
-9.27683e-06
-8.71358e-06
-8.17501e-06
-7.66037e-06
-7.16893e-06
-6.70001e-06
-6.25293e-06
-5.82702e-06
-5.42164e-06
-5.03614e-06
-4.66991e-06
-4.32231e-06
-3.99273e-06
-3.68058e-06
-3.38525e-06
-3.10617e-06
-2.84274e-06
-2.59442e-06
-2.36061e-06
-2.14077e-06
-1.93434e-06
-1.74079e-06
-1.55955e-06
-1.39009e-06
-1.23186e-06
-1.08432e-06
-9.46977e-07
-8.19299e-07
-7.00825e-07
-5.91045e-07
-4.895e-07
-3.9571e-07
-3.0921e-07
-2.29548e-07
-1.56282e-07
-8.89871e-08
-2.72231e-08
2.9374e-08
8.13807e-08
1.28724e-07
1.73159e-07
2.11491e-07
2.53199e-07
2.7662e-07
3.33571e-07
3.09139e-07
4.52275e-07
2.4973e-07
7.18029e-07
-5.9307e-08
1.35696e-06
-8.71036e-07
2.59301e-06
-2.21017e-06
4.06572e-06
-3.08146e-06
4.1015e-06
-1.32389e-06
8.2476e-07
3.62452e-06
-3.82974e-06
7.17918e-06
-3.43392e-06
-1.42471e-05
-1.34803e-05
-1.27449e-05
-1.20392e-05
-1.13624e-05
-1.07136e-05
-1.0092e-05
-9.49678e-06
-8.92715e-06
-8.38233e-06
-7.86156e-06
-7.36409e-06
-6.88922e-06
-6.43626e-06
-6.00453e-06
-5.59338e-06
-5.20216e-06
-4.83024e-06
-4.47701e-06
-4.14184e-06
-3.82413e-06
-3.52328e-06
-3.23873e-06
-2.96988e-06
-2.71618e-06
-2.47706e-06
-2.25197e-06
-2.04036e-06
-1.8417e-06
-1.65546e-06
-1.48109e-06
-1.31807e-06
-1.16588e-06
-1.02399e-06
-8.91918e-07
-7.69153e-07
-6.55251e-07
-5.49716e-07
-4.52107e-07
-3.61958e-07
-2.78819e-07
-2.02258e-07
-1.31843e-07
-6.71708e-08
-7.81419e-09
4.65784e-08
9.65577e-08
1.42062e-07
1.84772e-07
2.21615e-07
2.61743e-07
2.84188e-07
3.39192e-07
3.15171e-07
4.54206e-07
2.56467e-07
7.13495e-07
-4.73275e-08
1.34084e-06
-8.48511e-07
2.56278e-06
-2.1801e-06
4.0336e-06
-3.06518e-06
4.09433e-06
-1.34223e-06
8.4829e-07
3.58873e-06
-3.79881e-06
7.14539e-06
-3.36886e-06
-1.37183e-05
-1.29758e-05
-1.22638e-05
-1.1581e-05
-1.09262e-05
-1.02988e-05
-9.698e-06
-9.12287e-06
-8.57265e-06
-8.04658e-06
-7.54392e-06
-7.06392e-06
-6.60589e-06
-6.16914e-06
-5.75301e-06
-5.35684e-06
-4.97999e-06
-4.62185e-06
-4.2818e-06
-3.95923e-06
-3.65354e-06
-3.36416e-06
-3.09051e-06
-2.83204e-06
-2.58817e-06
-2.35838e-06
-2.14211e-06
-1.93883e-06
-1.74803e-06
-1.56918e-06
-1.40176e-06
-1.24527e-06
-1.09918e-06
-9.63001e-07
-8.3626e-07
-7.18463e-07
-6.09184e-07
-5.07942e-07
-4.14311e-07
-3.27843e-07
-2.48102e-07
-1.74675e-07
-1.07143e-07
-4.51218e-08
1.18013e-08
6.39653e-08
1.11895e-07
1.55541e-07
1.96506e-07
2.31844e-07
2.70373e-07
2.91838e-07
3.44857e-07
3.21284e-07
4.56102e-07
2.63353e-07
7.0874e-07
-3.49788e-08
1.32413e-06
-8.25237e-07
2.53155e-06
-2.14912e-06
4.00061e-06
-3.04874e-06
4.08726e-06
-1.36132e-06
8.71473e-07
3.55412e-06
-3.77241e-06
7.11694e-06
-3.31628e-06
-1.31811e-05
-1.24635e-05
-1.17756e-05
-1.1116e-05
-1.04838e-05
-9.87831e-06
-9.2986e-06
-8.74391e-06
-8.21346e-06
-7.70647e-06
-7.22222e-06
-6.75998e-06
-6.31906e-06
-5.89877e-06
-5.49846e-06
-5.11749e-06
-4.75522e-06
-4.41105e-06
-4.08435e-06
-3.77454e-06
-3.48104e-06
-3.20326e-06
-2.94066e-06
-2.69268e-06
-2.45878e-06
-2.23842e-06
-2.03107e-06
-1.83622e-06
-1.65336e-06
-1.48199e-06
-1.3216e-06
-1.1717e-06
-1.03179e-06
-9.01379e-07
-7.80028e-07
-6.67252e-07
-5.62644e-07
-4.6574e-07
-3.76129e-07
-2.9338e-07
-2.17072e-07
-1.46811e-07
-8.2192e-08
-2.28492e-08
3.16151e-08
8.15271e-08
1.27386e-07
1.69154e-07
2.08356e-07
2.42175e-07
2.79085e-07
2.99566e-07
3.50563e-07
3.27474e-07
4.57966e-07
2.70376e-07
7.03785e-07
-2.2302e-08
1.3069e-06
-8.01325e-07
2.49946e-06
-2.11748e-06
3.96708e-06
-3.03253e-06
4.08067e-06
-1.38145e-06
8.94364e-07
3.52091e-06
-3.7512e-06
7.09458e-06
-3.27781e-06
-1.26359e-05
-1.19436e-05
-1.12803e-05
-1.06445e-05
-1.00354e-05
-9.45211e-06
-8.89394e-06
-8.36007e-06
-7.84971e-06
-7.36213e-06
-6.89659e-06
-6.45239e-06
-6.02883e-06
-5.62525e-06
-5.241e-06
-4.87543e-06
-4.52794e-06
-4.19791e-06
-3.88475e-06
-3.58787e-06
-3.30669e-06
-3.04066e-06
-2.78924e-06
-2.55188e-06
-2.32804e-06
-2.11723e-06
-1.9189e-06
-1.73257e-06
-1.55774e-06
-1.39393e-06
-1.24064e-06
-1.0974e-06
-9.63729e-07
-8.39152e-07
-7.23244e-07
-6.15541e-07
-5.15652e-07
-4.2313e-07
-3.37578e-07
-2.58585e-07
-1.85742e-07
-1.18679e-07
-5.70012e-08
-3.6332e-10
5.16182e-08
9.9256e-08
1.43024e-07
1.82895e-07
2.20317e-07
2.52601e-07
2.87876e-07
3.07361e-07
3.56321e-07
3.33708e-07
4.59852e-07
2.77424e-07
6.9883e-07
-9.65131e-09
1.28973e-06
-7.7769e-07
2.46786e-06
-2.08697e-06
3.93518e-06
-3.01894e-06
4.07672e-06
-1.40404e-06
9.17094e-07
3.49051e-06
-3.73794e-06
7.08147e-06
-3.25695e-06
-1.20942e-05
-1.14274e-05
-1.07886e-05
-1.01765e-05
-9.59036e-06
-9.02932e-06
-8.49262e-06
-7.97948e-06
-7.48914e-06
-7.02086e-06
-6.57394e-06
-6.14767e-06
-5.74137e-06
-5.35438e-06
-4.98607e-06
-4.6358e-06
-4.30296e-06
-3.98697e-06
-3.68722e-06
-3.40315e-06
-3.13419e-06
-2.87981e-06
-2.63945e-06
-2.41261e-06
-2.19874e-06
-1.99737e-06
-1.80798e-06
-1.63008e-06
-1.4632e-06
-1.30687e-06
-1.1606e-06
-1.02395e-06
-8.96447e-07
-7.77637e-07
-6.67114e-07
-5.64427e-07
-4.69204e-07
-3.81013e-07
-2.99474e-07
-2.24194e-07
-1.54778e-07
-9.08756e-08
-3.21048e-08
2.1859e-08
7.13863e-08
1.16776e-07
1.58478e-07
1.96473e-07
2.32136e-07
2.62901e-07
2.96563e-07
3.15057e-07
3.62013e-07
3.39846e-07
4.61742e-07
2.84305e-07
6.94061e-07
2.5566e-09
1.27324e-06
-7.55246e-07
2.43804e-06
-2.0591e-06
3.9067e-06
-3.00948e-06
4.07664e-06
-1.42938e-06
9.3924e-07
3.46438e-06
-3.73444e-06
7.07958e-06
-3.25564e-06
-1.15515e-05
-1.09103e-05
-1.02962e-05
-9.70807e-06
-9.14502e-06
-8.60632e-06
-8.0912e-06
-7.59889e-06
-7.12864e-06
-6.67974e-06
-6.25148e-06
-5.84318e-06
-5.45418e-06
-5.08381e-06
-4.73146e-06
-4.3965e-06
-4.07833e-06
-3.77637e-06
-3.49004e-06
-3.21878e-06
-2.96204e-06
-2.71928e-06
-2.48998e-06
-2.27365e-06
-2.06975e-06
-1.87781e-06
-1.69733e-06
-1.52785e-06
-1.3689e-06
-1.22003e-06
-1.08078e-06
-9.50695e-07
-8.2935e-07
-7.16294e-07
-6.11143e-07
-5.13459e-07
-4.2289e-07
-3.39019e-07
-2.61482e-07
-1.89903e-07
-1.23904e-07
-6.31537e-08
-7.28223e-09
4.40151e-08
9.1095e-08
1.34243e-07
1.73883e-07
2.1001e-07
2.43915e-07
2.73173e-07
3.05206e-07
3.22757e-07
3.67617e-07
3.46096e-07
4.6335e-07
2.91659e-07
6.88395e-07
1.62222e-08
1.25437e-06
-7.29358e-07
2.40342e-06
-2.02536e-06
3.87155e-06
-2.99374e-06
4.07143e-06
-1.45215e-06
9.60863e-07
3.43631e-06
-3.72977e-06
7.07668e-06
-3.2627e-06
-1.09909e-05
-1.03763e-05
-9.78787e-06
-9.22456e-06
-8.68549e-06
-8.16995e-06
-7.67718e-06
-7.20643e-06
-6.75699e-06
-6.32813e-06
-5.91918e-06
-5.52946e-06
-5.15832e-06
-4.80512e-06
-4.46924e-06
-4.15009e-06
-3.84706e-06
-3.55958e-06
-3.28708e-06
-3.02903e-06
-2.78487e-06
-2.5541e-06
-2.33619e-06
-2.13068e-06
-1.93703e-06
-1.75481e-06
-1.58351e-06
-1.4227e-06
-1.27191e-06
-1.13072e-06
-9.98681e-07
-8.75364e-07
-7.60353e-07
-6.53216e-07
-5.5359e-07
-4.61053e-07
-3.7527e-07
-2.95842e-07
-2.2242e-07
-1.54648e-07
-9.21628e-08
-3.4653e-08
1.82372e-08
6.67927e-08
1.11356e-07
1.52199e-07
1.8972e-07
2.23925e-07
2.56021e-07
2.83734e-07
3.14081e-07
3.30685e-07
3.73336e-07
3.52588e-07
4.64848e-07
2.99479e-07
6.82072e-07
3.1061e-08
1.23369e-06
-7.00943e-07
2.36537e-06
-1.98786e-06
3.83239e-06
-2.97518e-06
4.06435e-06
-1.4752e-06
9.82659e-07
3.40781e-06
-3.72813e-06
7.07746e-06
-3.28264e-06
-1.04119e-05
-9.82499e-06
-9.26325e-06
-8.72567e-06
-8.21146e-06
-7.71992e-06
-7.25031e-06
-6.80189e-06
-6.37396e-06
-5.96583e-06
-5.57684e-06
-5.20632e-06
-4.85363e-06
-4.51815e-06
-4.19929e-06
-3.89643e-06
-3.60901e-06
-3.33646e-06
-3.07823e-06
-2.83378e-06
-2.60259e-06
-2.38417e-06
-2.178e-06
-1.98363e-06
-1.80055e-06
-1.62832e-06
-1.46647e-06
-1.31457e-06
-1.17219e-06
-1.0389e-06
-9.14281e-07
-7.9792e-07
-6.89424e-07
-5.88375e-07
-4.94431e-07
-4.07187e-07
-3.26325e-07
-2.51464e-07
-1.82273e-07
-1.18414e-07
-5.95403e-08
-5.36169e-09
4.44639e-08
9.02009e-08
1.32177e-07
1.70651e-07
2.05993e-07
2.38223e-07
2.6846e-07
2.94585e-07
3.23196e-07
3.38832e-07
3.79198e-07
3.59271e-07
4.66337e-07
3.07579e-07
6.75421e-07
4.65111e-08
1.21207e-06
-6.71346e-07
2.32575e-06
-1.94906e-06
3.79211e-06
-2.95687e-06
4.05814e-06
-1.50029e-06
1.00477e-06
3.38058e-06
-3.73289e-06
7.0857e-06
-3.31927e-06
-9.81438e-06
-9.25611e-06
-8.72201e-06
-8.21112e-06
-7.72267e-06
-7.25598e-06
-6.81033e-06
-6.38501e-06
-5.97934e-06
-5.59264e-06
-5.22427e-06
-4.87357e-06
-4.53994e-06
-4.22276e-06
-3.92145e-06
-3.63541e-06
-3.36408e-06
-3.10692e-06
-2.86339e-06
-2.63296e-06
-2.41513e-06
-2.20942e-06
-2.01534e-06
-1.83243e-06
-1.66022e-06
-1.49828e-06
-1.34616e-06
-1.20343e-06
-1.06969e-06
-9.44523e-07
-8.27538e-07
-7.18332e-07
-6.16534e-07
-5.21744e-07
-4.33642e-07
-3.51838e-07
-2.76034e-07
-2.05867e-07
-1.41024e-07
-8.11863e-08
-2.60237e-08
2.47318e-08
7.14081e-08
1.14249e-07
1.53567e-07
1.89606e-07
2.22709e-07
2.52909e-07
2.81235e-07
3.05728e-07
3.32556e-07
3.47197e-07
3.85211e-07
3.66136e-07
4.6784e-07
3.15924e-07
6.68495e-07
6.24993e-08
1.18961e-06
-6.40661e-07
2.28463e-06
-1.909e-06
3.75071e-06
-2.93881e-06
4.05277e-06
-1.52748e-06
1.02723e-06
3.35454e-06
-3.74411e-06
7.10135e-06
-3.37281e-06
-9.19784e-06
-8.66931e-06
-8.16386e-06
-7.68061e-06
-7.21884e-06
-6.77788e-06
-6.35702e-06
-5.95559e-06
-5.57292e-06
-5.20836e-06
-4.86129e-06
-4.53107e-06
-4.21711e-06
-3.91881e-06
-3.63559e-06
-3.36689e-06
-3.11215e-06
-2.87085e-06
-2.64245e-06
-2.42646e-06
-2.22239e-06
-2.02977e-06
-1.84813e-06
-1.67702e-06
-1.516e-06
-1.36464e-06
-1.22252e-06
-1.08923e-06
-9.64367e-07
-8.47559e-07
-7.3842e-07
-6.36568e-07
-5.41655e-07
-4.53298e-07
-3.71199e-07
-2.94985e-07
-2.24379e-07
-1.59034e-07
-9.86571e-08
-4.29506e-08
8.39924e-09
5.56384e-08
9.90796e-08
1.38946e-07
1.75534e-07
2.09071e-07
2.39875e-07
2.67989e-07
2.94352e-07
3.17168e-07
3.42164e-07
3.55779e-07
3.91382e-07
3.73175e-07
4.69368e-07
3.245e-07
6.61308e-07
7.90215e-08
1.16626e-06
-6.08794e-07
2.24181e-06
-1.86734e-06
3.70767e-06
-2.9204e-06
4.04767e-06
-1.55646e-06
1.05002e-06
3.3293e-06
-3.76118e-06
7.1236e-06
-3.44239e-06
-8.562e-06
-8.06429e-06
-7.58851e-06
-7.13389e-06
-6.69973e-06
-6.28536e-06
-5.89014e-06
-5.5134e-06
-5.15451e-06
-4.81282e-06
-4.48774e-06
-4.17865e-06
-3.88498e-06
-3.60615e-06
-3.34159e-06
-3.09075e-06
-2.85311e-06
-2.62814e-06
-2.41533e-06
-2.21421e-06
-2.0243e-06
-1.84515e-06
-1.67631e-06
-1.51735e-06
-1.36783e-06
-1.22736e-06
-1.09551e-06
-9.71917e-07
-8.56192e-07
-7.47972e-07
-6.46896e-07
-5.52601e-07
-4.64761e-07
-3.83014e-07
-3.07081e-07
-2.3661e-07
-1.71341e-07
-1.1095e-07
-5.51592e-08
-3.69492e-09
4.37395e-08
8.7368e-08
1.27487e-07
1.64298e-07
1.98083e-07
2.29051e-07
2.57494e-07
2.83466e-07
3.07815e-07
3.28906e-07
3.52026e-07
3.64579e-07
3.97717e-07
3.8038e-07
4.70938e-07
3.33279e-07
6.53895e-07
9.60321e-08
1.14208e-06
-5.75752e-07
2.1972e-06
-1.82391e-06
3.66268e-06
-2.90131e-06
4.04248e-06
-1.58703e-06
1.07313e-06
3.30459e-06
-3.78366e-06
7.15178e-06
-3.5269e-06
-7.90658e-06
-7.44077e-06
-6.99571e-06
-6.5707e-06
-6.16508e-06
-5.77823e-06
-5.4095e-06
-5.05827e-06
-4.72392e-06
-4.40585e-06
-4.10346e-06
-3.81618e-06
-3.54343e-06
-3.28466e-06
-3.03933e-06
-2.8069e-06
-2.58686e-06
-2.37871e-06
-2.18195e-06
-1.99613e-06
-1.82079e-06
-1.6555e-06
-1.49982e-06
-1.35334e-06
-1.21565e-06
-1.08637e-06
-9.65093e-07
-8.51466e-07
-7.45126e-07
-6.45729e-07
-5.52936e-07
-4.66403e-07
-3.85829e-07
-3.1087e-07
-2.41269e-07
-1.76694e-07
-1.16906e-07
-6.15991e-08
-1.05174e-08
3.65921e-08
8.00073e-08
1.19929e-07
1.56639e-07
1.90314e-07
2.21221e-07
2.49553e-07
2.75574e-07
2.99346e-07
3.21628e-07
3.40944e-07
3.62144e-07
3.73595e-07
4.04224e-07
3.8774e-07
4.72572e-07
3.42229e-07
6.46304e-07
1.13467e-07
1.11711e-06
-5.4159e-07
2.15081e-06
-1.77861e-06
3.61555e-06
-2.88123e-06
4.03689e-06
-1.61902e-06
1.09655e-06
3.28015e-06
-3.81112e-06
7.18518e-06
-3.62485e-06
-7.23132e-06
-6.7985e-06
-6.38521e-06
-5.99082e-06
-5.61471e-06
-5.25628e-06
-4.91492e-06
-4.59002e-06
-4.28101e-06
-3.9873e-06
-3.70831e-06
-3.4435e-06
-3.19232e-06
-2.95422e-06
-2.7287e-06
-2.51523e-06
-2.31331e-06
-2.12247e-06
-1.94223e-06
-1.77215e-06
-1.6118e-06
-1.46075e-06
-1.3186e-06
-1.18497e-06
-1.05943e-06
-9.41647e-07
-8.31227e-07
-7.27838e-07
-6.31138e-07
-5.40802e-07
-4.56515e-07
-3.77953e-07
-3.04838e-07
-2.36847e-07
-1.73746e-07
-1.15223e-07
-6.10587e-08
-1.09704e-08
3.52793e-08
7.79204e-08
1.17211e-07
1.5333e-07
1.86541e-07
2.16999e-07
2.44955e-07
2.70581e-07
2.94116e-07
3.1563e-07
3.35795e-07
3.53286e-07
3.72523e-07
3.82825e-07
4.10909e-07
3.95244e-07
4.74288e-07
3.51315e-07
6.38583e-07
1.31257e-07
1.09143e-06
-5.06372e-07
2.10263e-06
-1.73138e-06
3.56603e-06
-2.85988e-06
4.03053e-06
-1.65223e-06
1.12025e-06
3.25567e-06
-3.84301e-06
7.22294e-06
-3.7343e-06
-6.53599e-06
-6.13728e-06
-5.75682e-06
-5.39406e-06
-5.04842e-06
-4.71933e-06
-4.40621e-06
-4.1085e-06
-3.82562e-06
-3.55702e-06
-3.30217e-06
-3.06052e-06
-2.83155e-06
-2.61475e-06
-2.40962e-06
-2.21566e-06
-2.03239e-06
-1.85935e-06
-1.6961e-06
-1.54221e-06
-1.39726e-06
-1.26086e-06
-1.13262e-06
-1.01217e-06
-8.99129e-07
-7.9315e-07
-6.93882e-07
-6.01005e-07
-5.14202e-07
-4.33168e-07
-3.57611e-07
-2.87229e-07
-2.21769e-07
-1.60928e-07
-1.04497e-07
-5.21831e-08
-3.78828e-09
4.09471e-08
8.22404e-08
1.20298e-07
1.55359e-07
1.87578e-07
2.172e-07
2.44359e-07
2.69287e-07
2.92139e-07
3.13125e-07
3.32323e-07
3.50316e-07
3.65931e-07
3.83164e-07
3.92267e-07
4.17779e-07
4.02882e-07
4.76107e-07
3.60504e-07
6.30783e-07
1.4933e-07
1.06513e-06
-4.70169e-07
2.05268e-06
-1.68213e-06
3.51389e-06
-2.83693e-06
4.02304e-06
-1.68644e-06
1.14421e-06
3.23082e-06
-3.87865e-06
7.26403e-06
-3.85292e-06
-5.82041e-06
-5.45692e-06
-5.11036e-06
-4.78025e-06
-4.46606e-06
-4.16725e-06
-3.88326e-06
-3.61357e-06
-3.35763e-06
-3.11492e-06
-2.88492e-06
-2.66712e-06
-2.46103e-06
-2.26615e-06
-2.082e-06
-1.90811e-06
-1.74402e-06
-1.5893e-06
-1.44351e-06
-1.30625e-06
-1.17714e-06
-1.05579e-06
-9.41833e-07
-8.34927e-07
-7.34707e-07
-6.40852e-07
-5.5303e-07
-4.70943e-07
-3.94296e-07
-3.22806e-07
-2.56206e-07
-1.94216e-07
-1.36608e-07
-8.31019e-08
-3.35104e-08
1.24361e-08
5.49147e-08
9.41616e-08
1.30373e-07
1.63732e-07
1.94455e-07
2.22676e-07
2.48619e-07
2.72396e-07
2.94221e-07
3.14229e-07
3.32604e-07
3.49425e-07
3.65195e-07
3.78881e-07
3.9407e-07
4.01921e-07
4.24839e-07
4.10643e-07
4.78047e-07
3.6976e-07
6.22953e-07
1.67608e-07
1.03827e-06
-4.3307e-07
2.00096e-06
-1.63079e-06
3.45891e-06
-2.81203e-06
4.01398e-06
-1.72138e-06
1.16838e-06
3.20523e-06
-3.9173e-06
7.30724e-06
-3.97806e-06
-5.08445e-06
-4.7573e-06
-4.44571e-06
-4.14928e-06
-3.86752e-06
-3.59991e-06
-3.34596e-06
-3.10513e-06
-2.87694e-06
-2.66089e-06
-2.45648e-06
-2.26323e-06
-2.08068e-06
-1.90835e-06
-1.74578e-06
-1.59253e-06
-1.44816e-06
-1.31225e-06
-1.18441e-06
-1.06424e-06
-9.51389e-07
-8.45494e-07
-7.46207e-07
-6.53204e-07
-5.66145e-07
-4.84731e-07
-4.08651e-07
-3.37633e-07
-2.71403e-07
-2.09701e-07
-1.52287e-07
-9.89024e-08
-4.93455e-08
-3.35846e-09
3.92218e-08
7.86417e-08
1.15057e-07
1.48679e-07
1.79683e-07
2.08226e-07
2.34505e-07
2.58629e-07
2.80803e-07
3.01115e-07
3.1976e-07
3.36854e-07
3.52553e-07
3.66938e-07
3.80433e-07
3.92135e-07
4.05242e-07
4.11782e-07
4.32094e-07
4.18515e-07
4.80128e-07
3.79048e-07
6.15148e-07
1.86009e-07
1.01097e-06
-3.95177e-07
1.94754e-06
-1.57733e-06
3.40086e-06
-2.78484e-06
4.00291e-06
-1.75675e-06
1.19268e-06
3.1785e-06
-3.9581e-06
7.35123e-06
-4.10684e-06
-4.32803e-06
-4.03832e-06
-3.76279e-06
-3.50106e-06
-3.25271e-06
-3.01725e-06
-2.79421e-06
-2.58312e-06
-2.38349e-06
-2.19487e-06
-2.0168e-06
-1.84881e-06
-1.69046e-06
-1.54131e-06
-1.40092e-06
-1.26888e-06
-1.14477e-06
-1.02819e-06
-9.18775e-07
-8.16158e-07
-7.19995e-07
-6.29961e-07
-5.45725e-07
-4.66986e-07
-3.93428e-07
-3.24772e-07
-2.60735e-07
-2.01064e-07
-1.45514e-07
-9.38465e-08
-4.58477e-08
-1.28215e-09
4.00245e-08
7.83068e-08
1.13704e-07
1.46437e-07
1.76641e-07
2.04502e-07
2.30171e-07
2.53783e-07
2.7551e-07
2.95437e-07
3.13751e-07
3.30515e-07
3.45905e-07
3.60014e-07
3.72973e-07
3.84863e-07
3.9603e-07
4.05694e-07
4.16681e-07
4.21849e-07
4.39549e-07
4.26488e-07
4.82366e-07
3.88331e-07
6.07422e-07
2.04447e-07
9.83319e-07
-3.56606e-07
1.89248e-06
-1.52172e-06
3.33954e-06
-2.755e-06
3.98936e-06
-1.79221e-06
1.21701e-06
3.15023e-06
-4.00013e-06
7.39453e-06
-4.23624e-06
-3.55111e-06
-3.29996e-06
-3.06155e-06
-2.83555e-06
-2.62159e-06
-2.41922e-06
-2.228e-06
-2.04749e-06
-1.87725e-06
-1.71684e-06
-1.56583e-06
-1.42381e-06
-1.29033e-06
-1.165e-06
-1.0474e-06
-9.37142e-07
-8.33829e-07
-7.37097e-07
-6.46593e-07
-5.61984e-07
-4.82947e-07
-4.09182e-07
-3.40381e-07
-2.76267e-07
-2.16549e-07
-1.60971e-07
-1.09275e-07
-6.12342e-08
-1.66266e-08
2.476e-08
6.31138e-08
9.86454e-08
1.31502e-07
1.61894e-07
1.89935e-07
2.15823e-07
2.39668e-07
2.6163e-07
2.81838e-07
3.00401e-07
3.17468e-07
3.33101e-07
3.47463e-07
3.60596e-07
3.72654e-07
3.83709e-07
3.93864e-07
4.03198e-07
4.11984e-07
4.19556e-07
4.28387e-07
4.32119e-07
4.47206e-07
4.34552e-07
4.84778e-07
3.97576e-07
5.99827e-07
2.22832e-07
9.55434e-07
-3.17492e-07
1.83586e-06
-1.46396e-06
3.27477e-06
-2.72218e-06
3.97283e-06
-1.82738e-06
1.24124e-06
3.12003e-06
-4.04243e-06
7.43555e-06
-4.36317e-06
-2.75374e-06
-2.54224e-06
-2.34201e-06
-2.15276e-06
-1.97417e-06
-1.80583e-06
-1.64732e-06
-1.49825e-06
-1.35821e-06
-1.22679e-06
-1.1036e-06
-9.88235e-07
-8.80308e-07
-7.79432e-07
-6.85226e-07
-5.97317e-07
-5.15348e-07
-4.38973e-07
-3.67869e-07
-3.01727e-07
-2.4025e-07
-1.83162e-07
-1.30182e-07
-8.10547e-08
-3.55166e-08
6.665e-09
4.57194e-08
8.18505e-08
1.15252e-07
1.46112e-07
1.74591e-07
2.00874e-07
2.25081e-07
2.47398e-07
2.67911e-07
2.86793e-07
3.04132e-07
3.20058e-07
3.34679e-07
3.48077e-07
3.60377e-07
3.71616e-07
3.81937e-07
3.91355e-07
4.00005e-07
4.07936e-07
4.15224e-07
4.21941e-07
4.28296e-07
4.33719e-07
4.40359e-07
4.42588e-07
4.55067e-07
4.42697e-07
4.87378e-07
4.06748e-07
5.92418e-07
2.41074e-07
9.27433e-07
-2.77982e-07
1.77781e-06
-1.4041e-06
3.20639e-06
-2.68604e-06
3.95281e-06
-1.86185e-06
1.26519e-06
3.08751e-06
-4.08397e-06
7.47258e-06
-4.48456e-06
-1.93601e-06
-1.76527e-06
-1.60427e-06
-1.45278e-06
-1.31053e-06
-1.17713e-06
-1.05223e-06
-9.35451e-07
-8.26421e-07
-7.24768e-07
-6.30125e-07
-5.42128e-07
-4.60416e-07
-3.8463e-07
-3.14419e-07
-2.49436e-07
-1.89352e-07
-1.33849e-07
-8.26297e-08
-3.54128e-08
8.07214e-09
4.80757e-08
8.4852e-08
1.18632e-07
1.49652e-07
1.78118e-07
2.04233e-07
2.28174e-07
2.50107e-07
2.70195e-07
2.8857e-07
3.05392e-07
3.20751e-07
3.34806e-07
3.47621e-07
3.59339e-07
3.70024e-07
3.79779e-07
3.88687e-07
3.96804e-07
4.04229e-07
4.10978e-07
4.17167e-07
4.22788e-07
4.27954e-07
4.32691e-07
4.37049e-07
4.4109e-07
4.4496e-07
4.4818e-07
4.52594e-07
4.53253e-07
4.63134e-07
4.50914e-07
4.90181e-07
4.15814e-07
5.85245e-07
2.5908e-07
8.99441e-07
-2.38241e-07
1.71847e-06
-1.34221e-06
3.13427e-06
-2.64626e-06
3.92878e-06
-1.89516e-06
1.28862e-06
3.05229e-06
-4.12374e-06
7.50383e-06
-4.59739e-06
-1.09812e-06
-9.69189e-07
-8.48461e-07
-7.35728e-07
-6.30771e-07
-5.33251e-07
-4.42832e-07
-3.59183e-07
-2.81967e-07
-2.10847e-07
-1.45487e-07
-8.55563e-08
-3.07231e-08
1.93405e-08
6.49578e-08
1.06446e-07
1.44107e-07
1.78228e-07
2.0908e-07
2.36916e-07
2.61979e-07
2.84492e-07
3.04684e-07
3.22758e-07
3.38923e-07
3.53358e-07
3.66236e-07
3.77708e-07
3.87913e-07
3.96985e-07
4.05029e-07
4.12177e-07
4.18491e-07
4.24102e-07
4.29049e-07
4.33445e-07
4.37331e-07
4.4078e-07
4.43851e-07
4.46571e-07
4.49017e-07
4.51177e-07
4.53145e-07
4.54887e-07
4.56495e-07
4.57969e-07
4.59333e-07
4.60639e-07
4.61974e-07
4.62935e-07
4.6509e-07
4.6411e-07
4.71406e-07
4.59194e-07
4.93196e-07
4.24746e-07
5.78358e-07
2.76759e-07
8.71587e-07
-1.98446e-07
1.65799e-06
-1.2784e-06
3.05836e-06
-2.60256e-06
3.90023e-06
-1.92682e-06
1.31127e-06
3.01403e-06
-4.16069e-06
7.52745e-06
-4.69878e-06
-2.40303e-07
-1.54245e-07
-7.48038e-08
-1.809e-09
6.49108e-08
1.25655e-07
1.80723e-07
2.30411e-07
2.75017e-07
3.14845e-07
3.50196e-07
3.8137e-07
4.08667e-07
4.32384e-07
4.52814e-07
4.70246e-07
4.84949e-07
4.97184e-07
5.0719e-07
5.15193e-07
5.21407e-07
5.2603e-07
5.29259e-07
5.31273e-07
5.32249e-07
5.32339e-07
5.31686e-07
5.30415e-07
5.28633e-07
5.2645e-07
5.23937e-07
5.21201e-07
5.18275e-07
5.15261e-07
5.12172e-07
5.09091e-07
5.06033e-07
5.03043e-07
5.00153e-07
4.97364e-07
4.94726e-07
4.92201e-07
4.8986e-07
4.87644e-07
4.85619e-07
4.83762e-07
4.8207e-07
4.80583e-07
4.79332e-07
4.7798e-07
4.77843e-07
4.75156e-07
4.79881e-07
4.6753e-07
4.96432e-07
4.33515e-07
5.71802e-07
2.94022e-07
8.44004e-07
-1.58786e-07
1.59659e-06
-1.21284e-06
2.97861e-06
-2.55469e-06
3.86664e-06
-1.95633e-06
1.3328e-06
2.97246e-06
-4.19383e-06
7.54152e-06
-4.78598e-06
6.37078e-07
6.79243e-07
7.16407e-07
7.48708e-07
7.7627e-07
7.99352e-07
8.1822e-07
8.3313e-07
8.44345e-07
8.52133e-07
8.56763e-07
8.585e-07
8.57613e-07
8.54368e-07
8.49028e-07
8.41847e-07
8.33067e-07
8.22916e-07
8.11605e-07
7.99329e-07
7.86274e-07
7.7261e-07
7.58504e-07
7.44107e-07
7.29565e-07
7.15002e-07
7.00529e-07
6.86242e-07
6.72221e-07
6.58543e-07
6.45253e-07
6.32426e-07
6.20068e-07
6.08251e-07
5.96961e-07
5.86249e-07
5.76107e-07
5.66547e-07
5.57575e-07
5.49165e-07
5.4134e-07
5.34037e-07
5.27301e-07
5.21046e-07
5.15315e-07
5.10061e-07
5.05252e-07
5.00914e-07
4.97027e-07
4.93309e-07
4.90847e-07
4.86383e-07
4.88557e-07
4.75913e-07
4.99896e-07
4.42095e-07
5.6562e-07
3.1078e-07
8.16824e-07
-1.19461e-07
1.53448e-06
-1.14571e-06
2.89507e-06
-2.50247e-06
3.82752e-06
-1.98316e-06
1.35281e-06
2.92732e-06
-4.2222e-06
7.54412e-06
-4.85646e-06
1.53359e-06
1.53087e-06
1.5248e-06
1.51548e-06
1.50298e-06
1.48754e-06
1.46938e-06
1.44871e-06
1.42577e-06
1.40079e-06
1.374e-06
1.34564e-06
1.31593e-06
1.28512e-06
1.25344e-06
1.2211e-06
1.18832e-06
1.15529e-06
1.1222e-06
1.08921e-06
1.05647e-06
1.02413e-06
9.92324e-07
9.61173e-07
9.3079e-07
9.0127e-07
8.72693e-07
8.45125e-07
8.18614e-07
7.93209e-07
7.68924e-07
7.45805e-07
7.23826e-07
7.03032e-07
6.83378e-07
6.64887e-07
6.47521e-07
6.31262e-07
6.1609e-07
6.0195e-07
5.88838e-07
5.76665e-07
5.65448e-07
5.55078e-07
5.4557e-07
5.36853e-07
5.28867e-07
5.21621e-07
5.15051e-07
5.08914e-07
5.04096e-07
4.97789e-07
4.97429e-07
4.84338e-07
5.0359e-07
4.50466e-07
5.59848e-07
3.26952e-07
7.90179e-07
-8.06785e-08
1.47191e-06
-1.07726e-06
2.80782e-06
-2.44576e-06
3.78243e-06
-2.00676e-06
1.37086e-06
2.87848e-06
-4.24493e-06
7.53335e-06
-4.90791e-06
2.44868e-06
2.40013e-06
2.3499e-06
2.29806e-06
2.24465e-06
2.18985e-06
2.13385e-06
2.07684e-06
2.01901e-06
1.96054e-06
1.90166e-06
1.84254e-06
1.7834e-06
1.72444e-06
1.66585e-06
1.60782e-06
1.55053e-06
1.49415e-06
1.43882e-06
1.38469e-06
1.33186e-06
1.28047e-06
1.2306e-06
1.18236e-06
1.13582e-06
1.09105e-06
1.04809e-06
1.00698e-06
9.67739e-07
9.3038e-07
8.94887e-07
8.61278e-07
8.29496e-07
7.99554e-07
7.7138e-07
7.44962e-07
7.20238e-07
6.97156e-07
6.75668e-07
6.55692e-07
6.37195e-07
6.20063e-07
6.04283e-07
5.89723e-07
5.76368e-07
5.64125e-07
5.52903e-07
5.42695e-07
5.33393e-07
5.24787e-07
5.17582e-07
5.09365e-07
5.06491e-07
4.92799e-07
5.07515e-07
4.58609e-07
5.54517e-07
3.42462e-07
7.64197e-07
-4.26499e-08
1.40914e-06
-1.00778e-06
2.71703e-06
-2.3845e-06
3.73097e-06
-2.0266e-06
1.38646e-06
2.82585e-06
-4.26126e-06
7.50734e-06
-4.9383e-06
3.38172e-06
3.28644e-06
3.19117e-06
3.09595e-06
3.0008e-06
2.90584e-06
2.81123e-06
2.71712e-06
2.62368e-06
2.53105e-06
2.4394e-06
2.34891e-06
2.25973e-06
2.17205e-06
2.086e-06
2.00177e-06
1.91949e-06
1.83929e-06
1.76129e-06
1.68559e-06
1.61229e-06
1.54147e-06
1.4732e-06
1.40754e-06
1.34454e-06
1.28423e-06
1.22662e-06
1.17172e-06
1.11951e-06
1.06997e-06
1.02307e-06
9.78776e-07
9.37013e-07
8.97759e-07
8.60912e-07
8.26428e-07
7.94213e-07
7.64187e-07
7.36273e-07
7.10359e-07
6.86383e-07
6.64204e-07
6.43782e-07
6.24958e-07
6.0769e-07
5.91858e-07
5.77344e-07
5.64122e-07
5.52042e-07
5.40917e-07
5.31296e-07
5.21105e-07
5.15736e-07
5.01289e-07
5.11669e-07
4.66509e-07
5.49652e-07
3.57242e-07
7.38998e-07
-5.58678e-09
1.34646e-06
-9.37609e-07
2.62293e-06
-2.31873e-06
3.67281e-06
-2.04217e-06
1.39904e-06
2.76944e-06
-4.27055e-06
7.4643e-06
-4.94587e-06
4.33194e-06
4.18908e-06
4.04793e-06
3.90853e-06
3.77084e-06
3.63496e-06
3.501e-06
3.36909e-06
3.23935e-06
3.1119e-06
2.98687e-06
2.86439e-06
2.7446e-06
2.62764e-06
2.51362e-06
2.40269e-06
2.29494e-06
2.19047e-06
2.08937e-06
1.99172e-06
1.89756e-06
1.80696e-06
1.71995e-06
1.63656e-06
1.55681e-06
1.48068e-06
1.40816e-06
1.33922e-06
1.27381e-06
1.21189e-06
1.15337e-06
1.09822e-06
1.0463e-06
9.97579e-07
9.51912e-07
9.09225e-07
8.69396e-07
8.32309e-07
7.97862e-07
7.6591e-07
7.36365e-07
7.09057e-07
6.83917e-07
6.60759e-07
6.39513e-07
6.20034e-07
6.02174e-07
5.85885e-07
5.70984e-07
5.57295e-07
5.45227e-07
5.33002e-07
5.25155e-07
5.09803e-07
5.16047e-07
4.74156e-07
5.4527e-07
3.71233e-07
7.14694e-07
3.0303e-08
1.28418e-06
-8.67108e-07
2.52582e-06
-2.24855e-06
3.6077e-06
-2.05299e-06
1.40803e-06
2.70937e-06
-4.27234e-06
7.40257e-06
-4.92918e-06
5.29847e-06
5.10723e-06
4.91943e-06
4.73509e-06
4.55412e-06
4.37659e-06
4.20259e-06
4.03221e-06
3.86551e-06
3.70261e-06
3.54359e-06
3.38856e-06
3.23761e-06
3.09085e-06
2.94836e-06
2.81025e-06
2.67658e-06
2.54742e-06
2.42282e-06
2.30282e-06
2.18746e-06
2.07673e-06
1.97067e-06
1.86924e-06
1.77245e-06
1.68023e-06
1.59255e-06
1.50935e-06
1.43053e-06
1.35602e-06
1.2857e-06
1.21951e-06
1.15728e-06
1.09893e-06
1.04431e-06
9.93288e-07
9.45724e-07
9.01468e-07
8.60385e-07
8.22303e-07
7.87103e-07
7.54587e-07
7.24655e-07
6.97098e-07
6.71811e-07
6.48628e-07
6.27371e-07
6.07969e-07
5.90204e-07
5.73905e-07
5.59363e-07
5.45045e-07
5.34739e-07
5.18338e-07
5.2064e-07
4.81541e-07
5.41383e-07
3.84385e-07
6.91387e-07
6.48199e-08
1.22258e-06
-7.96685e-07
2.42609e-06
-2.1742e-06
3.5355e-06
-2.05864e-06
1.41282e-06
2.64586e-06
-4.26636e-06
7.32063e-06
-4.88713e-06
6.28031e-06
6.03996e-06
5.80479e-06
5.5748e-06
5.34987e-06
5.13003e-06
4.91533e-06
4.70583e-06
4.50158e-06
4.30264e-06
4.10907e-06
3.92094e-06
3.73831e-06
3.56126e-06
3.38983e-06
3.22409e-06
3.06408e-06
2.90982e-06
2.76134e-06
2.61864e-06
2.48171e-06
2.35055e-06
2.22511e-06
2.10537e-06
1.99127e-06
1.88272e-06
1.77965e-06
1.68195e-06
1.58952e-06
1.50223e-06
1.41994e-06
1.34254e-06
1.26984e-06
1.20173e-06
1.13802e-06
1.07854e-06
1.02313e-06
9.716e-07
9.23786e-07
8.79486e-07
8.3855e-07
8.00752e-07
7.65961e-07
7.33941e-07
7.04557e-07
6.77616e-07
6.52913e-07
6.30351e-07
6.09683e-07
5.90733e-07
5.73689e-07
5.57226e-07
5.44474e-07
5.26887e-07
5.25438e-07
4.88662e-07
5.37994e-07
3.96661e-07
6.69162e-07
9.77768e-08
1.16199e-06
-7.26767e-07
2.32416e-06
-2.09598e-06
3.45617e-06
-2.05877e-06
1.41278e-06
2.57923e-06
-4.25256e-06
7.2172e-06
-4.81901e-06
7.2763e-06
6.9862e-06
6.70301e-06
6.42674e-06
6.15721e-06
5.89443e-06
5.63844e-06
5.38925e-06
5.14688e-06
4.91135e-06
4.68271e-06
4.46098e-06
4.24619e-06
4.03839e-06
3.83758e-06
3.6438e-06
3.45704e-06
3.2773e-06
3.10458e-06
2.93883e-06
2.78003e-06
2.62812e-06
2.48304e-06
2.34472e-06
2.21306e-06
2.08794e-06
1.96926e-06
1.85687e-06
1.75062e-06
1.65037e-06
1.55594e-06
1.46718e-06
1.38388e-06
1.30587e-06
1.23294e-06
1.1649e-06
1.10153e-06
1.04263e-06
9.88001e-07
9.37402e-07
8.90654e-07
8.47505e-07
8.07791e-07
7.71251e-07
7.37715e-07
7.06968e-07
6.78773e-07
6.5301e-07
6.29401e-07
6.07762e-07
5.88191e-07
5.69531e-07
5.54349e-07
5.35446e-07
5.30429e-07
4.95518e-07
5.35099e-07
4.08033e-07
6.4809e-07
1.29004e-07
1.10269e-06
-6.57802e-07
2.22056e-06
-2.01431e-06
3.3698e-06
-2.05312e-06
1.40731e-06
2.50991e-06
-4.23111e-06
7.09119e-06
-4.72446e-06
8.28519e-06
7.94474e-06
7.61297e-06
7.28983e-06
6.97515e-06
6.66889e-06
6.37106e-06
6.08165e-06
5.80064e-06
5.52804e-06
5.26385e-06
5.00806e-06
4.76067e-06
4.52169e-06
4.2911e-06
4.06889e-06
3.85502e-06
3.64946e-06
3.45216e-06
3.26306e-06
3.08208e-06
2.90915e-06
2.74417e-06
2.58701e-06
2.43756e-06
2.29566e-06
2.16116e-06
2.03389e-06
1.91366e-06
1.80029e-06
1.69357e-06
1.59331e-06
1.49926e-06
1.41123e-06
1.32898e-06
1.25226e-06
1.18085e-06
1.11449e-06
1.05296e-06
9.95985e-07
9.43358e-07
8.94795e-07
8.501e-07
8.08985e-07
7.71248e-07
7.3665e-07
7.04922e-07
6.75919e-07
6.49337e-07
6.24973e-07
6.02851e-07
5.81949e-07
5.64349e-07
5.44009e-07
5.35596e-07
5.02112e-07
5.32688e-07
4.18488e-07
6.28227e-07
1.58353e-07
1.04498e-06
-5.90244e-07
2.11582e-06
-1.92971e-06
3.2766e-06
-2.04155e-06
1.39582e-06
2.43839e-06
-4.20245e-06
6.94182e-06
-4.60352e-06
9.30554e-06
8.91426e-06
8.5334e-06
8.16291e-06
7.80258e-06
7.45235e-06
7.11221e-06
6.78211e-06
6.46202e-06
6.15191e-06
5.85173e-06
5.56147e-06
5.28109e-06
5.01055e-06
4.74981e-06
4.49882e-06
4.25751e-06
4.02581e-06
3.80364e-06
3.5909e-06
3.38749e-06
3.19329e-06
3.00816e-06
2.83195e-06
2.6645e-06
2.50563e-06
2.35513e-06
2.2128e-06
2.07843e-06
1.95179e-06
1.83264e-06
1.72075e-06
1.61584e-06
1.51769e-06
1.426e-06
1.34053e-06
1.26098e-06
1.18708e-06
1.11858e-06
1.05516e-06
9.96595e-07
9.42562e-07
8.92834e-07
8.47097e-07
8.05115e-07
7.66624e-07
7.31328e-07
6.9905e-07
6.69464e-07
6.42344e-07
6.1765e-07
5.94466e-07
5.74457e-07
5.52571e-07
5.40923e-07
5.08449e-07
5.30743e-07
4.28023e-07
6.09607e-07
1.857e-07
9.8911e-07
-5.2454e-07
2.01055e-06
-1.84279e-06
3.17692e-06
-2.02403e-06
1.37778e-06
2.36529e-06
-4.16727e-06
6.7686e-06
-4.45663e-06
1.03358e-05
9.89327e-06
9.46292e-06
9.04465e-06
8.63826e-06
8.24366e-06
7.8608e-06
7.48962e-06
7.13006e-06
6.78205e-06
6.44552e-06
6.12043e-06
5.80671e-06
5.50428e-06
5.21307e-06
4.93299e-06
4.66395e-06
4.40583e-06
4.15853e-06
3.92191e-06
3.69583e-06
3.48014e-06
3.27465e-06
3.0792e-06
2.89357e-06
2.71754e-06
2.55088e-06
2.39336e-06
2.2447e-06
2.10466e-06
1.97296e-06
1.84933e-06
1.73346e-06
1.62509e-06
1.52389e-06
1.42956e-06
1.34181e-06
1.26031e-06
1.18477e-06
1.11485e-06
1.05029e-06
9.9074e-07
9.35934e-07
8.85533e-07
8.39268e-07
7.9685e-07
7.57953e-07
7.22371e-07
6.89754e-07
6.59852e-07
6.32566e-07
6.07063e-07
5.84657e-07
5.61124e-07
5.46391e-07
5.14536e-07
5.29241e-07
4.36646e-07
5.92248e-07
2.10949e-07
9.35332e-07
-4.61123e-07
1.90536e-06
-1.7542e-06
3.07124e-06
-2.00066e-06
1.35273e-06
2.29127e-06
-4.12651e-06
6.57139e-06
-4.28463e-06
1.13742e-05
1.08801e-05
1.04e-05
9.93362e-06
9.48085e-06
9.04154e-06
8.61564e-06
8.20305e-06
7.80369e-06
7.41746e-06
7.04428e-06
6.68406e-06
6.3367e-06
6.0021e-06
5.68015e-06
5.37073e-06
5.07371e-06
4.78895e-06
4.5163e-06
4.25558e-06
4.00663e-06
3.76926e-06
3.54325e-06
3.32838e-06
3.12441e-06
2.93109e-06
2.74814e-06
2.57528e-06
2.41222e-06
2.25868e-06
2.11432e-06
1.97886e-06
1.85195e-06
1.73327e-06
1.62248e-06
1.51925e-06
1.42322e-06
1.33406e-06
1.25143e-06
1.17497e-06
1.10437e-06
1.03926e-06
9.79334e-07
9.24236e-07
8.73656e-07
8.27282e-07
7.84758e-07
7.45847e-07
7.10178e-07
6.7747e-07
6.47576e-07
6.19725e-07
5.94929e-07
5.69661e-07
5.5198e-07
5.20382e-07
5.28154e-07
4.44377e-07
5.76149e-07
2.34034e-07
8.83844e-07
-4.00397e-07
1.80088e-06
-1.6647e-06
2.96015e-06
-1.97169e-06
1.32031e-06
2.21701e-06
-4.08136e-06
6.35039e-06
-4.08874e-06
1.24188e-05
1.18731e-05
1.13429e-05
1.08282e-05
1.03288e-05
9.84457e-06
9.37538e-06
8.92113e-06
8.48173e-06
8.05704e-06
7.64697e-06
7.25138e-06
6.87016e-06
6.50317e-06
6.15027e-06
5.8113e-06
5.48611e-06
5.17451e-06
4.87633e-06
4.59135e-06
4.31938e-06
4.06017e-06
3.81349e-06
3.57908e-06
3.35665e-06
3.14591e-06
2.94655e-06
2.75827e-06
2.58072e-06
2.41358e-06
2.2565e-06
2.10913e-06
1.9711e-06
1.84206e-06
1.72163e-06
1.60942e-06
1.50508e-06
1.40821e-06
1.31845e-06
1.23541e-06
1.15873e-06
1.08803e-06
1.02296e-06
9.63141e-07
9.08221e-07
8.57869e-07
8.11697e-07
7.69439e-07
7.307e-07
6.95169e-07
6.62655e-07
6.3243e-07
6.05254e-07
5.78174e-07
5.57668e-07
5.25998e-07
5.2745e-07
4.51246e-07
5.6129e-07
2.54921e-07
8.34815e-07
-3.42727e-07
1.69772e-06
-1.57505e-06
2.84436e-06
-1.93748e-06
1.28025e-06
2.14325e-06
-4.03324e-06
6.10616e-06
-3.87056e-06
1.34676e-05
1.28701e-05
1.22898e-05
1.17267e-05
1.11805e-05
1.06512e-05
1.01385e-05
9.64249e-06
9.16288e-06
8.69958e-06
8.25244e-06
7.82133e-06
7.40608e-06
7.00654e-06
6.62254e-06
6.25388e-06
5.90037e-06
5.5618e-06
5.23796e-06
4.9286e-06
4.63348e-06
4.35234e-06
4.08489e-06
3.83083e-06
3.58985e-06
3.36161e-06
3.14577e-06
2.94199e-06
2.74988e-06
2.56909e-06
2.39922e-06
2.2399e-06
2.09071e-06
1.95126e-06
1.82113e-06
1.69993e-06
1.58723e-06
1.48262e-06
1.38571e-06
1.29606e-06
1.21329e-06
1.13697e-06
1.06674e-06
1.00218e-06
9.42902e-07
8.88555e-07
8.38723e-07
7.93104e-07
7.51284e-07
7.12918e-07
6.77774e-07
6.45157e-07
6.1561e-07
5.86652e-07
5.63433e-07
5.31392e-07
5.27094e-07
4.5729e-07
5.47636e-07
2.73606e-07
7.8837e-07
-2.88427e-07
1.59647e-06
-1.48604e-06
2.72466e-06
-1.89855e-06
1.23242e-06
2.0707e-06
-3.98376e-06
5.83961e-06
-3.63202e-06
1.45183e-05
1.3869e-05
1.32386e-05
1.26271e-05
1.20342e-05
1.14597e-05
1.09036e-05
1.03656e-05
9.84574e-06
9.34374e-06
8.85946e-06
8.39273e-06
7.94337e-06
7.5112e-06
7.096e-06
6.69756e-06
6.31566e-06
5.95004e-06
5.60046e-06
5.26665e-06
4.94832e-06
4.64518e-06
4.35689e-06
4.08314e-06
3.82355e-06
3.57776e-06
3.3454e-06
3.12608e-06
2.91937e-06
2.7249e-06
2.54221e-06
2.3709e-06
2.21052e-06
2.06064e-06
1.92081e-06
1.79058e-06
1.66952e-06
1.55716e-06
1.45307e-06
1.3568e-06
1.26792e-06
1.18599e-06
1.11058e-06
1.04126e-06
9.77628e-07
9.1928e-07
8.65781e-07
8.16795e-07
7.71889e-07
7.30681e-07
6.92904e-07
6.57882e-07
6.25974e-07
5.95083e-07
5.69252e-07
5.36577e-07
5.27046e-07
4.62555e-07
5.35139e-07
2.90117e-07
7.44592e-07
-2.37756e-07
1.4977e-06
-1.39844e-06
2.60192e-06
-1.8555e-06
1.17683e-06
2.00005e-06
-3.93468e-06
5.552e-06
-3.37534e-06
1.55685e-05
1.48676e-05
1.41872e-05
1.35273e-05
1.28877e-05
1.22682e-05
1.16687e-05
1.10889e-05
1.05288e-05
9.98807e-06
9.46665e-06
8.96431e-06
8.48083e-06
8.01601e-06
7.5696e-06
7.14137e-06
6.73105e-06
6.33837e-06
5.96304e-06
5.60476e-06
5.26321e-06
4.93804e-06
4.62891e-06
4.33544e-06
4.05724e-06
3.7939e-06
3.54501e-06
3.31013e-06
3.08883e-06
2.88066e-06
2.68516e-06
2.50186e-06
2.33029e-06
2.16998e-06
2.02044e-06
1.88119e-06
1.75176e-06
1.63165e-06
1.52039e-06
1.4175e-06
1.32252e-06
1.23496e-06
1.15439e-06
1.08032e-06
1.01232e-06
9.49977e-07
8.92814e-07
8.40462e-07
7.9247e-07
7.48421e-07
7.08012e-07
6.70578e-07
6.36322e-07
6.03454e-07
5.75102e-07
5.41562e-07
5.27268e-07
4.67091e-07
5.23736e-07
3.0451e-07
7.03523e-07
-1.90905e-07
1.40189e-06
-1.31301e-06
2.47704e-06
-1.80904e-06
1.11363e-06
1.93191e-06
-3.88787e-06
5.2449e-06
-3.10301e-06
1.66154e-05
1.58632e-05
1.51332e-05
1.44252e-05
1.37392e-05
1.30748e-05
1.2432e-05
1.18105e-05
1.12102e-05
1.0631e-05
1.00725e-05
9.53466e-06
9.01715e-06
8.51975e-06
8.0422e-06
7.58423e-06
7.14555e-06
6.72586e-06
6.32483e-06
5.94212e-06
5.57738e-06
5.23024e-06
4.9003e-06
4.58715e-06
4.29036e-06
4.0095e-06
3.74411e-06
3.49372e-06
3.25785e-06
3.03602e-06
2.82772e-06
2.63247e-06
2.44973e-06
2.27901e-06
2.11979e-06
1.97154e-06
1.83376e-06
1.70592e-06
1.58751e-06
1.47802e-06
1.37695e-06
1.28379e-06
1.19806e-06
1.11926e-06
1.04691e-06
9.80575e-07
9.19757e-07
8.64049e-07
8.12979e-07
7.66097e-07
7.23062e-07
6.83216e-07
6.46627e-07
6.1175e-07
5.80958e-07
5.46354e-07
5.27721e-07
4.70953e-07
5.13358e-07
3.16865e-07
6.65162e-07
-1.48001e-07
1.30949e-06
-1.23044e-06
2.35096e-06
-1.75997e-06
1.04311e-06
1.86683e-06
-3.84524e-06
4.92016e-06
-2.81772e-06
1.76563e-05
1.68533e-05
1.6074e-05
1.53184e-05
1.45862e-05
1.38772e-05
1.31914e-05
1.25285e-05
1.18884e-05
1.12708e-05
1.06755e-05
1.01023e-05
9.55091e-06
9.02109e-06
8.51255e-06
8.02498e-06
7.55808e-06
7.11149e-06
6.68487e-06
6.27785e-06
5.89003e-06
5.521e-06
5.17034e-06
4.83761e-06
4.52232e-06
4.22402e-06
3.9422e-06
3.67637e-06
3.42599e-06
3.19056e-06
2.96954e-06
2.76238e-06
2.56853e-06
2.38746e-06
2.2186e-06
2.0614e-06
1.91531e-06
1.77978e-06
1.65426e-06
1.5382e-06
1.43108e-06
1.33234e-06
1.24148e-06
1.15797e-06
1.0813e-06
1.011e-06
9.46543e-07
8.87497e-07
8.33365e-07
7.83663e-07
7.38015e-07
6.95765e-07
6.56862e-07
6.19954e-07
5.86797e-07
5.50963e-07
5.28367e-07
4.74197e-07
5.03927e-07
3.27288e-07
6.29473e-07
-1.091e-07
1.22085e-06
-1.15134e-06
2.22461e-06
-1.7091e-06
9.65692e-07
1.80525e-06
-3.80871e-06
4.57989e-06
-2.52233e-06
1.86881e-05
1.78349e-05
1.70069e-05
1.62041e-05
1.54262e-05
1.46732e-05
1.39448e-05
1.32409e-05
1.25612e-05
1.19056e-05
1.12738e-05
1.06656e-05
1.00806e-05
9.5186e-06
8.97931e-06
8.46237e-06
7.96745e-06
7.49417e-06
7.04215e-06
6.61099e-06
6.20026e-06
5.80951e-06
5.43829e-06
5.08611e-06
4.75246e-06
4.43684e-06
4.13872e-06
3.85756e-06
3.59279e-06
3.34386e-06
3.1102e-06
2.89123e-06
2.68636e-06
2.49502e-06
2.3166e-06
2.15051e-06
1.99619e-06
1.85302e-06
1.72045e-06
1.59788e-06
1.48475e-06
1.38048e-06
1.28453e-06
1.19635e-06
1.11539e-06
1.04115e-06
9.73098e-07
9.10741e-07
8.53572e-07
8.01071e-07
7.52831e-07
7.0819e-07
6.66997e-07
6.28048e-07
5.92595e-07
5.55393e-07
5.29167e-07
4.76881e-07
4.95364e-07
3.35902e-07
5.96384e-07
-7.41909e-08
1.13627e-06
-1.07626e-06
2.09886e-06
-1.65727e-06
8.81947e-07
1.7475e-06
-3.78011e-06
4.22638e-06
-2.21975e-06
1.97075e-05
1.88048e-05
1.79289e-05
1.70796e-05
1.62567e-05
1.54602e-05
1.46898e-05
1.39454e-05
1.32267e-05
1.25335e-05
1.18656e-05
1.12227e-05
1.06045e-05
1.00107e-05
9.44102e-06
8.89504e-06
8.3724e-06
7.87272e-06
7.39557e-06
6.94053e-06
6.50712e-06
6.09489e-06
5.70331e-06
5.33189e-06
4.98007e-06
4.64732e-06
4.33307e-06
4.03674e-06
3.75773e-06
3.49545e-06
3.24929e-06
3.01864e-06
2.80287e-06
2.60135e-06
2.41348e-06
2.23861e-06
2.07614e-06
1.92543e-06
1.78587e-06
1.65686e-06
1.53779e-06
1.42806e-06
1.32708e-06
1.23428e-06
1.14909e-06
1.07096e-06
9.99341e-07
9.33711e-07
8.73537e-07
8.18269e-07
7.67464e-07
7.20456e-07
6.77001e-07
6.3601e-07
5.98327e-07
5.5965e-07
5.30086e-07
4.79063e-07
4.87587e-07
3.42845e-07
5.65798e-07
-4.31989e-08
1.05593e-06
-1.0056e-06
1.97457e-06
-1.60533e-06
7.92557e-07
1.69378e-06
-3.76114e-06
3.86204e-06
-1.91296e-06
2.07111e-05
1.97599e-05
1.88369e-05
1.79419e-05
1.70749e-05
1.62356e-05
1.54238e-05
1.46395e-05
1.38824e-05
1.31523e-05
1.24489e-05
1.17718e-05
1.11209e-05
1.04958e-05
9.89614e-06
9.32152e-06
8.77157e-06
8.24586e-06
7.74394e-06
7.26535e-06
6.80959e-06
6.37616e-06
5.96453e-06
5.57413e-06
5.2044e-06
4.85476e-06
4.5246e-06
4.21331e-06
3.92026e-06
3.64482e-06
3.38634e-06
3.14417e-06
2.91765e-06
2.70612e-06
2.50893e-06
2.3254e-06
2.1549e-06
1.99675e-06
1.85032e-06
1.71497e-06
1.59004e-06
1.47493e-06
1.36899e-06
1.27164e-06
1.18227e-06
1.10032e-06
1.02519e-06
9.56332e-07
8.93197e-07
8.35202e-07
7.81868e-07
7.32522e-07
6.8684e-07
6.43818e-07
6.03968e-07
5.63735e-07
5.31092e-07
4.808e-07
4.80516e-07
3.48267e-07
5.37597e-07
-1.59899e-08
9.79984e-07
-9.3969e-07
1.85253e-06
-1.55404e-06
6.98309e-07
1.64417e-06
-3.75333e-06
3.48939e-06
-1.60491e-06
2.16952e-05
2.06967e-05
1.97275e-05
1.87879e-05
1.78776e-05
1.69964e-05
1.61442e-05
1.53209e-05
1.45261e-05
1.37597e-05
1.30214e-05
1.23109e-05
1.16279e-05
1.09721e-05
1.0343e-05
9.74027e-06
9.1635e-06
8.61223e-06
8.08599e-06
7.58427e-06
7.10656e-06
6.65232e-06
6.22098e-06
5.81195e-06
5.42463e-06
5.0584e-06
4.71262e-06
4.38664e-06
4.0798e-06
3.79144e-06
3.52086e-06
3.26738e-06
3.03031e-06
2.80895e-06
2.6026e-06
2.41058e-06
2.23219e-06
2.06674e-06
1.91357e-06
1.77198e-06
1.64131e-06
1.52091e-06
1.41011e-06
1.3083e-06
1.21483e-06
1.12912e-06
1.05054e-06
9.78524e-07
9.1248e-07
8.51807e-07
7.9599e-07
7.44345e-07
6.96479e-07
6.51448e-07
6.09495e-07
5.6765e-07
5.32156e-07
4.82146e-07
4.74078e-07
3.52323e-07
5.11647e-07
7.62127e-09
9.08486e-07
-8.78723e-07
1.73342e-06
-1.50415e-06
6.0008e-07
1.59864e-06
-3.75794e-06
3.11099e-06
-1.29848e-06
2.26559e-05
2.16112e-05
2.05973e-05
1.96142e-05
1.86617e-05
1.77397e-05
1.68481e-05
1.59866e-05
1.51551e-05
1.43534e-05
1.35811e-05
1.28379e-05
1.21235e-05
1.14376e-05
1.07798e-05
1.01496e-05
9.54663e-06
8.97037e-06
8.42035e-06
7.89603e-06
7.39686e-06
6.92227e-06
6.47166e-06
6.04441e-06
5.63989e-06
5.25743e-06
4.89638e-06
4.55604e-06
4.23573e-06
3.93472e-06
3.65232e-06
3.38778e-06
3.14039e-06
2.90942e-06
2.69413e-06
2.4938e-06
2.30771e-06
2.13513e-06
1.97535e-06
1.82768e-06
1.6914e-06
1.56583e-06
1.45028e-06
1.34411e-06
1.24664e-06
1.15725e-06
1.07531e-06
1.0002e-06
9.31313e-07
8.68022e-07
8.09777e-07
7.55882e-07
7.05881e-07
6.58873e-07
6.14882e-07
5.71393e-07
5.3325e-07
4.83151e-07
4.68202e-07
3.55172e-07
4.8781e-07
2.78629e-08
8.4144e-07
-8.22787e-07
1.61788e-06
-1.45627e-06
4.9882e-07
1.55706e-06
-3.77595e-06
2.7294e-06
-9.96431e-07
2.35891e-05
2.24998e-05
2.14424e-05
2.04172e-05
1.94238e-05
1.84623e-05
1.75324e-05
1.66339e-05
1.57668e-05
1.49307e-05
1.41253e-05
1.33504e-05
1.26055e-05
1.18904e-05
1.12047e-05
1.05478e-05
9.9193e-06
9.31874e-06
8.74559e-06
8.19928e-06
7.67923e-06
7.18484e-06
6.71549e-06
6.27051e-06
5.84925e-06
5.45102e-06
5.0751e-06
4.7208e-06
4.38736e-06
4.07407e-06
3.78015e-06
3.50487e-06
3.24744e-06
3.00712e-06
2.78313e-06
2.57472e-06
2.38113e-06
2.20161e-06
2.03542e-06
1.88183e-06
1.74009e-06
1.6095e-06
1.48934e-06
1.37892e-06
1.27756e-06
1.1846e-06
1.09939e-06
1.02127e-06
9.49616e-07
8.83778e-07
8.2317e-07
7.67085e-07
7.15008e-07
6.66065e-07
6.20107e-07
5.74962e-07
5.34351e-07
4.83866e-07
4.62828e-07
3.56974e-07
4.65943e-07
4.4998e-08
7.78801e-07
-7.71861e-07
1.50644e-06
-1.41093e-06
3.95539e-07
1.51922e-06
-3.80803e-06
2.34716e-06
-7.01372e-07
2.44904e-05
2.33581e-05
2.2259e-05
2.11931e-05
2.01604e-05
1.91607e-05
1.81939e-05
1.72598e-05
1.63582e-05
1.54889e-05
1.46516e-05
1.3846e-05
1.30717e-05
1.23284e-05
1.16156e-05
1.09329e-05
1.02798e-05
9.6557e-06
9.06017e-06
8.49259e-06
7.95235e-06
7.43881e-06
6.95132e-06
6.48919e-06
6.05174e-06
5.63824e-06
5.24795e-06
4.88013e-06
4.53401e-06
4.20882e-06
3.90377e-06
3.61808e-06
3.35095e-06
3.10158e-06
2.86918e-06
2.65296e-06
2.45212e-06
2.26589e-06
2.0935e-06
1.93417e-06
1.78716e-06
1.65171e-06
1.52709e-06
1.41257e-06
1.30745e-06
1.21104e-06
1.12266e-06
1.04163e-06
9.67304e-07
8.99002e-07
8.36108e-07
7.77903e-07
7.23817e-07
6.72995e-07
6.25142e-07
5.78351e-07
5.35438e-07
4.84333e-07
4.57902e-07
3.57887e-07
4.45911e-07
5.93148e-08
7.20488e-07
-7.25827e-07
1.39958e-06
-1.36854e-06
2.91291e-07
1.48486e-06
-3.85448e-06
1.9668e-06
-4.15731e-07
2.53553e-05
2.41819e-05
2.30428e-05
2.19381e-05
2.08677e-05
1.98314e-05
1.88292e-05
1.78609e-05
1.69263e-05
1.60251e-05
1.51572e-05
1.43222e-05
1.35196e-05
1.27492e-05
1.20105e-05
1.13029e-05
1.06261e-05
9.9795e-06
9.36247e-06
8.77445e-06
8.2148e-06
7.68285e-06
7.17793e-06
6.69933e-06
6.24631e-06
5.81813e-06
5.41403e-06
5.03322e-06
4.6749e-06
4.33828e-06
4.02254e-06
3.72686e-06
3.4504e-06
3.19234e-06
2.95185e-06
2.72812e-06
2.52031e-06
2.32763e-06
2.14928e-06
1.98445e-06
1.83237e-06
1.69226e-06
1.56334e-06
1.44489e-06
1.33616e-06
1.23643e-06
1.145e-06
1.06118e-06
9.84289e-07
9.13619e-07
8.48528e-07
7.88282e-07
7.32267e-07
6.79632e-07
6.29964e-07
5.81554e-07
5.36495e-07
4.84597e-07
4.5338e-07
3.58062e-07
4.27587e-07
7.11187e-08
6.66396e-07
-6.84482e-07
1.29769e-06
-1.32939e-06
1.87175e-07
1.45372e-06
-3.91525e-06
1.5908e-06
-1.41709e-07
2.6179e-05
2.49666e-05
2.37896e-05
2.26479e-05
2.15416e-05
2.04706e-05
1.94347e-05
1.84338e-05
1.74678e-05
1.65364e-05
1.56393e-05
1.47762e-05
1.39467e-05
1.31505e-05
1.2387e-05
1.16559e-05
1.09565e-05
1.02883e-05
9.65079e-06
9.04327e-06
8.4651e-06
7.9156e-06
7.39406e-06
6.89973e-06
6.43187e-06
5.98969e-06
5.57241e-06
5.17921e-06
4.80926e-06
4.46174e-06
4.1358e-06
3.83058e-06
3.54522e-06
3.27888e-06
3.03068e-06
2.79978e-06
2.58533e-06
2.3865e-06
2.20246e-06
2.03239e-06
1.87547e-06
1.73091e-06
1.59791e-06
1.4757e-06
1.36352e-06
1.26063e-06
1.16631e-06
1.07982e-06
1.00048e-06
9.27547e-07
8.60361e-07
7.98168e-07
7.40311e-07
6.85941e-07
6.34546e-07
5.84565e-07
5.37507e-07
4.84694e-07
4.4923e-07
3.57647e-07
4.10859e-07
8.07241e-08
6.16411e-07
-6.47554e-07
1.20115e-06
-1.29364e-06
8.43261e-08
1.42554e-06
-3.98993e-06
1.22169e-06
1.18755e-07
2.69565e-05
2.57075e-05
2.44947e-05
2.33182e-05
2.21782e-05
2.10744e-05
2.00068e-05
1.89752e-05
1.79795e-05
1.70195e-05
1.60949e-05
1.52053e-05
1.43504e-05
1.35298e-05
1.2743e-05
1.19894e-05
1.12687e-05
1.05802e-05
9.92332e-06
9.29737e-06
8.70171e-06
8.13561e-06
7.59835e-06
7.08916e-06
6.60726e-06
6.15185e-06
5.72211e-06
5.3172e-06
4.93626e-06
4.57843e-06
4.24284e-06
3.92861e-06
3.63484e-06
3.36066e-06
3.10517e-06
2.8675e-06
2.64677e-06
2.44213e-06
2.25271e-06
2.07768e-06
1.9162e-06
1.76743e-06
1.63057e-06
1.50481e-06
1.38937e-06
1.2835e-06
1.18643e-06
1.09743e-06
1.01577e-06
9.40703e-07
8.71536e-07
8.07501e-07
7.47903e-07
6.91887e-07
6.38862e-07
5.87374e-07
5.38462e-07
4.84661e-07
4.45425e-07
3.56781e-07
3.95633e-07
8.84463e-08
5.70424e-07
-6.14719e-07
1.11027e-06
-1.26137e-06
-1.6076e-08
1.40012e-06
-4.07769e-06
8.62078e-07
3.63927e-07
2.76826e-05
2.63994e-05
2.51534e-05
2.39445e-05
2.2773e-05
2.16386e-05
2.05414e-05
1.94812e-05
1.84579e-05
1.74712e-05
1.65208e-05
1.56065e-05
1.47279e-05
1.38844e-05
1.30758e-05
1.23014e-05
1.15607e-05
1.08532e-05
1.01782e-05
9.535e-06
8.92297e-06
8.34135e-06
7.78939e-06
7.2663e-06
6.77128e-06
6.30349e-06
5.8621e-06
5.44623e-06
5.05501e-06
4.68754e-06
4.34293e-06
4.02027e-06
3.71864e-06
3.43713e-06
3.17482e-06
2.93081e-06
2.70421e-06
2.49413e-06
2.29969e-06
2.12002e-06
1.95427e-06
1.80157e-06
1.66109e-06
1.53202e-06
1.41354e-06
1.30487e-06
1.20524e-06
1.11389e-06
1.03006e-06
9.52997e-07
8.81978e-07
8.16219e-07
7.54992e-07
6.97434e-07
6.42885e-07
5.8997e-07
5.3935e-07
4.84531e-07
4.41952e-07
3.55595e-07
3.81833e-07
9.45953e-08
5.2834e-07
-5.85622e-07
1.0254e-06
-1.23253e-06
-1.12787e-07
1.37735e-06
-4.17739e-06
5.14739e-07
5.92241e-07
2.83519e-05
2.70374e-05
2.57607e-05
2.45221e-05
2.33216e-05
2.21591e-05
2.10346e-05
1.99481e-05
1.88992e-05
1.78879e-05
1.69139e-05
1.59768e-05
1.50762e-05
1.42117e-05
1.33829e-05
1.25893e-05
1.18302e-05
1.11052e-05
1.04134e-05
9.75433e-06
9.12719e-06
8.53125e-06
7.96572e-06
7.4298e-06
6.92266e-06
6.44345e-06
5.9913e-06
5.56532e-06
5.16461e-06
4.78825e-06
4.43531e-06
4.10487e-06
3.79598e-06
3.5077e-06
3.23909e-06
2.98924e-06
2.75722e-06
2.54212e-06
2.34304e-06
2.1591e-06
1.9894e-06
1.83307e-06
1.68926e-06
1.55713e-06
1.43584e-06
1.3246e-06
1.2226e-06
1.12907e-06
1.04324e-06
9.64338e-07
8.91609e-07
8.24258e-07
7.61527e-07
7.02542e-07
6.46587e-07
5.92343e-07
5.40162e-07
4.84334e-07
4.38801e-07
3.54214e-07
3.69404e-07
9.9469e-08
4.90091e-07
-5.59895e-07
9.4689e-07
-1.20704e-06
-2.04468e-07
1.35723e-06
-4.2875e-06
1.82709e-07
8.02279e-07
2.89589e-05
2.76159e-05
2.63116e-05
2.5046e-05
2.38192e-05
2.26313e-05
2.14822e-05
2.03717e-05
1.92998e-05
1.82662e-05
1.72706e-05
1.63128e-05
1.53924e-05
1.45089e-05
1.36618e-05
1.28507e-05
1.20749e-05
1.13339e-05
1.0627e-05
9.95346e-06
9.3126e-06
8.70365e-06
8.1258e-06
7.57823e-06
7.0601e-06
6.57051e-06
6.1086e-06
5.67344e-06
5.26411e-06
4.87967e-06
4.51918e-06
4.18167e-06
3.86618e-06
3.57176e-06
3.29744e-06
3.04228e-06
2.80533e-06
2.58568e-06
2.38239e-06
2.19456e-06
2.02128e-06
1.86167e-06
1.71483e-06
1.57992e-06
1.45608e-06
1.34249e-06
1.23835e-06
1.14285e-06
1.0552e-06
9.7463e-07
9.00347e-07
8.31551e-07
7.67454e-07
7.07171e-07
6.49939e-07
5.94478e-07
5.40893e-07
4.84096e-07
4.35975e-07
3.52752e-07
3.58314e-07
1.03348e-07
4.55649e-07
-5.37182e-07
8.75145e-07
-1.18479e-06
-2.89699e-07
1.33995e-06
-4.40606e-06
-1.30702e-07
9.92673e-07
2.94976e-05
2.81296e-05
2.68007e-05
2.55112e-05
2.42612e-05
2.30507e-05
2.18797e-05
2.0748e-05
1.96556e-05
1.86022e-05
1.75876e-05
1.66114e-05
1.56733e-05
1.47729e-05
1.39096e-05
1.30829e-05
1.22923e-05
1.15372e-05
1.08168e-05
1.01304e-05
9.47737e-06
8.85686e-06
8.26806e-06
7.71014e-06
7.18223e-06
6.68343e-06
6.21284e-06
5.76952e-06
5.35253e-06
4.96091e-06
4.5937e-06
4.24991e-06
3.92857e-06
3.62868e-06
3.34928e-06
3.08941e-06
2.84809e-06
2.62438e-06
2.41735e-06
2.22607e-06
2.04961e-06
1.88707e-06
1.73755e-06
1.60016e-06
1.47406e-06
1.3584e-06
1.25234e-06
1.15509e-06
1.06583e-06
9.83772e-07
9.0811e-07
8.38028e-07
7.72717e-07
7.11279e-07
6.52911e-07
5.96363e-07
5.41535e-07
4.83844e-07
4.3348e-07
3.51314e-07
3.48553e-07
1.06488e-07
4.25027e-07
-5.1715e-07
8.10625e-07
-1.16561e-06
-3.67042e-07
1.32574e-06
-4.53022e-06
-4.21837e-07
1.16179e-06
2.99622e-05
2.85726e-05
2.72226e-05
2.59125e-05
2.46425e-05
2.34126e-05
2.22227e-05
2.10727e-05
1.99627e-05
1.88922e-05
1.78611e-05
1.68691e-05
1.59158e-05
1.50008e-05
1.41235e-05
1.32834e-05
1.248e-05
1.17127e-05
1.09806e-05
1.02832e-05
9.61961e-06
8.98912e-06
8.39087e-06
7.82402e-06
7.28766e-06
6.78091e-06
6.30282e-06
5.85246e-06
5.42886e-06
5.03105e-06
4.65803e-06
4.30882e-06
3.98242e-06
3.67782e-06
3.39404e-06
3.13008e-06
2.88499e-06
2.65779e-06
2.44753e-06
2.25327e-06
2.07407e-06
1.909e-06
1.75716e-06
1.61764e-06
1.48958e-06
1.37212e-06
1.26442e-06
1.16565e-06
1.07501e-06
9.91662e-07
9.1481e-07
8.43618e-07
7.77257e-07
7.14822e-07
6.55473e-07
5.97982e-07
5.42085e-07
4.83602e-07
4.3133e-07
3.49996e-07
3.4013e-07
1.09116e-07
3.98298e-07
-4.99531e-07
7.53903e-07
-1.14939e-06
-4.34744e-07
1.31431e-06
-4.65633e-06
-6.85527e-07
1.30826e-06
3.03466e-05
2.89391e-05
2.75717e-05
2.62446e-05
2.49581e-05
2.37121e-05
2.25066e-05
2.13415e-05
2.02168e-05
1.91323e-05
1.80876e-05
1.70825e-05
1.61166e-05
1.51895e-05
1.43006e-05
1.34494e-05
1.26354e-05
1.18579e-05
1.11163e-05
1.04097e-05
9.73739e-06
9.09864e-06
8.49257e-06
7.91831e-06
7.37496e-06
6.86162e-06
6.37733e-06
5.92114e-06
5.49206e-06
5.08912e-06
4.7113e-06
4.3576e-06
4.027e-06
3.7185e-06
3.43109e-06
3.16376e-06
2.91554e-06
2.68545e-06
2.47252e-06
2.27579e-06
2.09432e-06
1.92716e-06
1.77339e-06
1.63211e-06
1.50243e-06
1.38348e-06
1.27442e-06
1.1744e-06
1.0826e-06
9.98195e-07
9.20357e-07
8.48245e-07
7.81017e-07
7.17755e-07
6.57593e-07
5.99319e-07
5.42538e-07
4.83389e-07
4.29545e-07
3.48885e-07
3.3309e-07
1.11396e-07
3.7567e-07
-4.84325e-07
7.06111e-07
-1.1369e-06
-4.8962e-07
1.30532e-06
-4.7834e-06
-9.13134e-07
1.43484e-06
3.06445e-05
2.92232e-05
2.78422e-05
2.65021e-05
2.52027e-05
2.39443e-05
2.27267e-05
2.15499e-05
2.04139e-05
1.93184e-05
1.82632e-05
1.7248e-05
1.62723e-05
1.53358e-05
1.44379e-05
1.35782e-05
1.2756e-05
1.19706e-05
1.12215e-05
1.05078e-05
9.82874e-06
9.18358e-06
8.57144e-06
7.99144e-06
7.44268e-06
6.92422e-06
6.43512e-06
5.9744e-06
5.54108e-06
5.13416e-06
4.75261e-06
4.39543e-06
4.06158e-06
3.75005e-06
3.45982e-06
3.18988e-06
2.93924e-06
2.7069e-06
2.4919e-06
2.29326e-06
2.11002e-06
1.94124e-06
1.78598e-06
1.64333e-06
1.51239e-06
1.3923e-06
1.28218e-06
1.18118e-06
1.08849e-06
1.00326e-06
9.24658e-07
8.51834e-07
7.83932e-07
7.20028e-07
6.59236e-07
6.00354e-07
5.42887e-07
4.83222e-07
4.28147e-07
3.48049e-07
3.2751e-07
1.13415e-07
3.5751e-07
-4.71875e-07
6.69051e-07
-1.12962e-06
-5.27983e-07
1.30185e-06
-4.91556e-06
-1.097e-06
1.54994e-06
3.08496e-05
2.94187e-05
2.80285e-05
2.66793e-05
2.53712e-05
2.41041e-05
2.28782e-05
2.16935e-05
2.05497e-05
1.94466e-05
1.83842e-05
1.73619e-05
1.63795e-05
1.54366e-05
1.45325e-05
1.36669e-05
1.2839e-05
1.20483e-05
1.12939e-05
1.05753e-05
9.89166e-06
9.24209e-06
8.62576e-06
8.04181e-06
7.48932e-06
6.96734e-06
6.47493e-06
6.01109e-06
5.57484e-06
5.16518e-06
4.78106e-06
4.42148e-06
4.08539e-06
3.77178e-06
3.47961e-06
3.20787e-06
2.95555e-06
2.72168e-06
2.50525e-06
2.30529e-06
2.12084e-06
1.95094e-06
1.79465e-06
1.65106e-06
1.51925e-06
1.39836e-06
1.28751e-06
1.18585e-06
1.09254e-06
1.00675e-06
9.27619e-07
8.54303e-07
7.85937e-07
7.21592e-07
6.60365e-07
6.01066e-07
5.43124e-07
4.83115e-07
4.27149e-07
3.47575e-07
3.23357e-07
1.1559e-07
3.43209e-07
-4.6019e-07
6.39615e-07
-1.12123e-06
-5.53787e-07
1.30316e-06
-5.0349e-06
-1.25051e-06
1.64056e-06
3.09553e-05
2.95196e-05
2.81246e-05
2.67707e-05
2.5458e-05
2.41866e-05
2.29564e-05
2.17675e-05
2.06196e-05
1.95127e-05
1.84465e-05
1.74207e-05
1.64348e-05
1.54885e-05
1.45813e-05
1.37126e-05
1.28818e-05
1.20883e-05
1.13313e-05
1.06102e-05
9.9241e-06
9.27225e-06
8.65377e-06
8.06778e-06
7.51336e-06
6.98957e-06
6.49544e-06
6.03e-06
5.59225e-06
5.18116e-06
4.79572e-06
4.4349e-06
4.09766e-06
3.78297e-06
3.4898e-06
3.21713e-06
2.96396e-06
2.72929e-06
2.51212e-06
2.31149e-06
2.12641e-06
1.95593e-06
1.79912e-06
1.65504e-06
1.52279e-06
1.40148e-06
1.29026e-06
1.18826e-06
1.09463e-06
1.00854e-06
9.29143e-07
8.55574e-07
7.86969e-07
7.22396e-07
6.60945e-07
6.01433e-07
5.43237e-07
4.83088e-07
4.26536e-07
3.47644e-07
3.20285e-07
1.19241e-07
3.29502e-07
-4.40653e-07
5.97852e-07
-1.08507e-06
-5.87998e-07
1.27882e-06
-4.96902e-06
-1.44275e-06
1.62056e-06
)
;

boundaryField
{
    down
    {
        type            symmetryPlane;
    }
    right
    {
        type            fixedValue;
        value           uniform 0;
    }
    up
    {
        type            symmetryPlane;
    }
    left
    {
        type            zeroGradient;
    }
    cylinder
    {
        type            zeroGradient;
    }
    frontAndBack
    {
        type            empty;
    }
    procBoundary11to6
    {
        type            processor;
        value           uniform -2.25302e-05;
    }
    procBoundary11to7
    {
        type            processor;
        value           nonuniform List<scalar> 
72
(
-2.17859e-05
-2.07031e-05
-1.96583e-05
-1.86493e-05
-1.76752e-05
-1.67356e-05
-1.58299e-05
-1.49574e-05
-1.41176e-05
-1.33098e-05
-1.25335e-05
-1.17879e-05
-1.10727e-05
-1.03872e-05
-9.73075e-06
-9.10289e-06
-8.50287e-06
-7.93025e-06
-7.38429e-06
-6.86432e-06
-6.3698e-06
-5.90001e-06
-5.45433e-06
-5.03198e-06
-4.6324e-06
-4.25488e-06
-3.89861e-06
-3.56297e-06
-3.24718e-06
-2.9506e-06
-2.6724e-06
-2.35623e-06
-2.35623e-06
-2.11729e-06
-1.89414e-06
-1.68623e-06
-1.49276e-06
-1.31301e-06
-1.14635e-06
-9.91982e-07
-8.49258e-07
-7.17694e-07
-5.96355e-07
-4.84788e-07
-3.82311e-07
-2.88227e-07
-2.02055e-07
-1.22849e-07
-5.07487e-08
1.67458e-08
7.51791e-08
1.37871e-07
1.74855e-07
2.56671e-07
2.29232e-07
4.21896e-07
1.64989e-07
7.65482e-07
-2.02125e-07
1.54153e-06
-1.13645e-06
2.94817e-06
-2.57396e-06
4.46042e-06
-3.30649e-06
4.20858e-06
-1.11452e-06
4.47308e-07
4.23898e-06
-4.62876e-06
8.08051e-06
-5.09683e-06
)
;
    }
    procBoundary11to10
    {
        type            processor;
        value           nonuniform List<scalar> 
74
(
-2.2144e-05
-2.17465e-05
-2.13377e-05
-2.09177e-05
-2.04865e-05
-2.00444e-05
-1.95912e-05
-1.91273e-05
-1.86527e-05
-1.81676e-05
-1.76721e-05
-1.71664e-05
-1.66506e-05
-1.6125e-05
-1.55898e-05
-1.50452e-05
-1.44914e-05
-1.39286e-05
-1.33572e-05
-1.27892e-05
-1.222e-05
-1.16319e-05
-1.10244e-05
-1.03971e-05
-9.7498e-06
-9.08205e-06
-8.39358e-06
-7.68412e-06
-6.95344e-06
-6.20135e-06
-5.4277e-06
-4.63243e-06
-3.81551e-06
-2.97698e-06
-2.11697e-06
-1.23567e-06
-3.33373e-07
5.89547e-07
1.53261e-06
2.49524e-06
3.47673e-06
4.47629e-06
5.49296e-06
6.52566e-06
7.5732e-06
8.6342e-06
9.70715e-06
1.07904e-05
1.18821e-05
1.29802e-05
1.40825e-05
1.51866e-05
1.629e-05
1.73898e-05
1.84831e-05
1.95666e-05
2.06369e-05
2.16905e-05
2.27233e-05
2.37314e-05
2.47104e-05
2.56558e-05
2.65628e-05
2.74265e-05
2.82416e-05
2.90027e-05
2.97041e-05
3.03401e-05
3.09046e-05
3.13913e-05
3.17939e-05
3.2106e-05
3.23207e-05
3.24315e-05
)
;
    }
}


// ************************************************************************* //
