/*--------------------------------*- C++ -*----------------------------------*\
| =========                 |                                                 |
| \\      /  F ield         | OpenFOAM: The Open Source CFD Toolbox           |
|  \\    /   O peration     | Version:  2412                                  |
|   \\  /    A nd           | Website:  www.openfoam.com                      |
|    \\/     M anipulation  |                                                 |
\*---------------------------------------------------------------------------*/
FoamFile
{
    version     2.0;
    format      ascii;
    arch        "LSB;label=32;scalar=64";
    class       volScalarField;
    location    "5";
    object      p;
}
// * * * * * * * * * * * * * * * * * * * * * * * * * * * * * * * * * * * * * //

dimensions      [0 2 -2 0 0 0 0];

internalField   nonuniform List<scalar> 
5285
(
0.00100691
0.00100208
0.000996952
0.000991504
0.000985728
0.000979608
0.000973131
0.000966284
0.000959052
0.000951422
0.000943378
0.000934909
0.000925999
0.000916636
0.000906806
0.000896497
0.00101752
0.00101284
0.00100785
0.00100253
0.000996876
0.000990873
0.000984503
0.000977752
0.000970606
0.000963048
0.000955064
0.000946639
0.000937758
0.000928406
0.000918568
0.000908231
0.00102842
0.00102389
0.00101905
0.00101388
0.00100837
0.00100249
0.000996244
0.000989604
0.000982558
0.000975087
0.000967177
0.000958811
0.000949972
0.000940644
0.000930812
0.000920459
0.00103961
0.00103525
0.00103058
0.00102556
0.0010202
0.00101447
0.00100836
0.00100185
0.000994919
0.000987552
0.000979731
0.000971439
0.000962658
0.000953369
0.000943556
0.000933202
0.00105109
0.00104692
0.00104242
0.00103759
0.0010324
0.00102683
0.00102087
0.0010145
0.0010077
0.00100045
0.000992741
0.00098454
0.000975832
0.0009666
0.000956822
0.000946481
0.00106287
0.0010589
0.0010546
0.00104996
0.00104495
0.00103956
0.00103377
0.00102757
0.00102092
0.00101381
0.00100622
0.000998128
0.000989513
0.000980354
0.00097063
0.00096032
0.00107495
0.0010712
0.00106711
0.00106267
0.00105787
0.00105268
0.00104708
0.00104105
0.00103458
0.00102763
0.00102018
0.00101222
0.00100372
0.000994653
0.000985001
0.000974741
0.00108733
0.00108381
0.00107996
0.00107575
0.00107117
0.00106619
0.00106081
0.00105498
0.00104869
0.00104192
0.00103464
0.00102683
0.00101846
0.00100951
0.000999957
0.000989768
0.00110002
0.00109675
0.00109314
0.00108918
0.00108484
0.00108011
0.00107495
0.00106935
0.00106327
0.0010567
0.00104961
0.00104198
0.00103377
0.00102496
0.00101552
0.00100542
0.001113
0.00111001
0.00110667
0.00110298
0.00109891
0.00109443
0.00108952
0.00108416
0.00107833
0.00107199
0.00106511
0.00105767
0.00104965
0.001041
0.00103171
0.00102173
0.0011263
0.00112359
0.00112055
0.00111714
0.00111335
0.00110916
0.00110453
0.00109944
0.00109387
0.00108778
0.00108115
0.00107394
0.00106612
0.00105767
0.00104855
0.00103872
0.00113989
0.0011375
0.00113477
0.00113167
0.00112819
0.0011243
0.00111998
0.00111519
0.0011099
0.00110409
0.00109773
0.00109078
0.00108321
0.00107498
0.00106606
0.00105641
0.00115379
0.00115173
0.00114933
0.00114657
0.00114343
0.00113987
0.00113587
0.00113141
0.00112644
0.00112094
0.00111488
0.00110821
0.00110091
0.00109294
0.00108426
0.00107483
0.00116799
0.00116628
0.00116424
0.00116184
0.00115905
0.00115585
0.00115221
0.0011481
0.00114348
0.00113833
0.0011326
0.00112626
0.00111927
0.00111159
0.00110318
0.001094
0.00118248
0.00118115
0.00117949
0.00117747
0.00117507
0.00117226
0.00116901
0.00116528
0.00116104
0.00115626
0.0011509
0.00114492
0.00113827
0.00113092
0.00112283
0.00111394
0.00119727
0.00119633
0.00119508
0.00119347
0.00119148
0.00118909
0.00118625
0.00118294
0.00117912
0.00117475
0.00116979
0.00116421
0.00115795
0.00115097
0.00114323
0.00113467
0.00121233
0.00121182
0.001211
0.00120983
0.00120828
0.00120634
0.00120395
0.00120109
0.00119772
0.0011938
0.00118928
0.00118414
0.00117831
0.00117175
0.0011644
0.00115623
0.00122767
0.00122761
0.00122724
0.00122654
0.00122547
0.001224
0.00122209
0.00121972
0.00121684
0.0012134
0.00120938
0.00120471
0.00119935
0.00119326
0.00118637
0.00117862
0.00124327
0.00124369
0.00124381
0.0012436
0.00124303
0.00124207
0.00124068
0.00123883
0.00123647
0.00123357
0.00123007
0.00122593
0.0012211
0.00121552
0.00120913
0.00120187
0.00125913
0.00126005
0.00126068
0.00126099
0.00126095
0.00126054
0.00125971
0.00125842
0.00125663
0.0012543
0.00125138
0.00124781
0.00124355
0.00123854
0.00123271
0.001226
0.00103906
0.00106794
0.00104093
0.00105408
0.00105235
0.00105157
0.00105301
0.00105338
0.00105391
0.00105461
0.00105529
0.00105597
0.00105668
0.00105738
0.00105808
0.00105877
0.00105944
0.00106009
0.00106071
0.00106129
0.00106183
0.00106232
0.00106275
0.00106312
0.00106341
0.00106363
0.00106376
0.0010638
0.00106374
0.00106358
0.00106331
0.00106292
0.0010624
0.00106176
0.00106098
0.00106006
0.001059
0.00105779
0.00105642
0.0010549
0.00105321
0.00105136
0.00104934
0.00104714
0.00104478
0.00104224
0.00103952
0.00103662
0.00103354
0.00103029
0.00102686
0.00102325
0.00101946
0.00101549
0.00101136
0.00104169
0.00107053
0.00104349
0.0010568
0.00105504
0.00105434
0.00105585
0.00105625
0.00105685
0.00105762
0.00105837
0.00105914
0.00105994
0.00106075
0.00106156
0.00106237
0.00106316
0.00106394
0.00106469
0.00106542
0.0010661
0.00106674
0.00106733
0.00106786
0.00106832
0.00106871
0.00106901
0.00106923
0.00106936
0.00106938
0.0010693
0.0010691
0.00106878
0.00106833
0.00106775
0.00106703
0.00106617
0.00106516
0.00106399
0.00106267
0.00106118
0.00105953
0.0010577
0.0010557
0.00105353
0.00105118
0.00104865
0.00104594
0.00104304
0.00103996
0.0010367
0.00103325
0.00102962
0.00102581
0.00102182
0.00104427
0.00107318
0.001046
0.00105951
0.00105772
0.00105708
0.00105866
0.00105911
0.00105977
0.00106062
0.00106145
0.00106231
0.0010632
0.00106411
0.00106503
0.00106596
0.00106688
0.00106779
0.00106868
0.00106954
0.00107038
0.00107117
0.00107192
0.00107261
0.00107324
0.00107381
0.00107429
0.00107469
0.00107501
0.00107522
0.00107533
0.00107533
0.00107521
0.00107496
0.00107459
0.00107408
0.00107342
0.00107262
0.00107166
0.00107055
0.00106927
0.00106782
0.00106621
0.00106441
0.00106244
0.00106029
0.00105796
0.00105544
0.00105274
0.00104985
0.00104676
0.0010435
0.00104004
0.0010364
0.00103257
0.00104683
0.00107583
0.00104851
0.00106219
0.00106038
0.00105982
0.00106146
0.00106196
0.00106268
0.0010636
0.00106451
0.00106546
0.00106645
0.00106747
0.0010685
0.00106955
0.00107059
0.00107164
0.00107267
0.00107368
0.00107466
0.00107561
0.00107652
0.00107738
0.00107819
0.00107893
0.0010796
0.00108019
0.00108069
0.0010811
0.00108141
0.00108161
0.0010817
0.00108166
0.0010815
0.0010812
0.00108076
0.00108017
0.00107943
0.00107854
0.00107748
0.00107625
0.00107485
0.00107327
0.00107152
0.00106958
0.00106745
0.00106514
0.00106264
0.00105994
0.00105706
0.00105398
0.00105071
0.00104724
0.00104358
0.00104939
0.00107846
0.00105103
0.00106485
0.00106303
0.00106253
0.00106424
0.00106479
0.00106558
0.00106658
0.00106757
0.00106861
0.0010697
0.00107082
0.00107197
0.00107313
0.0010743
0.00107548
0.00107665
0.00107781
0.00107895
0.00108006
0.00108113
0.00108217
0.00108315
0.00108407
0.00108493
0.00108571
0.00108641
0.00108702
0.00108753
0.00108794
0.00108824
0.00108842
0.00108847
0.0010884
0.00108818
0.00108782
0.0010873
0.00108663
0.0010858
0.0010848
0.00108362
0.00108227
0.00108074
0.00107903
0.00107712
0.00107503
0.00107274
0.00107026
0.00106758
0.0010647
0.00106163
0.00105835
0.00105488
0.00105194
0.00108108
0.00105355
0.00106749
0.00106567
0.00106522
0.00106699
0.00106761
0.00106846
0.00106953
0.00107061
0.00107174
0.00107293
0.00107416
0.00107542
0.00107671
0.00107801
0.00107932
0.00108063
0.00108194
0.00108324
0.00108451
0.00108575
0.00108696
0.00108812
0.00108923
0.00109027
0.00109125
0.00109215
0.00109297
0.00109369
0.00109432
0.00109483
0.00109523
0.00109551
0.00109566
0.00109568
0.00109555
0.00109527
0.00109483
0.00109423
0.00109347
0.00109253
0.00109142
0.00109012
0.00108864
0.00108697
0.00108511
0.00108304
0.00108079
0.00107833
0.00107566
0.0010728
0.00106973
0.00106646
0.00105448
0.00108368
0.00105607
0.0010701
0.00106829
0.00106789
0.00106973
0.0010704
0.00107133
0.00107247
0.00107363
0.00107486
0.00107615
0.00107748
0.00107886
0.00108027
0.0010817
0.00108315
0.00108461
0.00108607
0.00108752
0.00108896
0.00109037
0.00109176
0.0010931
0.0010944
0.00109564
0.00109682
0.00109792
0.00109895
0.00109989
0.00110073
0.00110147
0.0011021
0.00110261
0.001103
0.00110325
0.00110336
0.00110332
0.00110313
0.00110278
0.00110226
0.00110157
0.0011007
0.00109966
0.00109842
0.00109699
0.00109537
0.00109355
0.00109153
0.0010893
0.00108687
0.00108423
0.00108138
0.00107832
0.00105701
0.00108625
0.00105858
0.00107269
0.00107089
0.00107054
0.00107244
0.00107318
0.00107417
0.0010754
0.00107664
0.00107796
0.00107935
0.0010808
0.00108229
0.00108382
0.00108539
0.00108698
0.00108858
0.00109019
0.00109181
0.00109341
0.001095
0.00109656
0.00109809
0.00109958
0.00110102
0.0011024
0.00110371
0.00110495
0.00110611
0.00110718
0.00110815
0.00110902
0.00110976
0.00111039
0.00111089
0.00111125
0.00111146
0.00111152
0.00111143
0.00111117
0.00111074
0.00111013
0.00110934
0.00110836
0.00110719
0.00110582
0.00110425
0.00110248
0.0011005
0.00109831
0.00109591
0.0010933
0.00109047
0.00105952
0.00108881
0.00106108
0.00107525
0.00107347
0.00107317
0.00107513
0.00107593
0.001077
0.0010783
0.00107963
0.00108104
0.00108253
0.00108409
0.0010857
0.00108736
0.00108906
0.00109079
0.00109254
0.00109431
0.00109608
0.00109785
0.00109961
0.00110136
0.00110308
0.00110476
0.0011064
0.00110799
0.00110952
0.00111098
0.00111237
0.00111367
0.00111487
0.00111598
0.00111697
0.00111785
0.00111859
0.00111921
0.00111968
0.00112001
0.00112018
0.00112018
0.00112002
0.00111968
0.00111916
0.00111845
0.00111755
0.00111645
0.00111515
0.00111364
0.00111193
0.00111
0.00110785
0.00110549
0.00110291
0.00106203
0.00109134
0.00106357
0.00107779
0.00107604
0.00107578
0.0010778
0.00107866
0.0010798
0.00108118
0.0010826
0.0010841
0.0010857
0.00108737
0.0010891
0.00109088
0.00109271
0.00109458
0.00109648
0.00109841
0.00110034
0.00110229
0.00110423
0.00110616
0.00110807
0.00110995
0.0011118
0.0011136
0.00111534
0.00111703
0.00111864
0.00112018
0.00112163
0.00112298
0.00112422
0.00112535
0.00112636
0.00112724
0.00112799
0.00112858
0.00112903
0.00112931
0.00112942
0.00112937
0.00112913
0.0011287
0.00112808
0.00112726
0.00112624
0.00112502
0.00112358
0.00112192
0.00112005
0.00111795
0.00111563
0.00106451
0.00109384
0.00106604
0.0010803
0.00107858
0.00107836
0.00108044
0.00108136
0.00108258
0.00108404
0.00108554
0.00108714
0.00108884
0.00109062
0.00109247
0.00109438
0.00109635
0.00109836
0.00110041
0.00110249
0.0011046
0.00110671
0.00110883
0.00111095
0.00111305
0.00111514
0.00111719
0.00111921
0.00112118
0.00112309
0.00112494
0.00112671
0.00112841
0.00113001
0.00113151
0.00113291
0.00113419
0.00113534
0.00113636
0.00113724
0.00113796
0.00113854
0.00113894
0.00113917
0.00113923
0.0011391
0.00113877
0.00113825
0.00113752
0.00113659
0.00113544
0.00113408
0.00113249
0.00113068
0.00112864
0.00106697
0.00109632
0.00106849
0.00108279
0.00108109
0.00108092
0.00108305
0.00108404
0.00108533
0.00108687
0.00108846
0.00109016
0.00109196
0.00109385
0.00109582
0.00109786
0.00109996
0.00110212
0.00110432
0.00110656
0.00110883
0.00111112
0.00111342
0.00111573
0.00111803
0.00112032
0.00112258
0.00112482
0.00112701
0.00112916
0.00113125
0.00113327
0.00113521
0.00113708
0.00113884
0.00114051
0.00114206
0.0011435
0.0011448
0.00114597
0.00114699
0.00114786
0.00114856
0.0011491
0.00114946
0.00114964
0.00114962
0.00114941
0.00114899
0.00114837
0.00114753
0.00114647
0.00114518
0.00114367
0.00114193
0.0010694
0.00109876
0.00107092
0.00108525
0.00108358
0.00108345
0.00108564
0.0010867
0.00108805
0.00108968
0.00109136
0.00109315
0.00109506
0.00109706
0.00109915
0.00110132
0.00110356
0.00110586
0.00110821
0.00111061
0.00111305
0.00111551
0.001118
0.00112049
0.00112299
0.00112549
0.00112797
0.00113043
0.00113285
0.00113523
0.00113756
0.00113984
0.00114204
0.00114417
0.0011462
0.00114815
0.00114998
0.0011517
0.0011533
0.00115477
0.00115609
0.00115727
0.00115829
0.00115914
0.00115982
0.00116031
0.00116062
0.00116073
0.00116064
0.00116034
0.00115982
0.00115909
0.00115812
0.00115693
0.00115551
0.00107181
0.00110118
0.00107332
0.00108769
0.00108604
0.00108595
0.0010882
0.00108932
0.00109075
0.00109245
0.00109422
0.00109611
0.00109812
0.00110024
0.00110245
0.00110475
0.00110712
0.00110957
0.00111207
0.00111463
0.00111724
0.00111988
0.00112255
0.00112524
0.00112794
0.00113065
0.00113334
0.00113603
0.00113868
0.00114131
0.00114389
0.00114641
0.00114888
0.00115127
0.00115359
0.00115582
0.00115794
0.00115996
0.00116186
0.00116363
0.00116527
0.00116677
0.00116811
0.00116928
0.00117029
0.00117112
0.00117176
0.00117221
0.00117246
0.0011725
0.00117232
0.00117193
0.00117131
0.00117045
0.00116936
0.00107418
0.00110356
0.0010757
0.00109009
0.00108848
0.00108843
0.00109073
0.00109191
0.00109342
0.0010952
0.00109706
0.00109904
0.00110116
0.00110339
0.00110572
0.00110815
0.00111066
0.00111325
0.00111591
0.00111863
0.00112141
0.00112423
0.00112709
0.00112997
0.00113287
0.00113579
0.00113871
0.00114161
0.00114451
0.00114737
0.00115021
0.00115299
0.00115573
0.0011584
0.00116099
0.00116351
0.00116593
0.00116826
0.00117047
0.00117256
0.00117452
0.00117634
0.00117801
0.00117953
0.00118088
0.00118205
0.00118304
0.00118384
0.00118444
0.00118484
0.00118502
0.00118499
0.00118472
0.00118423
0.00118349
0.00107653
0.00110591
0.00107804
0.00109246
0.00109088
0.00109087
0.00109323
0.00109448
0.00109605
0.00109792
0.00109986
0.00110194
0.00110417
0.00110651
0.00110896
0.00111151
0.00111416
0.0011169
0.00111971
0.0011226
0.00112555
0.00112855
0.00113159
0.00113467
0.00113778
0.00114091
0.00114405
0.00114719
0.00115032
0.00115343
0.00115652
0.00115957
0.00116258
0.00116553
0.00116841
0.00117122
0.00117395
0.00117658
0.00117911
0.00118153
0.00118382
0.00118598
0.001188
0.00118986
0.00119156
0.0011931
0.00119445
0.00119562
0.00119659
0.00119736
0.00119792
0.00119825
0.00119837
0.00119825
0.00119789
0.00107884
0.00110822
0.00108036
0.0010948
0.00109325
0.00109328
0.0010957
0.00109701
0.00109865
0.0011006
0.00110263
0.00110481
0.00110714
0.00110959
0.00111216
0.00111485
0.00111763
0.00112052
0.00112349
0.00112653
0.00112965
0.00113283
0.00113607
0.00113934
0.00114266
0.001146
0.00114936
0.00115274
0.00115611
0.00115947
0.00116282
0.00116614
0.00116942
0.00117266
0.00117584
0.00117895
0.00118199
0.00118494
0.00118779
0.00119054
0.00119317
0.00119568
0.00119805
0.00120028
0.00120235
0.00120425
0.00120598
0.00120753
0.00120889
0.00121004
0.00121099
0.00121172
0.00121223
0.00121251
0.00121254
0.00108111
0.0011105
0.00108264
0.0010971
0.00109559
0.00109566
0.00109813
0.0010995
0.00110122
0.00110324
0.00110536
0.00110764
0.00111007
0.00111264
0.00111533
0.00111814
0.00112107
0.0011241
0.00112722
0.00113043
0.00113372
0.00113708
0.00114051
0.00114398
0.00114751
0.00115107
0.00115465
0.00115826
0.00116188
0.00116549
0.0011691
0.00117269
0.00117625
0.00117978
0.00118326
0.00118668
0.00119003
0.00119331
0.0011965
0.00119959
0.00120257
0.00120543
0.00120817
0.00121076
0.00121321
0.0012155
0.00121762
0.00121957
0.00122132
0.00122289
0.00122424
0.00122538
0.00122631
0.001227
0.00122745
0.00108335
0.00111274
0.00108488
0.00109937
0.00109789
0.001098
0.00110053
0.00110196
0.00110375
0.00110585
0.00110806
0.00111043
0.00111297
0.00111564
0.00111846
0.0011214
0.00112446
0.00112764
0.00113092
0.00113429
0.00113775
0.0011413
0.00114491
0.00114859
0.00115232
0.00115609
0.00115991
0.00116375
0.00116761
0.00117149
0.00117536
0.00117922
0.00118307
0.00118689
0.00119067
0.0011944
0.00119808
0.00120169
0.00120522
0.00120865
0.00121199
0.00121522
0.00121833
0.00122131
0.00122415
0.00122684
0.00122936
0.00123172
0.00123389
0.00123587
0.00123765
0.00123923
0.00124058
0.00124171
0.0012426
0.00122144
0.00122505
0.00122854
0.00123191
0.00123515
0.00123825
0.00124119
0.00124397
0.00124657
0.00124899
0.00125122
0.00125324
0.00125505
0.00125663
0.00125798
0.000865962
0.000899784
0.00091312
0.000882933
0.000876887
0.000894056
0.0008945
0.000884316
0.000879904
0.000879364
0.000877499
0.000874315
0.000871046
0.000867851
0.000864528
0.000861031
0.000857397
0.000853645
0.000849781
0.000845811
0.000841743
0.000837584
0.000833342
0.000829023
0.000824634
0.000820182
0.000815673
0.000811113
0.000806508
0.000801864
0.000797186
0.00079248
0.000787751
0.000783003
0.000778242
0.000773472
0.000768697
0.000763922
0.00075915
0.000754385
0.000749631
0.000744892
0.000740169
0.000735467
0.000730789
0.000726137
0.000721513
0.000716921
0.000712362
0.000707838
0.000703352
0.000698905
0.000694499
0.000690135
0.000685815
0.000865755
0.000901683
0.000912394
0.00088228
0.000878329
0.000894737
0.000894072
0.00088431
0.000880422
0.00087983
0.000877818
0.000874626
0.00087139
0.000868206
0.000864883
0.000861389
0.000857758
0.00085401
0.00085015
0.000846183
0.000842118
0.000837961
0.000833722
0.000829405
0.000825018
0.000820568
0.00081606
0.000811502
0.000806898
0.000802255
0.000797577
0.000792872
0.000788142
0.000783394
0.000778633
0.000773862
0.000769086
0.000764309
0.000759536
0.000754769
0.000750013
0.000745271
0.000740546
0.000735842
0.00073116
0.000726505
0.000721878
0.000717282
0.000712719
0.000708192
0.000703701
0.00069925
0.00069484
0.000690471
0.000686147
0.000866719
0.000902531
0.00091225
0.000882761
0.000879652
0.000895279
0.000894117
0.000884804
0.000881233
0.000880559
0.000878449
0.000875268
0.000872064
0.000868892
0.000865572
0.000862084
0.000858461
0.00085472
0.000850866
0.000846905
0.000842845
0.000838694
0.000834459
0.000830147
0.000825764
0.000821318
0.000816813
0.000812257
0.000807655
0.000803014
0.000798338
0.000793632
0.000788903
0.000784155
0.000779392
0.00077462
0.000769842
0.000765062
0.000760286
0.000755516
0.000750756
0.000746009
0.00074128
0.00073657
0.000731883
0.000727221
0.000722588
0.000717985
0.000713415
0.00070888
0.000704382
0.000699923
0.000695504
0.000691127
0.000686794
0.000867847
0.000903753
0.000912691
0.000883543
0.000881024
0.000896144
0.000894629
0.000885613
0.000882273
0.000881558
0.000879388
0.00087622
0.000873044
0.000869886
0.000866575
0.000863097
0.000859484
0.000855753
0.000851908
0.000847956
0.000843905
0.000839762
0.000835535
0.000831229
0.000826852
0.000822411
0.000817911
0.000813359
0.00080876
0.000804121
0.000799447
0.000794742
0.000790013
0.000785264
0.0007805
0.000775726
0.000770945
0.000766162
0.000761381
0.000756606
0.00075184
0.000747087
0.000742351
0.000737633
0.000732938
0.000728268
0.000723625
0.000719012
0.000714432
0.000709886
0.000705377
0.000700906
0.000696475
0.000692086
0.00068774
0.000869254
0.000905341
0.000913454
0.000884553
0.000882658
0.000897341
0.000895457
0.000886689
0.000883571
0.000882833
0.000880615
0.00087746
0.000874313
0.000871172
0.000867874
0.000864408
0.000860809
0.000857091
0.000853259
0.000849319
0.000845279
0.000841146
0.000836928
0.000832631
0.000828263
0.000823828
0.000819335
0.000814788
0.000810194
0.000805558
0.000800886
0.000796183
0.000791454
0.000786705
0.000781939
0.000777162
0.000772378
0.00076759
0.000762804
0.000758022
0.000753249
0.000748489
0.000743743
0.000739016
0.00073431
0.000729628
0.000724974
0.000720348
0.000715755
0.000711195
0.000706671
0.000702185
0.000697738
0.000693333
0.00068897
0.000870936
0.0009072
0.00091447
0.000885836
0.000884557
0.000898786
0.000896545
0.000888032
0.000885131
0.000884369
0.000882107
0.000878971
0.000875854
0.000872733
0.00086945
0.000866001
0.000862419
0.000858716
0.000854899
0.000850974
0.000846947
0.000842827
0.000838621
0.000834336
0.000829977
0.000825552
0.000821066
0.000816526
0.000811938
0.000807306
0.000802637
0.000797937
0.000793209
0.000788459
0.000783691
0.000778911
0.000774123
0.000769331
0.000764538
0.000759749
0.000754968
0.000750197
0.000745441
0.000740702
0.000735984
0.000731288
0.000726619
0.000721979
0.000717369
0.000712792
0.000708251
0.000703747
0.000699281
0.000694857
0.000690474
0.000872864
0.000909296
0.000915721
0.000887375
0.000886691
0.000900453
0.00089788
0.000889632
0.000886937
0.000886147
0.000883847
0.000880733
0.00087765
0.000874552
0.000871287
0.000867857
0.000864295
0.000860611
0.000856812
0.000852904
0.000848894
0.000844789
0.000840598
0.000836325
0.000831979
0.000827565
0.000823089
0.000818557
0.000813975
0.00080935
0.000804685
0.000799987
0.000795261
0.000790511
0.000785742
0.000780959
0.000776167
0.000771368
0.000766569
0.000761772
0.00075698
0.000752199
0.000747431
0.000742679
0.000737946
0.000733235
0.00072855
0.000723891
0.000719263
0.000714667
0.000710105
0.00070558
0.000701093
0.000696646
0.00069224
0.000875021
0.000911613
0.000917185
0.000889148
0.00088905
0.000902334
0.000899447
0.000891472
0.000888974
0.000888152
0.000885819
0.000882733
0.000879686
0.000876612
0.000873368
0.000869961
0.000866421
0.000862759
0.000858981
0.000855092
0.000851102
0.000847015
0.000842841
0.000838584
0.000834252
0.000829851
0.000825386
0.000820865
0.000816292
0.000811673
0.000807014
0.00080232
0.000797595
0.000792846
0.000788076
0.000783291
0.000778494
0.00077369
0.000768883
0.000764077
0.000759275
0.000754482
0.0007497
0.000744933
0.000740185
0.000735457
0.000730753
0.000726075
0.000721426
0.000716808
0.000712224
0.000707675
0.000703163
0.00069869
0.000694258
0.000877389
0.000914134
0.000918842
0.00089114
0.00089162
0.000904414
0.000901227
0.000893534
0.000891225
0.00089037
0.000888007
0.000884953
0.000881945
0.000878897
0.000875678
0.000872296
0.000868781
0.000865144
0.00086139
0.000857524
0.000853555
0.00084949
0.000845335
0.000841096
0.000836781
0.000832395
0.000827944
0.000823435
0.000818872
0.000814262
0.000809609
0.00080492
0.000800199
0.000795451
0.000790681
0.000785893
0.000781092
0.000776282
0.000771467
0.000766652
0.000761839
0.000757034
0.000752238
0.000747455
0.000742689
0.000737943
0.000733218
0.000728519
0.000723848
0.000719206
0.000714597
0.000710021
0.000705483
0.000700982
0.000696521
0.000879952
0.000916842
0.000920675
0.000893333
0.000894384
0.000906674
0.000903205
0.000895802
0.000893677
0.000892785
0.000890398
0.000887379
0.000884411
0.000881394
0.000878201
0.000874847
0.000871361
0.000867751
0.000864024
0.000860184
0.00085624
0.000852198
0.000848065
0.000843848
0.000839551
0.000835183
0.000830748
0.000826252
0.000821702
0.000817102
0.000812458
0.000807775
0.000803058
0.000798313
0.000793543
0.000788753
0.000783949
0.000779133
0.000774311
0.000769486
0.000764663
0.000759844
0.000755033
0.000750234
0.000745449
0.000740683
0.000735937
0.000731215
0.000726519
0.000721852
0.000717216
0.000712612
0.000708044
0.000703513
0.000699021
0.000882695
0.000919719
0.000922666
0.000895713
0.000897328
0.000909101
0.000905367
0.000898263
0.000896314
0.000895382
0.000892975
0.000889996
0.000887072
0.000884086
0.000880923
0.0008776
0.000874145
0.000870567
0.000866869
0.000863058
0.000859141
0.000855126
0.000851018
0.000846824
0.00084255
0.000838201
0.000833784
0.000829305
0.000824769
0.000820181
0.000815547
0.000810872
0.000806161
0.000801419
0.000796651
0.000791861
0.000787053
0.000782233
0.000777404
0.000772569
0.000767734
0.000762902
0.000758076
0.00075326
0.000748456
0.000743669
0.000738901
0.000734155
0.000729433
0.000724739
0.000720074
0.00071544
0.000710841
0.000706277
0.000701751
0.000885601
0.00092275
0.000924801
0.000898265
0.000900435
0.000911679
0.000907698
0.000900902
0.000899121
0.000898148
0.000895726
0.00089279
0.000889911
0.000886959
0.000883829
0.000880541
0.000877121
0.000873576
0.000869911
0.000866132
0.000862246
0.00085826
0.00085418
0.000850012
0.000845762
0.000841437
0.000837041
0.00083258
0.00082806
0.000823487
0.000818865
0.0008142
0.000809497
0.00080476
0.000799994
0.000795204
0.000790395
0.00078557
0.000780734
0.000775891
0.000771045
0.0007662
0.000761358
0.000756524
0.000751702
0.000746893
0.000742101
0.00073733
0.000732582
0.000727859
0.000723163
0.000718498
0.000713866
0.000709268
0.000704707
0.000888656
0.000925918
0.000927064
0.000900976
0.00090369
0.000914395
0.000910187
0.000903705
0.000902083
0.000901068
0.000898636
0.000895748
0.000892917
0.000890001
0.000886907
0.000883656
0.000880273
0.000876765
0.000873136
0.000869392
0.000865541
0.000861587
0.000857538
0.000853399
0.000849177
0.000844877
0.000840504
0.000836065
0.000831565
0.000827008
0.0008224
0.000817747
0.000813053
0.000808323
0.000803562
0.000798774
0.000793964
0.000789136
0.000784294
0.000779443
0.000774586
0.000769728
0.000764871
0.00076002
0.000755177
0.000750347
0.000745532
0.000740734
0.000735958
0.000731206
0.000726479
0.000721781
0.000717114
0.00071248
0.000707882
0.000891845
0.00092921
0.000929441
0.000903834
0.000907079
0.000917234
0.00091282
0.000906658
0.000905187
0.000904129
0.000901693
0.000898856
0.000896075
0.000893199
0.000890143
0.000886933
0.000883591
0.000880123
0.000876533
0.000872827
0.000869013
0.000865095
0.00086108
0.000856974
0.000852782
0.00084851
0.000844164
0.000839749
0.00083527
0.000830733
0.000826142
0.000821503
0.00081682
0.000812099
0.000807344
0.00080256
0.00079775
0.000792921
0.000788074
0.000783216
0.00077835
0.000773479
0.000768607
0.000763739
0.000758877
0.000754024
0.000749185
0.000744362
0.000739557
0.000734774
0.000730015
0.000725283
0.000720581
0.00071591
0.000711272
0.000895157
0.000932611
0.00093192
0.000906825
0.000910589
0.000920183
0.000915585
0.00090975
0.00090842
0.000907319
0.000904884
0.000902102
0.000899373
0.000896539
0.000893525
0.000890359
0.000887061
0.000883636
0.000880088
0.000876424
0.00087265
0.000868771
0.000864794
0.000860724
0.000856566
0.000852326
0.000848009
0.000843621
0.000839166
0.000834651
0.00083008
0.000825457
0.000820789
0.000816079
0.000811332
0.000806553
0.000801746
0.000796916
0.000792067
0.000787202
0.000782327
0.000777445
0.000772559
0.000767674
0.000762793
0.000757919
0.000753055
0.000748205
0.000743372
0.000738558
0.000733767
0.000729
0.000724261
0.000719551
0.000714873
0.000898578
0.000936108
0.000934487
0.000909938
0.000914206
0.000923231
0.000918471
0.000912967
0.000911769
0.000910624
0.000908197
0.000905475
0.000902799
0.00090001
0.000897041
0.000893921
0.000890671
0.000887292
0.000883791
0.000880172
0.000876442
0.000872605
0.000868669
0.000864637
0.000860516
0.000856311
0.000852027
0.000847669
0.000843243
0.000838752
0.000834203
0.0008296
0.000824948
0.000820252
0.000815516
0.000810744
0.000805942
0.000801113
0.000796263
0.000791394
0.000786512
0.000781619
0.000776721
0.00077182
0.00076692
0.000762024
0.000757137
0.000752261
0.000747399
0.000742554
0.000737729
0.000732927
0.00072815
0.000723401
0.000718682
0.000902096
0.000939688
0.000937132
0.000913163
0.000917917
0.000926365
0.000921468
0.000916298
0.000915222
0.000914034
0.00091162
0.000908961
0.000906342
0.000903599
0.000900679
0.00089761
0.00089441
0.000891082
0.000887629
0.000884059
0.000880376
0.000876586
0.000872693
0.000868705
0.000864624
0.000860458
0.000856209
0.000851885
0.000847489
0.000843027
0.000838503
0.000833923
0.00082929
0.00082461
0.000819887
0.000815125
0.00081033
0.000805505
0.000800655
0.000795784
0.000790896
0.000785995
0.000781084
0.000776169
0.000771251
0.000766335
0.000761425
0.000756523
0.000751632
0.000746756
0.000741898
0.00073706
0.000732246
0.000727457
0.000722696
0.000905699
0.000943339
0.000939842
0.000916489
0.000921709
0.000929573
0.000924565
0.000919731
0.000918767
0.000917537
0.000915144
0.000912551
0.00090999
0.000907297
0.000904429
0.000901413
0.000898267
0.000894992
0.000891593
0.000888074
0.000884442
0.000880701
0.000876857
0.000872915
0.000868879
0.000864754
0.000860545
0.000856258
0.000851897
0.000847466
0.000842971
0.000838416
0.000833805
0.000829144
0.000824437
0.000819689
0.000814903
0.000810084
0.000805237
0.000800365
0.000795473
0.000790565
0.000785645
0.000780716
0.000775782
0.000770846
0.000765913
0.000760986
0.000756068
0.000751161
0.00074627
0.000741396
0.000736544
0.000731714
0.000726911
0.000909378
0.000947049
0.000942608
0.000919906
0.000925571
0.000932847
0.000927752
0.000923256
0.000922392
0.000921122
0.000918757
0.000916233
0.000913733
0.000911093
0.000908279
0.000905321
0.000902231
0.000899013
0.00089567
0.000892208
0.00088863
0.000884943
0.00088115
0.000877258
0.000873269
0.00086919
0.000865025
0.000860778
0.000856455
0.000852059
0.000847596
0.00084307
0.000838485
0.000833847
0.000829159
0.000824426
0.000819652
0.000814843
0.000810001
0.000805131
0.000800237
0.000795324
0.000790395
0.000785455
0.000780506
0.000775552
0.000770598
0.000765647
0.000760701
0.000755765
0.00075084
0.000745931
0.000741041
0.000736171
0.000731325
0.00091312
0.000950808
0.00094542
0.000923405
0.000929492
0.000936175
0.00093102
0.000926861
0.000926087
0.00092478
0.000922449
0.000919998
0.00091756
0.000914976
0.00091222
0.000909322
0.000906293
0.000903136
0.000899853
0.000896449
0.00089293
0.0008893
0.000885563
0.000881724
0.000877787
0.000873758
0.000869639
0.000865437
0.000861156
0.000856799
0.000852371
0.000847878
0.000843322
0.000838709
0.000834044
0.00082933
0.000824572
0.000819773
0.00081494
0.000810074
0.000805182
0.000800266
0.000795331
0.00079038
0.000785418
0.000780449
0.000775475
0.0007705
0.000765528
0.000760563
0.000755607
0.000750663
0.000745734
0.000740824
0.000735936
0.000916917
0.000954604
0.000948268
0.000926978
0.000933461
0.000939548
0.000934361
0.000930536
0.000929842
0.000928501
0.00092621
0.000923835
0.000921462
0.000918936
0.000916242
0.000913408
0.000910443
0.000907349
0.00090413
0.000900789
0.000897332
0.000893762
0.000890085
0.000886303
0.000882423
0.000878446
0.000874379
0.000870226
0.000865989
0.000861675
0.000857287
0.00085283
0.000848307
0.000843724
0.000839084
0.000834393
0.000829653
0.00082487
0.000820047
0.000815189
0.0008103
0.000805384
0.000800446
0.000795488
0.000790515
0.00078553
0.000780538
0.000775542
0.000770546
0.000765552
0.000760565
0.000755587
0.000750622
0.000745672
0.000740741
0.00092076
0.000958428
0.000951144
0.000930616
0.000937467
0.000942957
0.000937765
0.000934273
0.000933646
0.000932276
0.000930033
0.000927736
0.000925429
0.000922965
0.000920335
0.000917568
0.000914671
0.000911644
0.000908492
0.000905218
0.000901827
0.000898322
0.000894707
0.000890988
0.000887167
0.000883248
0.000879236
0.000875135
0.000870948
0.00086668
0.000862336
0.000857919
0.000853433
0.000848883
0.000844273
0.000839607
0.00083489
0.000830125
0.000825316
0.000820469
0.000815587
0.000810674
0.000805734
0.000800771
0.000795789
0.000790793
0.000785785
0.000780769
0.00077575
0.000770729
0.000765712
0.000760701
0.0007557
0.000750711
0.000745738
0.000924638
0.000962271
0.00095404
0.000934311
0.0009415
0.000946394
0.000941225
0.00093806
0.000937492
0.000936096
0.000933907
0.000931692
0.000929452
0.000927053
0.000924492
0.000921795
0.000918968
0.000916012
0.00091293
0.000909727
0.000906405
0.000902969
0.000899422
0.000895768
0.00089201
0.000888153
0.0008842
0.000880156
0.000876023
0.000871806
0.000867509
0.000863137
0.000858692
0.000854179
0.000849603
0.000844966
0.000840275
0.000835532
0.000830741
0.000825908
0.000821036
0.000816129
0.000811191
0.000806226
0.000801238
0.000796231
0.00079121
0.000786177
0.000781136
0.000776091
0.000771046
0.000766003
0.000760967
0.00075594
0.000750926
0.000928545
0.000966125
0.00095695
0.000938057
0.000945551
0.000949852
0.000944733
0.000941889
0.000941369
0.000939953
0.000937825
0.000935693
0.000933524
0.000931192
0.000928702
0.000926079
0.000923326
0.000920444
0.000917437
0.000914307
0.000911059
0.000907695
0.000904219
0.000900635
0.000896945
0.000893154
0.000889265
0.000885281
0.000881206
0.000877045
0.0008728
0.000868475
0.000864076
0.000859604
0.000855066
0.000850463
0.000845801
0.000841084
0.000836316
0.0008315
0.000826641
0.000821743
0.00081681
0.000811847
0.000806856
0.000801842
0.000796809
0.000791761
0.000786701
0.000781634
0.000776562
0.00077149
0.00076642
0.000761356
0.000756302
0.000932472
0.00096998
0.000959865
0.000941845
0.00094961
0.000953324
0.000948283
0.000945752
0.000945269
0.00094384
0.00094178
0.000939732
0.000937635
0.000935373
0.000932958
0.000930412
0.000927736
0.000924932
0.000922003
0.000918951
0.000915779
0.000912492
0.000909091
0.000905581
0.000901963
0.000898242
0.00089442
0.000890502
0.00088649
0.000882387
0.000878199
0.000873928
0.000869577
0.000865152
0.000860655
0.000856091
0.000851463
0.000846776
0.000842033
0.000837239
0.000832397
0.000827512
0.000822588
0.000817629
0.000812638
0.00080762
0.000802579
0.000797518
0.000792442
0.000787354
0.000782258
0.000777158
0.000772056
0.000766957
0.000761864
0.000936412
0.00097383
0.00096278
0.00094567
0.000953669
0.000956802
0.000951867
0.000949639
0.000949186
0.00094775
0.000945762
0.000943802
0.000941779
0.00093959
0.000937253
0.000934786
0.000932191
0.000929468
0.00092662
0.000923649
0.000920559
0.000917352
0.00091403
0.000910597
0.000907056
0.000903409
0.000899659
0.00089581
0.000891865
0.000887827
0.000883699
0.000879486
0.000875189
0.000870814
0.000866364
0.000861842
0.000857253
0.000852599
0.000847887
0.000843118
0.000838298
0.00083343
0.000828518
0.000823567
0.00081858
0.000813561
0.000808515
0.000803445
0.000798355
0.000793249
0.000788131
0.000783005
0.000777874
0.000772741
0.000767611
0.000940358
0.000977668
0.00096569
0.000949525
0.000957719
0.000960281
0.000955479
0.000953544
0.000953111
0.000951675
0.000949767
0.000947895
0.000945947
0.000943835
0.000941579
0.000939194
0.000936683
0.000934044
0.00093128
0.000928395
0.000925389
0.000922266
0.000919027
0.000915677
0.000912216
0.000908647
0.000904974
0.000901199
0.000897326
0.000893356
0.000889294
0.000885142
0.000880905
0.000876584
0.000872185
0.00086771
0.000863164
0.000858549
0.000853871
0.000849132
0.000844338
0.000839491
0.000834595
0.000829656
0.000824676
0.00081966
0.000814612
0.000809536
0.000804436
0.000799315
0.000794178
0.000789029
0.00078387
0.000778706
0.000773541
0.000944303
0.000981486
0.000968589
0.000953405
0.000961752
0.000963756
0.000959114
0.000957458
0.000957037
0.00095561
0.000953787
0.000952004
0.000950133
0.000948101
0.000945928
0.000943629
0.000941204
0.000938653
0.000935977
0.00093318
0.000930263
0.000927227
0.000924076
0.000920811
0.000917435
0.000913949
0.000910357
0.000906661
0.000902863
0.000898967
0.000894975
0.00089089
0.000886716
0.000882455
0.000878112
0.000873689
0.00086919
0.000864619
0.00085998
0.000855276
0.000850511
0.000845689
0.000840814
0.000835891
0.000830923
0.000825913
0.000820867
0.000815789
0.000810681
0.000805549
0.000800396
0.000795226
0.000790042
0.00078485
0.000779651
0.00094824
0.000985279
0.000971474
0.000957304
0.000965761
0.000967222
0.000962765
0.000961374
0.00096096
0.000959549
0.000957815
0.000956123
0.000954331
0.00095238
0.000950294
0.000948084
0.000945749
0.000943288
0.000940704
0.000937998
0.000935172
0.000932229
0.000929168
0.000925993
0.000922706
0.000919307
0.000915801
0.000912187
0.00090847
0.000904652
0.000900735
0.000896722
0.000892616
0.00088842
0.000884137
0.000879771
0.000875325
0.000870802
0.000866207
0.000861542
0.000856811
0.00085202
0.00084717
0.000842267
0.000837314
0.000832316
0.000827276
0.000822198
0.000817087
0.000811947
0.000806781
0.000801593
0.000796388
0.000791169
0.00078594
0.000952165
0.00098904
0.00097434
0.000961217
0.000969739
0.000970675
0.000966426
0.000965286
0.000964872
0.000963486
0.000961846
0.000960245
0.000958535
0.000956668
0.000954671
0.000952552
0.000950309
0.000947942
0.000945452
0.000942841
0.000940111
0.000937263
0.000934297
0.000931216
0.000928022
0.000924715
0.000921297
0.000917772
0.00091414
0.000910404
0.000906567
0.000902631
0.000898598
0.000894472
0.000890255
0.00088595
0.000881562
0.000877092
0.000872545
0.000867925
0.000863234
0.000858477
0.000853657
0.000848779
0.000843846
0.000838863
0.000833833
0.000828761
0.00082365
0.000818505
0.00081333
0.000808128
0.000802905
0.000797662
0.000792406
0.000956071
0.000992766
0.000977184
0.00096514
0.000973678
0.000974112
0.000970094
0.000969187
0.000968769
0.000967418
0.000965875
0.000964365
0.000962737
0.000960958
0.000959053
0.000957027
0.000954879
0.000952608
0.000950216
0.000947704
0.000945073
0.000942323
0.000939456
0.000936473
0.000933375
0.000930164
0.000926841
0.000923407
0.000919866
0.000916217
0.000912464
0.00090861
0.000904655
0.000900603
0.000896457
0.00089222
0.000887894
0.000883483
0.00087899
0.000874418
0.000869772
0.000865055
0.00086027
0.000855422
0.000850514
0.00084555
0.000840535
0.000835472
0.000830366
0.00082522
0.00082004
0.000814828
0.000809589
0.000804327
0.000799046
0.000959953
0.000996451
0.000980004
0.000969067
0.000977574
0.000977528
0.000973763
0.00097307
0.000972646
0.000971338
0.000969896
0.000968478
0.000966934
0.000965245
0.000963433
0.000961504
0.000959453
0.000957281
0.00095499
0.000952579
0.00095005
0.000947402
0.000944638
0.000941756
0.00093876
0.000935648
0.000932423
0.000929087
0.000925639
0.000922083
0.00091842
0.000914651
0.00091078
0.000906808
0.000902738
0.000898573
0.000894315
0.000889967
0.000885533
0.000881017
0.00087642
0.000871748
0.000867003
0.000862189
0.000857311
0.000852372
0.000847376
0.000842328
0.00083723
0.000832089
0.000826907
0.000821688
0.000816438
0.00081116
0.000805858
0.000963807
0.00100009
0.000982796
0.000972995
0.00098142
0.000980922
0.000977428
0.000976932
0.000976499
0.000975243
0.000973904
0.000972577
0.00097112
0.000969523
0.000967807
0.000965976
0.000964025
0.000961955
0.000959767
0.000957461
0.000955037
0.000952495
0.000949836
0.00094706
0.000944168
0.000941161
0.000938039
0.000934803
0.000931455
0.000927996
0.000924427
0.00092075
0.000916967
0.00091308
0.000909091
0.000905003
0.000900818
0.00089654
0.00089217
0.000887713
0.000883172
0.00087855
0.00087385
0.000869077
0.000864233
0.000859324
0.000854352
0.000849323
0.000844239
0.000839106
0.000833927
0.000828707
0.000823449
0.000818158
0.000812839
0.000967628
0.00100368
0.00098556
0.00097692
0.000985211
0.000984292
0.000981085
0.000980765
0.000980324
0.000979129
0.000977895
0.000976659
0.00097529
0.000973787
0.000972169
0.000970438
0.000968589
0.000966624
0.000964542
0.000962343
0.000960027
0.000957595
0.000955045
0.000952378
0.000949595
0.000946696
0.000943681
0.00094055
0.000937306
0.000933948
0.000930478
0.000926897
0.000923208
0.000919411
0.000915509
0.000911503
0.000907398
0.000903194
0.000898894
0.000894503
0.000890022
0.000885455
0.000880806
0.000876078
0.000871275
0.000866401
0.000861459
0.000856453
0.000851388
0.000846268
0.000841097
0.000835879
0.000830618
0.000825319
0.000819986
0.000971413
0.00100722
0.000988293
0.000980839
0.000988942
0.000987635
0.000984729
0.000984567
0.000984118
0.000982993
0.000981864
0.00098072
0.00097944
0.000978033
0.000976515
0.000974886
0.000973141
0.000971283
0.000969309
0.00096722
0.000965016
0.000962695
0.000960258
0.000957704
0.000955034
0.000952246
0.000949342
0.000946322
0.000943185
0.000939934
0.000936568
0.000933088
0.000929497
0.000925795
0.000921985
0.000918068
0.000914046
0.000909922
0.000905699
0.000901378
0.000896964
0.000892459
0.000887866
0.000883189
0.000878431
0.000873597
0.00086869
0.000863714
0.000858673
0.000853571
0.000848412
0.000843201
0.000837942
0.000832639
0.000827297
0.000975156
0.0010107
0.000990996
0.000984747
0.00099261
0.000990951
0.000988358
0.000988331
0.000987878
0.00098683
0.000985807
0.000984754
0.000983566
0.000982256
0.000980839
0.000979314
0.000977676
0.000975926
0.000974063
0.000972087
0.000969997
0.000967791
0.00096547
0.000963033
0.000960478
0.000957807
0.000955017
0.000952111
0.000949087
0.000945946
0.000942689
0.000939316
0.000935828
0.000932227
0.000928514
0.00092469
0.000920758
0.00091672
0.000912578
0.000908334
0.000903991
0.000899553
0.000895022
0.000890402
0.000885696
0.000880908
0.000876041
0.0008711
0.000866088
0.00086101
0.000855869
0.00085067
0.000845417
0.000840115
0.000834768
0.000978857
0.00101412
0.000993669
0.000988642
0.000996211
0.000994239
0.000991966
0.000992056
0.000991602
0.000990639
0.000989721
0.000988759
0.000987663
0.000986452
0.000985138
0.000983718
0.000982189
0.000980549
0.0009788
0.000976939
0.000974965
0.000972878
0.000970675
0.000968357
0.000965923
0.00096337
0.0009607
0.000957912
0.000955005
0.000951979
0.000948835
0.000945573
0.000942194
0.000938699
0.000935088
0.000931363
0.000927527
0.00092358
0.000919524
0.000915363
0.000911098
0.000906733
0.00090227
0.000897713
0.000893064
0.000888328
0.000883507
0.000878606
0.000873629
0.00086858
0.000863462
0.000858281
0.00085304
0.000847743
0.000842396
0.000982511
0.00101748
0.000996312
0.000992521
0.000999741
0.000997499
0.00099555
0.000995737
0.000995288
0.000994416
0.000993602
0.00099273
0.000991728
0.000990618
0.000989408
0.000988094
0.000986675
0.000985148
0.000983514
0.00098177
0.000979916
0.000977949
0.000975869
0.000973673
0.000971361
0.000968932
0.000966385
0.000963719
0.000960933
0.000958027
0.000955001
0.000951855
0.000948589
0.000945204
0.000941702
0.000938081
0.000934345
0.000930495
0.000926533
0.00092246
0.000918279
0.000913992
0.000909603
0.000905114
0.000900529
0.00089585
0.000891082
0.000886228
0.000881291
0.000876277
0.000871188
0.000866029
0.000860805
0.00085552
0.000850178
0.000986118
0.00102078
0.000998928
0.00099638
0.0010032
0.00100073
0.000999108
0.000999372
0.000998934
0.000998158
0.000997447
0.000996665
0.000995758
0.000994749
0.000993644
0.000992438
0.00099113
0.000989718
0.000988201
0.000986577
0.000984844
0.000983001
0.000981045
0.000978975
0.00097679
0.000974487
0.000972066
0.000969526
0.000966865
0.000964083
0.000961179
0.000958154
0.000955007
0.000951738
0.000948348
0.000944838
0.000941208
0.00093746
0.000933596
0.000929618
0.000925526
0.000921325
0.000917016
0.000912601
0.000908085
0.000903471
0.000898761
0.000893959
0.000889069
0.000884095
0.000879041
0.000873911
0.000868709
0.000863441
0.000858109
0.000989675
0.00102402
0.00100152
0.00100022
0.00100658
0.00100394
0.00100263
0.00100296
0.00100254
0.00100186
0.00100125
0.00100056
0.000999749
0.000998843
0.000997843
0.000996747
0.000995551
0.000994255
0.000992857
0.000991354
0.000989745
0.000988027
0.000986199
0.000984258
0.000982202
0.000980029
0.000977738
0.000975327
0.000972796
0.000970142
0.000967365
0.000964465
0.000961441
0.000958293
0.000955021
0.000951626
0.000948108
0.000944469
0.000940709
0.00093683
0.000932835
0.000928724
0.000924501
0.000920168
0.000915727
0.000911183
0.000906537
0.000901794
0.000896957
0.00089203
0.000887016
0.000881921
0.000876748
0.000871502
0.000866186
0.000993184
0.00102718
0.00100408
0.00100402
0.00100989
0.00100711
0.00100613
0.0010065
0.0010061
0.00100553
0.00100502
0.00100441
0.0010037
0.0010029
0.001002
0.00100102
0.000999934
0.000998756
0.000997478
0.000996098
0.000994615
0.000993025
0.000991327
0.000989516
0.000987593
0.000985553
0.000983395
0.000981118
0.00097872
0.000976198
0.000973553
0.000970782
0.000967886
0.000964864
0.000961715
0.00095844
0.00095504
0.000951514
0.000947864
0.000944092
0.000940198
0.000936184
0.000932053
0.000927807
0.000923449
0.00091898
0.000914405
0.000909727
0.000904949
0.000900075
0.000895109
0.000890055
0.000884916
0.000879698
0.000874404
0.000996644
0.00103028
0.00100663
0.0010078
0.00101313
0.00101027
0.00100959
0.00100998
0.00100962
0.00100915
0.00100874
0.00100822
0.00100761
0.0010069
0.00100612
0.00100524
0.00100428
0.00100322
0.00100206
0.00100081
0.00099945
0.00099799
0.000996423
0.000994747
0.000992958
0.000991054
0.000989034
0.000986893
0.000984631
0.000982246
0.000979736
0.000977099
0.000974335
0.000971444
0.000968423
0.000965274
0.000961996
0.00095859
0.000955056
0.000951395
0.000947609
0.000943698
0.000939666
0.000935513
0.000931243
0.000926858
0.00092236
0.000917754
0.000913041
0.000908227
0.000903314
0.000898307
0.000893209
0.000888025
0.000882759
0.00100006
0.00103332
0.00100915
0.00101155
0.00101629
0.0010134
0.00101301
0.00101342
0.0010131
0.00101273
0.00101241
0.00101199
0.00101147
0.00101087
0.00101019
0.00100942
0.00100857
0.00100763
0.0010066
0.00100547
0.00100425
0.00100292
0.00100148
0.000999945
0.000998293
0.000996529
0.000994647
0.000992647
0.000990525
0.00098828
0.000985909
0.000983411
0.000980784
0.000978027
0.00097514
0.000972122
0.000968972
0.00096569
0.000962278
0.000958735
0.000955062
0.000951261
0.000947333
0.00094328
0.000939105
0.000934809
0.000930395
0.000925866
0.000921226
0.000916478
0.000911625
0.000906671
0.000901621
0.000896478
0.000891246
0.00100342
0.00103629
0.00101167
0.00101525
0.00101938
0.0010165
0.00101638
0.0010168
0.00101653
0.00101627
0.00101603
0.0010157
0.00101528
0.00101478
0.00101421
0.00101356
0.00101282
0.001012
0.00101109
0.00101009
0.001009
0.0010078
0.00100651
0.00100511
0.00100359
0.00100197
0.00100023
0.000998375
0.000996397
0.000994295
0.000992067
0.000989712
0.000987226
0.000984609
0.00098186
0.000978977
0.00097596
0.000972809
0.000969523
0.000966104
0.00096255
0.000958865
0.000955048
0.000951101
0.000947027
0.000942827
0.000938504
0.00093406
0.000929499
0.000924823
0.000920037
0.000915143
0.000910147
0.000905051
0.000899861
0.00100674
0.00103919
0.00101417
0.00101891
0.0010224
0.00101959
0.00101972
0.00102013
0.00101992
0.00101976
0.00101961
0.00101936
0.00101904
0.00101864
0.00101818
0.00101764
0.00101702
0.00101632
0.00101554
0.00101467
0.00101371
0.00101265
0.00101149
0.00101023
0.00100886
0.00100738
0.00100578
0.00100407
0.00100224
0.00100029
0.000998206
0.000995996
0.000993656
0.000991184
0.000988577
0.000985834
0.000982956
0.00097994
0.000976787
0.000973496
0.000970069
0.000966504
0.000962804
0.00095897
0.000955004
0.000950906
0.00094668
0.000942328
0.000937852
0.000933256
0.000928544
0.000923717
0.000918781
0.00091374
0.000908597
0.00101001
0.00104203
0.00101666
0.00102252
0.00102535
0.00102265
0.00102301
0.00102341
0.00102326
0.0010232
0.00102313
0.00102297
0.00102274
0.00102245
0.0010221
0.00102167
0.00102117
0.00102059
0.00101993
0.00101919
0.00101836
0.00101744
0.00101642
0.0010153
0.00101408
0.00101274
0.0010113
0.00100974
0.00100805
0.00100625
0.00100432
0.00100226
0.00100007
0.000997745
0.000995285
0.000992688
0.000989953
0.000987077
0.000984062
0.000980906
0.00097761
0.000974173
0.000970596
0.000966881
0.000963028
0.00095904
0.000954918
0.000950664
0.000946281
0.000941771
0.000937139
0.000932387
0.000927519
0.000922538
0.000917449
0.00101323
0.0010448
0.00101914
0.00102607
0.00102825
0.0010257
0.00102625
0.00102663
0.00102655
0.00102659
0.0010266
0.00102653
0.0010264
0.00102621
0.00102596
0.00102564
0.00102526
0.00102481
0.00102427
0.00102366
0.00102297
0.00102218
0.00102131
0.00102033
0.00101925
0.00101807
0.00101677
0.00101536
0.00101383
0.00101218
0.0010104
0.0010085
0.00100646
0.00100429
0.00100198
0.000999532
0.000996945
0.000994215
0.000991343
0.000988328
0.000985168
0.000981864
0.000978417
0.000974827
0.000971095
0.000967222
0.00096321
0.000959061
0.000954778
0.000950362
0.000945817
0.000941146
0.000936353
0.00093144
0.000926413
0.0010164
0.00104752
0.0010216
0.00102956
0.00103108
0.00102872
0.00102945
0.00102981
0.0010298
0.00102992
0.00103001
0.00103003
0.00102999
0.00102991
0.00102976
0.00102956
0.00102929
0.00102896
0.00102856
0.00102808
0.00102752
0.00102687
0.00102614
0.00102531
0.00102438
0.00102334
0.0010222
0.00102094
0.00101957
0.00101807
0.00101645
0.0010147
0.00101282
0.00101081
0.00100865
0.00100636
0.00100393
0.00100135
0.000998624
0.000995754
0.000992737
0.000989573
0.000986261
0.000982802
0.000979197
0.000975446
0.000971551
0.000967514
0.000963337
0.000959022
0.000954571
0.000949989
0.000945277
0.00094044
0.000935481
0.00101951
0.00105018
0.00102406
0.00103297
0.00103387
0.00103172
0.00103259
0.00103293
0.00103299
0.0010332
0.00103337
0.00103347
0.00103353
0.00103354
0.00103351
0.00103342
0.00103327
0.00103306
0.00103279
0.00103244
0.00103201
0.00103151
0.00103092
0.00103023
0.00102945
0.00102857
0.00102758
0.00102648
0.00102526
0.00102392
0.00102246
0.00102087
0.00101915
0.0010173
0.0010153
0.00101317
0.00101089
0.00100847
0.0010059
0.00100318
0.00100031
0.000997291
0.000994121
0.000990799
0.000987327
0.000983705
0.000979934
0.000976016
0.000971952
0.000967744
0.000963396
0.000958909
0.000954286
0.000949532
0.000944649
0.00102255
0.00105279
0.0010265
0.0010363
0.00103661
0.00103468
0.00103568
0.001036
0.00103614
0.00103643
0.00103667
0.00103685
0.00103701
0.00103712
0.00103719
0.00103722
0.00103719
0.0010371
0.00103695
0.00103674
0.00103645
0.00103608
0.00103563
0.0010351
0.00103447
0.00103374
0.0010329
0.00103196
0.0010309
0.00102973
0.00102843
0.001027
0.00102545
0.00102376
0.00102193
0.00101995
0.00101784
0.00101557
0.00101316
0.0010106
0.00100788
0.00100501
0.00100199
0.000998813
0.00099548
0.000991993
0.000988353
0.00098456
0.000980616
0.000976523
0.000972283
0.000967899
0.000963373
0.000958708
0.000953909
0.00102551
0.00105536
0.00102892
0.00103953
0.0010393
0.00103761
0.00103872
0.00103902
0.00103923
0.00103959
0.00103991
0.00104018
0.00104043
0.00104064
0.00104082
0.00104095
0.00104104
0.00104107
0.00104105
0.00104097
0.00104082
0.0010406
0.00104029
0.0010399
0.00103943
0.00103885
0.00103817
0.00103739
0.0010365
0.00103548
0.00103435
0.00103309
0.0010317
0.00103018
0.00102851
0.00102671
0.00102476
0.00102266
0.00102041
0.00101801
0.00101545
0.00101274
0.00100986
0.00100684
0.00100365
0.0010003
0.0009968
0.000993139
0.000989323
0.000985351
0.000981228
0.000976953
0.000972531
0.000967964
0.000963255
0.00102838
0.00105791
0.00103132
0.00104268
0.00104195
0.0010405
0.00104169
0.00104199
0.00104227
0.0010427
0.00104309
0.00104344
0.00104378
0.0010441
0.00104438
0.00104462
0.00104483
0.00104499
0.00104509
0.00104514
0.00104513
0.00104505
0.00104489
0.00104465
0.00104432
0.0010439
0.00104339
0.00104277
0.00104203
0.00104119
0.00104022
0.00103913
0.00103791
0.00103655
0.00103506
0.00103343
0.00103164
0.00102971
0.00102763
0.00102539
0.001023
0.00102045
0.00101774
0.00101486
0.00101183
0.00100863
0.00100527
0.00100175
0.000998065
0.000994223
0.000990222
0.000986065
0.000981754
0.000977292
0.000972681
0.00103115
0.00106046
0.00103367
0.00104572
0.00104457
0.00104334
0.0010446
0.0010449
0.00104525
0.00104575
0.00104621
0.00104665
0.00104708
0.00104749
0.00104787
0.00104823
0.00104855
0.00104883
0.00104907
0.00104925
0.00104937
0.00104943
0.00104942
0.00104933
0.00104916
0.0010489
0.00104854
0.00104808
0.00104751
0.00104683
0.00104604
0.00104512
0.00104407
0.00104289
0.00104157
0.0010401
0.0010385
0.00103674
0.00103483
0.00103276
0.00103054
0.00102815
0.0010256
0.00102289
0.00102001
0.00101697
0.00101376
0.00101038
0.00100684
0.00100313
0.00099926
0.000995227
0.000991035
0.000986685
0.000982181
0.00103381
0.00106303
0.00103599
0.00104865
0.00104716
0.00104612
0.00104745
0.00104776
0.00104817
0.00104874
0.00104926
0.00104979
0.00105031
0.00105082
0.00105131
0.00105177
0.00105221
0.00105262
0.00105298
0.00105329
0.00105355
0.00105375
0.00105389
0.00105395
0.00105393
0.00105382
0.00105363
0.00105333
0.00105293
0.00105242
0.0010518
0.00105105
0.00105017
0.00104917
0.00104802
0.00104674
0.00104531
0.00104373
0.00104199
0.0010401
0.00103805
0.00103583
0.00103345
0.0010309
0.00102819
0.00102531
0.00102225
0.00101903
0.00101563
0.00101207
0.00100833
0.00100443
0.00100037
0.000996137
0.000991747
0.00103639
0.00106554
0.00103835
0.00105142
0.00104972
0.00104883
0.00105023
0.00105055
0.00105103
0.00105166
0.00105226
0.00105286
0.00105347
0.00105408
0.00105467
0.00105525
0.00105581
0.00105633
0.00105682
0.00105726
0.00105766
0.001058
0.00105828
0.0010585
0.00105863
0.00105868
0.00105865
0.00105852
0.00105829
0.00105795
0.00105749
0.00105692
0.00105622
0.00105539
0.00105443
0.00105332
0.00105207
0.00105067
0.00104912
0.0010474
0.00104553
0.00104349
0.00104128
0.00103891
0.00103636
0.00103364
0.00103075
0.00102768
0.00102444
0.00102103
0.00101744
0.00101368
0.00100974
0.00100564
0.00100137
0.000681404
0.000676857
0.000672268
0.000667637
0.000662966
0.000658254
0.000653503
0.000648714
0.000643887
0.000639024
0.000634124
0.00062919
0.000624222
0.00061922
0.000614187
0.000609122
0.000681731
0.000677179
0.000672585
0.000667948
0.000663271
0.000658554
0.000653797
0.000649001
0.000644168
0.000639297
0.000634391
0.000629449
0.000624474
0.000619465
0.000614423
0.000609351
0.000682369
0.000677807
0.000673202
0.000668555
0.000663867
0.000659138
0.000654369
0.000649561
0.000644714
0.000639831
0.000634911
0.000629955
0.000624965
0.000619941
0.000614884
0.000609796
0.000683301
0.000678725
0.000674105
0.000669442
0.000664738
0.000659992
0.000655205
0.000650379
0.000645514
0.000640611
0.000635671
0.000630695
0.000625683
0.000620638
0.000615559
0.000610448
0.000684515
0.00067992
0.00067528
0.000670597
0.000665872
0.000661104
0.000656294
0.000651445
0.000646555
0.000641627
0.000636661
0.000631659
0.00062662
0.000621546
0.000616438
0.000611298
0.000685997
0.000681379
0.000676716
0.000672009
0.000667258
0.000662463
0.000657626
0.000652748
0.000647829
0.000642871
0.000637873
0.000632838
0.000627765
0.000622657
0.000617514
0.000612337
0.000687738
0.000683094
0.000678404
0.000673668
0.000668887
0.000664061
0.000659192
0.000654281
0.000649327
0.000644333
0.000639298
0.000634225
0.000629114
0.000623965
0.000618781
0.000613561
0.000689729
0.000685055
0.000680334
0.000675565
0.00067075
0.00066589
0.000660984
0.000656035
0.000651042
0.000646007
0.000640931
0.000635814
0.000630658
0.000625464
0.000620232
0.000614964
0.000691961
0.000687255
0.000682499
0.000677694
0.000672842
0.000667942
0.000662996
0.000658004
0.000652968
0.000647888
0.000642765
0.0006376
0.000632394
0.000627148
0.000621864
0.000616542
0.000694428
0.000689685
0.000684892
0.000680048
0.000675155
0.000670213
0.000665222
0.000660184
0.0006551
0.00064997
0.000644795
0.000639577
0.000634317
0.000629014
0.000623672
0.00061829
0.000697122
0.000692342
0.000687508
0.000682622
0.000677685
0.000672696
0.000667657
0.00066257
0.000657433
0.000652249
0.000647019
0.000641743
0.000636423
0.00063106
0.000625654
0.000620207
0.00070004
0.000695218
0.000690342
0.000685411
0.000680426
0.000675388
0.000670298
0.000665157
0.000659965
0.000654723
0.000649433
0.000644095
0.000638711
0.000633281
0.000627807
0.00062229
0.000703175
0.00069831
0.000693388
0.00068841
0.000683375
0.000678285
0.000673141
0.000667942
0.000662691
0.000657388
0.000652034
0.00064663
0.000641177
0.000635677
0.00063013
0.000624538
0.000706523
0.000701614
0.000696645
0.000691616
0.000686529
0.000681384
0.000676182
0.000670924
0.00066561
0.000660242
0.00065482
0.000649346
0.000643821
0.000638246
0.000632621
0.000626949
0.000710082
0.000705126
0.000700107
0.000695027
0.000689885
0.000684683
0.000679421
0.000674099
0.00066872
0.000663284
0.000657791
0.000652243
0.000646641
0.000640987
0.00063528
0.000629524
0.000713847
0.000708842
0.000703773
0.000698639
0.00069344
0.000688179
0.000682854
0.000677467
0.00067202
0.000666512
0.000660945
0.000655319
0.000649637
0.000643899
0.000638107
0.000632261
0.000717815
0.000712762
0.00070764
0.00070245
0.000697194
0.00069187
0.000686481
0.000681026
0.000675507
0.000669925
0.00066428
0.000658575
0.000652808
0.000646983
0.000641101
0.000635162
0.000721984
0.000716881
0.000711706
0.00070646
0.000701143
0.000695756
0.0006903
0.000684775
0.000679183
0.000673524
0.000667799
0.000662009
0.000656155
0.00065024
0.000644263
0.000638227
0.000726352
0.000721198
0.000715968
0.000710665
0.000705287
0.000699835
0.00069431
0.000688714
0.000683046
0.000677307
0.000671499
0.000665622
0.000659678
0.000653669
0.000647594
0.000641456
0.000730916
0.000725711
0.000720427
0.000715064
0.000709624
0.000704106
0.000698512
0.000692841
0.000687095
0.000681275
0.000675382
0.000669415
0.000663378
0.000657271
0.000651095
0.000644852
0.000735674
0.000730418
0.000725079
0.000719657
0.000714154
0.000708569
0.000702904
0.000697158
0.000691333
0.000685429
0.000679447
0.000673389
0.000667256
0.000661048
0.000654767
0.000648416
0.000740626
0.000735318
0.000729924
0.000724443
0.000718876
0.000713224
0.000707486
0.000701664
0.000695758
0.000689768
0.000683697
0.000677545
0.000671312
0.000665001
0.000658613
0.000652149
0.000745768
0.000740409
0.00073496
0.00072942
0.00072379
0.000718069
0.000712259
0.000706359
0.000700371
0.000694295
0.000688132
0.000681883
0.000675549
0.000669132
0.000662633
0.000656053
0.000751099
0.000745691
0.000740188
0.000734589
0.000728894
0.000723105
0.000717222
0.000711244
0.000705172
0.000699008
0.000692752
0.000686405
0.000679968
0.000673442
0.000666829
0.000660131
0.000756618
0.000751161
0.000745604
0.000739947
0.000734189
0.000728332
0.000722375
0.000716318
0.000710163
0.00070391
0.000697559
0.000691112
0.00068457
0.000677934
0.000671205
0.000664384
0.000762323
0.000756819
0.000751209
0.000745495
0.000739674
0.000733749
0.000727719
0.000721584
0.000715344
0.000709001
0.000702555
0.000696007
0.000689358
0.000682609
0.000675761
0.000668816
0.000768213
0.000762663
0.000757002
0.000751231
0.000745349
0.000739357
0.000733254
0.00072704
0.000720716
0.000714283
0.000707741
0.00070109
0.000694333
0.000687469
0.000680501
0.000673429
0.000774285
0.000768691
0.000762981
0.000757155
0.000751213
0.000745154
0.000738979
0.000732688
0.00072628
0.000719756
0.000713117
0.000706364
0.000699497
0.000692517
0.000685426
0.000678226
0.000780539
0.000774903
0.000769145
0.000763267
0.000757266
0.000751142
0.000744896
0.000738527
0.000732036
0.000725422
0.000718686
0.000711829
0.000704852
0.000697755
0.00069054
0.000683208
0.000786971
0.000781296
0.000775494
0.000769564
0.000763506
0.00075732
0.000751004
0.000744559
0.000737985
0.000731281
0.000724449
0.000717488
0.0007104
0.000703185
0.000695844
0.00068838
0.000793581
0.00078787
0.000782025
0.000776047
0.000769934
0.000763687
0.000757303
0.000750783
0.000744127
0.000737335
0.000730406
0.000723342
0.000716143
0.000708809
0.000701342
0.000693743
0.000800366
0.000794621
0.000788738
0.000782714
0.000776549
0.000770242
0.000763793
0.0007572
0.000750464
0.000743584
0.00073656
0.000729393
0.000722082
0.000714629
0.000707035
0.000699301
0.000807324
0.000801549
0.00079563
0.000789563
0.000783349
0.000776986
0.000770474
0.00076381
0.000756996
0.000750029
0.000742911
0.000735642
0.00072822
0.000720648
0.000712927
0.000705056
0.000814452
0.000808651
0.000802699
0.000796594
0.000790334
0.000783918
0.000777345
0.000770613
0.000763722
0.000756672
0.000749461
0.00074209
0.000734559
0.000726868
0.000719018
0.000711011
0.000821748
0.000815925
0.000809945
0.000803805
0.000797502
0.000791036
0.000784406
0.000777608
0.000770644
0.000763511
0.00075621
0.000748739
0.000741099
0.00073329
0.000725313
0.000717168
0.000829208
0.000823369
0.000817364
0.000811193
0.000804852
0.00079834
0.000791655
0.000784796
0.000777761
0.000770548
0.000763158
0.00075559
0.000747843
0.000739917
0.000731813
0.000723531
0.000836831
0.000830979
0.000824955
0.000818757
0.000812382
0.000805828
0.000799093
0.000792175
0.000785072
0.000777784
0.000770308
0.000762644
0.000754791
0.00074675
0.00073852
0.000730101
0.000844612
0.000838752
0.000832714
0.000826494
0.00082009
0.000813498
0.000806717
0.000799744
0.000792578
0.000785216
0.000777658
0.000769901
0.000761945
0.00075379
0.000745436
0.000736882
0.000852548
0.000846686
0.000840639
0.000834402
0.000827973
0.000821349
0.000814527
0.000807504
0.000800278
0.000792847
0.000785209
0.000777362
0.000769306
0.00076104
0.000752562
0.000743874
0.000860635
0.000854777
0.000848726
0.000842478
0.00083603
0.000829378
0.000822519
0.000815451
0.00080817
0.000800674
0.00079296
0.000785028
0.000776874
0.000768499
0.000759902
0.000751081
0.000868869
0.00086302
0.000856972
0.000850719
0.000844257
0.000837583
0.000830694
0.000823585
0.000816253
0.000808697
0.000800912
0.000792897
0.000784651
0.00077617
0.000767454
0.000758503
0.000877246
0.000871413
0.000865373
0.000859121
0.000852652
0.000845962
0.000839047
0.000831903
0.000824527
0.000816915
0.000809064
0.000800971
0.000792635
0.000784052
0.000775222
0.000766143
0.000885762
0.000879952
0.000873926
0.000867681
0.000861211
0.000854511
0.000847577
0.000840404
0.000832989
0.000825327
0.000817415
0.000809249
0.000800827
0.000792147
0.000783206
0.000774002
0.000894411
0.00088863
0.000882627
0.000876395
0.000869931
0.000863227
0.00085628
0.000849085
0.000841637
0.00083393
0.000825963
0.000817729
0.000809227
0.000800453
0.000791405
0.000782081
0.000903189
0.000897444
0.00089147
0.000885259
0.000878807
0.000872107
0.000865154
0.000857943
0.000850468
0.000842724
0.000834707
0.000826411
0.000817834
0.000808972
0.000799822
0.000790381
0.000912091
0.000906389
0.000900451
0.000894268
0.000887836
0.000881147
0.000874195
0.000866975
0.00085948
0.000851705
0.000843645
0.000835294
0.000826648
0.000817703
0.000808455
0.000798902
0.000921111
0.00091546
0.000909565
0.000903418
0.000897013
0.000890343
0.0008834
0.000876178
0.00086867
0.000860871
0.000852774
0.000844374
0.000835666
0.000826644
0.000817305
0.000807644
0.000930243
0.000924651
0.000918807
0.000912704
0.000906334
0.000899689
0.000892763
0.000885547
0.000878035
0.000870219
0.000862093
0.000853651
0.000844887
0.000835795
0.00082637
0.000816608
0.000939482
0.000933955
0.000928171
0.000922119
0.000915792
0.000909182
0.00090228
0.000895079
0.00088757
0.000879746
0.000871599
0.000863122
0.00085431
0.000845154
0.00083565
0.000825793
0.000948821
0.000943369
0.000937651
0.000931659
0.000925384
0.000918817
0.000911948
0.000904769
0.000897272
0.000889447
0.000881287
0.000872785
0.000863931
0.00085472
0.000845144
0.000835198
0.000958254
0.000952884
0.000947242
0.000941319
0.000935104
0.000928587
0.00092176
0.000914613
0.000907136
0.00089932
0.000891155
0.000882635
0.000873748
0.000864489
0.000854849
0.000844822
0.000967774
0.000962495
0.000956938
0.000951091
0.000944944
0.000938488
0.000931712
0.000924605
0.000917157
0.000909359
0.000901199
0.000892669
0.000883759
0.00087446
0.000864764
0.000854663
0.000977376
0.000972196
0.000966731
0.00096097
0.000954901
0.000948514
0.000941798
0.000934741
0.000927332
0.00091956
0.000911414
0.000902884
0.000893959
0.00088463
0.000874886
0.00086472
0.000987052
0.000981979
0.000976616
0.000970949
0.000964967
0.000958659
0.000952012
0.000945014
0.000937653
0.000929918
0.000921795
0.000913275
0.000904345
0.000894994
0.000885213
0.000874989
0.000996796
0.000991839
0.000986585
0.000981021
0.000975136
0.000968915
0.000962347
0.000955419
0.000948116
0.000940427
0.000932338
0.000923838
0.000914912
0.00090555
0.00089574
0.00088547
)
;

boundaryField
{
    down
    {
        type            symmetryPlane;
    }
    right
    {
        type            fixedValue;
        value           nonuniform List<scalar> 0();
    }
    up
    {
        type            symmetryPlane;
    }
    left
    {
        type            zeroGradient;
    }
    cylinder
    {
        type            zeroGradient;
    }
    frontAndBack
    {
        type            empty;
    }
    procBoundary0to1
    {
        type            processor;
        value           nonuniform List<scalar> 
73
(
0.000885697
0.000897381
0.000909571
0.000922288
0.000935558
0.000949403
0.000963849
0.000978921
0.000994646
0.00101105
0.00102816
0.001046
0.00106461
0.001084
0.00110421
0.00112525
0.00114717
0.00116997
0.000604028
0.000604248
0.000604678
0.000605306
0.000606125
0.000607128
0.000608308
0.000609661
0.000611183
0.000612871
0.000614721
0.000616731
0.000618902
0.000621231
0.000623718
0.000626364
0.000629168
0.000632132
0.000635257
0.000638544
0.000641994
0.00064561
0.000649394
0.000653348
0.000657475
0.000661776
0.000666256
0.000670917
0.000675761
0.000680793
0.000686014
0.000691427
0.000697037
0.000702846
0.000708857
0.000715072
0.000721495
0.000728129
0.000734975
0.000742037
0.000749316
0.000756815
0.000764535
0.000772479
0.000780646
0.000789039
0.000797658
0.000806504
0.000815576
0.000824875
0.000834399
0.000844149
0.000854121
0.000864315
0.000874729
)
;
    }
    procBoundary0to4
    {
        type            processor;
        value           nonuniform List<scalar> 
72
(
0.00127523
0.00127667
0.00127784
0.00127871
0.00127924
0.0012794
0.00127916
0.00127847
0.00127729
0.00127558
0.00127328
0.00127034
0.00126671
0.00126232
0.00125711
0.00125101
0.00108555
0.00111495
0.00108709
0.0011016
0.00110015
0.00110031
0.00110288
0.00110438
0.00110624
0.00110842
0.00111072
0.00111318
0.00111582
0.00111861
0.00112154
0.00112462
0.00112782
0.00113114
0.00113457
0.00113811
0.00114174
0.00114547
0.00114927
0.00115314
0.00115709
0.00116108
0.00116512
0.0011692
0.00117331
0.00117744
0.00118159
0.00118573
0.00118986
0.00119398
0.00119807
0.00120212
0.00120612
0.00121007
0.00121394
0.00121774
0.00121774
0.0012309
0.00123489
0.00123878
0.00124256
0.00124621
0.00124972
0.0012531
0.00125631
0.00125936
0.00126223
0.00126492
0.00126741
0.00126969
0.00127175
0.00127358
)
;
    }
    procBoundary0to5
    {
        type            processor;
        value           nonuniform List<scalar> 2(0.00119369 0.00121834);
    }
}


// ************************************************************************* //
