/*--------------------------------*- C++ -*----------------------------------*\
| =========                 |                                                 |
| \\      /  F ield         | OpenFOAM: The Open Source CFD Toolbox           |
|  \\    /   O peration     | Version:  2412                                  |
|   \\  /    A nd           | Website:  www.openfoam.com                      |
|    \\/     M anipulation  |                                                 |
\*---------------------------------------------------------------------------*/
FoamFile
{
    version     2.0;
    format      ascii;
    arch        "LSB;label=32;scalar=64";
    class       volScalarField;
    location    "10.5";
    object      p;
}
// * * * * * * * * * * * * * * * * * * * * * * * * * * * * * * * * * * * * * //

dimensions      [0 2 -2 0 0 0 0];

internalField   nonuniform List<scalar> 
5285
(
0.00111167
0.00111225
0.00111254
0.00111251
0.00111214
0.00111138
0.00111021
0.00110858
0.00110646
0.0011038
0.00110054
0.00109666
0.00109208
0.00108675
0.00108062
0.00107362
0.0010966
0.0010967
0.00109651
0.00109599
0.00109511
0.00109384
0.00109214
0.00108999
0.00108733
0.00108412
0.00108033
0.0010759
0.00107079
0.00106493
0.00105828
0.00105077
0.00108177
0.00108143
0.00108078
0.00107979
0.00107843
0.00107668
0.0010745
0.00107185
0.0010687
0.001065
0.00106071
0.00105578
0.00105018
0.00104384
0.00103672
0.00102876
0.00106721
0.00106644
0.00106536
0.00106393
0.00106213
0.00105993
0.00105729
0.00105418
0.00105057
0.00104641
0.00104167
0.0010363
0.00103025
0.00102348
0.00101595
0.00100759
0.00105291
0.00105174
0.00105025
0.00104841
0.0010462
0.00104357
0.00104051
0.00103698
0.00103295
0.00102837
0.00102321
0.00101743
0.00101099
0.00100384
0.000995929
0.000987219
0.00103889
0.00103735
0.00103547
0.00103325
0.00103064
0.00102763
0.00102418
0.00102026
0.00101583
0.00101087
0.00100534
0.000999187
0.000992386
0.000984891
0.000976659
0.000967644
0.00102516
0.00102326
0.00102102
0.00101844
0.00101547
0.00101209
0.00100828
0.001004
0.00099922
0.000993909
0.000988032
0.000981552
0.000974433
0.000966634
0.000958117
0.000948839
0.00101171
0.00100947
0.00100691
0.00100398
0.00100068
0.000996965
0.000992818
0.000988208
0.000983105
0.000977478
0.000971292
0.000964516
0.000957114
0.000949049
0.000940284
0.000930782
0.00099855
0.000996003
0.000993122
0.000989885
0.000986268
0.000982247
0.000977794
0.000972882
0.000967484
0.00096157
0.000955108
0.000948068
0.000940416
0.000932119
0.000923142
0.000913451
0.000985686
0.000982847
0.000979675
0.000976147
0.000972242
0.000967935
0.000963201
0.000958015
0.00095235
0.000946177
0.000939468
0.000932194
0.000924324
0.000915826
0.00090667
0.000896822
0.000973117
0.000970006
0.000966563
0.000962767
0.000958595
0.000954026
0.000949036
0.0009436
0.000937693
0.000931289
0.000924361
0.000916881
0.000908821
0.000900153
0.000890846
0.000880872
0.000960844
0.00095748
0.000953786
0.000949741
0.000945325
0.000940517
0.000935293
0.000929631
0.000923507
0.000916897
0.000909775
0.000902116
0.000893893
0.00088508
0.000875651
0.000865577
0.000948866
0.000945268
0.000941342
0.000937068
0.000932428
0.000927401
0.000921965
0.000916099
0.000909782
0.000902989
0.000895697
0.000887883
0.000879522
0.00087059
0.000861062
0.000850913
0.000937184
0.000933368
0.000929228
0.000924744
0.000919898
0.000914672
0.000909045
0.000902997
0.000896507
0.000889553
0.000882114
0.000874167
0.00086569
0.000856662
0.000847058
0.000836856
0.000925795
0.000921778
0.00091744
0.000912764
0.000907732
0.000902325
0.000896526
0.000890315
0.000883672
0.000876578
0.000869012
0.000860953
0.000852382
0.000843277
0.000833618
0.000823384
0.000914696
0.000910494
0.000905975
0.000901123
0.000895921
0.000890352
0.000884399
0.000878043
0.000871267
0.000864051
0.000856377
0.000848226
0.000839579
0.000830417
0.000820721
0.000810474
0.000903885
0.000899513
0.000894829
0.000889817
0.000884461
0.000878746
0.000872656
0.000866173
0.00085928
0.00085196
0.000844195
0.00083597
0.000827264
0.000818063
0.000808348
0.000798102
0.000893359
0.000888831
0.000883995
0.000878838
0.000873344
0.000867499
0.000861287
0.000854693
0.000847699
0.000840292
0.000832453
0.000824169
0.000815421
0.000806195
0.000796476
0.000786247
0.000883114
0.000878442
0.00087347
0.000868182
0.000862564
0.000856603
0.000850284
0.000843593
0.000836515
0.000829034
0.000821137
0.000812808
0.000804033
0.000794797
0.000785087
0.000774889
0.000873145
0.000868344
0.000863247
0.00085784
0.000852113
0.000846049
0.000839638
0.000832864
0.000825714
0.000818174
0.000810231
0.000801872
0.000793082
0.00078385
0.000774161
0.000764005
0.000967635
0.000967818
0.000968251
0.000968983
0.000969945
0.000971137
0.000972552
0.00097417
0.000975978
0.000965609
0.000965787
0.000966203
0.00096691
0.000967837
0.000968987
0.000970351
0.000971909
0.00097365
0.000975562
0.000977638
0.000979871
0.000982255
0.000984786
0.000987456
0.000990258
0.000993184
0.000996227
0.000999377
0.00100263
0.00100597
0.0010094
0.0010129
0.00101647
0.0010201
0.00102379
0.00102751
0.00103127
0.00103505
0.00103886
0.00104266
0.00104647
0.00105027
0.00105404
0.00105779
0.0010615
0.00106515
0.00106875
0.00107227
0.00107572
0.00107908
0.00108233
0.00108547
0.0010885
0.00109139
0.00109414
0.00109673
0.00109916
0.00110143
0.00110351
0.00110539
0.00110708
0.00110856
0.00110982
0.00111085
0.000963548
0.00096372
0.00096412
0.000964801
0.000965693
0.000966799
0.000968111
0.00096961
0.000971283
0.00097312
0.000975111
0.000977253
0.000979538
0.000981962
0.000984517
0.000987197
0.000989993
0.000992897
0.000995901
0.000998997
0.00100218
0.00100543
0.00100876
0.00101214
0.00101557
0.00101904
0.00102255
0.00102609
0.00102964
0.00103319
0.00103675
0.00104029
0.00104381
0.00104731
0.00105076
0.00105416
0.00105751
0.00106078
0.00106398
0.00106709
0.00107009
0.00107299
0.00107577
0.00107842
0.00108093
0.00108329
0.00108549
0.00108752
0.00108937
0.00109103
0.0010925
0.00109376
0.00109481
0.00109563
0.00109623
0.000961451
0.000961619
0.000962001
0.000962656
0.000963513
0.000964575
0.000965836
0.000967274
0.000968879
0.00097064
0.000972547
0.000974596
0.000976782
0.000979099
0.000981539
0.000984096
0.000986762
0.000989527
0.000992385
0.000995326
0.000998343
0.00100143
0.00100457
0.00100776
0.001011
0.00101427
0.00101756
0.00102087
0.00102418
0.0010275
0.0010308
0.00103408
0.00103734
0.00104055
0.00104372
0.00104682
0.00104986
0.00105282
0.00105569
0.00105847
0.00106114
0.00106368
0.00106611
0.00106839
0.00107053
0.00107251
0.00107433
0.00107597
0.00107743
0.00107869
0.00107975
0.00108061
0.00108124
0.00108166
0.00108184
0.000959321
0.000959484
0.000959849
0.000960477
0.000961299
0.000962318
0.000963526
0.000964904
0.00096644
0.000968124
0.000969947
0.000971904
0.00097399
0.000976198
0.000978524
0.000980958
0.000983493
0.00098612
0.000988831
0.000991618
0.000994472
0.000997385
0.00100035
0.00100335
0.00100639
0.00100945
0.00101253
0.00101562
0.0010187
0.00102178
0.00102483
0.00102786
0.00103084
0.00103378
0.00103666
0.00103948
0.00104222
0.00104487
0.00104743
0.00104988
0.00105221
0.00105442
0.0010565
0.00105843
0.00106021
0.00106182
0.00106327
0.00106454
0.00106561
0.00106649
0.00106717
0.00106763
0.00106788
0.00106789
0.00106768
0.00095716
0.000957316
0.000957665
0.000958267
0.000959053
0.000960027
0.000961183
0.0009625
0.000963968
0.000965575
0.000967312
0.000969177
0.000971162
0.000973263
0.000975473
0.000977785
0.000980189
0.000982678
0.000985243
0.000987876
0.000990568
0.00099331
0.000996094
0.000998912
0.00100176
0.00100461
0.00100748
0.00101035
0.0010132
0.00101604
0.00101885
0.00102162
0.00102434
0.00102701
0.00102961
0.00103214
0.00103459
0.00103694
0.00103918
0.00104132
0.00104333
0.00104521
0.00104695
0.00104854
0.00104997
0.00105123
0.00105232
0.00105323
0.00105394
0.00105445
0.00105476
0.00105485
0.00105472
0.00105436
0.00105377
0.000954967
0.000955119
0.00095545
0.000956025
0.000956776
0.000957705
0.000958808
0.000960065
0.000961463
0.000962993
0.000964646
0.000966417
0.000968302
0.000970295
0.00097239
0.000974579
0.000976853
0.000979204
0.000981624
0.000984103
0.000986633
0.000989206
0.000991813
0.000994445
0.000997094
0.000999751
0.00100241
0.00100506
0.00100769
0.00101029
0.00101285
0.00101537
0.00101784
0.00102024
0.00102257
0.00102482
0.00102698
0.00102903
0.00103098
0.0010328
0.0010345
0.00103606
0.00103747
0.00103873
0.00103983
0.00104075
0.00104149
0.00104205
0.00104241
0.00104257
0.00104252
0.00104226
0.00104177
0.00104106
0.00104011
0.000952745
0.000952891
0.000953206
0.000953754
0.000954468
0.000955354
0.000956404
0.000957599
0.000958929
0.000960381
0.000961948
0.000963626
0.000965411
0.000967297
0.000969277
0.000971343
0.000973488
0.000975701
0.000977976
0.000980302
0.000982671
0.000985076
0.000987506
0.000989954
0.000992411
0.000994869
0.000997318
0.00099975
0.00100216
0.00100453
0.00100685
0.00100913
0.00101134
0.00101348
0.00101555
0.00101752
0.00101939
0.00102116
0.00102281
0.00102433
0.00102573
0.00102697
0.00102807
0.00102901
0.00102978
0.00103038
0.00103079
0.00103101
0.00103104
0.00103086
0.00103048
0.00102987
0.00102905
0.001028
0.00102672
0.000950495
0.000950636
0.000950933
0.000951455
0.000952133
0.000952974
0.000953971
0.000955105
0.000956365
0.00095774
0.000959222
0.000960807
0.000962492
0.00096427
0.000966135
0.00096808
0.000970095
0.000972172
0.000974302
0.000976476
0.000978686
0.000980923
0.000983178
0.000985444
0.000987711
0.000989971
0.000992214
0.000994434
0.000996619
0.000998763
0.00100086
0.00100289
0.00100485
0.00100674
0.00100854
0.00101024
0.00101184
0.00101333
0.00101469
0.00101592
0.00101702
0.00101797
0.00101876
0.00101939
0.00101985
0.00102013
0.00102022
0.00102013
0.00101983
0.00101934
0.00101863
0.0010177
0.00101656
0.00101519
0.0010136
0.000948218
0.000948354
0.000948634
0.000949129
0.000949771
0.000950567
0.000951511
0.000952584
0.000953774
0.000955071
0.000956468
0.000957961
0.000959545
0.000961216
0.000962967
0.000964791
0.000966677
0.000968618
0.000970605
0.000972628
0.00097468
0.000976751
0.000978833
0.000980918
0.000982997
0.000985061
0.000987102
0.000989112
0.000991081
0.000993
0.000994862
0.000996658
0.000998378
0.00100001
0.00100156
0.001003
0.00100433
0.00100554
0.00100663
0.00100758
0.00100839
0.00100904
0.00100954
0.00100987
0.00101003
0.00101001
0.0010098
0.0010094
0.0010088
0.00100799
0.00100698
0.00100575
0.0010043
0.00100263
0.00100074
0.000945916
0.000946047
0.00094631
0.000946778
0.000947384
0.000948136
0.000949026
0.000950038
0.000951158
0.000952377
0.000953689
0.000955089
0.000956574
0.000958138
0.000959776
0.000961479
0.000963237
0.000965043
0.000966887
0.000968761
0.000970656
0.000972563
0.000974473
0.000976379
0.000978273
0.000980144
0.000981985
0.000983788
0.000985544
0.000987244
0.000988879
0.000990442
0.000991923
0.000993314
0.000994607
0.000995793
0.000996864
0.000997811
0.000998627
0.000999304
0.000999833
0.00100021
0.00100042
0.00100047
0.00100034
0.00100002
0.000999524
0.00099883
0.000997938
0.000996841
0.000995537
0.00099402
0.000992287
0.000990335
0.000988161
0.00094359
0.000943717
0.000943962
0.000944403
0.000944974
0.00094568
0.000946518
0.000947468
0.000948518
0.00094966
0.000950886
0.000952193
0.000953579
0.000955038
0.000956563
0.000958146
0.000959778
0.00096145
0.000963153
0.000964878
0.000966617
0.000968361
0.000970103
0.000971832
0.000973542
0.000975223
0.000976868
0.000978467
0.000980013
0.000981497
0.000982911
0.000984246
0.000985494
0.000986646
0.000987695
0.000988631
0.000989449
0.000990138
0.000990692
0.000991103
0.000991364
0.000991468
0.000991408
0.000991177
0.00099077
0.000990179
0.000989401
0.000988428
0.000987258
0.000985885
0.000984306
0.000982516
0.000980513
0.000978294
0.000975858
0.000941241
0.000941364
0.000941592
0.000942005
0.000942541
0.000943203
0.000943987
0.000944876
0.000945856
0.00094692
0.00094806
0.000949276
0.000950563
0.000951917
0.00095333
0.000954794
0.0009563
0.000957839
0.000959403
0.000960981
0.000962567
0.00096415
0.000965724
0.000967279
0.000968808
0.000970302
0.000971754
0.000973153
0.000974493
0.000975766
0.000976962
0.000978074
0.000979094
0.000980013
0.000980824
0.000981519
0.000982089
0.000982529
0.000982829
0.000982984
0.000982986
0.000982828
0.000982505
0.000982009
0.000981336
0.00098048
0.000979435
0.000978198
0.000976764
0.000975128
0.000973289
0.000971241
0.000968985
0.000966516
0.000963834
0.000938871
0.000938989
0.000939201
0.000939588
0.000940087
0.000940705
0.000941436
0.000942263
0.000943173
0.000944159
0.000945215
0.000946339
0.000947528
0.000948777
0.00095008
0.000951426
0.000952808
0.000954216
0.00095564
0.000957074
0.000958507
0.000959932
0.00096134
0.000962724
0.000964075
0.000965385
0.000966646
0.000967849
0.000968988
0.000970053
0.000971037
0.000971931
0.000972728
0.00097342
0.000974
0.000974459
0.000974791
0.000974988
0.000975043
0.00097495
0.000974702
0.000974293
0.000973716
0.000972967
0.00097204
0.00097093
0.000969632
0.000968142
0.000966457
0.000964574
0.000962488
0.000960199
0.000957703
0.000955
0.000952088
0.000936482
0.000936595
0.00093679
0.00093715
0.000937614
0.000938188
0.000938866
0.000939631
0.000940471
0.000941378
0.000942349
0.000943383
0.000944475
0.000945621
0.000946814
0.000948044
0.000949302
0.00095058
0.000951868
0.000953158
0.000954441
0.00095571
0.000956955
0.00095817
0.000959345
0.000960474
0.000961548
0.00096256
0.0009635
0.000964362
0.000965138
0.00096582
0.0009664
0.000966872
0.000967226
0.000967457
0.000967557
0.00096752
0.000967339
0.000967007
0.000966518
0.000965867
0.000965048
0.000964055
0.000962885
0.000961533
0.000959994
0.000958265
0.000956342
0.000954224
0.000951907
0.000949389
0.000946669
0.000943747
0.00094062
0.000934074
0.000934183
0.000934362
0.000934695
0.000935124
0.000935654
0.000936279
0.000936982
0.000937751
0.00093858
0.000939467
0.00094041
0.000941406
0.000942451
0.000943535
0.00094465
0.000945786
0.000946936
0.000948088
0.000949237
0.000950372
0.000951486
0.000952571
0.000953619
0.000954623
0.000955574
0.000956464
0.000957287
0.000958034
0.000958698
0.000959271
0.000959746
0.000960115
0.000960371
0.000960508
0.000960517
0.000960393
0.000960129
0.000959719
0.000959157
0.000958437
0.000957553
0.000956502
0.000955277
0.000953875
0.000952292
0.000950524
0.000948568
0.000946421
0.00094408
0.000941545
0.000938813
0.000935884
0.000932756
0.000929431
0.000931649
0.000931754
0.000931916
0.000932223
0.000932618
0.000933104
0.000933676
0.000934316
0.000935014
0.000935765
0.000936568
0.000937422
0.000938324
0.000939267
0.000940244
0.000941245
0.000942262
0.000943284
0.000944304
0.000945312
0.000946301
0.000947263
0.00094819
0.000949075
0.000949909
0.000950686
0.000951397
0.000952036
0.000952594
0.000953064
0.000953439
0.000953712
0.000953875
0.000953923
0.000953847
0.000953642
0.000953302
0.000952819
0.000952189
0.000951405
0.000950462
0.000949356
0.000948082
0.000946636
0.000945013
0.00094321
0.000941224
0.000939053
0.000936694
0.000934144
0.000931404
0.000928471
0.000925346
0.000922027
0.000918517
0.000929208
0.000929309
0.000929455
0.000929736
0.000930096
0.000930539
0.000931059
0.000931636
0.000932263
0.000932936
0.000933655
0.00093442
0.000935228
0.000936072
0.000936944
0.000937833
0.000938731
0.000939628
0.000940516
0.000941387
0.000942232
0.000943045
0.000943817
0.000944541
0.000945209
0.000945815
0.00094635
0.000946808
0.000947181
0.000947462
0.000947645
0.000947721
0.000947685
0.00094753
0.000947249
0.000946837
0.000946287
0.000945593
0.00094475
0.000943754
0.000942598
0.000941279
0.000939792
0.000938133
0.0009363
0.000934289
0.000932097
0.000929722
0.000927162
0.000924417
0.000921484
0.000918363
0.000915055
0.000911559
0.000907877
0.000926754
0.000926851
0.00092698
0.000927235
0.000927562
0.000927962
0.000928428
0.000928943
0.000929498
0.000930093
0.000930729
0.000931407
0.000932123
0.000932869
0.000933636
0.000934415
0.000935196
0.00093597
0.000936728
0.000937463
0.000938167
0.000938833
0.000939452
0.000940018
0.000940524
0.000940962
0.000941325
0.000941607
0.0009418
0.000941897
0.000941891
0.000941777
0.000941547
0.000941196
0.000940716
0.000940103
0.000939351
0.000938454
0.000937407
0.000936206
0.000934846
0.000933323
0.000931633
0.000929773
0.000927739
0.00092553
0.000923143
0.000920576
0.000917827
0.000914897
0.000911784
0.000908488
0.000905009
0.000901349
0.000897508
0.000924286
0.000924379
0.000924493
0.000924722
0.000925015
0.000925373
0.000925786
0.000926238
0.000926721
0.000927238
0.000927792
0.000928384
0.000929008
0.000929658
0.000930323
0.000930993
0.000931659
0.000932311
0.000932942
0.000933543
0.000934108
0.000934629
0.000935099
0.00093551
0.000935857
0.000936131
0.000936326
0.000936435
0.000936452
0.00093637
0.000936182
0.000935882
0.000935465
0.000934923
0.000934251
0.000933445
0.000932497
0.000931405
0.000930162
0.000928765
0.000927209
0.000925491
0.000923607
0.000921555
0.000919331
0.000916935
0.000914363
0.000911615
0.000908689
0.000905585
0.000902303
0.000898844
0.000895207
0.000891394
0.000887407
0.000921808
0.000921896
0.000921994
0.000922198
0.000922458
0.000922773
0.000923134
0.000923522
0.000923934
0.000924374
0.000924846
0.000925353
0.000925888
0.000926442
0.000927006
0.000927569
0.000928122
0.000928654
0.00092916
0.00092963
0.000930058
0.000930437
0.00093076
0.00093102
0.00093121
0.000931324
0.000931355
0.000931297
0.000931142
0.000930885
0.00093052
0.00093004
0.00092944
0.000928714
0.000927857
0.000926864
0.000925729
0.000924448
0.000923017
0.000921432
0.000919689
0.000917785
0.000915716
0.000913481
0.000911078
0.000908504
0.000905758
0.000902839
0.000899746
0.00089648
0.000893041
0.000889429
0.000885646
0.000881692
0.00087757
0.00091937
0.000919454
0.000919537
0.000919716
0.000919944
0.000920217
0.000920526
0.000920853
0.000921195
0.000921559
0.000921953
0.000922378
0.000922827
0.00092329
0.000923757
0.000924216
0.000924659
0.000925077
0.000925461
0.000925805
0.000926102
0.000926344
0.000926526
0.000926641
0.000926682
0.000926642
0.000926516
0.000926297
0.000925979
0.000925556
0.000925022
0.000924372
0.000923599
0.000922699
0.000921666
0.000920496
0.000919185
0.000917727
0.000916119
0.000914357
0.000912439
0.000910361
0.000908121
0.000905716
0.000903146
0.000900407
0.0008975
0.000894424
0.000891179
0.000887764
0.000884181
0.000880431
0.000876514
0.000872433
0.00086819
0.000916952
0.000917031
0.000917099
0.000917254
0.000917451
0.000917684
0.000917942
0.000918207
0.00091848
0.000918771
0.000919088
0.000919432
0.000919797
0.000920171
0.000920543
0.000920902
0.000921239
0.000921544
0.000921811
0.000922032
0.000922201
0.000922311
0.000922357
0.000922331
0.000922227
0.00092204
0.000921762
0.000921389
0.000920913
0.000920331
0.000919635
0.00091882
0.000917882
0.000916815
0.000915615
0.000914277
0.000912796
0.00091117
0.000909395
0.000907466
0.000905383
0.000903141
0.000900738
0.000898174
0.000895447
0.000892555
0.000889498
0.000886275
0.000882888
0.000879336
0.00087562
0.000871742
0.000867704
0.000863507
0.000859154
0.000914479
0.000914552
0.000914605
0.000914735
0.000914901
0.000915093
0.000915299
0.000915503
0.000915706
0.000915922
0.000916161
0.000916425
0.000916705
0.00091699
0.000917268
0.000917526
0.000917755
0.000917948
0.000918097
0.000918196
0.000918237
0.000918215
0.000918124
0.000917958
0.00091771
0.000917375
0.000916947
0.00091642
0.000915789
0.000915048
0.000914191
0.000913215
0.000912113
0.000910882
0.000909517
0.000908014
0.000906368
0.000904577
0.000902638
0.000900547
0.000898302
0.000895901
0.000893341
0.000890623
0.000887744
0.000884704
0.000881503
0.00087814
0.000874617
0.000870935
0.000867093
0.000863095
0.000858942
0.000854637
0.000850181
0.00091195
0.000912017
0.000912056
0.000912161
0.000912294
0.000912444
0.000912599
0.00091274
0.000912872
0.000913013
0.000913175
0.000913358
0.000913553
0.000913749
0.000913931
0.000914087
0.00091421
0.00091429
0.000914321
0.000914297
0.00091421
0.000914057
0.000913829
0.000913523
0.000913132
0.00091265
0.000912073
0.000911394
0.000910608
0.00090971
0.000908695
0.000907559
0.000906297
0.000904904
0.000903377
0.000901712
0.000899905
0.000897953
0.000895853
0.000893604
0.000891202
0.000888647
0.000885936
0.000883068
0.000880044
0.000876862
0.000873522
0.000870026
0.000866374
0.000862567
0.000858607
0.000854496
0.000850235
0.000845828
0.000841278
0.000909365
0.000909426
0.00090945
0.000909529
0.000909631
0.000909738
0.00090984
0.000909918
0.00090998
0.000910046
0.00091013
0.000910231
0.000910342
0.000910447
0.000910533
0.000910588
0.000910604
0.000910571
0.000910484
0.000910336
0.000910123
0.000909837
0.000909475
0.000909029
0.000908495
0.000907868
0.000907142
0.000906312
0.000905374
0.000904321
0.00090315
0.000901857
0.000900436
0.000898885
0.000897199
0.000895375
0.00089341
0.000891301
0.000889046
0.000886643
0.000884089
0.000881384
0.000878526
0.000875516
0.000872351
0.000869033
0.000865562
0.000861939
0.000858164
0.00085424
0.000850168
0.00084595
0.00084159
0.000837089
0.000832451
0.000906725
0.000906779
0.000906788
0.000906841
0.00090691
0.000906974
0.000907022
0.000907038
0.00090703
0.000907021
0.000907027
0.000907047
0.000907072
0.000907086
0.000907076
0.00090703
0.000906937
0.000906792
0.000906587
0.000906317
0.000905976
0.000905559
0.000905062
0.000904478
0.000903802
0.000903031
0.000902158
0.000901179
0.000900089
0.000898884
0.000897559
0.000896111
0.000894535
0.000892828
0.000890986
0.000889008
0.000886889
0.000884627
0.000882221
0.000879668
0.000876968
0.000874119
0.00087112
0.000867971
0.000864673
0.000861225
0.000857628
0.000853884
0.000849994
0.000845959
0.000841782
0.000837466
0.000833012
0.000828425
0.000823707
0.000904029
0.000904077
0.00090407
0.000904096
0.000904132
0.000904153
0.000904147
0.000904101
0.000904023
0.00090394
0.000903867
0.000903806
0.000903745
0.000903668
0.000903562
0.000903413
0.000903213
0.000902954
0.000902631
0.000902239
0.000901771
0.000901224
0.000900592
0.000899871
0.000899055
0.000898141
0.000897123
0.000895996
0.000894757
0.000893402
0.000891926
0.000890325
0.000888597
0.000886738
0.000884745
0.000882615
0.000880346
0.000877936
0.000875383
0.000872686
0.000869844
0.000866856
0.000863721
0.000860441
0.000857014
0.000853443
0.000849727
0.000845869
0.000841869
0.000837731
0.000833456
0.000829048
0.000824509
0.000819842
0.000815051
0.000901278
0.000901318
0.000901296
0.000901295
0.000901297
0.000901274
0.000901215
0.000901107
0.000900961
0.000900804
0.000900653
0.00090051
0.000900362
0.000900194
0.00089999
0.000899739
0.000899431
0.000899059
0.000898619
0.000898104
0.000897511
0.000896834
0.000896069
0.000895212
0.000894257
0.000893201
0.000892039
0.000890768
0.000889382
0.000887879
0.000886254
0.000884505
0.000882627
0.000880619
0.000878478
0.000876201
0.000873786
0.000871232
0.000868538
0.000865701
0.000862723
0.000859601
0.000856337
0.00085293
0.000849382
0.000845693
0.000841865
0.000837899
0.000833797
0.000829562
0.000825197
0.000820704
0.000816086
0.000811347
0.00080649
0.000898472
0.000898504
0.000898467
0.000898438
0.000898406
0.000898339
0.000898226
0.000898057
0.000897844
0.000897614
0.000897386
0.00089716
0.000896926
0.000896665
0.000896364
0.00089601
0.000895594
0.00089511
0.000894552
0.000893916
0.000893197
0.000892392
0.000891495
0.000890502
0.00088941
0.000888215
0.000886911
0.000885496
0.000883967
0.000882318
0.000880548
0.000878652
0.00087663
0.000874476
0.000872191
0.000869771
0.000867215
0.000864522
0.00086169
0.00085872
0.00085561
0.000852361
0.000848972
0.000845446
0.000841782
0.000837982
0.000834047
0.000829981
0.000825784
0.000821459
0.000817009
0.000812438
0.000807749
0.000802945
0.00079803
0.000895611
0.000895636
0.000895583
0.000895526
0.000895459
0.000895348
0.000895182
0.000894954
0.000894675
0.000894373
0.000894067
0.000893759
0.000893437
0.000893084
0.000892684
0.000892227
0.000891703
0.000891107
0.000890432
0.000889676
0.000888833
0.000887899
0.000886872
0.000885746
0.000884518
0.000883185
0.000881742
0.000880186
0.000878515
0.000876724
0.000874811
0.000872773
0.000870608
0.000868314
0.000865889
0.00086333
0.000860638
0.00085781
0.000854847
0.000851747
0.000848512
0.00084514
0.000841634
0.000837993
0.00083422
0.000830315
0.000826281
0.00082212
0.000817834
0.000813427
0.0008089
0.000804258
0.000799504
0.000794642
0.000789675
0.000892696
0.000892714
0.000892645
0.00089256
0.000892458
0.000892303
0.000892085
0.000891797
0.000891454
0.000891081
0.000890699
0.000890308
0.000889897
0.000889451
0.000888953
0.000888393
0.000887762
0.000887053
0.000886262
0.000885386
0.000884419
0.00088336
0.000882203
0.000880945
0.000879584
0.000878115
0.000876535
0.000874841
0.000873031
0.000871101
0.000869049
0.000866872
0.000864569
0.000862137
0.000859576
0.000856884
0.000854059
0.000851102
0.000848012
0.000844789
0.000841433
0.000837946
0.000834327
0.000830579
0.000826702
0.0008227
0.000818573
0.000814324
0.000809956
0.000805472
0.000800876
0.00079617
0.000791358
0.000786444
0.000781433
0.000889728
0.000889738
0.000889655
0.000889541
0.000889403
0.000889205
0.000888934
0.000888589
0.000888183
0.00088774
0.000887281
0.000886808
0.000886309
0.000885769
0.000885173
0.00088451
0.000883771
0.000882951
0.000882045
0.000881049
0.000879961
0.000878776
0.000877491
0.000876104
0.000874611
0.000873008
0.000871294
0.000869465
0.000867519
0.000865453
0.000863265
0.000860953
0.000858515
0.000855951
0.000853258
0.000850436
0.000847485
0.000844404
0.000841192
0.000837851
0.000834381
0.000830783
0.000827059
0.000823209
0.000819235
0.000815141
0.000810927
0.000806597
0.000802154
0.000797601
0.000792941
0.000788178
0.000783315
0.000778357
0.000773307
0.000886708
0.000886711
0.000886612
0.00088647
0.000886297
0.000886055
0.000885733
0.000885332
0.000884863
0.000884352
0.000883818
0.000883262
0.000882674
0.00088204
0.000881345
0.000880579
0.000879733
0.000878802
0.000877782
0.000876669
0.000875459
0.000874151
0.00087274
0.000871225
0.000869602
0.000867869
0.000866023
0.000864062
0.000861983
0.000859784
0.000857464
0.000855021
0.000852453
0.00084976
0.000846941
0.000843994
0.000840921
0.00083772
0.000834393
0.00083094
0.000827361
0.000823659
0.000819834
0.000815889
0.000811825
0.000807645
0.000803351
0.000798947
0.000794435
0.000789819
0.000785102
0.000780288
0.000775381
0.000770385
0.000765304
0.000883637
0.000883633
0.00088352
0.000883348
0.00088314
0.000882855
0.000882483
0.000882027
0.000881498
0.000880919
0.000880309
0.00087967
0.000878994
0.000878266
0.000877473
0.000876604
0.000875652
0.000874611
0.000873477
0.000872247
0.000870918
0.000869488
0.000867954
0.000866313
0.000864563
0.000862702
0.000860727
0.000858636
0.000856428
0.0008541
0.000851652
0.000849081
0.000846388
0.000843571
0.000840629
0.000837563
0.000834373
0.000831058
0.00082762
0.00082406
0.000820379
0.000816578
0.000812659
0.000808624
0.000804476
0.000800217
0.00079585
0.000791378
0.000786804
0.000782131
0.000777364
0.000772506
0.000767561
0.000762533
0.000757427
0.000880517
0.000880506
0.000880379
0.000880178
0.000879934
0.000879608
0.000879186
0.000878675
0.000878087
0.000877441
0.000876757
0.000876036
0.000875271
0.00087445
0.000873558
0.000872587
0.000871529
0.000870379
0.000869133
0.000867788
0.000866341
0.000864791
0.000863136
0.000861371
0.000859497
0.00085751
0.000855409
0.000853193
0.000850859
0.000848406
0.000845833
0.000843139
0.000840324
0.000837387
0.000834328
0.000831148
0.000827846
0.000824423
0.00082088
0.000817219
0.00081344
0.000809547
0.00080554
0.000801422
0.000797196
0.000792864
0.00078843
0.000783896
0.000779266
0.000774544
0.000769733
0.000764837
0.00075986
0.000754807
0.000749682
0.000877349
0.000877332
0.00087719
0.000876961
0.000876682
0.000876314
0.000875844
0.00087528
0.000874633
0.000873921
0.000873163
0.000872361
0.000871508
0.000870593
0.000869604
0.000868531
0.000867368
0.00086611
0.000864753
0.000863294
0.000861732
0.000860064
0.000858289
0.000856404
0.000854408
0.000852299
0.000850075
0.000847736
0.00084528
0.000842705
0.000840012
0.0008372
0.000834268
0.000831216
0.000828045
0.000824754
0.000821346
0.00081782
0.000814178
0.000810421
0.000806552
0.000802572
0.000798483
0.000794288
0.00078999
0.000785592
0.000781097
0.000776507
0.000771828
0.000767062
0.000762213
0.000757285
0.000752283
0.000747211
0.000742072
0.000874135
0.000874112
0.000873957
0.0008737
0.000873385
0.000872977
0.000872459
0.000871842
0.000871137
0.000870361
0.000869529
0.000868646
0.000867706
0.000866699
0.000865613
0.000864439
0.000863172
0.000861807
0.000860341
0.000858771
0.000857095
0.000855311
0.000853419
0.000851416
0.000849301
0.000847072
0.00084473
0.000842271
0.000839696
0.000837005
0.000834195
0.000831268
0.000828224
0.000825062
0.000821783
0.000818389
0.000814879
0.000811256
0.00080752
0.000803674
0.000799719
0.000795658
0.000791493
0.000787228
0.000782864
0.000778406
0.000773855
0.000769217
0.000764494
0.00075969
0.00075481
0.000749857
0.000744835
0.000739748
0.000734602
0.000870878
0.000870849
0.000870681
0.000870396
0.000870047
0.000869599
0.000869034
0.000868365
0.000867603
0.000866763
0.000865858
0.000864895
0.000863869
0.000862769
0.000861587
0.000860314
0.000858945
0.000857474
0.0008559
0.00085422
0.000852433
0.000850536
0.000848529
0.000846411
0.00084418
0.000841836
0.000839377
0.000836803
0.000834114
0.000831309
0.000828388
0.000825351
0.000822199
0.000818932
0.000815551
0.000812057
0.000808451
0.000804736
0.000800912
0.000796982
0.000792948
0.000788812
0.000784577
0.000780247
0.000775824
0.000771311
0.000766712
0.00076203
0.00075727
0.000752434
0.000747528
0.000742555
0.000737519
0.000732424
0.000727275
0.000867581
0.000867545
0.000867364
0.000867052
0.000866668
0.000866183
0.000865572
0.000864851
0.000864033
0.000863129
0.000862153
0.00086111
0.000859998
0.000858808
0.000857531
0.00085616
0.00085469
0.000853116
0.000851435
0.000849648
0.000847751
0.000845743
0.000843625
0.000841394
0.000839051
0.000836594
0.000834023
0.000831337
0.000828537
0.000825623
0.000822595
0.000819453
0.000816198
0.00081283
0.000809352
0.000805764
0.000802068
0.000798266
0.00079436
0.000790352
0.000786244
0.000782039
0.000777741
0.000773351
0.000768874
0.000764313
0.000759671
0.000754952
0.00075016
0.000745299
0.000740372
0.000735384
0.000730339
0.000725242
0.000720096
0.000864244
0.000864203
0.00086401
0.000863671
0.000863253
0.00086273
0.000862074
0.000861302
0.000860428
0.000859461
0.000858415
0.000857295
0.000856098
0.000854819
0.000853448
0.000851981
0.00085041
0.000848734
0.000846951
0.000845057
0.000843053
0.000840938
0.000838711
0.000836371
0.000833918
0.000831352
0.000828672
0.000825879
0.000822973
0.000819954
0.000816823
0.00081358
0.000810227
0.000806764
0.000803194
0.000799517
0.000795736
0.000791853
0.00078787
0.000783789
0.000779613
0.000775345
0.000770989
0.000766546
0.000762021
0.000757417
0.000752738
0.000747988
0.000743169
0.000738288
0.000733346
0.000728349
0.000723301
0.000718205
0.000713067
0.000860873
0.000860826
0.000860622
0.000860256
0.000859804
0.000859244
0.000858545
0.000857722
0.000856792
0.000855764
0.000854648
0.000853451
0.000852172
0.000850804
0.000849342
0.000847779
0.000846111
0.000844335
0.00084245
0.000840453
0.000838345
0.000836125
0.000833791
0.000831345
0.000828787
0.000826115
0.000823331
0.000820434
0.000817426
0.000814306
0.000811077
0.000807738
0.000804292
0.000800739
0.000797082
0.000793322
0.000789461
0.000785502
0.000781448
0.0007773
0.000773062
0.000768737
0.000764327
0.000759837
0.00075527
0.000750629
0.000745918
0.000741142
0.000736303
0.000731406
0.000726455
0.000721453
0.000716406
0.000711318
0.000706192
0.000857469
0.000857417
0.000857201
0.00085681
0.000856324
0.000855729
0.000854986
0.000854114
0.000853129
0.00085204
0.000850856
0.000849583
0.000848222
0.000846769
0.000845216
0.00084356
0.000841797
0.000839923
0.000837938
0.000835841
0.000833631
0.000831308
0.000828872
0.000826324
0.000823663
0.000820889
0.000818004
0.000815008
0.000811902
0.000808687
0.000805363
0.000801934
0.000798399
0.000794761
0.000791022
0.000787184
0.000783249
0.00077922
0.000775099
0.00077089
0.000766595
0.000762218
0.000757762
0.00075323
0.000748625
0.000743953
0.000739216
0.000734418
0.000729564
0.000724657
0.000719701
0.000714701
0.00070966
0.000704582
0.000699473
0.000854036
0.000853979
0.000853753
0.000853336
0.000852817
0.000852186
0.000851402
0.00085048
0.000849442
0.000848293
0.000847041
0.000845695
0.000844254
0.000842716
0.000841075
0.000839328
0.000837471
0.000835502
0.00083342
0.000831225
0.000828917
0.000826494
0.000823959
0.000821311
0.000818551
0.00081568
0.000812698
0.000809607
0.000806407
0.000803101
0.000799688
0.000796172
0.000792554
0.000788836
0.000785021
0.00078111
0.000777106
0.000773012
0.000768831
0.000764565
0.000760219
0.000755795
0.000751297
0.000746729
0.000742093
0.000737394
0.000732636
0.000727823
0.000722958
0.000718045
0.000713089
0.000708094
0.000703064
0.000698002
0.000692913
0.000850579
0.000850516
0.00085028
0.000849839
0.000849286
0.000848621
0.000847797
0.000846826
0.000845734
0.000844526
0.000843209
0.00084179
0.000840272
0.000838651
0.000836924
0.000835088
0.000833139
0.000831078
0.000828902
0.000826611
0.000824207
0.000821689
0.000819058
0.000816314
0.000813459
0.000810494
0.000807419
0.000804237
0.000800948
0.000797555
0.000794058
0.00079046
0.000786764
0.000782971
0.000779084
0.000775105
0.000771037
0.000766884
0.000762647
0.000758331
0.000753939
0.000749474
0.000744939
0.000740339
0.000735677
0.000730957
0.000726183
0.000721359
0.000716488
0.000711575
0.000706623
0.000701637
0.000696621
0.000691579
0.000686514
0.0008471
0.000847032
0.000846786
0.000846321
0.000845735
0.000845037
0.000844173
0.000843155
0.00084201
0.000840745
0.000839363
0.000837873
0.000836279
0.000834578
0.000832767
0.000830844
0.000828807
0.000826655
0.000824387
0.000822005
0.000819508
0.000816897
0.000814173
0.000811337
0.000808391
0.000805336
0.000802173
0.000798904
0.00079553
0.000792055
0.000788479
0.000784804
0.000781034
0.000777171
0.000773217
0.000769176
0.000765049
0.000760842
0.000756555
0.000752194
0.00074776
0.000743259
0.000738693
0.000734067
0.000729384
0.000724647
0.000719861
0.00071503
0.000710158
0.000705249
0.000700306
0.000695333
0.000690336
0.000685316
0.000680279
0.000843604
0.000843532
0.000843277
0.000842789
0.000842169
0.000841439
0.000840537
0.000839471
0.000838275
0.000836953
0.000835508
0.000833949
0.000832281
0.000830501
0.000828609
0.000826602
0.000824479
0.000822239
0.000819883
0.000817412
0.000814825
0.000812125
0.000809312
0.000806388
0.000803355
0.000800213
0.000796966
0.000793615
0.000790161
0.000786607
0.000782956
0.00077921
0.000775371
0.000771443
0.000767428
0.000763329
0.000759149
0.000754891
0.00075056
0.000746158
0.000741689
0.000737156
0.000732564
0.000727916
0.000723216
0.000718468
0.000713675
0.000708842
0.000703973
0.000699071
0.00069414
0.000689185
0.000684209
0.000679216
0.000674209
0.000840096
0.000840019
0.000839756
0.000839245
0.000838592
0.00083783
0.000836892
0.00083578
0.000834532
0.000833155
0.000831649
0.000830023
0.000828283
0.000826427
0.000824456
0.000822367
0.000820161
0.000817837
0.000815395
0.000812838
0.000810165
0.000807379
0.000804481
0.000801472
0.000798355
0.000795132
0.000791805
0.000788375
0.000784846
0.000781219
0.000777498
0.000773684
0.000769782
0.000765793
0.000761721
0.000757569
0.000753341
0.000749039
0.000744667
0.00074023
0.00073573
0.000731171
0.000726557
0.000721892
0.000717179
0.000712423
0.000707628
0.000702797
0.000697934
0.000693044
0.000688129
0.000683195
0.000678244
0.00067328
0.000668307
0.000836581
0.000836499
0.000836228
0.000835695
0.000835009
0.000834216
0.000833243
0.000832086
0.000830788
0.000829357
0.000827792
0.000826101
0.00082429
0.000822362
0.000820313
0.000818146
0.000815859
0.000813453
0.000810929
0.000808289
0.000805534
0.000802665
0.000799685
0.000796596
0.0007934
0.000790099
0.000786696
0.000783192
0.000779592
0.000775897
0.00077211
0.000768234
0.000764272
0.000760228
0.000756104
0.000751904
0.000747632
0.00074329
0.000738883
0.000734415
0.000729888
0.000725307
0.000720676
0.000715998
0.000711278
0.000706518
0.000701724
0.000696899
0.000692047
0.000687171
0.000682276
0.000677366
0.000672443
0.000667511
0.000662575
0.000833064
0.000832977
0.000832699
0.000832145
0.000831426
0.000830603
0.000829595
0.000828395
0.000827048
0.000825565
0.000823942
0.000822187
0.000820309
0.000818309
0.000816188
0.000813944
0.000811579
0.000809095
0.000806492
0.000803772
0.000800938
0.00079799
0.000794933
0.000791767
0.000788495
0.000785121
0.000781646
0.000778073
0.000774406
0.000770646
0.000766798
0.000762864
0.000758848
0.000754753
0.000750582
0.000746339
0.000742027
0.000737651
0.000733213
0.000728718
0.000724169
0.000719571
0.000714927
0.00071024
0.000705516
0.000700757
0.000695968
0.000691152
0.000686314
0.000681456
0.000676584
0.000671699
0.000666807
0.00066191
0.000657012
0.00082955
0.000829458
0.000829174
0.0008286
0.000827849
0.000826995
0.000825955
0.000824713
0.000823318
0.000821783
0.000820105
0.000818289
0.000816346
0.000814278
0.000812084
0.000809768
0.000807329
0.000804769
0.00080209
0.000799294
0.000796384
0.000793362
0.00079023
0.000786991
0.000783648
0.000780204
0.000776662
0.000773024
0.000769294
0.000765475
0.00076157
0.000757583
0.000753517
0.000749375
0.000745162
0.00074088
0.000736534
0.000732127
0.000727663
0.000723145
0.000718579
0.000713967
0.000709314
0.000704623
0.000699898
0.000695143
0.000690363
0.00068556
0.000680738
0.000675902
0.000671054
0.000666199
0.00066134
0.00065648
0.000651622
0.000826046
0.00082595
0.000825659
0.000825066
0.000824282
0.000823399
0.000822329
0.000821046
0.000819603
0.000818019
0.000816287
0.000814413
0.000812407
0.000810272
0.000808011
0.000805624
0.000803113
0.000800481
0.00079773
0.000794862
0.00079188
0.000788786
0.000785584
0.000782276
0.000778866
0.000775357
0.000771751
0.000768052
0.000764264
0.00076039
0.000756433
0.000752397
0.000748285
0.000744102
0.00073985
0.000735534
0.000731157
0.000726724
0.000722237
0.000717702
0.000713122
0.0007085
0.000703842
0.00069915
0.000694428
0.000689681
0.000684912
0.000680124
0.000675323
0.00067051
0.00066569
0.000660866
0.000656042
0.000651221
0.000646406
0.000822557
0.000822457
0.000822161
0.00082155
0.000820733
0.000819821
0.000818722
0.0008174
0.000815911
0.00081428
0.000812496
0.000810565
0.000808498
0.000806301
0.000803974
0.00080152
0.000798941
0.00079624
0.00079342
0.000790483
0.000787432
0.000784271
0.000781002
0.000777629
0.000774156
0.000770585
0.00076692
0.000763165
0.000759323
0.000755398
0.000751393
0.000747312
0.000743159
0.000738938
0.000734652
0.000730306
0.000725903
0.000721447
0.000716943
0.000712393
0.000707803
0.000703175
0.000698515
0.000693825
0.00068911
0.000684373
0.000679619
0.00067485
0.00067007
0.000665284
0.000660494
0.000655703
0.000650916
0.000646135
0.000641364
0.000819092
0.000818988
0.000818687
0.000818058
0.000817209
0.000816268
0.000815143
0.000813783
0.000812249
0.000810571
0.000808738
0.000806753
0.000804628
0.000802371
0.000799981
0.000797463
0.000794819
0.000792052
0.000789166
0.000786164
0.000783048
0.000779823
0.000776492
0.000773058
0.000769525
0.000765897
0.000762178
0.00075837
0.000754478
0.000750506
0.000746457
0.000742336
0.000738146
0.000733891
0.000729576
0.000725203
0.000720778
0.000716303
0.000711784
0.000707224
0.000702627
0.000697998
0.000693338
0.000688654
0.000683948
0.000679225
0.000674487
0.000669739
0.000664984
0.000660226
0.000655468
0.000650713
0.000645964
0.000641224
0.000636497
0.000815656
0.000815548
0.000815243
0.000814597
0.000813716
0.000812748
0.000811597
0.000810201
0.000808624
0.000806902
0.000805022
0.000802985
0.000800804
0.000798489
0.00079604
0.000793461
0.000790755
0.000787926
0.000784978
0.000781913
0.000778736
0.000775451
0.000772061
0.00076857
0.000764982
0.000761301
0.00075753
0.000753674
0.000749736
0.000745721
0.000741633
0.000737475
0.000733252
0.000728968
0.000724626
0.000720231
0.000715787
0.000711298
0.000706768
0.000702201
0.000697601
0.000692971
0.000688317
0.000683641
0.000678947
0.000674239
0.000669521
0.000664796
0.000660068
0.000655339
0.000650614
0.000645896
0.000641186
0.00063649
0.000631808
0.000812257
0.000812146
0.000811838
0.000811176
0.000810263
0.000809268
0.000808094
0.000806663
0.000805044
0.000803279
0.000801354
0.000799267
0.000797034
0.000794664
0.000792158
0.000789521
0.000786757
0.000783869
0.000780862
0.000777739
0.000774505
0.000771163
0.000767718
0.000764173
0.000760534
0.000756803
0.000752985
0.000749085
0.000745106
0.000741052
0.000736928
0.000732737
0.000728485
0.000724174
0.00071981
0.000715397
0.000710937
0.000706437
0.000701899
0.000697328
0.000692727
0.000688102
0.000683454
0.000678789
0.000674109
0.00066942
0.000664723
0.000660023
0.000655323
0.000650626
0.000645936
0.000641255
0.000636586
0.000631933
0.000627297
0.000808904
0.00080879
0.000808478
0.000807802
0.000806857
0.000805835
0.00080464
0.000803177
0.000801517
0.000799711
0.000797743
0.00079561
0.000793326
0.000790904
0.000788345
0.000785653
0.000782833
0.00077989
0.000776827
0.00077365
0.000770361
0.000766967
0.00076347
0.000759876
0.000756189
0.000752413
0.000748552
0.00074461
0.000740593
0.000736504
0.000732348
0.000728129
0.00072385
0.000719518
0.000715135
0.000710706
0.000706235
0.000701726
0.000697183
0.000692611
0.000688013
0.000683393
0.000678755
0.000674103
0.00066944
0.000664771
0.000660097
0.000655424
0.000650753
0.000646089
0.000641434
0.000636792
0.000632164
0.000627555
0.000622966
0.000805605
0.000805488
0.000805174
0.000804484
0.000803508
0.000802459
0.000801244
0.000799752
0.000798052
0.000796206
0.000794198
0.00079202
0.000789689
0.000787218
0.000784608
0.000781865
0.000778993
0.000775997
0.000772883
0.000769654
0.000766315
0.000762872
0.000759327
0.000755687
0.000751956
0.000748138
0.000744237
0.000740259
0.000736207
0.000732087
0.000727902
0.000723657
0.000719357
0.000715005
0.000710607
0.000706165
0.000701685
0.000697171
0.000692627
0.000688056
0.000683463
0.000678851
0.000674225
0.000669588
0.000664944
0.000660295
0.000655647
0.000651001
0.000646361
0.000641731
0.000637112
0.000632509
0.000627923
0.000623358
0.000618815
0.000802368
0.000802249
0.000801933
0.000801231
0.000800223
0.000799149
0.000797916
0.000796396
0.000794658
0.000792774
0.000790728
0.000788509
0.000786133
0.000783614
0.000780957
0.000778166
0.000775245
0.0007722
0.000769037
0.000765761
0.000762375
0.000758886
0.000755297
0.000751615
0.000747843
0.000743987
0.00074005
0.000736038
0.000731956
0.000727807
0.000723598
0.000719331
0.000715011
0.000710644
0.000706232
0.000701782
0.000697296
0.000692779
0.000688235
0.000683668
0.000679082
0.000674481
0.000669868
0.000665248
0.000660623
0.000655998
0.000651375
0.000646758
0.00064215
0.000637554
0.000632972
0.000628408
0.000623864
0.000619343
0.000614847
0.000799204
0.000799082
0.000798766
0.000798052
0.000797014
0.000795914
0.000794665
0.000793119
0.000791345
0.000789424
0.000787343
0.000785084
0.000782666
0.000780104
0.000777402
0.000774565
0.000771599
0.000768509
0.0007653
0.000761979
0.00075855
0.000755019
0.00075139
0.000747668
0.000743859
0.000739968
0.000735999
0.000731957
0.000727847
0.000723674
0.000719442
0.000715156
0.000710821
0.00070644
0.000702019
0.000697562
0.000693072
0.000688555
0.000684014
0.000679453
0.000674876
0.000670287
0.00066569
0.000661087
0.000656484
0.000651883
0.000647287
0.000642699
0.000638123
0.000633561
0.000629017
0.000624492
0.00061999
0.000615512
0.000611062
0.000796122
0.000795998
0.000795681
0.000794957
0.000793888
0.000792763
0.000791501
0.000789931
0.000788123
0.000786167
0.000784052
0.000781757
0.000779299
0.000776696
0.000773952
0.000771073
0.000768064
0.000764932
0.000761682
0.000758319
0.00075485
0.00075128
0.000747614
0.000743857
0.000740014
0.000736091
0.000732093
0.000728024
0.00072389
0.000719695
0.000715444
0.000711142
0.000706793
0.000702403
0.000697974
0.000693512
0.000689022
0.000684506
0.000679969
0.000675416
0.00067085
0.000666275
0.000661694
0.000657111
0.00065253
0.000647954
0.000643385
0.000638827
0.000634284
0.000629757
0.000625249
0.000620764
0.000616302
0.000611868
0.000607463
0.000793133
0.000793006
0.00079269
0.000791957
0.000790858
0.000789708
0.000788433
0.000786843
0.000785001
0.000783012
0.000780866
0.000778537
0.000776042
0.0007734
0.000770619
0.0007677
0.000764652
0.00076148
0.000758191
0.000754791
0.000751285
0.000747679
0.000743979
0.00074019
0.000736317
0.000732365
0.000728341
0.000724248
0.000720093
0.000715879
0.000711612
0.000707296
0.000702937
0.000698538
0.000694105
0.000689641
0.000685151
0.000680639
0.000676109
0.000671565
0.000667011
0.00066245
0.000657887
0.000653325
0.000648766
0.000644215
0.000639674
0.000635147
0.000630635
0.000626143
0.000621672
0.000617225
0.000612804
0.000608412
0.000604051
0.000790246
0.000790118
0.000789803
0.000789062
0.000787933
0.000786759
0.000785474
0.000783865
0.000781992
0.000779971
0.000777796
0.000775436
0.000772906
0.000770229
0.000767411
0.000764457
0.000761372
0.000758164
0.00075484
0.000751405
0.000747865
0.000744227
0.000740496
0.000736677
0.000732777
0.0007288
0.000724753
0.000720639
0.000716465
0.000712235
0.000707954
0.000703628
0.00069926
0.000694855
0.000690419
0.000685955
0.000681467
0.00067696
0.000672438
0.000667905
0.000663364
0.000658819
0.000654274
0.000649732
0.000645197
0.000640671
0.000636158
0.000631661
0.000627182
0.000622723
0.000618288
0.000613879
0.000609498
0.000605147
0.000600829
0.000787475
0.000787345
0.000787032
0.000786284
0.000785126
0.000783928
0.000782635
0.000781009
0.000779106
0.000777055
0.000774854
0.000772465
0.000769903
0.000767193
0.000764342
0.000761354
0.000758236
0.000754995
0.000751638
0.000748171
0.000744601
0.000740934
0.000737175
0.00073333
0.000729405
0.000725406
0.000721338
0.000717206
0.000713016
0.000708772
0.00070448
0.000700145
0.000695771
0.000691362
0.000686925
0.000682462
0.000677978
0.000673478
0.000668964
0.000664443
0.000659916
0.000655387
0.000650861
0.000646341
0.000641828
0.000637328
0.000632843
0.000628375
0.000623927
0.000619502
0.000615102
0.00061073
0.000606387
0.000602077
0.000597799
0.00078483
0.000784699
0.000784388
0.000783635
0.000782448
0.000781226
0.000779926
0.000778287
0.000776356
0.000774276
0.00077205
0.000769636
0.000767045
0.000764303
0.000761422
0.000758404
0.000755255
0.000751984
0.000748597
0.000745102
0.000741504
0.00073781
0.000734026
0.000730158
0.000726212
0.000722193
0.000718107
0.000713959
0.000709755
0.0007055
0.000701199
0.000696857
0.000692478
0.000688068
0.00068363
0.00067917
0.000674691
0.000670198
0.000665695
0.000661186
0.000656673
0.000652162
0.000647654
0.000643155
0.000638666
0.000634191
0.000629732
0.000625293
0.000620876
0.000616483
0.000612118
0.000607781
0.000603475
0.000599203
0.000594965
0.000782324
0.000782192
0.000781884
0.000781127
0.000779912
0.000778666
0.000777362
0.000775712
0.000773754
0.000771647
0.000769398
0.00076696
0.000764342
0.000761573
0.000758664
0.000755619
0.000752442
0.000749143
0.00074573
0.000742209
0.000738587
0.000734869
0.000731063
0.000727174
0.000723208
0.000719172
0.00071507
0.000710909
0.000706693
0.000702429
0.00069812
0.000693773
0.000689391
0.00068498
0.000680544
0.000676088
0.000671616
0.000667131
0.000662638
0.000658141
0.000653643
0.000649149
0.00064466
0.000640181
0.000635715
0.000631264
0.000626832
0.000622421
0.000618033
0.000613672
0.000609339
0.000605036
0.000600766
0.00059653
0.000592329
0.00077997
0.000779837
0.000779532
0.000778773
0.00077753
0.000776261
0.000774954
0.000773295
0.000771312
0.00076918
0.000766911
0.000764452
0.00076181
0.000759015
0.000756081
0.00075301
0.000749809
0.000746486
0.000743049
0.000739504
0.00073586
0.000732121
0.000728295
0.000724388
0.000720405
0.000716354
0.000712239
0.000708066
0.000703841
0.000699569
0.000695255
0.000690904
0.000686521
0.00068211
0.000677677
0.000673225
0.000668759
0.000664283
0.000659801
0.000655317
0.000650834
0.000646356
0.000641886
0.000637427
0.000632983
0.000628556
0.000624149
0.000619764
0.000615405
0.000611073
0.000606771
0.0006025
0.000598263
0.000594061
0.000589897
0.000777782
0.000777649
0.000777348
0.000776586
0.000775317
0.000774024
0.000772716
0.000771052
0.000769046
0.000766889
0.000764602
0.000762124
0.00075946
0.000756642
0.000753686
0.000750593
0.000747369
0.000744024
0.000740565
0.000737001
0.000733336
0.000729579
0.000725736
0.000721813
0.000717816
0.000713752
0.000709625
0.000705443
0.00070121
0.000696932
0.000692613
0.00068826
0.000683876
0.000679467
0.000675037
0.000670591
0.000666132
0.000661665
0.000657194
0.000652722
0.000648253
0.000643791
0.000639339
0.0006349
0.000630476
0.000626071
0.000621688
0.000617329
0.000612996
0.000608692
0.000604419
0.000600179
0.000595973
0.000591803
0.000587672
0.000775773
0.000775639
0.000775343
0.000774581
0.000773286
0.00077197
0.000770663
0.000768995
0.000766968
0.000764788
0.000762484
0.000759991
0.000757307
0.000754469
0.000751492
0.000748379
0.000745136
0.000741772
0.000738294
0.000734712
0.00073103
0.000727257
0.000723399
0.000719462
0.000715453
0.000711377
0.000707242
0.000703051
0.000698812
0.000694529
0.000690208
0.000685853
0.00068147
0.000677063
0.000672636
0.000668195
0.000663744
0.000659286
0.000654825
0.000650365
0.000645911
0.000641464
0.000637028
0.000632607
0.000628203
0.00062382
0.000619459
0.000615123
0.000610815
0.000606537
0.00060229
0.000598077
0.0005939
0.00058976
0.000585659
0.000773958
0.000773825
0.000773534
0.000772773
0.000771452
0.000770114
0.000768808
0.00076714
0.000765093
0.000762892
0.000760573
0.000758067
0.000755366
0.000752509
0.000749515
0.000746385
0.000743124
0.000739743
0.000736249
0.000732651
0.000728955
0.000725168
0.000721297
0.000717348
0.000713329
0.000709244
0.000705101
0.000700904
0.000696659
0.000692373
0.000688049
0.000683694
0.000679312
0.000674907
0.000670485
0.00066605
0.000661605
0.000657156
0.000652705
0.000648257
0.000643815
0.000639382
0.000634962
0.000630558
0.000626172
0.000621808
0.000617468
0.000613153
0.000608868
0.000604613
0.000600391
0.000596203
0.000592052
0.000587939
0.000583865
0.000772353
0.000772219
0.000771934
0.000771176
0.00076983
0.000768469
0.000767168
0.000765502
0.000763438
0.000761215
0.000758884
0.000756366
0.000753651
0.000750778
0.000747768
0.000744624
0.000741349
0.000737953
0.000734446
0.000730834
0.000727125
0.000723327
0.000719445
0.000715487
0.000711458
0.000707366
0.000703216
0.000699014
0.000694766
0.000690477
0.000686152
0.000681797
0.000677416
0.000673014
0.000668596
0.000664166
0.000659728
0.000655287
0.000650846
0.000646408
0.000641978
0.000637558
0.000633152
0.000628763
0.000624393
0.000620046
0.000615724
0.000611429
0.000607163
0.000602929
0.000598729
0.000594564
0.000590436
0.000586346
0.000582297
0.000770972
0.000770839
0.00077056
0.000769807
0.000768437
0.000767053
0.000765757
0.000764097
0.000762017
0.000759774
0.000757432
0.000754906
0.000752179
0.000749292
0.000746269
0.000743112
0.000739825
0.000736417
0.000732898
0.000729276
0.000725557
0.000721749
0.000717858
0.000713892
0.000709856
0.000705758
0.000701603
0.000697397
0.000693146
0.000688855
0.00068453
0.000680175
0.000675795
0.000671396
0.000666982
0.000662557
0.000658126
0.000653691
0.000649258
0.00064483
0.00064041
0.000636002
0.000631608
0.000627232
0.000622877
0.000618545
0.000614238
0.00060996
0.000605712
0.000601496
0.000597314
0.000593168
0.00058906
0.000584991
0.000580962
0.000769833
0.0007697
0.000769429
0.00076868
0.000767287
0.000765882
0.000764594
0.00076294
0.000760846
0.000758585
0.000756234
0.000753702
0.000750965
0.000748067
0.000745033
0.000741867
0.00073857
0.000735152
0.000731624
0.000727993
0.000724266
0.00072045
0.000716552
0.00071258
0.000708539
0.000704436
0.000700277
0.000696068
0.000691815
0.000687522
0.000683197
0.000678842
0.000674465
0.000670068
0.000665657
0.000661237
0.00065681
0.000652382
0.000647956
0.000643536
0.000639124
0.000634726
0.000630342
0.000625978
0.000621634
0.000617314
0.000613021
0.000608756
0.000604523
0.000600322
0.000596155
0.000592026
0.000587934
0.000583882
0.000579871
0.000768952
0.000768821
0.00076856
0.000767814
0.000766393
0.000764968
0.000763695
0.000762053
0.000759942
0.000757663
0.000755307
0.000752772
0.000750028
0.00074712
0.000744078
0.000740904
0.0007376
0.000734175
0.00073064
0.000727002
0.000723269
0.000719447
0.000715545
0.000711567
0.000707523
0.000703416
0.000699254
0.000695043
0.000690788
0.000686495
0.00068217
0.000677816
0.00067344
0.000669045
0.000664637
0.00066022
0.000655798
0.000651375
0.000646954
0.00064254
0.000638135
0.000633744
0.000629369
0.000625013
0.000620678
0.000616369
0.000612086
0.000607832
0.000603609
0.00059942
0.000595265
0.000591148
0.000587069
0.00058303
0.000579032
0.000768343
0.000768215
0.00076797
0.000767235
0.000765775
0.000764321
0.000763074
0.000761454
0.000759326
0.000757026
0.000754667
0.000752135
0.000749386
0.00074647
0.000743422
0.000740243
0.000736934
0.000733505
0.000729965
0.000726322
0.000722585
0.000718759
0.000714853
0.000710873
0.000706825
0.000702717
0.000698553
0.00069434
0.000690085
0.000685791
0.000681465
0.000677112
0.000672737
0.000668344
0.000663938
0.000659523
0.000655104
0.000650684
0.000646268
0.000641858
0.000637458
0.000633072
0.000628702
0.000624352
0.000620024
0.000615721
0.000611445
0.000607199
0.000602984
0.000598802
0.000594656
0.000590548
0.000586477
0.000582447
0.000578458
0.000768034
0.0007679
0.000767658
0.000766956
0.000765474
0.000763972
0.000762738
0.000761151
0.000759019
0.000756697
0.000754334
0.000751806
0.000749057
0.000746137
0.000743084
0.000739903
0.000736592
0.00073316
0.000729617
0.000725973
0.000722233
0.000718406
0.000714498
0.000710516
0.000706467
0.000702357
0.000698192
0.000693979
0.000689723
0.000685429
0.000681103
0.000676751
0.000672376
0.000667984
0.000663579
0.000659165
0.000654748
0.00065033
0.000645915
0.000641507
0.00063711
0.000632727
0.00062836
0.000624013
0.000619688
0.000615389
0.000611116
0.000606874
0.000602663
0.000598485
0.000594344
0.000590239
0.000586173
0.000582148
0.000578164
0.000863647
0.00085873
0.000853523
0.000848014
0.00084219
0.000836039
0.000829549
0.000822706
0.000815499
0.000807914
0.000799939
0.000791561
0.000782769
0.000773551
0.000763895
0.00075379
0.000854504
0.000849484
0.000844179
0.000838578
0.00083267
0.000826444
0.000819887
0.000812988
0.000805734
0.000798115
0.000790119
0.000781734
0.00077295
0.000763755
0.00075414
0.000744094
0.000845432
0.000840316
0.000834922
0.000829239
0.000823256
0.000816963
0.000810349
0.000803402
0.000796113
0.000788469
0.000780462
0.000772079
0.000763312
0.00075415
0.000744585
0.000734608
0.000836438
0.000831234
0.000825759
0.000820002
0.000813953
0.000807603
0.00080094
0.000793956
0.000786639
0.000778981
0.000770971
0.0007626
0.00075386
0.000744741
0.000735235
0.000725334
0.000827528
0.000822245
0.000816697
0.000810874
0.000804768
0.000798369
0.000791667
0.000784654
0.000777319
0.000769655
0.000761652
0.000753302
0.000744597
0.000735529
0.00072609
0.000716274
0.000818707
0.000813353
0.000807741
0.000801861
0.000795706
0.000789267
0.000782535
0.000775501
0.000768158
0.000760496
0.000752509
0.000744188
0.000735527
0.000726517
0.000717154
0.00070743
0.000809983
0.000804566
0.000798897
0.000792969
0.000786773
0.000780302
0.000773548
0.000766502
0.000759158
0.000751508
0.000743545
0.000735261
0.000726651
0.000717709
0.000708428
0.000801362
0.000795888
0.000790171
0.000784202
0.000777974
0.000771479
0.000764711
0.000757662
0.000750325
0.000742694
0.000734763
0.000726524
0.000717973
0.000709104
0.000699913
0.000792848
0.000787326
0.000781568
0.000775566
0.000769313
0.000762803
0.000756029
0.000748984
0.000741663
0.000734059
0.000726166
0.00071798
0.000709495
0.000700707
0.000691611
0.000784447
0.000778885
0.000773094
0.000767066
0.000760796
0.000754278
0.000747505
0.000740472
0.000733173
0.000725603
0.000717757
0.00070963
0.000701217
0.000692516
0.000683522
0.000776165
0.00077057
0.000764752
0.000758707
0.000752427
0.000745908
0.000739144
0.000732129
0.00072486
0.000717331
0.000709538
0.000701476
0.000693142
0.000684533
0.000675646
0.000768007
0.000762386
0.000756549
0.000750492
0.00074421
0.000737696
0.000730948
0.00072396
0.000716727
0.000709245
0.000701511
0.00069352
0.000685271
0.000676759
0.000667983
0.000759978
0.000754337
0.000748488
0.000742426
0.000736148
0.000729648
0.000722921
0.000715965
0.000708774
0.000701346
0.000693677
0.000685763
0.000677603
0.000669193
0.000660533
0.000752082
0.000746427
0.000740573
0.000734514
0.000728245
0.000721764
0.000715066
0.000708148
0.000701006
0.000693636
0.000686037
0.000678205
0.000670139
0.000661836
0.000653295
0.000744323
0.000738662
0.000732808
0.000726757
0.000720505
0.000714049
0.000707385
0.000700511
0.000693422
0.000686117
0.000678592
0.000670847
0.000662879
0.000654686
0.000646268
0.000736706
0.000731044
0.000725196
0.00071916
0.00071293
0.000706505
0.00069988
0.000693055
0.000686025
0.000678788
0.000671344
0.000663689
0.000655822
0.000647743
0.000639451
0.000729234
0.000723577
0.000717742
0.000711725
0.000705523
0.000699133
0.000692554
0.000685782
0.000678815
0.000671652
0.000664291
0.00065673
0.000648969
0.000641006
0.000632842
0.000721911
0.000716265
0.000710447
0.000704455
0.000698285
0.000691937
0.000685407
0.000678693
0.000671794
0.000664708
0.000657434
0.00064997
0.000642317
0.000634473
0.000626439
0.00071474
0.00070911
0.000703314
0.000697352
0.00069122
0.000684917
0.000678441
0.000671789
0.000664962
0.000657956
0.000650772
0.000643409
0.000635866
0.000628143
0.000620241
0.000707725
0.000702115
0.000696346
0.000690418
0.000684329
0.000678075
0.000671657
0.000665071
0.000658318
0.000651397
0.000644306
0.000637045
0.000629614
0.000622014
0.000614244
0.000700868
0.000695282
0.000689546
0.000683656
0.000677612
0.000671412
0.000665055
0.000658539
0.000651864
0.000645029
0.000638034
0.000630877
0.000623561
0.000616084
0.000608448
0.000694171
0.000688615
0.000682914
0.000677067
0.000671072
0.000664929
0.000658636
0.000652193
0.000645599
0.000638852
0.000631954
0.000624904
0.000617703
0.00061035
0.000602848
0.000687637
0.000682114
0.000676452
0.000670651
0.00066471
0.000658627
0.000652401
0.000646033
0.000639521
0.000632866
0.000626067
0.000619124
0.000612038
0.000604811
0.000597442
0.000681269
0.000675782
0.000670163
0.000664411
0.000658526
0.000652505
0.00064635
0.000640059
0.000633631
0.000627068
0.000620369
0.000613535
0.000606566
0.000599463
0.000592227
0.000675067
0.00066962
0.000664047
0.000658347
0.00065252
0.000646565
0.000640481
0.000634269
0.000627928
0.000621459
0.000614861
0.000608136
0.000601283
0.000594305
0.000587201
0.000669034
0.00066363
0.000658105
0.00065246
0.000646694
0.000640806
0.000634796
0.000628665
0.000622411
0.000616036
0.00060954
0.000602923
0.000596187
0.000589333
0.000582361
0.000663171
0.000657812
0.000652339
0.00064675
0.000641047
0.000635228
0.000629293
0.000623244
0.000617078
0.000610798
0.000604404
0.000597896
0.000591276
0.000584544
0.000577703
0.00065748
0.000652168
0.000646748
0.000641218
0.000635579
0.000629831
0.000623973
0.000618005
0.000611929
0.000605744
0.000599452
0.000593052
0.000586547
0.000579937
0.000573224
0.000651961
0.000646699
0.000641334
0.000635865
0.000630291
0.000624614
0.000618833
0.000612949
0.000606962
0.000600872
0.000594681
0.000588389
0.000581997
0.000575508
0.000568921
0.000646616
0.000641406
0.000636097
0.000630689
0.000625183
0.000619578
0.000613874
0.000608073
0.000602175
0.00059618
0.000590089
0.000583904
0.000577625
0.000571254
0.000564792
0.000641447
0.000636289
0.000631037
0.000625692
0.000620253
0.000614721
0.000609095
0.000603377
0.000597568
0.000591667
0.000585676
0.000579596
0.000573427
0.000567173
0.000560833
0.000636453
0.000631349
0.000626156
0.000620873
0.000615502
0.000610043
0.000604495
0.00059886
0.000593138
0.00058733
0.000581438
0.000575461
0.000569402
0.000563261
0.000557041
0.000631636
0.000626586
0.000621452
0.000616233
0.00061093
0.000605543
0.000600073
0.00059452
0.000588885
0.000583169
0.000577373
0.000571498
0.000565546
0.000559517
0.000553413
0.000626997
0.000622002
0.000616927
0.000611772
0.000606536
0.000601221
0.000595828
0.000590356
0.000584807
0.000579181
0.000573481
0.000567705
0.000561857
0.000555937
0.000549947
0.000622536
0.000617597
0.000612581
0.000607489
0.00060232
0.000597077
0.000591759
0.000586368
0.000580903
0.000575366
0.000569758
0.00056408
0.000558334
0.00055252
0.00054664
0.000618255
0.000613371
0.000608414
0.000603384
0.000598283
0.00059311
0.000587867
0.000582554
0.000577171
0.000571721
0.000566204
0.000560621
0.000554973
0.000549262
0.00054349
0.000614154
0.000609325
0.000604426
0.000599459
0.000594423
0.00058932
0.000584149
0.000578913
0.000573612
0.000568246
0.000562817
0.000557326
0.000551774
0.000546163
0.000540494
0.000610236
0.00060546
0.000600619
0.000595713
0.000590741
0.000585706
0.000580607
0.000575446
0.000570223
0.000564939
0.000559595
0.000554193
0.000548734
0.000543219
0.00053765
0.0006065
0.000601778
0.000596994
0.000592147
0.000587238
0.000582269
0.000577239
0.000572151
0.000567004
0.000561799
0.000556538
0.000551223
0.000545853
0.00054043
0.000534956
0.000602949
0.000598279
0.00059355
0.000588761
0.000583914
0.000579009
0.000574046
0.000569028
0.000563954
0.000558827
0.000553645
0.000548412
0.000543128
0.000537794
0.000532412
0.000599584
0.000594965
0.000590289
0.000585557
0.000580769
0.000575926
0.000571029
0.000566078
0.000561075
0.00055602
0.000550915
0.000545761
0.000540559
0.00053531
0.000530015
0.000596408
0.000591838
0.000587214
0.000582536
0.000577805
0.000573021
0.000568186
0.0005633
0.000558365
0.00055338
0.000548348
0.00054327
0.000538145
0.000532977
0.000527765
0.000593422
0.0005889
0.000584325
0.000579699
0.000575023
0.000570296
0.00056552
0.000560696
0.000555825
0.000550907
0.000545944
0.000540937
0.000535887
0.000530794
0.000525661
0.00059063
0.000586153
0.000581626
0.000577049
0.000572425
0.000567752
0.000563033
0.000558267
0.000553457
0.000548602
0.000543704
0.000538764
0.000533783
0.000528763
0.000523703
0.000588035
0.0005836
0.000579118
0.000574588
0.000570013
0.000565391
0.000560725
0.000556014
0.000551261
0.000546465
0.000541628
0.000536751
0.000531836
0.000526882
0.000521892
0.00058564
0.000581245
0.000576805
0.00057232
0.000567789
0.000563215
0.000558598
0.000553939
0.000549239
0.000544498
0.000539718
0.0005349
0.000530045
0.000525153
0.000520227
0.000583449
0.000579092
0.000574691
0.000570246
0.000565759
0.000561229
0.000556657
0.000552046
0.000547394
0.000542704
0.000537977
0.000533212
0.000528413
0.000523578
0.000518711
0.000581469
0.000577146
0.000572781
0.000568373
0.000563924
0.000559434
0.000554905
0.000550336
0.00054573
0.000541086
0.000536406
0.000531691
0.000526941
0.000522159
0.000517344
0.000579704
0.000575412
0.000571079
0.000566705
0.000562291
0.000557837
0.000553345
0.000548815
0.000544249
0.000539646
0.000535009
0.000530338
0.000525633
0.000520897
0.00051613
0.000578161
0.000573897
0.000569592
0.000565248
0.000560864
0.000556443
0.000551984
0.000547488
0.000542957
0.000538391
0.000533791
0.000529158
0.000524493
0.000519798
0.000515073
0.000576849
0.000572608
0.000568328
0.000564009
0.000559652
0.000555257
0.000550826
0.00054636
0.000541859
0.000537324
0.000532756
0.000528156
0.000523525
0.000518864
0.000514174
0.000575775
0.000571554
0.000567294
0.000562995
0.00055866
0.000554288
0.00054988
0.000545438
0.000540962
0.000536452
0.00053191
0.000527337
0.000522734
0.000518102
0.000513441
0.000574951
0.000570744
0.0005665
0.000562218
0.000557899
0.000553544
0.000549155
0.000544731
0.000540273
0.000535783
0.000531262
0.00052671
0.000522128
0.000517517
0.000512879
0.000574387
0.000570191
0.000565957
0.000561686
0.000557379
0.000553036
0.000548658
0.000544247
0.000539803
0.000535326
0.000530819
0.000526281
0.000521713
0.000517118
0.000512495
0.000574098
0.000569907
0.000565678
0.000561413
0.000557112
0.000552775
0.000548404
0.000543999
0.000539561
0.000535092
0.000530591
0.000526061
0.000521501
0.000516913
0.000512298
)
;

boundaryField
{
    down
    {
        type            symmetryPlane;
    }
    right
    {
        type            fixedValue;
        value           nonuniform List<scalar> 0();
    }
    up
    {
        type            symmetryPlane;
    }
    left
    {
        type            zeroGradient;
    }
    cylinder
    {
        type            zeroGradient;
    }
    frontAndBack
    {
        type            empty;
    }
    procBoundary8to4
    {
        type            processor;
        value           nonuniform List<scalar> 
72
(
0.00112698
0.00112805
0.00112886
0.00112935
0.00112952
0.00112931
0.0011287
0.00112764
0.00112609
0.00112401
0.00112134
0.00111804
0.00111405
0.00110931
0.00110376
0.00109733
0.000969623
0.000969811
0.00097026
0.000971019
0.000972014
0.000973249
0.000974715
0.000976391
0.000978266
0.000977965
0.000977965
0.000980124
0.000982448
0.000984932
0.000987569
0.000990353
0.000993277
0.000996333
0.000999513
0.00100281
0.00100622
0.00100972
0.00101332
0.001017
0.00102077
0.00102459
0.00102849
0.00103243
0.00103641
0.00104044
0.00104448
0.00104855
0.00105262
0.0010567
0.00106076
0.0010648
0.00106881
0.00107279
0.00107671
0.00108057
0.00108436
0.00108807
0.00109169
0.00109521
0.00109862
0.0011019
0.00110505
0.00110805
0.0011109
0.00111359
0.0011161
0.00111843
0.00112056
0.00112248
0.00112419
0.00112568
)
;
    }
    procBoundary8to5
    {
        type            processor;
        value           uniform 0.00106569;
    }
    procBoundary8to9
    {
        type            processor;
        value           nonuniform List<scalar> 
75
(
0.00104234
0.00101991
0.000998352
0.000977659
0.000957803
0.00093876
0.000920505
0.000903011
0.000886252
0.000870201
0.000854833
0.000840119
0.000826036
0.000812556
0.000799656
0.00078731
0.000775495
0.000764189
0.000753369
0.000743225
0.000733608
0.00072421
0.000715031
0.000706075
0.000697341
0.000698803
0.000698803
0.000690394
0.000682204
0.000674231
0.000666477
0.00065894
0.00065162
0.000644515
0.000637624
0.000630945
0.000624476
0.000618215
0.000612159
0.000606306
0.000600652
0.000595195
0.000589932
0.00058486
0.000579974
0.000575273
0.000570752
0.000566409
0.000562239
0.00055824
0.000554409
0.000550742
0.000547236
0.000543888
0.000540696
0.000537656
0.000534767
0.000532027
0.000529432
0.000526983
0.000524676
0.000522512
0.000520489
0.000518607
0.000516866
0.000515267
0.00051381
0.000512499
0.000511334
0.000510318
0.000509457
0.000508753
0.000508214
0.000507846
0.000507657
)
;
    }
}


// ************************************************************************* //
