/*--------------------------------*- C++ -*----------------------------------*\
| =========                 |                                                 |
| \\      /  F ield         | OpenFOAM: The Open Source CFD Toolbox           |
|  \\    /   O peration     | Version:  2412                                  |
|   \\  /    A nd           | Website:  www.openfoam.com                      |
|    \\/     M anipulation  |                                                 |
\*---------------------------------------------------------------------------*/
FoamFile
{
    version     2.0;
    format      ascii;
    arch        "LSB;label=32;scalar=64";
    class       volScalarField;
    location    "10";
    object      p;
}
// * * * * * * * * * * * * * * * * * * * * * * * * * * * * * * * * * * * * * //

dimensions      [0 2 -2 0 0 0 0];

internalField   nonuniform List<scalar> 
5285
(
-1.18241e-05
-1.11488e-05
-1.05046e-05
-9.88984e-06
-9.30336e-06
-8.74421e-06
-8.21133e-06
-7.70371e-06
-7.22039e-06
-6.76043e-06
-6.32293e-06
-5.90701e-06
-5.51185e-06
-5.13662e-06
-4.78055e-06
-4.44288e-06
-4.1229e-06
-3.81989e-06
-3.53317e-06
-3.26211e-06
-3.00605e-06
-2.76438e-06
-2.53652e-06
-2.32189e-06
-2.11992e-06
-1.93008e-06
-1.75183e-06
-1.58467e-06
-1.42808e-06
-1.28159e-06
-1.14471e-06
-1.01698e-06
-8.97967e-07
-7.87213e-07
-6.84308e-07
-5.88826e-07
-5.00373e-07
-4.18545e-07
-3.42966e-07
-2.73262e-07
-2.09071e-07
-1.50051e-07
-9.58458e-08
-4.617e-08
-5.88739e-10
4.09359e-08
7.93879e-08
1.13404e-07
1.47228e-07
1.71963e-07
2.086e-07
2.1217e-07
2.78585e-07
2.13078e-07
3.99178e-07
1.13409e-07
6.6687e-07
-2.09742e-07
1.22934e-06
-8.80615e-07
2.13194e-06
-1.74836e-06
2.93409e-06
-1.98922e-06
2.51059e-06
-3.99887e-07
1.17493e-07
2.76162e-06
-2.45788e-06
4.40972e-06
-1.3746e-06
-1.22872e-05
-1.15908e-05
-1.09262e-05
-1.02916e-05
-9.68594e-06
-9.1082e-06
-8.55732e-06
-8.03229e-06
-7.53212e-06
-7.05587e-06
-6.60263e-06
-6.17152e-06
-5.7617e-06
-5.37234e-06
-5.00268e-06
-4.65193e-06
-4.31939e-06
-4.00433e-06
-3.70607e-06
-3.42395e-06
-3.15733e-06
-2.90559e-06
-2.66813e-06
-2.44436e-06
-2.23371e-06
-2.03564e-06
-1.8496e-06
-1.67507e-06
-1.51153e-06
-1.35848e-06
-1.21544e-06
-1.08193e-06
-9.57493e-07
-8.41666e-07
-7.34023e-07
-6.34127e-07
-5.41564e-07
-4.55922e-07
-3.76808e-07
-3.0383e-07
-2.36619e-07
-1.7481e-07
-1.18044e-07
-6.60097e-08
-1.82662e-08
2.52327e-08
6.55146e-08
1.0115e-07
1.36571e-07
1.62515e-07
2.00786e-07
2.04769e-07
2.73702e-07
2.06452e-07
3.98322e-07
1.05134e-07
6.72628e-07
-2.23178e-07
1.2445e-06
-9.00605e-07
2.154e-06
-1.76733e-06
2.94969e-06
-1.99108e-06
2.5063e-06
-3.82075e-07
1.04992e-07
2.77488e-06
-2.45716e-06
4.40927e-06
-1.37623e-06
-1.2742e-05
-1.20251e-05
-1.13406e-05
-1.06867e-05
-1.00624e-05
-9.46652e-06
-8.89807e-06
-8.35602e-06
-7.83937e-06
-7.34717e-06
-6.8785e-06
-6.43249e-06
-6.00828e-06
-5.60505e-06
-5.22202e-06
-4.85841e-06
-4.5135e-06
-4.18657e-06
-3.87694e-06
-3.58393e-06
-3.3069e-06
-3.04522e-06
-2.79828e-06
-2.56549e-06
-2.34628e-06
-2.14008e-06
-1.94634e-06
-1.76453e-06
-1.59411e-06
-1.43459e-06
-1.28546e-06
-1.14622e-06
-1.01642e-06
-8.95575e-07
-7.83245e-07
-6.78979e-07
-5.82351e-07
-4.92933e-07
-4.10319e-07
-3.34102e-07
-2.639e-07
-1.99333e-07
-1.40028e-07
-8.56605e-08
-3.5775e-08
9.67999e-09
5.17699e-08
8.9014e-08
1.26011e-07
1.53157e-07
1.93041e-07
1.97437e-07
2.68868e-07
1.99868e-07
3.97498e-07
9.68643e-08
6.78438e-07
-2.36714e-07
1.25986e-06
-9.2103e-07
2.17675e-06
-1.78749e-06
2.96682e-06
-1.99493e-06
2.50363e-06
-3.65289e-07
9.13253e-08
2.79117e-06
-2.46287e-06
4.41574e-06
-1.3912e-06
-1.31883e-05
-1.24514e-05
-1.17477e-05
-1.10751e-05
-1.04326e-05
-9.81903e-06
-9.23345e-06
-8.67478e-06
-8.14202e-06
-7.63421e-06
-7.15044e-06
-6.68982e-06
-6.25149e-06
-5.83465e-06
-5.43848e-06
-5.06224e-06
-4.70517e-06
-4.36656e-06
-4.04572e-06
-3.74198e-06
-3.45469e-06
-3.18321e-06
-2.92693e-06
-2.68525e-06
-2.45758e-06
-2.24335e-06
-2.04201e-06
-1.853e-06
-1.6758e-06
-1.50988e-06
-1.35472e-06
-1.20983e-06
-1.07472e-06
-9.48917e-07
-8.31951e-07
-7.23365e-07
-6.22715e-07
-5.29562e-07
-4.43486e-07
-3.64064e-07
-2.90903e-07
-2.23606e-07
-1.61789e-07
-1.05113e-07
-5.31072e-08
-5.71696e-09
3.8163e-08
7.69991e-08
1.15555e-07
1.43893e-07
1.85368e-07
1.90182e-07
2.64062e-07
1.93376e-07
3.96623e-07
8.87589e-08
6.84041e-07
-2.49928e-07
1.27479e-06
-9.40976e-07
2.19897e-06
-1.80735e-06
2.9838e-06
-1.99913e-06
2.50128e-06
-3.48887e-07
7.6761e-08
2.80927e-06
-2.47311e-06
4.42718e-06
-1.41749e-06
-1.36258e-05
-1.28697e-05
-1.21473e-05
-1.14565e-05
-1.07963e-05
-1.01656e-05
-9.56334e-06
-8.98846e-06
-8.43996e-06
-7.9169e-06
-7.41835e-06
-6.94342e-06
-6.49126e-06
-6.06105e-06
-5.652e-06
-5.26333e-06
-4.89431e-06
-4.54422e-06
-4.21236e-06
-3.89805e-06
-3.60065e-06
-3.31952e-06
-3.05403e-06
-2.80357e-06
-2.56756e-06
-2.34542e-06
-2.13657e-06
-1.94046e-06
-1.75656e-06
-1.58431e-06
-1.4232e-06
-1.27273e-06
-1.13238e-06
-1.00167e-06
-8.80124e-07
-7.67266e-07
-6.6264e-07
-5.65795e-07
-4.76295e-07
-3.93704e-07
-3.17617e-07
-2.47621e-07
-1.83319e-07
-1.2436e-07
-7.02556e-08
-2.09513e-08
2.46994e-08
6.51106e-08
1.05207e-07
1.34728e-07
1.7777e-07
1.83011e-07
2.59284e-07
1.86982e-07
3.95689e-07
8.08377e-08
6.89408e-07
-2.62767e-07
1.28922e-06
-9.60328e-07
2.22051e-06
-1.8267e-06
3.00039e-06
-2.00341e-06
2.49902e-06
-3.32729e-07
6.13391e-08
2.82896e-06
-2.48742e-06
4.44312e-06
-1.45408e-06
-1.40545e-05
-1.32798e-05
-1.25392e-05
-1.18309e-05
-1.11535e-05
-1.05061e-05
-9.88762e-06
-9.29694e-06
-8.7331e-06
-8.19513e-06
-7.68213e-06
-7.1932e-06
-6.7275e-06
-6.28419e-06
-5.86249e-06
-5.46163e-06
-5.08087e-06
-4.71948e-06
-4.37678e-06
-4.05208e-06
-3.74473e-06
-3.45409e-06
-3.17952e-06
-2.92042e-06
-2.67619e-06
-2.44623e-06
-2.22998e-06
-2.02687e-06
-1.83635e-06
-1.65786e-06
-1.49088e-06
-1.33489e-06
-1.18937e-06
-1.05382e-06
-9.27742e-07
-8.10664e-07
-7.0211e-07
-6.01615e-07
-5.08732e-07
-4.2301e-07
-3.4403e-07
-2.71365e-07
-2.04608e-07
-1.43391e-07
-8.72133e-08
-3.60165e-08
1.13846e-08
5.33534e-08
9.49714e-08
1.25663e-07
1.70249e-07
1.75924e-07
2.5454e-07
1.80686e-07
3.94705e-07
7.30878e-08
6.94564e-07
-2.75267e-07
1.30319e-06
-9.79163e-07
2.24146e-06
-1.84564e-06
3.01669e-06
-2.00786e-06
2.49691e-06
-3.16826e-07
4.50718e-08
2.85023e-06
-2.50568e-06
4.46342e-06
-1.50013e-06
-1.44741e-05
-1.36814e-05
-1.29235e-05
-1.21981e-05
-1.15041e-05
-1.08405e-05
-1.02062e-05
-9.60013e-06
-9.02132e-06
-8.46882e-06
-7.9417e-06
-7.43908e-06
-6.96012e-06
-6.50398e-06
-6.06988e-06
-5.65706e-06
-5.26476e-06
-4.89229e-06
-4.53893e-06
-4.20402e-06
-3.88688e-06
-3.58687e-06
-3.30337e-06
-3.03575e-06
-2.78341e-06
-2.54576e-06
-2.32222e-06
-2.1122e-06
-1.91515e-06
-1.7305e-06
-1.55773e-06
-1.39629e-06
-1.24566e-06
-1.10533e-06
-9.74786e-07
-8.53542e-07
-7.41108e-07
-6.3701e-07
-5.40785e-07
-4.51969e-07
-3.70132e-07
-2.94831e-07
-2.25647e-07
-1.62199e-07
-1.03973e-07
-5.09061e-08
-1.77566e-09
4.17325e-08
8.48532e-08
1.16705e-07
1.6281e-07
1.68925e-07
2.49833e-07
1.74486e-07
3.93678e-07
6.55044e-08
6.9952e-07
-2.87445e-07
1.31673e-06
-9.97512e-07
2.26187e-06
-1.8642e-06
3.03273e-06
-2.01248e-06
2.49494e-06
-3.01173e-07
2.79977e-08
2.87299e-06
-2.52768e-06
4.48782e-06
-1.55469e-06
-1.48846e-05
-1.40746e-05
-1.32998e-05
-1.2558e-05
-1.18479e-05
-1.11686e-05
-1.05189e-05
-9.89792e-06
-9.30455e-06
-8.73787e-06
-8.19697e-06
-7.68098e-06
-7.18904e-06
-6.72034e-06
-6.2741e-06
-5.84954e-06
-5.44594e-06
-5.06258e-06
-4.69876e-06
-4.3538e-06
-4.02703e-06
-3.71782e-06
-3.42552e-06
-3.14952e-06
-2.8892e-06
-2.64397e-06
-2.41323e-06
-2.19641e-06
-1.99292e-06
-1.80221e-06
-1.62372e-06
-1.45691e-06
-1.30124e-06
-1.15619e-06
-1.02124e-06
-8.95882e-07
-7.79618e-07
-6.71963e-07
-5.7244e-07
-4.8057e-07
-3.95911e-07
-3.18007e-07
-2.46427e-07
-1.80777e-07
-1.20527e-07
-6.56139e-08
-1.47758e-08
3.02529e-08
7.48565e-08
1.07855e-07
1.55456e-07
1.62015e-07
2.45166e-07
1.68386e-07
3.92611e-07
5.80874e-08
7.04281e-07
-2.99303e-07
1.32986e-06
-1.01538e-06
2.28173e-06
-1.88239e-06
3.04849e-06
-2.01724e-06
2.49307e-06
-2.85744e-07
1.01677e-08
2.89712e-06
-2.55312e-06
4.51603e-06
-1.61674e-06
-1.52857e-05
-1.44592e-05
-1.36682e-05
-1.29105e-05
-1.21848e-05
-1.14903e-05
-1.08258e-05
-1.01902e-05
-9.58269e-06
-9.0022e-06
-8.44787e-06
-7.91881e-06
-7.41419e-06
-6.93321e-06
-6.47507e-06
-6.03903e-06
-5.62434e-06
-5.23029e-06
-4.8562e-06
-4.50137e-06
-4.16515e-06
-3.84688e-06
-3.54594e-06
-3.26168e-06
-2.99351e-06
-2.74082e-06
-2.503e-06
-2.27946e-06
-2.06964e-06
-1.87294e-06
-1.68882e-06
-1.51672e-06
-1.35608e-06
-1.20638e-06
-1.06708e-06
-9.37666e-07
-8.17625e-07
-7.06461e-07
-6.03683e-07
-5.088e-07
-4.21358e-07
-3.40885e-07
-2.6694e-07
-1.99116e-07
-1.3687e-07
-8.01338e-08
-2.76104e-08
1.89195e-08
6.49856e-08
9.91187e-08
1.48191e-07
1.55199e-07
2.4054e-07
1.62385e-07
3.91506e-07
5.08362e-08
7.08851e-07
-3.10845e-07
1.34257e-06
-1.03276e-06
2.30105e-06
-1.90018e-06
3.06395e-06
-2.02209e-06
2.49128e-06
-2.70518e-07
-8.36346e-09
2.9225e-06
-2.5817e-06
4.54771e-06
-1.68528e-06
-1.56774e-05
-1.4835e-05
-1.40285e-05
-1.32555e-05
-1.25148e-05
-1.18055e-05
-1.11266e-05
-1.0477e-05
-9.85565e-06
-9.26173e-06
-8.6943e-06
-8.1525e-06
-7.6355e-06
-7.14251e-06
-6.67274e-06
-6.22544e-06
-5.79989e-06
-5.39537e-06
-5.01119e-06
-4.64668e-06
-4.30117e-06
-3.97401e-06
-3.66456e-06
-3.3722e-06
-3.0963e-06
-2.83626e-06
-2.59147e-06
-2.36134e-06
-2.14527e-06
-1.94269e-06
-1.75302e-06
-1.57569e-06
-1.41016e-06
-1.25588e-06
-1.11229e-06
-9.78878e-07
-8.55113e-07
-7.40489e-07
-6.34503e-07
-5.36648e-07
-4.46461e-07
-3.63454e-07
-2.87178e-07
-2.17209e-07
-1.52993e-07
-9.44597e-08
-4.0274e-08
7.73691e-09
5.52447e-08
9.04987e-08
1.41017e-07
1.48477e-07
2.35961e-07
1.56485e-07
3.90366e-07
4.375e-08
7.13236e-07
-3.22073e-07
1.35487e-06
-1.04967e-06
2.31981e-06
-1.91757e-06
3.07908e-06
-2.027e-06
2.48953e-06
-2.55479e-07
-2.7538e-08
2.949e-06
-2.61314e-06
4.58255e-06
-1.75934e-06
-1.60597e-05
-1.5202e-05
-1.43805e-05
-1.35928e-05
-1.28377e-05
-1.21142e-05
-1.14213e-05
-1.0758e-05
-1.01234e-05
-9.51637e-06
-8.93619e-06
-8.38198e-06
-7.8529e-06
-7.34817e-06
-6.86703e-06
-6.40873e-06
-5.97253e-06
-5.55775e-06
-5.16369e-06
-4.78968e-06
-4.43505e-06
-4.09916e-06
-3.78136e-06
-3.48103e-06
-3.19754e-06
-2.93028e-06
-2.67863e-06
-2.442e-06
-2.21979e-06
-2.01141e-06
-1.81628e-06
-1.63381e-06
-1.46346e-06
-1.30466e-06
-1.15685e-06
-1.0195e-06
-8.92068e-07
-7.74034e-07
-6.64887e-07
-5.64102e-07
-4.7121e-07
-3.85705e-07
-3.07131e-07
-2.35049e-07
-1.68891e-07
-1.08586e-07
-5.27612e-08
-3.28991e-09
4.56381e-08
8.19991e-08
1.33939e-07
1.41854e-07
2.3143e-07
1.50689e-07
3.89196e-07
3.68277e-08
7.17441e-07
-3.32993e-07
1.36677e-06
-1.0661e-06
2.33804e-06
-1.93455e-06
3.09388e-06
-2.03194e-06
2.48779e-06
-2.40617e-07
-4.72953e-08
2.97649e-06
-2.64714e-06
4.62021e-06
-1.83801e-06
-1.64323e-05
-1.55601e-05
-1.47243e-05
-1.39225e-05
-1.31534e-05
-1.24163e-05
-1.17099e-05
-1.10334e-05
-1.03857e-05
-9.76606e-06
-9.17348e-06
-8.60717e-06
-8.06632e-06
-7.55014e-06
-7.05789e-06
-6.58882e-06
-6.14222e-06
-5.71739e-06
-5.31364e-06
-4.93032e-06
-4.56675e-06
-4.22228e-06
-3.89629e-06
-3.58813e-06
-3.29718e-06
-3.02282e-06
-2.76443e-06
-2.52141e-06
-2.29316e-06
-2.07908e-06
-1.87857e-06
-1.69106e-06
-1.51596e-06
-1.35271e-06
-1.20074e-06
-1.05952e-06
-9.28472e-07
-8.07081e-07
-6.94821e-07
-5.91152e-07
-4.95594e-07
-4.07629e-07
-3.26791e-07
-2.52626e-07
-1.84556e-07
-1.22506e-07
-6.50668e-08
-1.41563e-08
3.61702e-08
7.36233e-08
1.26959e-07
1.35331e-07
2.2695e-07
1.44995e-07
3.87999e-07
3.0068e-08
7.21472e-07
-3.43609e-07
1.37828e-06
-1.08207e-06
2.35574e-06
-1.95112e-06
3.10834e-06
-2.03689e-06
2.48605e-06
-2.25923e-07
-6.75726e-08
3.00486e-06
-2.68342e-06
4.6604e-06
-1.92042e-06
-1.67952e-05
-1.59092e-05
-1.50598e-05
-1.42444e-05
-1.3462e-05
-1.27116e-05
-1.19922e-05
-1.13029e-05
-1.06427e-05
-1.00107e-05
-9.4061e-06
-8.82802e-06
-8.27569e-06
-7.74835e-06
-7.24525e-06
-6.76566e-06
-6.30888e-06
-5.87422e-06
-5.46099e-06
-5.06854e-06
-4.69621e-06
-4.34334e-06
-4.0093e-06
-3.69346e-06
-3.39518e-06
-3.11385e-06
-2.84884e-06
-2.59955e-06
-2.36537e-06
-2.14567e-06
-1.93988e-06
-1.7474e-06
-1.56763e-06
-1.40001e-06
-1.24395e-06
-1.09891e-06
-9.64313e-07
-8.39617e-07
-7.24294e-07
-6.17785e-07
-5.19605e-07
-4.29217e-07
-3.46151e-07
-2.69936e-07
-1.99983e-07
-1.36214e-07
-7.71855e-08
-2.48575e-08
2.68449e-08
6.5375e-08
1.20081e-07
1.28911e-07
2.22524e-07
1.39407e-07
3.86777e-07
2.34699e-08
7.25333e-07
-3.53926e-07
1.3894e-06
-1.09758e-06
2.3729e-06
-1.96727e-06
3.12243e-06
-2.04182e-06
2.48429e-06
-2.11394e-07
-8.83058e-08
3.03397e-06
-2.7217e-06
4.70278e-06
-2.00581e-06
-1.71484e-05
-1.62493e-05
-1.53868e-05
-1.45585e-05
-1.37632e-05
-1.30002e-05
-1.22683e-05
-1.15666e-05
-1.08942e-05
-1.02503e-05
-9.63397e-06
-9.04445e-06
-8.48095e-06
-7.94273e-06
-7.42905e-06
-6.93919e-06
-6.47247e-06
-6.02819e-06
-5.60569e-06
-5.20431e-06
-4.82338e-06
-4.46228e-06
-4.12036e-06
-3.79698e-06
-3.49151e-06
-3.20335e-06
-2.93184e-06
-2.67639e-06
-2.43637e-06
-2.21116e-06
-2.00018e-06
-1.80281e-06
-1.61846e-06
-1.44654e-06
-1.28646e-06
-1.13767e-06
-9.99575e-07
-8.71629e-07
-7.53293e-07
-6.43992e-07
-5.43231e-07
-4.50459e-07
-3.65201e-07
-2.86969e-07
-2.15163e-07
-1.49704e-07
-8.91121e-08
-3.53889e-08
1.76666e-08
5.72577e-08
1.13308e-07
1.22596e-07
2.18155e-07
1.33924e-07
3.85534e-07
1.70321e-08
7.2903e-07
-3.63947e-07
1.40015e-06
-1.11263e-06
2.38954e-06
-1.983e-06
3.13615e-06
-2.04671e-06
2.48249e-06
-1.97026e-07
-1.0943e-07
3.06372e-06
-2.76171e-06
4.74707e-06
-2.09346e-06
-1.74919e-05
-1.65802e-05
-1.57054e-05
-1.48647e-05
-1.40572e-05
-1.32819e-05
-1.25379e-05
-1.18243e-05
-1.11402e-05
-1.04847e-05
-9.85704e-06
-9.25641e-06
-8.68205e-06
-8.13323e-06
-7.60923e-06
-7.10936e-06
-6.63293e-06
-6.17926e-06
-5.74769e-06
-5.33756e-06
-4.94824e-06
-4.57907e-06
-4.22942e-06
-3.89865e-06
-3.58614e-06
-3.29127e-06
-3.01338e-06
-2.75188e-06
-2.50614e-06
-2.27553e-06
-2.05945e-06
-1.85728e-06
-1.66843e-06
-1.49228e-06
-1.32825e-06
-1.17578e-06
-1.03424e-06
-9.03103e-07
-7.81807e-07
-6.6976e-07
-5.66462e-07
-4.71347e-07
-3.83934e-07
-3.03719e-07
-2.30092e-07
-1.62972e-07
-1.00842e-07
-4.57459e-08
8.63914e-09
4.92748e-08
1.06644e-07
1.16388e-07
2.13845e-07
1.28547e-07
3.84275e-07
1.07531e-08
7.32569e-07
-3.73678e-07
1.41053e-06
-1.12723e-06
2.40565e-06
-1.9983e-06
3.1495e-06
-2.05153e-06
2.48065e-06
-1.82821e-07
-1.3088e-07
3.09399e-06
-2.80317e-06
4.79297e-06
-2.18271e-06
-1.78254e-05
-1.69021e-05
-1.60154e-05
-1.5163e-05
-1.43437e-05
-1.35567e-05
-1.28012e-05
-1.20761e-05
-1.13806e-05
-1.07139e-05
-1.00753e-05
-9.46384e-06
-8.87892e-06
-8.31979e-06
-7.78575e-06
-7.27612e-06
-6.79021e-06
-6.32736e-06
-5.88693e-06
-5.46827e-06
-5.07072e-06
-4.69366e-06
-4.33644e-06
-3.99844e-06
-3.67903e-06
-3.37758e-06
-3.09345e-06
-2.82601e-06
-2.57466e-06
-2.33874e-06
-2.11766e-06
-1.91078e-06
-1.7175e-06
-1.53722e-06
-1.3693e-06
-1.21321e-06
-1.0683e-06
-9.34025e-07
-8.09823e-07
-6.95079e-07
-5.8929e-07
-4.91871e-07
-4.02342e-07
-3.20178e-07
-2.44762e-07
-1.7601e-07
-1.12369e-07
-5.59242e-08
-2.33343e-10
4.14296e-08
1.00091e-07
1.10291e-07
2.09598e-07
1.23278e-07
3.83001e-07
4.63155e-09
7.35954e-07
-3.83123e-07
1.42055e-06
-1.14139e-06
2.42125e-06
-2.01317e-06
3.16245e-06
-2.05627e-06
2.47874e-06
-1.68779e-07
-1.5259e-07
3.12466e-06
-2.84585e-06
4.8402e-06
-2.273e-06
-1.81492e-05
-1.72147e-05
-1.63169e-05
-1.54533e-05
-1.46228e-05
-1.38246e-05
-1.30579e-05
-1.23218e-05
-1.16154e-05
-1.09379e-05
-1.02886e-05
-9.66668e-06
-9.07152e-06
-8.50237e-06
-7.95856e-06
-7.43941e-06
-6.94426e-06
-6.47247e-06
-6.02339e-06
-5.59637e-06
-5.19079e-06
-4.80601e-06
-4.4414e-06
-4.09631e-06
-3.77014e-06
-3.46225e-06
-3.17199e-06
-2.89875e-06
-2.64189e-06
-2.40077e-06
-2.17479e-06
-1.96329e-06
-1.76568e-06
-1.58132e-06
-1.4096e-06
-1.24996e-06
-1.10174e-06
-9.64384e-07
-8.3733e-07
-7.19939e-07
-6.11704e-07
-5.12024e-07
-4.20417e-07
-3.36341e-07
-2.59168e-07
-1.88815e-07
-1.23689e-07
-6.59191e-08
-8.947e-09
3.37254e-08
9.36527e-08
1.04306e-07
2.05417e-07
1.18118e-07
3.81716e-07
-1.33397e-09
7.39192e-07
-3.92287e-07
1.43022e-06
-1.1551e-06
2.43633e-06
-2.02761e-06
3.17501e-06
-2.06091e-06
2.47676e-06
-1.54904e-07
-1.74495e-07
3.15561e-06
-2.88949e-06
4.88847e-06
-2.36379e-06
-1.8463e-05
-1.75181e-05
-1.66098e-05
-1.57356e-05
-1.48944e-05
-1.40855e-05
-1.33082e-05
-1.25614e-05
-1.18444e-05
-1.11565e-05
-1.04969e-05
-9.86489e-06
-9.25978e-06
-8.6809e-06
-8.12759e-06
-7.59918e-06
-7.09504e-06
-6.61452e-06
-6.157e-06
-5.72184e-06
-5.30841e-06
-4.91608e-06
-4.54423e-06
-4.19223e-06
-3.85944e-06
-3.54525e-06
-3.249e-06
-2.97006e-06
-2.70781e-06
-2.4616e-06
-2.23081e-06
-2.01479e-06
-1.81293e-06
-1.62459e-06
-1.44913e-06
-1.28601e-06
-1.13454e-06
-9.94166e-07
-8.64316e-07
-7.4433e-07
-6.33696e-07
-5.31796e-07
-4.38152e-07
-3.52199e-07
-2.73303e-07
-2.01379e-07
-1.34798e-07
-7.57265e-08
-1.74979e-08
2.61654e-08
8.7332e-08
9.84342e-08
2.01303e-07
1.13067e-07
3.80424e-07
-7.14497e-09
7.42288e-07
-4.01174e-07
1.43953e-06
-1.16838e-06
2.45091e-06
-2.04161e-06
3.18716e-06
-2.06543e-06
2.47472e-06
-1.41202e-07
-1.96532e-07
3.18675e-06
-2.93385e-06
4.93755e-06
-2.45461e-06
-1.87671e-05
-1.78123e-05
-1.68941e-05
-1.60099e-05
-1.51585e-05
-1.43395e-05
-1.35518e-05
-1.27949e-05
-1.20677e-05
-1.13698e-05
-1.07002e-05
-1.00584e-05
-9.44367e-06
-8.85535e-06
-8.2928e-06
-7.75539e-06
-7.24249e-06
-6.75347e-06
-6.28772e-06
-5.84462e-06
-5.42353e-06
-5.02383e-06
-4.64492e-06
-4.28615e-06
-3.9469e-06
-3.62654e-06
-3.32443e-06
-3.03993e-06
-2.7724e-06
-2.52121e-06
-2.28572e-06
-2.06525e-06
-1.85923e-06
-1.66699e-06
-1.48787e-06
-1.32134e-06
-1.1667e-06
-1.02336e-06
-8.90771e-07
-7.68241e-07
-6.55255e-07
-5.51178e-07
-4.55538e-07
-3.67746e-07
-2.8716e-07
-2.13698e-07
-1.4569e-07
-8.53419e-08
-2.58822e-08
1.8752e-08
8.11322e-08
9.26792e-08
1.9726e-07
1.08126e-07
3.79129e-07
-1.28031e-08
7.45247e-07
-4.09789e-07
1.44852e-06
-1.18124e-06
2.46499e-06
-2.05518e-06
3.19891e-06
-2.06982e-06
2.47259e-06
-1.2768e-07
-2.18636e-07
3.21797e-06
-2.97873e-06
4.98717e-06
-2.54504e-06
-1.90612e-05
-1.80974e-05
-1.71699e-05
-1.62761e-05
-1.54151e-05
-1.45863e-05
-1.37889e-05
-1.30222e-05
-1.22853e-05
-1.15776e-05
-1.08985e-05
-1.02472e-05
-9.62314e-06
-9.02565e-06
-8.45415e-06
-7.90799e-06
-7.38658e-06
-6.88928e-06
-6.41552e-06
-5.96468e-06
-5.53612e-06
-5.12923e-06
-4.74343e-06
-4.37805e-06
-4.03248e-06
-3.7061e-06
-3.39826e-06
-3.10832e-06
-2.83563e-06
-2.57956e-06
-2.33947e-06
-2.11467e-06
-1.90457e-06
-1.70851e-06
-1.52581e-06
-1.35594e-06
-1.19819e-06
-1.05195e-06
-9.16682e-07
-7.91663e-07
-6.76375e-07
-5.70163e-07
-4.7257e-07
-3.82975e-07
-3.00734e-07
-2.25767e-07
-1.56361e-07
-9.4761e-08
-3.4096e-08
1.14887e-08
7.50564e-08
8.70425e-08
1.93291e-07
1.03295e-07
3.77834e-07
-1.83103e-08
7.48073e-07
-4.18137e-07
1.45717e-06
-1.19367e-06
2.47857e-06
-2.0683e-06
3.21025e-06
-2.07406e-06
2.47037e-06
-1.14342e-07
-2.40746e-07
3.24916e-06
-3.0239e-06
5.0371e-06
-2.63471e-06
3.22116e-06
-2.07815e-06
2.46808e-06
-1.01199e-07
-2.628e-07
3.28024e-06
-3.06917e-06
5.08711e-06
-2.72325e-06
2.64006e-05
2.51328e-05
2.39036e-05
2.27132e-05
2.15617e-05
2.04489e-05
1.93746e-05
1.83386e-05
1.73407e-05
1.63805e-05
1.54577e-05
1.45718e-05
1.37224e-05
1.29088e-05
1.21305e-05
1.13869e-05
1.06774e-05
1.00012e-05
9.35752e-06
8.74568e-06
8.16486e-06
7.61421e-06
7.0929e-06
6.60005e-06
6.13476e-06
5.69613e-06
5.28324e-06
4.89517e-06
4.53098e-06
4.18972e-06
3.87046e-06
3.57226e-06
3.29417e-06
3.03528e-06
2.79464e-06
2.57135e-06
2.3645e-06
2.1732e-06
1.99657e-06
1.83376e-06
1.68392e-06
1.54623e-06
1.41987e-06
1.30405e-06
1.19802e-06
1.10099e-06
1.01226e-06
9.31078e-07
8.56744e-07
7.8854e-07
7.25766e-07
6.67717e-07
6.13636e-07
5.62877e-07
5.14262e-07
4.68234e-07
4.19386e-07
3.8095e-07
3.08096e-07
3.22236e-07
1.0139e-07
3.95675e-07
-3.61044e-07
5.69485e-07
-5.56106e-07
-7.52284e-07
1.44084e-06
-3.2135e-06
-1.28523e-06
7.15777e-07
2.63062e-05
2.50429e-05
2.38183e-05
2.26323e-05
2.14851e-05
2.03764e-05
1.93061e-05
1.82739e-05
1.72797e-05
1.63231e-05
1.54037e-05
1.45211e-05
1.36748e-05
1.28642e-05
1.20888e-05
1.13479e-05
1.0641e-05
9.96724e-06
9.32594e-06
8.71633e-06
8.1376e-06
7.58895e-06
7.06951e-06
6.57842e-06
6.11479e-06
5.67772e-06
5.2663e-06
4.8796e-06
4.51668e-06
4.17663e-06
3.85848e-06
3.56132e-06
3.2842e-06
3.0262e-06
2.7864e-06
2.56387e-06
2.35773e-06
2.16709e-06
1.99107e-06
1.82882e-06
1.67949e-06
1.54226e-06
1.41633e-06
1.30091e-06
1.19523e-06
1.09854e-06
1.0101e-06
9.29197e-07
8.55116e-07
7.87145e-07
7.24586e-07
6.66738e-07
6.12845e-07
5.62273e-07
5.13813e-07
4.68029e-07
4.19156e-07
3.81522e-07
3.07237e-07
3.25776e-07
9.57398e-08
4.10173e-07
-3.81286e-07
6.04096e-07
-5.80975e-07
-7.38905e-07
1.47057e-06
-3.27268e-06
-1.1453e-06
7.25576e-07
2.6123e-05
2.48688e-05
2.36529e-05
2.24755e-05
2.13365e-05
2.02357e-05
1.91731e-05
1.81485e-05
1.71614e-05
1.62117e-05
1.5299e-05
1.44227e-05
1.35825e-05
1.27777e-05
1.20079e-05
1.12723e-05
1.05704e-05
9.90145e-06
9.2647e-06
8.6594e-06
8.08475e-06
7.53994e-06
7.02414e-06
6.53647e-06
6.07606e-06
5.64202e-06
5.23343e-06
4.84939e-06
4.48896e-06
4.15123e-06
3.83525e-06
3.5401e-06
3.26485e-06
3.00859e-06
2.7704e-06
2.54937e-06
2.34461e-06
2.15524e-06
1.98039e-06
1.81922e-06
1.67088e-06
1.53456e-06
1.40946e-06
1.2948e-06
1.18982e-06
1.09377e-06
1.00592e-06
9.25545e-07
8.51955e-07
7.84435e-07
7.22294e-07
6.64836e-07
6.11308e-07
5.61095e-07
5.12951e-07
4.67594e-07
4.18824e-07
3.82271e-07
3.06596e-07
3.29917e-07
9.14036e-08
4.2339e-07
-3.92965e-07
6.24802e-07
-5.8598e-07
-7.19443e-07
1.46367e-06
-3.20221e-06
-1.01574e-06
6.63172e-07
2.5857e-05
2.46158e-05
2.34127e-05
2.22477e-05
2.11207e-05
2.00316e-05
1.89802e-05
1.79663e-05
1.69897e-05
1.60501e-05
1.51469e-05
1.42799e-05
1.34485e-05
1.26522e-05
1.18904e-05
1.11626e-05
1.0468e-05
9.80597e-06
9.17581e-06
8.57676e-06
8.00803e-06
7.46882e-06
6.95828e-06
6.47558e-06
6.01985e-06
5.5902e-06
5.18573e-06
4.80554e-06
4.44872e-06
4.11435e-06
3.80152e-06
3.50929e-06
3.23677e-06
2.98303e-06
2.74718e-06
2.52831e-06
2.32556e-06
2.13803e-06
1.96489e-06
1.80527e-06
1.65837e-06
1.52337e-06
1.39948e-06
1.28593e-06
1.18197e-06
1.08684e-06
9.99838e-07
9.2024e-07
8.47362e-07
7.80498e-07
7.18964e-07
6.62073e-07
6.09074e-07
5.59381e-07
5.11699e-07
4.66953e-07
4.18367e-07
3.83273e-07
3.05904e-07
3.35301e-07
8.65134e-08
4.3983e-07
-4.05787e-07
6.50847e-07
-5.89836e-07
-6.91868e-07
1.45699e-06
-3.12315e-06
-8.62261e-07
5.84183e-07
2.55138e-05
2.42896e-05
2.3103e-05
2.19539e-05
2.08424e-05
1.97683e-05
1.87314e-05
1.77315e-05
1.67684e-05
1.58416e-05
1.49509e-05
1.40958e-05
1.32758e-05
1.24904e-05
1.1739e-05
1.10211e-05
1.03359e-05
9.68289e-06
9.06124e-06
8.47025e-06
7.90914e-06
7.37713e-06
6.87339e-06
6.3971e-06
5.94739e-06
5.52339e-06
5.12423e-06
4.74901e-06
4.39684e-06
4.06682e-06
3.75803e-06
3.46958e-06
3.20056e-06
2.95007e-06
2.71724e-06
2.50117e-06
2.30099e-06
2.11584e-06
1.94489e-06
1.7873e-06
1.64225e-06
1.50895e-06
1.38662e-06
1.2745e-06
1.17184e-06
1.0779e-06
9.91996e-07
9.13399e-07
8.41439e-07
7.75421e-07
7.14669e-07
6.58508e-07
6.06193e-07
5.57172e-07
5.10083e-07
4.66126e-07
4.17777e-07
3.84544e-07
3.05059e-07
3.42068e-07
8.05398e-08
4.60438e-07
-4.22017e-07
6.85492e-07
-5.98103e-07
-6.54053e-07
1.45653e-06
-3.05275e-06
-6.75762e-07
4.98673e-07
2.50993e-05
2.38956e-05
2.27288e-05
2.15991e-05
2.05064e-05
1.94504e-05
1.8431e-05
1.7448e-05
1.65011e-05
1.559e-05
1.47143e-05
1.38735e-05
1.30673e-05
1.22951e-05
1.15563e-05
1.08503e-05
1.01765e-05
9.5343e-06
8.92291e-06
8.34165e-06
7.78975e-06
7.26643e-06
6.7709e-06
6.30233e-06
5.85989e-06
5.44273e-06
5.04997e-06
4.68076e-06
4.3342e-06
4.00941e-06
3.70552e-06
3.42162e-06
3.15683e-06
2.91028e-06
2.68108e-06
2.46838e-06
2.27132e-06
2.08905e-06
1.92074e-06
1.76559e-06
1.62278e-06
1.49154e-06
1.37109e-06
1.26069e-06
1.1596e-06
1.06711e-06
9.82525e-07
9.05136e-07
8.34285e-07
7.69288e-07
7.0948e-07
6.54202e-07
6.0271e-07
5.54502e-07
5.08125e-07
4.65127e-07
4.17044e-07
3.86083e-07
3.04016e-07
3.50165e-07
7.34808e-08
4.84826e-07
-4.41166e-07
7.27148e-07
-6.09714e-07
-6.07874e-07
1.45992e-06
-2.9881e-06
-4.61158e-07
4.00441e-07
2.46189e-05
2.3439e-05
2.22954e-05
2.11881e-05
2.01171e-05
1.90821e-05
1.8083e-05
1.71196e-05
1.61915e-05
1.52985e-05
1.44402e-05
1.36162e-05
1.28259e-05
1.20689e-05
1.13446e-05
1.06525e-05
9.99193e-06
9.36223e-06
8.76274e-06
8.19274e-06
7.6515e-06
7.13825e-06
6.65221e-06
6.19259e-06
5.75857e-06
5.34931e-06
4.96397e-06
4.60171e-06
4.26165e-06
3.94293e-06
3.64469e-06
3.36607e-06
3.10618e-06
2.86418e-06
2.6392e-06
2.4304e-06
2.23695e-06
2.05801e-06
1.89277e-06
1.74044e-06
1.60022e-06
1.47136e-06
1.35309e-06
1.24469e-06
1.14543e-06
1.05461e-06
9.71552e-07
8.95563e-07
8.25996e-07
7.62182e-07
7.03467e-07
6.49211e-07
5.98671e-07
5.51406e-07
5.05846e-07
4.63974e-07
4.16158e-07
3.87899e-07
3.02707e-07
3.59582e-07
6.52454e-08
5.12777e-07
-4.63041e-07
7.74757e-07
-6.23762e-07
-5.55733e-07
1.46718e-06
-2.92907e-06
-2.25121e-07
2.86729e-07
2.40781e-05
2.29251e-05
2.18075e-05
2.07255e-05
1.9679e-05
1.86677e-05
1.76915e-05
1.67501e-05
1.58433e-05
1.49707e-05
1.41319e-05
1.33266e-05
1.25543e-05
1.18145e-05
1.11066e-05
1.043e-05
9.7843e-06
9.1687e-06
8.58258e-06
8.02524e-06
7.49598e-06
6.99406e-06
6.51871e-06
6.06915e-06
5.64459e-06
5.24422e-06
4.86723e-06
4.51278e-06
4.18002e-06
3.86814e-06
3.57626e-06
3.30356e-06
3.04919e-06
2.81231e-06
2.59207e-06
2.38767e-06
2.19827e-06
2.02308e-06
1.86129e-06
1.71214e-06
1.57484e-06
1.44865e-06
1.33284e-06
1.22668e-06
1.12948e-06
1.04054e-06
9.592e-07
8.84787e-07
8.16666e-07
7.54182e-07
6.96697e-07
6.4359e-07
5.94121e-07
5.4792e-07
5.03264e-07
4.62684e-07
4.151e-07
3.90006e-07
3.01045e-07
3.70349e-07
5.56675e-08
5.44224e-07
-4.87729e-07
8.27796e-07
-6.4007e-07
-4.99163e-07
1.47885e-06
-2.87778e-06
2.7862e-08
1.58174e-07
2.34822e-05
2.23588e-05
2.127e-05
2.0216e-05
1.91965e-05
1.82113e-05
1.72603e-05
1.63432e-05
1.54598e-05
1.46097e-05
1.37925e-05
1.30079e-05
1.22553e-05
1.15344e-05
1.08445e-05
1.01851e-05
9.55572e-06
8.95564e-06
8.38423e-06
7.84084e-06
7.32477e-06
6.83531e-06
6.37171e-06
5.93323e-06
5.51909e-06
5.12851e-06
4.7607e-06
4.41485e-06
4.09014e-06
3.78577e-06
3.5009e-06
3.23473e-06
2.98642e-06
2.75517e-06
2.54017e-06
2.3406e-06
2.15567e-06
1.9846e-06
1.82662e-06
1.68096e-06
1.54687e-06
1.42363e-06
1.31052e-06
1.20684e-06
1.1119e-06
1.02503e-06
9.45592e-07
8.72914e-07
8.06384e-07
7.45365e-07
6.89234e-07
6.37394e-07
5.89099e-07
5.44075e-07
5.00397e-07
4.61277e-07
4.13848e-07
3.92429e-07
2.98932e-07
3.8252e-07
4.4553e-08
5.79148e-07
-5.15363e-07
8.85816e-07
-6.58545e-07
-4.39362e-07
1.49503e-06
-2.83582e-06
2.94511e-07
1.59314e-08
2.28363e-05
2.17451e-05
2.06876e-05
1.96639e-05
1.86737e-05
1.77169e-05
1.67933e-05
1.59025e-05
1.50445e-05
1.42187e-05
1.34249e-05
1.26627e-05
1.19316e-05
1.12311e-05
1.05607e-05
9.91993e-06
9.30821e-06
8.72492e-06
8.16945e-06
7.64116e-06
7.13937e-06
6.66339e-06
6.21252e-06
5.78603e-06
5.38317e-06
5.00319e-06
4.64531e-06
4.30877e-06
3.99278e-06
3.69654e-06
3.41926e-06
3.16016e-06
2.91843e-06
2.69328e-06
2.48393e-06
2.2896e-06
2.10951e-06
1.94291e-06
1.78904e-06
1.64717e-06
1.51657e-06
1.39652e-06
1.28634e-06
1.18534e-06
1.09286e-06
1.00823e-06
9.30842e-07
8.60044e-07
7.95239e-07
7.35807e-07
6.81142e-07
6.30675e-07
5.83647e-07
5.39905e-07
4.9726e-07
4.59774e-07
4.12378e-07
3.95202e-07
2.96259e-07
3.96166e-07
3.16904e-08
6.17552e-07
-5.46072e-07
9.48371e-07
-6.79032e-07
-3.77488e-07
1.51566e-06
-2.80406e-06
5.71862e-07
-1.38935e-07
2.21453e-05
2.10887e-05
2.00647e-05
1.90735e-05
1.81148e-05
1.71883e-05
1.6294e-05
1.54315e-05
1.46006e-05
1.38009e-05
1.30321e-05
1.22938e-05
1.15855e-05
1.09069e-05
1.02574e-05
9.63652e-06
9.04369e-06
8.47835e-06
7.93991e-06
7.42775e-06
6.94121e-06
6.47965e-06
6.04238e-06
5.62869e-06
5.23788e-06
4.86922e-06
4.52197e-06
4.19538e-06
3.88869e-06
3.60115e-06
3.33198e-06
3.08043e-06
2.84572e-06
2.6271e-06
2.4238e-06
2.23506e-06
2.06015e-06
1.89833e-06
1.74886e-06
1.61104e-06
1.48416e-06
1.36753e-06
1.26048e-06
1.16234e-06
1.07248e-06
9.90257e-07
9.15064e-07
8.46276e-07
7.83314e-07
7.2558e-07
6.7248e-07
6.23481e-07
5.77803e-07
5.35442e-07
4.93866e-07
4.58198e-07
4.10659e-07
3.98364e-07
2.92907e-07
4.11377e-07
1.68576e-08
6.59456e-07
-5.79982e-07
1.01503e-06
-7.01341e-07
-3.14626e-07
1.54073e-06
-2.78291e-06
8.57139e-07
-3.05279e-07
2.1414e-05
2.0394e-05
1.94057e-05
1.84489e-05
1.75235e-05
1.66293e-05
1.57659e-05
1.49333e-05
1.41311e-05
1.33591e-05
1.26167e-05
1.19037e-05
1.12197e-05
1.05642e-05
9.93678e-06
9.33689e-06
8.76404e-06
8.21768e-06
7.69723e-06
7.20211e-06
6.7317e-06
6.28537e-06
5.86247e-06
5.46232e-06
5.08425e-06
4.72755e-06
4.39152e-06
4.07545e-06
3.7786e-06
3.50025e-06
3.23966e-06
2.99609e-06
2.76881e-06
2.55708e-06
2.36017e-06
2.17736e-06
2.00792e-06
1.85115e-06
1.70634e-06
1.57281e-06
1.44986e-06
1.33684e-06
1.23311e-06
1.138e-06
1.05092e-06
9.71234e-07
8.98364e-07
8.31702e-07
7.70691e-07
7.14752e-07
6.63307e-07
6.15863e-07
5.71605e-07
5.30718e-07
4.90228e-07
4.56576e-07
4.08657e-07
4.01966e-07
2.88747e-07
4.28255e-07
-1.69389e-10
7.04886e-07
-6.17192e-07
1.08538e-06
-7.25244e-07
-2.51765e-07
1.57023e-06
-2.77254e-06
1.14777e-06
-4.81801e-07
2.06469e-05
1.96656e-05
1.87146e-05
1.77941e-05
1.69037e-05
1.60433e-05
1.52125e-05
1.44113e-05
1.36392e-05
1.28961e-05
1.21815e-05
1.1495e-05
1.08364e-05
1.02052e-05
9.60083e-06
9.02295e-06
8.47102e-06
7.94453e-06
7.44294e-06
6.96567e-06
6.51216e-06
6.08178e-06
5.67393e-06
5.28796e-06
4.92323e-06
4.57906e-06
4.25479e-06
3.94974e-06
3.6632e-06
3.39447e-06
3.14286e-06
2.90766e-06
2.68817e-06
2.48367e-06
2.29346e-06
2.11686e-06
1.95316e-06
1.80168e-06
1.66175e-06
1.53271e-06
1.41389e-06
1.30466e-06
1.2044e-06
1.11247e-06
1.02831e-06
9.51279e-07
8.80844e-07
8.16412e-07
7.57445e-07
7.03389e-07
6.53678e-07
6.07866e-07
5.65085e-07
5.25764e-07
4.86353e-07
4.54935e-07
4.06332e-07
4.06067e-07
2.83645e-07
4.46912e-07
-1.96083e-08
7.53861e-07
-6.57759e-07
1.15898e-06
-7.50463e-07
-1.89806e-07
1.60415e-06
-2.77281e-06
1.44133e-06
-6.67024e-07
1.98485e-05
1.89074e-05
1.79956e-05
1.71128e-05
1.62589e-05
1.54337e-05
1.46369e-05
1.38683e-05
1.31276e-05
1.24146e-05
1.17288e-05
1.10701e-05
1.04378e-05
9.83179e-06
9.25149e-06
8.69649e-06
8.16633e-06
7.6605e-06
7.1785e-06
6.7198e-06
6.28383e-06
5.87004e-06
5.47783e-06
5.1066e-06
4.75574e-06
4.4246e-06
4.11256e-06
3.81896e-06
3.54313e-06
3.28442e-06
3.04215e-06
2.81566e-06
2.60425e-06
2.40727e-06
2.22404e-06
2.05389e-06
1.89616e-06
1.75019e-06
1.61534e-06
1.49097e-06
1.37645e-06
1.27116e-06
1.17451e-06
1.0859e-06
1.00476e-06
9.30502e-07
8.62603e-07
8.00491e-07
7.43651e-07
6.91554e-07
6.43644e-07
5.99533e-07
5.58277e-07
5.2061e-07
4.8225e-07
4.53308e-07
4.0364e-07
4.10731e-07
2.77462e-07
4.67467e-07
-4.16614e-08
8.06381e-07
-7.01685e-07
1.23535e-06
-7.76662e-07
-1.2957e-07
1.64238e-06
-2.78327e-06
1.73551e-06
-8.59305e-07
1.90228e-05
1.81236e-05
1.72522e-05
1.64086e-05
1.55925e-05
1.48037e-05
1.40421e-05
1.33073e-05
1.25991e-05
1.19172e-05
1.12613e-05
1.0631e-05
1.00261e-05
9.44609e-06
8.89061e-06
8.35925e-06
7.85156e-06
7.36707e-06
6.9053e-06
6.46576e-06
6.04792e-06
5.65126e-06
5.2752e-06
4.9192e-06
4.58265e-06
4.26497e-06
3.96556e-06
3.68378e-06
3.41903e-06
3.17066e-06
2.93804e-06
2.72054e-06
2.5175e-06
2.32829e-06
2.15226e-06
1.98878e-06
1.83721e-06
1.69695e-06
1.56734e-06
1.4478e-06
1.33772e-06
1.23651e-06
1.1436e-06
1.05841e-06
9.80401e-07
9.0901e-07
8.43731e-07
7.84018e-07
7.29378e-07
6.79306e-07
6.33256e-07
5.90908e-07
5.51211e-07
5.15287e-07
4.77921e-07
4.51729e-07
4.00535e-07
4.16033e-07
2.70056e-07
4.90037e-07
-6.65072e-08
8.62412e-07
-7.48904e-07
1.314e-06
-8.03448e-07
-7.17954e-08
1.6848e-06
-2.80322e-06
2.02804e-06
-1.05685e-06
1.81739e-05
1.73178e-05
1.64881e-05
1.56848e-05
1.49077e-05
1.41565e-05
1.34309e-05
1.27309e-05
1.20561e-05
1.14062e-05
1.07809e-05
1.01801e-05
9.60315e-06
9.0499e-06
8.51993e-06
8.01284e-06
7.52822e-06
7.06564e-06
6.62465e-06
6.20478e-06
5.80556e-06
5.42647e-06
5.06701e-06
4.72663e-06
4.40479e-06
4.10093e-06
3.81448e-06
3.54485e-06
3.29147e-06
3.05373e-06
2.83102e-06
2.62275e-06
2.42831e-06
2.24708e-06
2.07845e-06
1.92183e-06
1.77661e-06
1.64219e-06
1.51798e-06
1.40341e-06
1.2979e-06
1.20088e-06
1.11181e-06
1.03013e-06
9.55347e-07
8.86901e-07
8.24317e-07
7.67071e-07
7.1469e-07
6.66702e-07
6.2256e-07
5.82031e-07
5.43916e-07
5.09827e-07
4.73369e-07
4.50236e-07
3.96962e-07
4.22051e-07
2.6129e-07
5.14733e-07
-9.42919e-08
9.2188e-07
-7.99273e-07
1.39439e-06
-8.3038e-07
-1.71326e-08
1.73118e-06
-2.83171e-06
2.31672e-06
-1.25772e-06
1.73055e-05
1.64936e-05
1.57067e-05
1.49447e-05
1.42075e-05
1.34947e-05
1.28062e-05
1.21417e-05
1.15011e-05
1.08839e-05
1.029e-05
9.71914e-06
9.1709e-06
8.64499e-06
8.14107e-06
7.65878e-06
7.19773e-06
6.75753e-06
6.33777e-06
5.93801e-06
5.5578e-06
5.19667e-06
4.85415e-06
4.52974e-06
4.22292e-06
3.93318e-06
3.65998e-06
3.40277e-06
3.16101e-06
2.93412e-06
2.72155e-06
2.52272e-06
2.33706e-06
2.16399e-06
2.00294e-06
1.85333e-06
1.71459e-06
1.58616e-06
1.46747e-06
1.35798e-06
1.25714e-06
1.1644e-06
1.07927e-06
1.00119e-06
9.29702e-07
8.6427e-07
8.04442e-07
7.4972e-07
6.99651e-07
6.53796e-07
6.116e-07
5.7294e-07
5.36416e-07
5.04259e-07
4.68593e-07
4.4887e-07
3.92868e-07
4.28867e-07
2.51028e-07
5.41657e-07
-1.25121e-07
9.84662e-07
-8.52571e-07
1.47591e-06
-8.56977e-07
3.38632e-08
1.78121e-06
-2.86757e-06
2.59941e-06
-1.45988e-06
1.6421e-05
1.56543e-05
1.49111e-05
1.41914e-05
1.34948e-05
1.28212e-05
1.21704e-05
1.15422e-05
1.09363e-05
1.03525e-05
9.79055e-06
9.25017e-06
8.73108e-06
8.23299e-06
7.75557e-06
7.29851e-06
6.86144e-06
6.444e-06
6.04582e-06
5.6665e-06
5.30563e-06
4.96277e-06
4.63748e-06
4.32931e-06
4.03777e-06
3.76239e-06
3.50267e-06
3.2581e-06
3.02816e-06
2.81232e-06
2.61007e-06
2.42085e-06
2.24413e-06
2.07937e-06
1.92602e-06
1.78355e-06
1.65141e-06
1.52908e-06
1.41601e-06
1.31169e-06
1.21561e-06
1.12724e-06
1.04611e-06
9.71702e-07
9.03565e-07
8.41204e-07
7.84184e-07
7.32034e-07
6.84318e-07
6.40636e-07
6.00418e-07
5.63671e-07
5.28737e-07
4.98614e-07
4.63587e-07
4.47674e-07
3.88195e-07
4.36566e-07
2.39144e-07
5.70888e-07
-1.59055e-07
1.05058e-06
-9.08496e-07
1.55797e-06
-8.82736e-07
8.07382e-08
1.83451e-06
-2.90946e-06
2.87401e-06
-1.6612e-06
1.5524e-05
1.48032e-05
1.41044e-05
1.34276e-05
1.27723e-05
1.21385e-05
1.1526e-05
1.09345e-05
1.03639e-05
9.81392e-06
9.28432e-06
8.77489e-06
8.28535e-06
7.81544e-06
7.36487e-06
6.93336e-06
6.52057e-06
6.1262e-06
5.74988e-06
5.39127e-06
5.04998e-06
4.72562e-06
4.4178e-06
4.12607e-06
3.85002e-06
3.5892e-06
3.34313e-06
3.11136e-06
2.8934e-06
2.68877e-06
2.49696e-06
2.31749e-06
2.14983e-06
1.9935e-06
1.84797e-06
1.71274e-06
1.58729e-06
1.47115e-06
1.36378e-06
1.26471e-06
1.17345e-06
1.08952e-06
1.01245e-06
9.41762e-07
8.77031e-07
8.17786e-07
7.63614e-07
7.14074e-07
6.68745e-07
6.27271e-07
5.89051e-07
5.5426e-07
5.20898e-07
4.92922e-07
4.58347e-07
4.46693e-07
3.82883e-07
4.4523e-07
2.25528e-07
6.02484e-07
-1.96098e-07
1.11939e-06
-9.66668e-07
1.63989e-06
-9.07148e-07
1.23147e-07
1.89057e-06
-2.95588e-06
3.13853e-06
-1.85949e-06
1.46174e-05
1.39432e-05
1.32894e-05
1.26559e-05
1.20425e-05
1.1449e-05
1.08752e-05
1.03208e-05
9.78587e-06
9.27003e-06
8.77312e-06
8.29493e-06
7.83522e-06
7.39376e-06
6.9703e-06
6.56458e-06
6.17631e-06
5.80521e-06
5.45096e-06
5.11324e-06
4.79172e-06
4.48604e-06
4.19584e-06
3.92072e-06
3.6603e-06
3.41416e-06
3.18189e-06
2.96305e-06
2.75719e-06
2.56387e-06
2.38263e-06
2.21299e-06
2.0545e-06
1.90667e-06
1.76904e-06
1.64113e-06
1.52245e-06
1.41256e-06
1.31095e-06
1.21719e-06
1.13081e-06
1.05136e-06
9.78395e-07
9.11475e-07
8.50187e-07
7.94093e-07
7.42802e-07
6.95901e-07
6.52983e-07
6.13743e-07
5.77536e-07
5.4474e-07
5.1292e-07
4.87215e-07
4.52864e-07
4.45976e-07
3.76875e-07
4.54939e-07
2.10082e-07
6.36473e-07
-2.36202e-07
1.19079e-06
-1.02664e-06
1.72102e-06
-9.29714e-07
1.60853e-07
1.94882e-06
-3.00528e-06
3.39111e-06
-2.05255e-06
1.37043e-05
1.30771e-05
1.24687e-05
1.1879e-05
1.13078e-05
1.07548e-05
1.022e-05
9.70311e-06
9.20403e-06
8.72258e-06
8.25857e-06
7.81182e-06
7.38213e-06
6.9693e-06
6.57311e-06
6.19333e-06
5.82972e-06
5.48203e-06
5.14997e-06
4.83328e-06
4.53165e-06
4.24476e-06
3.97229e-06
3.71388e-06
3.46919e-06
3.23784e-06
3.01945e-06
2.81362e-06
2.61994e-06
2.43801e-06
2.2674e-06
2.10768e-06
1.95841e-06
1.81916e-06
1.68948e-06
1.56894e-06
1.45708e-06
1.35349e-06
1.25769e-06
1.16928e-06
1.08782e-06
1.01288e-06
9.44057e-07
8.80931e-07
8.23113e-07
7.70197e-07
7.21808e-07
6.77569e-07
6.3708e-07
6.00096e-07
5.65906e-07
5.35143e-07
5.04818e-07
4.81522e-07
4.47127e-07
4.45568e-07
3.70113e-07
4.65765e-07
1.92733e-07
6.72849e-07
-2.79258e-07
1.26443e-06
-1.08791e-06
1.80068e-06
-9.49966e-07
1.93736e-07
2.00862e-06
-3.05605e-06
3.63003e-06
-2.23821e-06
1.27874e-05
1.22075e-05
1.16448e-05
1.10992e-05
1.05703e-05
1.00581e-05
9.56243e-06
9.08315e-06
8.6201e-06
8.17316e-06
7.74216e-06
7.32696e-06
6.92739e-06
6.54327e-06
6.17443e-06
5.82068e-06
5.4818e-06
5.15759e-06
4.8478e-06
4.55219e-06
4.27051e-06
4.00247e-06
3.74778e-06
3.50614e-06
3.27723e-06
3.06072e-06
2.85626e-06
2.66349e-06
2.48204e-06
2.31155e-06
2.15161e-06
2.00184e-06
1.86184e-06
1.7312e-06
1.60951e-06
1.49638e-06
1.39137e-06
1.2941e-06
1.20414e-06
1.12111e-06
1.04459e-06
9.74187e-07
9.09527e-07
8.50215e-07
7.95886e-07
7.46163e-07
7.00693e-07
6.59129e-07
6.21079e-07
5.86366e-07
5.54192e-07
5.25497e-07
4.96608e-07
4.75874e-07
4.41124e-07
4.45518e-07
3.62545e-07
4.77772e-07
1.73429e-07
7.11568e-07
-3.25101e-07
1.33989e-06
-1.14993e-06
1.87823e-06
-9.67484e-07
2.21781e-07
2.06928e-06
-3.10659e-06
3.85376e-06
-2.41434e-06
1.18692e-05
1.13368e-05
1.08199e-05
1.03184e-05
9.83208e-06
9.36072e-06
8.90428e-06
8.46263e-06
8.03566e-06
7.62326e-06
7.2253e-06
6.84166e-06
6.47221e-06
6.11682e-06
5.77534e-06
5.44761e-06
5.13348e-06
4.83275e-06
4.54523e-06
4.27071e-06
4.00898e-06
3.7598e-06
3.52291e-06
3.29805e-06
3.08493e-06
2.88327e-06
2.69275e-06
2.51305e-06
2.34385e-06
2.1848e-06
2.03556e-06
1.89576e-06
1.76503e-06
1.64302e-06
1.52934e-06
1.42363e-06
1.32548e-06
1.23456e-06
1.15045e-06
1.0728e-06
1.00123e-06
9.35383e-07
8.74895e-07
8.19407e-07
7.68575e-07
7.22054e-07
6.79508e-07
6.40628e-07
6.05021e-07
5.7259e-07
5.42421e-07
5.15832e-07
4.88303e-07
4.70302e-07
4.34841e-07
4.45871e-07
3.54122e-07
4.91011e-07
1.52149e-07
7.5255e-07
-3.7351e-07
1.41673e-06
-1.21212e-06
1.95303e-06
-9.81908e-07
2.45079e-07
2.13006e-06
-3.15536e-06
4.06099e-06
-2.57892e-06
1.0952e-05
1.04673e-05
9.99621e-06
9.53886e-06
9.09497e-06
8.66443e-06
8.24717e-06
7.84311e-06
7.45216e-06
7.07424e-06
6.70925e-06
6.35711e-06
6.01772e-06
5.69099e-06
5.3768e-06
5.07505e-06
4.78559e-06
4.50829e-06
4.24299e-06
3.98952e-06
3.7477e-06
3.51734e-06
3.29821e-06
3.09009e-06
2.89274e-06
2.7059e-06
2.5293e-06
2.36267e-06
2.20569e-06
2.05808e-06
1.91952e-06
1.78967e-06
1.66822e-06
1.55483e-06
1.44915e-06
1.35086e-06
1.25958e-06
1.17499e-06
1.09673e-06
1.02447e-06
9.57856e-07
8.96558e-07
8.40242e-07
7.88579e-07
7.41244e-07
6.97927e-07
6.58305e-07
6.2211e-07
5.88943e-07
5.58802e-07
5.30619e-07
5.06175e-07
4.79913e-07
4.64833e-07
4.28267e-07
4.46671e-07
3.44803e-07
5.05518e-07
1.28895e-07
7.95673e-07
-4.24215e-07
1.49446e-06
-1.2739e-06
2.02453e-06
-9.92954e-07
2.63817e-07
2.19024e-06
-3.20094e-06
4.25065e-06
-2.73011e-06
1.00382e-05
9.60087e-06
9.17557e-06
8.76225e-06
8.36071e-06
7.97085e-06
7.59264e-06
7.22602e-06
6.87094e-06
6.52735e-06
6.19518e-06
5.8744e-06
5.56493e-06
5.26673e-06
4.97971e-06
4.7038e-06
4.43891e-06
4.18493e-06
3.94175e-06
3.70923e-06
3.48724e-06
3.27561e-06
3.07417e-06
2.88273e-06
2.70108e-06
2.52901e-06
2.36629e-06
2.21266e-06
2.06787e-06
1.93166e-06
1.80374e-06
1.68382e-06
1.57162e-06
1.46682e-06
1.36912e-06
1.27823e-06
1.19379e-06
1.11553e-06
1.04311e-06
9.7622e-07
9.14552e-07
8.57795e-07
8.05642e-07
7.57797e-07
7.13953e-07
6.73833e-07
6.3713e-07
6.03616e-07
5.7288e-07
5.45031e-07
5.1881e-07
4.96551e-07
4.71448e-07
4.59497e-07
4.21386e-07
4.47959e-07
3.34557e-07
5.21312e-07
1.03705e-07
8.40781e-07
-4.76904e-07
1.57256e-06
-1.3347e-06
2.09221e-06
-1.00042e-06
2.78262e-07
2.2491e-06
-3.24203e-06
4.42194e-06
-2.86622e-06
9.12959e-06
8.73955e-06
8.35979e-06
7.99028e-06
7.63086e-06
7.28145e-06
6.94206e-06
6.61265e-06
6.29322e-06
5.98373e-06
5.68417e-06
5.39453e-06
5.11479e-06
4.84491e-06
4.58488e-06
4.33464e-06
4.09414e-06
3.86333e-06
3.64212e-06
3.43042e-06
3.22812e-06
3.03511e-06
2.85124e-06
2.67638e-06
2.51034e-06
2.35295e-06
2.20402e-06
2.06333e-06
1.93066e-06
1.80578e-06
1.68845e-06
1.57842e-06
1.47541e-06
1.37917e-06
1.28942e-06
1.20588e-06
1.12826e-06
1.0563e-06
9.89685e-07
9.28152e-07
8.71406e-07
8.19172e-07
7.71166e-07
7.27123e-07
6.86755e-07
6.49821e-07
6.16023e-07
5.85182e-07
5.56862e-07
5.31306e-07
5.07014e-07
4.86984e-07
4.62915e-07
4.5432e-07
4.14188e-07
4.49768e-07
3.2336e-07
5.38396e-07
7.6643e-08
8.87682e-07
-5.31231e-07
1.65054e-06
-1.39397e-06
2.15565e-06
-1.00419e-06
2.88752e-07
2.30596e-06
-3.27752e-06
4.57432e-06
-2.9858e-06
8.2281e-06
7.88503e-06
7.55049e-06
7.22448e-06
6.90686e-06
6.59758e-06
6.29669e-06
6.00419e-06
5.72009e-06
5.44441e-06
5.17718e-06
4.91841e-06
4.66812e-06
4.42633e-06
4.19304e-06
3.96824e-06
3.75193e-06
3.54408e-06
3.34465e-06
3.15358e-06
2.97082e-06
2.79627e-06
2.62984e-06
2.47141e-06
2.32086e-06
2.17804e-06
2.04279e-06
1.91494e-06
1.79431e-06
1.68069e-06
1.57387e-06
1.47365e-06
1.37978e-06
1.29204e-06
1.21017e-06
1.13395e-06
1.06311e-06
9.97402e-07
9.36562e-07
8.80349e-07
8.28496e-07
7.8076e-07
7.36875e-07
6.96612e-07
6.59701e-07
6.25934e-07
5.95024e-07
5.66841e-07
5.4092e-07
5.17654e-07
4.95252e-07
4.77496e-07
4.5432e-07
4.49328e-07
4.0666e-07
4.52129e-07
3.11203e-07
5.56753e-07
4.78018e-08
9.36154e-07
-5.86824e-07
1.72788e-06
-1.45121e-06
2.2145e-06
-1.00423e-06
2.95675e-07
2.36019e-06
-3.30647e-06
4.70753e-06
-3.08763e-06
7.33538e-06
7.03888e-06
6.74916e-06
6.46624e-06
6.19e-06
5.92046e-06
5.65768e-06
5.4017e-06
5.15257e-06
4.91035e-06
4.67509e-06
4.44686e-06
4.22571e-06
4.01169e-06
3.80485e-06
3.60523e-06
3.41285e-06
3.22772e-06
3.04984e-06
2.8792e-06
2.71577e-06
2.55949e-06
2.41032e-06
2.26818e-06
2.13297e-06
2.00458e-06
1.88288e-06
1.76776e-06
1.65904e-06
1.55658e-06
1.46019e-06
1.36968e-06
1.28488e-06
1.20556e-06
1.13152e-06
1.06256e-06
9.98432e-07
9.38936e-07
8.83826e-07
8.32892e-07
7.85895e-07
7.4262e-07
7.02826e-07
6.66316e-07
6.32834e-07
6.02212e-07
5.74168e-07
5.48625e-07
5.25078e-07
5.04098e-07
4.83539e-07
4.68109e-07
4.45671e-07
4.44545e-07
3.98796e-07
4.55064e-07
2.98086e-07
5.76347e-07
1.73012e-08
9.85951e-07
-6.43299e-07
1.80409e-06
-1.50596e-06
2.26852e-06
-1.0006e-06
2.99455e-07
2.41126e-06
-3.32818e-06
4.82159e-06
-3.17076e-06
6.45294e-06
6.20251e-06
5.95711e-06
5.71679e-06
5.48146e-06
5.25119e-06
5.02605e-06
4.80614e-06
4.59155e-06
4.38236e-06
4.17868e-06
3.9806e-06
3.78823e-06
3.60164e-06
3.42093e-06
3.24616e-06
3.07741e-06
2.91473e-06
2.75814e-06
2.60768e-06
2.46335e-06
2.32514e-06
2.19303e-06
2.06698e-06
1.94693e-06
1.83281e-06
1.72453e-06
1.62199e-06
1.52507e-06
1.43364e-06
1.34757e-06
1.26669e-06
1.19085e-06
1.11988e-06
1.05359e-06
9.91813e-07
9.34336e-07
8.8099e-07
8.31556e-07
7.85852e-07
7.43665e-07
7.04813e-07
6.69072e-07
6.3628e-07
6.06197e-07
5.7869e-07
5.53485e-07
5.30562e-07
5.0936e-07
4.9066e-07
4.71891e-07
4.58842e-07
4.3697e-07
4.39992e-07
3.90588e-07
4.58588e-07
2.84023e-07
5.97123e-07
-1.47156e-08
1.03681e-06
-7.00271e-07
1.87874e-06
-1.55785e-06
2.31754e-06
-9.9343e-07
3.00534e-07
2.4587e-06
-3.34214e-06
4.91675e-06
-3.23454e-06
5.58214e-06
5.3772e-06
5.17555e-06
4.97726e-06
4.78229e-06
4.59073e-06
4.40272e-06
4.21838e-06
4.03783e-06
3.86121e-06
3.68866e-06
3.5203e-06
3.35629e-06
3.19674e-06
3.04179e-06
2.89154e-06
2.74609e-06
2.60554e-06
2.46995e-06
2.33939e-06
2.21391e-06
2.09353e-06
1.97826e-06
1.86809e-06
1.76301e-06
1.66298e-06
1.56794e-06
1.47783e-06
1.39257e-06
1.31205e-06
1.23617e-06
1.1648e-06
1.09783e-06
1.0351e-06
9.76476e-07
9.21804e-07
8.70908e-07
8.23643e-07
7.79824e-07
7.39293e-07
7.01866e-07
6.67388e-07
6.35658e-07
6.06545e-07
5.79825e-07
5.55402e-07
5.33005e-07
5.12677e-07
4.93788e-07
4.77361e-07
4.60323e-07
4.49712e-07
4.28224e-07
4.35686e-07
3.82037e-07
4.62709e-07
2.69041e-07
6.1901e-07
-4.80861e-08
1.08845e-06
-7.57358e-07
1.9514e-06
-1.60656e-06
2.36151e-06
-9.82912e-07
2.99356e-07
2.50216e-06
-3.34807e-06
4.99355e-06
-3.27859e-06
4.7242e-06
4.56409e-06
4.40554e-06
4.24865e-06
4.09342e-06
3.93998e-06
3.78851e-06
3.63918e-06
3.49213e-06
3.34756e-06
3.20564e-06
3.06654e-06
2.93044e-06
2.79751e-06
2.66791e-06
2.54179e-06
2.41929e-06
2.30053e-06
2.18563e-06
2.07468e-06
1.96776e-06
1.86494e-06
1.76626e-06
1.67176e-06
1.58144e-06
1.4953e-06
1.41332e-06
1.33547e-06
1.2617e-06
1.19194e-06
1.12612e-06
1.06415e-06
1.00592e-06
9.51342e-07
9.00279e-07
8.52623e-07
8.08226e-07
7.66968e-07
7.28695e-07
6.93275e-07
6.6055e-07
6.30393e-07
6.02626e-07
5.77149e-07
5.53752e-07
5.32377e-07
5.12753e-07
4.94992e-07
4.78381e-07
4.64218e-07
4.48846e-07
4.40736e-07
4.19436e-07
4.31644e-07
3.73142e-07
4.67426e-07
2.53178e-07
6.4192e-07
-8.26322e-08
1.14061e-06
-8.14199e-07
2.02172e-06
-1.65186e-06
2.40045e-06
-9.69301e-07
2.96353e-07
2.54139e-06
-3.34589e-06
5.05271e-06
-3.30283e-06
3.8802e-06
3.76419e-06
3.64802e-06
3.53184e-06
3.41567e-06
3.2997e-06
3.18414e-06
3.0692e-06
2.95509e-06
2.84201e-06
2.73018e-06
2.61983e-06
2.51117e-06
2.40439e-06
2.29971e-06
2.19731e-06
2.09737e-06
2.00004e-06
1.90548e-06
1.81382e-06
1.72517e-06
1.63963e-06
1.55729e-06
1.4782e-06
1.40241e-06
1.32995e-06
1.26084e-06
1.19507e-06
1.13262e-06
1.07346e-06
1.01756e-06
9.64836e-07
9.15239e-07
8.68686e-07
8.25084e-07
7.84347e-07
7.4636e-07
7.11027e-07
6.78225e-07
6.47847e-07
6.19762e-07
5.9387e-07
5.70014e-07
5.48124e-07
5.28007e-07
5.0964e-07
4.92752e-07
4.77528e-07
4.63155e-07
4.51249e-07
4.37471e-07
4.31927e-07
4.10612e-07
4.27877e-07
3.63911e-07
4.72729e-07
2.36484e-07
6.65753e-07
-1.18165e-07
1.19299e-06
-8.70455e-07
2.0894e-06
-1.6936e-06
2.43446e-06
-9.52889e-07
2.91929e-07
2.57624e-06
-3.33573e-06
5.09517e-06
-3.30748e-06
3.05109e-06
2.97839e-06
2.90383e-06
2.8276e-06
2.74976e-06
2.67056e-06
2.59024e-06
2.50905e-06
2.42723e-06
2.34505e-06
2.26276e-06
2.18062e-06
2.09887e-06
2.01777e-06
1.93755e-06
1.85844e-06
1.78064e-06
1.70436e-06
1.62979e-06
1.55707e-06
1.48637e-06
1.41782e-06
1.35153e-06
1.28759e-06
1.22609e-06
1.16709e-06
1.11063e-06
1.05675e-06
1.00544e-06
9.56724e-07
9.10577e-07
8.66969e-07
8.25867e-07
7.8722e-07
7.50965e-07
7.17044e-07
6.85371e-07
6.55876e-07
6.28465e-07
6.03057e-07
5.79544e-07
5.57856e-07
5.37854e-07
5.19501e-07
5.02616e-07
4.87215e-07
4.73021e-07
4.60303e-07
4.48125e-07
4.38466e-07
4.26209e-07
4.233e-07
4.01756e-07
4.24395e-07
3.54353e-07
4.78601e-07
2.19019e-07
6.90397e-07
-1.54488e-07
1.24534e-06
-9.25818e-07
2.15419e-06
-1.7317e-06
2.46372e-06
-9.34e-07
2.86455e-07
2.60666e-06
-3.31787e-06
5.12201e-06
-3.29303e-06
2.2377e-06
2.20745e-06
2.17368e-06
2.1366e-06
2.09633e-06
2.05314e-06
2.00734e-06
1.95921e-06
1.90905e-06
1.85714e-06
1.80378e-06
1.74928e-06
1.69392e-06
1.63798e-06
1.58175e-06
1.52547e-06
1.46939e-06
1.41376e-06
1.35878e-06
1.30466e-06
1.25158e-06
1.1997e-06
1.14917e-06
1.10012e-06
1.05265e-06
1.00687e-06
9.62846e-07
9.20637e-07
8.80289e-07
8.4183e-07
8.05278e-07
7.70631e-07
7.37884e-07
7.07014e-07
6.77988e-07
6.50773e-07
6.25314e-07
6.01565e-07
5.79461e-07
5.58943e-07
5.39932e-07
5.22382e-07
5.06175e-07
4.91304e-07
4.77603e-07
4.65122e-07
4.5358e-07
4.43334e-07
4.33306e-07
4.25883e-07
4.15067e-07
4.14863e-07
3.92875e-07
4.21201e-07
3.44485e-07
4.85017e-07
2.00854e-07
7.15732e-07
-1.91405e-07
1.2974e-06
-9.80019e-07
2.21593e-06
-1.76615e-06
2.48847e-06
-9.12975e-07
2.80257e-07
2.63271e-06
-3.29278e-06
5.13448e-06
-3.26025e-06
1.44073e-06
1.45204e-06
1.45819e-06
1.45942e-06
1.45589e-06
1.44795e-06
1.43592e-06
1.42014e-06
1.40093e-06
1.37864e-06
1.3536e-06
1.32616e-06
1.29662e-06
1.26532e-06
1.23256e-06
1.19864e-06
1.16385e-06
1.12844e-06
1.09267e-06
1.05677e-06
1.02096e-06
9.85433e-07
9.50362e-07
9.1591e-07
8.82217e-07
8.49408e-07
8.17585e-07
7.86842e-07
7.57251e-07
7.28868e-07
7.01742e-07
6.75898e-07
6.5136e-07
6.28132e-07
6.06211e-07
5.85587e-07
5.66237e-07
5.48137e-07
5.3125e-07
5.15542e-07
5.00957e-07
4.87477e-07
4.75003e-07
4.63556e-07
4.52986e-07
4.43379e-07
4.34443e-07
4.26633e-07
4.18707e-07
4.13512e-07
4.04055e-07
4.06627e-07
3.83974e-07
4.18298e-07
3.34325e-07
4.91945e-07
1.82066e-07
7.4163e-07
-2.2872e-07
1.34893e-06
-1.03282e-06
2.27449e-06
-1.79702e-06
2.50898e-06
-8.9016e-07
2.73612e-07
2.65453e-06
-3.26105e-06
5.13391e-06
-3.21017e-06
6.608e-07
7.12726e-07
7.57879e-07
7.9653e-07
8.28909e-07
8.55391e-07
8.76358e-07
8.92178e-07
9.03227e-07
9.09882e-07
9.12521e-07
9.11514e-07
9.07228e-07
9.00017e-07
8.90225e-07
8.78183e-07
8.64207e-07
8.48593e-07
8.31629e-07
8.13573e-07
7.94676e-07
7.7516e-07
7.55236e-07
7.35091e-07
7.14895e-07
6.94804e-07
6.74949e-07
6.55451e-07
6.36411e-07
6.17914e-07
6.00037e-07
5.82833e-07
5.66353e-07
5.50628e-07
5.35682e-07
5.21531e-07
5.0818e-07
4.95628e-07
4.83867e-07
4.72883e-07
4.62648e-07
4.53166e-07
4.4436e-07
4.36278e-07
4.28784e-07
4.22001e-07
4.15625e-07
4.10214e-07
4.0434e-07
4.01362e-07
3.93178e-07
3.98598e-07
3.75062e-07
4.15684e-07
3.23897e-07
4.99345e-07
1.62738e-07
7.67965e-07
-2.66244e-07
1.39973e-06
-1.08405e-06
2.32982e-06
-1.82441e-06
2.52557e-06
-8.65896e-07
2.66748e-07
2.67234e-06
-3.22338e-06
5.12172e-06
-3.14407e-06
-1.01601e-07
-1.00395e-08
7.317e-08
1.48336e-07
2.15744e-07
2.75816e-07
3.28976e-07
3.75635e-07
4.16209e-07
4.51116e-07
4.80772e-07
5.05584e-07
5.25955e-07
5.42274e-07
5.5492e-07
5.64255e-07
5.70629e-07
5.74369e-07
5.75792e-07
5.7519e-07
5.72841e-07
5.68997e-07
5.63898e-07
5.57761e-07
5.50783e-07
5.43149e-07
5.35018e-07
5.26538e-07
5.17839e-07
5.09033e-07
5.00224e-07
4.9149e-07
4.82913e-07
4.74546e-07
4.66443e-07
4.58642e-07
4.51178e-07
4.44071e-07
4.37338e-07
4.30993e-07
4.25026e-07
4.19468e-07
4.14264e-07
4.09485e-07
4.05011e-07
4.01003e-07
3.97135e-07
3.94086e-07
3.90213e-07
3.89441e-07
3.82445e-07
3.90781e-07
3.66147e-07
4.13353e-07
3.13228e-07
5.07175e-07
1.42958e-07
7.94605e-07
-3.03797e-07
1.4496e-06
-1.13353e-06
2.38189e-06
-1.84849e-06
2.53858e-06
-8.40511e-07
2.5984e-07
2.68642e-06
-3.18057e-06
5.09937e-06
-3.06342e-06
-8.46065e-07
-7.1588e-07
-5.9559e-07
-4.84846e-07
-3.83306e-07
-2.90503e-07
-2.05971e-07
-1.29256e-07
-5.99014e-08
2.55001e-09
5.85505e-08
1.08545e-07
1.52971e-07
1.92251e-07
2.26796e-07
2.57002e-07
2.83247e-07
3.0589e-07
3.25279e-07
3.41732e-07
3.55558e-07
3.67038e-07
3.76438e-07
3.84003e-07
3.89958e-07
3.94514e-07
3.97858e-07
4.00166e-07
4.01592e-07
4.02277e-07
4.0235e-07
4.01916e-07
4.01081e-07
3.99925e-07
3.98529e-07
3.96953e-07
3.9526e-07
3.9349e-07
3.9169e-07
3.89891e-07
3.88111e-07
3.86403e-07
3.84731e-07
3.83192e-07
3.8168e-07
3.80394e-07
3.78986e-07
3.78259e-07
3.76334e-07
3.77756e-07
3.71861e-07
3.8318e-07
3.57239e-07
4.11297e-07
3.0235e-07
5.15384e-07
1.22818e-07
8.21425e-07
-3.41209e-07
1.49838e-06
-1.18117e-06
2.43075e-06
-1.86945e-06
2.54838e-06
-8.14314e-07
2.53013e-07
2.69713e-06
-3.13348e-06
5.06837e-06
-2.96994e-06
-1.57228e-06
-1.40451e-06
-1.24813e-06
-1.10277e-06
-9.68016e-07
-8.43358e-07
-7.28288e-07
-6.22313e-07
-5.24935e-07
-4.35658e-07
-3.53995e-07
-2.79464e-07
-2.11595e-07
-1.49932e-07
-9.40319e-08
-4.34707e-08
2.16146e-09
4.32527e-08
8.01776e-08
1.13285e-07
1.42909e-07
1.69358e-07
1.92925e-07
2.13882e-07
2.3248e-07
2.48956e-07
2.63523e-07
2.76383e-07
2.87717e-07
2.97688e-07
3.06455e-07
3.14145e-07
3.20891e-07
3.26796e-07
3.31968e-07
3.36489e-07
3.40448e-07
3.43908e-07
3.4694e-07
3.49598e-07
3.5192e-07
3.53984e-07
3.55774e-07
3.5741e-07
3.58801e-07
3.60183e-07
3.61183e-07
3.62739e-07
3.62709e-07
3.66312e-07
3.61431e-07
3.75797e-07
3.48348e-07
4.09502e-07
2.91295e-07
5.23921e-07
1.02408e-07
8.48299e-07
-3.78325e-07
1.54593e-06
-1.2269e-06
2.47649e-06
-1.88754e-06
2.55531e-06
-7.8759e-07
2.46346e-07
2.70484e-06
-3.08301e-06
5.03019e-06
-2.86549e-06
-2.28e-06
-2.07571e-06
-1.88427e-06
-1.70526e-06
-1.53822e-06
-1.3826e-06
-1.23784e-06
-1.10341e-06
-9.78771e-07
-8.63396e-07
-7.56758e-07
-6.58343e-07
-5.67649e-07
-4.84185e-07
-4.07481e-07
-3.37083e-07
-2.72552e-07
-2.13473e-07
-1.59444e-07
-1.10089e-07
-6.50484e-08
-2.39874e-08
1.34128e-08
4.74486e-08
7.83967e-08
1.0652e-07
1.32055e-07
1.55229e-07
1.76248e-07
1.95301e-07
2.1257e-07
2.28207e-07
2.4237e-07
2.55183e-07
2.66782e-07
2.77271e-07
2.86763e-07
2.95343e-07
3.03105e-07
3.10125e-07
3.16465e-07
3.22223e-07
3.27403e-07
3.32149e-07
3.36382e-07
3.4038e-07
3.43734e-07
3.47533e-07
3.49342e-07
3.55114e-07
3.51162e-07
3.68631e-07
3.39486e-07
4.07956e-07
2.801e-07
5.32731e-07
8.18224e-08
8.75112e-07
-4.15006e-07
1.59215e-06
-1.27068e-06
2.51921e-06
-1.903e-06
2.55974e-06
-7.60595e-07
2.39878e-07
2.70998e-06
-3.03008e-06
4.98632e-06
-2.75211e-06
-2.96909e-06
-2.72934e-06
-2.50387e-06
-2.2922e-06
-2.09382e-06
-1.90813e-06
-1.73453e-06
-1.57246e-06
-1.42133e-06
-1.28059e-06
-1.14967e-06
-1.02803e-06
-9.15129e-07
-8.10452e-07
-7.13497e-07
-6.23783e-07
-5.40845e-07
-4.64239e-07
-3.9354e-07
-3.28346e-07
-2.68272e-07
-2.12958e-07
-1.62062e-07
-1.15262e-07
-7.2258e-08
-3.27638e-08
3.48269e-09
3.67318e-08
6.72133e-08
9.51404e-08
1.20718e-07
1.44123e-07
1.65536e-07
1.85105e-07
2.02989e-07
2.19314e-07
2.34218e-07
2.47806e-07
2.60196e-07
2.71485e-07
2.81756e-07
2.91128e-07
2.99626e-07
3.07415e-07
3.1443e-07
3.20988e-07
3.26645e-07
3.32645e-07
3.3624e-07
3.44164e-07
3.41058e-07
3.6168e-07
3.30666e-07
4.0664e-07
2.68803e-07
5.41757e-07
6.11498e-08
9.01751e-07
-4.51126e-07
1.63695e-06
-1.3125e-06
2.55907e-06
-1.91609e-06
2.56201e-06
-7.33556e-07
2.3361e-07
2.71299e-06
-2.97563e-06
4.93819e-06
-2.63195e-06
-3.63945e-06
-3.36533e-06
-3.10688e-06
-2.86354e-06
-2.63476e-06
-2.4199e-06
-2.21832e-06
-2.02942e-06
-1.85259e-06
-1.68721e-06
-1.53271e-06
-1.38849e-06
-1.25401e-06
-1.1287e-06
-1.01205e-06
-9.03542e-07
-8.02688e-07
-7.09019e-07
-6.22085e-07
-5.41461e-07
-4.66736e-07
-3.9753e-07
-3.33475e-07
-2.74227e-07
-2.19463e-07
-1.68873e-07
-1.22174e-07
-7.90904e-08
-3.93705e-08
-2.77805e-09
3.09151e-08
6.19078e-08
9.04045e-08
1.16575e-07
1.40601e-07
1.62629e-07
1.82824e-07
2.01307e-07
2.18222e-07
2.33685e-07
2.478e-07
2.60706e-07
2.72448e-07
2.83214e-07
2.9295e-07
3.02013e-07
3.09918e-07
3.18078e-07
3.23404e-07
3.33464e-07
3.31125e-07
3.54943e-07
3.21901e-07
4.05535e-07
2.57443e-07
5.50942e-07
4.0478e-08
9.28115e-07
-4.86577e-07
1.68028e-06
-1.35238e-06
2.59623e-06
-1.9271e-06
2.56246e-06
-7.06672e-07
2.27512e-07
2.71431e-06
-2.92057e-06
4.88717e-06
-2.50726e-06
-4.29108e-06
-3.98368e-06
-3.69328e-06
-3.41927e-06
-3.16104e-06
-2.91792e-06
-2.68922e-06
-2.47431e-06
-2.27253e-06
-2.08326e-06
-1.90586e-06
-1.73973e-06
-1.58428e-06
-1.43893e-06
-1.30314e-06
-1.17636e-06
-1.05808e-06
-9.47806e-07
-8.45071e-07
-7.49424e-07
-6.60433e-07
-5.77693e-07
-5.00816e-07
-4.29437e-07
-3.63208e-07
-3.018e-07
-2.44905e-07
-1.92228e-07
-1.43494e-07
-9.84447e-08
-5.68303e-08
-1.843e-08
1.69828e-08
4.95989e-08
7.96239e-08
1.07224e-07
1.32586e-07
1.55853e-07
1.77188e-07
1.9673e-07
2.14602e-07
2.30962e-07
2.45875e-07
2.5955e-07
2.71944e-07
2.83458e-07
2.93557e-07
3.03835e-07
3.10838e-07
3.23015e-07
3.21368e-07
3.48413e-07
3.13205e-07
4.04621e-07
2.46061e-07
5.60229e-07
1.98909e-08
9.54109e-07
-5.21268e-07
1.72209e-06
-1.39038e-06
2.63088e-06
-1.93629e-06
2.5614e-06
-6.80112e-07
2.21529e-07
2.71441e-06
-2.86579e-06
4.83458e-06
-2.38036e-06
-4.924e-06
-4.58442e-06
-4.26312e-06
-3.95944e-06
-3.67272e-06
-3.40222e-06
-3.14726e-06
-2.90715e-06
-2.68121e-06
-2.46876e-06
-2.26916e-06
-2.08177e-06
-1.90597e-06
-1.74117e-06
-1.58677e-06
-1.44224e-06
-1.30702e-06
-1.18061e-06
-1.06251e-06
-9.52242e-07
-8.49366e-07
-7.53451e-07
-6.64089e-07
-5.80892e-07
-5.03493e-07
-4.31541e-07
-3.64708e-07
-3.02678e-07
-2.45154e-07
-1.91857e-07
-1.42515e-07
-9.68877e-08
-5.4726e-08
-1.58188e-08
2.00615e-08
5.31009e-08
8.35076e-08
1.11445e-07
1.37098e-07
1.60622e-07
1.82163e-07
2.01897e-07
2.19907e-07
2.36424e-07
2.51415e-07
2.65323e-07
2.77563e-07
2.89916e-07
2.98544e-07
3.12817e-07
3.1179e-07
3.42085e-07
3.04592e-07
4.03876e-07
2.34697e-07
5.69562e-07
-5.32261e-10
9.79651e-07
-5.55121e-07
1.76236e-06
-1.42655e-06
2.6632e-06
-1.94393e-06
2.55914e-06
-6.54019e-07
2.15588e-07
2.71372e-06
-2.81214e-06
4.78163e-06
-2.25356e-06
-5.53831e-06
-5.16765e-06
-4.8165e-06
-4.48414e-06
-4.16986e-06
-3.8729e-06
-3.59253e-06
-3.32802e-06
-3.07867e-06
-2.84378e-06
-2.62266e-06
-2.41466e-06
-2.21913e-06
-2.03544e-06
-1.863e-06
-1.70122e-06
-1.54955e-06
-1.40745e-06
-1.27441e-06
-1.14994e-06
-1.03355e-06
-9.24819e-07
-8.23305e-07
-7.28603e-07
-6.40327e-07
-5.58106e-07
-4.81592e-07
-4.10447e-07
-3.44356e-07
-2.83018e-07
-2.26143e-07
-1.73467e-07
-1.24724e-07
-7.96796e-08
-3.80873e-08
2.59025e-10
3.55884e-08
6.80838e-08
9.79496e-08
1.25362e-07
1.50484e-07
1.73511e-07
1.94545e-07
2.13837e-07
2.31362e-07
2.4761e-07
2.61937e-07
2.76322e-07
2.86523e-07
3.02868e-07
3.02397e-07
3.35954e-07
2.96079e-07
4.03276e-07
2.2339e-07
5.78887e-07
-2.07172e-08
1.00466e-06
-5.88073e-07
1.80111e-06
-1.46098e-06
2.69342e-06
-1.95029e-06
2.55595e-06
-6.2851e-07
2.09604e-07
2.71266e-06
-2.7604e-06
4.72947e-06
-2.12914e-06
-6.13417e-06
-5.73351e-06
-5.35356e-06
-4.9935e-06
-4.6526e-06
-4.33006e-06
-4.02512e-06
-3.73703e-06
-3.46503e-06
-3.20841e-06
-2.96645e-06
-2.73848e-06
-2.52381e-06
-2.32182e-06
-2.13186e-06
-1.95335e-06
-1.78571e-06
-1.62838e-06
-1.48082e-06
-1.34253e-06
-1.21302e-06
-1.09182e-06
-9.78487e-07
-8.72591e-07
-7.73728e-07
-6.8151e-07
-5.95568e-07
-5.15546e-07
-4.4111e-07
-3.71938e-07
-3.07721e-07
-2.48176e-07
-1.93016e-07
-1.41989e-07
-9.4827e-08
-5.13053e-08
-1.1175e-08
2.57663e-08
5.9742e-08
9.0947e-08
1.19563e-07
1.45803e-07
1.69788e-07
1.91787e-07
2.11786e-07
2.30317e-07
2.46678e-07
2.63052e-07
2.74776e-07
2.93165e-07
2.93193e-07
3.3001e-07
2.87678e-07
4.02798e-07
2.12181e-07
5.88151e-07
-4.05953e-08
1.02908e-06
-6.20076e-07
1.83834e-06
-1.49377e-06
2.72172e-06
-1.95561e-06
2.55207e-06
-6.03682e-07
2.03483e-07
2.71164e-06
-2.71131e-06
4.67912e-06
-2.00931e-06
-6.71176e-06
-6.2822e-06
-5.87446e-06
-5.48769e-06
-5.12109e-06
-4.77386e-06
-4.44519e-06
-4.13429e-06
-3.84039e-06
-3.56275e-06
-3.30062e-06
-3.05331e-06
-2.82011e-06
-2.60037e-06
-2.39344e-06
-2.1987e-06
-2.01556e-06
-1.84344e-06
-1.68179e-06
-1.53008e-06
-1.38781e-06
-1.25449e-06
-1.12967e-06
-1.01288e-06
-9.03721e-07
-8.01774e-07
-7.06656e-07
-6.17993e-07
-5.3543e-07
-4.58629e-07
-3.87261e-07
-3.21024e-07
-2.59612e-07
-2.02755e-07
-1.50165e-07
-1.01599e-07
-5.67883e-08
-1.55125e-08
2.24704e-08
5.73736e-08
8.93968e-08
1.1877e-07
1.45633e-07
1.70273e-07
1.92683e-07
2.13443e-07
2.31785e-07
2.50105e-07
2.63303e-07
2.83707e-07
2.84182e-07
3.24245e-07
2.79407e-07
4.02419e-07
2.01106e-07
5.97305e-07
-6.01036e-08
1.05286e-06
-6.51094e-07
1.87408e-06
-1.52501e-06
2.74833e-06
-1.96014e-06
2.54775e-06
-5.79611e-07
1.97129e-07
2.71104e-06
-2.66551e-06
4.63148e-06
-1.8961e-06
-7.27132e-06
-6.81392e-06
-6.37942e-06
-5.96689e-06
-5.57552e-06
-5.20446e-06
-4.85288e-06
-4.51995e-06
-4.2049e-06
-3.90693e-06
-3.6253e-06
-3.35927e-06
-3.10813e-06
-2.8712e-06
-2.64781e-06
-2.43734e-06
-2.23917e-06
-2.0527e-06
-1.87737e-06
-1.71263e-06
-1.55797e-06
-1.41288e-06
-1.27688e-06
-1.14951e-06
-1.03034e-06
-9.18927e-07
-8.14882e-07
-7.1781e-07
-6.27338e-07
-5.43111e-07
-4.6478e-07
-3.92027e-07
-3.24526e-07
-2.61989e-07
-2.04111e-07
-1.5063e-07
-1.01259e-07
-5.57596e-08
-1.38716e-08
2.4636e-08
5.99804e-08
9.24082e-08
1.22077e-07
1.49292e-07
1.74052e-07
1.96985e-07
2.17257e-07
2.37478e-07
2.52104e-07
2.74491e-07
2.75368e-07
3.18652e-07
2.71279e-07
4.02113e-07
1.90202e-07
6.06301e-07
-7.91853e-08
1.07593e-06
-6.81103e-07
1.90837e-06
-1.55483e-06
2.77343e-06
-1.9641e-06
2.54318e-06
-5.56357e-07
1.90446e-07
2.71118e-06
-2.62357e-06
4.58737e-06
-1.79136e-06
-7.81311e-06
-7.32893e-06
-6.86867e-06
-6.43134e-06
-6.01609e-06
-5.62206e-06
-5.24837e-06
-4.89419e-06
-4.5587e-06
-4.2411e-06
-3.94061e-06
-3.65647e-06
-3.38797e-06
-3.1344e-06
-2.89508e-06
-2.66936e-06
-2.45661e-06
-2.25623e-06
-2.06762e-06
-1.89024e-06
-1.72355e-06
-1.56702e-06
-1.42017e-06
-1.28252e-06
-1.15361e-06
-1.033e-06
-9.20275e-07
-8.15024e-07
-7.16858e-07
-6.25404e-07
-5.40297e-07
-4.612e-07
-3.87772e-07
-3.19706e-07
-2.56678e-07
-1.9841e-07
-1.44598e-07
-9.49841e-08
-4.92918e-08
-7.27269e-09
3.13076e-08
6.67117e-08
9.91135e-08
1.28838e-07
1.55889e-07
1.80941e-07
2.03092e-07
2.25169e-07
2.41179e-07
2.6551e-07
2.66754e-07
3.13219e-07
2.63309e-07
4.01858e-07
1.79505e-07
6.15097e-07
-9.77894e-08
1.09827e-06
-7.10089e-07
1.94126e-06
-1.58332e-06
2.79723e-06
-1.9677e-06
2.53857e-06
-5.33966e-07
1.83346e-07
2.71237e-06
-2.58596e-06
4.54745e-06
-1.69667e-06
-8.87336e-06
-8.33742e-06
-7.82752e-06
-7.34248e-06
-6.88127e-06
-6.44303e-06
-6.02686e-06
-5.63187e-06
-5.25719e-06
-4.90198e-06
-4.56541e-06
-4.24669e-06
-3.94506e-06
-3.65976e-06
-3.39008e-06
-3.13534e-06
-2.89485e-06
-2.66798e-06
-2.4541e-06
-2.25263e-06
-2.06298e-06
-1.88461e-06
-1.71699e-06
-1.5596e-06
-1.41195e-06
-1.27358e-06
-1.14403e-06
-1.02287e-06
-9.09666e-07
-8.04017e-07
-7.05533e-07
-6.13834e-07
-5.28566e-07
-4.49369e-07
-3.75921e-07
-3.07881e-07
-2.44953e-07
-1.86817e-07
-1.33196e-07
-8.37995e-08
-3.83606e-08
3.37113e-09
4.16742e-08
7.67385e-08
1.08907e-07
1.38189e-07
1.65306e-07
1.89286e-07
2.13173e-07
2.30527e-07
2.56763e-07
2.58345e-07
3.07937e-07
2.55512e-07
4.01631e-07
1.69046e-07
6.23651e-07
-1.15869e-07
1.11984e-06
-7.3804e-07
1.97281e-06
-1.6106e-06
2.8199e-06
-1.97113e-06
2.53406e-06
-5.1247e-07
1.75749e-07
2.71485e-06
-2.55307e-06
4.51228e-06
-1.61331e-06
-9.40619e-06
-8.84457e-06
-8.30996e-06
-7.80111e-06
-7.31694e-06
-6.85659e-06
-6.41911e-06
-6.00359e-06
-5.60915e-06
-5.23491e-06
-4.88004e-06
-4.54372e-06
-4.22517e-06
-3.92364e-06
-3.63838e-06
-3.3687e-06
-3.11392e-06
-2.87337e-06
-2.64642e-06
-2.43247e-06
-2.23092e-06
-2.04122e-06
-1.86282e-06
-1.6952e-06
-1.53786e-06
-1.3903e-06
-1.25207e-06
-1.1227e-06
-1.00177e-06
-8.88845e-07
-7.83526e-07
-6.85417e-07
-5.94145e-07
-5.09337e-07
-4.30652e-07
-3.57736e-07
-2.90273e-07
-2.27928e-07
-1.70408e-07
-1.17405e-07
-6.8637e-08
-2.38372e-08
1.72885e-08
5.49451e-08
8.94943e-08
1.20948e-07
1.50075e-07
1.75836e-07
2.01488e-07
2.20145e-07
2.48243e-07
2.50143e-07
3.02796e-07
2.479e-07
4.01408e-07
1.58859e-07
6.31923e-07
-1.33381e-07
1.1406e-06
-7.64952e-07
2.00305e-06
-1.63677e-06
2.84161e-06
-1.97454e-06
2.52981e-06
-4.9189e-07
1.67587e-07
2.71884e-06
-2.52519e-06
4.48226e-06
-1.54222e-06
-9.92115e-06
-9.33489e-06
-8.77659e-06
-8.24487e-06
-7.73864e-06
-7.25702e-06
-6.79904e-06
-6.36376e-06
-5.95027e-06
-5.55769e-06
-5.18515e-06
-4.83185e-06
-4.49697e-06
-4.17974e-06
-3.87942e-06
-3.5953e-06
-3.32667e-06
-3.07287e-06
-2.83326e-06
-2.60722e-06
-2.39414e-06
-2.19345e-06
-2.0046e-06
-1.82705e-06
-1.66029e-06
-1.50382e-06
-1.35714e-06
-1.21981e-06
-1.09137e-06
-9.71375e-07
-8.59413e-07
-7.55071e-07
-6.57962e-07
-5.67698e-07
-4.8392e-07
-4.06259e-07
-3.34385e-07
-2.67946e-07
-2.06631e-07
-1.5012e-07
-9.81123e-08
-5.03265e-08
-6.45355e-09
3.3726e-08
7.05921e-08
1.0416e-07
1.35245e-07
1.62737e-07
1.90109e-07
2.10033e-07
2.39945e-07
2.42151e-07
2.97787e-07
2.40485e-07
4.0117e-07
1.48965e-07
6.39889e-07
-1.50305e-07
1.16058e-06
-7.90864e-07
2.0321e-06
-1.66199e-06
2.8626e-06
-1.97816e-06
2.526e-06
-4.72274e-07
1.588e-07
2.72454e-06
-2.50258e-06
4.45781e-06
-1.48407e-06
-1.04186e-05
-9.80876e-06
-9.22773e-06
-8.67406e-06
-8.14666e-06
-7.64461e-06
-7.16691e-06
-6.71261e-06
-6.28077e-06
-5.87051e-06
-5.48096e-06
-5.11126e-06
-4.7606e-06
-4.42822e-06
-4.11334e-06
-3.81525e-06
-3.53323e-06
-3.26661e-06
-3.01473e-06
-2.77697e-06
-2.55271e-06
-2.34137e-06
-2.14239e-06
-1.95521e-06
-1.77931e-06
-1.61417e-06
-1.45931e-06
-1.31424e-06
-1.1785e-06
-1.05164e-06
-9.33226e-07
-8.22827e-07
-7.20044e-07
-6.24475e-07
-5.35745e-07
-4.53472e-07
-3.77307e-07
-3.06886e-07
-2.41881e-07
-1.81957e-07
-1.26797e-07
-7.61067e-08
-2.95608e-08
1.30734e-08
5.2194e-08
8.78183e-08
1.20809e-07
1.49987e-07
1.79031e-07
2.00188e-07
2.31865e-07
2.3437e-07
2.92902e-07
2.33273e-07
4.0091e-07
1.39371e-07
6.47552e-07
-1.66668e-07
1.17982e-06
-8.1591e-07
2.06018e-06
-1.68658e-06
2.88322e-06
-1.98235e-06
2.5229e-06
-4.53713e-07
1.49306e-07
2.73226e-06
-2.48562e-06
4.43936e-06
-1.4393e-06
-1.08989e-05
-1.02665e-05
-9.66374e-06
-9.08903e-06
-8.54131e-06
-8.01963e-06
-7.52298e-06
-7.05038e-06
-6.6009e-06
-6.17361e-06
-5.76763e-06
-5.38212e-06
-5.01625e-06
-4.66922e-06
-4.34028e-06
-4.02868e-06
-3.73371e-06
-3.45468e-06
-3.19093e-06
-2.94182e-06
-2.70673e-06
-2.48507e-06
-2.27625e-06
-2.07973e-06
-1.89497e-06
-1.72143e-06
-1.55862e-06
-1.40604e-06
-1.26322e-06
-1.12969e-06
-1.005e-06
-8.88715e-07
-7.80419e-07
-6.79694e-07
-5.86152e-07
-4.99394e-07
-4.19059e-07
-3.44766e-07
-2.76172e-07
-2.1293e-07
-1.54705e-07
-1.01189e-07
-5.20431e-08
-7.02112e-09
3.4292e-08
7.19177e-08
1.06761e-07
1.37579e-07
1.6825e-07
1.90608e-07
2.23996e-07
2.26802e-07
2.88131e-07
2.26277e-07
4.00601e-07
1.3011e-07
6.54864e-07
-1.82411e-07
1.19828e-06
-8.40031e-07
2.08725e-06
-1.7105e-06
2.90349e-06
-1.98709e-06
2.5205e-06
-4.36135e-07
1.39067e-07
2.74202e-06
-2.47423e-06
4.42688e-06
-1.40773e-06
-1.13626e-05
-1.07086e-05
-1.00849e-05
-9.49009e-06
-8.92288e-06
-8.38236e-06
-7.86751e-06
-7.37733e-06
-6.91086e-06
-6.46717e-06
-6.04539e-06
-5.64463e-06
-5.26407e-06
-4.90291e-06
-4.56038e-06
-4.23572e-06
-3.92823e-06
-3.6372e-06
-3.36196e-06
-3.10186e-06
-2.85628e-06
-2.62461e-06
-2.40627e-06
-2.2007e-06
-2.00733e-06
-1.82565e-06
-1.65512e-06
-1.49525e-06
-1.34555e-06
-1.20554e-06
-1.07477e-06
-9.52766e-07
-8.39115e-07
-7.3338e-07
-6.35161e-07
-5.44046e-07
-4.59657e-07
-3.81602e-07
-3.09519e-07
-2.43051e-07
-1.81846e-07
-1.25583e-07
-7.39101e-08
-2.65654e-08
1.68788e-08
5.64521e-08
9.30961e-08
1.25511e-07
1.57758e-07
1.81295e-07
2.16324e-07
2.1947e-07
2.83424e-07
2.19582e-07
4.00091e-07
1.21441e-07
6.61409e-07
-1.96889e-07
1.21501e-06
-8.61927e-07
2.11164e-06
-1.73173e-06
2.92119e-06
-1.99023e-06
2.51711e-06
-4.18691e-07
1.28403e-07
2.75234e-06
-2.46605e-06
4.41804e-06
-1.38715e-06
)
;

boundaryField
{
    down
    {
        type            symmetryPlane;
    }
    right
    {
        type            fixedValue;
        value           uniform 0;
    }
    up
    {
        type            symmetryPlane;
    }
    left
    {
        type            zeroGradient;
    }
    cylinder
    {
        type            zeroGradient;
    }
    frontAndBack
    {
        type            empty;
    }
    procBoundary3to2
    {
        type            processor;
        value           nonuniform List<scalar> 
76
(
-1.25308e-05
-1.30158e-05
-1.34917e-05
-1.39584e-05
-1.44157e-05
-1.48635e-05
-1.53014e-05
-1.57295e-05
-1.61475e-05
-1.65554e-05
-1.6953e-05
-1.73403e-05
-1.77172e-05
-1.80835e-05
-1.84394e-05
-1.87847e-05
-1.91194e-05
-1.94435e-05
-1.9757e-05
-2.006e-05
2.77072e-05
2.76079e-05
2.74155e-05
2.7136e-05
2.67755e-05
2.63399e-05
2.58351e-05
2.52667e-05
2.46403e-05
2.39612e-05
2.32346e-05
2.24655e-05
2.16587e-05
2.08187e-05
1.995e-05
1.90566e-05
1.81425e-05
1.72114e-05
1.62668e-05
1.53121e-05
1.43503e-05
1.33844e-05
1.2417e-05
1.14506e-05
1.04875e-05
9.52984e-06
8.5796e-06
7.63852e-06
6.70822e-06
5.79015e-06
4.88561e-06
3.99574e-06
3.12159e-06
2.26402e-06
1.4238e-06
6.01595e-07
-2.02065e-07
-9.86738e-07
-1.75208e-06
-2.49783e-06
-3.22383e-06
-3.92997e-06
-4.61622e-06
-5.28264e-06
-5.92931e-06
-6.55639e-06
-7.16409e-06
-7.75262e-06
-8.32229e-06
-8.32229e-06
-9.4357e-06
-9.99518e-06
-1.05357e-05
-1.10576e-05
-1.15613e-05
-1.20473e-05
)
;
    }
    procBoundary3to7
    {
        type            processor;
        value           nonuniform List<scalar> 
72
(
-1.93456e-05
-1.83733e-05
-1.7437e-05
-1.65343e-05
-1.56642e-05
-1.48262e-05
-1.40194e-05
-1.32433e-05
-1.24971e-05
-1.17801e-05
-1.10917e-05
-1.04312e-05
-9.79814e-06
-9.19179e-06
-8.61159e-06
-8.05694e-06
-7.52724e-06
-7.02192e-06
-6.54036e-06
-6.08196e-06
-5.64613e-06
-5.23225e-06
-4.8397e-06
-4.46789e-06
-4.11617e-06
-3.7839e-06
-3.47046e-06
-3.17521e-06
-2.89748e-06
-2.63665e-06
-2.39203e-06
-2.16302e-06
-1.94893e-06
-1.74911e-06
-1.56298e-06
-1.38979e-06
-1.22901e-06
-1.07998e-06
-9.41997e-07
-8.14565e-07
-6.97011e-07
-5.88795e-07
-4.89226e-07
-3.97912e-07
-3.14037e-07
-2.37545e-07
-1.66795e-07
-1.04003e-07
-4.21492e-08
4.39231e-09
6.90968e-08
8.15383e-08
1.89413e-07
9.85839e-08
3.76565e-07
-2.36797e-08
7.50788e-07
-4.26206e-07
1.46548e-06
-1.2057e-06
2.49164e-06
-2.08099e-06
-2.08099e-06
3.23166e-06
-2.08202e-06
2.4657e-06
-8.82431e-08
-2.84753e-07
3.3111e-06
-3.11431e-06
5.13699e-06
-2.81039e-06
)
;
    }
}


// ************************************************************************* //
