/*--------------------------------*- C++ -*----------------------------------*\
| =========                 |                                                 |
| \\      /  F ield         | OpenFOAM: The Open Source CFD Toolbox           |
|  \\    /   O peration     | Version:  2412                                  |
|   \\  /    A nd           | Website:  www.openfoam.com                      |
|    \\/     M anipulation  |                                                 |
\*---------------------------------------------------------------------------*/
FoamFile
{
    version     2.0;
    format      ascii;
    arch        "LSB;label=32;scalar=64";
    class       volScalarField;
    location    "21";
    object      p;
}
// * * * * * * * * * * * * * * * * * * * * * * * * * * * * * * * * * * * * * //

dimensions      [0 2 -2 0 0 0 0];

internalField   nonuniform List<scalar> 
5285
(
-0.00101288
-0.000880138
-0.00075604
-0.000640887
-0.000534811
-0.000437857
-0.000349942
-0.000270861
-0.000200313
-0.000137914
-8.32214e-05
-3.57414e-05
5.04915e-06
3.96922e-05
6.87356e-05
9.27224e-05
0.000112182
0.000127625
0.000139532
0.000148357
0.000154518
0.0001584
0.000160351
0.000160686
0.000159683
0.000157588
0.000154617
0.000150956
-0.00103054
-0.000896882
-0.000771861
-0.000655767
-0.000548748
-0.000450857
-0.000362025
-0.000282054
-0.000210649
-0.000147433
-9.19654e-05
-4.37557e-05
-2.28147e-06
3.2999e-05
6.26341e-05
8.71682e-05
0.000107133
0.000123038
0.000135371
0.000144584
0.0001511
0.000155306
0.000157552
0.000158155
0.000157395
0.000155522
0.000152751
0.000149274
-0.00106496
-0.000929578
-0.000802754
-0.000684858
-0.00057602
-0.000476319
-0.000385707
-0.000304005
-0.000230934
-0.000166125
-0.000109145
-5.95099e-05
-1.66985e-05
1.98299e-05
5.06244e-05
7.62316e-05
9.71857e-05
0.000114002
0.000127169
0.000137146
0.00014436
0.000149202
0.000152027
0.000153156
0.000152876
0.000151438
0.000149061
0.000145948
-0.0011143
-0.000976512
-0.000847175
-0.000726703
-0.000615298
-0.000513028
-0.000419884
-0.000335716
-0.000260264
-0.000193176
-0.00013403
-8.23481e-05
-3.7615e-05
7.08883e-07
3.31735e-05
6.03279e-05
8.27104e-05
0.000100841
0.000115214
0.000126296
0.00013452
0.000140282
0.000143946
0.000145838
0.000146251
0.000145442
0.000143637
0.000141052
-0.00103521
-0.000902908
-0.000779398
-0.000664896
-0.000559522
-0.000463296
-0.000376107
-0.00029772
-0.000227807
-0.000165961
-0.000111716
-6.45646e-05
-2.39709e-05
1.06139e-05
3.974e-05
6.39494e-05
8.37669e-05
9.96933e-05
0.000112201
0.00012173
0.000128686
0.000133438
0.000136321
0.000137634
0.000137643
0.000136582
0.000134681
-0.00110475
-0.000969525
-0.000842855
-0.000725075
-0.000616315
-0.000516655
-0.000426034
-0.000344257
-0.000271029
-0.000205972
-0.000148639
-9.85411e-05
-5.51528e-05
-1.79328e-05
1.36658e-05
4.01842e-05
6.21488e-05
8.00645e-05
9.44084e-05
0.000105627
0.000114131
0.0001203
0.000124474
0.000126962
0.000128036
0.000127941
0.000126919
-0.0011849
-0.00104618
-0.000915734
-0.000793996
-0.000681207
-0.000577474
-0.000482796
-0.000397027
-0.000319912
-0.000251103
-0.000190181
-0.000136674
-9.00691e-05
-4.98329e-05
-1.54209e-05
1.3709e-05
3.80871e-05
5.82242e-05
7.46053e-05
8.76853e-05
9.78861e-05
0.000105595
0.000111165
0.000114913
0.000117121
0.000118049
0.000117934
0.000146757
0.000142057
0.000136969
0.000131607
0.00012605
0.000120368
0.000114627
0.000108879
0.00010317
9.754e-05
9.20203e-05
8.66371e-05
8.14115e-05
7.63595e-05
7.14934e-05
6.68218e-05
6.23502e-05
5.80814e-05
5.40163e-05
5.01537e-05
4.6491e-05
4.30245e-05
3.97496e-05
3.6661e-05
3.37527e-05
3.1019e-05
2.84534e-05
2.60498e-05
2.3802e-05
2.17038e-05
1.97491e-05
1.79318e-05
1.62457e-05
1.46847e-05
1.32424e-05
1.19126e-05
1.0689e-05
9.56531e-06
8.53525e-06
7.59278e-06
6.73206e-06
5.94753e-06
5.23382e-06
4.58476e-06
0.000145271
0.000140682
0.000135696
0.00013044
0.000124985
0.000119398
0.000113744
0.000108077
0.000102442
9.68797e-05
9.14217e-05
8.60947e-05
8.09202e-05
7.59148e-05
7.10909e-05
6.64576e-05
6.20208e-05
5.77836e-05
5.37471e-05
4.99104e-05
4.62713e-05
4.28262e-05
3.95707e-05
3.64996e-05
3.36074e-05
3.08882e-05
2.83358e-05
2.59442e-05
2.37072e-05
2.16189e-05
1.96731e-05
1.78638e-05
1.6185e-05
1.46304e-05
1.3194e-05
1.18695e-05
1.06505e-05
9.53099e-06
8.50467e-06
7.56553e-06
6.7078e-06
5.92596e-06
5.21466e-06
4.56774e-06
0.000142315
0.000137947
0.000133169
0.000128125
0.000122872
0.000117472
0.000111991
0.000106483
0.000100995
9.55669e-05
9.02313e-05
8.50159e-05
7.99428e-05
7.50297e-05
7.02897e-05
6.57325e-05
6.13648e-05
5.71904e-05
5.32108e-05
4.94257e-05
4.58335e-05
4.24309e-05
3.92141e-05
3.61781e-05
3.33177e-05
3.06274e-05
2.81013e-05
2.57336e-05
2.35183e-05
2.14496e-05
1.95215e-05
1.77282e-05
1.60638e-05
1.45222e-05
1.30974e-05
1.17833e-05
1.05737e-05
9.46247e-06
8.44359e-06
7.51113e-06
6.65938e-06
5.8829e-06
5.17639e-06
4.5338e-06
0.000137924
0.000133889
0.000129425
0.000124697
0.000119741
0.000114618
0.000109392
0.00010412
9.88483e-05
9.36177e-05
8.84628e-05
8.34123e-05
7.84894e-05
7.37129e-05
6.90972e-05
6.46531e-05
6.03879e-05
5.63066e-05
5.24116e-05
4.87033e-05
4.51808e-05
4.18415e-05
3.86821e-05
3.56983e-05
3.28854e-05
3.02382e-05
2.77513e-05
2.54191e-05
2.32361e-05
2.11966e-05
1.9295e-05
1.75256e-05
1.58826e-05
1.43604e-05
1.2953e-05
1.16544e-05
1.04587e-05
9.35996e-06
8.35223e-06
7.42975e-06
6.58694e-06
5.81846e-06
5.11913e-06
4.483e-06
0.000132155
0.000128561
0.00012452
0.000120207
0.00011564
0.000110877
0.000105984
0.000101018
9.60277e-05
9.10551e-05
8.61361e-05
8.1301e-05
7.65747e-05
7.19772e-05
6.75245e-05
6.32286e-05
5.90982e-05
5.51394e-05
5.13557e-05
4.77485e-05
4.43178e-05
4.1062e-05
3.79784e-05
3.50635e-05
3.23132e-05
2.97229e-05
2.72877e-05
2.50025e-05
2.28622e-05
2.08613e-05
1.89946e-05
1.72568e-05
1.56423e-05
1.41457e-05
1.27612e-05
1.14833e-05
1.0306e-05
9.22381e-06
8.23087e-06
7.32163e-06
6.49069e-06
5.73285e-06
5.04306e-06
4.41549e-06
0.000125078
0.000122041
0.000118531
0.000114724
0.000110628
0.000106301
0.000101811
9.72165e-05
9.25678e-05
8.79085e-05
8.32766e-05
7.8704e-05
7.42175e-05
6.98389e-05
6.55857e-05
6.14714e-05
5.75064e-05
5.3698e-05
5.0051e-05
4.65682e-05
4.32506e-05
4.00975e-05
3.71074e-05
3.42775e-05
3.16045e-05
2.90845e-05
2.67132e-05
2.44861e-05
2.23984e-05
2.04453e-05
1.86219e-05
1.69231e-05
1.53438e-05
1.38789e-05
1.25229e-05
1.12705e-05
1.01162e-05
9.05447e-06
8.07989e-06
7.18712e-06
6.37094e-06
5.62631e-06
4.94838e-06
4.33147e-06
0.000116786
0.000114422
0.000111551
0.000108329
0.000104775
0.000100951
9.69263e-05
9.27611e-05
8.85077e-05
8.42118e-05
7.99134e-05
7.56465e-05
7.14397e-05
6.73167e-05
6.32968e-05
5.93954e-05
5.56244e-05
5.19927e-05
4.85066e-05
4.51703e-05
4.19859e-05
3.89541e-05
3.60743e-05
3.33449e-05
3.07632e-05
2.83264e-05
2.60307e-05
2.38722e-05
2.18469e-05
1.99504e-05
1.81782e-05
1.65258e-05
1.49883e-05
1.3561e-05
1.22389e-05
1.10168e-05
9.88976e-06
8.85244e-06
7.89974e-06
7.02658e-06
6.22798e-06
5.49912e-06
4.83533e-06
4.23115e-06
0.000107114
0.000105588
0.00010349
0.000100937
9.79994e-05
9.47474e-05
9.12532e-05
8.75785e-05
8.37779e-05
7.98994e-05
7.5985e-05
7.20708e-05
6.81874e-05
6.43607e-05
6.06117e-05
5.69579e-05
5.34129e-05
4.99874e-05
4.66893e-05
4.35243e-05
4.04959e-05
3.76063e-05
3.48559e-05
3.22443e-05
2.977e-05
2.74309e-05
2.52241e-05
2.31465e-05
2.11946e-05
1.93648e-05
1.7653e-05
1.60551e-05
1.4567e-05
1.31841e-05
1.1902e-05
1.07159e-05
9.62101e-06
8.6126e-06
7.68583e-06
6.83592e-06
6.05817e-06
5.34802e-06
4.70102e-06
4.11194e-06
9.63989e-05
9.57239e-05
9.44208e-05
9.25981e-05
9.03371e-05
8.77178e-05
8.48124e-05
8.1684e-05
7.83894e-05
7.49787e-05
7.14959e-05
6.79791e-05
6.44611e-05
6.09698e-05
5.75283e-05
5.41559e-05
5.08683e-05
4.76779e-05
4.45946e-05
4.16255e-05
3.87759e-05
3.60493e-05
3.34476e-05
3.09715e-05
2.86206e-05
2.63939e-05
2.42895e-05
2.23051e-05
2.04379e-05
1.8685e-05
1.70429e-05
1.55082e-05
1.40771e-05
1.27456e-05
1.15098e-05
1.03653e-05
9.30786e-06
8.33304e-06
7.43642e-06
6.61357e-06
5.8601e-06
5.17174e-06
4.54432e-06
3.97284e-06
8.49871e-05
8.51555e-05
8.46581e-05
8.35917e-05
8.20419e-05
8.00899e-05
7.78083e-05
7.52614e-05
7.25074e-05
6.95981e-05
6.65793e-05
6.34911e-05
6.03681e-05
5.72403e-05
5.41327e-05
5.10667e-05
4.80599e-05
4.51266e-05
4.22784e-05
3.95242e-05
3.6871e-05
3.43236e-05
3.18855e-05
2.95587e-05
2.7344e-05
2.52415e-05
2.32502e-05
2.13688e-05
1.95954e-05
1.79275e-05
1.63627e-05
1.4898e-05
1.35301e-05
1.22558e-05
1.10714e-05
9.97331e-06
8.95754e-06
8.02016e-06
7.1572e-06
6.36457e-06
5.63824e-06
4.97427e-06
4.36873e-06
3.81695e-06
7.29866e-05
7.40027e-05
7.43203e-05
7.4029e-05
7.32124e-05
7.19515e-05
7.03189e-05
6.83795e-05
6.61924e-05
6.38109e-05
6.12821e-05
5.86479e-05
5.59446e-05
5.32038e-05
5.04529e-05
4.77148e-05
4.50092e-05
4.23521e-05
3.97571e-05
3.72347e-05
3.47935e-05
3.24401e-05
3.01792e-05
2.80143e-05
2.59474e-05
2.39798e-05
2.21115e-05
2.03423e-05
1.86709e-05
1.70959e-05
1.56154e-05
1.4227e-05
1.29283e-05
1.17165e-05
1.05886e-05
9.54125e-06
8.57124e-06
7.67503e-06
6.84907e-06
6.08972e-06
5.3933e-06
4.75619e-06
4.1748e-06
3.64474e-06
6.05192e-05
6.23869e-05
6.35247e-05
6.40169e-05
6.39452e-05
6.33895e-05
6.24221e-05
6.11079e-05
5.95066e-05
5.76722e-05
5.56532e-05
5.34926e-05
5.12284e-05
4.8894e-05
4.65182e-05
4.41261e-05
4.17388e-05
3.93745e-05
3.70481e-05
3.47723e-05
3.2557e-05
3.04105e-05
2.8339e-05
2.63473e-05
2.44388e-05
2.26158e-05
2.08796e-05
1.92308e-05
1.76692e-05
1.61941e-05
1.48043e-05
1.34984e-05
1.22743e-05
1.11301e-05
1.00631e-05
9.07081e-06
8.15039e-06
7.29888e-06
6.51313e-06
5.78995e-06
5.12606e-06
4.51821e-06
3.96314e-06
3.45674e-06
4.7718e-05
5.04305e-05
5.23835e-05
5.36581e-05
5.43337e-05
5.44887e-05
5.41943e-05
5.35152e-05
5.25112e-05
5.12368e-05
4.97411e-05
4.80685e-05
4.6258e-05
4.43446e-05
4.23587e-05
4.03268e-05
3.82721e-05
3.62141e-05
3.41696e-05
3.21529e-05
3.01755e-05
2.82472e-05
2.63757e-05
2.45672e-05
2.28264e-05
2.11568e-05
1.95608e-05
1.80399e-05
1.6595e-05
1.52262e-05
1.39332e-05
1.27151e-05
1.15708e-05
1.04987e-05
9.49702e-06
8.56372e-06
7.69654e-06
6.89301e-06
6.15051e-06
5.46626e-06
4.83741e-06
4.26111e-06
3.73441e-06
3.25353e-06
3.47104e-05
3.82496e-05
4.10039e-05
4.30509e-05
4.44677e-05
4.53306e-05
4.57094e-05
4.56681e-05
4.52662e-05
4.45583e-05
4.35941e-05
4.24184e-05
4.10717e-05
3.95897e-05
3.80045e-05
3.63439e-05
3.46326e-05
3.28919e-05
3.114e-05
2.93927e-05
2.76632e-05
2.59627e-05
2.43004e-05
2.26837e-05
2.11187e-05
1.96101e-05
1.81614e-05
1.67753e-05
1.54533e-05
1.41967e-05
1.30057e-05
1.18805e-05
1.08206e-05
9.82494e-06
8.89253e-06
8.02187e-06
7.21129e-06
6.45886e-06
5.76243e-06
5.11971e-06
4.52829e-06
3.98569e-06
3.48933e-06
3.03575e-06
2.16148e-05
2.5954e-05
2.94872e-05
3.22886e-05
3.44328e-05
3.59935e-05
3.70387e-05
3.76313e-05
3.78302e-05
3.76897e-05
3.72595e-05
3.6585e-05
3.57073e-05
3.46632e-05
3.34858e-05
3.22042e-05
3.08444e-05
2.9429e-05
2.79779e-05
2.65083e-05
2.50348e-05
2.35699e-05
2.21243e-05
2.07067e-05
1.93246e-05
1.79836e-05
1.66885e-05
1.54428e-05
1.42493e-05
1.31099e-05
1.20259e-05
1.09981e-05
1.00266e-05
9.11142e-06
8.2519e-06
7.44725e-06
6.69639e-06
5.99793e-06
5.35023e-06
4.75148e-06
4.1997e-06
3.69283e-06
3.22866e-06
2.80405e-06
8.5411e-06
1.36458e-05
1.79283e-05
2.14593e-05
2.43101e-05
2.65518e-05
2.82502e-05
2.94669e-05
3.02595e-05
3.06818e-05
3.07834e-05
3.06097e-05
3.02023e-05
2.95986e-05
2.88324e-05
2.79342e-05
2.6931e-05
2.58466e-05
2.47022e-05
2.35163e-05
2.23049e-05
2.10818e-05
1.9859e-05
1.86465e-05
1.74529e-05
1.6285e-05
1.51487e-05
1.40486e-05
1.29883e-05
1.19706e-05
1.09978e-05
1.00714e-05
9.1922e-06
8.36087e-06
7.57752e-06
6.84196e-06
6.15367e-06
5.51182e-06
4.91529e-06
4.36277e-06
3.85271e-06
3.38347e-06
2.95321e-06
2.55915e-06
-4.40972e-06
1.41947e-06
6.41523e-06
1.06444e-05
1.41751e-05
1.70752e-05
1.94081e-05
2.12335e-05
2.26077e-05
2.35836e-05
2.42102e-05
2.45327e-05
2.45928e-05
2.44284e-05
2.40739e-05
2.35605e-05
2.29161e-05
2.21657e-05
2.13316e-05
2.04334e-05
1.94884e-05
1.85116e-05
1.75162e-05
1.65134e-05
1.55127e-05
1.45225e-05
1.35493e-05
1.25988e-05
1.16758e-05
1.07837e-05
9.92575e-06
9.1041e-06
8.32049e-06
7.57616e-06
6.8719e-06
6.20818e-06
5.58503e-06
5.0022e-06
4.45909e-06
3.95486e-06
3.48845e-06
3.05859e-06
2.66384e-06
2.3018e-06
-1.71467e-05
-1.06394e-05
-4.9716e-06
-8.06606e-08
4.09805e-06
7.62889e-06
1.05726e-05
1.29867e-05
1.4926e-05
1.64418e-05
1.75825e-05
1.83928e-05
1.89141e-05
1.91844e-05
1.92387e-05
1.91086e-05
1.88227e-05
1.8407e-05
1.78846e-05
1.72761e-05
1.66e-05
1.58724e-05
1.51074e-05
1.43175e-05
1.35133e-05
1.2704e-05
1.18973e-05
1.10999e-05
1.03173e-05
9.55406e-06
8.81397e-06
8.10008e-06
7.41486e-06
6.76023e-06
6.13765e-06
5.54819e-06
4.99249e-06
4.47083e-06
3.98315e-06
3.5291e-06
3.10806e-06
2.7192e-06
2.36145e-06
2.03278e-06
-2.9589e-05
-2.24538e-05
-1.61596e-05
-1.06475e-05
-5.85701e-06
-1.72726e-06
1.79946e-06
4.77827e-06
7.2619e-06
9.30031e-06
1.09405e-05
1.22266e-05
1.31995e-05
1.38972e-05
1.43545e-05
1.46036e-05
1.46734e-05
1.45907e-05
1.43793e-05
1.40608e-05
1.36543e-05
1.31771e-05
1.26443e-05
1.20693e-05
1.14638e-05
1.08378e-05
1.02001e-05
9.55825e-06
8.91863e-06
8.28667e-06
7.66693e-06
7.06323e-06
6.47876e-06
5.91611e-06
5.37742e-06
4.86434e-06
4.3781e-06
3.91952e-06
3.48907e-06
3.08688e-06
2.71278e-06
2.36637e-06
2.04696e-06
1.75289e-06
-4.16658e-05
-3.39562e-05
-2.70839e-05
-2.09948e-05
-1.5632e-05
-1.09386e-05
-6.86014e-06
-3.34414e-06
-3.40099e-07
2.20015e-06
4.32225e-06
6.06919e-06
7.48123e-06
8.5959e-06
9.44797e-06
1.00695e-05
1.04901e-05
1.07366e-05
1.08336e-05
1.08032e-05
1.06656e-05
1.04386e-05
1.01383e-05
9.779e-06
9.37319e-06
8.93191e-06
8.46479e-06
7.98021e-06
7.4854e-06
6.98659e-06
6.48911e-06
5.99752e-06
5.5157e-06
5.04693e-06
4.59396e-06
4.15904e-06
3.74398e-06
3.35013e-06
2.97847e-06
2.62963e-06
2.30387e-06
2.0012e-06
1.72133e-06
1.46299e-06
-5.33165e-05
-4.50875e-05
-3.76879e-05
-3.10679e-05
-2.51748e-05
-1.99558e-05
-1.53597e-05
-1.13368e-05
-7.83915e-06
-4.82055e-06
-2.23703e-06
-4.68811e-08
1.78921e-06
3.30811e-06
4.54424e-06
5.52958e-06
6.29367e-06
6.86373e-06
7.26464e-06
7.51914e-06
7.64787e-06
7.66948e-06
7.60076e-06
7.4567e-06
7.25066e-06
6.99448e-06
6.69861e-06
6.37222e-06
6.02333e-06
5.6589e-06
5.28502e-06
4.90696e-06
4.52925e-06
4.15583e-06
3.79005e-06
3.43476e-06
3.09231e-06
2.76457e-06
2.45305e-06
2.15882e-06
1.88261e-06
1.62482e-06
1.38556e-06
1.16393e-06
-6.44898e-05
-5.57974e-05
-4.79224e-05
-4.08194e-05
-3.44399e-05
-2.87352e-05
-2.36575e-05
-1.91602e-05
-1.5198e-05
-1.17268e-05
-8.70463e-06
-6.0912e-06
-3.84838e-06
-1.94016e-06
-3.32702e-07
1.00561e-06
2.10419e-06
2.99029e-06
3.68903e-06
4.22349e-06
4.61474e-06
4.882e-06
5.04264e-06
5.11231e-06
5.10506e-06
5.03347e-06
4.90871e-06
4.74069e-06
4.53812e-06
4.30871e-06
4.05921e-06
3.79557e-06
3.52298e-06
3.24598e-06
2.96852e-06
2.69399e-06
2.42529e-06
2.1648e-06
1.91451e-06
1.67597e-06
1.45032e-06
1.23839e-06
1.04066e-06
8.56599e-07
-7.51439e-05
-6.6044e-05
-5.77458e-05
-5.02084e-05
-4.33874e-05
-3.72381e-05
-3.17165e-05
-2.6779e-05
-2.2383e-05
-1.84869e-05
-1.50507e-05
-1.20358e-05
-9.40543e-06
-7.12467e-06
-5.16046e-06
-3.48172e-06
-2.05937e-06
-8.66298e-07
1.22653e-07
9.30742e-07
1.57935e-06
2.08807e-06
2.47473e-06
2.75553e-06
2.94513e-06
3.05673e-06
3.10214e-06
3.09192e-06
3.03543e-06
2.94106e-06
2.81619e-06
2.6674e-06
2.50049e-06
2.32059e-06
2.1322e-06
1.93924e-06
1.74513e-06
1.55277e-06
1.36459e-06
1.1826e-06
1.00835e-06
8.43083e-07
6.87656e-07
5.41908e-07
-8.52453e-05
-7.57932e-05
-6.71238e-05
-5.92006e-05
-5.19833e-05
-4.54314e-05
-3.95045e-05
-3.4162e-05
-2.93643e-05
-2.50723e-05
-2.12481e-05
-1.78551e-05
-1.4858e-05
-1.2223e-05
-9.91815e-06
-7.91306e-06
-6.17914e-06
-4.68959e-06
-3.41939e-06
-2.34528e-06
-1.44572e-06
-7.00887e-07
-9.25963e-08
3.95782e-07
7.79389e-07
1.07194e-06
1.28581e-06
1.43212e-06
1.52085e-06
1.56096e-06
1.56045e-06
1.52646e-06
1.46537e-06
1.38285e-06
1.28392e-06
1.17303e-06
1.05409e-06
9.30459e-07
8.05034e-07
6.80239e-07
5.58057e-07
4.40096e-07
3.27603e-07
2.20778e-07
-9.47686e-05
-8.50181e-05
-7.60287e-05
-6.77678e-05
-6.01994e-05
-5.3287e-05
-4.69936e-05
-4.1282e-05
-3.61155e-05
-3.14576e-05
-2.72727e-05
-2.35261e-05
-2.01842e-05
-1.72147e-05
-1.45866e-05
-1.22704e-05
-1.02384e-05
-8.46414e-06
-6.92288e-06
-5.5915e-06
-4.44849e-06
-3.47391e-06
-2.64935e-06
-1.95785e-06
-1.38393e-06
-9.13438e-07
-5.33538e-07
-2.32614e-07
-1.44464e-10
1.7335e-07
2.96412e-07
3.7672e-07
4.21158e-07
4.35912e-07
4.26509e-07
3.97882e-07
3.54385e-07
2.99847e-07
2.37586e-07
1.70436e-07
1.00789e-07
3.06267e-08
-3.84442e-08
-1.05863e-07
-0.000103696
-9.36989e-05
-8.44391e-05
-7.58877e-05
-6.80127e-05
-6.07814e-05
-5.41604e-05
-4.81159e-05
-4.2614e-05
-3.76207e-05
-3.3103e-05
-2.90282e-05
-2.53644e-05
-2.20809e-05
-1.91481e-05
-1.65374e-05
-1.42218e-05
-1.21755e-05
-1.03744e-05
-8.79558e-06
-7.4176e-06
-6.22056e-06
-5.18595e-06
-4.29665e-06
-3.53689e-06
-2.8922e-06
-2.34937e-06
-1.89636e-06
-1.52219e-06
-1.21693e-06
-9.7156e-07
-7.77921e-07
-6.28647e-07
-5.17085e-07
-4.37236e-07
-3.83723e-07
-3.51753e-07
-3.37091e-07
-3.36003e-07
-3.45255e-07
-3.62079e-07
-3.84118e-07
-4.0942e-07
-4.37081e-07
-0.000112015
-0.000101822
-9.23394e-05
-8.35432e-05
-7.5405e-05
-6.78958e-05
-6.09858e-05
-5.46443e-05
-4.88402e-05
-4.35425e-05
-3.87204e-05
-3.43432e-05
-3.03812e-05
-2.68051e-05
-2.35867e-05
-2.06987e-05
-1.8115e-05
-1.58105e-05
-1.37617e-05
-1.1946e-05
-1.03424e-05
-8.93099e-06
-7.69336e-06
-6.61229e-06
-5.67187e-06
-4.8574e-06
-4.15537e-06
-3.55338e-06
-3.0401e-06
-2.6052e-06
-2.23923e-06
-1.93364e-06
-1.6806e-06
-1.47304e-06
-1.30454e-06
-1.1693e-06
-1.06213e-06
-9.78403e-07
-9.13997e-07
-8.65292e-07
-8.29171e-07
-8.02924e-07
-7.8426e-07
-7.7194e-07
-0.00011972
-0.000109378
-9.97192e-05
-9.07222e-05
-8.23628e-05
-7.46157e-05
-6.74544e-05
-6.08513e-05
-5.47782e-05
-4.92068e-05
-4.41087e-05
-3.94554e-05
-3.52192e-05
-3.13724e-05
-2.78883e-05
-2.47409e-05
-2.19051e-05
-1.93569e-05
-1.70732e-05
-1.5032e-05
-1.32128e-05
-1.15959e-05
-1.0163e-05
-8.89691e-06
-7.78166e-06
-6.80241e-06
-5.94546e-06
-5.19815e-06
-4.54885e-06
-3.98689e-06
-3.50249e-06
-3.0867e-06
-2.73134e-06
-2.42893e-06
-2.17267e-06
-1.95641e-06
-1.77457e-06
-1.62214e-06
-1.49466e-06
-1.38814e-06
-1.29913e-06
-1.22459e-06
-1.1619e-06
-1.1095e-06
-0.000126811
-0.000116365
-0.000106573
-9.74171e-05
-8.8877e-05
-8.09305e-05
-7.35546e-05
-6.67245e-05
-6.0415e-05
-5.46003e-05
-4.92545e-05
-4.43514e-05
-3.9865e-05
-3.57697e-05
-3.20401e-05
-2.86518e-05
-2.55806e-05
-2.28036e-05
-2.02984e-05
-1.80439e-05
-1.60197e-05
-1.42068e-05
-1.25869e-05
-1.11431e-05
-9.85941e-06
-8.72095e-06
-7.71388e-06
-6.82538e-06
-6.0436e-06
-5.3576e-06
-4.75731e-06
-4.23348e-06
-3.77758e-06
-3.3818e-06
-3.039e-06
-2.74267e-06
-2.48693e-06
-2.2664e-06
-2.07628e-06
-1.91228e-06
-1.77062e-06
-1.64792e-06
-1.54129e-06
-1.44883e-06
-0.000133293
-0.000122784
-0.000112899
-0.000103624
-9.49419e-05
-8.68332e-05
-7.9278e-05
-7.22545e-05
-6.57403e-05
-5.97123e-05
-5.41468e-05
-4.90198e-05
-4.43075e-05
-3.99858e-05
-3.60313e-05
-3.24206e-05
-2.91311e-05
-2.61406e-05
-2.34279e-05
-2.09725e-05
-1.87546e-05
-1.67556e-05
-1.49576e-05
-1.33439e-05
-1.18987e-05
-1.0607e-05
-9.45514e-06
-8.43004e-06
-7.51975e-06
-6.71313e-06
-5.99988e-06
-5.3705e-06
-4.81617e-06
-4.32879e-06
-3.90092e-06
-3.52577e-06
-3.19712e-06
-2.9093e-06
-2.6572e-06
-2.43622e-06
-2.24229e-06
-2.07175e-06
-1.92138e-06
-1.789e-06
-0.000139171
-0.000128639
-0.0001187
-0.000109344
-0.000100556
-9.232e-05
-8.46193e-05
-7.74349e-05
-7.07469e-05
-6.45346e-05
-5.87767e-05
-5.34516e-05
-4.85372e-05
-4.40114e-05
-3.98523e-05
-3.60381e-05
-3.25474e-05
-2.93592e-05
-2.64532e-05
-2.38097e-05
-2.14097e-05
-1.9235e-05
-1.72682e-05
-1.54929e-05
-1.38935e-05
-1.24551e-05
-1.11641e-05
-1.00074e-05
-8.9729e-06
-8.04945e-06
-7.22652e-06
-6.49439e-06
-5.84404e-06
-5.26712e-06
-4.75594e-06
-4.30343e-06
-3.90309e-06
-3.549e-06
-3.23576e-06
-2.9585e-06
-2.71286e-06
-2.49489e-06
-2.30113e-06
-2.1291e-06
-0.000144459
-0.000133938
-0.000123981
-0.000114579
-0.000105719
-9.739e-05
-8.95762e-05
-8.22619e-05
-7.54296e-05
-6.90612e-05
-6.31377e-05
-5.76395e-05
-5.25465e-05
-4.78384e-05
-4.34951e-05
-3.94962e-05
-3.58216e-05
-3.24515e-05
-2.93667e-05
-2.65483e-05
-2.39781e-05
-2.16384e-05
-1.95125e-05
-1.75842e-05
-1.58382e-05
-1.426e-05
-1.28358e-05
-1.15528e-05
-1.03989e-05
-9.36273e-06
-8.43369e-06
-7.60193e-06
-6.85825e-06
-6.19413e-06
-5.60163e-06
-5.07346e-06
-4.60288e-06
-4.18373e-06
-3.81037e-06
-3.47767e-06
-3.18102e-06
-2.91622e-06
-2.67953e-06
-2.46822e-06
-0.000149169
-0.000138694
-0.000128751
-0.000119335
-0.000110436
-0.000102045
-9.41486e-05
-8.67339e-05
-7.97858e-05
-7.32885e-05
-6.72251e-05
-6.15781e-05
-5.63295e-05
-5.14607e-05
-4.69532e-05
-4.27882e-05
-3.89469e-05
-3.54109e-05
-3.21618e-05
-2.91818e-05
-2.64534e-05
-2.39598e-05
-2.16846e-05
-1.96122e-05
-1.77277e-05
-1.60167e-05
-1.44658e-05
-1.30622e-05
-1.17939e-05
-1.06494e-05
-9.61807e-06
-8.69006e-06
-7.85601e-06
-7.10724e-06
-6.43565e-06
-5.83373e-06
-5.29455e-06
-4.81174e-06
-4.37946e-06
-3.99234e-06
-3.64552e-06
-3.33459e-06
-3.05557e-06
-2.80547e-06
-0.00015332
-0.00014292
-0.000133022
-0.000123622
-0.000114714
-0.000106289
-9.83389e-05
-9.08518e-05
-8.38149e-05
-7.72146e-05
-7.1036e-05
-6.52639e-05
-5.98819e-05
-5.48735e-05
-5.02215e-05
-4.59088e-05
-4.19179e-05
-3.82316e-05
-3.48328e-05
-3.17046e-05
-2.88303e-05
-2.61938e-05
-2.37795e-05
-2.15722e-05
-1.95573e-05
-1.77211e-05
-1.60501e-05
-1.45318e-05
-1.31542e-05
-1.1906e-05
-1.07766e-05
-9.75598e-06
-8.83474e-06
-8.0041e-06
-7.25584e-06
-6.58229e-06
-5.97634e-06
-5.43145e-06
-4.9416e-06
-4.50121e-06
-4.1052e-06
-3.74896e-06
-3.4283e-06
-3.14003e-06
-0.000156933
-0.000146635
-0.000136809
-0.000127453
-0.000118563
-0.000110131
-0.000102153
-9.46195e-05
-8.75193e-05
-8.08405e-05
-7.45706e-05
-6.86959e-05
-6.32021e-05
-5.80743e-05
-5.3297e-05
-4.88545e-05
-4.47308e-05
-4.091e-05
-3.73759e-05
-3.41127e-05
-3.11047e-05
-2.83366e-05
-2.57933e-05
-2.34603e-05
-2.13235e-05
-1.93695e-05
-1.75853e-05
-1.59583e-05
-1.44769e-05
-1.313e-05
-1.19067e-05
-1.07973e-05
-9.79228e-06
-8.88274e-06
-8.0604e-06
-7.31748e-06
-6.64674e-06
-6.0415e-06
-5.49555e-06
-5.00316e-06
-4.55907e-06
-4.15846e-06
-3.79695e-06
-3.47123e-06
-0.000160023
-0.000149852
-0.000140124
-0.000130838
-0.000121991
-0.000113582
-0.000105599
-9.8043e-05
-9.09031e-05
-8.41691e-05
-7.78302e-05
-7.18744e-05
-6.62894e-05
-6.10617e-05
-5.61776e-05
-5.16227e-05
-4.73826e-05
-4.34424e-05
-3.97872e-05
-3.64021e-05
-3.32726e-05
-3.03839e-05
-2.77219e-05
-2.52726e-05
-2.30224e-05
-2.09583e-05
-1.90677e-05
-1.73384e-05
-1.57589e-05
-1.43181e-05
-1.30056e-05
-1.18114e-05
-1.07261e-05
-9.74075e-06
-8.84709e-06
-8.03724e-06
-7.30386e-06
-6.64013e-06
-6.03971e-06
-5.49674e-06
-5.00578e-06
-4.56186e-06
-4.1604e-06
-3.79797e-06
-0.000162602
-0.00015258
-0.000142972
-0.00013378
-0.000125001
-0.000116636
-0.00010868
-0.000101124
-9.39671e-05
-8.72e-05
-8.08134e-05
-7.47973e-05
-6.91407e-05
-6.38321e-05
-5.88592e-05
-5.4209e-05
-4.98684e-05
-4.58238e-05
-4.20616e-05
-3.85678e-05
-3.53288e-05
-3.23309e-05
-2.95604e-05
-2.70042e-05
-2.46493e-05
-2.2483e-05
-2.04932e-05
-1.86681e-05
-1.69962e-05
-1.5467e-05
-1.40698e-05
-1.27951e-05
-1.16333e-05
-1.05755e-05
-9.61355e-06
-8.73942e-06
-7.94571e-06
-7.22554e-06
-6.57246e-06
-5.98046e-06
-5.444e-06
-4.95796e-06
-4.5176e-06
-4.11939e-06
-0.000127604
-0.000119304
-0.000111392
-0.000103863
-9.67107e-05
-8.99319e-05
-8.35183e-05
-7.74618e-05
-7.17531e-05
-6.6382e-05
-6.13378e-05
-5.66091e-05
-5.21839e-05
-4.80499e-05
-4.41946e-05
-4.06053e-05
-3.7269e-05
-3.41731e-05
-3.13047e-05
-2.86512e-05
-2.62003e-05
-2.39399e-05
-2.18583e-05
-1.99439e-05
-1.81858e-05
-1.65735e-05
-1.50967e-05
-1.37458e-05
-1.25115e-05
-1.13849e-05
-1.03577e-05
-9.42212e-06
-8.57056e-06
-7.79613e-06
-7.09232e-06
-6.453e-06
-5.87255e-06
-5.3457e-06
-4.86757e-06
-4.43447e-06
-0.00111424
-0.000977302
-0.000849498
-0.00073106
-0.000622129
-0.000522697
-0.000432623
-0.000351642
-0.000279396
-0.000215447
-0.000159298
-0.000110413
-6.82286e-05
-3.21693e-05
-1.66215e-06
2.38547e-05
4.49232e-05
6.20583e-05
7.57434e-05
8.64269e-05
9.45201e-05
0.000100397
0.000104393
0.000106807
0.0001079
0.000107907
-0.00130253
-0.00115715
-0.00102012
-0.000891949
-0.000772912
-0.000663151
-0.000562695
-0.000471424
-0.000389104
-0.000315401
-0.000249904
-0.000192142
-0.0001416
-9.77379e-05
-5.99991e-05
-2.78274e-05
-6.75576e-07
2.19857e-05
4.06613e-05
5.58263e-05
6.79228e-05
7.73577e-05
8.45018e-05
8.96896e-05
9.32204e-05
9.53579e-05
9.63378e-05
-0.00133476
-0.00119071
-0.00105472
-0.000927279
-0.000808662
-0.000699043
-0.000598462
-0.000506822
-0.000423911
-0.00034942
-0.000282965
-0.000224103
-0.000172344
-0.000127173
-8.80575e-05
-5.44638e-05
-2.58651e-05
-1.75033e-06
1.83692e-05
3.49548e-05
4.84366e-05
5.92119e-05
6.76437e-05
7.40607e-05
7.87581e-05
8.1998e-05
8.40121e-05
-0.00136506
-0.00122235
-0.00108743
-0.000960765
-0.000842654
-0.000733275
-0.000632683
-0.000540795
-0.000457422
-0.000382278
-0.000315005
-0.000255181
-0.000202344
-0.000156
-0.000115642
-8.07556e-05
-5.08337e-05
-2.53826e-05
-3.92908e-06
1.39748e-05
2.87481e-05
4.07787e-05
5.0422e-05
5.80011e-05
6.38066e-05
6.80979e-05
7.1105e-05
-0.00139024
-0.00124939
-0.00111603
-0.000990635
-0.00087349
-0.000764782
-0.000664576
-0.000572808
-0.000489307
-0.000413813
-0.000345991
-0.000285447
-0.000231744
-0.000184416
-0.000142977
-0.000106938
-7.58129e-05
-4.91273e-05
-2.64251e-05
-7.27337e-06
8.73395e-06
2.19739e-05
3.27931e-05
4.15073e-05
4.84021e-05
5.37329e-05
5.77275e-05
-0.00140883
-0.00127049
-0.00113932
-0.00101578
-0.000900153
-0.000792637
-0.000693301
-0.000602097
-0.000518876
-0.0004434
-0.000375362
-0.000314396
-0.000260091
-0.000212009
-0.000169693
-0.000132678
-0.000100501
-7.27096e-05
-4.88677e-05
-2.85592e-05
-1.1393e-05
2.99516e-06
1.49413e-05
2.47526e-05
3.27077e-05
3.90571e-05
4.4025e-05
-0.00142043
-0.00128523
-0.00115686
-0.00103575
-0.000922193
-0.000816382
-0.000718397
-0.000628205
-0.000545674
-0.000470595
-0.000402684
-0.000341605
-0.000286977
-0.000238391
-0.000195419
-0.000157623
-0.000124565
-9.58186e-05
-7.09668e-05
-4.96134e-05
-3.1384e-05
-1.59287e-05
-2.92378e-06
7.92798e-06
1.6897e-05
2.42274e-05
3.01386e-05
-0.00142489
-0.00129343
-0.00116843
-0.00105031
-0.000939351
-0.000835746
-0.000739581
-0.000650837
-0.000569404
-0.000495094
-0.000427654
-0.000366776
-0.00031211
-0.000263277
-0.000219879
-0.000181508
-0.000147754
-0.000118214
-9.2495e-05
-7.02216e-05
-5.10377e-05
-3.46094e-05
-2.06265e-05
-8.8034e-06
1.12097e-06
9.38325e-06
1.61969e-05
-0.00142226
-0.00129512
-0.00117403
-0.00105942
-0.000951552
-0.00085062
-0.000756715
-0.000669834
-0.000589885
-0.000516705
-0.000450069
-0.000389698
-0.000335274
-0.00028645
-0.00024286
-0.000204124
-0.000169862
-0.000139697
-0.000113261
-9.02013e-05
-7.01807e-05
-5.28827e-05
-3.80122e-05
-2.52961e-05
-1.44842e-05
-5.34826e-06
2.31821e-06
-0.00141293
-0.00129058
-0.00117389
-0.00106324
-0.0009589
-0.000861058
-0.00076981
-0.000685165
-0.000607054
-0.000535336
-0.000469814
-0.000410239
-0.000356325
-0.000307757
-0.000264199
-0.000225306
-0.000190724
-0.000160105
-0.000133106
-0.000109397
-8.86631e-05
-7.06051e-05
-5.4944e-05
-4.14206e-05
-2.97961e-05
-1.9852e-05
-1.13897e-05
-0.00139744
-0.00128031
-0.0011684
-0.00106209
-0.000961648
-0.000867247
-0.000778995
-0.000696913
-0.000620949
-0.000550988
-0.000486858
-0.000428341
-0.000375184
-0.000327101
-0.000283791
-0.000244937
-0.000210218
-0.000179311
-0.000151902
-0.000127683
-0.000106361
-8.76553e-05
-7.13047e-05
-5.70642e-05
-4.47073e-05
-3.40261e-05
-2.48305e-05
-0.00137651
-0.0012649
-0.00115808
-0.00105642
-0.000960152
-0.000869476
-0.000784495
-0.000705243
-0.000631686
-0.000563732
-0.000501237
-0.00044401
-0.000391829
-0.000344441
-0.000301574
-0.000262945
-0.000228259
-0.000197225
-0.000169553
-0.00014496
-0.000123173
-0.000103934
-8.69964e-05
-7.21314e-05
-5.91255e-05
-4.77816e-05
-3.79191e-05
-0.00135092
-0.00124505
-0.00114353
-0.00104671
-0.000954842
-0.000868099
-0.000786598
-0.000710385
-0.000639443
-0.000573701
-0.00051304
-0.0004573
-0.000406285
-0.000359776
-0.000317529
-0.000279291
-0.000244799
-0.000213787
-0.000185992
-0.000161155
-0.000139025
-0.000119362
-0.00010194
-8.65433e-05
-7.29728e-05
-6.10428e-05
-5.05822e-05
-0.0013215
-0.00122147
-0.00112538
-0.00103353
-0.000946181
-0.00086351
-0.000785633
-0.000712608
-0.000644434
-0.000581063
-0.000522397
-0.000468303
-0.000418615
-0.000373141
-0.000331668
-0.000293971
-0.000259816
-0.000228964
-0.000201175
-0.000176217
-0.000153858
-0.00013388
-0.000116073
-0.000100236
-8.61855e-05
-7.37462e-05
-6.27575e-05
-0.00128904
-0.00119489
-0.00110424
-0.00101741
-0.000934642
-0.000856112
-0.000781942
-0.0007122
-0.0006469
-0.000586012
-0.000529461
-0.00047714
-0.000428907
-0.000384599
-0.000344031
-0.000307005
-0.000273313
-0.000242744
-0.000215082
-0.000190116
-0.000167638
-0.000147446
-0.000129348
-0.000113162
-9.87129e-05
-8.58404e-05
-7.43934e-05
-0.00125429
-0.00116595
-0.00108072
-0.000998877
-0.00092068
-0.000846303
-0.000775869
-0.000709454
-0.000647087
-0.000588754
-0.000534403
-0.000483946
-0.000437268
-0.000394231
-0.000354676
-0.000318431
-0.000285314
-0.000255137
-0.000227709
-0.00020284
-0.000180342
-0.000160032
-0.000141735
-0.000125283
-0.000110516
-9.72849e-05
-8.54484e-05
-0.00121792
-0.00113526
-0.00105533
-0.000978405
-0.00090472
-0.000834457
-0.00076774
-0.000704654
-0.00064524
-0.000589498
-0.000537395
-0.000488866
-0.000443816
-0.000402131
-0.000363677
-0.000328305
-0.000295857
-0.000266168
-0.000239069
-0.00021439
-0.000191964
-0.000171625
-0.000153214
-0.000136577
-0.000121568
-0.00010805
-9.58903e-05
-0.0011805
-0.00110335
-0.00102857
-0.000956425
-0.000887147
-0.000820916
-0.000757859
-0.000698068
-0.000641591
-0.000588446
-0.000538614
-0.000492048
-0.000448676
-0.000408402
-0.000371116
-0.000336691
-0.000304991
-0.000275872
-0.000249186
-0.000224782
-0.00020251
-0.000182222
-0.000163775
-0.00014703
-0.000131851
-0.000118113
-0.000105696
-0.00114253
-0.00107066
-0.00100084
-0.000933307
-0.000868298
-0.000805987
-0.000746502
-0.000689941
-0.000636361
-0.000585791
-0.000538228
-0.000493639
-0.000451972
-0.00041315
-0.000377083
-0.000343663
-0.000312776
-0.000284295
-0.000258093
-0.000234037
-0.000211994
-0.000191832
-0.000173422
-0.000156637
-0.000141356
-0.000127463
-0.000114848
-0.00110439
-0.00103757
-0.00097248
-0.00090937
-0.000848465
-0.000789937
-0.000733914
-0.000680496
-0.00062975
-0.000581714
-0.000536396
-0.00049378
-0.000453828
-0.000416482
-0.000381668
-0.000349298
-0.000319274
-0.00029149
-0.000265834
-0.00024219
-0.000220441
-0.00020047
-0.000182161
-0.000165402
-0.000150081
-0.000136094
-0.00012334
-0.00106641
-0.00100436
-0.000943772
-0.000884878
-0.000827896
-0.000772997
-0.000720308
-0.00066993
-0.000621939
-0.000576378
-0.000533268
-0.000492604
-0.000454364
-0.000418503
-0.000384964
-0.000353675
-0.000324555
-0.000297513
-0.000272454
-0.000249277
-0.000227879
-0.000208158
-0.000190011
-0.000173335
-0.000158033
-0.000144007
-0.000131167
-0.00102882
-0.000971272
-0.000914943
-0.000860047
-0.0008068
-0.000755365
-0.000705871
-0.00065842
-0.000613091
-0.000569935
-0.000528983
-0.00049024
-0.000453694
-0.000419316
-0.000387062
-0.000356875
-0.000328688
-0.000302425
-0.000278005
-0.000255341
-0.000234345
-0.000214925
-0.000196991
-0.000180453
-0.000165221
-0.000151209
-0.000138333
-0.000991804
-0.000938491
-0.000886174
-0.000835056
-0.000785348
-0.000737208
-0.000690763
-0.000646117
-0.000603351
-0.000562523
-0.000523668
-0.000486803
-0.000451926
-0.00041902
-0.000388051
-0.000358977
-0.000331743
-0.000306287
-0.00028254
-0.000260429
-0.000239876
-0.000220803
-0.000203129
-0.000186775
-0.000171661
-0.00015771
-0.000144845
-0.000955502
-0.000906154
-0.000857604
-0.000810046
-0.000763682
-0.000718668
-0.000675124
-0.000633157
-0.00059285
-0.000554263
-0.000517441
-0.000482405
-0.000449163
-0.000417708
-0.000388018
-0.00036006
-0.000333792
-0.000309163
-0.000286115
-0.000264588
-0.000244515
-0.000225827
-0.000208454
-0.000192327
-0.000177373
-0.000163525
-0.000150714
-0.000920006
-0.000874363
-0.000829344
-0.000785132
-0.000741921
-0.000699861
-0.000659072
-0.000619657
-0.000581701
-0.000545268
-0.000510407
-0.000477146
-0.000445501
-0.000415471
-0.000387045
-0.000360199
-0.000334902
-0.000311114
-0.000288786
-0.000267868
-0.000248304
-0.000230034
-0.000212998
-0.000197134
-0.00018238
-0.000168674
-0.000155955
-0.000885379
-0.000843194
-0.000801477
-0.000760404
-0.00072016
-0.000680889
-0.000642707
-0.000605718
-0.000570006
-0.000535638
-0.000502665
-0.000471121
-0.000441028
-0.000412392
-0.000385211
-0.000359469
-0.000335143
-0.000312202
-0.000290609
-0.00027032
-0.000251288
-0.000233464
-0.000216795
-0.000201228
-0.000186706
-0.000173177
-0.000160584
-0.000851663
-0.000812698
-0.000774067
-0.000735934
-0.000698477
-0.000661835
-0.00062612
-0.000591433
-0.000557858
-0.000525464
-0.000494304
-0.000464417
-0.000435828
-0.000408553
-0.000382592
-0.00035794
-0.00033458
-0.00031249
-0.000291639
-0.000271994
-0.000253514
-0.000236159
-0.000219883
-0.00020464
-0.000190381
-0.000177058
-0.000164624
-0.000818879
-0.000782912
-0.00074716
-0.00071178
-0.000676938
-0.00064277
-0.000609384
-0.000576879
-0.000545336
-0.000514827
-0.000485405
-0.000457114
-0.000429982
-0.000404029
-0.000379262
-0.000355682
-0.000333279
-0.000312037
-0.000291934
-0.000272942
-0.00025503
-0.000238162
-0.0002223
-0.000207405
-0.000193434
-0.000180346
-0.000168097
-0.000787039
-0.000753859
-0.000720793
-0.000687985
-0.000655597
-0.000623756
-0.000592567
-0.000562126
-0.000532514
-0.0005038
-0.000476042
-0.000449284
-0.000423558
-0.000398887
-0.000375285
-0.000352756
-0.000331297
-0.000310898
-0.000291543
-0.00027321
-0.000255875
-0.000239509
-0.000224079
-0.000209552
-0.000195891
-0.000183061
-0.000171023
-0.000756146
-0.000725557
-0.000694993
-0.00066459
-0.0006345
-0.000604845
-0.000575726
-0.000547235
-0.000519453
-0.000492449
-0.00046628
-0.000440991
-0.000416619
-0.000393189
-0.000370719
-0.000349217
-0.000328686
-0.00030912
-0.000290509
-0.000272838
-0.000256087
-0.000240233
-0.000225248
-0.000211106
-0.000197774
-0.000185222
-0.000173416
-0.00118489
-0.00104617
-0.000915714
-0.000793972
-0.000681191
-0.000577463
-0.000482787
-0.000397019
-0.000319904
-0.000251096
-0.000190175
-0.000136668
-9.00635e-05
-4.98279e-05
-1.54163e-05
1.37131e-05
3.80909e-05
5.82276e-05
7.46083e-05
8.76881e-05
9.78888e-05
0.000105598
0.000111167
0.000114915
0.000117124
0.000118051
0.000117937
-0.00110475
-0.000969521
-0.000842832
-0.00072505
-0.000616295
-0.00051664
-0.000426021
-0.000344247
-0.00027102
-0.000205964
-0.000148632
-9.8535e-05
-5.51476e-05
-1.79283e-05
1.36696e-05
4.01873e-05
6.21514e-05
8.00665e-05
9.441e-05
0.000105628
0.000114132
0.000120301
0.000124475
0.000126963
0.000128036
0.000127942
0.000126919
-0.00103521
-0.0009029
-0.00077938
-0.000664874
-0.000559502
-0.000463279
-0.000376093
-0.000297709
-0.000227798
-0.000165953
-0.00011171
-6.45592e-05
-2.39665e-05
1.06174e-05
3.97428e-05
6.39515e-05
8.37683e-05
9.96942e-05
0.000112202
0.00012173
0.000128685
0.000133437
0.00013632
0.000137633
0.000137643
0.000136582
0.000134681
-0.0011143
-0.000976512
-0.00084717
-0.000726691
-0.000615282
-0.000513012
-0.000419869
-0.000335704
-0.000260254
-0.000193168
-0.000134023
-8.23426e-05
-3.76104e-05
7.1264e-07
3.31765e-05
6.03303e-05
8.27122e-05
0.000100842
0.000115215
0.000126297
0.00013452
0.000140282
0.000143946
0.000145838
0.00014625
0.000145442
0.000143637
0.000141051
-0.00106496
-0.000929578
-0.000802752
-0.000684851
-0.00057601
-0.000476308
-0.000385697
-0.000303996
-0.000230926
-0.000166119
-0.00010914
-5.95055e-05
-1.66948e-05
1.9833e-05
5.0627e-05
7.62337e-05
9.71875e-05
0.000114003
0.00012717
0.000137147
0.000144361
0.000149202
0.000152027
0.000153157
0.000152876
0.000151438
0.000149061
0.000145948
-0.00103054
-0.000896883
-0.000771858
-0.000655762
-0.000548742
-0.000450851
-0.000362018
-0.000282048
-0.000210644
-0.000147429
-9.19619e-05
-4.37527e-05
-2.27897e-06
3.30011e-05
6.26358e-05
8.71696e-05
0.000107134
0.000123039
0.000135371
0.000144585
0.000151101
0.000155306
0.000157552
0.000158155
0.000157395
0.000155522
0.000152751
0.000149274
-0.00101288
-0.000880135
-0.000756041
-0.000640885
-0.000534809
-0.000437854
-0.000349939
-0.000270859
-0.000200311
-0.000137913
-8.32201e-05
-3.57404e-05
5.05003e-06
3.9693e-05
6.87362e-05
9.27229e-05
0.000112183
0.000127625
0.000139532
0.000148357
0.000154518
0.0001584
0.000160351
0.000160686
0.000159683
0.000157588
0.000154617
0.000150955
0.000116788
0.000114425
0.000111555
0.000108333
0.000104779
0.000100955
9.69301e-05
9.27649e-05
8.85113e-05
8.42152e-05
7.99166e-05
7.56495e-05
7.14425e-05
6.73193e-05
6.32993e-05
5.93977e-05
5.56265e-05
5.19947e-05
4.85085e-05
4.5172e-05
4.19875e-05
3.89556e-05
3.60757e-05
3.33461e-05
3.07644e-05
2.83274e-05
2.60317e-05
2.38731e-05
2.18477e-05
1.99511e-05
1.81788e-05
1.65263e-05
1.49887e-05
1.35613e-05
1.22391e-05
1.10171e-05
9.88999e-06
8.85267e-06
7.89992e-06
7.02674e-06
6.22814e-06
5.49926e-06
4.83543e-06
4.23126e-06
0.000125078
0.000122042
0.000118533
0.000114726
0.00011063
0.000106303
0.000101813
9.7219e-05
9.25702e-05
8.79109e-05
8.32789e-05
7.87062e-05
7.42196e-05
6.98409e-05
6.55876e-05
6.14732e-05
5.7508e-05
5.36995e-05
5.00525e-05
4.65696e-05
4.32518e-05
4.00987e-05
3.71085e-05
3.42785e-05
3.16055e-05
2.90854e-05
2.6714e-05
2.44868e-05
2.2399e-05
2.04458e-05
1.86223e-05
1.69235e-05
1.53442e-05
1.38791e-05
1.25231e-05
1.12707e-05
1.01164e-05
9.05465e-06
8.08003e-06
7.18724e-06
6.37107e-06
5.62642e-06
4.94845e-06
4.33155e-06
0.000132154
0.000128561
0.000124521
0.000120208
0.000115641
0.000110878
0.000105985
0.000101019
9.60292e-05
9.10566e-05
8.61376e-05
8.13024e-05
7.65761e-05
7.19786e-05
6.75258e-05
6.32298e-05
5.90994e-05
5.51405e-05
5.13567e-05
4.77495e-05
4.43187e-05
4.10629e-05
3.79792e-05
3.50643e-05
3.23139e-05
2.97236e-05
2.72884e-05
2.50031e-05
2.28626e-05
2.08617e-05
1.8995e-05
1.72571e-05
1.56425e-05
1.41458e-05
1.27613e-05
1.14834e-05
1.03062e-05
9.22392e-06
8.23095e-06
7.32172e-06
6.49079e-06
5.73292e-06
5.04312e-06
4.41556e-06
0.000137924
0.000133889
0.000129425
0.000124697
0.000119742
0.000114619
0.000109393
0.000104121
9.88494e-05
9.36188e-05
8.84638e-05
8.34133e-05
7.84904e-05
7.37139e-05
6.90982e-05
6.4654e-05
6.03888e-05
5.63074e-05
5.24123e-05
4.87041e-05
4.51815e-05
4.18422e-05
3.86827e-05
3.56989e-05
3.28859e-05
3.02387e-05
2.77518e-05
2.54195e-05
2.32364e-05
2.11969e-05
1.92952e-05
1.75258e-05
1.58828e-05
1.43605e-05
1.2953e-05
1.16545e-05
1.04588e-05
9.36002e-06
8.35228e-06
7.42981e-06
6.587e-06
5.81851e-06
5.11918e-06
4.48305e-06
0.000142315
0.000137947
0.000133169
0.000128126
0.000122872
0.000117473
0.000111992
0.000106484
0.000100996
9.55676e-05
9.02319e-05
8.50165e-05
7.99435e-05
7.50303e-05
7.02903e-05
6.57332e-05
6.13654e-05
5.71909e-05
5.32113e-05
4.94262e-05
4.5834e-05
4.24314e-05
3.92145e-05
3.61785e-05
3.33181e-05
3.06277e-05
2.81016e-05
2.57339e-05
2.35185e-05
2.14497e-05
1.95216e-05
1.77283e-05
1.60639e-05
1.45223e-05
1.30975e-05
1.17833e-05
1.05737e-05
9.46249e-06
8.44361e-06
7.51116e-06
6.65942e-06
5.88293e-06
5.17642e-06
4.53384e-06
0.00014527
0.000140681
0.000135696
0.00013044
0.000124985
0.000119398
0.000113744
0.000108077
0.000102442
9.68798e-05
9.14219e-05
8.6095e-05
8.09204e-05
7.5915e-05
7.10912e-05
6.64579e-05
6.2021e-05
5.77838e-05
5.37473e-05
4.99107e-05
4.62715e-05
4.28264e-05
3.95709e-05
3.64998e-05
3.36076e-05
3.08884e-05
2.8336e-05
2.59443e-05
2.37074e-05
2.1619e-05
1.96732e-05
1.78639e-05
1.6185e-05
1.46305e-05
1.3194e-05
1.18695e-05
1.06506e-05
9.531e-06
8.50467e-06
7.56555e-06
6.70783e-06
5.92598e-06
5.21468e-06
4.56778e-06
0.000146756
0.000142057
0.000136969
0.000131606
0.000126049
0.000120368
0.000114626
0.000108878
0.00010317
9.754e-05
9.20203e-05
8.66371e-05
8.14115e-05
7.63596e-05
7.14935e-05
6.68218e-05
6.23502e-05
5.80815e-05
5.40164e-05
5.01537e-05
4.64911e-05
4.30246e-05
3.97497e-05
3.6661e-05
3.37528e-05
3.1019e-05
2.84535e-05
2.60499e-05
2.3802e-05
2.17039e-05
1.97491e-05
1.79318e-05
1.62457e-05
1.46847e-05
1.32424e-05
1.19127e-05
1.0689e-05
9.56532e-06
8.53525e-06
7.59278e-06
6.73205e-06
5.94754e-06
5.23383e-06
4.58475e-06
-0.000162599
-0.000152577
-0.000142969
-0.000133775
-0.000124996
-0.000116629
-0.000108671
-0.000101118
-9.39612e-05
-8.71942e-05
-8.08077e-05
-7.47918e-05
-6.91354e-05
-6.38269e-05
-5.88542e-05
-5.42041e-05
-4.98637e-05
-4.58193e-05
-4.20573e-05
-3.85638e-05
-3.5325e-05
-3.23272e-05
-2.9557e-05
-2.7001e-05
-2.46463e-05
-2.24802e-05
-2.04906e-05
-1.86656e-05
-1.69939e-05
-1.54648e-05
-1.40678e-05
-1.27932e-05
-1.16315e-05
-1.05739e-05
-9.61206e-06
-8.73805e-06
-7.94446e-06
-7.22438e-06
-6.57141e-06
-5.97953e-06
-5.44315e-06
-4.95717e-06
-4.51693e-06
-4.11862e-06
-0.000160021
-0.000149851
-0.000140122
-0.000130836
-0.000121989
-0.000113579
-0.000105599
-9.80439e-05
-9.09039e-05
-8.41697e-05
-7.78304e-05
-7.18745e-05
-6.62892e-05
-6.10613e-05
-5.6177e-05
-5.1622e-05
-4.73816e-05
-4.34413e-05
-3.9786e-05
-3.64009e-05
-3.32713e-05
-3.03826e-05
-2.77206e-05
-2.52713e-05
-2.30211e-05
-2.0957e-05
-1.90665e-05
-1.73372e-05
-1.57577e-05
-1.4317e-05
-1.30046e-05
-1.18104e-05
-1.07251e-05
-9.73986e-06
-8.84627e-06
-8.03649e-06
-7.30317e-06
-6.63949e-06
-6.03913e-06
-5.4962e-06
-5.00529e-06
-4.56142e-06
-4.16004e-06
-3.79756e-06
-0.000156932
-0.000146633
-0.000136808
-0.000127452
-0.000118562
-0.000110132
-0.000102155
-9.46213e-05
-8.75208e-05
-8.08418e-05
-7.45717e-05
-6.86968e-05
-6.32028e-05
-5.80748e-05
-5.32973e-05
-4.88547e-05
-4.47309e-05
-4.09098e-05
-3.73756e-05
-3.41123e-05
-3.11043e-05
-2.8336e-05
-2.57927e-05
-2.34597e-05
-2.13229e-05
-1.93689e-05
-1.75846e-05
-1.59577e-05
-1.44764e-05
-1.31294e-05
-1.19062e-05
-1.07968e-05
-9.79179e-06
-8.88225e-06
-8.05994e-06
-7.31706e-06
-6.64637e-06
-6.04116e-06
-5.49523e-06
-5.00286e-06
-4.5588e-06
-4.15822e-06
-3.79676e-06
-3.471e-06
-0.000153319
-0.000142918
-0.00013302
-0.000123621
-0.000114712
-0.000106288
-9.83378e-05
-9.08505e-05
-8.38136e-05
-7.72132e-05
-7.10347e-05
-6.52625e-05
-5.98805e-05
-5.4872e-05
-5.022e-05
-4.59073e-05
-4.19165e-05
-3.82302e-05
-3.48314e-05
-3.17032e-05
-2.88289e-05
-2.61925e-05
-2.37782e-05
-2.15709e-05
-1.95561e-05
-1.77199e-05
-1.6049e-05
-1.45308e-05
-1.31532e-05
-1.19051e-05
-1.07758e-05
-9.75525e-06
-8.83408e-06
-8.00348e-06
-7.25527e-06
-6.58178e-06
-5.97589e-06
-5.43106e-06
-4.94124e-06
-4.50088e-06
-4.10491e-06
-3.74872e-06
-3.42811e-06
-3.13988e-06
-0.000149167
-0.000138692
-0.000128749
-0.000119333
-0.000110434
-0.000102042
-9.4146e-05
-8.67312e-05
-7.97831e-05
-7.32857e-05
-6.72223e-05
-6.15754e-05
-5.63267e-05
-5.1458e-05
-4.69506e-05
-4.27856e-05
-3.89444e-05
-3.54084e-05
-3.21594e-05
-2.91794e-05
-2.64511e-05
-2.39576e-05
-2.16825e-05
-1.96102e-05
-1.77257e-05
-1.60149e-05
-1.44642e-05
-1.30607e-05
-1.17924e-05
-1.06479e-05
-9.61678e-06
-8.68887e-06
-7.85491e-06
-7.10621e-06
-6.43471e-06
-5.83287e-06
-5.29378e-06
-4.81105e-06
-4.37883e-06
-3.99177e-06
-3.64501e-06
-3.33414e-06
-3.05518e-06
-2.80516e-06
-0.000144457
-0.000133936
-0.000123979
-0.000114577
-0.000105717
-9.73873e-05
-8.95735e-05
-8.22591e-05
-7.54268e-05
-6.90584e-05
-6.31349e-05
-5.76367e-05
-5.25437e-05
-4.78357e-05
-4.34924e-05
-3.94935e-05
-3.58189e-05
-3.2449e-05
-2.93642e-05
-2.65459e-05
-2.39757e-05
-2.16361e-05
-1.95103e-05
-1.75821e-05
-1.58362e-05
-1.42581e-05
-1.2834e-05
-1.15512e-05
-1.03973e-05
-9.36126e-06
-8.43232e-06
-7.60064e-06
-6.85706e-06
-6.19304e-06
-5.60064e-06
-5.07255e-06
-4.60205e-06
-4.18298e-06
-3.80969e-06
-3.47706e-06
-3.18047e-06
-2.91575e-06
-2.67913e-06
-2.4679e-06
-0.000139169
-0.000128636
-0.000118698
-0.000109342
-0.000100553
-9.23173e-05
-8.46166e-05
-7.74321e-05
-7.07441e-05
-6.45318e-05
-5.87739e-05
-5.34488e-05
-4.85344e-05
-4.40086e-05
-3.98496e-05
-3.60354e-05
-3.25447e-05
-2.93566e-05
-2.64507e-05
-2.38073e-05
-2.14073e-05
-1.92327e-05
-1.72661e-05
-1.54909e-05
-1.38915e-05
-1.24532e-05
-1.11623e-05
-1.00057e-05
-8.97135e-06
-8.04799e-06
-7.22515e-06
-6.4931e-06
-5.84285e-06
-5.26604e-06
-4.75497e-06
-4.30254e-06
-3.90229e-06
-3.54827e-06
-3.23509e-06
-2.95791e-06
-2.71234e-06
-2.49446e-06
-2.30077e-06
-2.1288e-06
-0.00013329
-0.000122781
-0.000112897
-0.000103622
-9.49392e-05
-8.68304e-05
-7.92751e-05
-7.22516e-05
-6.57375e-05
-5.97094e-05
-5.41439e-05
-4.90169e-05
-4.43046e-05
-3.9983e-05
-3.60285e-05
-3.24179e-05
-2.91284e-05
-2.6138e-05
-2.34254e-05
-2.097e-05
-1.87522e-05
-1.67533e-05
-1.49554e-05
-1.33418e-05
-1.18967e-05
-1.06052e-05
-9.45337e-06
-8.42837e-06
-7.51818e-06
-6.71167e-06
-5.99852e-06
-5.36922e-06
-4.81499e-06
-4.32771e-06
-3.89995e-06
-3.5249e-06
-3.19632e-06
-2.90857e-06
-2.65653e-06
-2.43564e-06
-2.2418e-06
-2.07134e-06
-1.92104e-06
-1.78872e-06
-0.000126809
-0.000116363
-0.00010657
-9.74146e-05
-8.88742e-05
-8.09277e-05
-7.35516e-05
-6.67215e-05
-6.0412e-05
-5.45974e-05
-4.92515e-05
-4.43484e-05
-3.98621e-05
-3.57668e-05
-3.20373e-05
-2.8649e-05
-2.55779e-05
-2.28009e-05
-2.02958e-05
-1.80413e-05
-1.60173e-05
-1.42044e-05
-1.25847e-05
-1.1141e-05
-9.85738e-06
-8.71904e-06
-7.71208e-06
-6.82369e-06
-6.04202e-06
-5.35613e-06
-4.75594e-06
-4.2322e-06
-3.7764e-06
-3.38072e-06
-3.03803e-06
-2.74181e-06
-2.48614e-06
-2.26567e-06
-2.07562e-06
-1.91171e-06
-1.77014e-06
-1.64754e-06
-1.54096e-06
-1.44855e-06
-0.000119718
-0.000109376
-9.97168e-05
-9.07196e-05
-8.236e-05
-7.46128e-05
-6.74514e-05
-6.08482e-05
-5.47752e-05
-4.92038e-05
-4.41056e-05
-3.94524e-05
-3.52162e-05
-3.13694e-05
-2.78854e-05
-2.4738e-05
-2.19023e-05
-1.93542e-05
-1.70705e-05
-1.50295e-05
-1.32103e-05
-1.15936e-05
-1.01607e-05
-8.89475e-06
-7.77961e-06
-6.80049e-06
-5.94364e-06
-5.19644e-06
-4.54726e-06
-3.98541e-06
-3.50111e-06
-3.08542e-06
-2.73016e-06
-2.42786e-06
-2.17171e-06
-1.95554e-06
-1.77378e-06
-1.62142e-06
-1.49401e-06
-1.38758e-06
-1.29867e-06
-1.22422e-06
-1.16159e-06
-1.10922e-06
-0.000112012
-0.000101819
-9.23369e-05
-8.35405e-05
-7.5402e-05
-6.78928e-05
-6.09827e-05
-5.46412e-05
-4.88371e-05
-4.35394e-05
-3.87172e-05
-3.43401e-05
-3.03781e-05
-2.68021e-05
-2.35837e-05
-2.06958e-05
-1.81121e-05
-1.58078e-05
-1.3759e-05
-1.19434e-05
-1.03399e-05
-8.9286e-06
-7.69107e-06
-6.61011e-06
-5.66981e-06
-4.85545e-06
-4.15353e-06
-3.55167e-06
-3.03851e-06
-2.60371e-06
-2.23785e-06
-1.93236e-06
-1.67943e-06
-1.47198e-06
-1.30357e-06
-1.16843e-06
-1.06135e-06
-9.77687e-07
-9.13352e-07
-8.64742e-07
-8.28723e-07
-8.02568e-07
-7.83961e-07
-7.71663e-07
-0.000103693
-9.36963e-05
-8.44366e-05
-7.58849e-05
-6.80096e-05
-6.07782e-05
-5.41572e-05
-4.81127e-05
-4.26107e-05
-3.76175e-05
-3.30998e-05
-2.9025e-05
-2.53613e-05
-2.20779e-05
-1.9145e-05
-1.65344e-05
-1.42189e-05
-1.21727e-05
-1.03717e-05
-8.79298e-06
-7.41511e-06
-6.21817e-06
-5.18366e-06
-4.29445e-06
-3.53481e-06
-2.89024e-06
-2.34753e-06
-1.89464e-06
-1.52059e-06
-1.21544e-06
-9.70179e-07
-7.76652e-07
-6.27488e-07
-5.16027e-07
-4.36272e-07
-3.82854e-07
-3.50972e-07
-3.36377e-07
-3.35367e-07
-3.44715e-07
-3.61647e-07
-3.83778e-07
-4.09133e-07
-4.36809e-07
-9.47659e-05
-8.50155e-05
-7.60261e-05
-6.77649e-05
-6.01963e-05
-5.32837e-05
-4.69903e-05
-4.12787e-05
-3.61122e-05
-3.14543e-05
-2.72695e-05
-2.35229e-05
-2.0181e-05
-1.72115e-05
-1.45835e-05
-1.22675e-05
-1.02355e-05
-8.46131e-06
-6.92014e-06
-5.58887e-06
-4.44598e-06
-3.47152e-06
-2.64705e-06
-1.95567e-06
-1.38185e-06
-9.11468e-07
-5.3169e-07
-2.30888e-07
1.45922e-09
1.74845e-07
2.97801e-07
3.77991e-07
4.2231e-07
4.36953e-07
4.27457e-07
3.98742e-07
3.55172e-07
3.00567e-07
2.38217e-07
1.70965e-07
1.01199e-07
3.09499e-08
-3.81651e-08
-1.05595e-07
-8.52425e-05
-7.57905e-05
-6.71212e-05
-5.91976e-05
-5.19801e-05
-4.54281e-05
-3.95011e-05
-3.41586e-05
-2.93609e-05
-2.50689e-05
-2.12448e-05
-1.78518e-05
-1.48547e-05
-1.22198e-05
-9.91505e-06
-7.91004e-06
-6.17621e-06
-4.68675e-06
-3.41664e-06
-2.34263e-06
-1.4432e-06
-6.98506e-07
-9.03314e-08
3.97951e-07
7.81469e-07
1.07392e-06
1.28767e-06
1.43384e-06
1.52245e-06
1.56245e-06
1.56183e-06
1.52773e-06
1.46651e-06
1.38387e-06
1.28486e-06
1.17389e-06
1.05488e-06
9.31176e-07
8.05657e-07
6.80755e-07
5.58456e-07
4.40415e-07
3.27878e-07
2.21042e-07
-7.51411e-05
-6.60412e-05
-5.77431e-05
-5.02054e-05
-4.33841e-05
-3.72348e-05
-3.17131e-05
-2.67756e-05
-2.23796e-05
-1.84835e-05
-1.50473e-05
-1.20324e-05
-9.40215e-06
-7.12145e-06
-5.15733e-06
-3.47869e-06
-2.05644e-06
-8.63459e-07
1.25408e-07
9.33389e-07
1.58187e-06
2.09045e-06
2.47698e-06
2.75769e-06
2.9472e-06
3.0587e-06
3.10399e-06
3.09363e-06
3.03703e-06
2.94254e-06
2.81756e-06
2.66864e-06
2.50161e-06
2.3216e-06
2.13313e-06
1.9401e-06
1.74592e-06
1.55348e-06
1.36521e-06
1.18311e-06
1.00875e-06
8.43406e-07
6.87931e-07
5.42171e-07
-6.4487e-05
-5.57946e-05
-4.79196e-05
-4.08163e-05
-3.44366e-05
-2.87318e-05
-2.3654e-05
-1.91568e-05
-1.51945e-05
-1.17233e-05
-8.70118e-06
-6.0878e-06
-3.84506e-06
-1.93692e-06
-3.29554e-07
1.00865e-06
2.10713e-06
2.99313e-06
3.69176e-06
4.22611e-06
4.61725e-06
4.88439e-06
5.0449e-06
5.11445e-06
5.1071e-06
5.03542e-06
4.91054e-06
4.74239e-06
4.53971e-06
4.31018e-06
4.06055e-06
3.79677e-06
3.52407e-06
3.24698e-06
2.96944e-06
2.69484e-06
2.42606e-06
2.16549e-06
1.91511e-06
1.67648e-06
1.45073e-06
1.23871e-06
1.04093e-06
8.56861e-07
-5.33135e-05
-4.50846e-05
-3.76851e-05
-3.10648e-05
-2.51715e-05
-1.99524e-05
-1.53562e-05
-1.13333e-05
-7.83562e-06
-4.81703e-06
-2.23354e-06
-4.34567e-08
1.79256e-06
3.31138e-06
4.54741e-06
5.53265e-06
6.29663e-06
6.86656e-06
7.26735e-06
7.52174e-06
7.65037e-06
7.67186e-06
7.603e-06
7.45882e-06
7.25268e-06
6.9964e-06
6.70042e-06
6.37392e-06
6.0249e-06
5.66034e-06
5.28632e-06
4.90813e-06
4.53031e-06
4.1568e-06
3.79096e-06
3.43559e-06
3.09305e-06
2.76523e-06
2.45363e-06
2.15932e-06
1.88301e-06
1.62514e-06
1.38584e-06
1.16419e-06
-4.16629e-05
-3.39533e-05
-2.70812e-05
-2.09917e-05
-1.56286e-05
-1.09351e-05
-6.85661e-06
-3.34059e-06
-3.36545e-07
2.2037e-06
4.32577e-06
6.07265e-06
7.48462e-06
8.59919e-06
9.45115e-06
1.00726e-05
1.04931e-05
1.07394e-05
1.08363e-05
1.08058e-05
1.06681e-05
1.0441e-05
1.01406e-05
9.78112e-06
9.3752e-06
8.9338e-06
8.46656e-06
7.98187e-06
7.48694e-06
6.98799e-06
6.49038e-06
5.99866e-06
5.51673e-06
5.04787e-06
4.59483e-06
4.15984e-06
3.74469e-06
3.35075e-06
2.97903e-06
2.63011e-06
2.30427e-06
2.00152e-06
1.72161e-06
1.46325e-06
-2.9586e-05
-2.2451e-05
-1.61568e-05
-1.06444e-05
-5.8536e-06
-1.72374e-06
1.80303e-06
4.78186e-06
7.26549e-06
9.30389e-06
1.09441e-05
1.22301e-05
1.3203e-05
1.39005e-05
1.43577e-05
1.46066e-05
1.46764e-05
1.45935e-05
1.4382e-05
1.40633e-05
1.36567e-05
1.31794e-05
1.26465e-05
1.20714e-05
1.14657e-05
1.08396e-05
1.02018e-05
9.55988e-06
8.92014e-06
8.28805e-06
7.66818e-06
7.06435e-06
6.47975e-06
5.91702e-06
5.37825e-06
4.8651e-06
4.37877e-06
3.9201e-06
3.48958e-06
3.08733e-06
2.71316e-06
2.36669e-06
2.04724e-06
1.75315e-06
-1.71437e-05
-1.06365e-05
-4.9688e-06
-7.75505e-08
4.10148e-06
7.63243e-06
1.05762e-05
1.29904e-05
1.49296e-05
1.64455e-05
1.75861e-05
1.83963e-05
1.89175e-05
1.91877e-05
1.92419e-05
1.91116e-05
1.88256e-05
1.84098e-05
1.78872e-05
1.72787e-05
1.66024e-05
1.58747e-05
1.51096e-05
1.43196e-05
1.35153e-05
1.27058e-05
1.1899e-05
1.11015e-05
1.03188e-05
9.55543e-06
8.81519e-06
8.10116e-06
7.4158e-06
6.76108e-06
6.13844e-06
5.54891e-06
4.99311e-06
4.47137e-06
3.98363e-06
3.52953e-06
3.10843e-06
2.71951e-06
2.36173e-06
2.03303e-06
-4.40673e-06
1.42237e-06
6.41802e-06
1.06475e-05
1.41786e-05
1.70788e-05
1.94118e-05
2.12372e-05
2.26114e-05
2.35873e-05
2.42138e-05
2.45363e-05
2.45962e-05
2.44317e-05
2.40771e-05
2.35635e-05
2.2919e-05
2.21685e-05
2.13343e-05
2.04359e-05
1.94908e-05
1.85139e-05
1.75184e-05
1.65154e-05
1.55146e-05
1.45242e-05
1.35509e-05
1.26004e-05
1.16772e-05
1.0785e-05
9.92693e-06
9.10513e-06
8.32139e-06
7.57697e-06
6.87265e-06
6.20885e-06
5.58562e-06
5.0027e-06
4.45953e-06
3.95526e-06
3.4888e-06
3.0589e-06
2.66411e-06
2.30205e-06
8.5441e-06
1.36487e-05
1.79311e-05
2.14624e-05
2.43135e-05
2.65553e-05
2.82538e-05
2.94705e-05
3.02631e-05
3.06854e-05
3.0787e-05
3.06132e-05
3.02057e-05
2.96018e-05
2.88356e-05
2.79373e-05
2.69339e-05
2.58494e-05
2.47049e-05
2.35188e-05
2.23072e-05
2.10841e-05
1.98611e-05
1.86485e-05
1.74547e-05
1.62867e-05
1.51503e-05
1.405e-05
1.29896e-05
1.19719e-05
1.0999e-05
1.00724e-05
9.19307e-06
8.36164e-06
7.57822e-06
6.84259e-06
6.15421e-06
5.51229e-06
4.9157e-06
4.36314e-06
3.85306e-06
3.38378e-06
2.95348e-06
2.55939e-06
2.16178e-05
2.59569e-05
2.949e-05
3.22918e-05
3.44363e-05
3.59971e-05
3.70423e-05
3.7635e-05
3.78339e-05
3.76933e-05
3.7263e-05
3.65885e-05
3.57107e-05
3.46665e-05
3.34889e-05
3.22072e-05
3.08472e-05
2.94317e-05
2.79805e-05
2.65107e-05
2.5037e-05
2.35721e-05
2.21263e-05
2.07087e-05
1.93264e-05
1.79853e-05
1.669e-05
1.54442e-05
1.42506e-05
1.31111e-05
1.2027e-05
1.0999e-05
1.00275e-05
9.11215e-06
8.25255e-06
7.44784e-06
6.69691e-06
5.99838e-06
5.35062e-06
4.75184e-06
4.20003e-06
3.69313e-06
3.22892e-06
2.80428e-06
3.47134e-05
3.82525e-05
4.10067e-05
4.3054e-05
4.44711e-05
4.53341e-05
4.5713e-05
4.56717e-05
4.52698e-05
4.45619e-05
4.35976e-05
4.24219e-05
4.1075e-05
3.95929e-05
3.80075e-05
3.63469e-05
3.46354e-05
3.28945e-05
3.11425e-05
2.93951e-05
2.76654e-05
2.59648e-05
2.43023e-05
2.26856e-05
2.11205e-05
1.96117e-05
1.81629e-05
1.67766e-05
1.54546e-05
1.41978e-05
1.30068e-05
1.18814e-05
1.08213e-05
9.82563e-06
8.89314e-06
8.02243e-06
7.21179e-06
6.45929e-06
5.76281e-06
5.12006e-06
4.5286e-06
3.98596e-06
3.48957e-06
3.03596e-06
4.77209e-05
5.04333e-05
5.23863e-05
5.36612e-05
5.43371e-05
5.44922e-05
5.41979e-05
5.35188e-05
5.25148e-05
5.12403e-05
4.97446e-05
4.80718e-05
4.62613e-05
4.43477e-05
4.23617e-05
4.03297e-05
3.82748e-05
3.62167e-05
3.41721e-05
3.21552e-05
3.01777e-05
2.82492e-05
2.63776e-05
2.4569e-05
2.28281e-05
2.11583e-05
1.95622e-05
1.80412e-05
1.65962e-05
1.52273e-05
1.39342e-05
1.2716e-05
1.15715e-05
1.04993e-05
9.49759e-06
8.56423e-06
7.69701e-06
6.89342e-06
6.15086e-06
5.46656e-06
4.83768e-06
4.26135e-06
3.73463e-06
3.25372e-06
6.0522e-05
6.23897e-05
6.35275e-05
6.402e-05
6.39486e-05
6.3393e-05
6.24256e-05
6.11114e-05
5.95101e-05
5.76757e-05
5.56566e-05
5.34959e-05
5.12316e-05
4.8897e-05
4.65211e-05
4.41288e-05
4.17414e-05
3.93769e-05
3.70505e-05
3.47745e-05
3.25591e-05
3.04125e-05
2.83409e-05
2.6349e-05
2.44404e-05
2.26173e-05
2.0881e-05
1.92321e-05
1.76704e-05
1.61951e-05
1.48052e-05
1.34992e-05
1.2275e-05
1.11306e-05
1.00636e-05
9.07127e-06
8.15082e-06
7.29926e-06
6.51345e-06
5.79022e-06
5.12629e-06
4.51842e-06
3.96333e-06
3.4569e-06
7.29893e-05
7.40055e-05
7.43231e-05
7.40321e-05
7.32157e-05
7.19549e-05
7.03223e-05
6.83829e-05
6.61958e-05
6.38143e-05
6.12854e-05
5.8651e-05
5.59476e-05
5.32067e-05
5.04557e-05
4.77175e-05
4.50117e-05
4.23545e-05
3.97593e-05
3.72368e-05
3.47955e-05
3.2442e-05
3.0181e-05
2.80159e-05
2.5949e-05
2.39812e-05
2.21129e-05
2.03435e-05
1.8672e-05
1.70969e-05
1.56162e-05
1.42278e-05
1.2929e-05
1.17171e-05
1.0589e-05
9.54166e-06
8.57161e-06
7.67538e-06
6.84936e-06
6.08995e-06
5.3935e-06
4.75637e-06
4.17497e-06
3.64488e-06
8.49896e-05
8.51589e-05
8.46613e-05
8.35949e-05
8.20453e-05
8.00934e-05
7.78118e-05
7.52648e-05
7.25108e-05
6.96014e-05
6.65825e-05
6.34942e-05
6.03711e-05
5.72431e-05
5.41354e-05
5.10693e-05
4.80624e-05
4.5129e-05
4.22806e-05
3.95263e-05
3.68729e-05
3.43254e-05
3.18872e-05
2.95603e-05
2.73455e-05
2.52428e-05
2.32514e-05
2.13699e-05
1.95964e-05
1.79284e-05
1.63635e-05
1.48986e-05
1.35307e-05
1.22563e-05
1.10718e-05
9.97365e-06
8.95786e-06
8.02047e-06
7.15745e-06
6.36478e-06
5.63843e-06
4.97444e-06
4.36888e-06
3.81708e-06
9.64015e-05
9.57268e-05
9.44255e-05
9.2602e-05
9.0341e-05
8.77217e-05
8.48162e-05
8.16878e-05
7.83931e-05
7.49823e-05
7.14993e-05
6.79824e-05
6.44642e-05
6.09727e-05
5.7531e-05
5.41585e-05
5.08707e-05
4.76802e-05
4.45968e-05
4.16275e-05
3.87778e-05
3.60511e-05
3.34492e-05
3.0973e-05
2.8622e-05
2.63952e-05
2.42907e-05
2.23062e-05
2.04389e-05
1.86858e-05
1.70436e-05
1.55088e-05
1.40776e-05
1.27461e-05
1.15101e-05
1.03656e-05
9.30816e-06
8.33332e-06
7.43665e-06
6.61376e-06
5.86029e-06
5.17191e-06
4.54444e-06
3.97296e-06
0.000107117
0.000105592
0.000103494
0.000100942
9.80038e-05
9.47517e-05
9.12575e-05
8.75826e-05
8.37818e-05
7.99032e-05
7.59885e-05
7.20741e-05
6.81906e-05
6.43636e-05
6.06145e-05
5.69605e-05
5.34154e-05
4.99897e-05
4.66914e-05
4.35262e-05
4.04977e-05
3.7608e-05
3.48575e-05
3.22458e-05
2.97714e-05
2.74321e-05
2.52252e-05
2.31475e-05
2.11955e-05
1.93656e-05
1.76536e-05
1.60557e-05
1.45675e-05
1.31845e-05
1.19023e-05
1.07161e-05
9.62128e-06
8.61286e-06
7.68603e-06
6.8361e-06
6.05836e-06
5.34817e-06
4.70112e-06
4.11205e-06
-0.000697997
-0.000669772
-0.000641629
-0.000613687
-0.000586078
-0.000558908
-0.00053226
-0.000506213
-0.000480835
-0.000456182
-0.000432302
-0.000409231
-0.000386999
-0.000365624
-0.000725537
-0.000694984
-0.000664597
-0.000634504
-0.000604843
-0.000575723
-0.000547233
-0.000519452
-0.000492448
-0.000466279
-0.00044099
-0.000416618
-0.000393187
-0.000370716
-0.000349213
-0.000328684
-0.000309121
-0.000290508
-0.000272836
-0.000256085
-0.00024023
-0.000225246
-0.000211103
-0.000197772
-0.000185219
-0.000173413
-0.000753837
-0.000720783
-0.000687994
-0.000655602
-0.000623755
-0.000592565
-0.000562123
-0.00053251
-0.000503797
-0.000476039
-0.00044928
-0.000423553
-0.000398882
-0.000375279
-0.00035275
-0.000331294
-0.000310896
-0.00029154
-0.000273208
-0.000255873
-0.000239507
-0.000224077
-0.00020955
-0.00019589
-0.000183059
-0.000171021
-0.000782887
-0.000747149
-0.000711787
-0.000676943
-0.000642768
-0.000609381
-0.000576875
-0.000545333
-0.000514823
-0.000485401
-0.00045711
-0.000429978
-0.000404024
-0.000379257
-0.000355677
-0.000333277
-0.000312035
-0.000291932
-0.00027294
-0.000255028
-0.00023816
-0.000222298
-0.000207403
-0.000193432
-0.000180344
-0.000168096
-0.000812671
-0.000774054
-0.000735942
-0.000698481
-0.000661832
-0.000626116
-0.000591429
-0.000557855
-0.000525461
-0.000494301
-0.000464414
-0.000435826
-0.00040855
-0.00038259
-0.000357938
-0.000334579
-0.000312488
-0.000291637
-0.000271992
-0.000253512
-0.000236157
-0.000219881
-0.000204638
-0.000190379
-0.000177056
-0.000164622
-0.000843165
-0.000801464
-0.000760411
-0.000720163
-0.000680886
-0.000642704
-0.000605715
-0.000570003
-0.000535636
-0.000502663
-0.000471119
-0.000441026
-0.00041239
-0.000385209
-0.000359467
-0.000335141
-0.000312201
-0.000290607
-0.000270318
-0.000251286
-0.000233462
-0.000216793
-0.000201226
-0.000186704
-0.000173175
-0.000160582
-0.000874334
-0.000829331
-0.00078514
-0.000741925
-0.000699858
-0.000659068
-0.000619653
-0.000581698
-0.000545266
-0.000510405
-0.000477144
-0.000445499
-0.000415469
-0.000387043
-0.000360197
-0.000334901
-0.000311112
-0.000288785
-0.000267867
-0.000248302
-0.000230032
-0.000212996
-0.000197132
-0.000182378
-0.000168672
-0.000155953
-0.000906125
-0.000857591
-0.000810054
-0.000763686
-0.000718664
-0.00067512
-0.000633154
-0.000592846
-0.000554261
-0.000517438
-0.000482403
-0.000449161
-0.000417706
-0.000388016
-0.000360058
-0.00033379
-0.000309161
-0.000286114
-0.000264586
-0.000244513
-0.000225825
-0.000208452
-0.000192325
-0.000177371
-0.000163523
-0.000150712
-0.000938462
-0.00088616
-0.000835064
-0.000785351
-0.000737205
-0.00069076
-0.000646114
-0.000603348
-0.00056252
-0.000523665
-0.000486801
-0.000451924
-0.000419018
-0.000388049
-0.000358975
-0.000331742
-0.000306286
-0.000282539
-0.000260427
-0.000239875
-0.000220801
-0.000203128
-0.000186773
-0.000171659
-0.000157708
-0.000144843
-0.000971242
-0.00091493
-0.000860055
-0.000806803
-0.000755362
-0.000705867
-0.000658416
-0.000613087
-0.000569932
-0.00052898
-0.000490237
-0.000453692
-0.000419314
-0.00038706
-0.000356873
-0.000328686
-0.000302423
-0.000278003
-0.00025534
-0.000234343
-0.000214924
-0.00019699
-0.000180451
-0.000165219
-0.000151207
-0.000138331
-0.00100433
-0.000943759
-0.000884885
-0.000827899
-0.000772993
-0.000720303
-0.000669927
-0.000621935
-0.000576375
-0.000533265
-0.000492602
-0.000454362
-0.000418501
-0.000384962
-0.000353674
-0.000324554
-0.000297512
-0.000272453
-0.000249275
-0.000227878
-0.000208157
-0.000190009
-0.000173333
-0.000158031
-0.000144005
-0.000131165
-0.00103754
-0.000972467
-0.000909377
-0.000848467
-0.000789933
-0.000733909
-0.000680492
-0.000629746
-0.00058171
-0.000536393
-0.000493777
-0.000453826
-0.00041648
-0.000381666
-0.000349297
-0.000319273
-0.000291489
-0.000265832
-0.000242188
-0.000220439
-0.000200468
-0.00018216
-0.0001654
-0.000150079
-0.000136092
-0.000123337
-0.00107064
-0.00100083
-0.000933313
-0.000868299
-0.000805982
-0.000746498
-0.000689937
-0.000636358
-0.000585788
-0.000538225
-0.000493637
-0.00045197
-0.000413148
-0.000377081
-0.000343662
-0.000312774
-0.000284294
-0.000258092
-0.000234036
-0.000211993
-0.000191831
-0.00017342
-0.000156635
-0.000141354
-0.000127461
-0.000114846
-0.00110333
-0.00102856
-0.000956429
-0.000887148
-0.000820911
-0.000757855
-0.000698064
-0.000641588
-0.000588443
-0.000538612
-0.000492046
-0.000448674
-0.0004084
-0.000371115
-0.00033669
-0.00030499
-0.000275871
-0.000249185
-0.00022478
-0.000202508
-0.000182221
-0.000163774
-0.000147028
-0.000131849
-0.000118111
-0.000105693
-0.00113524
-0.00105532
-0.000978409
-0.00090472
-0.000834452
-0.000767735
-0.00070465
-0.000645236
-0.000589495
-0.000537393
-0.000488864
-0.000443814
-0.000402129
-0.000363675
-0.000328303
-0.000295856
-0.000266167
-0.000239068
-0.000214389
-0.000191963
-0.000171624
-0.000153212
-0.000136575
-0.000121566
-0.000108047
-9.58878e-05
-0.00116593
-0.00108071
-0.000998879
-0.000920679
-0.000846298
-0.000775864
-0.00070945
-0.000647084
-0.000588751
-0.0005344
-0.000483943
-0.000437266
-0.000394229
-0.000354674
-0.00031843
-0.000285313
-0.000255136
-0.000227708
-0.000202839
-0.000180341
-0.000160031
-0.000141734
-0.000125281
-0.000110514
-9.72828e-05
-8.54459e-05
-0.00119487
-0.00110424
-0.00101741
-0.000934639
-0.000856107
-0.000781938
-0.000712196
-0.000646897
-0.000586009
-0.000529459
-0.000477138
-0.000428905
-0.000384597
-0.000344029
-0.000307004
-0.000273312
-0.000242743
-0.000215081
-0.000190115
-0.000167637
-0.000147445
-0.000129347
-0.00011316
-9.8711e-05
-8.58383e-05
-7.43909e-05
-0.00122146
-0.00112537
-0.00103353
-0.000946177
-0.000863505
-0.000785628
-0.000712604
-0.000644431
-0.00058106
-0.000522395
-0.000468301
-0.000418614
-0.000373139
-0.000331667
-0.00029397
-0.000259815
-0.000228963
-0.000201175
-0.000176216
-0.000153857
-0.000133879
-0.000116071
-0.000100235
-8.61836e-05
-7.37441e-05
-6.2755e-05
-0.00124504
-0.00114353
-0.00104671
-0.000954836
-0.000868094
-0.000786594
-0.000710381
-0.000639439
-0.000573698
-0.000513038
-0.000457298
-0.000406284
-0.000359774
-0.000317528
-0.00027929
-0.000244798
-0.000213787
-0.000185991
-0.000161154
-0.000139024
-0.000119361
-0.000101938
-8.65417e-05
-7.2971e-05
-6.10407e-05
-5.05796e-05
-0.00126489
-0.00115808
-0.00105641
-0.000960145
-0.000869471
-0.000784491
-0.000705239
-0.000631683
-0.00056373
-0.000501234
-0.000444008
-0.000391827
-0.00034444
-0.000301573
-0.000262944
-0.000228259
-0.000197225
-0.000169552
-0.000144959
-0.000123172
-0.000103933
-8.6995e-05
-7.21298e-05
-5.91237e-05
-4.77795e-05
-3.79165e-05
-0.00128031
-0.0011684
-0.00106208
-0.000961639
-0.000867242
-0.000778991
-0.000696909
-0.000620946
-0.000550985
-0.000486855
-0.000428339
-0.000375182
-0.0003271
-0.00028379
-0.000244936
-0.000210217
-0.00017931
-0.000151901
-0.000127682
-0.00010636
-8.76541e-05
-7.13033e-05
-5.70626e-05
-4.47055e-05
-3.4024e-05
-2.48279e-05
-0.00129059
-0.00117389
-0.00106323
-0.00095889
-0.000861052
-0.000769806
-0.000685162
-0.000607051
-0.000535334
-0.000469811
-0.000410237
-0.000356323
-0.000307756
-0.000264198
-0.000225305
-0.000190723
-0.000160104
-0.000133105
-0.000109396
-8.86621e-05
-7.06039e-05
-5.49426e-05
-4.1419e-05
-2.97943e-05
-1.985e-05
-1.13871e-05
-0.00129513
-0.00117403
-0.0010594
-0.00095154
-0.000850614
-0.000756711
-0.00066983
-0.000589882
-0.000516702
-0.000450066
-0.000389696
-0.000335272
-0.000286449
-0.000242859
-0.000204123
-0.000169861
-0.000139696
-0.000113261
-9.02005e-05
-7.01797e-05
-5.28816e-05
-3.80108e-05
-2.52946e-05
-1.44824e-05
-5.34615e-06
2.32082e-06
-0.00129345
-0.00116843
-0.00105029
-0.000939337
-0.000835741
-0.000739577
-0.000650833
-0.0005694
-0.000495091
-0.000427652
-0.000366774
-0.000312108
-0.000263276
-0.000219878
-0.000181507
-0.000147753
-0.000118213
-9.24942e-05
-7.02208e-05
-5.10368e-05
-3.46083e-05
-2.06252e-05
-8.80179e-06
1.12279e-06
9.38535e-06
1.61995e-05
-0.00128525
-0.00115686
-0.00103572
-0.000922178
-0.000816377
-0.000718393
-0.000628201
-0.000545671
-0.000470592
-0.000402681
-0.000341602
-0.000286975
-0.00023839
-0.000195418
-0.000157622
-0.000124565
-9.58178e-05
-7.0966e-05
-4.96125e-05
-3.1383e-05
-1.59275e-05
-2.92236e-06
7.92962e-06
1.68988e-05
2.42295e-05
3.01412e-05
-0.00127051
-0.00113932
-0.00101575
-0.000900138
-0.000792631
-0.000693296
-0.000602093
-0.000518872
-0.000443397
-0.000375359
-0.000314393
-0.000260089
-0.000212008
-0.000169692
-0.000132677
-0.0001005
-7.27087e-05
-4.88668e-05
-2.85582e-05
-1.13919e-05
2.99639e-06
1.49427e-05
2.47542e-05
3.27096e-05
3.90592e-05
4.40275e-05
-0.00124942
-0.00111603
-0.000990608
-0.000873474
-0.000764776
-0.000664571
-0.000572803
-0.000489303
-0.000413809
-0.000345987
-0.000285444
-0.000231742
-0.000184414
-0.000142975
-0.000106937
-7.58119e-05
-4.91264e-05
-2.64242e-05
-7.27239e-06
8.73504e-06
2.19751e-05
3.27945e-05
4.1509e-05
4.84039e-05
5.3735e-05
5.77299e-05
-0.00122238
-0.00108742
-0.000960735
-0.000842636
-0.000733269
-0.000632677
-0.00054079
-0.000457417
-0.000382274
-0.000315001
-0.000255178
-0.000202341
-0.000155998
-0.00011564
-8.07542e-05
-5.08325e-05
-2.53816e-05
-3.92808e-06
1.39758e-05
2.87492e-05
4.07799e-05
5.04234e-05
5.80027e-05
6.38084e-05
6.80999e-05
7.11073e-05
-0.00119073
-0.00105471
-0.000927248
-0.000808644
-0.000699035
-0.000598456
-0.000506817
-0.000423906
-0.000349415
-0.000282961
-0.000224099
-0.000172341
-0.000127171
-8.80555e-05
-5.44622e-05
-2.58637e-05
-1.74901e-06
1.83705e-05
3.4956e-05
4.84378e-05
5.92132e-05
6.76451e-05
7.40624e-05
7.876e-05
8.20001e-05
8.40143e-05
-0.00115716
-0.00102011
-0.000891926
-0.000772896
-0.000663144
-0.000562689
-0.000471419
-0.000389099
-0.000315396
-0.000249899
-0.000192138
-0.000141597
-9.77351e-05
-5.99966e-05
-2.78252e-05
-6.73547e-07
2.19876e-05
4.06631e-05
5.58281e-05
6.79246e-05
7.73596e-05
8.45038e-05
8.96918e-05
9.32228e-05
9.53601e-05
9.63405e-05
-0.00111425
-0.000977296
-0.000849479
-0.000731049
-0.000622122
-0.000522692
-0.000432618
-0.000351637
-0.000279391
-0.000215442
-0.000159294
-0.00011041
-6.82252e-05
-3.21662e-05
-1.65927e-06
2.38574e-05
4.49258e-05
6.20608e-05
7.57459e-05
8.64294e-05
9.45227e-05
0.000100399
0.000104396
0.00010681
0.000107903
0.000107909
)
;

boundaryField
{
    down
    {
        type            symmetryPlane;
    }
    right
    {
        type            fixedValue;
        value           nonuniform List<scalar> 0();
    }
    up
    {
        type            symmetryPlane;
    }
    left
    {
        type            zeroGradient;
    }
    cylinder
    {
        type            zeroGradient;
    }
    frontAndBack
    {
        type            empty;
    }
    procBoundary6to2
    {
        type            processor;
        value           nonuniform List<scalar> 
71
(
-0.00016469
-0.000154836
-0.000145368
-0.000136289
-0.000127598
-0.000119296
-0.000111382
-0.000103852
-9.67006e-05
-8.9922e-05
-8.35088e-05
-7.74527e-05
-7.17444e-05
-6.63738e-05
-6.13301e-05
-5.66018e-05
-5.2177e-05
-4.80434e-05
-4.41885e-05
-4.05996e-05
-3.72637e-05
-3.41681e-05
-3.13e-05
-2.86468e-05
-2.61962e-05
-2.39361e-05
-2.18546e-05
-1.99406e-05
-1.81828e-05
-1.65706e-05
-1.50941e-05
-1.37433e-05
-1.25092e-05
-1.13828e-05
-1.03558e-05
-9.42029e-06
-8.56893e-06
-7.79464e-06
-7.09092e-06
-6.4517e-06
-5.87133e-06
-5.34461e-06
-4.86669e-06
-4.43352e-06
-0.000671218
-0.000645161
-0.000619111
-0.000593181
-0.000567499
-0.000542162
-0.000517253
-0.000492848
-0.000469013
-0.000445806
-0.000423272
-0.000401452
-0.000380376
-0.000360067
-0.000345126
-0.000345126
-0.000325504
-0.000306759
-0.000288887
-0.000271873
-0.000255709
-0.000240374
-0.000225845
-0.0002121
-0.000199113
-0.000186856
-0.000175299
)
;
    }
    procBoundary6to5
    {
        type            processor;
        value           nonuniform List<scalar> 
80
(
-0.00115373
-0.00117224
-0.00120828
-0.00125986
-0.00117579
-0.00117579
-0.00124791
-0.00133121
-0.00125983
-0.00125983
-0.00125983
-0.00145551
-0.00148612
-0.00151484
-0.00153788
-0.00155367
-0.00156183
-0.0015622
-0.00155492
-0.00154041
-0.00151932
-0.00149246
-0.00146074
-0.00142506
-0.00138634
-0.0013454
-0.00130299
-0.00125973
-0.00121616
-0.0011727
-0.00112968
-0.00108736
-0.00104591
-0.00100546
-0.000966091
-0.000927865
-0.000890803
-0.000854915
-0.000820195
-0.000786631
-0.00133119
-0.00125982
-0.00124791
-0.00117579
-0.00117579
-0.00125986
-0.00120827
-0.00117224
-0.00115373
-0.000726194
-0.00075614
-0.000787032
-0.00081887
-0.000851652
-0.000885368
-0.000919994
-0.000955489
-0.00099179
-0.0010288
-0.00106639
-0.00110437
-0.00114251
-0.00118048
-0.0012179
-0.00125427
-0.00128902
-0.00132147
-0.0013509
-0.00137649
-0.00139742
-0.00141291
-0.00142225
-0.00142487
-0.00142043
-0.00140882
-0.00139024
-0.00136507
-0.00133476
-0.00130252
-0.00125982
)
;
    }
    procBoundary6to7
    {
        type            processor;
        value           nonuniform List<scalar> 
74
(
3.99801e-06
3.98294e-06
3.95286e-06
3.90784e-06
3.84801e-06
3.77355e-06
3.68462e-06
3.57893e-06
3.45557e-06
3.31732e-06
3.16458e-06
2.99781e-06
2.81752e-06
2.62426e-06
2.41861e-06
2.20119e-06
1.97265e-06
1.73368e-06
1.48498e-06
1.22728e-06
9.61341e-07
6.87944e-07
4.07878e-07
1.21947e-07
-1.69026e-07
-4.64223e-07
-7.62823e-07
-1.064e-06
-1.36693e-06
-1.6708e-06
-1.97478e-06
-2.27807e-06
-2.57993e-06
-2.87965e-06
-3.17634e-06
-3.46934e-06
-3.75773e-06
3.68471e-06
3.77363e-06
3.84807e-06
3.90789e-06
3.9529e-06
3.98297e-06
3.99801e-06
-3.75723e-06
-3.46902e-06
-3.17613e-06
-2.87936e-06
-2.5796e-06
-2.27776e-06
-1.97448e-06
-1.67051e-06
-1.36666e-06
-1.06373e-06
-7.62558e-07
-4.63961e-07
-1.68771e-07
1.22196e-07
4.0812e-07
6.88184e-07
9.6158e-07
1.22751e-06
1.48521e-06
1.7339e-06
1.97287e-06
2.2014e-06
2.41881e-06
2.62444e-06
2.81768e-06
2.99794e-06
3.16469e-06
3.31742e-06
3.45567e-06
3.57903e-06
)
;
    }
    procBoundary6to10
    {
        type            processor;
        value           nonuniform List<scalar> 
72
(
-0.000164692
-0.000154839
-0.000145371
-0.000136291
-0.000136291
-0.000129821
-0.000121607
-0.000113757
-0.000106271
-9.91436e-05
-9.23723e-05
-8.5951e-05
-7.98728e-05
-7.41301e-05
-6.8714e-05
-6.36154e-05
-5.88241e-05
-5.43295e-05
-5.01206e-05
-4.61858e-05
-4.25136e-05
-3.9092e-05
-3.5909e-05
-3.29529e-05
-3.02116e-05
-2.76735e-05
-2.5327e-05
-2.31608e-05
-2.11639e-05
-1.93258e-05
-1.76359e-05
-1.60845e-05
-1.46619e-05
-1.3359e-05
-1.21672e-05
-1.10781e-05
-1.00839e-05
-9.17712e-06
-8.35076e-06
-7.5982e-06
-6.91331e-06
-6.29043e-06
-5.72417e-06
-5.20954e-06
-4.74252e-06
-0.0007262
-0.000698018
-0.000669782
-0.000641624
-0.000613684
-0.000586081
-0.00055891
-0.000532262
-0.000506214
-0.000480835
-0.000456181
-0.0004323
-0.00040923
-0.000386998
-0.000365625
-0.000345125
-0.000325502
-0.000306758
-0.000288886
-0.000271875
-0.000255711
-0.000240376
-0.000225847
-0.000212103
-0.000199115
-0.000186858
-0.000175302
)
;
    }
    procBoundary6to11
    {
        type            processor;
        value           uniform -4.04051e-06;
    }
}


// ************************************************************************* //
